Well	Time (1/2 s)	Block Temp	Sample Temp	Repetition	PCR Stage	Extension	Scale	B1	B2	B3	B4	B5	B6	B7	B8	B9	B10	B11	B12	B13	B14	B15	B16	B17	B18	B19	B20	B21	B22	B23	B24	B25	B26	B27	B28	B29	B30	B31	B32
157	101	95.5	94.8	1	0	0	2	889	1029	1362	1893	2511	3120	3474	3597	3594	3452	3278	3060	2868	2645	2463	2354	2336	2418	2684	2990	3337	3520	3607	3515	3384	3205	3023	2797	2600	2432	2244	2122	
157	119	95.0	95.0	1	0	0	2	897	1024	1328	1859	2444	3054	3344	3478	3508	3364	3232	2995	2780	2552	2403	2345	2295	2420	2658	2975	3319	3482	3559	3480	3343	3213	2972	2786	2580	2416	2248	2100	
157	136	95.0	95.0	1	0	0	2	899	1021	1340	1855	2470	2999	3378	3508	3467	3376	3189	3003	2794	2561	2427	2322	2312	2428	2673	2985	3286	3488	3606	3539	3348	3155	3003	2776	2584	2402	2242	2110	
157	153	95.0	95.0	1	0	0	2	949	1023	1328	1875	2476	3031	3394	3518	3504	3413	3212	3009	2776	2566	2418	2342	2305	2412	2685	2987	3286	3468	3542	3473	3324	3157	2985	2784	2589	2392	2236	2107	
157	170	95.0	95.0	1	0	0	2	912	1033	1345	1862	2493	3009	3422	3509	3484	3367	3215	3024	2788	2578	2429	2327	2294	2421	2664	2989	3292	3483	3578	3501	3339	3179	3016	2803	2600	2441	2274	2086	
157	188	95.0	95.0	1	0	0	2	909	1019	1358	1884	2459	3039	3392	3511	3512	3425	3232	3017	2797	2615	2436	2345	2311	2433	2677	3005	3318	3485	3535	3518	3356	3184	3001	2804	2584	2443	2249	2100	
157	205	94.9	95.0	1	0	0	2	891	1033	1343	1880	2452	3052	3399	3514	3536	3409	3215	3006	2812	2578	2424	2342	2308	2426	2665	2982	3350	3496	3583	3501	3383	3191	3013	2805	2593	2412	2224	2119	
157	222	95.0	95.0	1	0	0	2	906	1026	1351	1875	2493	3033	3427	3539	3517	3401	3246	3047	2821	2592	2459	2337	2321	2454	2665	3006	3281	3508	3590	3548	3359	3230	3002	2780	2574	2430	2285	2141	
157	239	95.0	95.0	1	0	0	2	885	1021	1357	1867	2455	3046	3383	3554	3526	3433	3235	3053	2824	2574	2449	2336	2300	2412	2632	2989	3330	3521	3618	3487	3347	3192	3008	2771	2597	2436	2269	2128	
157	257	94.9	95.0	1	0	0	2	892	1030	1330	1863	2464	3002	3415	3541	3544	3444	3234	3045	2808	2583	2431	2333	2337	2444	2687	2994	3290	3524	3575	3503	3364	3222	3017	2818	2617	2398	2268	2130	
157	274	95.0	95.0	1	0	0	2	898	1030	1350	1871	2491	3032	3429	3545	3535	3422	3224	3015	2833	2588	2423	2324	2318	2467	2686	2999	3333	3465	3616	3475	3374	3216	3015	2784	2610	2468	2280	2121	
157	291	95.0	95.0	1	0	0	2	899	1024	1357	1877	2482	3071	3450	3547	3544	3399	3228	3042	2836	2620	2443	2324	2326	2435	2676	3015	3318	3540	3571	3506	3399	3190	3018	2787	2619	2457	2294	2141	
157	308	95.0	95.0	1	0	0	2	899	1036	1346	1870	2489	3045	3446	3582	3574	3455	3233	3070	2839	2624	2443	2352	2322	2448	2708	3003	3360	3543	3592	3514	3359	3198	3059	2836	2620	2416	2297	2101	
157	326	95.0	95.0	1	0	0	2	893	1028	1339	1868	2496	3056	3420	3578	3543	3447	3248	3038	2866	2601	2426	2336	2358	2442	2671	2993	3365	3558	3619	3559	3369	3230	3046	2837	2616	2429	2285	2149	
157	343	95.0	95.0	1	0	0	2	895	1037	1343	1883	2478	3052	3436	3562	3555	3441	3270	3052	2821	2596	2439	2376	2331	2425	2691	3017	3370	3595	3606	3513	3380	3226	3037	2825	2599	2434	2300	2131	
157	360	95.0	95.0	1	0	0	2	891	1030	1347	1877	2512	3076	3496	3568	3545	3491	3250	3055	2838	2627	2467	2372	2347	2451	2700	3027	3371	3533	3622	3532	3389	3194	3015	2842	2629	2450	2277	2152	
157	377	95.0	95.0	1	0	0	2	905	1028	1370	1875	2476	3041	3420	3590	3544	3436	3243	3048	2829	2629	2444	2333	2327	2451	2684	3019	3313	3550	3615	3525	3395	3205	3031	2816	2608	2436	2275	2140	
157	395	95.0	95.0	1	0	0	2	908	1035	1357	1876	2496	3128	3418	3608	3580	3468	3250	3035	2845	2612	2469	2360	2334	2436	2722	3026	3348	3549	3597	3565	3392	3218	3030	2800	2683	2437	2286	2125	
157	412	95.0	95.0	1	0	0	2	900	1035	1336	1885	2519	3093	3460	3598	3593	3455	3270	3074	2832	2612	2476	2367	2354	2468	2706	2998	3375	3583	3616	3546	3442	3228	3024	2823	2625	2452	2289	2133	
157	429	95.0	95.0	1	0	0	2	900	1026	1356	1865	2502	3081	3443	3608	3586	3482	3271	3055	2842	2611	2475	2357	2342	2493	2725	2999	3332	3552	3620	3548	3399	3240	3034	2804	2642	2436	2261	2146	
157	446	94.9	95.0	1	0	0	2	908	1017	1359	1887	2519	3096	3435	3577	3588	3476	3265	3080	2860	2643	2457	2367	2389	2450	2704	3049	3363	3527	3650	3538	3388	3249	3030	2817	2624	2479	2276	2145	
157	464	94.9	95.0	1	0	0	2	910	1036	1343	1923	2496	3084	3429	3567	3569	3467	3265	3050	2868	2603	2458	2366	2357	2437	2760	3055	3305	3555	3623	3547	3394	3220	3039	2837	2622	2454	2307	2140	
157	481	95.0	95.0	1	0	0	2	891	1024	1360	1881	2508	3090	3467	3584	3573	3459	3274	3079	2848	2590	2462	2381	2335	2454	2700	3047	3360	3517	3652	3559	3392	3248	3064	2844	2648	2470	2305	2137	
157	498	94.9	95.0	1	0	0	2	888	1009	1344	1849	2519	3059	3477	3622	3607	3457	3297	3075	2849	2613	2486	2353	2327	2469	2713	3042	3372	3580	3625	3567	3397	3216	3040	2849	2637	2462	2282	2147	
157	515	94.9	95.0	1	0	0	2	902	1051	1348	1883	2497	3092	3445	3587	3582	3458	3284	3073	2840	2611	2492	2360	2331	2484	2750	3044	3351	3570	3632	3575	3411	3235	3074	2821	2627	2439	2298	2151	
157	533	94.9	95.0	1	0	0	2	898	1027	1372	1867	2542	3072	3465	3578	3592	3460	3305	3084	2863	2659	2460	2351	2382	2464	2725	3031	3372	3549	3606	3565	3396	3254	3037	2825	2632	2434	2312	2168	
157	550	94.9	95.0	1	0	0	2	888	1026	1352	1902	2514	3093	3444	3631	3580	3468	3301	3081	2873	2655	2465	2360	2388	2494	2720	3052	3363	3592	3668	3577	3440	3252	3081	2836	2645	2454	2330	2144	
157	567	95.0	95.0	1	0	0	2	899	1025	1353	1885	2516	3068	3450	3599	3593	3475	3277	3070	2869	2638	2480	2369	2335	2454	2732	3027	3363	3536	3649	3553	3390	3246	3058	2858	2646	2447	2306	2145	
157	584	94.9	95.0	1	0	0	2	901	1055	1353	1901	2514	3083	3463	3615	3614	3486	3276	3092	2850	2636	2481	2366	2348	2465	2730	3037	3335	3567	3650	3545	3400	3243	3081	2837	2625	2481	2299	2142	
157	602	94.9	95.0	1	0	0	2	902	1020	1359	1914	2505	3079	3471	3604	3577	3481	3308	3078	2875	2618	2457	2377	2356	2472	2742	3027	3416	3583	3612	3575	3426	3265	3085	2830	2637	2474	2294	2155	
157	619	95.0	95.0	1	0	0	2	904	1021	1352	1897	2517	3096	3463	3625	3624	3452	3297	3069	2853	2634	2492	2357	2358	2451	2731	3032	3363	3592	3707	3589	3415	3251	3026	2822	2624	2450	2274	2166	
157	636	94.9	95.0	1	0	0	2	897	1028	1355	1872	2511	3101	3469	3614	3641	3485	3328	3088	2855	2630	2474	2352	2369	2477	2746	3010	3387	3581	3596	3552	3412	3276	3069	2856	2631	2453	2369	2153	
157	653	95.0	95.0	1	0	0	2	890	1021	1366	1904	2545	3085	3483	3638	3573	3533	3310	3109	2863	2638	2491	2385	2350	2491	2694	3054	3375	3548	3600	3546	3431	3274	3059	2839	2654	2453	2294	2164	
157	671	95.0	95.0	1	0	0	2	905	1036	1368	1884	2520	3108	3526	3653	3598	3495	3302	3083	2874	2639	2466	2388	2353	2479	2753	3032	3389	3566	3637	3580	3426	3266	3071	2863	2612	2466	2322	2108	
157	688	95.0	95.0	1	0	0	2	904	1042	1357	1886	2537	3105	3480	3623	3621	3485	3303	3102	2871	2656	2496	2382	2357	2526	2740	3022	3399	3580	3693	3564	3464	3246	3045	2825	2633	2440	2302	2160	
157	705	95.0	95.0	1	0	0	2	901	1030	1374	1904	2507	3108	3495	3657	3619	3503	3319	3114	2864	2630	2486	2392	2364	2464	2724	3080	3349	3598	3628	3614	3426	3254	3080	2846	2624	2465	2302	2157	
157	722	94.9	95.0	1	0	0	2	899	1025	1364	1900	2530	3101	3498	3624	3605	3508	3332	3102	2897	2640	2506	2368	2355	2457	2732	3033	3395	3655	3660	3592	3426	3247	3074	2821	2636	2447	2303	2151	
157	740	94.9	95.0	1	0	0	2	912	1022	1357	1913	2529	3123	3476	3630	3592	3482	3312	3089	2877	2643	2494	2400	2362	2450	2736	3042	3364	3550	3638	3532	3432	3270	3071	2840	2633	2468	2296	2154	
157	757	95.0	95.0	1	0	0	2	899	1024	1361	1883	2531	3099	3474	3613	3634	3482	3292	3081	2888	2646	2497	2388	2363	2466	2747	3044	3350	3585	3647	3599	3456	3248	3048	2841	2653	2458	2319	2148	
157	774	95.0	95.0	1	0	0	2	893	1025	1365	1883	2549	3096	3495	3644	3621	3512	3296	3094	2878	2666	2493	2390	2367	2505	2727	3055	3367	3565	3654	3586	3430	3279	3092	2843	2642	2470	2320	2148	
157	791	95.0	95.0	1	0	0	2	907	1024	1354	1910	2532	3113	3490	3636	3625	3518	3322	3086	2872	2638	2466	2388	2330	2466	2732	3049	3385	3575	3658	3597	3421	3278	3053	2821	2604	2468	2295	2142	
157	809	95.0	95.0	1	0	0	2	902	1022	1341	1886	2542	3105	3503	3667	3612	3530	3368	3090	2893	2659	2500	2376	2369	2480	2744	3058	3414	3576	3638	3585	3424	3258	3090	2862	2629	2467	2324	2166	
157	826	95.0	95.0	1	0	0	2	899	1024	1369	1868	2538	3120	3475	3617	3638	3506	3324	3111	2871	2619	2493	2375	2371	2490	2809	3064	3395	3565	3633	3602	3448	3251	3074	2860	2638	2474	2298	2132	
157	843	95.0	95.0	1	0	0	2	894	1036	1357	1909	2530	3126	3500	3628	3635	3532	3353	3076	2877	2640	2477	2381	2345	2491	2724	3065	3378	3586	3690	3547	3429	3250	3094	2850	2628	2459	2326	2170	
157	860	95.0	95.0	1	0	0	2	907	1026	1357	1907	2553	3125	3488	3632	3626	3524	3302	3122	2873	2670	2507	2410	2344	2494	2747	3055	3381	3589	3656	3578	3421	3287	3062	2860	2640	2456	2332	2191	
157	878	94.9	95.0	1	0	0	2	903	1014	1361	1885	2508	3144	3498	3639	3620	3519	3307	3129	2895	2651	2510	2394	2367	2476	2749	3045	3395	3549	3668	3598	3421	3271	3067	2864	2669	2474	2315	2172	
157	895	95.0	95.0	1	0	0	2	900	1035	1351	1907	2525	3160	3509	3623	3652	3503	3360	3136	2883	2680	2500	2390	2361	2482	2781	3072	3408	3582	3683	3564	3427	3271	3095	2893	2672	2450	2308	2153	
157	912	95.0	95.0	1	0	0	2	910	1038	1375	1910	2524	3120	3483	3635	3650	3516	3340	3124	2917	2635	2536	2416	2373	2499	2750	3094	3427	3605	3703	3608	3449	3282	3069	2837	2641	2456	2323	2160	
157	929	95.0	95.0	1	0	0	2	902	1036	1363	1911	2560	3112	3505	3620	3657	3496	3319	3115	2894	2640	2500	2396	2365	2485	2748	3034	3427	3555	3636	3602	3422	3243	3082	2856	2658	2467	2298	2178	
157	947	95.0	95.0	1	0	0	2	895	1017	1367	1899	2556	3134	3524	3670	3660	3516	3338	3155	2899	2679	2484	2378	2382	2490	2763	3069	3396	3581	3649	3610	3457	3266	3079	2864	2637	2474	2332	2191	
157	964	95.0	95.0	1	0	0	2	906	1031	1371	1940	2536	3111	3504	3646	3619	3509	3318	3117	2876	2639	2500	2384	2380	2493	2720	3072	3385	3558	3660	3580	3413	3262	3060	2836	2639	2489	2314	2175	
157	981	94.9	95.0	1	0	0	2	908	1041	1364	1914	2545	3138	3508	3600	3617	3544	3306	3105	2903	2629	2502	2390	2382	2481	2732	3050	3407	3581	3691	3559	3416	3266	3074	2838	2605	2469	2310	2140	
157	998	94.9	95.0	1	0	0	2	905	1029	1346	1921	2537	3133	3480	3646	3624	3497	3354	3114	2893	2686	2476	2383	2374	2479	2734	3067	3388	3612	3665	3631	3430	3286	3050	2852	2652	2480	2317	2173	
157	1016	95.0	95.0	1	0	0	2	902	1034	1362	1937	2515	3117	3514	3662	3617	3511	3340	3123	2871	2652	2486	2385	2387	2515	2751	3060	3400	3586	3638	3553	3429	3257	3095	2873	2679	2444	2298	2162	
157	1033	95.0	95.0	1	0	0	2	909	1024	1365	1902	2515	3106	3473	3632	3640	3547	3351	3117	2882	2650	2482	2384	2376	2485	2743	3072	3372	3580	3684	3591	3429	3279	3076	2840	2665	2481	2326	2156	
157	1050	95.0	95.0	1	0	0	2	889	1020	1354	1884	2514	3116	3497	3668	3644	3536	3342	3132	2892	2659	2507	2390	2376	2487	2735	3059	3384	3632	3657	3599	3466	3283	3065	2847	2656	2512	2321	2159	
157	1067	94.9	95.0	1	0	0	2	891	1036	1361	1894	2535	3135	3503	3658	3657	3521	3334	3139	2904	2645	2487	2381	2379	2480	2737	3076	3385	3584	3662	3632	3443	3264	3061	2854	2635	2458	2305	2177	
157	1085	95.0	95.0	1	0	0	2	902	1020	1356	1909	2544	3104	3503	3662	3632	3508	3306	3104	2903	2673	2496	2414	2361	2492	2742	3050	3432	3606	3652	3588	3440	3251	3093	2867	2650	2478	2311	2175	
157	1102	95.0	95.0	1	0	0	2	900	1038	1367	1881	2545	3156	3493	3654	3628	3547	3315	3130	2879	2671	2517	2370	2360	2514	2733	3055	3373	3561	3671	3620	3428	3257	3082	2835	2655	2449	2324	2164	
157	1119	94.9	95.0	1	0	0	2	896	1021	1364	1914	2555	3151	3479	3640	3658	3511	3366	3113	2910	2665	2524	2399	2366	2473	2729	3047	3368	3596	3688	3603	3455	3271	3081	2859	2636	2470	2305	2184	
157	1136	94.9	95.0	1	0	0	2	908	1035	1359	1897	2540	3103	3532	3657	3666	3508	3359	3132	2881	2691	2506	2405	2378	2480	2755	3080	3391	3616	3646	3595	3456	3280	3092	2856	2641	2442	2298	2192	
157	1154	95.0	95.0	1	0	0	2	920	1028	1369	1891	2545	3117	3495	3709	3617	3555	3376	3114	2922	2647	2512	2398	2366	2502	2731	3074	3388	3567	3687	3566	3464	3297	3055	2863	2651	2470	2336	2168	
157	1171	94.9	95.0	1	0	0	2	907	1017	1356	1883	2578	3138	3525	3684	3662	3540	3332	3115	2917	2695	2509	2383	2400	2485	2755	3080	3406	3628	3627	3586	3358	3280	3081	2888	2664	2476	2309	2173	
157	1188	95.0	95.0	1	0	0	2	902	990	1353	1906	2541	3119	3529	3636	3648	3501	3348	3105	2862	2653	2547	2381	2392	2529	2744	3051	3383	3609	3675	3563	3424	3300	3093	2855	2664	2471	2325	2180	
157	1205	95.0	95.0	1	0	0	2	901	1021	1386	1916	2551	3136	3514	3665	3671	3525	3351	3092	2915	2682	2485	2381	2385	2506	2752	3043	3403	3594	3684	3594	3450	3254	3067	2883	2655	2472	2315	2172	
157	1223	95.0	95.0	1	0	0	2	890	1020	1373	1893	2527	3140	3529	3665	3654	3541	3334	3134	2916	2683	2525	2396	2385	2514	2753	3063	3400	3592	3659	3588	3473	3286	3059	2898	2661	2456	2316	2150	
157	1240	94.9	95.0	1	0	0	2	896	1014	1390	1864	2560	3113	3500	3655	3621	3520	3309	3140	2882	2672	2523	2374	2365	2496	2749	3062	3392	3585	3690	3601	3421	3260	3071	2865	2668	2466	2316	2176	
157	1257	95.0	95.0	1	0	0	2	929	1022	1369	1898	2545	3128	3535	3661	3629	3526	3333	3141	2891	2658	2480	2427	2364	2477	2739	3065	3409	3578	3681	3555	3489	3236	3068	2856	2654	2486	2278	2170	
157	1274	94.9	95.0	1	0	0	2	914	1025	1373	1928	2552	3129	3529	3651	3642	3550	3340	3167	2910	2668	2494	2406	2404	2520	2751	3089	3412	3599	3684	3577	3448	3275	3094	2863	2622	2461	2341	2167	
157	1292	95.0	95.0	1	0	0	2	914	1032	1388	1915	2520	3147	3532	3660	3634	3539	3366	3088	2938	2649	2520	2373	2388	2462	2746	3048	3404	3556	3658	3589	3477	3281	3089	2886	2655	2468	2305	2144	
157	1320	95.0	95.0	1	1	0	2	906	1030	1369	1916	2517	3154	3537	3665	3672	3521	3306	3125	2879	2663	2505	2383	2379	2483	2759	3072	3368	3583	3671	3577	3444	3243	3075	2853	2650	2467	2309	2178	
157	1382	59.7	60.4	1	1	1	2	959	1225	1935	3032	4384	5457	6132	6283	6214	5873	5422	4955	4480	4021	3674	3380	3160	3216	3466	3808	4255	4568	4625	4511	4328	3999	3749	3458	3132	2864	2704	2481	
157	1400	60.0	60.0	1	1	1	2	966	1236	1954	3072	4402	5518	6193	6344	6247	5905	5425	4930	4552	4064	3664	3375	3193	3237	3494	3870	4277	4570	4612	4520	4338	4069	3760	3435	3140	2872	2656	2482	
157	1417	59.9	60.0	1	1	1	2	959	1243	1962	3097	4356	5560	6227	6365	6233	5900	5487	5037	4534	4071	3658	3375	3216	3215	3460	3822	4264	4568	4663	4547	4337	4023	3762	3411	3146	2881	2701	2480	
157	1434	60.0	60.0	1	1	1	2	971	1258	1922	3066	4401	5530	6208	6382	6310	5874	5453	5005	4479	4035	3655	3367	3176	3219	3471	3880	4251	4526	4642	4534	4295	4029	3758	3443	3141	2888	2695	2521	
157	1451	60.0	60.0	1	1	1	2	961	1255	1962	3124	4441	5545	6220	6377	6204	5883	5456	5004	4520	4028	3673	3366	3198	3246	3502	3882	4273	4517	4619	4561	4300	4055	3760	3473	3132	2908	2709	2475	
157	1469	60.0	60.0	1	1	1	2	968	1235	1945	3078	4387	5542	6224	6356	6273	5922	5445	4954	4509	4043	3670	3360	3213	3247	3496	3858	4272	4500	4620	4521	4299	4029	3769	3472	3159	2899	2716	2452	
157	1486	60.0	60.0	1	1	1	2	970	1238	1961	3063	4378	5546	6217	6340	6205	5932	5466	4949	4522	4016	3664	3355	3181	3233	3472	3854	4275	4498	4625	4516	4299	4046	3779	3450	3170	2914	2665	2492	
157	1548	95.4	94.7	2	1	0	2	856	1053	1370	1936	2589	3202	3620	3755	3716	3637	3437	3182	2980	2744	2527	2443	2404	2505	2821	3115	3470	3679	3744	3648	3518	3304	3123	2899	2692	2513	2373	2215	
157	1566	95.0	95.0	2	1	0	2	897	1022	1370	1934	2543	3148	3553	3684	3718	3549	3391	3152	2924	2690	2532	2405	2398	2480	2749	3089	3427	3613	3716	3633	3491	3297	3104	2890	2668	2508	2338	2187	
157	1628	59.7	60.4	2	1	1	2	969	1237	1959	3077	4357	5557	6197	6376	6186	5928	5488	4967	4512	4046	3680	3368	3181	3230	3464	3878	4309	4538	4618	4515	4312	4062	3777	3501	3162	2912	2675	2508	
157	1646	59.9	60.0	2	1	1	2	978	1234	1941	3117	4395	5563	6221	6396	6231	5861	5492	4977	4563	4057	3675	3402	3200	3245	3506	3868	4272	4558	4652	4521	4335	4065	3781	3434	3157	2911	2692	2492	
157	1663	60.0	60.0	2	1	1	2	997	1225	1994	3050	4408	5555	6243	6368	6265	5918	5438	4952	4536	4049	3673	3353	3212	3216	3484	3865	4284	4565	4634	4585	4313	4080	3759	3468	3152	2910	2673	2495	
157	1680	60.0	60.0	2	1	1	2	976	1238	1957	3083	4419	5539	6213	6413	6244	5915	5423	4970	4520	4020	3630	3371	3220	3217	3493	3832	4282	4572	4628	4546	4333	4051	3768	3458	3143	2926	2695	2491	
157	1697	60.0	60.0	2	1	1	2	961	1237	1951	3059	4393	5556	6240	6398	6215	5928	5478	5004	4504	4066	3645	3348	3182	3227	3497	3873	4304	4508	4641	4499	4317	4062	3796	3471	3156	2914	2704	2486	
157	1715	59.9	60.0	2	1	1	2	971	1248	1965	3070	4414	5553	6214	6395	6233	5907	5453	4998	4546	4029	3643	3392	3191	3287	3500	3862	4283	4548	4653	4537	4276	4052	3777	3428	3149	2924	2685	2480	
157	1732	60.0	60.0	2	1	1	2	970	1241	1976	3086	4388	5541	6180	6348	6255	5919	5436	4986	4510	3994	3664	3372	3178	3209	3476	3878	4301	4507	4634	4529	4330	4064	3759	3436	3145	2896	2679	2498	
157	1794	95.3	94.9	3	1	0	2	901	1065	1373	1931	2578	3177	3602	3763	3739	3622	3436	3196	2956	2729	2548	2421	2425	2528	2780	3103	3444	3638	3729	3677	3511	3344	3102	2900	2692	2510	2340	2192	
157	1812	95.0	95.0	3	1	0	2	899	1042	1377	1929	2577	3168	3536	3732	3678	3540	3345	3128	2946	2676	2533	2411	2375	2514	2793	3092	3404	3614	3705	3633	3456	3319	3120	2888	2678	2524	2342	2180	
157	1875	59.7	60.2	3	1	1	2	958	1242	1950	3063	4406	5527	6252	6363	6257	5924	5460	4989	4566	4051	3678	3347	3185	3258	3498	3857	4288	4561	4647	4577	4299	4029	3820	3439	3131	2913	2705	2484	
157	1892	59.9	60.1	3	1	1	2	962	1257	1958	3081	4402	5564	6220	6383	6298	5888	5466	4999	4500	4048	3692	3393	3231	3239	3499	3843	4296	4538	4628	4564	4323	4048	3760	3518	3178	2921	2719	2504	
157	1909	59.9	60.0	3	1	1	2	980	1238	1955	3083	4412	5549	6246	6409	6269	5942	5466	4978	4552	4033	3700	3370	3173	3227	3520	3813	4276	4549	4625	4557	4374	4044	3790	3480	3184	2895	2701	2514	
157	1926	59.9	60.0	3	1	1	2	980	1248	1952	3100	4387	5586	6184	6380	6227	5922	5480	5007	4545	4092	3684	3369	3196	3221	3456	3861	4269	4551	4632	4547	4328	4068	3812	3458	3147	2892	2695	2492	
157	1944	60.0	60.0	3	1	1	2	951	1259	1950	3071	4404	5545	6254	6425	6242	5936	5471	5019	4521	4106	3710	3387	3190	3271	3517	3853	4294	4606	4625	4550	4328	4092	3767	3476	3129	2898	2682	2516	
157	1961	59.9	60.0	3	1	1	2	966	1238	1968	3089	4427	5561	6238	6418	6210	5897	5492	5007	4518	4015	3704	3389	3200	3242	3518	3880	4271	4533	4657	4538	4315	4065	3773	3465	3175	2902	2702	2484	
157	1978	60.0	60.0	3	1	1	2	972	1256	1938	3103	4405	5545	6202	6367	6298	5906	5486	4994	4497	4052	3733	3439	3195	3242	3517	3846	4319	4573	4647	4571	4313	4053	3740	3467	3154	2905	2708	2508	
157	2041	95.3	94.9	4	1	0	2	914	1049	1398	1919	2595	3213	3633	3773	3756	3644	3459	3165	2969	2737	2517	2452	2396	2534	2799	3096	3442	3624	3709	3619	3493	3342	3107	2900	2667	2497	2364	2171	
157	2058	95.0	95.0	4	1	0	2	904	1016	1394	1909	2570	3143	3567	3716	3713	3603	3377	3129	2936	2697	2527	2402	2384	2540	2792	3101	3442	3646	3709	3654	3487	3264	3067	2865	2667	2491	2348	2182	
157	2121	59.7	60.2	4	1	1	2	934	1261	1954	3098	4372	5529	6235	6398	6219	5893	5452	5012	4516	4048	3673	3397	3210	3228	3486	3855	4212	4526	4644	4555	4342	4057	3743	3446	3158	2902	2684	2524	
157	2138	59.9	60.0	4	1	1	2	971	1253	1934	3091	4398	5532	6237	6367	6225	5895	5449	4995	4520	4026	3713	3400	3213	3218	3495	3880	4268	4533	4643	4541	4313	4066	3788	3460	3188	2899	2685	2486	
157	2155	60.0	60.0	4	1	1	2	969	1245	1966	3061	4417	5526	6216	6371	6194	5896	5452	4945	4524	4022	3691	3361	3196	3232	3458	3836	4288	4535	4642	4561	4246	4071	3783	3455	3149	2891	2671	2514	
157	2172	59.9	60.0	4	1	1	2	961	1264	1954	3073	4417	5512	6178	6392	6222	5884	5442	4992	4482	4037	3704	3369	3175	3254	3480	3858	4281	4578	4618	4558	4331	4055	3760	3475	3125	2893	2688	2502	
157	2190	59.9	60.0	4	1	1	2	986	1250	1939	3082	4372	5567	6210	6343	6272	5899	5480	4998	4507	4049	3686	3389	3174	3233	3482	3878	4288	4499	4606	4558	4323	4058	3766	3489	3151	2887	2693	2518	
157	2207	59.9	60.0	4	1	1	2	979	1249	1946	3061	4398	5540	6224	6361	6212	5883	5465	4987	4488	4032	3680	3364	3197	3245	3484	3870	4240	4530	4624	4538	4306	4086	3753	3398	3157	2888	2679	2481	
157	2224	60.0	60.0	4	1	1	2	951	1245	1939	3132	4396	5531	6144	6358	6278	5867	5473	4987	4513	4038	3664	3358	3209	3212	3479	3852	4245	4558	4650	4556	4294	4054	3765	3443	3191	2933	2698	2505	
157	2287	95.3	95.0	5	1	0	2	889	1031	1381	1913	2595	3198	3624	3703	3732	3596	3407	3187	2956	2702	2555	2451	2394	2521	2765	3080	3426	3631	3703	3629	3486	3295	3092	2879	2640	2498	2334	2146	
157	2304	95.0	95.0	5	1	0	2	899	1024	1368	1938	2569	3151	3507	3690	3683	3559	3365	3124	2940	2669	2528	2435	2395	2514	2764	3060	3414	3595	3677	3638	3432	3246	3098	2900	2674	2508	2350	2196	
157	2367	59.7	60.2	5	1	1	2	963	1227	1974	3060	4340	5509	6199	6400	6223	5894	5403	4959	4504	4033	3650	3368	3200	3218	3481	3857	4269	4554	4648	4471	4276	4053	3759	3458	3144	2912	2710	2530	
157	2384	59.9	60.0	5	1	1	2	971	1238	1955	3071	4379	5516	6193	6364	6172	5886	5459	4998	4513	4012	3627	3352	3184	3229	3490	3861	4242	4554	4630	4527	4277	4065	3782	3457	3136	2896	2681	2486	
157	2401	59.9	60.0	5	1	1	2	972	1239	1959	3072	4389	5515	6224	6406	6257	5866	5424	4987	4550	4044	3712	3380	3191	3222	3473	3846	4287	4511	4637	4545	4345	4047	3775	3403	3134	2868	2692	2494	
157	2418	60.0	60.0	5	1	1	2	965	1237	1959	3084	4363	5486	6227	6368	6182	5873	5453	5016	4479	4025	3652	3402	3214	3226	3509	3865	4285	4533	4604	4521	4330	4005	3750	3456	3169	2926	2690	2502	
157	2436	59.9	60.0	5	1	1	2	982	1248	1949	3102	4382	5558	6192	6371	6236	5869	5418	4971	4541	4025	3672	3374	3184	3252	3474	3848	4265	4545	4616	4545	4303	4092	3766	3457	3167	2881	2702	2488	
157	2453	60.0	60.0	5	1	1	2	975	1244	1955	3078	4367	5530	6133	6348	6235	5849	5443	4985	4520	4032	3678	3377	3185	3219	3471	3890	4258	4517	4676	4508	4314	4059	3762	3461	3136	2937	2701	2503	
157	2470	60.0	60.0	5	1	1	2	962	1242	1950	3057	4369	5501	6209	6357	6202	5853	5456	5003	4546	4030	3668	3375	3203	3211	3466	3833	4284	4560	4599	4562	4281	4069	3766	3473	3162	2912	2697	2502	
157	2533	95.3	94.9	6	1	0	2	903	1032	1391	1937	2583	3187	3547	3711	3758	3584	3386	3156	2982	2739	2531	2435	2411	2488	2742	3120	3434	3609	3714	3660	3465	3300	3104	2878	2681	2504	2313	2201	
157	2550	95.0	95.0	6	1	0	2	887	1038	1345	1916	2582	3156	3529	3663	3692	3567	3359	3158	2896	2682	2522	2425	2376	2496	2695	3092	3426	3624	3703	3588	3464	3297	3097	2867	2694	2483	2315	2165	
157	2613	59.7	60.2	6	1	1	2	970	1237	1948	3059	4362	5519	6145	6308	6264	5814	5402	4978	4506	4046	3643	3334	3170	3196	3488	3870	4263	4529	4571	4532	4283	4016	3701	3463	3143	2886	2679	2471	
157	2630	59.9	60.1	6	1	1	2	965	1259	1930	3068	4384	5501	6188	6335	6175	5868	5426	4968	4532	4019	3609	3347	3211	3242	3424	3811	4298	4547	4641	4550	4309	4066	3729	3442	3136	2911	2658	2500	
157	2647	59.9	60.0	6	1	1	2	966	1278	1936	3062	4368	5519	6175	6345	6199	5808	5439	4976	4523	4024	3674	3337	3176	3215	3478	3814	4260	4477	4602	4508	4307	4012	3752	3438	3145	2884	2692	2473	
157	2665	59.9	60.0	6	1	1	2	981	1245	1922	3060	4340	5552	6176	6330	6207	5851	5429	4932	4469	4040	3636	3350	3165	3208	3446	3812	4253	4515	4597	4484	4282	4025	3752	3434	3137	2889	2696	2488	
157	2682	60.0	60.0	6	1	1	2	954	1241	1967	3047	4342	5528	6177	6317	6134	5902	5442	4998	4469	4002	3650	3344	3178	3208	3419	3840	4246	4520	4642	4522	4276	4015	3761	3431	3144	2879	2661	2483	
157	2699	60.0	60.0	6	1	1	2	962	1240	1937	3010	4345	5497	6137	6304	6160	5839	5385	4927	4476	3999	3653	3365	3161	3206	3433	3811	4238	4449	4624	4471	4272	4048	3756	3417	3129	2889	2667	2488	
157	2716	60.0	60.0	6	1	1	2	978	1230	1963	3041	4376	5471	6155	6345	6179	5870	5422	4947	4478	4005	3617	3345	3162	3222	3449	3853	4244	4477	4607	4493	4267	4058	3766	3419	3112	2869	2673	2490	
157	2779	95.2	95.0	7	1	0	2	907	993	1362	1929	2596	3163	3611	3696	3727	3558	3367	3161	2957	2724	2543	2386	2414	2504	2784	3063	3442	3608	3690	3645	3458	3314	3101	2885	2670	2496	2328	2163	
157	2796	95.0	95.0	7	1	0	2	893	1024	1322	1926	2561	3149	3506	3660	3680	3579	3346	3152	2903	2669	2506	2394	2386	2461	2769	3064	3386	3574	3665	3600	3447	3267	3053	2844	2641	2452	2298	2155	
157	2859	59.6	60.4	7	1	1	2	973	1243	1927	3039	4316	5475	6165	6287	6149	5792	5437	4912	4467	4014	3641	3369	3156	3195	3424	3813	4230	4488	4585	4507	4269	4016	3723	3431	3136	2874	2690	2489	
157	2876	59.9	60.0	7	1	1	2	976	1231	1940	3046	4357	5517	6148	6303	6184	5812	5408	4943	4491	3997	3644	3340	3168	3208	3452	3810	4211	4501	4589	4505	4283	4032	3736	3434	3116	2866	2641	2456	
157	2894	59.9	60.0	7	1	1	2	964	1238	1945	3064	4357	5476	6181	6278	6199	5804	5409	4932	4465	4010	3623	3349	3160	3197	3433	3818	4216	4479	4577	4471	4262	4042	3736	3422	3145	2873	2674	2452	
157	2911	60.0	60.0	7	1	1	2	971	1243	1918	3009	4334	5447	6089	6293	6124	5803	5365	4914	4485	3998	3634	3348	3165	3186	3448	3791	4227	4529	4566	4548	4274	4026	3712	3449	3119	2899	2685	2450	
157	2928	59.9	60.0	7	1	1	2	958	1239	1945	3060	4362	5441	6131	6290	6206	5785	5356	4926	4476	4007	3670	3323	3171	3206	3482	3790	4194	4476	4546	4471	4289	4044	3743	3416	3120	2879	2635	2480	
157	2945	60.0	60.0	7	1	1	2	967	1236	1940	3029	4307	5446	6151	6352	6144	5814	5406	4942	4429	4010	3588	3340	3172	3186	3446	3834	4221	4476	4519	4492	4273	4020	3726	3418	3085	2860	2634	2482	
157	2963	59.9	60.0	7	1	1	2	965	1232	1926	2988	4313	5461	6078	6279	6082	5787	5380	4868	4491	3986	3612	3311	3138	3202	3472	3799	4204	4457	4556	4497	4260	3989	3709	3384	3100	2885	2645	2470	
157	3027	95.4	94.9	8	1	0	2	905	1064	1356	1910	2556	3147	3536	3677	3661	3569	3381	3130	2841	2663	2505	2414	2389	2494	2752	3071	3388	3581	3692	3581	3422	3274	3054	2884	2662	2463	2312	2172	
157	3044	95.0	95.0	8	1	0	2	919	1021	1360	1892	2525	3117	3492	3661	3646	3536	3308	3112	2909	2711	2469	2372	2377	2497	2764	3071	3365	3566	3655	3531	3433	3232	3096	2824	2664	2452	2323	2134	
157	3106	59.6	60.4	8	1	1	2	961	1242	1916	3012	4306	5436	6065	6263	6111	5763	5348	4917	4451	3957	3600	3330	3129	3157	3414	3796	4201	4442	4551	4453	4261	4029	3724	3429	3098	2883	2650	2454	
157	3123	60.0	60.1	8	1	1	2	967	1217	1919	3043	4296	5474	6078	6299	6116	5783	5349	4897	4473	3976	3605	3340	3171	3205	3452	3785	4197	4459	4586	4504	4251	3972	3695	3398	3100	2864	2632	2453	
157	3141	60.0	60.0	8	1	1	2	976	1224	1908	3013	4354	5432	6046	6230	6148	5727	5364	4925	4445	3997	3589	3346	3100	3187	3417	3816	4200	4444	4582	4479	4240	3964	3707	3396	3101	2844	2642	2466	
157	3158	60.0	60.0	8	1	1	2	953	1230	1960	3037	4336	5481	6116	6284	6177	5830	5384	4925	4438	3989	3607	3289	3164	3196	3451	3804	4180	4488	4581	4472	4263	4017	3738	3424	3130	2862	2674	2444	
157	3175	60.0	60.0	8	1	1	2	980	1245	1937	3044	4315	5495	6109	6231	6145	5820	5374	4916	4437	3970	3624	3316	3158	3175	3391	3777	4209	4477	4596	4473	4229	4001	3710	3384	3101	2848	2640	2430	
157	3192	60.0	60.0	8	1	1	2	927	1252	1947	3012	4302	5457	6085	6318	6095	5795	5369	4837	4439	3961	3601	3348	3174	3164	3445	3792	4228	4433	4552	4475	4248	3916	3730	3390	3101	2872	2664	2456	
157	3210	60.0	60.0	8	1	1	2	977	1228	1914	3052	4314	5429	6133	6272	6128	5791	5336	4896	4420	4006	3594	3312	3151	3200	3423	3821	4195	4448	4566	4466	4262	4017	3695	3416	3116	2858	2607	2454	
157	3272	95.5	94.7	9	1	0	2	900	1032	1372	1925	2564	3165	3565	3711	3675	3560	3352	3106	2919	2683	2532	2364	2372	2495	2713	3018	3424	3576	3647	3599	3454	3295	3059	2841	2644	2444	2307	2180	
157	3289	95.0	95.0	9	1	0	2	904	1026	1359	1929	2530	3123	3516	3631	3629	3500	3322	3120	2862	2658	2474	2417	2346	2448	2714	3062	3383	3539	3607	3555	3405	3232	3035	2826	2638	2471	2285	2150	
157	3352	59.6	60.4	9	1	1	2	969	1225	1904	2987	4324	5443	6061	6259	6085	5761	5306	4863	4456	3981	3625	3265	3140	3168	3404	3820	4216	4489	4579	4470	4206	3997	3690	3406	3099	2901	2692	2462	
157	3370	60.0	60.1	9	1	1	2	964	1228	1930	3012	4280	5441	6112	6224	6124	5755	5367	4885	4446	3974	3594	3280	3143	3184	3428	3778	4221	4416	4571	4448	4236	3982	3726	3427	3081	2853	2673	2468	
157	3387	59.9	60.0	9	1	1	2	952	1238	1946	3025	4274	5424	6089	6224	6104	5747	5322	4891	4476	4003	3601	3276	3145	3187	3405	3790	4192	4435	4557	4417	4214	4006	3716	3394	3148	2857	2621	2473	
157	3404	60.0	60.0	9	1	1	2	960	1234	1943	3022	4304	5420	6133	6257	6062	5761	5338	4895	4425	3998	3644	3289	3122	3177	3380	3759	4186	4436	4531	4503	4246	3985	3704	3378	3097	2867	2638	2481	
157	3421	60.0	60.0	9	1	1	2	965	1241	1914	3071	4277	5424	6082	6276	6080	5734	5354	4872	4441	3993	3611	3317	3109	3143	3428	3781	4178	4402	4573	4423	4242	3985	3714	3377	3096	2861	2628	2454	
157	3439	60.0	60.0	9	1	1	2	975	1241	1952	3035	4294	5436	6068	6239	6058	5800	5334	4867	4426	3946	3642	3298	3125	3147	3406	3765	4201	4438	4520	4461	4240	3998	3705	3385	3109	2849	2675	2440	
157	3456	60.0	60.0	9	1	1	2	956	1234	1913	3029	4304	5403	6094	6219	6103	5756	5344	4876	4402	3964	3601	3300	3124	3140	3445	3802	4198	4448	4524	4468	4216	3999	3694	3406	3095	2862	2667	2441	
157	3518	95.3	94.9	10	1	0	2	911	1020	1369	1897	2530	3124	3492	3679	3665	3528	3378	3144	2917	2677	2524	2385	2370	2478	2722	3036	3339	3566	3651	3558	3386	3232	3047	2839	2600	2437	2293	2153	
157	3535	95.0	95.0	10	1	0	2	912	1011	1361	1892	2539	3084	3467	3610	3586	3508	3286	3111	2888	2612	2516	2383	2348	2489	2726	3041	3336	3534	3589	3558	3376	3225	3031	2823	2631	2432	2273	2126	
157	3598	59.6	60.4	10	1	1	2	968	1232	1922	2982	4264	5412	6014	6236	6076	5742	5269	4828	4412	3960	3558	3293	3118	3159	3451	3787	4140	4463	4552	4428	4199	3993	3686	3384	3119	2806	2625	2465	
157	3616	59.9	60.0	10	1	1	2	955	1203	1923	3033	4294	5417	6038	6221	6081	5750	5325	4877	4415	3949	3596	3311	3106	3167	3427	3772	4175	4452	4551	4448	4209	3988	3689	3385	3107	2854	2636	2444	
157	3633	60.0	60.0	10	1	1	2	959	1253	1912	2983	4266	5369	6065	6204	6084	5723	5371	4887	4425	3945	3581	3286	3127	3163	3432	3788	4175	4449	4553	4432	4249	3953	3682	3315	3061	2853	2626	2437	
157	3650	59.9	60.0	10	1	1	2	973	1229	1934	3002	4285	5396	6092	6181	6104	5718	5333	4858	4416	3977	3580	3282	3124	3187	3418	3773	4179	4427	4514	4421	4202	3983	3688	3362	3068	2837	2592	2435	
157	3667	60.0	60.0	10	1	1	2	946	1234	1909	2979	4275	5408	6061	6267	6063	5729	5291	4853	4389	3926	3596	3337	3130	3161	3423	3758	4170	4437	4541	4443	4222	3979	3661	3369	3105	2872	2653	2433	
157	3685	60.0	60.0	10	1	1	2	968	1230	1919	3003	4274	5357	6053	6201	6049	5740	5318	4868	4388	3925	3576	3307	3107	3160	3403	3768	4131	4413	4498	4407	4234	3954	3693	3370	3090	2824	2625	2386	
157	3702	60.0	60.0	10	1	1	2	961	1232	1913	2994	4255	5382	6059	6170	6041	5769	5336	4832	4432	3945	3566	3316	3120	3157	3404	3762	4195	4439	4534	4385	4167	3988	3666	3370	3077	2884	2626	2434	
157	3764	95.5	94.7	11	1	0	2	903	1036	1369	1923	2547	3111	3512	3670	3663	3517	3354	3141	2901	2686	2501	2380	2358	2472	2708	3019	3376	3576	3642	3579	3401	3259	3042	2832	2638	2427	2310	2137	
157	3782	95.0	95.0	11	1	0	2	900	1026	1363	1901	2506	3062	3489	3609	3599	3494	3323	3112	2869	2604	2494	2372	2339	2465	2722	2981	3327	3538	3601	3528	3383	3230	3024	2848	2598	2429	2298	2141	
157	3844	59.7	60.4	11	1	1	2	955	1256	1911	2969	4239	5371	5975	6173	6013	5707	5287	4865	4412	3920	3605	3274	3128	3169	3400	3744	4115	4416	4517	4416	4191	3963	3686	3362	3077	2796	2639	2467	
157	3862	59.9	60.1	11	1	1	2	969	1216	1890	2990	4261	5397	6038	6183	6082	5736	5267	4864	4388	3924	3581	3256	3116	3145	3377	3746	4159	4365	4523	4432	4197	3937	3682	3365	3072	2806	2599	2452	
157	3879	60.0	60.0	11	1	1	2	975	1229	1914	3005	4259	5335	6028	6189	6004	5673	5315	4820	4395	3918	3585	3291	3121	3162	3379	3715	4198	4370	4502	4436	4228	3963	3657	3377	3099	2834	2618	2449	
157	3896	60.0	60.0	11	1	1	2	984	1234	1909	2986	4265	5368	6030	6163	6044	5764	5321	4814	4382	3963	3546	3280	3152	3114	3392	3750	4186	4360	4465	4411	4155	3922	3667	3365	3066	2802	2646	2451	
157	3913	60.0	60.0	11	1	1	2	960	1221	1915	3006	4228	5349	6033	6189	6069	5686	5308	4839	4392	3932	3584	3284	3098	3142	3403	3757	4167	4394	4482	4386	4180	3981	3673	3341	3047	2803	2643	2444	
157	3931	59.9	60.0	11	1	1	2	976	1226	1934	2996	4224	5424	6009	6218	6051	5735	5311	4830	4392	3933	3617	3252	3106	3167	3367	3739	4173	4377	4492	4411	4203	3947	3663	3353	3087	2812	2601	2437	
157	3948	60.0	60.0	11	1	1	2	952	1223	1908	2972	4248	5360	5988	6172	5988	5706	5309	4849	4408	3923	3583	3275	3099	3143	3393	3725	4140	4398	4494	4419	4209	3953	3666	3359	3074	2840	2601	2443	
157	4012	95.5	94.9	12	1	0	2	914	1028	1363	1907	2540	3126	3501	3677	3616	3518	3309	3098	2861	2635	2476	2366	2351	2486	2698	3008	3331	3560	3583	3502	3389	3245	3057	2813	2624	2440	2303	2151	
157	4030	95.0	95.0	12	1	0	2	900	1017	1367	1892	2516	3062	3440	3647	3616	3486	3273	3089	2864	2633	2453	2358	2315	2447	2679	3014	3311	3508	3568	3534	3343	3204	2987	2803	2608	2436	2272	2124	
157	4090	59.8	60.5	12	1	1	2	947	1219	1889	3006	4204	5336	5980	6141	6017	5617	5283	4841	4400	3930	3552	3323	3124	3135	3403	3756	4143	4413	4519	4421	4197	3928	3659	3352	3065	2839	2600	2411	
157	4108	59.9	60.1	12	1	1	2	964	1222	1915	2951	4263	5375	6022	6205	5999	5713	5247	4823	4355	3932	3529	3306	3104	3137	3367	3732	4153	4388	4497	4394	4169	3928	3661	3333	3060	2830	2637	2453	
157	4125	60.0	60.0	12	1	1	2	972	1222	1932	2961	4241	5343	6028	6150	6022	5656	5206	4817	4377	3868	3576	3286	3111	3164	3372	3752	4130	4392	4472	4417	4178	3956	3676	3339	3055	2819	2611	2425	
157	4142	60.0	60.0	12	1	1	2	965	1218	1898	2986	4234	5367	6016	6164	5964	5700	5264	4791	4345	3900	3598	3252	3148	3146	3388	3713	4122	4379	4473	4418	4189	3939	3621	3333	3058	2818	2623	2434	
157	4159	60.0	60.0	12	1	1	2	978	1232	1917	3011	4246	5346	6007	6162	5990	5630	5280	4833	4355	3924	3532	3295	3119	3132	3342	3713	4128	4412	4534	4390	4192	3971	3628	3360	3040	2844	2617	2415	
157	4177	60.0	60.0	12	1	1	2	968	1224	1929	2971	4260	5352	5953	6151	6024	5696	5237	4818	4366	3968	3554	3254	3081	3147	3386	3730	4133	4378	4491	4355	4175	3933	3664	3356	3071	2802	2598	2421	
157	4194	59.9	60.0	12	1	1	2	972	1227	1891	2985	4219	5300	6023	6143	5973	5696	5267	4811	4348	3902	3567	3255	3076	3141	3356	3730	4117	4400	4476	4381	4157	3933	3660	3337	3038	2800	2616	2454	
157	4256	95.5	94.7	13	1	0	2	890	1049	1369	1868	2552	3101	3547	3631	3639	3524	3344	3107	2866	2648	2470	2407	2341	2445	2692	3015	3306	3522	3579	3537	3389	3212	3018	2777	2602	2431	2294	2113	
157	4274	94.9	95.0	13	1	0	2	898	1026	1352	1868	2496	3081	3453	3580	3601	3458	3281	3097	2828	2637	2441	2372	2345	2444	2694	2971	3318	3476	3579	3495	3380	3192	2977	2776	2606	2407	2262	2127	
157	4337	59.6	60.2	13	1	1	2	966	1229	1938	2943	4213	5307	5941	6114	5952	5635	5282	4797	4356	3915	3590	3264	3095	3131	3355	3745	4116	4357	4480	4394	4205	3939	3631	3334	3088	2816	2599	2433	
157	4354	59.9	60.1	13	1	1	2	956	1233	1902	2998	4249	5299	5958	6130	5999	5658	5291	4839	4370	3911	3521	3248	3099	3130	3384	3710	4130	4371	4453	4384	4177	3885	3641	3340	3053	2828	2597	2482	
157	4371	60.0	60.0	13	1	1	2	959	1225	1891	2976	4242	5340	6005	6124	6043	5678	5249	4811	4366	3908	3560	3257	3095	3146	3409	3729	4157	4400	4454	4411	4125	3923	3656	3343	3062	2828	2604	2438	
157	4388	59.9	60.0	13	1	1	2	950	1218	1897	2994	4241	5324	5981	6137	5964	5710	5219	4795	4351	3917	3572	3273	3066	3124	3372	3722	4145	4360	4454	4372	4171	3891	3660	3345	3015	2820	2645	2431	
157	4406	60.0	60.0	13	1	1	2	961	1252	1906	2956	4246	5312	5972	6128	5987	5661	5226	4808	4383	3885	3528	3261	3098	3123	3378	3704	4068	4398	4485	4383	4159	3877	3626	3361	3073	2793	2611	2425	
157	4423	60.0	60.0	13	1	1	2	975	1234	1917	2940	4245	5329	5964	6109	5961	5672	5247	4786	4329	3864	3538	3235	3076	3098	3360	3697	4121	4342	4448	4374	4184	3965	3623	3316	3068	2773	2604	2431	
157	4440	60.0	60.0	13	1	1	2	964	1216	1900	2979	4205	5321	5916	6131	5998	5698	5289	4777	4352	3899	3533	3273	3082	3105	3370	3721	4197	4349	4448	4381	4161	3905	3609	3321	3040	2812	2615	2416	
157	4505	95.3	95.0	14	1	0	2	914	1021	1366	1874	2476	3115	3483	3585	3594	3464	3296	3083	2846	2648	2460	2360	2319	2456	2669	2996	3329	3498	3557	3521	3376	3182	2994	2792	2601	2412	2276	2143	
157	4522	95.0	95.0	14	1	0	2	890	1022	1367	1875	2510	3053	3448	3548	3548	3450	3277	3084	2821	2605	2455	2368	2333	2432	2690	2982	3257	3509	3533	3487	3363	3181	2966	2789	2587	2420	2239	2120	
157	4585	59.7	60.2	14	1	1	2	959	1210	1884	2970	4216	5285	5981	6114	5945	5575	5217	4823	4380	3886	3535	3271	3082	3108	3372	3700	4128	4322	4454	4432	4141	3885	3645	3357	3032	2825	2592	2385	
157	4602	59.9	60.1	14	1	1	2	960	1224	1898	2959	4224	5341	5953	6135	5958	5659	5225	4773	4353	3920	3565	3256	3093	3111	3366	3707	4114	4390	4458	4322	4128	3949	3651	3360	3046	2770	2632	2434	
157	4619	60.0	60.0	14	1	1	2	960	1219	1908	2967	4214	5267	5972	6130	6023	5669	5261	4778	4366	3901	3563	3259	3093	3108	3390	3690	4123	4377	4453	4359	4169	3936	3638	3370	3028	2768	2614	2415	
157	4636	60.0	60.0	14	1	1	2	958	1233	1901	2964	4193	5311	5979	6070	5950	5660	5225	4778	4373	3880	3541	3239	3103	3111	3316	3735	4133	4352	4456	4369	4166	3916	3609	3352	3034	2819	2600	2398	
157	4654	59.9	60.0	14	1	1	2	964	1223	1913	2974	4261	5311	5944	6102	5943	5656	5221	4813	4319	3872	3544	3205	3090	3133	3372	3690	4097	4344	4456	4367	4170	3886	3605	3340	3052	2773	2618	2409	
157	4671	60.0	60.0	14	1	1	2	947	1228	1869	2967	4220	5300	5900	6108	5966	5631	5206	4779	4307	3898	3545	3247	3085	3116	3359	3685	4115	4349	4420	4368	4122	3937	3638	3286	3047	2791	2608	2402	
157	4688	59.9	60.0	14	1	1	2	961	1220	1916	2967	4200	5271	5981	6075	5962	5655	5239	4778	4328	3880	3543	3236	3078	3114	3319	3700	4088	4350	4466	4349	4109	3899	3617	3324	3046	2785	2597	2386	
157	4753	95.3	95.0	15	1	0	2	900	1034	1353	1870	2486	3076	3445	3603	3611	3514	3293	3087	2852	2646	2464	2336	2321	2415	2681	2980	3321	3461	3587	3490	3345	3196	2990	2806	2609	2427	2254	2103	
157	4770	95.0	95.0	15	1	0	2	898	1021	1338	1859	2485	3047	3430	3569	3562	3427	3251	3061	2830	2608	2446	2343	2304	2424	2683	2998	3301	3457	3550	3466	3322	3157	2983	2776	2585	2408	2239	2116	
157	4833	59.7	60.2	15	1	1	2	937	1242	1873	2967	4155	5264	5885	6083	5930	5607	5220	4781	4334	3881	3553	3220	3083	3109	3358	3682	4117	4307	4464	4364	4166	3917	3643	3329	3015	2802	2596	2398	
157	4850	59.9	60.0	15	1	1	2	971	1226	1877	2945	4213	5285	5897	6065	5922	5632	5184	4772	4309	3847	3522	3232	3062	3114	3349	3710	4111	4317	4473	4335	4133	3878	3629	3317	3019	2810	2609	2412	
157	4867	60.0	60.0	15	1	1	2	958	1234	1891	2969	4204	5303	5904	6125	5939	5643	5233	4729	4344	3834	3506	3234	3113	3086	3313	3694	4141	4317	4434	4382	4137	3878	3611	3307	3030	2782	2586	2378	
157	4884	60.0	60.0	15	1	1	2	949	1226	1898	2939	4207	5270	5914	6066	5915	5622	5198	4735	4331	3882	3534	3210	3074	3098	3332	3664	4130	4335	4416	4381	4174	3907	3607	3344	3011	2778	2593	2412	
157	4902	59.9	60.0	15	1	1	2	961	1212	1917	2936	4183	5285	5898	6074	5946	5587	5227	4765	4351	3861	3515	3231	3051	3077	3320	3661	4080	4328	4446	4323	4112	3886	3616	3308	3027	2779	2577	2405	
157	4919	60.0	60.0	15	1	1	2	928	1207	1906	2936	4170	5267	5895	6049	5950	5617	5193	4735	4272	3868	3512	3217	3057	3108	3344	3705	4074	4337	4438	4342	4109	3876	3616	3312	3014	2793	2583	2420	
157	4936	59.9	60.0	15	1	1	2	934	1224	1885	3003	4188	5265	5879	6120	5938	5664	5171	4792	4351	3857	3515	3213	3058	3093	3322	3700	4094	4329	4429	4332	4096	3885	3585	3336	3018	2806	2597	2403	
157	5001	95.2	95.0	16	1	0	2	886	1018	1351	1884	2501	3080	3449	3584	3591	3437	3274	3086	2845	2627	2437	2326	2322	2436	2672	2978	3311	3471	3557	3512	3354	3182	2984	2796	2581	2412	2265	2108	
157	5018	95.0	95.0	16	1	0	2	882	1024	1330	1848	2494	3037	3407	3588	3557	3419	3266	3038	2842	2616	2455	2321	2301	2404	2647	2950	3338	3490	3540	3461	3347	3168	2981	2751	2535	2406	2241	2128	
157	5081	59.6	60.2	16	1	1	2	952	1219	1876	2927	4176	5290	5924	6036	5938	5567	5237	4744	4331	3854	3515	3241	3052	3106	3362	3669	4114	4357	4437	4331	4124	3873	3630	3307	3015	2771	2567	2412	
157	5098	59.9	60.0	16	1	1	2	958	1228	1887	2974	4173	5302	5910	6095	5902	5653	5226	4803	4314	3872	3481	3262	3056	3099	3343	3682	4115	4347	4478	4347	4141	3890	3612	3292	3031	2784	2602	2405	
157	5115	59.9	60.0	16	1	1	2	961	1236	1911	2989	4194	5271	5907	6107	5978	5657	5188	4735	4349	3877	3520	3208	3076	3108	3325	3652	4084	4353	4430	4341	4155	3901	3597	3317	3024	2762	2600	2394	
157	5133	59.9	60.0	16	1	1	2	956	1238	1891	2966	4156	5289	5869	6056	5993	5583	5221	4755	4342	3884	3510	3242	3091	3118	3338	3672	4088	4338	4448	4344	4141	3892	3624	3293	3040	2778	2578	2407	
157	5150	60.0	60.0	16	1	1	2	959	1212	1894	2953	4173	5303	5952	6085	5943	5608	5211	4774	4320	3876	3510	3248	3057	3105	3352	3719	4082	4338	4389	4340	4119	3925	3594	3285	3029	2793	2598	2425	
157	5167	60.0	60.0	16	1	1	2	968	1235	1907	2954	4177	5271	5920	6099	5917	5616	5192	4771	4325	3849	3528	3212	3070	3086	3327	3651	4082	4353	4444	4338	4114	3897	3585	3299	3025	2806	2609	2400	
157	5184	60.0	60.0	16	1	1	2	946	1210	1884	2929	4179	5267	5911	6084	5976	5603	5204	4783	4281	3882	3555	3232	3062	3097	3338	3695	4082	4333	4426	4333	4129	3889	3617	3307	3043	2787	2612	2402	
157	5247	95.4	94.9	17	1	0	2	890	1010	1365	1885	2526	3065	3483	3616	3636	3462	3293	3107	2842	2623	2490	2380	2329	2437	2658	2979	3269	3493	3534	3479	3331	3176	2997	2796	2583	2421	2257	2099	
157	5264	95.0	95.0	17	1	0	2	922	1014	1345	1858	2480	3047	3403	3532	3557	3422	3254	3026	2818	2598	2476	2328	2309	2419	2669	2974	3273	3434	3494	3466	3336	3167	2940	2763	2556	2405	2268	2105	
157	5327	59.7	60.4	17	1	1	2	976	1216	1891	2945	4200	5284	5909	6056	5912	5644	5193	4777	4321	3848	3511	3255	3075	3103	3341	3695	4100	4340	4419	4343	4109	3897	3621	3335	3023	2780	2610	2421	
157	5344	59.9	60.1	17	1	1	2	949	1225	1868	2948	4161	5279	5901	6045	5927	5623	5183	4764	4324	3889	3505	3244	3065	3101	3330	3697	4056	4336	4410	4353	4141	3877	3596	3300	3005	2792	2553	2404	
157	5361	60.0	60.0	17	1	1	2	953	1218	1888	2924	4183	5291	5908	6048	5981	5610	5229	4768	4329	3846	3500	3230	3070	3104	3310	3638	4102	4313	4464	4346	4101	3885	3652	3300	3045	2794	2583	2379	
157	5379	60.0	60.0	17	1	1	2	954	1228	1906	2940	4224	5221	5885	6100	5881	5600	5179	4727	4343	3860	3527	3201	3087	3084	3322	3700	4099	4336	4424	4325	4129	3878	3596	3340	3032	2794	2587	2386	
157	5396	60.0	60.0	17	1	1	2	962	1222	1920	2970	4196	5306	5940	6049	5927	5572	5179	4743	4287	3863	3483	3220	3068	3090	3312	3684	4071	4313	4429	4300	4132	3861	3574	3300	3001	2779	2582	2421	
157	5413	59.9	60.0	17	1	1	2	959	1217	1875	2987	4203	5272	5886	6037	5864	5586	5173	4713	4279	3860	3490	3214	3052	3093	3360	3666	4076	4287	4448	4341	4123	3872	3618	3306	3041	2781	2605	2398	
157	5430	60.0	60.0	17	1	1	2	965	1224	1874	2914	4175	5245	5901	6095	5942	5577	5198	4780	4301	3844	3543	3223	3057	3076	3331	3702	4113	4320	4365	4347	4137	3895	3587	3309	3032	2771	2580	2425	
157	5495	95.4	94.9	18	1	0	2	897	1017	1359	1864	2507	3075	3428	3568	3574	3444	3244	3046	2837	2614	2449	2341	2320	2443	2652	2964	3296	3491	3524	3465	3335	3174	2973	2778	2548	2366	2266	2095	
157	5512	95.0	95.0	18	1	0	2	905	1049	1343	1871	2454	3069	3389	3543	3525	3408	3229	3051	2791	2596	2437	2312	2307	2424	2665	2951	3275	3457	3480	3446	3328	3151	2961	2772	2545	2378	2266	2100	
157	5575	59.6	60.4	18	1	1	2	962	1234	1892	2932	4128	5247	5896	6040	5925	5602	5205	4739	4305	3851	3489	3184	3062	3062	3327	3676	4066	4298	4422	4330	4107	3860	3583	3298	3002	2819	2571	2392	
157	5592	60.0	60.1	18	1	1	2	950	1217	1902	2946	4190	5257	5866	6056	5932	5553	5125	4732	4297	3854	3493	3230	3066	3092	3324	3654	4082	4334	4414	4300	4124	3880	3577	3324	3044	2770	2579	2406	
157	5609	60.0	60.0	18	1	1	2	950	1220	1914	2941	4156	5283	5886	5993	5926	5604	5172	4724	4316	3838	3514	3232	3035	3088	3311	3669	4066	4250	4443	4326	4116	3870	3562	3316	3046	2758	2572	2405	
157	5627	59.9	60.0	18	1	1	2	964	1236	1890	2936	4210	5243	5885	6000	5902	5563	5192	4728	4282	3844	3467	3229	3049	3114	3297	3676	4105	4307	4392	4257	4083	3846	3590	3317	3003	2757	2560	2413	
157	5644	60.0	60.0	18	1	1	2	959	1232	1888	2940	4176	5234	5897	6035	5896	5578	5151	4736	4302	3904	3484	3205	3052	3092	3327	3685	4121	4324	4426	4320	4090	3918	3556	3315	3013	2772	2614	2382	
157	5661	60.0	60.0	18	1	1	2	960	1231	1879	2937	4215	5242	5874	6052	5944	5589	5182	4753	4271	3857	3505	3213	3043	3073	3328	3674	4075	4307	4446	4280	4073	3880	3599	3282	3015	2761	2595	2398	
157	5678	60.0	60.0	18	1	1	2	957	1235	1880	2921	4122	5226	5908	6024	5951	5541	5151	4734	4258	3840	3530	3244	3044	3091	3321	3646	4039	4304	4419	4325	4137	3828	3614	3327	3029	2781	2570	2378	
157	5743	95.5	94.9	19	1	0	2	901	1030	1351	1852	2483	3053	3408	3546	3582	3427	3292	3036	2817	2597	2443	2322	2306	2414	2652	2966	3289	3451	3519	3453	3344	3145	2977	2750	2572	2376	2233	2101	
157	5760	95.0	95.0	19	1	0	2	894	1025	1340	1858	2473	3026	3391	3549	3553	3377	3230	3042	2823	2585	2440	2316	2313	2423	2659	2945	3284	3398	3536	3470	3302	3159	2991	2752	2553	2396	2251	2092	
157	5823	59.7	60.4	19	1	1	2	960	1230	1885	2935	4156	5244	5857	6035	5888	5596	5160	4760	4282	3869	3536	3255	3082	3073	3341	3682	4083	4306	4442	4330	4113	3879	3600	3312	3033	2781	2589	2437	
157	5840	60.0	60.0	19	1	1	2	964	1218	1890	2954	4137	5285	5940	6029	5913	5584	5184	4748	4376	3844	3480	3220	3035	3099	3324	3670	4072	4318	4430	4326	4134	3856	3603	3339	3031	2758	2549	2409	
157	5858	59.9	60.0	19	1	1	2	963	1211	1888	2931	4120	5268	5883	6039	5909	5596	5187	4762	4268	3834	3549	3231	3039	3086	3325	3677	4074	4294	4373	4307	4094	3831	3580	3299	3033	2793	2580	2393	
157	5875	60.0	60.0	19	1	1	2	953	1214	1881	2937	4164	5256	5853	6008	5874	5611	5183	4707	4290	3877	3510	3238	3069	3104	3315	3677	4047	4339	4367	4323	4105	3836	3579	3290	3024	2761	2567	2413	
157	5892	60.0	60.0	19	1	1	2	964	1225	1898	2941	4210	5238	5840	6040	5939	5567	5163	4748	4335	3837	3482	3205	3059	3080	3320	3669	4059	4341	4385	4316	4108	3880	3588	3299	2985	2766	2575	2409	
157	5909	59.9	60.0	19	1	1	2	963	1231	1877	2946	4151	5224	5892	6024	5895	5583	5110	4731	4308	3872	3498	3188	3037	3066	3318	3652	4083	4289	4374	4363	4129	3864	3603	3282	3000	2789	2547	2409	
157	5927	60.0	60.0	19	1	1	2	984	1232	1871	2940	4156	5244	5858	6036	5901	5593	5156	4759	4286	3822	3519	3198	3061	3065	3304	3627	4066	4316	4400	4313	4077	3829	3577	3290	3013	2770	2572	2384	
157	5991	95.5	94.9	20	1	0	2	902	1019	1340	1888	2500	3072	3431	3567	3553	3427	3280	3017	2821	2597	2452	2351	2305	2413	2657	2942	3282	3444	3543	3425	3354	3170	2995	2780	2573	2415	2241	2071	
157	6008	95.0	95.0	20	1	0	2	901	1012	1340	1858	2449	3032	3395	3521	3516	3398	3252	3012	2801	2563	2444	2306	2322	2400	2624	2947	3301	3419	3540	3474	3306	3171	2960	2745	2527	2403	2228	2101	
157	6071	59.6	60.4	20	1	1	2	958	1221	1893	2907	4145	5231	5866	5996	5875	5539	5167	4746	4292	3836	3502	3215	3058	3094	3323	3695	4051	4312	4403	4294	4112	3865	3608	3278	3020	2746	2599	2364	
157	6088	60.0	60.1	20	1	1	2	974	1220	1891	2949	4133	5252	5892	6033	5875	5580	5182	4723	4271	3844	3504	3204	3045	3097	3321	3678	4063	4269	4393	4293	4080	3885	3591	3297	3016	2744	2552	2404	
157	6106	59.9	60.0	20	1	1	2	961	1230	1901	2924	4187	5250	5897	6019	5877	5579	5168	4736	4287	3843	3488	3223	3037	3096	3317	3655	4075	4350	4418	4311	4113	3887	3592	3302	2991	2771	2572	2383	
157	6123	59.9	60.0	20	1	1	2	967	1221	1883	2975	4194	5220	5837	6037	5909	5579	5146	4750	4309	3812	3486	3217	3064	3104	3308	3647	4059	4328	4417	4269	4108	3829	3563	3278	2998	2778	2578	2376	
157	6140	59.9	60.0	20	1	1	2	966	1215	1891	2928	4156	5252	5863	6054	5897	5605	5197	4716	4286	3821	3511	3229	3070	3067	3325	3697	4039	4307	4454	4293	4087	3854	3579	3304	3009	2776	2558	2394	
157	6157	60.0	60.0	20	1	1	2	955	1224	1891	2931	4175	5232	5852	6020	5908	5559	5153	4724	4308	3842	3518	3203	3034	3061	3316	3660	4058	4320	4404	4315	4142	3866	3589	3287	3019	2790	2593	2383	
157	6175	60.0	60.0	20	1	1	2	942	1225	1879	2956	4153	5230	5892	6039	5874	5555	5155	4733	4269	3854	3501	3213	3053	3118	3303	3658	4053	4330	4396	4255	4077	3839	3533	3282	3003	2786	2574	2400	
157	6239	95.5	94.8	21	1	0	2	895	1022	1365	1852	2513	3052	3439	3547	3548	3483	3250	3069	2825	2595	2451	2334	2288	2419	2666	2958	3292	3481	3544	3444	3331	3189	2961	2770	2580	2372	2240	2093	
157	6256	95.0	95.0	21	1	0	2	895	1025	1340	1856	2469	3041	3404	3523	3529	3412	3230	3056	2797	2609	2412	2336	2297	2420	2659	2930	3260	3450	3521	3477	3294	3122	2941	2749	2546	2396	2221	2079	
157	6317	59.7	60.5	21	1	1	2	949	1200	1908	2912	4132	5233	5838	5996	5929	5597	5159	4711	4282	3811	3502	3198	3044	3058	3290	3715	4061	4302	4463	4322	4092	3832	3606	3327	3024	2774	2569	2374	
157	6334	60.0	60.1	21	1	1	2	969	1216	1874	2945	4162	5264	5859	6048	5899	5555	5174	4744	4310	3828	3503	3216	3026	3075	3319	3648	4040	4339	4395	4293	4113	3883	3601	3298	3027	2747	2578	2429	
157	6352	60.0	60.0	21	1	1	2	957	1204	1873	2970	4169	5248	5895	6026	5891	5567	5172	4712	4313	3840	3497	3232	3026	3096	3330	3659	4049	4313	4409	4325	4096	3864	3577	3291	3011	2787	2578	2399	
157	6369	60.0	60.0	21	1	1	2	952	1213	1877	2953	4140	5255	5927	6019	5910	5553	5144	4705	4284	3816	3515	3192	3050	3067	3316	3648	4070	4299	4402	4319	4079	3857	3548	3286	3000	2782	2579	2397	
157	6386	59.9	60.0	21	1	1	2	964	1223	1897	2934	4182	5246	5868	6035	5922	5580	5160	4754	4273	3864	3499	3176	3061	3050	3321	3649	4053	4329	4397	4317	4068	3872	3587	3289	2991	2773	2580	2378	
157	6403	60.0	60.0	21	1	1	2	952	1219	1869	2951	4161	5250	5876	6042	5887	5568	5135	4726	4282	3812	3474	3196	3027	3067	3273	3647	4082	4273	4425	4314	4083	3834	3589	3285	3010	2755	2545	2387	
157	6421	60.0	60.0	21	1	1	2	960	1216	1902	2932	4163	5251	5898	6021	5882	5558	5144	4729	4292	3830	3500	3214	3046	3072	3310	3645	4052	4273	4404	4294	4112	3868	3583	3296	2986	2775	2573	2392	
157	6483	95.3	94.9	22	1	0	2	909	1024	1371	1867	2479	3037	3462	3566	3591	3420	3294	3044	2828	2626	2436	2343	2336	2410	2671	2965	3328	3464	3524	3453	3316	3163	2947	2780	2579	2398	2247	2097	
157	6501	95.0	95.0	22	1	0	2	895	1026	1343	1868	2451	2995	3376	3516	3531	3414	3225	3042	2808	2572	2424	2293	2311	2435	2657	2960	3264	3442	3492	3446	3289	3155	2970	2731	2550	2388	2250	2100	
157	6563	59.6	60.4	22	1	1	2	950	1218	1885	2924	4126	5183	5862	5989	5894	5557	5152	4719	4253	3851	3474	3197	3037	3070	3319	3645	4035	4283	4381	4314	4094	3852	3589	3306	2978	2764	2578	2393	
157	6581	59.9	60.1	22	1	1	2	970	1211	1916	2926	4157	5213	5854	6014	5887	5578	5146	4696	4279	3795	3478	3206	3043	3051	3301	3660	4033	4300	4375	4268	4093	3854	3589	3268	3034	2740	2557	2377	
157	6598	60.0	60.0	22	1	1	2	957	1221	1901	2952	4133	5256	5880	6035	5889	5554	5177	4710	4290	3839	3485	3203	3042	3087	3319	3636	4090	4302	4438	4300	4109	3832	3576	3330	3037	2771	2556	2389	
157	6615	60.0	60.0	22	1	1	2	958	1216	1897	2944	4159	5240	5825	6030	5878	5602	5176	4749	4279	3841	3484	3193	3035	3135	3312	3642	4060	4303	4379	4294	4150	3844	3599	3274	3006	2739	2556	2374	
157	6632	60.0	60.0	22	1	1	2	957	1198	1898	2897	4145	5234	5821	5995	5840	5558	5150	4702	4260	3796	3463	3166	3028	3085	3316	3656	4045	4307	4384	4319	4066	3878	3563	3309	2987	2794	2572	2373	
157	6650	59.9	60.0	22	1	1	2	958	1224	1905	2915	4147	5224	5857	6011	5889	5543	5113	4721	4272	3860	3555	3175	3040	3073	3315	3656	4030	4280	4389	4289	4079	3844	3572	3271	3012	2767	2562	2384	
157	6667	60.0	60.0	22	1	1	2	971	1231	1873	2912	4141	5242	5871	6016	5838	5534	5158	4713	4272	3877	3446	3221	3044	3072	3281	3647	4021	4274	4370	4330	4112	3844	3568	3260	2961	2770	2564	2392	
157	6729	95.4	94.9	23	1	0	2	899	1029	1352	1864	2507	3058	3408	3579	3571	3434	3255	3046	2817	2592	2453	2330	2310	2414	2644	2951	3279	3441	3524	3458	3320	3164	2963	2753	2554	2393	2245	2061	
157	6747	95.0	95.0	23	1	0	2	927	1017	1336	1853	2447	3010	3377	3537	3553	3412	3225	2995	2813	2575	2446	2303	2287	2428	2671	2912	3230	3426	3519	3449	3315	3159	2940	2784	2584	2389	2225	2120	
157	6810	59.7	60.2	23	1	1	2	956	1198	1870	2945	4125	5212	5847	5972	5852	5523	5116	4658	4260	3813	3481	3235	3027	3075	3329	3634	4053	4275	4379	4288	4066	3832	3551	3250	3003	2755	2553	2366	
157	6827	60.0	60.1	23	1	1	2	960	1225	1878	2921	4147	5167	5835	5989	5888	5560	5150	4681	4236	3831	3485	3188	3015	3096	3287	3650	4014	4312	4336	4295	4090	3842	3565	3278	2978	2761	2559	2378	
157	6844	60.0	60.0	23	1	1	2	959	1210	1880	2902	4178	5231	5843	6000	5887	5580	5119	4723	4279	3822	3489	3198	3031	3084	3288	3673	4032	4295	4400	4307	4105	3853	3554	3277	2984	2771	2534	2395	
157	6861	60.0	60.0	23	1	1	2	957	1227	1866	2925	4138	5223	5843	5998	5841	5524	5134	4674	4264	3803	3461	3185	3020	3066	3300	3656	4016	4290	4394	4303	4109	3848	3578	3255	2974	2755	2542	2404	
157	6878	60.0	60.0	23	1	1	2	954	1208	1897	2920	4159	5221	5847	6006	5865	5535	5121	4760	4301	3816	3453	3216	3055	3085	3260	3663	4047	4277	4372	4313	4097	3836	3591	3277	2991	2762	2533	2376	
157	6896	60.0	60.0	23	1	1	2	959	1224	1881	2904	4147	5218	5864	6046	5848	5557	5129	4713	4237	3801	3490	3121	3031	3072	3303	3634	4043	4290	4388	4293	4091	3885	3572	3276	3004	2737	2551	2384	
157	6913	60.0	60.0	23	1	1	2	948	1233	1868	2913	4162	5205	5830	5973	5851	5522	5117	4675	4279	3842	3476	3203	3016	3073	3321	3638	4038	4300	4384	4269	4111	3864	3586	3252	2993	2747	2592	2395	
157	6975	95.5	94.7	24	1	0	2	903	1006	1350	1885	2462	3081	3444	3580	3571	3444	3235	3054	2840	2614	2437	2312	2298	2423	2648	2997	3286	3457	3549	3448	3320	3174	2974	2753	2563	2384	2243	2098	
157	6993	95.0	95.0	24	1	0	2	904	1034	1332	1844	2477	3020	3408	3511	3564	3410	3217	3022	2810	2571	2433	2325	2277	2391	2623	2923	3254	3444	3498	3463	3297	3110	2950	2728	2548	2384	2224	2072	
157	7056	59.6	60.2	24	1	1	2	982	1209	1883	2895	4118	5218	5841	5973	5864	5532	5126	4718	4267	3805	3447	3219	3042	3067	3307	3654	4016	4301	4380	4307	4061	3837	3580	3288	3000	2783	2533	2395	
157	7073	60.0	60.0	24	1	1	2	951	1232	1888	2925	4152	5222	5859	5993	5871	5556	5155	4721	4254	3816	3451	3200	3058	3044	3259	3662	4064	4258	4357	4314	4078	3850	3555	3289	2997	2738	2560	2408	
157	7090	59.9	60.0	24	1	1	2	954	1214	1887	2931	4179	5209	5860	6010	5921	5552	5131	4737	4265	3798	3479	3201	3005	3055	3321	3646	4036	4292	4391	4299	4070	3855	3562	3291	2988	2738	2593	2372	
157	7107	59.9	60.0	24	1	1	2	948	1238	1888	2961	4141	5190	5861	6020	5907	5542	5093	4702	4231	3829	3483	3220	3040	3092	3296	3630	4076	4270	4402	4292	4104	3879	3562	3280	2984	2761	2543	2390	
157	7125	60.0	60.0	24	1	1	2	960	1231	1908	2908	4123	5237	5807	6025	5872	5530	5142	4692	4248	3820	3446	3172	2993	3045	3292	3660	4051	4273	4373	4320	4068	3857	3611	3257	2999	2782	2587	2401	
157	7142	60.0	60.0	24	1	1	2	970	1209	1897	2945	4117	5183	5835	6016	5843	5517	5124	4679	4255	3821	3444	3160	3027	3034	3275	3632	4022	4295	4378	4256	4061	3880	3568	3252	3009	2750	2544	2386	
157	7159	60.0	60.0	24	1	1	2	1004	1221	1881	2911	4159	5208	5812	5978	5854	5536	5149	4695	4234	3812	3506	3207	2999	3059	3289	3656	4040	4251	4377	4313	4099	3802	3579	3248	2993	2737	2562	2373	
157	7224	95.3	95.0	25	1	0	2	900	1024	1335	1875	2483	3024	3435	3554	3562	3410	3264	3037	2816	2590	2432	2332	2302	2412	2654	2958	3248	3429	3533	3441	3347	3160	2967	2737	2531	2348	2230	2102	
157	7241	95.0	95.0	25	1	0	2	903	1021	1360	1875	2452	3006	3398	3533	3508	3383	3245	3001	2804	2595	2408	2318	2321	2391	2672	2952	3236	3411	3529	3412	3264	3143	2968	2729	2543	2380	2233	2121	
157	7304	59.7	60.2	25	1	1	2	949	1204	1879	2939	4130	5263	5899	5982	5926	5554	5188	4727	4266	3824	3487	3231	3033	3062	3323	3644	4066	4263	4392	4272	4066	3874	3606	3249	2980	2775	2595	2365	
157	7321	60.0	60.1	25	1	1	2	951	1223	1869	2921	4144	5192	5841	6010	5883	5594	5160	4724	4273	3808	3494	3231	3036	3080	3323	3658	4030	4285	4423	4296	4114	3847	3606	3306	3000	2768	2562	2395	
157	7338	59.9	60.0	25	1	1	2	957	1227	1915	2943	4185	5243	5830	6042	5844	5548	5109	4753	4342	3849	3508	3224	3034	3094	3312	3662	4038	4295	4406	4354	4129	3853	3647	3295	2990	2760	2589	2399	
157	7355	59.9	60.0	25	1	1	2	962	1220	1890	2927	4174	5296	5840	6062	5852	5609	5185	4712	4269	3836	3540	3208	3051	3107	3320	3643	4047	4311	4383	4303	4080	3849	3608	3278	3020	2779	2561	2383	
157	7373	60.0	60.0	25	1	1	2	969	1228	1882	2940	4138	5208	5804	6003	5900	5556	5172	4709	4288	3847	3488	3211	3056	3092	3293	3679	4059	4295	4361	4354	4084	3855	3567	3273	3028	2744	2571	2390	
157	7390	60.0	60.0	25	1	1	2	950	1252	1887	2914	4142	5232	5839	6004	5908	5562	5137	4709	4265	3855	3458	3236	3039	3057	3298	3654	4065	4270	4352	4290	4061	3816	3584	3291	2992	2757	2553	2395	
157	7407	59.9	60.0	25	1	1	2	956	1224	1882	2924	4134	5218	5867	6008	5901	5572	5181	4737	4270	3810	3474	3174	3037	3091	3294	3665	4109	4322	4373	4274	4109	3861	3579	3285	2990	2753	2585	2371	
157	7472	95.3	95.0	26	1	0	2	899	1008	1338	1850	2488	3033	3447	3582	3587	3446	3254	3059	2806	2609	2437	2311	2325	2408	2672	2978	3250	3448	3528	3435	3314	3140	2974	2749	2544	2359	2225	2083	
157	7489	95.0	95.0	26	1	0	2	870	1027	1336	1845	2467	3017	3440	3539	3547	3400	3220	3048	2821	2561	2433	2297	2276	2408	2659	2915	3262	3408	3510	3436	3299	3123	2995	2750	2547	2378	2241	2078	
157	7552	59.6	60.4	26	1	1	2	958	1205	1876	2910	4130	5236	5877	5973	5904	5541	5178	4714	4280	3846	3479	3203	3036	3072	3311	3672	4044	4298	4380	4298	4104	3856	3564	3270	3010	2784	2567	2374	
157	7569	59.9	60.1	26	1	1	2	965	1209	1899	2908	4157	5258	5881	6021	5865	5573	5149	4737	4281	3824	3507	3180	3018	3035	3295	3663	4001	4287	4402	4263	4108	3856	3575	3274	2994	2760	2546	2367	
157	7586	60.0	60.0	26	1	1	2	978	1211	1869	2917	4137	5207	5802	5996	5866	5596	5184	4689	4293	3826	3513	3167	3035	3082	3294	3621	4036	4300	4405	4284	4090	3852	3582	3272	3007	2763	2571	2416	
157	7603	59.9	60.0	26	1	1	2	956	1216	1881	2941	4168	5249	5884	6013	5892	5568	5170	4710	4285	3871	3431	3205	3036	3084	3327	3659	4067	4271	4379	4294	4082	3848	3569	3243	3022	2734	2572	2390	
157	7621	60.0	60.0	26	1	1	2	956	1224	1886	2925	4147	5266	5858	6030	5875	5522	5184	4734	4267	3833	3504	3191	3043	3068	3289	3676	4019	4298	4388	4306	4094	3865	3580	3280	2984	2772	2554	2353	
157	7638	60.0	60.0	26	1	1	2	962	1214	1885	2892	4164	5241	5854	6021	5860	5560	5185	4671	4246	3812	3509	3187	3031	3047	3318	3624	4064	4307	4369	4255	4070	3819	3548	3301	2981	2747	2562	2365	
157	7655	59.9	60.0	26	1	1	2	950	1227	1893	2909	4135	5197	5854	5996	5876	5525	5111	4718	4288	3836	3484	3192	3019	3093	3326	3613	4045	4295	4339	4315	4092	3859	3585	3283	3016	2762	2553	2385	
157	7718	95.2	95.0	27	1	0	2	900	1023	1354	1884	2472	3050	3493	3564	3549	3464	3261	3019	2832	2587	2428	2321	2286	2404	2650	2979	3264	3462	3552	3424	3318	3163	2931	2761	2543	2370	2237	2111	
157	7735	95.0	95.0	27	1	0	2	909	1025	1344	1850	2443	3057	3420	3561	3546	3413	3210	3028	2828	2600	2445	2310	2283	2399	2668	2948	3262	3448	3515	3387	3330	3117	2947	2743	2554	2385	2245	2088	
157	7798	59.7	60.2	27	1	1	2	950	1219	1865	2949	4132	5252	5853	6019	5907	5567	5145	4724	4297	3868	3482	3220	3046	3079	3325	3647	4011	4295	4404	4314	4093	3858	3641	3260	3004	2767	2576	2367	
157	7815	59.9	60.1	27	1	1	2	971	1212	1898	2954	4182	5310	5884	6026	5880	5567	5164	4722	4272	3823	3516	3220	3048	3104	3317	3636	4043	4300	4401	4332	4085	3852	3593	3283	3037	2773	2573	2371	
157	7832	59.9	60.0	27	1	1	2	960	1219	1886	2944	4144	5207	5841	6021	5854	5619	5172	4720	4301	3887	3506	3211	3029	3066	3330	3632	4023	4301	4419	4291	4058	3831	3582	3263	2975	2770	2611	2386	
157	7850	60.0	60.0	27	1	1	2	961	1237	1894	2963	4178	5248	5868	6038	5908	5583	5162	4729	4280	3830	3489	3208	3038	3048	3281	3674	4024	4293	4380	4282	4105	3873	3553	3272	3003	2760	2595	2391	
157	7867	59.9	60.0	27	1	1	2	955	1219	1877	2932	4139	5227	5874	6000	5882	5562	5184	4719	4275	3839	3492	3218	3047	3072	3288	3660	4072	4240	4367	4321	4086	3816	3591	3286	2972	2745	2545	2385	
157	7884	60.0	60.0	27	1	1	2	942	1223	1891	2940	4134	5222	5876	6016	5899	5599	5173	4685	4281	3814	3486	3211	3022	3036	3324	3654	4046	4311	4376	4295	4058	3868	3579	3258	3022	2765	2563	2404	
157	7901	60.0	60.0	27	1	1	2	972	1197	1901	2944	4153	5221	5843	6017	5904	5535	5154	4696	4292	3840	3508	3180	3039	3068	3289	3640	4068	4276	4433	4324	4051	3865	3549	3292	2979	2762	2572	2397	
157	7964	95.3	94.9	28	1	0	2	900	1020	1318	1873	2492	3057	3439	3604	3607	3440	3303	3059	2816	2611	2428	2342	2303	2423	2682	2957	3286	3448	3542	3450	3314	3143	2956	2751	2563	2371	2228	2120	
157	7981	95.0	95.0	28	1	0	2	917	1018	1354	1882	2481	3020	3414	3551	3525	3396	3241	3020	2810	2589	2417	2327	2284	2440	2621	2947	3269	3455	3523	3461	3277	3114	2915	2767	2541	2372	2260	2083	
157	8044	59.6	60.4	28	1	1	2	942	1227	1894	2933	4186	5241	5831	6059	5921	5546	5172	4765	4274	3825	3514	3194	3075	3057	3344	3675	4035	4322	4378	4301	4076	3841	3579	3322	2976	2775	2545	2379	
157	8061	60.0	60.1	28	1	1	2	959	1217	1916	2908	4150	5241	5923	6034	5915	5625	5150	4761	4326	3856	3506	3206	3040	3074	3302	3635	4022	4294	4392	4267	4101	3865	3595	3287	2994	2771	2597	2366	
157	8078	59.9	60.0	28	1	1	2	962	1229	1921	2918	4164	5233	5887	6061	5865	5624	5174	4715	4290	3824	3530	3220	3049	3070	3305	3663	4093	4266	4419	4264	4103	3871	3603	3316	2979	2748	2587	2370	
157	8096	59.9	60.0	28	1	1	2	968	1231	1866	2973	4164	5216	5876	6024	5925	5571	5140	4703	4293	3832	3511	3217	3050	3088	3312	3644	4056	4288	4394	4328	4073	3809	3581	3296	3000	2791	2557	2367	
157	8113	60.0	60.0	28	1	1	2	960	1221	1892	2956	4201	5252	5857	6047	5831	5599	5175	4735	4310	3876	3478	3207	3041	3095	3317	3668	4041	4284	4362	4276	4085	3837	3576	3289	3032	2770	2582	2380	
157	8130	60.0	60.0	28	1	1	2	960	1215	1873	2932	4180	5248	5892	6039	5878	5546	5130	4747	4305	3841	3475	3209	3070	3063	3284	3672	4081	4311	4384	4284	4145	3871	3575	3269	2994	2788	2588	2379	
157	8147	60.0	60.0	28	1	1	2	972	1228	1872	2903	4192	5248	5883	6076	5896	5567	5170	4703	4283	3832	3511	3221	3043	3086	3304	3659	4025	4316	4409	4268	4074	3846	3562	3287	3000	2768	2575	2388	
157	8212	95.5	94.9	29	1	0	2	910	1012	1342	1884	2530	3083	3415	3582	3596	3463	3275	3049	2852	2570	2439	2340	2301	2424	2650	2949	3282	3454	3508	3461	3305	3159	2961	2760	2554	2378	2252	2099	
157	8229	95.0	95.0	29	1	0	2	896	1019	1343	1852	2460	3035	3440	3559	3528	3406	3219	3039	2834	2588	2416	2309	2295	2395	2652	2935	3270	3421	3525	3426	3293	3188	2927	2750	2560	2389	2224	2080	
157	8292	59.6	60.4	29	1	1	2	947	1227	1896	2921	4164	5229	5890	6033	5924	5567	5175	4754	4281	3844	3477	3220	3051	3070	3314	3644	4072	4284	4354	4281	4106	3881	3592	3273	3011	2769	2560	2379	
157	8309	59.9	60.0	29	1	1	2	960	1212	1868	2951	4176	5241	5910	6016	5900	5624	5158	4761	4285	3882	3519	3198	3077	3060	3339	3679	4026	4317	4418	4250	4085	3831	3557	3286	3002	2744	2544	2377	
157	8326	59.9	60.0	29	1	1	2	952	1239	1893	2912	4176	5268	5869	6063	5904	5612	5240	4757	4311	3863	3508	3227	3045	3084	3301	3647	4046	4274	4382	4277	4095	3840	3557	3309	3003	2757	2567	2354	
157	8344	60.0	60.0	29	1	1	2	958	1211	1905	2950	4160	5266	5889	6028	5903	5598	5210	4733	4326	3847	3496	3237	3060	3058	3302	3649	4060	4298	4411	4290	4106	3862	3601	3310	3010	2752	2567	2377	
157	8361	59.9	60.0	29	1	1	2	958	1254	1883	2928	4171	5226	5868	6021	5928	5583	5196	4743	4279	3820	3455	3247	3071	3092	3292	3650	4020	4291	4390	4319	4074	3857	3580	3250	3007	2712	2549	2383	
157	8378	60.0	60.0	29	1	1	2	953	1225	1906	2940	4167	5270	5900	6020	5907	5582	5172	4724	4308	3858	3501	3192	3047	3080	3315	3647	4063	4278	4373	4299	4111	3811	3560	3275	2984	2731	2547	2389	
157	8395	60.0	60.0	29	1	1	2	961	1216	1888	2953	4184	5244	5883	6033	5910	5585	5138	4770	4296	3855	3524	3230	3070	3059	3290	3670	4037	4276	4385	4290	4077	3840	3581	3279	3000	2768	2596	2377	
157	8460	95.5	94.9	30	1	0	2	897	1024	1343	1878	2505	3056	3429	3622	3596	3469	3294	3061	2838	2630	2466	2335	2340	2440	2662	2978	3277	3456	3550	3460	3335	3161	2966	2760	2575	2413	2227	2083	
157	8477	95.0	95.0	30	1	0	2	901	1015	1348	1877	2512	3046	3411	3575	3530	3430	3265	3002	2842	2609	2456	2352	2298	2430	2625	2976	3276	3444	3499	3427	3290	3157	2927	2750	2528	2371	2224	2069	
157	8540	59.6	60.4	30	1	1	2	961	1223	1900	2945	4144	5310	5887	6044	5941	5669	5197	4738	4302	3857	3512	3230	3060	3095	3313	3686	4070	4323	4398	4301	4079	3860	3572	3276	3010	2781	2581	2396	
157	8557	59.9	60.1	30	1	1	2	960	1237	1873	2941	4185	5307	5928	6096	5904	5647	5241	4781	4354	3888	3528	3233	3054	3091	3326	3648	4059	4277	4424	4293	4093	3847	3542	3321	3002	2768	2564	2375	
157	8575	60.0	60.0	30	1	1	2	965	1232	1874	2983	4200	5339	5929	6113	5980	5645	5209	4760	4342	3862	3554	3229	3072	3100	3302	3668	4099	4286	4424	4282	4119	3884	3572	3293	3020	2760	2558	2371	
157	8592	59.9	60.0	30	1	1	2	959	1227	1904	2962	4198	5331	5924	6155	5977	5593	5211	4779	4344	3866	3526	3219	3060	3099	3304	3629	4053	4290	4397	4300	4045	3846	3580	3300	3003	2778	2592	2388	
157	8609	60.0	60.0	30	1	1	2	961	1228	1889	2954	4161	5273	5932	6141	5948	5662	5160	4763	4329	3890	3525	3228	3027	3067	3278	3629	4080	4298	4372	4285	4074	3851	3594	3293	2997	2766	2544	2386	
157	8626	60.0	60.0	30	1	1	2	953	1245	1903	2958	4196	5257	5925	6125	5928	5633	5201	4728	4320	3871	3493	3201	3030	3078	3328	3651	4051	4336	4398	4260	4088	3838	3563	3292	2987	2783	2563	2380	
157	8644	60.0	60.0	30	1	1	2	975	1222	1884	2939	4192	5293	5874	6055	5984	5665	5234	4754	4309	3875	3492	3228	3061	3070	3314	3654	4046	4295	4337	4295	4098	3842	3577	3275	3001	2734	2553	2387	
157	8706	95.3	94.8	31	1	0	2	900	1036	1355	1893	2541	3120	3491	3641	3598	3557	3327	3110	2847	2635	2475	2367	2361	2442	2687	2973	3283	3487	3543	3457	3303	3126	2983	2747	2547	2392	2248	2103	
157	8723	95.0	95.0	31	1	0	2	888	1011	1329	1865	2495	3075	3443	3570	3600	3461	3272	3072	2835	2629	2459	2342	2290	2425	2657	2977	3247	3417	3512	3448	3298	3138	2948	2745	2560	2369	2220	2119	
157	8786	59.6	60.4	31	1	1	2	953	1221	1916	2959	4240	5345	5988	6162	6036	5714	5257	4818	4392	3909	3529	3242	3096	3123	3344	3679	4068	4322	4388	4313	4078	3889	3591	3287	3003	2771	2560	2394	
157	8803	60.0	60.0	31	1	1	2	972	1232	1918	2978	4281	5356	6002	6182	6049	5754	5302	4846	4378	3921	3563	3243	3053	3119	3321	3664	4077	4290	4414	4315	4081	3875	3570	3320	3022	2749	2582	2378	
157	8821	60.0	60.0	31	1	1	2	964	1237	1927	2996	4270	5417	5992	6188	6042	5677	5306	4838	4409	3900	3587	3266	3078	3120	3349	3657	4058	4308	4417	4313	4070	3853	3587	3299	2982	2777	2572	2372	
157	8838	60.0	60.0	31	1	1	2	957	1248	1926	2973	4274	5374	6001	6161	6028	5725	5271	4838	4398	3935	3589	3269	3077	3129	3354	3680	4055	4328	4429	4287	4087	3857	3620	3284	2971	2756	2570	2401	
157	8855	60.0	60.0	31	1	1	2	956	1258	1911	2987	4255	5376	6044	6165	6046	5769	5288	4842	4380	3938	3543	3281	3102	3078	3297	3683	4087	4291	4397	4298	4137	3856	3616	3311	3003	2802	2593	2388	
157	8872	59.9	60.0	31	1	1	2	964	1247	1868	2977	4252	5375	6009	6176	6042	5724	5310	4799	4429	3918	3563	3229	3086	3102	3319	3716	4085	4360	4399	4328	4105	3851	3592	3321	2997	2768	2575	2389	
157	8890	60.0	60.0	31	1	1	2	957	1236	1915	2975	4245	5371	6010	6182	6063	5759	5285	4844	4360	3918	3566	3271	3094	3120	3370	3687	4082	4332	4431	4305	4108	3857	3631	3288	3003	2786	2576	2406	
157	8952	95.3	94.9	32	1	0	2	860	1040	1381	1918	2563	3157	3563	3727	3723	3596	3402	3184	2916	2693	2505	2376	2354	2464	2670	3000	3277	3473	3546	3447	3330	3174	2965	2780	2588	2392	2242	2093	
157	8969	95.0	95.0	32	1	0	2	893	1043	1366	1894	2542	3109	3523	3712	3666	3543	3360	3148	2904	2668	2511	2369	2345	2445	2676	2970	3288	3451	3522	3468	3301	3146	2991	2742	2581	2382	2255	2079	
157	9032	59.7	60.4	32	1	1	2	970	1246	1942	3044	4326	5501	6198	6346	6205	5829	5388	4960	4484	3994	3621	3300	3144	3168	3373	3723	4063	4408	4471	4335	4124	3904	3589	3310	3058	2794	2585	2394	
157	9049	59.9	60.0	32	1	1	2	961	1238	1960	3041	4369	5548	6172	6352	6208	5852	5416	4971	4478	4008	3643	3348	3154	3174	3393	3741	4128	4330	4438	4339	4121	3868	3607	3296	3011	2782	2603	2413	
157	9067	60.0	60.0	32	1	1	2	947	1243	1963	3072	4367	5542	6211	6366	6231	5880	5453	4984	4484	4008	3694	3334	3182	3167	3393	3721	4136	4333	4443	4381	4156	3880	3612	3306	3031	2789	2596	2389	
157	9084	59.9	60.0	32	1	1	2	975	1234	1984	3050	4322	5546	6152	6346	6232	5925	5464	4950	4527	4006	3635	3361	3168	3181	3405	3719	4089	4343	4482	4362	4134	3905	3628	3263	3016	2777	2573	2400	
157	9101	60.0	60.0	32	1	1	2	951	1243	1918	3097	4372	5521	6202	6385	6269	5899	5453	4952	4491	4036	3664	3333	3166	3193	3383	3722	4083	4311	4438	4307	4128	3936	3602	3321	3016	2784	2619	2399	
157	9118	60.0	60.0	32	1	1	2	951	1240	1951	3048	4361	5534	6160	6374	6208	5883	5433	4962	4524	4028	3653	3346	3145	3149	3390	3685	4109	4332	4416	4323	4130	3857	3571	3313	3016	2797	2577	2383	
157	9136	59.9	60.0	32	1	1	2	963	1243	1978	3051	4366	5545	6204	6416	6194	5911	5433	4964	4507	4009	3644	3365	3121	3142	3435	3727	4113	4341	4426	4363	4137	3888	3607	3294	3039	2778	2573	2370	
157	9198	95.4	94.8	33	1	0	2	914	1034	1378	1977	2638	3275	3688	3835	3811	3707	3506	3263	2986	2784	2577	2422	2391	2494	2732	3000	3333	3537	3575	3474	3378	3190	2988	2781	2579	2418	2253	2106	
157	9216	95.0	95.0	33	1	0	2	900	1031	1368	1955	2640	3232	3650	3773	3772	3646	3432	3234	2973	2744	2565	2419	2389	2504	2702	2927	3313	3481	3531	3447	3364	3177	2985	2788	2600	2400	2238	2094	
157	9278	59.6	60.4	33	1	1	2	959	1266	1984	3121	4492	5729	6385	6610	6490	6128	5677	5160	4638	4155	3790	3434	3218	3270	3463	3755	4176	4381	4477	4372	4135	3886	3652	3312	3041	2832	2612	2414	
157	9296	59.9	60.1	33	1	1	2	983	1266	2011	3139	4516	5705	6454	6636	6563	6131	5675	5233	4688	4207	3784	3460	3266	3241	3463	3795	4213	4400	4494	4345	4183	3908	3658	3310	3054	2819	2600	2403	
157	9313	59.9	60.0	33	1	1	2	958	1249	2004	3188	4554	5757	6504	6632	6539	6139	5699	5173	4677	4188	3790	3446	3256	3258	3475	3791	4186	4376	4478	4384	4156	3926	3604	3301	3044	2791	2609	2431	
157	9330	59.9	60.0	33	1	1	2	964	1252	2006	3169	4532	5822	6465	6687	6541	6203	5686	5191	4678	4185	3771	3445	3273	3245	3431	3786	4190	4365	4491	4373	4177	3913	3635	3336	3036	2800	2579	2423	
157	9347	60.0	60.0	33	1	1	2	971	1249	2011	3178	4525	5770	6468	6663	6547	6116	5720	5173	4710	4212	3811	3468	3241	3232	3502	3778	4163	4401	4457	4418	4114	3959	3653	3326	3051	2830	2575	2400	
157	9365	60.0	60.0	33	1	1	2	984	1250	2006	3166	4500	5792	6453	6615	6524	6145	5686	5182	4629	4194	3791	3459	3280	3245	3444	3794	4156	4373	4502	4338	4189	3902	3620	3318	3042	2790	2610	2406	
157	9382	59.9	60.0	33	1	1	2	971	1246	1994	3163	4573	5755	6427	6640	6475	6200	5678	5195	4646	4146	3772	3459	3250	3276	3447	3758	4153	4380	4480	4368	4139	3904	3572	3348	3055	2795	2622	2431	
157	9444	95.3	94.9	34	1	0	2	905	1040	1426	2058	2780	3424	3880	4035	4034	3910	3680	3425	3124	2880	2690	2519	2480	2541	2781	3091	3361	3513	3597	3514	3376	3196	3018	2801	2568	2412	2260	2121	
157	9462	95.0	95.0	34	1	0	2	902	1036	1439	2043	2741	3442	3842	4000	4036	3863	3657	3422	3108	2848	2664	2539	2469	2578	2759	3061	3369	3506	3588	3519	3373	3132	2998	2811	2605	2411	2260	2124	
157	9524	59.7	60.4	34	1	1	2	977	1270	2088	3311	4799	6102	6869	7040	6907	6563	6043	5537	4965	4417	4006	3661	3387	3394	3556	3870	4289	4461	4549	4432	4243	3954	3660	3368	3080	2825	2650	2443	
157	9542	59.9	60.0	34	1	1	2	985	1278	2086	3363	4852	6153	6924	7166	6960	6564	6076	5601	4966	4461	4055	3691	3417	3387	3591	3866	4286	4491	4568	4454	4217	3973	3692	3355	3072	2856	2634	2455	
157	9559	59.9	60.0	34	1	1	2	983	1288	2080	3352	4822	6144	6966	7136	6974	6561	6109	5539	5011	4416	4008	3663	3427	3407	3575	3883	4246	4462	4538	4413	4211	3998	3700	3381	3081	2824	2617	2432	
157	9576	60.0	60.0	34	1	1	2	986	1297	2094	3358	4871	6171	6919	7169	6986	6603	6089	5529	4998	4463	4049	3672	3371	3386	3588	3918	4281	4488	4529	4449	4207	3966	3693	3385	3080	2857	2638	2456	
157	9593	60.0	60.0	34	1	1	2	982	1284	2079	3336	4861	6143	6970	7159	7032	6601	6108	5511	5028	4444	4001	3694	3416	3398	3538	3901	4281	4522	4542	4414	4205	3961	3694	3415	3077	2839	2622	2437	
157	9611	60.0	60.0	34	1	1	2	984	1294	2094	3354	4832	6189	6929	7174	7029	6649	6104	5548	5015	4464	4073	3649	3406	3382	3559	3877	4274	4480	4533	4444	4236	3970	3679	3399	3087	2861	2638	2434	
157	9628	59.9	60.0	34	1	1	2	995	1298	2107	3340	4883	6143	6944	7129	6981	6676	6032	5573	5005	4479	4008	3621	3411	3404	3561	3874	4251	4443	4487	4440	4222	3977	3676	3392	3115	2840	2625	2398	
157	9692	95.4	94.9	35	1	0	2	925	1073	1502	2192	2980	3732	4225	4374	4415	4237	3974	3690	3439	3098	2887	2708	2598	2660	2901	3174	3458	3610	3630	3531	3423	3245	3060	2823	2617	2449	2250	2154	
157	9710	95.0	95.0	35	1	0	2	909	1064	1486	2175	2990	3683	4219	4410	4386	4200	3980	3682	3404	3088	2830	2680	2601	2670	2850	3155	3438	3622	3640	3574	3377	3231	3069	2827	2580	2439	2272	2128	
157	9773	59.7	60.2	35	1	1	2	997	1319	2192	3567	5189	6588	7440	7745	7585	7094	6519	5961	5405	4769	4318	3884	3614	3564	3683	4046	4354	4557	4657	4538	4294	4046	3704	3445	3150	2869	2633	2464	
157	9790	60.0	60.0	35	1	1	2	988	1341	2186	3608	5275	6738	7606	7823	7666	7258	6670	6020	5465	4814	4339	3938	3645	3566	3769	4044	4368	4598	4655	4510	4324	4034	3725	3468	3134	2896	2700	2481	
157	9807	60.0	60.0	35	1	1	2	991	1343	2222	3601	5273	6781	7608	7880	7731	7265	6646	6082	5439	4832	4383	3953	3667	3595	3750	4053	4390	4600	4715	4554	4313	4058	3731	3469	3151	2872	2664	2490	
157	9824	60.0	60.0	35	1	1	2	993	1330	2240	3635	5317	6783	7599	7851	7691	7286	6666	6090	5484	4855	4353	3963	3710	3566	3758	4055	4437	4559	4660	4523	4277	4022	3713	3432	3164	2915	2690	2469	
157	9842	60.0	60.0	35	1	1	2	1020	1329	2226	3624	5281	6748	7606	7840	7680	7256	6697	6084	5467	4825	4309	3931	3686	3596	3748	4048	4387	4587	4681	4543	4308	4019	3738	3464	3143	2873	2696	2494	
157	9859	60.0	60.0	35	1	1	2	986	1340	2231	3613	5270	6744	7679	7878	7704	7259	6680	6035	5488	4820	4386	3941	3660	3611	3745	4053	4426	4576	4666	4554	4331	4010	3731	3436	3130	2929	2674	2478	
157	9876	60.0	60.0	35	1	1	2	998	1355	2217	3633	5317	6705	7606	7848	7704	7208	6646	6104	5508	4816	4388	3938	3655	3599	3751	4042	4395	4568	4659	4461	4314	3995	3751	3457	3152	2900	2683	2470	
157	9939	95.2	95.0	36	1	0	2	904	1112	1592	2345	3284	4159	4687	4913	4855	4710	4403	4106	3770	3417	3084	2908	2749	2848	3021	3293	3565	3714	3761	3648	3458	3327	3188	2887	2664	2475	2326	2184	
157	9956	95.0	95.0	36	1	0	2	917	1106	1585	2292	3244	4146	4683	4880	4866	4697	4414	4060	3724	3365	3103	2893	2776	2814	3002	3246	3520	3666	3732	3608	3493	3300	3092	2873	2669	2484	2331	2190	
157	10019	59.7	60.3	36	1	1	2	992	1368	2315	3852	5630	7316	8232	8491	8309	7846	7249	6555	5907	5211	4731	4207	3877	3760	3958	4189	4545	4749	4762	4588	4373	4104	3807	3504	3166	2925	2695	2509	
157	10036	59.9	60.0	36	1	1	2	992	1392	2365	3931	5768	7457	8401	8592	8494	7995	7366	6653	5990	5294	4719	4277	3944	3862	3948	4213	4536	4689	4792	4617	4410	4147	3815	3479	3170	2916	2704	2523	
157	10053	60.0	60.0	36	1	1	2	994	1380	2381	3938	5807	7473	8477	8678	8543	8000	7436	6697	6052	5298	4749	4238	3968	3834	3992	4246	4585	4770	4816	4590	4423	4150	3864	3548	3225	2902	2717	2505	
157	10070	60.0	60.0	36	1	1	2	1005	1385	2362	3958	5794	7460	8403	8706	8504	8019	7375	6675	5988	5285	4744	4309	3985	3868	3936	4164	4568	4777	4807	4592	4388	4134	3838	3519	3148	2932	2727	2505	
157	10088	59.9	60.0	36	1	1	2	997	1401	2382	3966	5813	7445	8441	8720	8524	8003	7392	6733	5984	5349	4751	4311	3946	3832	3972	4230	4587	4736	4774	4659	4392	4152	3808	3504	3180	2919	2729	2483	
157	10105	60.0	60.0	36	1	1	2	1001	1382	2349	3932	5819	7451	8443	8704	8522	8022	7419	6719	6024	5292	4774	4281	3965	3838	3985	4220	4575	4730	4787	4643	4407	4131	3822	3501	3211	2948	2730	2528	
157	10122	60.0	60.0	36	1	1	2	1009	1388	2381	3977	5809	7530	8414	8754	8520	8013	7396	6731	5972	5301	4728	4282	3924	3804	3988	4252	4564	4739	4810	4633	4389	4103	3819	3477	3228	2914	2721	2496	
157	10187	95.3	95.0	37	1	0	2	932	1138	1677	2583	3660	4648	5319	5509	5539	5270	4928	4578	4143	3713	3410	3170	3031	2996	3209	3428	3686	3808	3852	3718	3560	3348	3127	2932	2708	2530	2355	2202	
157	10204	95.0	95.0	37	1	0	2	924	1130	1671	2576	3631	4629	5246	5481	5484	5258	4929	4526	4139	3757	3453	3154	3009	3000	3192	3396	3665	3799	3826	3723	3542	3371	3149	2910	2728	2544	2356	2195	
157	10267	59.8	60.2	37	1	1	2	1023	1418	2477	4186	6225	8069	9094	9316	9198	8597	7906	7203	6483	5695	5093	4522	4122	4023	4137	4384	4703	4872	4898	4714	4439	4190	3889	3586	3277	2967	2750	2565	
157	10284	60.0	60.0	37	1	1	2	1031	1442	2511	4269	6330	8119	9253	9536	9376	8755	8066	7274	6554	5752	5157	4604	4227	4067	4171	4419	4722	4891	4880	4718	4486	4208	3887	3550	3236	2993	2745	2564	
157	10301	60.0	60.0	37	1	1	2	1029	1446	2544	4286	6351	8181	9261	9569	9336	8818	8122	7359	6625	5798	5232	4591	4203	4080	4169	4436	4745	4900	4901	4776	4490	4217	3903	3564	3244	2981	2757	2548	
157	10319	60.0	60.0	37	1	1	2	1022	1450	2517	4277	6350	8208	9332	9549	9352	8819	8092	7366	6549	5800	5192	4643	4255	4092	4177	4417	4717	4915	4898	4759	4452	4209	3885	3589	3230	2994	2773	2541	
157	10336	60.0	60.0	37	1	1	2	1027	1452	2518	4291	6329	8181	9290	9630	9417	8848	8184	7332	6614	5789	5168	4623	4220	4094	4204	4441	4724	4922	4902	4717	4490	4245	3902	3596	3289	3033	2776	2541	
157	10353	60.0	60.0	37	1	1	2	1031	1453	2534	4292	6333	8167	9269	9593	9365	8824	8101	7367	6603	5808	5188	4591	4239	4067	4164	4408	4704	4884	4905	4731	4477	4200	3904	3584	3265	2962	2789	2534	
157	10370	60.0	60.0	37	1	1	2	1032	1425	2513	4301	6320	8185	9295	9526	9392	8808	8105	7374	6574	5782	5125	4651	4223	4072	4166	4417	4726	4895	4902	4756	4459	4206	3886	3566	3256	2986	2747	2543	
157	10433	95.2	95.0	38	1	0	2	937	1194	1804	2829	4069	5186	5933	6222	6153	5908	5543	5164	4641	4154	3756	3459	3243	3220	3347	3607	3858	3964	3953	3847	3654	3519	3241	3028	2762	2593	2396	2261	
157	10450	95.0	95.0	38	1	0	2	935	1177	1781	2784	4008	5159	5860	6118	6139	5866	5453	5023	4565	4112	3805	3424	3223	3221	3343	3574	3800	3935	3938	3821	3611	3429	3220	2996	2778	2568	2403	2226	
157	10513	59.7	60.2	38	1	1	2	1029	1475	2646	4504	6691	8656	9839	10195	9935	9395	8680	7798	6954	6172	5518	4884	4461	4269	4347	4584	4847	4958	5023	4787	4581	4291	3988	3661	3324	3006	2803	2619	
157	10530	59.9	60.0	38	1	1	2	1036	1499	2686	4545	6790	8802	10020	10334	10132	9483	8792	7884	7080	6252	5539	4968	4487	4294	4358	4582	4899	5037	5036	4843	4580	4309	3955	3648	3315	3065	2802	2617	
157	10547	59.9	60.0	38	1	1	2	1026	1496	2674	4564	6841	8912	10032	10433	10192	9586	8756	7976	7070	6251	5576	4926	4520	4294	4360	4600	4901	5032	5031	4837	4614	4312	3985	3681	3335	3051	2824	2609	
157	10565	59.9	60.0	38	1	1	2	1036	1513	2680	4568	6865	8834	10095	10310	10122	9505	8829	7944	7093	6264	5575	4990	4491	4302	4353	4581	4848	5023	4986	4859	4591	4296	3976	3686	3306	3048	2832	2579	
157	10582	60.0	60.0	38	1	1	2	1017	1485	2672	4559	6842	8841	10068	10390	10212	9556	8787	7946	7094	6269	5530	4952	4519	4288	4400	4597	4886	5023	5026	4863	4583	4300	3985	3664	3325	3051	2854	2570	
157	10599	60.0	60.0	38	1	1	2	1019	1498	2678	4602	6844	8895	10124	10403	10205	9557	8856	7974	7101	6255	5549	4969	4507	4344	4372	4619	4887	5047	5027	4854	4562	4299	3989	3650	3345	3019	2818	2568	
157	10616	59.9	60.0	38	1	1	2	1037	1510	2673	4598	6887	8865	10013	10350	10234	9612	8829	7940	7144	6245	5590	4932	4516	4342	4387	4629	4921	5029	5024	4838	4580	4285	3996	3646	3314	3022	2798	2591	
157	10679	95.5	94.8	39	1	0	2	960	1247	1914	3039	4374	5652	6511	6812	6764	6508	5989	5525	5013	4484	4058	3748	3461	3426	3529	3732	4009	4069	4055	3927	3726	3527	3293	3075	2830	2652	2479	2274	
157	10696	94.9	95.0	39	1	0	2	956	1224	1889	3012	4353	5633	6435	6737	6716	6450	6022	5480	4958	4511	4044	3725	3478	3372	3506	3714	3983	4008	4041	3922	3714	3503	3324	3043	2857	2589	2472	2271	
157	10759	59.6	60.4	39	1	1	2	1034	1518	2759	4735	7085	9287	10497	10843	10614	10030	9158	8313	7470	6545	5814	5176	4680	4479	4514	4724	5013	5096	5118	4954	4640	4345	4064	3704	3371	3077	2850	2581	
157	10776	60.0	60.0	39	1	1	2	1054	1536	2786	4863	7250	9409	10756	11053	10852	10168	9371	8415	7579	6626	5836	5222	4724	4489	4570	4740	4968	5169	5116	4896	4695	4372	4050	3712	3383	3077	2851	2604	
157	10793	59.9	60.0	39	1	1	2	1046	1543	2789	4812	7218	9384	10716	11036	10827	10160	9343	8399	7543	6581	5900	5250	4702	4536	4556	4787	4978	5131	5147	4928	4682	4384	4046	3669	3380	3085	2847	2642	
157	10811	60.0	60.0	39	1	1	2	1044	1519	2787	4837	7288	9400	10685	11005	10811	10164	9314	8472	7603	6622	5897	5254	4714	4510	4560	4732	5011	5139	5136	4962	4667	4384	4026	3719	3352	3077	2834	2622	
157	10828	60.0	60.0	39	1	1	2	1064	1548	2814	4848	7279	9417	10783	11096	10829	10202	9389	8484	7571	6639	5860	5246	4721	4561	4573	4757	5026	5125	5158	4961	4690	4364	4026	3698	3389	3053	2852	2653	
157	10845	59.9	60.0	39	1	1	2	1048	1537	2788	4826	7251	9423	10762	11045	10865	10193	9338	8454	7539	6661	5863	5236	4718	4498	4527	4755	4992	5156	5153	4966	4681	4370	4065	3702	3388	3060	2841	2589	
157	10862	60.0	60.0	39	1	1	2	1040	1532	2810	4844	7273	9411	10711	11066	10768	10188	9422	8453	7615	6620	5916	5212	4753	4470	4550	4760	5011	5136	5140	4960	4676	4407	4023	3696	3326	3091	2907	2633	
157	10927	95.4	94.9	40	1	0	2	967	1230	2011	3238	4708	6035	6940	7300	7252	6963	6496	5946	5324	4796	4367	3917	3654	3526	3632	3834	4067	4160	4097	3993	3805	3598	3363	3122	2861	2679	2439	2335	
157	10944	95.0	95.0	40	1	0	2	987	1241	2006	3229	4693	6037	6911	7197	7206	6868	6472	5896	5316	4756	4323	3957	3626	3564	3639	3808	4051	4125	4120	3971	3815	3553	3365	3079	2870	2680	2484	2320	
157	11007	59.6	60.4	40	1	1	2	1076	1566	2864	4967	7486	9716	11076	11484	11239	10574	9738	8742	7818	6833	6098	5355	4883	4602	4636	4826	5141	5240	5215	4968	4716	4411	4114	3748	3423	3111	2901	2637	
157	11024	59.9	60.1	40	1	1	2	1069	1564	2876	5065	7571	9928	11198	11611	11409	10687	9783	8900	7948	6929	6158	5425	4948	4671	4677	4860	5145	5225	5167	5023	4695	4433	4103	3751	3414	3126	2898	2665	
157	11042	59.9	60.0	40	1	1	2	1074	1576	2904	5049	7607	9898	11253	11639	11430	10765	9849	8910	7899	6936	6133	5463	4931	4641	4668	4856	5120	5270	5218	5033	4716	4443	4109	3756	3425	3129	2887	2659	
157	11059	59.9	60.0	40	1	1	2	1046	1560	2892	5095	7573	9783	11257	11606	11351	10705	9820	8842	7890	6926	6163	5455	4935	4684	4698	4861	5143	5257	5220	5000	4759	4406	4133	3746	3392	3129	2899	2652	
157	11076	60.0	60.0	40	1	1	2	1068	1582	2914	5082	7638	9911	11338	11709	11411	10710	9833	8915	7953	6971	6193	5489	4947	4660	4716	4882	5135	5258	5254	5011	4737	4427	4131	3717	3408	3125	2864	2662	
157	11093	60.0	60.0	40	1	1	2	1070	1565	2908	5089	7609	9936	11258	11658	11397	10707	9893	8881	7961	6919	6165	5476	4929	4699	4701	4876	5127	5193	5232	5013	4743	4417	4116	3783	3406	3151	2866	2665	
157	11111	59.9	60.0	40	1	1	2	1065	1577	2917	5125	7587	9859	11292	11681	11467	10727	9794	8877	7968	6962	6197	5459	4954	4666	4759	4891	5172	5246	5249	4985	4758	4438	4092	3748	3394	3134	2888	2651	
157	11175	95.4	94.9	41	1	0	2	968	1253	2067	3414	4977	6436	7412	7785	7689	7382	6882	6238	5693	5063	4571	4122	3820	3726	3808	3936	4194	4253	4236	4045	3859	3675	3375	3136	2954	2697	2523	2363	
157	11192	95.0	95.0	41	1	0	2	983	1303	2066	3369	4928	6407	7282	7702	7649	7300	6804	6238	5616	5010	4536	4114	3818	3682	3777	3986	4132	4224	4225	4044	3833	3643	3377	3144	2924	2677	2533	2325	
157	11255	59.6	60.4	41	1	1	2	1060	1582	2950	5174	7746	10111	11551	11938	11646	10985	10140	9154	8125	7157	6314	5603	5018	4742	4764	4961	5207	5322	5250	5074	4745	4466	4108	3781	3448	3168	2896	2697	
157	11272	60.0	60.0	41	1	1	2	1086	1593	3010	5180	7890	10248	11690	12060	11831	11120	10191	9190	8179	7187	6361	5640	5059	4783	4804	4962	5257	5356	5278	5095	4794	4519	4172	3822	3434	3185	2897	2702	
157	11290	60.0	60.0	41	1	1	2	1076	1606	2976	5230	7869	10310	11708	12109	11783	11165	10273	9217	8264	7182	6360	5629	5115	4820	4807	5010	5280	5300	5320	5116	4813	4534	4123	3796	3497	3172	2906	2699	
157	11307	59.9	60.0	41	1	1	2	1077	1609	2991	5204	7905	10254	11727	12031	11853	11126	10165	9251	8219	7201	6373	5637	5093	4816	4778	4964	5255	5323	5297	5087	4762	4488	4212	3820	3452	3101	2940	2669	
157	11324	60.0	60.0	41	1	1	2	1075	1619	3005	5222	7863	10236	11651	12177	11895	11173	10209	9273	8228	7229	6351	5645	5127	4810	4825	4990	5240	5320	5306	5105	4763	4470	4143	3781	3448	3158	2924	2664	
157	11341	60.0	60.0	41	1	1	2	1087	1616	2989	5258	7884	10325	11712	12101	11827	11131	10272	9211	8287	7231	6378	5613	5127	4754	4802	4938	5236	5344	5263	5040	4781	4461	4166	3836	3478	3188	2928	2688	
157	11359	59.9	60.0	41	1	1	2	1085	1598	3035	5268	7896	10318	11763	12065	11864	11126	10222	9281	8279	7224	6352	5686	5065	4839	4809	4981	5229	5296	5301	5078	4808	4522	4178	3826	3450	3138	2903	2692	
157	11421	95.3	94.9	42	1	0	2	993	1297	2153	3511	5123	6682	7653	8040	8005	7627	7121	6531	5889	5214	4733	4265	3974	3781	3860	4028	4234	4349	4257	4115	3912	3659	3466	3175	2952	2708	2540	2371	
157	11438	95.0	95.0	42	1	0	2	985	1292	2092	3486	5094	6621	7679	8016	7950	7620	7130	6469	5908	5176	4673	4262	3905	3799	3874	4029	4275	4284	4249	4106	3906	3698	3455	3191	2942	2735	2545	2352	
157	11501	59.6	60.4	42	1	1	2	1074	1633	3013	5282	7989	10372	11788	12313	12053	11251	10423	9366	8366	7330	6540	5764	5127	4845	4841	4999	5277	5365	5332	5135	4810	4511	4190	3841	3456	3162	2900	2687	
157	11518	60.0	60.0	42	1	1	2	1078	1636	3045	5329	8088	10480	11977	12335	12136	11424	10443	9431	8386	7358	6525	5714	5191	4901	4910	5035	5271	5356	5317	5095	4846	4492	4165	3819	3469	3184	2924	2713	
157	11536	60.0	60.0	42	1	1	2	1092	1626	3038	5316	8066	10575	12035	12385	12127	11427	10459	9446	8373	7363	6513	5774	5196	4913	4904	5016	5319	5365	5352	5090	4829	4539	4201	3835	3438	3186	2905	2705	
157	11553	60.0	60.0	42	1	1	2	1090	1609	3080	5348	8136	10510	12114	12435	12181	11418	10516	9500	8461	7418	6564	5797	5201	4885	4872	5068	5292	5389	5341	5169	4843	4524	4205	3812	3470	3179	2944	2702	
157	11570	59.9	60.0	42	1	1	2	1091	1601	3068	5298	8109	10567	12006	12463	12113	11454	10482	9453	8434	7431	6528	5744	5171	4920	4913	5077	5298	5374	5333	5120	4846	4512	4203	3849	3473	3202	2892	2683	
157	11587	59.9	60.0	42	1	1	2	1071	1624	3077	5355	8067	10538	11965	12403	12128	11478	10523	9483	8426	7358	6546	5807	5192	4855	4897	5022	5279	5381	5352	5121	4846	4510	4203	3840	3496	3171	2929	2688	
157	11605	60.0	60.0	42	1	1	2	1061	1630	3091	5354	8016	10556	11963	12429	12120	11486	10430	9496	8476	7350	6563	5810	5199	4865	4911	5019	5302	5388	5359	5119	4817	4539	4193	3851	3500	3181	2882	2674	
157	11667	95.3	94.9	43	1	0	2	985	1310	2195	3601	5304	6862	7899	8292	8263	7910	7304	6676	6044	5336	4832	4357	3980	3888	3911	4111	4267	4351	4324	4168	3963	3705	3504	3230	2930	2759	2558	2334	
157	11684	95.0	95.0	43	1	0	2	975	1315	2186	3588	5240	6801	7831	8212	8229	7845	7283	6632	6040	5345	4798	4358	3992	3844	3906	4057	4267	4323	4276	4145	3891	3710	3483	3215	2962	2732	2539	2369	
157	11746	59.7	60.4	43	1	1	2	1110	1627	3062	5386	8205	10651	12164	12528	12342	11518	10612	9536	8514	7477	6600	5834	5200	4974	4930	5033	5291	5391	5372	5130	4884	4546	4203	3823	3518	3243	2943	2719	
157	11764	59.9	60.0	43	1	1	2	1090	1638	3086	5446	8224	10700	12271	12594	12366	11597	10698	9653	8545	7516	6640	5869	5298	4938	4928	5068	5354	5379	5393	5164	4890	4538	4219	3867	3464	3227	2962	2729	
157	11781	59.9	60.0	43	1	1	2	1082	1638	3082	5444	8181	10684	12247	12664	12398	11656	10744	9621	8572	7494	6611	5881	5261	4964	4970	5064	5351	5377	5411	5172	4874	4557	4202	3844	3502	3175	2953	2685	
157	11798	59.9	60.0	43	1	1	2	1087	1637	3094	5446	8225	10695	12256	12649	12450	11640	10743	9632	8568	7577	6692	5894	5236	4945	4959	5063	5338	5413	5388	5185	4883	4555	4182	3871	3452	3203	2971	2719	
157	11815	59.9	60.0	43	1	1	2	1081	1645	3103	5447	8245	10748	12312	12695	12474	11656	10723	9641	8565	7507	6674	5840	5257	4971	4982	5089	5341	5409	5359	5180	4855	4532	4203	3848	3494	3193	2950	2732	
157	11833	59.9	60.0	43	1	1	2	1080	1665	3097	5439	8222	10721	12301	12656	12382	11635	10681	9660	8601	7484	6664	5887	5255	4993	4928	5111	5369	5443	5384	5153	4874	4539	4244	3826	3526	3208	2944	2694	
157	11850	60.0	60.0	43	1	1	2	1073	1644	3110	5474	8240	10785	12280	12646	12430	11673	10735	9615	8620	7517	6653	5900	5280	4928	4954	5106	5336	5415	5345	5158	4906	4520	4233	3867	3514	3202	2953	2733	
157	11912	95.3	94.9	44	1	0	2	985	1351	2250	3686	5397	7056	8092	8506	8445	8134	7520	6900	6215	5511	4906	4464	4099	3953	4014	4105	4369	4395	4352	4224	3981	3736	3520	3261	3011	2779	2594	2399	
157	11930	95.0	95.0	44	1	0	2	997	1317	2198	3644	5418	6998	8006	8424	8407	8035	7502	6807	6206	5458	4933	4438	4018	3921	3978	4113	4330	4361	4324	4159	3939	3743	3463	3238	2972	2766	2551	2385	
157	11992	59.7	60.4	44	1	1	2	1100	1641	3084	5473	8233	10772	12283	12736	12485	11718	10813	9680	8609	7515	6724	5910	5321	5016	4946	5136	5375	5430	5381	5174	4840	4552	4215	3844	3526	3217	2955	2702	
157	12010	60.0	60.0	44	1	1	2	1095	1679	3090	5481	8366	10873	12402	12823	12554	11795	10858	9835	8688	7616	6718	5934	5296	5040	4956	5161	5334	5422	5429	5217	4884	4531	4252	3869	3526	3221	2933	2709	
157	12027	60.0	60.0	44	1	1	2	1110	1663	3099	5521	8321	10870	12348	12849	12551	11818	10800	9721	8720	7595	6739	5957	5313	5015	5021	5118	5375	5428	5446	5228	4849	4568	4226	3864	3531	3228	2956	2731	
157	12044	59.9	60.0	44	1	1	2	1123	1670	3127	5479	8391	10866	12416	12871	12564	11807	10752	9763	8672	7582	6712	5950	5354	4999	4984	5137	5358	5428	5388	5204	4909	4578	4214	3844	3512	3226	2934	2722	
157	12061	60.0	60.0	44	1	1	2	1087	1656	3138	5553	8317	10897	12409	12862	12574	11804	10837	9789	8707	7623	6722	5953	5353	5016	5019	5113	5375	5429	5386	5202	4891	4566	4242	3849	3504	3234	2987	2732	
157	12079	60.0	60.0	44	1	1	2	1098	1646	3095	5481	8357	10870	12424	12819	12557	11758	10815	9782	8609	7606	6760	5921	5311	5027	4981	5099	5360	5453	5416	5179	4900	4527	4207	3830	3498	3219	2966	2732	
157	12096	59.9	60.0	44	1	1	2	1086	1652	3129	5524	8294	10816	12376	12873	12555	11777	10881	9688	8662	7588	6748	5891	5282	4978	4961	5125	5328	5403	5405	5162	4876	4569	4188	3843	3508	3214	2946	2702	
157	12160	95.4	94.9	45	1	0	2	995	1337	2275	3710	5507	7156	8227	8617	8566	8174	7618	6975	6326	5536	4985	4513	4124	3984	4033	4188	4387	4425	4395	4169	3980	3717	3529	3270	3002	2782	2560	2393	
157	12178	95.0	95.0	45	1	0	2	980	1320	2233	3707	5416	7085	8167	8534	8504	8140	7583	6926	6237	5549	4964	4476	4106	3950	4038	4155	4339	4380	4373	4193	4003	3758	3481	3245	2997	2772	2588	2369	
157	12241	59.6	60.4	45	1	1	2	1106	1652	3145	5560	8337	10949	12490	12909	12589	11896	10953	9812	8756	7671	6740	5968	5373	5043	5033	5148	5417	5445	5434	5215	4889	4608	4238	3901	3536	3244	2951	2752	
157	12258	60.0	60.1	45	1	1	2	1077	1661	3146	5561	8388	10988	12500	12995	12723	11969	10900	9814	8797	7687	6805	5970	5417	5047	5036	5154	5450	5474	5422	5219	4952	4593	4240	3896	3521	3234	2963	2742	
157	12275	59.9	60.0	45	1	1	2	1089	1643	3147	5579	8425	10950	12561	12997	12721	11952	10934	9917	8734	7675	6815	5987	5389	5117	5061	5180	5434	5396	5378	5262	4896	4577	4240	3890	3496	3216	2952	2749	
157	12292	59.9	60.0	45	1	1	2	1104	1646	3137	5579	8451	10984	12495	12923	12678	11953	10964	9879	8745	7659	6797	6037	5376	5071	5016	5177	5382	5447	5421	5204	4920	4565	4208	3928	3532	3230	2968	2727	
157	12310	60.0	60.0	45	1	1	2	1096	1655	3165	5559	8413	10991	12522	12996	12706	11974	10943	9919	8770	7698	6799	5995	5368	5060	4984	5135	5423	5504	5431	5228	4899	4596	4243	3902	3503	3187	2980	2706	
157	12327	60.0	60.0	45	1	1	2	1096	1656	3145	5583	8437	10937	12468	12927	12777	11899	10955	9857	8741	7658	6817	5985	5388	5052	5019	5174	5402	5460	5427	5190	4905	4561	4237	3899	3533	3182	3000	2721	
157	12344	60.0	60.0	45	1	1	2	1086	1683	3149	5549	8454	11039	12493	12992	12650	11852	10927	9860	8784	7728	6801	5990	5368	5087	5039	5196	5413	5441	5428	5203	4917	4608	4226	3869	3506	3199	2977	2718	
