Well	Time (1/2 s)	Block Temp	Sample Temp	Repetition	PCR Stage	Extension	Scale	B1	B2	B3	B4	B5	B6	B7	B8	B9	B10	B11	B12	B13	B14	B15	B16	B17	B18	B19	B20	B21	B22	B23	B24	B25	B26	B27	B28	B29	B30	B31	B32
165	97	95.3	94.4	1	0	0	2	889	1022	1337	1864	2477	3013	3401	3557	3521	3399	3190	2996	2768	2575	2413	2298	2275	2357	2631	2956	3278	3480	3555	3470	3321	3193	3001	2752	2546	2388	2265	2114	
165	114	94.9	95.0	1	0	0	2	902	1045	1324	1826	2432	2962	3309	3455	3428	3324	3156	2934	2713	2525	2374	2254	2255	2367	2619	2932	3263	3465	3505	3454	3284	3144	2950	2738	2549	2379	2207	2077	
165	131	95.0	95.0	1	0	0	2	902	1032	1324	1826	2429	2945	3309	3427	3369	3337	3136	2925	2715	2527	2380	2272	2236	2366	2645	2917	3224	3428	3506	3422	3292	3138	2932	2720	2515	2367	2228	2091	
165	149	95.0	95.0	1	0	0	2	890	1018	1336	1826	2432	2965	3278	3440	3404	3323	3102	2948	2713	2515	2355	2284	2251	2375	2618	2919	3256	3438	3497	3446	3287	3150	2888	2728	2550	2358	2214	2063	
165	166	95.0	95.0	1	0	0	2	890	1024	1351	1823	2424	2955	3316	3445	3409	3322	3151	2953	2728	2519	2372	2267	2259	2337	2619	2950	3247	3424	3504	3429	3279	3113	2937	2715	2555	2370	2208	2064	
165	183	95.0	95.0	1	0	0	2	895	1020	1325	1827	2422	2994	3296	3457	3445	3317	3134	2953	2702	2534	2356	2248	2238	2371	2652	2900	3258	3424	3512	3429	3257	3090	2904	2751	2535	2368	2221	2070	
165	200	95.0	95.0	1	0	0	2	905	1023	1333	1824	2417	2965	3298	3449	3451	3325	3139	2944	2739	2533	2390	2251	2241	2394	2610	2927	3223	3418	3504	3432	3293	3124	2975	2743	2548	2394	2219	2106	
165	218	94.9	95.0	1	0	0	2	924	1018	1340	1840	2422	2997	3324	3463	3434	3327	3153	2953	2753	2517	2392	2268	2256	2382	2591	2955	3264	3454	3486	3425	3326	3108	2967	2731	2551	2365	2231	2069	
165	235	95.0	95.0	1	0	0	2	896	1018	1326	1837	2426	2992	3300	3454	3410	3309	3149	2939	2753	2553	2374	2268	2258	2405	2627	2924	3259	3455	3524	3444	3275	3137	2961	2760	2561	2345	2203	2078	
165	252	95.0	95.0	1	0	0	2	904	1021	1310	1838	2453	2971	3302	3474	3472	3307	3147	2948	2746	2527	2365	2281	2261	2372	2664	2948	3296	3460	3530	3429	3299	3153	2942	2749	2586	2359	2260	2073	
165	269	94.9	95.0	1	0	0	2	899	1030	1328	1825	2462	2978	3336	3449	3474	3329	3160	2936	2761	2516	2366	2246	2264	2361	2650	2927	3263	3456	3535	3460	3289	3106	2929	2743	2569	2346	2265	2088	
165	287	95.0	95.0	1	0	0	2	901	1032	1342	1846	2447	2963	3350	3479	3450	3292	3173	2961	2761	2533	2381	2300	2287	2396	2620	2952	3297	3445	3552	3419	3290	3133	2954	2726	2543	2396	2212	2099	
165	304	95.0	95.0	1	0	0	2	892	1030	1339	1854	2417	2991	3341	3494	3447	3356	3120	2949	2739	2513	2386	2289	2274	2399	2631	2948	3250	3435	3501	3446	3300	3162	2964	2770	2560	2389	2243	2094	
165	321	95.0	95.0	1	0	0	2	898	1051	1311	1856	2424	2979	3352	3472	3469	3304	3179	2943	2750	2522	2369	2286	2266	2364	2631	2926	3256	3455	3529	3404	3319	3138	2949	2770	2552	2380	2220	2111	
165	338	95.0	95.0	1	0	0	2	904	1016	1337	1841	2412	3008	3367	3465	3435	3321	3182	2934	2732	2543	2401	2282	2267	2411	2643	2969	3238	3429	3518	3464	3317	3162	2976	2744	2564	2393	2231	2079	
165	356	95.0	95.0	1	0	0	2	873	1021	1341	1844	2422	2959	3327	3436	3482	3338	3154	2973	2773	2555	2367	2275	2227	2391	2638	2969	3257	3455	3553	3421	3331	3152	2969	2769	2545	2387	2231	2089	
165	373	95.0	95.0	1	0	0	2	921	1041	1343	1864	2424	2975	3311	3480	3476	3307	3180	2955	2745	2544	2392	2301	2286	2389	2647	2927	3275	3462	3543	3466	3327	3140	2985	2752	2565	2378	2244	2102	
165	390	94.9	95.0	1	0	0	2	898	1015	1330	1844	2443	2990	3365	3472	3464	3330	3165	2950	2764	2528	2386	2307	2289	2399	2620	2934	3237	3450	3515	3513	3340	3163	2967	2726	2543	2387	2250	2088	
165	407	95.0	95.0	1	0	0	2	898	1022	1333	1857	2449	2997	3332	3489	3473	3331	3162	2965	2740	2495	2372	2294	2282	2401	2612	2938	3286	3441	3532	3466	3320	3151	2980	2757	2568	2409	2247	2088	
165	425	94.9	95.0	1	0	0	2	912	1012	1341	1840	2451	3018	3348	3520	3463	3306	3183	2945	2714	2536	2392	2269	2280	2394	2643	2937	3277	3464	3547	3458	3355	3108	2946	2739	2525	2411	2236	2105	
165	442	95.0	95.0	1	0	0	2	905	992	1336	1839	2432	3001	3379	3463	3524	3369	3189	2977	2755	2518	2376	2286	2271	2417	2644	2971	3296	3448	3535	3465	3310	3152	2952	2758	2549	2398	2235	2133	
165	459	95.0	95.0	1	0	0	2	905	1046	1342	1857	2433	2976	3362	3520	3455	3332	3182	2977	2746	2535	2376	2264	2267	2404	2667	2971	3274	3493	3538	3431	3320	3141	2969	2751	2544	2384	2240	2111	
165	476	95.0	95.0	1	0	0	2	902	1023	1332	1837	2464	2995	3370	3481	3473	3347	3160	2969	2760	2541	2377	2280	2287	2405	2630	2961	3278	3438	3546	3460	3321	3164	2969	2778	2562	2392	2246	2125	
165	494	94.9	95.0	1	0	0	2	899	1034	1316	1848	2470	2985	3364	3483	3481	3388	3204	2984	2783	2537	2389	2285	2271	2405	2640	2939	3255	3480	3543	3468	3325	3182	2976	2767	2552	2395	2252	2072	
165	511	95.0	95.0	1	0	0	2	896	1020	1348	1844	2445	3030	3345	3504	3480	3348	3176	2961	2768	2518	2401	2259	2271	2392	2649	2954	3286	3458	3542	3433	3330	3154	2992	2761	2579	2387	2229	2100	
165	528	94.9	95.0	1	0	0	2	888	1025	1325	1832	2448	3026	3344	3487	3473	3380	3197	2942	2792	2534	2386	2315	2275	2364	2641	2985	3292	3457	3534	3471	3320	3170	2960	2754	2563	2384	2253	2101	
165	545	95.0	95.0	1	0	0	2	917	1024	1340	1840	2436	3021	3313	3473	3503	3351	3182	3005	2728	2559	2373	2248	2265	2401	2658	2946	3302	3440	3531	3474	3323	3170	2976	2760	2560	2379	2244	2088	
165	563	95.0	95.0	1	0	0	2	922	1027	1361	1851	2437	3001	3344	3492	3454	3361	3208	3006	2791	2564	2398	2308	2288	2402	2645	2963	3263	3486	3531	3469	3323	3164	2974	2772	2571	2400	2257	2118	
165	580	95.0	95.0	1	0	0	2	912	1024	1338	1847	2457	3011	3377	3523	3480	3380	3191	2984	2739	2536	2384	2304	2276	2400	2665	2976	3318	3478	3555	3507	3337	3182	3001	2753	2579	2386	2258	2106	
165	597	94.9	95.0	1	0	0	2	906	1012	1332	1863	2483	2981	3388	3488	3473	3379	3209	2984	2756	2556	2389	2289	2318	2387	2682	2929	3284	3489	3551	3492	3359	3137	2995	2776	2566	2400	2240	2111	
165	614	95.0	95.0	1	0	0	2	892	1020	1353	1858	2450	3012	3374	3484	3472	3352	3192	2952	2782	2559	2379	2300	2272	2389	2645	2951	3259	3485	3513	3489	3328	3173	2980	2769	2544	2381	2236	2100	
165	632	95.0	95.0	1	0	0	2	899	1017	1340	1857	2468	3002	3346	3489	3478	3359	3164	2992	2746	2575	2405	2280	2292	2386	2678	2957	3258	3500	3538	3471	3309	3200	2965	2752	2570	2362	2254	2098	
165	649	94.9	95.0	1	0	0	2	902	1032	1345	1861	2446	3011	3385	3522	3506	3393	3191	3015	2777	2574	2403	2311	2288	2385	2660	2941	3266	3472	3536	3487	3353	3187	2973	2775	2574	2411	2246	2105	
165	666	95.0	95.0	1	0	0	2	903	1024	1331	1864	2465	3026	3402	3530	3480	3381	3180	2975	2742	2547	2403	2289	2286	2406	2638	2992	3263	3489	3566	3481	3360	3156	2963	2771	2590	2403	2246	2111	
165	683	94.9	95.0	1	0	0	2	906	1046	1346	1843	2465	3001	3350	3507	3520	3384	3182	2982	2767	2554	2378	2294	2287	2389	2672	2945	3290	3493	3574	3498	3348	3174	2988	2779	2580	2385	2256	2122	
165	701	95.0	95.0	1	0	0	2	885	1032	1338	1845	2459	3034	3347	3493	3528	3378	3180	2980	2787	2527	2414	2300	2249	2401	2641	2982	3298	3493	3544	3444	3339	3194	2991	2768	2584	2362	2238	2090	
165	718	94.9	95.0	1	0	0	2	896	1014	1337	1844	2457	3018	3390	3528	3477	3393	3187	2995	2770	2561	2393	2289	2300	2406	2658	2977	3288	3477	3567	3500	3329	3182	3003	2791	2574	2418	2262	2125	
165	735	95.0	95.0	1	0	0	2	912	1016	1351	1844	2458	3062	3373	3503	3521	3353	3205	2986	2765	2568	2402	2345	2286	2401	2672	2942	3299	3457	3581	3449	3369	3137	2969	2789	2568	2377	2233	2083	
165	752	95.0	95.0	1	0	0	2	904	1030	1299	1829	2448	2999	3406	3499	3503	3363	3208	3013	2780	2569	2384	2292	2260	2398	2655	2952	3291	3455	3571	3491	3334	3191	2985	2776	2554	2425	2255	2088	
165	770	95.0	95.0	1	0	0	2	916	1014	1342	1862	2472	3025	3386	3538	3517	3408	3203	3018	2786	2544	2403	2301	2274	2403	2651	2984	3263	3481	3560	3526	3361	3191	2970	2775	2560	2417	2279	2109	
165	787	95.0	95.0	1	0	0	2	916	1041	1344	1875	2449	3026	3418	3509	3499	3382	3221	3013	2798	2525	2417	2305	2281	2409	2656	2969	3327	3463	3600	3489	3359	3152	2991	2795	2582	2400	2253	2112	
165	804	94.9	95.0	1	0	0	2	893	987	1345	1848	2452	3030	3398	3536	3528	3401	3196	2993	2790	2538	2409	2322	2305	2396	2666	2972	3306	3479	3533	3473	3319	3188	2991	2787	2590	2405	2267	2119	
165	821	95.0	95.0	1	0	0	2	891	1025	1350	1853	2453	3032	3408	3546	3491	3388	3190	3015	2772	2553	2394	2308	2319	2432	2649	2979	3287	3503	3565	3479	3342	3182	2974	2746	2576	2400	2263	2118	
165	839	95.0	95.0	1	0	0	2	896	1034	1340	1865	2463	3034	3358	3553	3508	3368	3217	2977	2800	2552	2408	2294	2303	2410	2658	2943	3287	3472	3558	3496	3364	3193	2983	2789	2597	2411	2237	2111	
165	856	94.9	95.0	1	0	0	2	925	1026	1326	1860	2449	3010	3373	3502	3516	3399	3230	2964	2781	2572	2402	2309	2318	2406	2644	2981	3288	3482	3572	3512	3316	3179	2985	2774	2573	2408	2250	2115	
165	873	95.0	95.0	1	0	0	2	900	1024	1344	1849	2450	3016	3388	3532	3559	3382	3241	3003	2772	2584	2403	2305	2287	2425	2658	2974	3352	3449	3574	3523	3382	3184	3018	2783	2577	2407	2258	2114	
165	890	94.9	95.0	1	0	0	2	909	1006	1336	1843	2484	3033	3412	3541	3517	3380	3205	2995	2784	2559	2404	2309	2281	2428	2675	2978	3280	3506	3577	3452	3349	3177	2982	2782	2569	2430	2250	2111	
165	908	95.0	95.0	1	0	0	2	900	1030	1312	1838	2425	3007	3386	3522	3522	3382	3212	3012	2753	2575	2424	2307	2286	2409	2637	2978	3315	3456	3586	3479	3351	3183	2969	2789	2584	2402	2249	2114	
165	925	95.0	95.0	1	0	0	2	948	1021	1362	1881	2458	3024	3391	3520	3541	3404	3206	2998	2782	2560	2417	2325	2316	2399	2650	2995	3276	3541	3548	3489	3353	3154	2957	2773	2583	2412	2248	2122	
165	942	95.0	95.0	1	0	0	2	892	1035	1331	1857	2460	3014	3375	3519	3500	3400	3213	2994	2735	2559	2423	2282	2306	2404	2662	2961	3321	3495	3539	3491	3338	3144	2988	2791	2558	2402	2248	2115	
165	959	95.0	95.0	1	0	0	2	922	1024	1353	1879	2479	3005	3372	3535	3531	3362	3205	3032	2784	2579	2404	2315	2294	2420	2673	2955	3317	3501	3556	3497	3358	3168	3012	2789	2561	2393	2274	2076	
165	977	95.0	95.0	1	0	0	2	915	1022	1363	1865	2442	3015	3414	3557	3544	3386	3222	2994	2804	2559	2396	2290	2289	2443	2655	2964	3299	3515	3541	3535	3374	3187	3002	2792	2565	2404	2254	2115	
165	994	95.0	95.0	1	0	0	2	900	1018	1343	1858	2456	3038	3388	3557	3509	3408	3266	3029	2824	2571	2393	2307	2298	2407	2650	3003	3273	3491	3547	3471	3346	3188	3003	2802	2606	2412	2254	2112	
165	1011	94.9	95.0	1	0	0	2	902	1021	1345	1848	2496	3024	3380	3534	3506	3396	3219	3007	2782	2553	2399	2297	2284	2416	2672	2985	3284	3500	3535	3459	3355	3180	3009	2760	2593	2412	2253	2109	
165	1028	95.0	95.0	1	0	0	2	951	1032	1350	1869	2444	3027	3412	3566	3519	3401	3220	3027	2779	2547	2408	2291	2292	2425	2661	2985	3277	3511	3569	3528	3331	3174	3012	2803	2608	2419	2260	2153	
165	1046	95.0	95.0	1	0	0	2	905	1022	1346	1875	2473	3029	3430	3532	3538	3401	3239	3019	2771	2554	2428	2335	2301	2416	2667	2965	3310	3486	3567	3494	3358	3186	2974	2778	2578	2410	2243	2108	
165	1063	95.0	95.0	1	0	0	2	924	1030	1347	1871	2484	3034	3416	3540	3534	3383	3238	3015	2777	2574	2408	2288	2308	2425	2628	2954	3291	3487	3546	3482	3352	3186	3023	2757	2594	2373	2242	2133	
165	1080	95.0	95.0	1	0	0	2	898	1032	1362	1851	2506	3042	3394	3514	3519	3401	3223	3005	2766	2567	2437	2295	2323	2434	2681	2944	3308	3517	3554	3516	3366	3196	2991	2814	2573	2411	2275	2104	
165	1097	95.0	95.0	1	0	0	2	904	1019	1329	1857	2481	3040	3375	3528	3516	3398	3186	2994	2764	2558	2410	2308	2308	2415	2706	2948	3309	3492	3549	3482	3330	3190	2940	2786	2592	2379	2251	2119	
165	1115	95.0	95.0	1	0	0	2	896	1034	1338	1845	2459	3039	3396	3520	3516	3396	3248	2994	2771	2548	2404	2292	2310	2407	2680	2988	3295	3498	3566	3493	3349	3187	3000	2779	2595	2409	2260	2127	
165	1132	95.0	95.0	1	0	0	2	910	1036	1339	1846	2472	3037	3402	3556	3522	3379	3227	3016	2791	2568	2409	2307	2293	2424	2666	2992	3316	3488	3573	3502	3346	3168	3043	2799	2582	2408	2249	2097	
165	1149	95.0	95.0	1	0	0	2	902	1020	1372	1851	2470	3035	3379	3535	3522	3404	3204	3008	2800	2581	2423	2328	2299	2408	2683	2999	3313	3492	3563	3522	3370	3233	3003	2784	2591	2409	2271	2114	
165	1166	95.0	95.0	1	0	0	2	888	1024	1353	1874	2451	3036	3389	3526	3559	3396	3242	3036	2792	2569	2384	2327	2298	2400	2617	2991	3282	3461	3566	3502	3325	3192	3015	2779	2548	2413	2240	2111	
165	1184	94.9	95.0	1	0	0	2	874	1035	1329	1836	2451	3028	3423	3523	3554	3379	3192	3003	2803	2556	2436	2296	2296	2409	2663	3030	3265	3514	3562	3489	3333	3203	3010	2795	2538	2392	2258	2109	
165	1201	94.9	95.0	1	0	0	2	899	1023	1350	1861	2481	3037	3388	3552	3534	3413	3219	2999	2776	2572	2420	2349	2283	2440	2642	3006	3303	3491	3577	3488	3363	3203	3005	2752	2589	2415	2253	2133	
165	1218	94.9	95.0	1	0	0	2	901	1023	1340	1880	2480	2976	3416	3524	3570	3404	3226	3027	2808	2549	2423	2320	2300	2423	2667	2958	3310	3488	3573	3509	3341	3159	3017	2760	2602	2398	2246	2102	
165	1235	94.9	95.0	1	0	0	2	905	1023	1341	1834	2496	3029	3395	3536	3529	3411	3234	3029	2793	2572	2407	2323	2286	2414	2673	3006	3335	3534	3562	3511	3354	3178	2944	2810	2574	2406	2261	2128	
165	1253	94.9	95.0	1	0	0	2	909	1009	1338	1855	2465	3048	3420	3544	3568	3420	3243	3007	2811	2570	2438	2320	2311	2433	2687	2976	3293	3487	3551	3518	3354	3188	2949	2776	2604	2399	2260	2140	
165	1270	95.0	95.0	1	0	0	2	907	1028	1352	1878	2453	3039	3434	3531	3533	3373	3227	3028	2810	2573	2437	2352	2311	2379	2667	2993	3317	3472	3576	3481	3351	3170	3007	2790	2601	2414	2259	2121	
165	1287	95.0	95.0	1	0	0	2	909	1043	1315	1866	2502	3078	3404	3545	3541	3386	3233	3030	2814	2589	2416	2281	2287	2428	2676	2959	3314	3485	3552	3515	3357	3197	2984	2815	2573	2394	2240	2111	
165	1316	95.0	95.0	1	1	0	2	914	1026	1339	1878	2472	3046	3377	3537	3557	3402	3210	3004	2805	2549	2408	2326	2290	2429	2660	3022	3307	3503	3611	3495	3350	3164	2993	2798	2612	2403	2263	2116	
165	1378	60.0	60.8	1	1	1	2	992	1197	1925	2980	4276	5330	6059	6185	6077	5690	5275	4811	4376	3934	3552	3270	3103	3156	3385	3742	4169	4425	4541	4439	4184	3976	3645	3384	3067	2850	2624	2427	
165	1395	60.0	60.1	1	1	1	2	965	1203	1903	3037	4302	5408	6052	6260	6092	5759	5345	4877	4410	3957	3561	3291	3103	3129	3385	3750	4163	4425	4540	4440	4260	3954	3666	3382	3086	2837	2653	2430	
165	1412	59.9	60.0	1	1	1	2	974	1220	1932	3020	4340	5440	6092	6227	6121	5703	5314	4872	4394	3916	3600	3267	3079	3112	3361	3717	4142	4420	4505	4388	4170	3962	3692	3361	3061	2810	2640	2430	
165	1430	59.9	60.0	1	1	1	2	960	1238	1917	3014	4302	5451	6088	6183	6064	5729	5311	4906	4385	3921	3546	3260	3089	3144	3378	3733	4149	4418	4531	4406	4210	3942	3674	3350	3032	2847	2600	2438	
165	1447	60.0	60.0	1	1	1	2	969	1256	1916	3014	4339	5448	6126	6220	6119	5739	5309	4858	4395	3911	3579	3283	3122	3130	3414	3728	4136	4422	4560	4460	4188	3933	3687	3392	3053	2832	2635	2437	
165	1464	60.0	60.0	1	1	1	2	972	1238	1922	2997	4305	5427	6071	6210	6088	5698	5347	4863	4417	3939	3568	3278	3120	3141	3379	3758	4180	4428	4542	4429	4232	3975	3657	3343	3063	2845	2620	2429	
165	1481	59.9	60.0	1	1	1	2	964	1230	1910	2983	4278	5418	6076	6309	6116	5728	5319	4825	4444	3957	3561	3262	3103	3159	3382	3757	4177	4392	4482	4448	4200	3949	3695	3402	3078	2819	2597	2441	
165	1544	95.2	94.3	2	1	0	2	900	1056	1373	1908	2526	3118	3504	3642	3634	3466	3350	3094	2852	2630	2461	2354	2335	2454	2690	3052	3338	3536	3649	3559	3446	3232	3034	2819	2620	2447	2295	2125	
165	1561	94.9	95.0	2	1	0	2	889	1050	1333	1881	2479	3051	3454	3595	3577	3460	3260	3029	2850	2594	2443	2339	2313	2441	2697	2992	3325	3547	3597	3541	3371	3233	3010	2817	2601	2461	2264	2131	
165	1624	59.9	60.8	2	1	1	2	960	1222	1908	3013	4260	5372	6039	6202	6106	5728	5335	4799	4437	3885	3568	3281	3104	3131	3387	3735	4130	4422	4510	4410	4227	3978	3660	3388	3090	2794	2634	2441	
165	1641	60.0	60.1	2	1	1	2	973	1230	1927	3027	4283	5428	6089	6252	6074	5786	5322	4864	4420	3918	3584	3280	3118	3129	3371	3758	4189	4426	4517	4424	4184	3961	3666	3397	3075	2821	2603	2444	
165	1658	60.0	60.0	2	1	1	2	962	1221	1928	2978	4308	5424	6090	6245	6130	5817	5305	4859	4411	3913	3553	3299	3103	3102	3400	3766	4149	4432	4559	4416	4224	3955	3681	3395	3080	2817	2620	2416	
165	1676	60.0	60.0	2	1	1	2	971	1264	1925	3033	4328	5456	6119	6272	6139	5751	5360	4889	4440	3967	3620	3290	3098	3171	3428	3768	4201	4435	4555	4444	4302	3970	3693	3393	3099	2827	2619	2437	
165	1693	60.0	60.0	2	1	1	2	978	1258	1954	3024	4336	5478	6155	6320	6154	5826	5407	4918	4510	3986	3596	3324	3146	3168	3443	3778	4194	4393	4536	4459	4249	3973	3684	3396	3116	2855	2636	2485	
165	1710	60.0	60.0	2	1	1	2	956	1259	1933	3007	4328	5492	6134	6267	6161	5756	5410	4844	4424	3936	3576	3322	3134	3159	3403	3740	4161	4421	4545	4449	4235	3962	3727	3386	3079	2820	2620	2461	
165	1727	59.9	60.0	2	1	1	2	976	1241	1943	3009	4315	5470	6142	6289	6146	5741	5305	4866	4433	3948	3587	3309	3119	3163	3398	3753	4188	4431	4516	4451	4209	3968	3736	3360	3096	2835	2614	2433	
165	1790	95.4	94.5	3	1	0	2	899	993	1360	1900	2511	3085	3474	3615	3584	3494	3316	3075	2842	2606	2466	2341	2339	2453	2694	3002	3343	3545	3646	3547	3405	3240	3021	2829	2641	2442	2271	2132	
165	1807	95.0	95.0	3	1	0	2	900	1049	1347	1890	2489	3098	3416	3587	3583	3468	3268	3067	2824	2647	2455	2341	2330	2433	2676	2992	3332	3522	3576	3530	3418	3197	3035	2818	2601	2433	2266	2134	
165	1870	59.9	60.8	3	1	1	2	966	1226	1900	3035	4274	5412	6064	6286	6045	5769	5316	4859	4405	3928	3533	3281	3128	3161	3380	3721	4202	4431	4585	4452	4206	3964	3669	3403	3108	2849	2651	2466	
165	1887	60.0	60.1	3	1	1	2	972	1228	1911	3015	4321	5429	6116	6238	6145	5750	5378	4852	4423	3947	3570	3310	3106	3152	3387	3746	4175	4414	4575	4468	4238	3960	3664	3382	3109	2810	2617	2440	
165	1904	59.9	60.0	3	1	1	2	974	1231	1907	3011	4280	5463	6139	6261	6150	5811	5331	4896	4428	3947	3638	3288	3151	3143	3351	3749	4202	4472	4554	4480	4218	3951	3685	3392	3088	2857	2656	2467	
165	1922	60.0	60.0	3	1	1	2	968	1226	1938	3014	4318	5483	6139	6311	6216	5768	5345	4920	4447	3975	3584	3298	3135	3167	3421	3774	4160	4512	4565	4445	4231	3952	3696	3394	3061	2858	2643	2422	
165	1939	59.9	60.0	3	1	1	2	974	1254	1929	3046	4329	5530	6171	6347	6152	5813	5380	4955	4441	3990	3599	3273	3125	3184	3429	3758	4203	4452	4561	4453	4241	3998	3683	3399	3111	2852	2640	2474	
165	1956	59.9	60.0	3	1	1	2	984	1238	1937	3027	4305	5492	6120	6276	6133	5806	5360	4928	4454	3947	3592	3301	3121	3138	3417	3785	4212	4404	4524	4488	4263	3993	3702	3384	3112	2868	2674	2448	
165	1973	60.0	60.0	3	1	1	2	956	1238	1924	3037	4319	5472	6122	6313	6139	5800	5400	4914	4445	3957	3581	3308	3152	3160	3396	3757	4152	4428	4526	4446	4269	4004	3678	3391	3108	2836	2668	2443	
165	2036	95.3	94.3	4	1	0	2	891	1028	1364	1893	2534	3102	3521	3652	3641	3521	3338	3113	2885	2635	2463	2368	2328	2454	2712	3014	3374	3555	3637	3579	3417	3208	3035	2838	2631	2436	2272	2130	
165	2053	94.9	95.0	4	1	0	2	921	1021	1360	1874	2471	3061	3440	3589	3569	3447	3285	3059	2843	2571	2440	2356	2303	2424	2686	2988	3349	3548	3610	3527	3370	3180	3047	2798	2594	2448	2243	2148	
165	2116	59.9	60.8	4	1	1	2	959	1231	1880	3004	4264	5429	6035	6216	6095	5747	5289	4846	4358	3917	3549	3258	3091	3096	3369	3758	4173	4436	4533	4444	4248	3961	3699	3354	3068	2819	2612	2425	
165	2133	60.0	60.1	4	1	1	2	970	1205	1902	2994	4317	5390	6083	6229	6074	5724	5307	4864	4361	3917	3538	3290	3122	3143	3434	3709	4135	4422	4527	4428	4214	3960	3678	3377	3066	2827	2642	2412	
165	2151	59.9	60.0	4	1	1	2	938	1255	1936	3030	4317	5426	6034	6248	6066	5768	5339	4886	4334	3933	3573	3298	3100	3151	3416	3767	4171	4399	4492	4424	4256	3975	3706	3400	3069	2836	2604	2443	
165	2168	60.0	60.0	4	1	1	2	958	1241	1917	3032	4297	5427	6105	6255	6088	5750	5329	4862	4440	3989	3562	3272	3133	3154	3386	3745	4195	4416	4530	4413	4189	3968	3663	3364	3084	2832	2631	2416	
165	2185	60.0	60.0	4	1	1	2	989	1236	1910	3007	4280	5438	6073	6227	6124	5792	5332	4881	4415	3899	3569	3290	3118	3142	3411	3781	4207	4406	4547	4430	4221	3964	3710	3369	3100	2817	2642	2422	
165	2202	60.0	60.0	4	1	1	2	958	1241	1929	3039	4313	5454	6108	6247	6121	5744	5363	4839	4407	3960	3557	3297	3114	3104	3364	3741	4179	4409	4505	4415	4222	3966	3681	3370	3098	2837	2633	2444	
165	2220	59.9	60.0	4	1	1	2	958	1252	1935	3033	4293	5388	6104	6243	6086	5724	5328	4852	4417	3929	3574	3267	3104	3130	3381	3758	4154	4402	4598	4452	4208	3966	3670	3347	3064	2820	2610	2438	
165	2282	95.3	94.4	5	1	0	2	906	1025	1370	1880	2514	3081	3435	3601	3636	3510	3287	3065	2813	2600	2430	2345	2326	2428	2688	2978	3345	3542	3590	3524	3362	3205	3048	2802	2590	2418	2260	2132	
165	2299	94.9	95.0	5	1	0	2	895	1016	1364	1870	2470	3045	3410	3539	3551	3431	3246	3050	2822	2577	2426	2313	2291	2450	2674	2997	3305	3511	3560	3517	3373	3197	2988	2817	2604	2413	2278	2138	
165	2362	59.9	60.8	5	1	1	2	967	1227	1898	3002	4327	5412	6048	6225	6103	5712	5284	4845	4387	3923	3569	3273	3111	3131	3386	3741	4174	4388	4508	4405	4224	3968	3686	3360	3083	2811	2641	2437	
165	2379	60.0	60.1	5	1	1	2	962	1242	1922	3007	4276	5401	6076	6259	6063	5711	5316	4858	4378	3895	3577	3278	3119	3129	3380	3749	4140	4459	4528	4413	4225	3976	3651	3357	3096	2821	2634	2456	
165	2397	59.9	60.0	5	1	1	2	970	1246	1919	3009	4275	5395	6049	6192	6060	5762	5334	4857	4382	3920	3573	3251	3077	3131	3374	3728	4139	4416	4498	4423	4202	3979	3682	3345	3115	2843	2602	2449	
165	2414	60.0	60.0	5	1	1	2	962	1244	1923	3036	4312	5426	6094	6248	6126	5747	5347	4865	4406	3988	3612	3260	3140	3138	3389	3728	4189	4428	4539	4462	4206	3968	3669	3371	3070	2842	2636	2434	
165	2431	60.0	60.0	5	1	1	2	980	1259	1932	3012	4319	5404	6106	6239	6145	5799	5332	4879	4432	3964	3587	3315	3107	3157	3394	3767	4173	4443	4554	4414	4212	3938	3657	3407	3090	2832	2653	2449	
165	2448	59.9	60.0	5	1	1	2	964	1237	1952	3037	4312	5414	6118	6234	6103	5775	5367	4839	4424	3947	3573	3288	3096	3184	3403	3737	4142	4384	4544	4463	4210	3949	3676	3394	3096	2812	2612	2438	
165	2466	59.9	60.0	5	1	1	2	963	1235	1932	3045	4283	5461	6091	6232	6105	5770	5344	4883	4390	3943	3587	3291	3073	3144	3401	3772	4190	4437	4549	4445	4228	3960	3696	3364	3068	2824	2604	2451	
165	2528	95.3	94.3	6	1	0	2	913	1027	1357	1869	2488	3100	3467	3589	3579	3457	3273	3028	2878	2604	2452	2330	2313	2435	2690	2969	3330	3559	3595	3540	3385	3230	3023	2842	2595	2443	2284	2115	
165	2546	94.9	95.0	6	1	0	2	905	1030	1342	1872	2460	3057	3437	3589	3537	3423	3241	3039	2801	2612	2458	2321	2333	2413	2658	2957	3300	3487	3571	3485	3360	3208	3003	2794	2558	2428	2264	2109	
165	2608	59.9	60.8	6	1	1	2	965	1230	1895	2999	4240	5337	6000	6132	6005	5684	5264	4802	4386	3905	3552	3256	3101	3088	3393	3728	4108	4374	4490	4352	4211	3970	3665	3356	3075	2805	2608	2431	
165	2626	60.0	60.1	6	1	1	2	965	1226	1899	3000	4265	5361	6033	6171	6029	5715	5277	4805	4362	3903	3550	3243	3098	3128	3320	3742	4148	4400	4484	4406	4198	3973	3668	3360	3061	2826	2616	2401	
165	2643	60.0	60.0	6	1	1	2	971	1227	1935	2976	4281	5397	6052	6232	6047	5717	5284	4863	4411	3886	3537	3285	3078	3141	3372	3761	4175	4458	4508	4412	4194	3949	3638	3383	3091	2836	2606	2435	
165	2660	60.0	60.0	6	1	1	2	969	1236	1937	3017	4322	5395	6070	6244	6096	5790	5312	4833	4423	3939	3596	3288	3110	3172	3396	3755	4196	4406	4519	4414	4209	3986	3662	3398	3053	2814	2658	2426	
165	2677	60.0	60.0	6	1	1	2	972	1237	1908	3026	4278	5428	6075	6236	6122	5726	5326	4873	4424	3911	3604	3261	3107	3153	3398	3760	4159	4417	4540	4447	4218	3958	3676	3387	3077	2808	2622	2422	
165	2695	60.0	60.0	6	1	1	2	969	1238	1907	3000	4282	5424	6083	6180	6069	5750	5294	4869	4374	3920	3581	3284	3105	3122	3402	3745	4188	4389	4506	4378	4215	3920	3678	3340	3059	2824	2635	2436	
165	2712	59.9	60.0	6	1	1	2	973	1248	1920	3028	4255	5415	6100	6169	6058	5725	5284	4858	4369	3910	3555	3274	3104	3098	3384	3732	4112	4365	4488	4402	4186	3964	3661	3340	3066	2841	2628	2436	
165	2774	95.4	94.5	7	1	0	2	910	1030	1351	1897	2503	3074	3427	3607	3580	3452	3306	3039	2851	2596	2461	2353	2320	2435	2663	3012	3308	3498	3558	3530	3390	3192	2988	2798	2577	2426	2271	2096	
165	2792	95.0	95.0	7	1	0	2	895	1044	1345	1853	2464	3055	3414	3563	3582	3398	3252	3045	2794	2605	2416	2307	2304	2453	2664	2965	3306	3478	3551	3475	3346	3186	2982	2779	2601	2426	2244	2127	
165	2854	59.9	60.8	7	1	1	2	957	1214	1886	2970	4219	5334	5961	6099	5939	5640	5194	4781	4328	3865	3500	3209	3038	3082	3348	3715	4103	4361	4436	4341	4142	3909	3632	3322	3048	2802	2599	2412	
165	2872	60.1	60.1	7	1	1	2	966	1276	1873	2972	4218	5338	5974	6125	5998	5671	5207	4761	4333	3879	3537	3239	3081	3095	3349	3714	4110	4341	4465	4366	4174	3903	3649	3334	2999	2800	2602	2399	
165	2889	60.0	60.0	7	1	1	2	958	1222	1892	2948	4226	5351	5967	6122	6038	5708	5244	4775	4372	3875	3533	3253	3068	3082	3340	3686	4169	4387	4499	4365	4144	3927	3628	3341	3030	2806	2573	2407	
165	2906	60.0	60.0	7	1	1	2	965	1239	1907	3001	4223	5380	6008	6181	5996	5689	5281	4806	4343	3888	3552	3259	3090	3120	3351	3716	4092	4365	4492	4397	4188	3938	3663	3373	3030	2796	2612	2397	
165	2923	59.9	60.0	7	1	1	2	960	1233	1918	2961	4266	5396	5993	6170	6025	5706	5224	4804	4368	3913	3555	3236	3077	3118	3336	3716	4127	4402	4513	4391	4174	3921	3651	3344	3033	2816	2617	2424	
165	2941	60.0	60.0	7	1	1	2	977	1225	1919	2978	4229	5357	6002	6204	6052	5710	5243	4796	4360	3921	3508	3249	3093	3095	3384	3685	4121	4360	4458	4399	4155	3900	3675	3322	3062	2799	2580	2413	
165	2958	60.0	60.0	7	1	1	2	961	1228	1892	2973	4242	5360	6000	6142	6010	5695	5246	4808	4336	3828	3546	3241	3073	3135	3322	3696	4105	4375	4461	4354	4136	3886	3640	3325	3040	2784	2605	2443	
165	3022	95.4	94.5	8	1	0	2	901	1032	1360	1880	2485	3034	3395	3574	3550	3457	3248	3011	2823	2566	2434	2320	2306	2431	2669	2968	3289	3489	3529	3542	3366	3201	2978	2762	2556	2429	2258	2102	
165	3040	95.0	95.0	8	1	0	2	911	1022	1337	1833	2433	3032	3407	3531	3507	3412	3215	3027	2802	2587	2400	2306	2290	2432	2612	2960	3282	3454	3541	3468	3360	3164	2966	2783	2554	2362	2249	2072	
165	3102	59.9	60.8	8	1	1	2	966	1215	1901	2948	4204	5299	5962	6183	6018	5643	5175	4784	4330	3892	3479	3201	3055	3107	3321	3705	4088	4354	4445	4381	4197	3905	3638	3330	3051	2792	2583	2386	
165	3119	60.0	60.1	8	1	1	2	977	1212	1904	2958	4191	5318	5931	6124	5968	5633	5144	4774	4297	3850	3534	3223	3074	3066	3314	3706	4072	4340	4488	4323	4184	3913	3631	3305	3044	2801	2595	2405	
165	3136	59.9	60.0	8	1	1	2	957	1216	1877	2948	4260	5375	5953	6133	5976	5642	5227	4795	4322	3841	3536	3209	3079	3104	3354	3691	4096	4367	4449	4387	4193	3929	3643	3322	3037	2788	2573	2395	
165	3153	60.0	60.0	8	1	1	2	972	1216	1910	2986	4239	5352	5974	6119	6064	5663	5232	4818	4360	3868	3556	3255	3070	3121	3348	3724	4088	4369	4489	4371	4137	3952	3647	3332	3032	2785	2625	2401	
165	3171	59.9	60.0	8	1	1	2	965	1223	1917	2980	4246	5351	6032	6185	6030	5689	5301	4751	4344	3882	3508	3214	3065	3105	3333	3733	4143	4387	4474	4393	4167	3913	3634	3356	3034	2791	2570	2415	
165	3188	59.9	60.0	8	1	1	2	959	1225	1933	2984	4227	5333	5996	6168	6034	5685	5226	4804	4353	3915	3535	3231	3083	3097	3331	3718	4104	4366	4425	4389	4181	3925	3663	3332	3012	2814	2599	2401	
165	3205	59.9	60.0	8	1	1	2	947	1234	1898	3001	4240	5345	6013	6141	6057	5619	5266	4798	4332	3876	3471	3229	3062	3058	3315	3724	4086	4370	4463	4355	4178	3878	3662	3323	3060	2798	2573	2420	
165	3268	95.2	94.3	9	1	0	2	908	1020	1349	1872	2530	3092	3430	3580	3570	3434	3229	3010	2820	2553	2424	2325	2293	2386	2630	2950	3293	3477	3581	3496	3316	3178	3016	2794	2579	2398	2247	2101	
165	3285	94.9	95.0	9	1	0	2	907	1023	1328	1880	2465	3027	3392	3512	3519	3394	3220	3028	2770	2599	2380	2299	2286	2421	2639	2967	3289	3455	3538	3457	3316	3200	2980	2787	2556	2379	2254	2112	
165	3348	60.1	60.8	9	1	1	2	992	1217	1898	2937	4173	5274	5918	6069	5952	5593	5190	4736	4279	3831	3512	3220	3057	3062	3327	3672	4079	4316	4441	4320	4121	3912	3614	3322	3034	2765	2570	2391	
165	3365	60.0	60.1	9	1	1	2	957	1228	1904	2962	4190	5284	5918	6089	5954	5595	5178	4771	4290	3850	3497	3225	3055	3086	3322	3677	4077	4334	4409	4346	4128	3888	3597	3327	3008	2796	2569	2412	
165	3382	60.0	60.0	9	1	1	2	977	1227	1882	2990	4233	5330	5972	6094	5966	5663	5227	4735	4308	3842	3502	3245	3072	3086	3305	3657	4091	4332	4488	4336	4158	3902	3663	3294	3038	2774	2604	2385	
165	3399	60.0	60.0	9	1	1	2	946	1232	1924	2942	4224	5349	5963	6079	5969	5665	5194	4741	4353	3912	3520	3212	3046	3104	3286	3702	4133	4347	4421	4363	4142	3892	3635	3312	3046	2772	2565	2415	
165	3417	60.0	60.0	9	1	1	2	954	1235	1916	2980	4266	5341	5999	6137	6032	5633	5269	4758	4319	3872	3547	3252	3077	3117	3324	3687	4101	4324	4458	4360	4127	3897	3601	3345	3020	2782	2579	2405	
165	3434	59.9	60.0	9	1	1	2	963	1223	1913	2982	4214	5331	5972	6091	5977	5688	5208	4830	4325	3839	3493	3228	3048	3109	3342	3703	4096	4358	4439	4365	4183	3877	3605	3318	3011	2814	2581	2421	
165	3451	59.9	60.0	9	1	1	2	966	1229	1902	2935	4214	5329	5920	6104	5926	5619	5216	4737	4313	3872	3510	3210	3093	3078	3308	3688	4103	4310	4444	4332	4155	3900	3645	3290	3063	2786	2576	2389	
165	3514	95.4	94.5	10	1	0	2	896	1029	1363	1854	2480	3056	3405	3520	3524	3419	3233	3031	2810	2575	2398	2304	2252	2441	2631	2952	3237	3429	3551	3479	3318	3158	2948	2775	2542	2393	2257	2099	
165	3531	94.9	95.0	10	1	0	2	904	1008	1346	1834	2449	3012	3376	3472	3512	3374	3202	2991	2757	2526	2377	2282	2276	2360	2632	2918	3247	3429	3514	3471	3291	3119	2961	2752	2530	2395	2234	2072	
165	3594	60.0	60.8	10	1	1	2	960	1222	1871	2931	4138	5265	5834	6037	5912	5556	5104	4727	4280	3805	3502	3200	3030	3084	3277	3698	4025	4299	4441	4306	4121	3892	3587	3309	3016	2763	2542	2410	
165	3611	60.0	60.1	10	1	1	2	983	1222	1882	2970	4170	5236	5854	6037	5910	5573	5171	4702	4238	3824	3446	3171	3025	3063	3294	3623	4068	4316	4379	4321	4125	3838	3581	3303	3004	2792	2580	2375	
165	3628	59.9	60.0	10	1	1	2	957	1221	1896	2940	4192	5263	5922	6046	5897	5612	5188	4748	4311	3848	3513	3190	3051	3091	3301	3674	4082	4316	4412	4320	4148	3846	3592	3324	3032	2741	2556	2395	
165	3646	60.0	60.0	10	1	1	2	966	1229	1896	2915	4212	5343	5957	6081	5942	5637	5254	4738	4291	3849	3467	3204	3043	3067	3338	3680	4096	4322	4426	4330	4112	3919	3585	3273	3024	2815	2579	2387	
165	3663	60.0	60.0	10	1	1	2	959	1227	1924	2964	4210	5280	5922	6079	5927	5652	5235	4774	4306	3844	3488	3241	3044	3071	3311	3656	4092	4307	4387	4356	4093	3860	3594	3323	3006	2774	2540	2397	
165	3680	60.0	60.0	10	1	1	2	959	1233	1886	2975	4203	5303	5917	6083	5980	5622	5115	4778	4329	3836	3489	3185	3043	3075	3334	3660	4062	4309	4425	4308	4134	3885	3605	3312	3008	2778	2567	2373	
165	3697	59.9	60.0	10	1	1	2	962	1232	1899	2965	4209	5303	5899	6063	5933	5603	5155	4720	4317	3872	3481	3239	3023	3058	3296	3676	4046	4268	4423	4336	4114	3839	3543	3286	3027	2761	2567	2386	
165	3760	95.2	94.3	11	1	0	2	898	1020	1346	1882	2473	3045	3385	3540	3529	3398	3181	2978	2796	2559	2410	2290	2312	2389	2668	2945	3265	3439	3530	3435	3348	3175	2965	2750	2562	2390	2255	2096	
165	3777	94.9	95.0	11	1	0	2	901	1024	1355	1848	2432	2998	3371	3489	3445	3383	3192	2996	2752	2556	2396	2308	2295	2363	2602	2935	3270	3407	3498	3447	3265	3132	2953	2727	2542	2370	2272	2088	
165	3840	60.0	60.8	11	1	1	2	978	1205	1891	2919	4114	5239	5909	6008	5883	5587	5108	4667	4285	3791	3481	3181	3020	3059	3286	3606	4014	4309	4378	4303	4104	3852	3585	3289	2983	2748	2578	2373	
165	3857	60.1	60.1	11	1	1	2	972	1220	1865	2911	4176	5218	5919	6059	5894	5533	5166	4725	4286	3809	3473	3202	3016	3069	3268	3644	4057	4301	4410	4336	4116	3865	3597	3278	2986	2764	2569	2379	
165	3874	59.9	60.0	11	1	1	2	956	1205	1888	2933	4149	5233	5874	6004	5933	5609	5146	4709	4261	3819	3464	3186	3035	3073	3275	3642	4081	4317	4427	4287	4074	3834	3580	3318	2978	2772	2536	2363	
165	3892	59.9	60.0	11	1	1	2	963	1239	1891	2961	4159	5260	5953	6085	5902	5610	5235	4702	4264	3815	3523	3180	3039	3063	3305	3645	4025	4333	4438	4301	4122	3865	3596	3303	3014	2755	2554	2381	
165	3909	60.0	60.0	11	1	1	2	954	1234	1888	2963	4187	5275	5907	6084	5964	5555	5189	4772	4298	3854	3475	3183	3037	3074	3292	3641	4032	4310	4441	4353	4107	3859	3600	3292	2984	2768	2546	2402	
165	3926	59.9	60.0	11	1	1	2	978	1220	1900	2935	4179	5266	5934	6057	5908	5615	5173	4747	4234	3804	3480	3201	3020	3111	3271	3668	4023	4285	4435	4311	4096	3847	3594	3253	3001	2771	2551	2423	
165	3943	59.9	60.0	11	1	1	2	952	1223	1884	2920	4146	5248	5863	6029	5894	5562	5175	4720	4281	3826	3460	3176	3056	3059	3293	3679	4031	4265	4431	4261	4072	3863	3586	3304	2993	2761	2565	2364	
165	4008	95.3	94.5	12	1	0	2	899	1033	1346	1872	2508	3013	3388	3513	3496	3403	3219	3004	2791	2533	2398	2312	2268	2374	2640	2917	3256	3449	3497	3422	3273	3107	2956	2722	2540	2386	2208	2082	
165	4025	94.9	95.0	12	1	0	2	915	1033	1324	1829	2439	2995	3346	3481	3459	3380	3149	2976	2749	2534	2409	2263	2261	2383	2627	2945	3228	3406	3481	3410	3270	3133	2921	2702	2541	2360	2235	2059	
165	4086	60.1	60.8	12	1	1	2	963	1214	1874	2912	4115	5224	5838	6032	5890	5531	5099	4693	4282	3811	3437	3156	3022	3032	3294	3620	4067	4267	4365	4248	4075	3822	3552	3296	3023	2729	2550	2353	
165	4103	60.0	60.1	12	1	1	2	959	1223	1882	2934	4166	5237	5857	5988	5896	5549	5144	4671	4277	3802	3467	3159	3006	3037	3292	3659	4052	4300	4403	4302	4053	3841	3567	3313	2977	2764	2576	2383	
165	4120	59.9	60.0	12	1	1	2	951	1224	1865	2953	4165	5248	5830	6028	5874	5534	5168	4668	4281	3836	3448	3205	3029	3052	3280	3643	4020	4288	4373	4287	4081	3844	3578	3291	2981	2767	2580	2391	
165	4138	60.0	60.0	12	1	1	2	960	1216	1893	2924	4161	5255	5885	6024	5892	5583	5178	4712	4265	3823	3456	3173	3028	3063	3303	3629	4040	4294	4389	4327	4107	3852	3596	3302	2982	2743	2558	2388	
165	4155	60.0	60.0	12	1	1	2	957	1216	1896	2936	4182	5256	5866	6072	5915	5582	5166	4708	4276	3825	3492	3187	3015	3050	3278	3660	4037	4323	4382	4295	4106	3859	3572	3256	2999	2768	2584	2376	
165	4172	59.9	60.0	12	1	1	2	966	1203	1882	2948	4198	5220	5866	6058	5896	5540	5150	4718	4288	3801	3479	3184	3021	3086	3283	3638	4009	4313	4412	4321	4074	3845	3614	3269	2996	2715	2582	2401	
165	4189	60.0	60.0	12	1	1	2	967	1224	1874	2917	4151	5246	5856	5997	5884	5562	5120	4682	4285	3823	3444	3179	3016	3032	3297	3666	4040	4299	4389	4280	4077	3812	3596	3268	2983	2752	2568	2382	
165	4252	95.2	94.3	13	1	0	2	911	1029	1353	1842	2464	3045	3380	3527	3503	3415	3192	2977	2798	2553	2405	2299	2288	2360	2672	2923	3243	3439	3523	3434	3303	3147	2943	2733	2547	2367	2219	2068	
165	4269	94.9	95.0	13	1	0	2	895	1024	1326	1817	2432	2962	3334	3467	3457	3341	3140	2982	2741	2530	2387	2253	2251	2360	2594	2888	3202	3388	3484	3412	3240	3131	2900	2697	2518	2350	2209	2079	
165	4332	60.0	60.8	13	1	1	2	954	1213	1864	2917	4119	5215	5798	5945	5811	5484	5086	4687	4235	3781	3424	3152	3013	3048	3272	3640	4030	4250	4333	4250	4066	3840	3571	3268	2966	2732	2529	2361	
165	4349	60.1	60.1	13	1	1	2	962	1218	1884	2895	4108	5180	5858	5968	5878	5507	5137	4683	4231	3780	3432	3153	2994	3035	3291	3610	4020	4254	4367	4259	4050	3875	3560	3249	2977	2722	2548	2347	
165	4366	60.0	60.0	13	1	1	2	968	1221	1903	2914	4171	5240	5915	5979	5884	5558	5118	4716	4209	3791	3436	3163	3007	3028	3254	3606	4027	4288	4342	4262	4056	3824	3595	3254	2979	2726	2535	2384	
165	4384	59.9	60.0	13	1	1	2	967	1208	1881	2907	4166	5230	5820	6018	5828	5553	5157	4672	4227	3764	3488	3187	3020	3040	3269	3657	4043	4261	4360	4321	4106	3829	3576	3283	2982	2754	2511	2371	
165	4401	59.9	60.0	13	1	1	2	965	1231	1865	2960	4165	5255	5867	6027	5895	5553	5167	4685	4269	3830	3493	3190	3014	3020	3240	3644	4026	4269	4368	4256	4104	3854	3571	3282	3003	2749	2534	2371	
165	4418	59.9	60.0	13	1	1	2	965	1210	1883	2947	4169	5220	5865	6010	5868	5497	5131	4724	4282	3776	3448	3202	3016	3039	3257	3588	4021	4245	4352	4292	4081	3832	3568	3243	2980	2741	2555	2386	
165	4435	59.9	60.0	13	1	1	2	953	1220	1864	2900	4155	5179	5850	5982	5872	5542	5097	4688	4241	3812	3461	3180	2975	3052	3282	3651	4003	4283	4386	4269	4073	3818	3536	3250	2988	2742	2518	2336	
165	4500	95.3	94.5	14	1	0	2	894	1024	1345	1830	2437	3010	3364	3485	3442	3348	3171	2963	2754	2539	2385	2312	2274	2377	2613	2896	3217	3395	3508	3397	3273	3130	2922	2716	2508	2366	2233	2083	
165	4517	94.9	95.0	14	1	0	2	896	1016	1325	1807	2444	2963	3324	3484	3461	3322	3167	2969	2705	2522	2364	2267	2267	2370	2570	2871	3201	3400	3490	3397	3261	3067	2897	2708	2493	2355	2181	2050	
165	4580	60.0	60.8	14	1	1	2	935	1213	1875	2899	4082	5151	5761	5926	5838	5498	5088	4611	4196	3784	3436	3161	2976	3014	3273	3584	4015	4223	4357	4219	4029	3819	3562	3285	2981	2721	2532	2350	
165	4597	60.0	60.1	14	1	1	2	963	1205	1862	2879	4098	5193	5798	5964	5828	5463	5112	4657	4187	3794	3408	3168	2991	3023	3239	3613	4003	4240	4323	4242	4044	3839	3546	3239	2971	2722	2557	2337	
165	4615	60.0	60.0	14	1	1	2	953	1233	1860	2884	4141	5187	5823	6012	5881	5503	5116	4653	4211	3796	3438	3122	3021	3035	3248	3610	3983	4269	4351	4248	4056	3834	3547	3253	2973	2737	2527	2343	
165	4632	60.0	60.0	14	1	1	2	960	1222	1856	2914	4134	5216	5831	5997	5861	5545	5116	4696	4225	3797	3452	3197	2981	3046	3253	3646	4039	4263	4385	4255	4109	3827	3543	3248	2983	2715	2552	2358	
165	4649	59.9	60.0	14	1	1	2	955	1206	1866	2917	4130	5178	5854	6007	5849	5518	5098	4721	4233	3803	3455	3177	2995	3017	3283	3616	4028	4234	4337	4277	4077	3818	3538	3284	2965	2760	2540	2348	
165	4666	60.0	60.0	14	1	1	2	963	1203	1873	2924	4137	5209	5814	6004	5857	5530	5138	4688	4244	3808	3429	3151	3020	3056	3250	3625	3998	4221	4377	4238	4058	3757	3556	3246	2951	2738	2526	2379	
165	4684	60.0	60.0	14	1	1	2	949	1234	1897	2916	4151	5212	5861	6044	5839	5550	5138	4642	4242	3776	3460	3164	3005	3032	3247	3641	4020	4269	4318	4242	4037	3770	3563	3263	2995	2744	2540	2360	
165	4748	95.3	94.4	15	1	0	2	896	1021	1351	1849	2449	2986	3338	3463	3476	3394	3161	2990	2756	2543	2370	2261	2245	2360	2596	2915	3210	3394	3491	3396	3239	3085	2929	2737	2520	2375	2196	2060	
165	4765	94.9	95.0	15	1	0	2	901	1018	1333	1830	2457	2971	3326	3465	3445	3357	3132	2983	2723	2511	2386	2205	2268	2343	2583	2884	3217	3374	3426	3368	3276	3084	2898	2725	2530	2336	2205	2048	
165	4828	60.0	60.8	15	1	1	2	949	1223	1849	2868	4097	5098	5778	5933	5773	5430	5054	4620	4187	3727	3389	3171	2962	3033	3225	3577	3956	4236	4308	4216	4050	3806	3523	3244	2932	2724	2543	2354	
165	4845	60.0	60.1	15	1	1	2	956	1220	1857	2877	4078	5143	5750	5963	5812	5457	5089	4640	4191	3746	3384	3132	2977	2982	3233	3596	3956	4208	4293	4254	4022	3769	3509	3222	2960	2701	2518	2346	
165	4863	59.9	60.0	15	1	1	2	958	1230	1906	2892	4095	5153	5812	5914	5824	5533	5087	4652	4207	3764	3419	3156	2970	3025	3232	3600	3987	4256	4303	4222	4049	3791	3547	3228	2962	2695	2568	2337	
165	4880	60.0	60.0	15	1	1	2	957	1214	1894	2890	4137	5197	5812	5912	5821	5498	5115	4624	4208	3737	3438	3155	2992	2994	3251	3579	4018	4204	4305	4259	4036	3785	3556	3253	2959	2726	2518	2362	
165	4897	60.0	60.0	15	1	1	2	955	1215	1825	2896	4114	5146	5787	5939	5803	5494	5037	4628	4229	3795	3416	3168	2977	3045	3249	3584	3960	4236	4353	4265	4036	3802	3514	3258	2956	2705	2544	2340	
165	4914	59.9	60.0	15	1	1	2	966	1228	1873	2887	4114	5144	5807	5971	5774	5459	5070	4672	4209	3760	3435	3149	2966	3025	3227	3579	3981	4203	4335	4247	4063	3810	3554	3220	2961	2722	2514	2353	
165	4932	60.0	60.0	15	1	1	2	934	1218	1865	2908	4134	5193	5750	5957	5778	5468	5098	4642	4178	3781	3449	3170	2965	2994	3229	3575	3968	4254	4319	4238	4051	3802	3521	3242	2951	2701	2538	2355	
165	4996	95.3	94.5	16	1	0	2	843	1022	1332	1838	2406	2966	3355	3480	3440	3350	3174	2978	2756	2540	2355	2256	2229	2358	2588	2860	3220	3384	3480	3441	3245	3094	2919	2736	2496	2364	2203	2070	
165	5013	94.9	95.0	16	1	0	2	889	1005	1320	1834	2393	2954	3314	3461	3463	3326	3161	2958	2715	2473	2364	2244	2241	2359	2590	2870	3196	3352	3403	3360	3224	3095	2885	2687	2505	2318	2178	2034	
165	5076	60.0	60.8	16	1	1	2	950	1205	1837	2881	4036	5119	5751	5867	5803	5440	5029	4633	4154	3762	3394	3119	2996	3012	3233	3592	3973	4238	4321	4241	4064	3788	3488	3211	2957	2726	2490	2335	
165	5093	60.0	60.1	16	1	1	2	957	1218	1858	2885	4068	5168	5785	5949	5787	5464	4962	4613	4213	3724	3408	3113	2978	3009	3245	3568	3967	4210	4322	4226	4012	3772	3506	3246	2915	2723	2509	2334	
165	5111	60.0	60.0	16	1	1	2	983	1228	1864	2873	4124	5174	5775	5947	5810	5494	4999	4630	4200	3760	3426	3156	3012	3022	3249	3584	3971	4228	4319	4244	4000	3768	3522	3211	2929	2707	2543	2358	
165	5128	60.0	60.0	16	1	1	2	974	1218	1864	2902	4097	5210	5797	5981	5800	5450	5078	4654	4232	3777	3459	3162	2981	3017	3258	3606	3972	4236	4342	4239	4051	3806	3514	3233	2963	2732	2545	2360	
165	5145	59.9	60.0	16	1	1	2	954	1229	1888	2890	4133	5199	5865	5939	5804	5479	5092	4655	4247	3777	3409	3147	2998	3003	3219	3556	3990	4230	4281	4231	4057	3810	3520	3236	2969	2728	2551	2363	
165	5162	59.9	60.0	16	1	1	2	971	1214	1857	2921	4088	5173	5796	5970	5792	5501	5089	4671	4213	3757	3476	3137	2996	3018	3231	3595	3982	4236	4293	4235	4031	3793	3548	3226	2948	2698	2511	2343	
165	5180	60.0	60.0	16	1	1	2	955	1216	1873	2920	4081	5196	5724	5964	5789	5483	5070	4635	4226	3757	3437	3119	2973	3013	3249	3571	3980	4202	4302	4259	3998	3799	3513	3238	2966	2711	2538	2364	
165	5242	95.2	94.2	17	1	0	2	892	1029	1339	1813	2429	3007	3326	3435	3475	3358	3160	2992	2758	2532	2379	2256	2239	2347	2586	2898	3213	3367	3460	3372	3270	3073	2889	2717	2513	2336	2190	2056	
165	5260	94.9	95.0	17	1	0	2	895	1013	1329	1829	2407	2955	3306	3457	3461	3322	3148	2917	2710	2518	2350	2260	2256	2339	2576	2856	3164	3336	3476	3346	3198	3072	2874	2697	2508	2314	2175	2056	
165	5322	60.0	60.8	17	1	1	2	949	1189	1847	2867	4059	5131	5720	5933	5751	5422	5040	4601	4158	3731	3396	3141	2960	2976	3216	3579	3964	4211	4297	4203	4008	3784	3508	3233	2908	2739	2514	2320	
165	5340	60.0	60.1	17	1	1	2	959	1210	1847	2855	4101	5145	5790	5880	5741	5463	5065	4606	4164	3737	3402	3110	2967	3012	3235	3580	3972	4223	4330	4265	4026	3792	3501	3182	2958	2690	2511	2326	
165	5357	60.0	60.0	17	1	1	2	944	1199	1861	2879	4101	5169	5790	5925	5846	5485	5029	4617	4192	3760	3381	3146	2968	3025	3237	3584	3979	4190	4309	4185	3979	3776	3518	3226	3002	2729	2504	2332	
165	5374	60.0	60.0	17	1	1	2	955	1220	1888	2866	4090	5160	5768	6004	5817	5457	5061	4665	4213	3732	3440	3155	2948	3035	3245	3623	3983	4204	4295	4242	4064	3782	3538	3229	2953	2700	2556	2353	
165	5391	60.0	60.0	17	1	1	2	957	1206	1858	2887	4114	5179	5784	5970	5847	5496	5076	4645	4194	3759	3422	3134	2997	3007	3254	3576	3971	4208	4346	4211	4030	3812	3519	3204	2980	2722	2542	2360	
165	5409	60.0	60.0	17	1	1	2	964	1248	1876	2887	4057	5159	5757	5935	5819	5460	5084	4636	4189	3775	3441	3142	2979	3009	3239	3557	3974	4219	4306	4220	4027	3775	3494	3167	2955	2711	2522	2352	
165	5426	59.9	60.0	17	1	1	2	959	1237	1869	2891	4103	5169	5776	5961	5830	5461	5036	4661	4233	3761	3435	3149	2968	2993	3254	3578	3961	4206	4320	4220	4038	3768	3509	3220	2971	2693	2498	2340	
165	5490	95.3	94.5	18	1	0	2	868	1020	1335	1815	2440	2938	3335	3467	3420	3322	3161	2950	2726	2504	2339	2253	2255	2355	2593	2865	3202	3354	3472	3366	3241	3096	2887	2700	2509	2315	2179	2039	
165	5508	94.9	95.0	18	1	0	2	886	1066	1325	1814	2399	2939	3292	3416	3416	3289	3124	2904	2722	2486	2357	2262	2211	2361	2537	2868	3187	3379	3427	3377	3242	3075	2881	2716	2489	2295	2193	2044	
165	5570	60.0	60.8	18	1	1	2	952	1197	1858	2845	4050	5106	5682	5878	5719	5411	5015	4620	4163	3755	3402	3086	2957	2990	3190	3573	3952	4169	4322	4200	4016	3754	3495	3208	2947	2695	2508	2326	
165	5588	60.1	60.1	18	1	1	2	984	1213	1847	2876	4041	5121	5728	5844	5733	5408	5026	4595	4170	3730	3380	3129	2956	2981	3215	3546	3954	4201	4271	4192	4022	3789	3481	3232	2974	2686	2499	2355	
165	5605	60.0	60.0	18	1	1	2	941	1207	1860	2851	4054	5113	5783	5890	5801	5422	5032	4602	4111	3732	3396	3127	2964	3008	3211	3548	3974	4250	4303	4232	4018	3764	3519	3204	2935	2678	2506	2327	
165	5622	59.9	60.0	18	1	1	2	957	1234	1844	2861	4040	5148	5748	5915	5776	5431	5056	4598	4157	3741	3420	3144	2968	3000	3218	3586	3968	4221	4326	4213	4040	3766	3479	3232	2973	2706	2522	2330	
165	5639	60.0	60.0	18	1	1	2	967	1226	1856	2877	4045	5132	5742	5904	5764	5442	5027	4617	4171	3701	3404	3118	2985	3015	3232	3518	3947	4177	4313	4179	4029	3765	3490	3226	2929	2702	2505	2324	
165	5657	60.0	60.0	18	1	1	2	959	1203	1870	2897	4045	5146	5760	5891	5751	5452	5026	4605	4190	3712	3391	3146	3005	2970	3222	3565	3960	4222	4284	4210	3980	3774	3497	3205	2900	2692	2532	2334	
165	5674	60.0	60.0	18	1	1	2	953	1229	1855	2862	4081	5103	5759	5935	5757	5466	5028	4623	4165	3754	3409	3153	2970	2987	3227	3584	3962	4185	4302	4220	4006	3756	3496	3203	2983	2730	2481	2324	
165	5738	95.3	94.5	19	1	0	2	906	1017	1344	1852	2421	2981	3313	3445	3435	3329	3159	2950	2715	2509	2374	2259	2209	2347	2614	2884	3210	3389	3423	3363	3245	3075	2899	2707	2498	2339	2206	2046	
165	5756	94.9	95.0	19	1	0	2	898	997	1314	1810	2380	2938	3313	3447	3408	3311	3127	2938	2711	2489	2349	2243	2257	2339	2561	2814	3143	3358	3424	3350	3236	3071	2871	2672	2498	2327	2209	2072	
165	5819	60.0	60.8	19	1	1	2	959	1210	1859	2860	4075	5064	5732	5850	5726	5368	5051	4580	4150	3751	3399	3124	2924	3017	3231	3526	3927	4125	4294	4209	4072	3775	3518	3152	2953	2709	2508	2322	
165	5836	60.0	60.1	19	1	1	2	961	1209	1861	2884	4067	5122	5741	5895	5755	5401	5040	4566	4160	3733	3404	3114	2934	2981	3199	3577	3950	4187	4306	4193	4023	3742	3505	3230	2944	2663	2509	2348	
165	5853	59.9	60.0	19	1	1	2	954	1219	1829	2902	4040	5152	5777	5897	5809	5478	5049	4648	4159	3702	3376	3136	2981	3001	3225	3577	3932	4197	4283	4206	3980	3759	3480	3197	2924	2721	2498	2302	
165	5870	59.9	60.0	19	1	1	2	966	1191	1870	2871	4121	5161	5737	5941	5796	5449	5056	4646	4211	3749	3416	3133	2972	3036	3253	3569	3990	4223	4340	4238	4019	3780	3521	3236	2972	2723	2531	2368	
165	5888	59.9	60.0	19	1	1	2	956	1211	1860	2841	4087	5136	5756	5932	5808	5448	5067	4633	4217	3752	3429	3119	2962	3001	3227	3543	3969	4228	4297	4227	4051	3791	3501	3202	2958	2708	2509	2309	
165	5905	60.0	60.0	19	1	1	2	934	1225	1854	2898	4070	5136	5781	5894	5772	5421	5073	4617	4192	3753	3386	3138	2969	3002	3210	3566	3981	4211	4272	4198	3965	3769	3526	3202	2942	2721	2519	2347	
165	5922	60.0	60.0	19	1	1	2	979	1212	1845	2881	4100	5156	5755	5896	5757	5465	5065	4665	4170	3722	3418	3123	2944	2989	3268	3583	3973	4197	4254	4200	4021	3776	3515	3198	2950	2706	2511	2335	
165	5987	95.4	94.5	20	1	0	2	894	1024	1315	1850	2427	2973	3333	3451	3426	3327	3136	2961	2725	2501	2359	2241	2204	2327	2585	2879	3185	3351	3430	3357	3218	3074	2910	2684	2490	2328	2186	2037	
165	6004	94.9	95.0	20	1	0	2	890	998	1339	1825	2421	2943	3282	3408	3447	3300	3130	2921	2740	2508	2350	2253	2230	2363	2548	2848	3169	3362	3416	3344	3192	3062	2905	2669	2470	2287	2186	2032	
165	6067	60.0	60.8	20	1	1	2	965	1205	1850	2850	4021	5112	5672	5845	5759	5426	5057	4570	4184	3742	3401	3118	2945	2963	3230	3553	3995	4194	4305	4199	4004	3734	3506	3201	2928	2738	2510	2338	
165	6084	60.1	60.1	20	1	1	2	951	1214	1867	2864	4014	5104	5704	5836	5717	5419	4978	4598	4154	3676	3408	3081	2944	2967	3220	3554	3934	4217	4307	4225	3990	3763	3503	3244	2929	2694	2500	2344	
165	6101	59.9	60.0	20	1	1	2	958	1212	1868	2860	4040	5143	5712	5874	5739	5469	5072	4620	4160	3732	3420	3099	2942	2972	3223	3565	3989	4170	4264	4232	3994	3761	3495	3238	2927	2709	2511	2327	
165	6118	59.9	60.0	20	1	1	2	951	1222	1839	2879	4088	5132	5762	5920	5792	5494	5041	4599	4198	3741	3395	3156	2950	3020	3249	3575	3948	4184	4270	4208	4037	3770	3509	3224	2938	2699	2525	2338	
165	6136	59.9	60.0	20	1	1	2	950	1221	1870	2891	4054	5145	5764	5932	5822	5459	5029	4603	4178	3755	3430	3117	2985	2944	3210	3556	3936	4187	4297	4234	3979	3783	3500	3201	2961	2698	2515	2311	
165	6153	60.0	60.0	20	1	1	2	947	1205	1852	2852	4061	5116	5750	5893	5736	5459	5036	4540	4131	3744	3393	3112	2965	3002	3212	3584	3928	4193	4293	4178	4007	3773	3480	3176	2944	2673	2504	2330	
165	6170	60.0	60.0	20	1	1	2	953	1208	1859	2891	4058	5117	5748	5868	5794	5437	5063	4591	4165	3732	3392	3129	2954	2998	3236	3571	4003	4172	4298	4208	4015	3779	3489	3256	2919	2678	2516	2307	
165	6235	95.3	94.4	21	1	0	2	900	1008	1340	1819	2413	3002	3318	3515	3464	3307	3148	2961	2735	2529	2351	2260	2227	2322	2569	2868	3164	3354	3424	3398	3191	3070	2879	2682	2498	2309	2182	2047	
165	6252	94.9	95.0	21	1	0	2	887	1030	1332	1806	2415	2970	3297	3430	3407	3301	3140	2926	2714	2479	2362	2252	2214	2336	2549	2851	3158	3351	3410	3352	3244	3022	2865	2677	2486	2326	2183	2019	
165	6313	60.1	60.8	21	1	1	2	954	1216	1844	2865	4090	5090	5701	5854	5730	5389	5037	4569	4145	3688	3365	3118	2936	2985	3213	3530	3946	4182	4290	4206	3985	3791	3514	3204	2932	2691	2468	2313	
165	6330	60.0	60.1	21	1	1	2	973	1230	1855	2848	4060	5076	5707	5881	5786	5393	5017	4590	4116	3734	3389	3103	2971	2957	3187	3577	3937	4184	4283	4204	4035	3725	3509	3195	2920	2726	2509	2325	
165	6347	59.9	60.0	21	1	1	2	962	1216	1845	2848	4042	5144	5752	5903	5777	5453	5047	4581	4151	3749	3373	3104	2956	3008	3234	3571	3975	4174	4292	4217	4008	3792	3509	3204	2945	2694	2512	2343	
165	6364	60.0	60.0	21	1	1	2	959	1211	1842	2873	4076	5152	5760	5899	5763	5486	5038	4619	4184	3737	3427	3133	2961	2995	3207	3583	3972	4249	4272	4166	4016	3751	3496	3221	2948	2724	2523	2333	
165	6382	60.0	60.0	21	1	1	2	952	1220	1852	2868	4066	5164	5719	5887	5788	5440	5075	4601	4186	3762	3413	3140	2977	2988	3230	3543	3990	4238	4321	4205	4014	3771	3502	3203	2943	2680	2525	2371	
165	6399	60.0	60.0	21	1	1	2	957	1207	1880	2857	4068	5136	5740	5880	5733	5416	5035	4590	4139	3728	3389	3142	2945	2972	3254	3567	3947	4177	4291	4225	4001	3812	3496	3222	2947	2715	2503	2321	
165	6416	60.0	60.0	21	1	1	2	978	1211	1872	2850	4103	5144	5706	5873	5746	5459	5024	4627	4192	3729	3401	3119	2972	2974	3221	3572	3938	4188	4334	4235	3995	3750	3485	3207	2947	2693	2535	2308	
165	6479	95.4	94.5	22	1	0	2	890	1009	1319	1827	2392	2976	3313	3421	3446	3329	3092	2959	2718	2502	2371	2242	2252	2341	2584	2870	3200	3338	3424	3348	3205	3059	2896	2680	2508	2306	2171	2029	
165	6496	94.9	95.0	22	1	0	2	897	1024	1316	1815	2406	2941	3275	3442	3436	3268	3100	2919	2692	2469	2328	2244	2211	2307	2568	2889	3150	3347	3415	3323	3225	3060	2878	2695	2482	2313	2170	2024	
165	6559	60.0	60.8	22	1	1	2	961	1199	1846	2883	4032	5079	5767	5867	5717	5409	4946	4582	4168	3724	3362	3110	2925	2979	3212	3545	3967	4169	4271	4184	3983	3745	3486	3250	2926	2700	2526	2300	
165	6576	60.0	60.1	22	1	1	2	996	1219	1852	2870	4083	5128	5691	5850	5723	5377	5011	4532	4187	3712	3384	3117	2953	2963	3186	3558	3943	4163	4275	4189	3990	3777	3479	3193	2952	2698	2460	2304	
165	6593	60.0	60.0	22	1	1	2	945	1208	1861	2851	4025	5121	5745	5916	5775	5426	5050	4612	4180	3740	3394	3124	2959	2963	3223	3550	3973	4180	4293	4156	4006	3739	3499	3222	2933	2694	2528	2312	
165	6611	59.9	60.0	22	1	1	2	950	1224	1874	2883	4089	5188	5729	5921	5784	5490	5069	4612	4201	3722	3387	3155	2954	3002	3226	3576	3950	4181	4296	4202	3992	3757	3521	3224	2946	2704	2527	2323	
165	6628	59.9	60.0	22	1	1	2	948	1221	1859	2887	4072	5085	5771	5882	5753	5454	5060	4593	4194	3736	3391	3102	2932	2973	3262	3565	3935	4175	4252	4194	3969	3772	3479	3215	2928	2706	2481	2324	
165	6645	60.0	60.0	22	1	1	2	947	1202	1861	2853	4064	5148	5788	5888	5754	5446	5046	4571	4148	3740	3393	3102	2937	2998	3229	3517	3939	4184	4275	4191	4014	3748	3473	3183	2938	2687	2513	2314	
165	6662	59.9	60.0	22	1	1	2	959	1212	1870	2871	4043	5124	5666	5880	5724	5444	5050	4605	4167	3699	3392	3105	2950	3002	3195	3548	3928	4142	4250	4155	3973	3736	3467	3197	2946	2712	2531	2303	
165	6725	95.4	94.5	23	1	0	2	919	1018	1302	1843	2443	2988	3313	3481	3450	3286	3132	2903	2721	2521	2326	2250	2224	2354	2569	2923	3143	3389	3423	3324	3212	3050	2902	2671	2481	2323	2197	2049	
165	6742	94.9	95.0	23	1	0	2	898	1019	1316	1816	2412	2943	3273	3417	3407	3322	3106	2927	2716	2518	2342	2238	2218	2333	2564	2859	3140	3337	3401	3330	3184	3049	2873	2682	2457	2315	2170	2017	
165	6805	59.9	60.8	23	1	1	2	947	1204	1837	2833	4005	5038	5665	5835	5686	5403	4996	4540	4121	3730	3398	3083	2939	2963	3200	3515	3901	4178	4256	4167	3967	3758	3494	3193	2894	2709	2490	2321	
165	6822	60.0	60.1	23	1	1	2	950	1211	1839	2846	4048	5037	5669	5869	5685	5364	4973	4573	4149	3686	3361	3095	2949	2990	3259	3546	3922	4206	4252	4186	3968	3760	3488	3159	2930	2692	2524	2337	
165	6839	60.0	60.0	23	1	1	2	978	1212	1845	2876	4082	5120	5713	5880	5735	5434	4996	4557	4143	3709	3358	3130	2952	2976	3215	3535	3934	4202	4280	4220	3983	3739	3496	3220	2947	2694	2510	2331	
165	6857	60.0	60.0	23	1	1	2	955	1206	1862	2844	4096	5108	5740	5886	5736	5437	5002	4586	4156	3739	3394	3122	2949	3014	3207	3547	3916	4152	4269	4189	3965	3770	3496	3194	2988	2689	2503	2325	
165	6874	60.0	60.0	23	1	1	2	963	1205	1872	2864	4056	5087	5715	5900	5741	5443	4998	4572	4188	3728	3372	3127	2957	2965	3207	3529	3958	4190	4269	4158	4032	3787	3480	3188	2926	2647	2517	2293	
165	6891	60.0	60.0	23	1	1	2	964	1211	1899	2868	4020	5132	5710	5798	5761	5385	5033	4599	4169	3735	3389	3117	2955	2989	3207	3526	3935	4160	4268	4186	3972	3767	3455	3163	2916	2673	2491	2330	
165	6908	60.0	60.0	23	1	1	2	953	1205	1842	2841	4051	5120	5701	5861	5709	5377	5016	4579	4126	3751	3405	3106	2925	2970	3181	3547	3952	4156	4242	4196	3955	3739	3495	3206	2923	2713	2513	2313	
165	6971	95.2	94.2	24	1	0	2	903	1013	1322	1833	2402	2969	3312	3425	3413	3308	3134	2952	2704	2469	2358	2235	2231	2335	2585	2852	3164	3333	3396	3347	3226	3056	2871	2681	2524	2312	2180	2041	
165	6988	94.9	95.0	24	1	0	2	888	1013	1329	1813	2392	2956	3291	3395	3384	3274	3125	2889	2683	2484	2325	2244	2212	2318	2555	2848	3188	3347	3415	3313	3200	3018	2862	2695	2473	2300	2167	2036	
165	7051	60.0	60.8	24	1	1	2	958	1241	1847	2854	4024	5053	5667	5809	5695	5403	5001	4576	4143	3708	3367	3087	2926	2966	3189	3528	3923	4097	4251	4154	3999	3769	3455	3200	2978	2702	2475	2320	
165	7068	60.0	60.1	24	1	1	2	952	1201	1864	2849	4041	5073	5690	5839	5744	5390	5009	4568	4155	3726	3389	3080	2941	2989	3208	3539	3930	4172	4247	4154	3992	3727	3496	3191	2952	2688	2470	2324	
165	7086	59.9	60.0	24	1	1	2	960	1230	1851	2862	4070	5120	5718	5873	5743	5390	5006	4578	4184	3768	3383	3112	2920	2995	3197	3515	3936	4172	4268	4201	3966	3741	3489	3214	2930	2724	2508	2338	
165	7103	59.9	60.0	24	1	1	2	975	1208	1865	2867	4072	5101	5731	5931	5793	5444	5029	4626	4175	3698	3368	3176	2952	2982	3213	3549	3951	4216	4295	4194	3988	3781	3489	3231	2954	2701	2499	2336	
165	7120	60.0	60.0	24	1	1	2	958	1211	1848	2885	4056	5094	5714	5869	5758	5442	5064	4582	4158	3694	3364	3127	2975	2968	3205	3536	3906	4202	4262	4171	3943	3738	3490	3230	2916	2693	2503	2337	
165	7137	60.0	60.0	24	1	1	2	952	1212	1837	2891	4058	5159	5724	5888	5766	5404	5005	4578	4140	3715	3415	3099	2955	2972	3195	3558	3901	4158	4285	4193	3977	3741	3468	3182	2908	2687	2533	2338	
165	7155	60.0	60.0	24	1	1	2	969	1216	1832	2835	4021	5063	5688	5875	5723	5421	5006	4553	4151	3706	3385	3109	2943	2982	3192	3542	3934	4180	4264	4190	3978	3725	3501	3149	2889	2690	2506	2301	
165	7219	95.3	94.5	25	1	0	2	890	1034	1331	1825	2424	2939	3302	3429	3428	3332	3112	2934	2721	2525	2363	2245	2237	2327	2580	2860	3156	3315	3408	3384	3199	3055	2868	2674	2495	2326	2173	2053	
165	7236	94.9	95.0	25	1	0	2	910	1021	1327	1818	2406	2938	3250	3429	3406	3317	3174	2924	2717	2535	2331	2232	2248	2311	2559	2871	3158	3373	3440	3351	3206	3054	2870	2663	2503	2311	2167	2027	
165	7299	59.9	60.8	25	1	1	2	954	1195	1848	2860	4011	5059	5675	5909	5753	5432	5022	4567	4134	3735	3401	3120	2968	2986	3230	3528	3918	4128	4288	4165	3969	3745	3486	3235	2944	2696	2482	2338	
165	7316	60.0	60.1	25	1	1	2	955	1209	1860	2863	4034	5069	5736	5889	5699	5456	5027	4574	4176	3726	3358	3089	2948	2965	3215	3533	3960	4177	4241	4187	3973	3741	3475	3195	2921	2679	2515	2325	
165	7334	59.9	60.0	25	1	1	2	954	1215	1846	2883	4049	5118	5771	5948	5721	5404	5013	4618	4153	3722	3411	3114	2965	2995	3187	3544	3930	4191	4311	4184	3986	3767	3526	3200	2945	2674	2490	2323	
165	7351	59.9	60.0	25	1	1	2	950	1224	1875	2847	4120	5163	5763	5944	5757	5458	5025	4600	4202	3757	3372	3126	2965	3020	3239	3582	3947	4209	4318	4167	4000	3782	3529	3182	2944	2727	2519	2336	
165	7368	60.0	60.0	25	1	1	2	959	1202	1841	2880	4073	5152	5705	5843	5779	5430	5017	4615	4179	3720	3395	3134	2975	2978	3230	3593	3962	4169	4310	4231	3988	3750	3486	3191	2923	2700	2520	2328	
165	7385	60.0	60.0	25	1	1	2	943	1210	1849	2858	4057	5127	5730	5885	5817	5441	5000	4572	4167	3713	3407	3097	2980	3001	3235	3579	3953	4161	4252	4185	3984	3782	3500	3217	2928	2736	2508	2318	
165	7403	60.0	60.0	25	1	1	2	947	1198	1866	2882	4045	5111	5738	5911	5764	5392	5057	4614	4141	3704	3409	3108	2977	2986	3197	3538	3953	4215	4241	4148	4020	3722	3500	3208	2924	2685	2474	2334	
165	7467	95.3	94.5	26	1	0	2	887	1038	1313	1817	2407	2934	3341	3429	3434	3320	3145	2922	2751	2538	2366	2236	2231	2352	2585	2841	3149	3339	3413	3340	3229	3059	2847	2653	2509	2329	2177	2040	
165	7484	94.9	95.0	26	1	0	2	901	1008	1328	1799	2417	2925	3282	3369	3420	3296	3107	2923	2701	2454	2345	2258	2215	2317	2573	2821	3155	3300	3392	3351	3222	3076	2882	2662	2472	2319	2188	2024	
165	7547	59.9	60.8	26	1	1	2	956	1190	1844	2894	3987	5116	5721	5843	5720	5398	4997	4561	4107	3712	3357	3096	2934	2968	3202	3549	3941	4173	4261	4135	3992	3767	3507	3195	2915	2690	2522	2331	
165	7564	60.0	60.1	26	1	1	2	966	1210	1840	2868	4020	5081	5702	5866	5785	5410	5032	4576	4126	3705	3391	3093	2931	2997	3190	3519	3920	4135	4288	4168	3976	3744	3450	3198	2935	2697	2498	2314	
165	7582	60.0	60.0	26	1	1	2	957	1204	1868	2889	4046	5138	5708	5833	5764	5430	5024	4618	4160	3688	3402	3107	2937	2971	3170	3522	3944	4207	4316	4181	3968	3777	3501	3198	2888	2712	2509	2331	
165	7599	60.0	60.0	26	1	1	2	956	1217	1843	2889	4030	5120	5769	5893	5721	5443	5049	4622	4223	3738	3401	3131	2945	2972	3244	3545	3947	4189	4292	4181	3998	3748	3447	3191	2911	2717	2502	2359	
165	7616	59.9	60.0	26	1	1	2	947	1205	1860	2865	4037	5095	5752	5891	5741	5441	5038	4598	4173	3720	3404	3146	2941	3009	3205	3554	3988	4164	4329	4170	3982	3750	3512	3190	2986	2700	2518	2331	
165	7633	60.0	60.0	26	1	1	2	965	1221	1834	2861	4069	5113	5754	5875	5787	5440	5044	4559	4165	3725	3398	3129	2917	3003	3222	3565	3947	4182	4241	4186	3998	3772	3499	3194	2954	2693	2500	2323	
165	7651	59.9	60.0	26	1	1	2	953	1223	1844	2846	4052	5117	5687	5912	5745	5444	5030	4583	4104	3771	3369	3094	2958	3030	3193	3567	3939	4186	4264	4220	4011	3756	3481	3213	2934	2718	2524	2329	
165	7713	95.4	94.5	27	1	0	2	890	1040	1322	1839	2395	2937	3292	3435	3454	3281	3145	2906	2704	2511	2357	2249	2200	2350	2565	2838	3159	3339	3444	3307	3204	3054	2864	2705	2476	2320	2158	2031	
165	7730	95.0	95.0	27	1	0	2	885	1013	1331	1801	2418	2898	3266	3433	3416	3277	3098	2910	2719	2485	2325	2239	2174	2322	2556	2854	3193	3311	3403	3346	3208	3048	2877	2683	2488	2284	2194	2039	
165	7793	60.0	60.8	27	1	1	2	951	1216	1845	2846	4010	5079	5744	5837	5720	5401	5003	4556	4146	3717	3361	3084	2937	2958	3207	3548	3914	4164	4269	4170	3987	3754	3467	3205	2940	2717	2507	2345	
165	7810	60.0	60.1	27	1	1	2	953	1194	1847	2858	4040	5130	5724	5881	5760	5403	5019	4599	4137	3719	3388	3134	2951	3004	3197	3539	3978	4164	4267	4191	3982	3727	3486	3239	2918	2683	2495	2331	
165	7828	60.0	60.0	27	1	1	2	964	1206	1872	2879	4039	5130	5696	5829	5775	5406	5019	4540	4148	3726	3340	3139	2964	2984	3185	3567	3939	4210	4283	4168	3987	3748	3479	3165	2923	2691	2516	2336	
165	7845	60.0	60.0	27	1	1	2	947	1206	1858	2855	4056	5147	5775	5917	5765	5451	5002	4590	4177	3745	3400	3133	2950	2981	3202	3534	3979	4192	4273	4205	4021	3777	3498	3230	2927	2680	2506	2316	
165	7862	59.9	60.0	27	1	1	2	952	1209	1856	2869	4040	5144	5755	5925	5723	5459	5035	4613	4186	3738	3377	3137	2934	2985	3239	3595	3953	4165	4321	4192	4016	3779	3500	3224	2906	2688	2492	2341	
165	7879	60.0	60.0	27	1	1	2	972	1212	1864	2861	4075	5084	5737	5851	5710	5463	5032	4572	4152	3744	3363	3126	2938	2995	3169	3557	3946	4209	4263	4168	3963	3790	3488	3214	2937	2688	2531	2316	
165	7897	60.0	60.0	27	1	1	2	933	1229	1854	2863	4088	5093	5729	5900	5748	5450	5010	4576	4152	3733	3380	3100	2956	2977	3243	3537	3940	4188	4259	4171	4017	3740	3480	3208	2915	2708	2485	2356	
165	7959	95.4	94.5	28	1	0	2	902	1014	1334	1809	2419	2948	3306	3450	3414	3321	3135	2911	2707	2502	2328	2249	2209	2329	2583	2855	3184	3351	3395	3336	3225	3053	2858	2681	2481	2312	2187	2034	
165	7977	94.9	95.0	28	1	0	2	892	1011	1308	1796	2402	2932	3295	3416	3415	3307	3115	2907	2701	2482	2330	2251	2207	2314	2567	2842	3174	3343	3386	3371	3196	3042	2852	2683	2495	2300	2181	2053	
165	8039	60.0	60.8	28	1	1	2	969	1207	1849	2884	4016	5098	5710	5812	5742	5409	4976	4543	4167	3710	3364	3121	2938	3004	3221	3558	3930	4177	4285	4141	4005	3755	3493	3194	2942	2698	2490	2324	
165	8057	60.0	60.1	28	1	1	2	976	1197	1826	2848	4039	5094	5660	5856	5707	5406	5000	4557	4180	3717	3346	3109	2937	3001	3231	3530	3933	4165	4260	4197	4018	3755	3471	3184	2925	2695	2518	2310	
165	8074	59.9	60.0	28	1	1	2	962	1212	1854	2886	4092	5168	5761	5919	5750	5476	5031	4601	4160	3698	3405	3141	2955	2981	3193	3562	3967	4160	4279	4157	4001	3785	3479	3230	2948	2704	2498	2351	
165	8091	60.0	60.0	28	1	1	2	959	1192	1859	2853	4112	5160	5753	5908	5780	5455	5028	4632	4203	3743	3399	3093	2971	2982	3228	3572	3920	4179	4293	4192	3966	3736	3505	3217	2940	2696	2523	2327	
165	8108	59.9	60.0	28	1	1	2	954	1218	1856	2856	4086	5146	5727	5892	5780	5424	5027	4624	4222	3727	3429	3124	2944	3004	3192	3539	3968	4176	4265	4200	3993	3743	3505	3181	2905	2730	2502	2319	
165	8126	60.0	60.0	28	1	1	2	958	1214	1856	2865	4070	5136	5713	5873	5727	5464	5032	4614	4127	3725	3392	3114	2957	2976	3221	3539	3977	4192	4261	4141	4028	3788	3485	3170	2913	2683	2519	2319	
165	8143	59.9	60.0	28	1	1	2	955	1209	1837	2837	4087	5112	5694	5891	5764	5436	5021	4586	4187	3745	3372	3106	2953	2983	3212	3553	3925	4165	4256	4177	3950	3735	3477	3200	2917	2631	2488	2378	
165	8207	95.3	94.5	29	1	0	2	891	1021	1311	1836	2398	2962	3334	3438	3447	3302	3124	2916	2726	2498	2344	2224	2218	2336	2539	2851	3176	3340	3408	3350	3193	3054	2883	2670	2470	2325	2212	2043	
165	8225	94.9	95.0	29	1	0	2	896	1038	1331	1824	2378	2963	3307	3422	3411	3275	3130	2915	2709	2500	2366	2239	2227	2326	2568	2835	3179	3311	3402	3327	3215	3040	2893	2679	2498	2294	2174	2025	
165	8287	59.9	60.8	29	1	1	2	968	1206	1847	2832	4032	5040	5684	5847	5736	5368	5003	4576	4131	3683	3365	3084	2910	2965	3234	3529	3915	4196	4266	4150	3991	3752	3476	3192	2940	2682	2501	2313	
165	8305	60.0	60.1	29	1	1	2	958	1213	1837	2874	4033	5085	5720	5889	5738	5409	4997	4562	4149	3727	3360	3124	2950	2968	3211	3551	3931	4168	4270	4179	3978	3753	3469	3210	2882	2700	2518	2303	
165	8322	59.9	60.0	29	1	1	2	952	1230	1844	2843	4070	5120	5691	5832	5773	5419	5027	4573	4176	3718	3370	3114	2931	2989	3205	3562	3956	4196	4266	4165	3974	3736	3481	3201	2935	2678	2506	2335	
165	8339	59.9	60.0	29	1	1	2	966	1208	1856	2879	4066	5150	5776	5938	5799	5476	5035	4606	4172	3733	3424	3128	2955	3032	3224	3575	3931	4137	4258	4195	3998	3755	3498	3210	2960	2697	2499	2336	
165	8356	60.0	60.0	29	1	1	2	952	1213	1860	2851	4063	5124	5702	5889	5740	5433	5007	4634	4141	3649	3420	3133	2946	2980	3214	3553	3910	4158	4306	4207	3981	3798	3516	3228	2931	2670	2499	2323	
165	8374	59.9	60.0	29	1	1	2	953	1215	1853	2848	4048	5092	5723	5898	5744	5448	5025	4606	4155	3689	3406	3118	2963	2999	3227	3538	3925	4166	4288	4201	3962	3748	3498	3192	2934	2695	2506	2331	
165	8391	60.0	60.0	29	1	1	2	967	1221	1841	2866	4072	5101	5725	5866	5728	5403	5027	4593	4204	3701	3359	3100	2949	2976	3193	3589	3924	4170	4258	4185	4032	3773	3497	3190	2929	2671	2496	2322	
165	8455	95.3	94.5	30	1	0	2	900	1009	1325	1814	2412	2922	3307	3452	3443	3318	3152	2926	2709	2490	2356	2268	2234	2345	2558	2880	3174	3342	3414	3364	3186	3072	2855	2694	2478	2316	2178	2076	
165	8473	95.0	95.0	30	1	0	2	882	1024	1327	1800	2388	2956	3262	3421	3404	3270	3101	2905	2714	2499	2336	2254	2196	2345	2558	2875	3159	3307	3391	3346	3208	3028	2854	2675	2463	2305	2182	2032	
165	8536	60.0	60.8	30	1	1	2	974	1214	1829	2836	4014	5093	5668	5741	5708	5374	4952	4546	4094	3740	3334	3115	2907	2948	3208	3550	3920	4149	4257	4200	3996	3726	3480	3157	2928	2708	2485	2341	
165	8553	60.1	60.1	30	1	1	2	957	1236	1843	2849	4032	5073	5683	5787	5698	5385	4968	4547	4120	3700	3378	3101	2941	2972	3171	3536	3912	4144	4267	4186	3979	3736	3493	3202	2920	2663	2484	2286	
165	8570	60.0	60.0	30	1	1	2	962	1217	1825	2837	4030	5064	5697	5890	5725	5385	4973	4586	4125	3707	3391	3118	2953	2973	3206	3521	3915	4190	4262	4168	3982	3730	3464	3197	2925	2695	2487	2310	
165	8587	59.9	60.0	30	1	1	2	951	1212	1838	2849	4048	5134	5752	5915	5745	5355	5004	4579	4162	3708	3392	3118	2963	2977	3207	3548	3942	4196	4278	4197	4006	3762	3508	3208	2924	2671	2516	2328	
165	8605	60.0	60.0	30	1	1	2	953	1212	1839	2860	4057	5069	5708	5879	5772	5432	4986	4609	4141	3734	3373	3091	2944	2970	3190	3485	3931	4162	4289	4090	3946	3771	3453	3199	2896	2682	2498	2328	
165	8622	60.0	60.0	30	1	1	2	968	1209	1845	2857	4021	5080	5686	5881	5727	5435	4999	4583	4155	3689	3388	3093	2950	2975	3213	3537	3939	4155	4282	4174	3965	3761	3456	3188	2929	2684	2520	2279	
165	8639	60.0	60.0	30	1	1	2	960	1216	1834	2822	4048	5075	5684	5865	5702	5454	5001	4572	4155	3721	3350	3095	2947	2988	3213	3545	3930	4175	4263	4161	3961	3765	3462	3173	2920	2669	2478	2328	
165	8702	95.4	94.4	31	1	0	2	893	1028	1346	1819	2421	2943	3330	3404	3449	3304	3134	2952	2705	2506	2357	2256	2235	2336	2589	2862	3169	3352	3468	3362	3225	3044	2898	2671	2470	2333	2189	2056	
165	8719	95.0	95.0	31	1	0	2	913	1026	1321	1825	2390	2929	3279	3420	3430	3300	3121	2940	2711	2480	2364	2232	2207	2316	2550	2840	3191	3318	3439	3334	3220	3046	2862	2678	2461	2330	2163	2011	
165	8782	60.0	60.8	31	1	1	2	972	1208	1835	2852	4008	5083	5682	5840	5656	5403	4994	4540	4140	3692	3358	3089	2933	2995	3208	3535	3919	4153	4232	4134	3976	3738	3466	3194	2901	2703	2504	2349	
165	8799	60.0	60.1	31	1	1	2	951	1217	1841	2843	4052	5103	5713	5883	5698	5376	5006	4568	4172	3703	3373	3093	2963	2965	3184	3534	3925	4156	4258	4178	3967	3744	3482	3215	2903	2697	2498	2302	
165	8816	60.0	60.0	31	1	1	2	949	1214	1829	2863	4030	5108	5707	5892	5731	5453	5047	4582	4167	3735	3438	3132	2976	2993	3227	3523	3946	4191	4257	4208	3995	3744	3518	3188	2901	2669	2524	2339	
165	8833	60.0	60.0	31	1	1	2	970	1222	1837	2856	4048	5074	5706	5860	5710	5475	5014	4565	4172	3754	3392	3096	2936	2983	3193	3493	3924	4154	4314	4188	3973	3744	3483	3188	2926	2675	2479	2332	
165	8851	60.0	60.0	31	1	1	2	955	1207	1852	2849	4050	5117	5687	5860	5726	5397	5010	4559	4147	3736	3375	3103	2918	2979	3213	3519	3948	4213	4305	4169	3969	3766	3477	3214	2932	2685	2520	2314	
165	8868	60.0	60.0	31	1	1	2	962	1203	1826	2847	4015	5114	5721	5845	5693	5410	5004	4575	4147	3722	3384	3093	2930	2950	3236	3540	3981	4157	4257	4175	3986	3795	3464	3233	2916	2706	2493	2350	
165	8885	59.9	60.0	31	1	1	2	957	1209	1827	2820	4060	5089	5690	5822	5728	5469	5034	4554	4129	3716	3377	3132	2943	2984	3212	3546	3960	4183	4266	4177	3951	3742	3491	3215	2924	2712	2483	2301	
165	8948	95.3	94.5	32	1	0	2	895	1023	1315	1818	2444	2971	3321	3408	3460	3298	3154	2924	2736	2495	2340	2240	2236	2324	2556	2854	3158	3344	3426	3352	3215	3052	2893	2678	2504	2323	2158	2024	
165	8965	95.0	95.0	32	1	0	2	893	1031	1324	1825	2423	2952	3293	3416	3399	3294	3122	2921	2726	2466	2337	2215	2193	2318	2558	2843	3144	3337	3405	3296	3208	3083	2870	2662	2481	2324	2175	2043	
165	9028	59.9	60.8	32	1	1	2	951	1187	1844	2841	4015	5096	5681	5855	5698	5365	5010	4557	4153	3683	3360	3100	2900	2966	3193	3531	3930	4197	4248	4202	3999	3710	3471	3202	2922	2691	2481	2345	
165	9045	60.0	60.1	32	1	1	2	952	1209	1861	2856	4061	5122	5745	5867	5737	5391	5030	4587	4134	3727	3372	3101	2967	2985	3184	3554	3950	4180	4256	4174	4001	3749	3501	3203	2926	2672	2478	2339	
165	9062	60.0	60.0	32	1	1	2	964	1207	1844	2888	4088	5115	5772	5905	5739	5438	5036	4601	4155	3723	3408	3118	2981	3017	3211	3524	3931	4193	4263	4201	4007	3780	3495	3216	2908	2711	2502	2338	
165	9079	59.9	60.0	32	1	1	2	962	1202	1863	2858	4082	5108	5741	5891	5805	5451	5011	4640	4176	3732	3411	3136	2953	2974	3222	3543	3905	4194	4281	4196	4006	3763	3476	3220	2941	2699	2491	2317	
165	9097	60.0	60.0	32	1	1	2	955	1192	1840	2846	4043	5146	5744	5865	5748	5452	5002	4615	4153	3746	3374	3123	2979	3008	3179	3564	3956	4178	4280	4176	4017	3757	3520	3206	2946	2692	2505	2322	
165	9114	59.9	60.0	32	1	1	2	956	1199	1882	2876	4089	5132	5736	5900	5791	5402	5042	4555	4183	3721	3395	3082	2955	2998	3181	3545	3950	4135	4245	4181	3988	3741	3505	3178	2941	2619	2502	2324	
165	9131	60.0	60.0	32	1	1	2	962	1220	1860	2893	4057	5054	5753	5894	5751	5457	5036	4579	4177	3700	3395	3086	2915	3005	3241	3568	3936	4156	4242	4194	3985	3752	3483	3180	2901	2697	2517	2320	
165	9194	95.4	94.4	33	1	0	2	901	1017	1352	1828	2426	2945	3304	3445	3399	3316	3110	2957	2705	2504	2345	2247	2230	2344	2585	2831	3146	3369	3444	3332	3236	3046	2882	2644	2505	2310	2158	2060	
165	9211	94.9	95.0	33	1	0	2	911	1023	1306	1821	2390	2931	3281	3423	3400	3297	3090	2887	2693	2478	2340	2244	2199	2322	2569	2883	3146	3345	3395	3353	3177	3032	2888	2668	2457	2318	2144	2026	
165	9274	59.9	60.8	33	1	1	2	956	1198	1837	2857	4013	5057	5708	5842	5734	5390	5015	4618	4150	3721	3398	3076	2917	3007	3183	3537	3939	4163	4267	4197	3983	3744	3429	3208	2927	2697	2482	2306	
165	9291	60.0	60.1	33	1	1	2	960	1199	1809	2840	4044	5088	5731	5860	5719	5396	5017	4592	4162	3676	3400	3091	2927	2941	3196	3557	3919	4177	4248	4161	3995	3742	3489	3212	2911	2690	2522	2300	
165	9308	60.0	60.0	33	1	1	2	950	1222	1856	2852	4056	5105	5761	5897	5746	5413	5039	4617	4161	3758	3410	3096	2981	2978	3202	3546	3917	4166	4292	4210	3999	3775	3540	3188	2931	2694	2523	2343	
165	9326	59.9	60.0	33	1	1	2	974	1210	1867	2880	4061	5166	5763	5917	5799	5436	5037	4611	4191	3759	3412	3154	2960	3010	3209	3551	3967	4149	4257	4150	4004	3760	3471	3216	2926	2728	2524	2333	
165	9343	59.9	60.0	33	1	1	2	969	1205	1856	2885	4066	5116	5702	5897	5733	5446	5040	4620	4158	3714	3428	3113	2957	2983	3219	3579	3913	4193	4287	4188	4009	3784	3520	3213	2949	2706	2480	2295	
165	9360	60.0	60.0	33	1	1	2	975	1208	1854	2862	4071	5137	5718	5890	5737	5409	4995	4598	4188	3717	3397	3116	2943	3005	3224	3547	3936	4136	4252	4225	3988	3756	3497	3228	2934	2679	2546	2312	
165	9377	59.9	60.0	33	1	1	2	957	1228	1856	2844	4079	5137	5690	5892	5721	5414	5038	4624	4183	3700	3394	3129	2949	2976	3231	3556	3917	4232	4242	4185	4042	3774	3498	3199	2905	2692	2510	2310	
165	9440	95.4	94.5	34	1	0	2	886	1015	1332	1838	2434	2974	3297	3416	3434	3316	3155	2896	2731	2541	2367	2256	2230	2323	2573	2836	3188	3349	3426	3343	3198	3052	2896	2704	2454	2290	2166	2032	
165	9457	95.0	95.0	34	1	0	2	903	1015	1339	1801	2424	2967	3298	3409	3423	3268	3146	2926	2704	2494	2339	2216	2201	2340	2568	2838	3140	3335	3395	3362	3216	3054	2868	2688	2495	2311	2203	2003	
165	9520	59.8	60.8	34	1	1	2	945	1201	1857	2864	4017	5115	5690	5832	5741	5387	5018	4599	4155	3715	3391	3099	2952	2970	3206	3548	3937	4150	4290	4194	3986	3703	3492	3228	2960	2697	2514	2324	
165	9537	60.1	60.1	34	1	1	2	952	1209	1832	2871	4064	5122	5737	5899	5751	5470	4971	4617	4193	3692	3373	3106	2923	2980	3217	3564	3940	4176	4272	4213	4002	3736	3500	3211	2919	2689	2497	2320	
165	9554	60.0	60.0	34	1	1	2	955	1201	1862	2875	4076	5104	5734	5884	5768	5446	5013	4606	4147	3703	3400	3090	2983	2987	3256	3523	3945	4219	4244	4221	3998	3755	3482	3235	2927	2683	2504	2309	
165	9572	60.0	60.0	34	1	1	2	957	1223	1854	2898	4121	5167	5782	5897	5817	5450	5024	4653	4178	3719	3428	3134	2976	3026	3231	3583	3949	4176	4294	4200	4016	3774	3507	3210	2938	2725	2493	2353	
165	9589	59.9	60.0	34	1	1	2	952	1201	1868	2891	4076	5136	5734	5923	5776	5459	5047	4625	4174	3754	3386	3106	2937	3010	3242	3561	3922	4182	4261	4217	3997	3740	3492	3243	2928	2731	2478	2333	
165	9606	59.9	60.0	34	1	1	2	967	1226	1852	2864	4052	5120	5759	5862	5733	5416	5042	4599	4158	3727	3389	3120	2965	2992	3238	3563	3942	4137	4309	4197	3996	3750	3496	3204	2915	2701	2531	2318	
165	9623	60.0	60.0	34	1	1	2	960	1207	1842	2871	4074	5108	5717	5903	5779	5430	5011	4580	4150	3741	3391	3129	2957	2991	3191	3550	3968	4179	4267	4225	4004	3779	3500	3234	2931	2710	2514	2297	
165	9688	95.4	94.5	35	1	0	2	892	1019	1339	1812	2415	2957	3301	3468	3460	3312	3134	2936	2746	2514	2334	2253	2236	2335	2582	2837	3168	3352	3451	3359	3195	3090	2882	2647	2502	2316	2155	2043	
165	9705	95.0	95.0	35	1	0	2	891	1018	1331	1823	2403	2927	3277	3429	3408	3282	3115	2910	2714	2484	2339	2245	2245	2335	2586	2832	3157	3345	3426	3361	3180	3019	2888	2674	2452	2294	2187	2018	
165	9768	60.0	60.8	35	1	1	2	944	1200	1853	2842	4019	5119	5712	5897	5726	5398	4992	4533	4110	3700	3390	3077	2954	3016	3194	3529	3905	4172	4239	4192	3975	3712	3498	3185	2904	2670	2493	2317	
165	9785	60.0	60.1	35	1	1	2	959	1202	1863	2861	4080	5095	5696	5839	5714	5424	5000	4586	4148	3714	3415	3080	2948	2960	3228	3568	3961	4174	4231	4193	3974	3751	3466	3193	2920	2680	2498	2307	
165	9802	59.9	60.0	35	1	1	2	953	1217	1864	2880	4066	5175	5748	5905	5762	5476	4991	4587	4161	3726	3424	3122	2959	2999	3218	3540	3930	4173	4287	4215	3984	3752	3499	3209	2915	2737	2501	2320	
165	9820	60.0	60.0	35	1	1	2	952	1217	1866	2864	4112	5153	5768	5884	5782	5460	5032	4583	4181	3760	3434	3101	2964	2995	3220	3525	3947	4183	4288	4253	3986	3763	3491	3229	2923	2686	2511	2333	
165	9837	60.0	60.0	35	1	1	2	940	1221	1866	2877	4080	5116	5730	5905	5796	5446	5042	4625	4166	3705	3432	3144	2964	2968	3219	3531	3954	4180	4300	4193	4001	3770	3468	3206	2955	2701	2513	2312	
165	9854	60.0	60.0	35	1	1	2	948	1201	1859	2864	4057	5165	5715	5866	5738	5416	5034	4593	4155	3737	3406	3138	2956	2955	3272	3546	3970	4187	4261	4197	3977	3763	3480	3221	2924	2666	2500	2328	
165	9871	60.0	60.0	35	1	1	2	957	1226	1874	2893	4082	5154	5772	5911	5788	5452	5068	4608	4223	3740	3375	3139	2960	2977	3200	3556	3958	4176	4273	4199	3988	3775	3493	3244	2936	2716	2523	2341	
165	9934	95.4	94.5	36	1	0	2	884	1025	1325	1821	2402	2938	3270	3460	3388	3320	3137	2918	2728	2487	2352	2245	2206	2325	2552	2857	3131	3287	3418	3360	3198	3036	2866	2669	2495	2291	2166	2009	
165	9951	95.0	95.0	36	1	0	2	900	1013	1347	1824	2418	2933	3261	3402	3376	3277	3124	2936	2708	2495	2349	2243	2193	2317	2544	2855	3117	3326	3383	3342	3208	3012	2850	2669	2471	2341	2160	2027	
165	10014	59.9	60.8	36	1	1	2	958	1210	1848	2857	4035	5120	5710	5866	5740	5417	5058	4587	4165	3746	3365	3086	2928	3009	3210	3540	3930	4152	4278	4202	3963	3761	3481	3183	2923	2671	2519	2306	
165	10031	60.0	60.1	36	1	1	2	962	1216	1837	2860	4044	5124	5737	5843	5768	5396	5029	4550	4171	3707	3376	3101	2935	2985	3190	3566	3945	4178	4315	4212	3977	3744	3507	3213	2891	2707	2477	2303	
165	10049	59.9	60.0	36	1	1	2	948	1213	1877	2866	4083	5179	5757	5893	5773	5444	5036	4627	4191	3732	3415	3125	2957	2959	3191	3573	3982	4177	4280	4191	4015	3756	3492	3220	2933	2687	2493	2325	
165	10066	59.9	60.0	36	1	1	2	955	1227	1845	2884	4088	5139	5776	5860	5762	5423	5040	4636	4185	3718	3411	3123	2944	3026	3198	3557	3921	4173	4308	4209	3985	3751	3528	3203	2916	2664	2494	2320	
165	10083	60.0	60.0	36	1	1	2	948	1222	1860	2856	4068	5107	5776	5906	5769	5424	5053	4619	4192	3744	3430	3132	2969	2984	3208	3562	3920	4140	4287	4189	4014	3743	3471	3198	2942	2699	2471	2325	
165	10100	60.0	60.0	36	1	1	2	964	1226	1866	2880	4070	5118	5761	5866	5776	5433	5041	4622	4198	3713	3409	3118	2951	2992	3216	3527	3943	4136	4262	4216	3995	3742	3476	3195	2947	2666	2497	2307	
165	10118	60.0	60.0	36	1	1	2	963	1214	1841	2897	4059	5148	5711	5902	5744	5431	5029	4599	4150	3721	3393	3137	2955	3014	3220	3574	3917	4185	4286	4185	4024	3743	3481	3201	2942	2702	2502	2317	
165	10182	95.4	94.5	37	1	0	2	896	1018	1341	1826	2407	2954	3291	3420	3437	3310	3120	2914	2734	2485	2331	2246	2225	2361	2556	2847	3168	3318	3423	3361	3230	3072	2883	2643	2482	2327	2178	2036	
165	10199	94.9	95.0	37	1	0	2	897	1012	1344	1811	2409	2927	3294	3407	3399	3312	3114	2914	2714	2451	2340	2251	2221	2313	2560	2829	3122	3294	3391	3324	3163	3054	2865	2685	2445	2297	2144	2032	
165	10262	59.9	60.7	37	1	1	2	957	1245	1862	2847	4013	5103	5690	5864	5713	5403	5052	4616	4149	3729	3371	3084	2938	2987	3202	3540	3952	4132	4285	4171	3969	3752	3487	3220	2964	2696	2508	2316	
165	10279	60.0	60.1	37	1	1	2	951	1206	1837	2849	4018	5136	5760	5847	5732	5418	5059	4596	4153	3725	3392	3117	2946	3014	3202	3549	3925	4187	4257	4156	3971	3756	3488	3174	2930	2699	2479	2296	
165	10297	59.9	60.0	37	1	1	2	961	1225	1856	2877	4074	5136	5762	5885	5777	5430	5062	4613	4211	3737	3396	3098	2950	2954	3228	3581	3962	4187	4271	4196	4016	3765	3482	3193	2937	2709	2513	2309	
165	10314	60.0	60.0	37	1	1	2	954	1202	1886	2892	4088	5173	5776	5890	5827	5489	5046	4610	4189	3749	3395	3126	2953	2994	3239	3555	3943	4197	4341	4168	4054	3747	3456	3204	2930	2715	2509	2328	
165	10331	60.0	60.0	37	1	1	2	974	1197	1854	2870	4097	5131	5713	5910	5806	5442	5062	4587	4197	3756	3411	3108	2978	2971	3209	3560	3932	4198	4256	4196	3968	3714	3499	3199	2915	2680	2505	2332	
165	10348	59.9	60.0	37	1	1	2	956	1215	1863	2853	4053	5145	5737	5898	5772	5464	5065	4617	4162	3717	3414	3115	2949	2967	3181	3556	3925	4109	4293	4196	3988	3703	3500	3187	2959	2688	2498	2345	
165	10366	59.9	60.0	37	1	1	2	960	1199	1878	2876	4079	5136	5764	5882	5746	5471	5043	4629	4183	3747	3420	3126	2953	2988	3230	3549	3947	4167	4275	4204	3986	3733	3508	3212	2925	2677	2493	2322	
165	10428	95.4	94.4	38	1	0	2	881	1017	1313	1835	2420	2942	3295	3457	3426	3336	3127	2943	2711	2516	2392	2265	2232	2337	2569	2864	3196	3353	3407	3356	3210	3062	2880	2676	2449	2302	2184	2038	
165	10445	94.9	95.0	38	1	0	2	898	1004	1328	1802	2388	2972	3337	3428	3406	3292	3133	2915	2743	2493	2363	2243	2212	2305	2532	2835	3190	3351	3454	3352	3195	3037	2882	2687	2472	2305	2167	2035	
165	10508	59.9	60.8	38	1	1	2	956	1199	1838	2862	4051	5100	5741	5889	5725	5439	5032	4592	4136	3707	3392	3092	2948	2976	3212	3524	3935	4161	4263	4186	4027	3716	3469	3210	2909	2682	2517	2321	
165	10526	60.0	60.1	38	1	1	2	955	1211	1872	2863	4067	5127	5736	5864	5775	5429	5030	4593	4176	3744	3376	3096	2971	3000	3211	3548	3958	4200	4288	4189	3972	3748	3531	3190	2862	2683	2514	2346	
165	10543	60.0	60.0	38	1	1	2	970	1216	1863	2880	4078	5179	5790	5889	5784	5436	5072	4599	4199	3761	3385	3136	2931	3000	3235	3542	3963	4196	4303	4219	3971	3764	3528	3209	2937	2704	2517	2327	
165	10560	60.0	60.0	38	1	1	2	962	1208	1844	2885	4094	5158	5773	5925	5799	5465	5058	4598	4208	3758	3406	3129	2965	2959	3204	3557	3964	4193	4279	4200	4024	3779	3549	3212	2928	2688	2521	2324	
165	10577	60.0	60.0	38	1	1	2	957	1212	1850	2878	4087	5143	5748	5880	5775	5451	5078	4593	4179	3769	3424	3100	2960	2988	3201	3536	3915	4182	4281	4210	4028	3785	3478	3223	2905	2712	2497	2339	
165	10595	59.9	60.0	38	1	1	2	956	1203	1875	2872	4063	5117	5796	5920	5770	5477	5057	4608	4162	3740	3396	3136	2969	2972	3196	3574	3924	4207	4257	4183	3984	3740	3506	3207	2932	2690	2524	2309	
165	10612	60.0	60.0	38	1	1	2	965	1213	1879	2898	4103	5101	5733	5889	5744	5406	5013	4601	4148	3707	3408	3100	2974	3000	3240	3514	3939	4167	4283	4153	4014	3727	3472	3202	2918	2708	2489	2316	
165	10674	95.2	94.3	39	1	0	2	887	1021	1326	1816	2418	2959	3328	3434	3462	3309	3160	2949	2736	2505	2367	2262	2228	2348	2593	2855	3145	3354	3429	3353	3252	3041	2880	2676	2507	2337	2212	2058	
165	10692	94.9	95.0	39	1	0	2	893	1011	1323	1840	2392	2925	3282	3443	3399	3302	3142	2915	2720	2485	2333	2231	2225	2352	2565	2859	3169	3322	3386	3327	3196	3043	2832	2681	2501	2316	2158	2044	
165	10754	59.8	60.8	39	1	1	2	958	1206	1848	2873	4058	5094	5722	5897	5778	5421	5022	4600	4116	3670	3376	3089	2950	2994	3212	3512	3943	4155	4258	4192	4002	3737	3501	3204	2923	2672	2499	2321	
165	10772	60.0	60.1	39	1	1	2	957	1189	1840	2865	4068	5091	5724	5898	5754	5406	5021	4588	4160	3730	3407	3093	2928	2950	3200	3522	3942	4165	4249	4184	4003	3774	3506	3207	2910	2706	2503	2320	
165	10789	60.0	60.0	39	1	1	2	972	1224	1867	2865	4088	5091	5750	5918	5761	5453	4999	4614	4195	3748	3364	3108	2947	3007	3239	3556	3939	4183	4289	4190	4033	3762	3506	3224	2934	2709	2531	2326	
165	10806	60.0	60.0	39	1	1	2	980	1195	1882	2878	4089	5120	5765	5959	5803	5471	5053	4632	4182	3785	3395	3163	2975	3001	3216	3596	3948	4199	4319	4132	4014	3763	3466	3243	2924	2733	2510	2321	
165	10823	60.0	60.0	39	1	1	2	963	1211	1866	2888	4093	5172	5763	5946	5746	5498	4974	4612	4192	3686	3450	3118	2998	2981	3202	3545	3979	4162	4268	4202	3980	3774	3470	3266	2941	2689	2499	2318	
165	10841	60.0	60.0	39	1	1	2	962	1225	1873	2876	4066	5148	5751	5927	5765	5454	5010	4581	4202	3746	3367	3143	2988	2983	3197	3563	3944	4217	4294	4189	3967	3768	3490	3205	2949	2714	2526	2325	
165	10858	60.0	60.0	39	1	1	2	979	1219	1861	2865	4064	5135	5753	5922	5761	5425	5042	4647	4156	3723	3421	3103	2943	2998	3206	3563	3954	4169	4291	4177	4006	3758	3476	3172	2901	2686	2521	2318	
165	10922	95.4	94.5	40	1	0	2	899	1024	1346	1827	2424	2954	3308	3442	3463	3313	3144	2948	2692	2478	2374	2279	2221	2365	2551	2865	3175	3325	3416	3382	3215	3038	2893	2695	2496	2299	2179	2018	
165	10940	94.9	95.0	40	1	0	2	916	1013	1328	1840	2429	2948	3295	3400	3429	3333	3181	2938	2711	2510	2347	2221	2236	2337	2565	2846	3172	3340	3410	3348	3228	3055	2869	2707	2497	2316	2160	2037	
165	11003	59.9	60.8	40	1	1	2	965	1224	1846	2848	4043	5107	5740	5841	5790	5417	5036	4633	4172	3730	3413	3112	2949	2982	3201	3554	3913	4198	4289	4204	3990	3785	3495	3219	2949	2701	2493	2312	
165	11020	60.0	60.1	40	1	1	2	962	1205	1869	2880	4040	5132	5722	5881	5740	5421	5018	4568	4179	3737	3384	3118	2976	2995	3201	3553	3944	4174	4285	4224	4015	3736	3499	3198	2951	2681	2512	2346	
165	11037	60.0	60.0	40	1	1	2	961	1199	1855	2884	4101	5130	5773	5951	5753	5446	5064	4620	4169	3761	3396	3127	2947	2987	3194	3550	3941	4192	4297	4181	3991	3764	3474	3202	2916	2686	2502	2335	
165	11054	60.0	60.0	40	1	1	2	951	1222	1901	2887	4081	5152	5764	5913	5810	5498	5061	4648	4178	3754	3379	3169	2970	2988	3230	3566	3979	4184	4304	4214	4001	3761	3502	3227	2959	2702	2514	2335	
165	11072	59.9	60.0	40	1	1	2	967	1211	1855	2860	4104	5134	5739	5901	5773	5451	5099	4602	4210	3725	3408	3121	2962	3007	3217	3566	3953	4157	4293	4199	4001	3764	3494	3212	2923	2692	2493	2327	
165	11089	59.9	60.0	40	1	1	2	958	1213	1853	2871	4075	5176	5753	5896	5790	5482	5052	4630	4187	3753	3406	3132	2947	3005	3244	3526	3958	4198	4325	4209	3970	3798	3492	3221	2929	2698	2512	2332	
165	11106	60.0	60.0	40	1	1	2	967	1226	1871	2871	4069	5116	5798	5943	5821	5490	5023	4600	4220	3746	3405	3120	2976	3003	3221	3551	4000	4206	4301	4185	3990	3778	3500	3230	2908	2712	2509	2322	
165	11171	95.4	94.5	41	1	0	2	902	1031	1337	1820	2401	2972	3304	3452	3443	3329	3144	2894	2746	2519	2364	2251	2249	2332	2568	2867	3177	3360	3422	3354	3220	3068	2890	2672	2490	2312	2180	2036	
165	11188	95.0	95.0	41	1	0	2	892	1019	1332	1847	2399	2960	3336	3452	3408	3319	3142	2912	2738	2510	2388	2247	2235	2336	2585	2869	3182	3372	3434	3352	3203	3055	2854	2649	2479	2320	2178	2023	
165	11251	60.0	60.9	41	1	1	2	967	1228	1853	2868	4056	5125	5731	5913	5777	5407	5048	4611	4184	3711	3398	3136	2947	2979	3230	3549	3940	4192	4307	4185	3974	3763	3492	3214	2945	2675	2543	2347	
165	11268	60.0	60.1	41	1	1	2	950	1265	1838	2880	4079	5114	5740	5888	5769	5457	5063	4616	4153	3720	3404	3138	2957	3002	3207	3566	3976	4171	4276	4187	3996	3781	3522	3241	2920	2689	2510	2342	
165	11285	59.9	60.0	41	1	1	2	975	1215	1885	2862	4119	5164	5735	5951	5812	5505	5080	4647	4235	3763	3422	3160	2975	2988	3218	3594	3942	4200	4314	4203	3993	3792	3536	3192	2918	2708	2514	2335	
165	11302	59.9	60.0	41	1	1	2	967	1237	1860	2874	4113	5176	5776	5895	5840	5481	5095	4671	4244	3772	3428	3123	2973	3005	3221	3559	3951	4188	4256	4213	4043	3784	3528	3223	2916	2693	2528	2334	
165	11320	59.9	60.0	41	1	1	2	959	1216	1880	2943	4107	5139	5757	5953	5793	5472	5096	4654	4234	3766	3436	3162	2954	3006	3210	3551	3984	4219	4286	4209	4011	3779	3493	3207	2910	2701	2529	2321	
165	11337	60.0	60.0	41	1	1	2	982	1219	1869	2874	4090	5123	5784	5936	5801	5499	5055	4654	4207	3772	3407	3170	2977	3019	3229	3607	3956	4226	4301	4200	4010	3748	3482	3217	2944	2689	2519	2331	
165	11354	59.9	60.0	41	1	1	2	966	1225	1865	2902	4068	5132	5762	5930	5797	5455	5047	4638	4214	3753	3409	3150	2960	2996	3248	3572	3949	4187	4298	4201	3986	3723	3501	3180	2931	2702	2497	2320	
165	11417	95.4	94.5	42	1	0	2	907	1034	1326	1808	2423	2946	3370	3486	3470	3347	3153	2931	2732	2525	2385	2260	2226	2355	2596	2843	3177	3353	3404	3358	3242	3087	2888	2702	2488	2315	2185	2058	
165	11434	95.0	95.0	42	1	0	2	909	1032	1321	1807	2423	2951	3330	3453	3432	3315	3147	2958	2727	2517	2388	2254	2225	2351	2564	2841	3165	3350	3455	3350	3203	3052	2922	2659	2475	2300	2190	2036	
165	11497	59.9	60.8	42	1	1	2	978	1225	1846	2875	4045	5091	5724	5918	5754	5439	5068	4598	4184	3757	3369	3089	2939	3003	3195	3578	3943	4204	4277	4189	4004	3770	3488	3215	2942	2683	2509	2341	
165	11514	60.0	60.1	42	1	1	2	963	1205	1889	2877	4094	5119	5746	5928	5763	5447	5053	4602	4198	3756	3425	3146	2947	3016	3235	3566	3924	4181	4239	4196	3999	3769	3516	3253	2954	2707	2515	2358	
165	11531	59.9	60.0	42	1	1	2	967	1234	1897	2890	4105	5148	5802	5964	5811	5440	5095	4664	4201	3772	3414	3121	2944	2999	3268	3575	3963	4249	4287	4200	4000	3785	3503	3198	2926	2707	2503	2303	
165	11548	60.0	60.0	42	1	1	2	978	1213	1885	2906	4102	5123	5789	5916	5807	5504	5104	4676	4228	3761	3425	3178	2990	3026	3249	3579	3976	4220	4317	4217	3992	3797	3506	3203	2931	2694	2521	2335	
165	11566	60.0	60.0	42	1	1	2	964	1246	1880	2893	4087	5179	5809	5954	5809	5482	5053	4607	4258	3750	3410	3142	2971	3031	3251	3561	3955	4201	4361	4198	3991	3780	3489	3225	2944	2707	2513	2337	
165	11583	59.9	60.0	42	1	1	2	955	1249	1886	2920	4072	5149	5770	5960	5776	5494	5031	4653	4252	3751	3384	3135	2986	2989	3234	3561	3960	4216	4310	4185	3997	3773	3476	3208	2946	2709	2506	2356	
165	11600	59.9	60.0	42	1	1	2	968	1227	1877	2886	4064	5169	5768	5920	5794	5429	5053	4652	4179	3743	3430	3134	3000	3002	3216	3546	3961	4153	4275	4174	4002	3783	3498	3229	2939	2696	2504	2330	
165	11663	95.4	94.5	43	1	0	2	900	1024	1341	1832	2435	3025	3318	3467	3475	3289	3180	2948	2754	2520	2396	2241	2243	2339	2560	2864	3180	3329	3412	3390	3203	3074	2847	2693	2495	2325	2179	2053	
165	11680	94.9	95.0	43	1	0	2	895	1029	1341	1833	2446	2949	3329	3458	3460	3299	3138	2940	2749	2499	2367	2244	2237	2349	2604	2847	3152	3343	3408	3359	3173	3048	2874	2681	2491	2326	2157	2034	
165	11742	60.0	60.8	43	1	1	2	961	1227	1870	2898	4062	5135	5736	5857	5737	5461	5022	4593	4171	3714	3374	3113	2961	2989	3231	3575	3923	4142	4235	4181	4023	3787	3505	3236	2937	2691	2524	2338	
165	11759	60.0	60.1	43	1	1	2	975	1204	1872	2866	4075	5145	5707	5913	5803	5430	5030	4608	4174	3746	3420	3119	2993	2988	3235	3555	3940	4176	4314	4193	3980	3724	3495	3211	2937	2706	2471	2334	
165	11776	59.9	60.0	43	1	1	2	979	1233	1879	2896	4089	5175	5767	5925	5823	5483	5039	4635	4192	3792	3456	3162	2976	2995	3208	3613	3973	4189	4306	4203	4010	3781	3540	3223	2934	2700	2510	2330	
165	11794	60.0	60.0	43	1	1	2	961	1224	1867	2928	4121	5185	5792	5957	5813	5546	5122	4637	4217	3784	3453	3133	2998	3031	3226	3592	4006	4214	4317	4200	3998	3786	3513	3256	2913	2703	2544	2338	
165	11811	59.9	60.0	43	1	1	2	973	1220	1899	2913	4100	5164	5767	5914	5830	5489	5055	4639	4204	3783	3398	3154	2987	3000	3226	3565	3968	4190	4322	4201	4004	3781	3494	3216	2948	2701	2504	2348	
165	11828	59.9	60.0	43	1	1	2	986	1215	1888	2895	4107	5186	5766	5906	5845	5487	5065	4661	4186	3792	3420	3160	2987	3005	3229	3569	3935	4203	4257	4226	4014	3763	3528	3215	2948	2679	2528	2325	
165	11845	60.0	60.0	43	1	1	2	978	1227	1885	2879	4056	5129	5780	5900	5771	5467	5063	4606	4203	3736	3409	3150	2964	3023	3221	3576	3931	4165	4290	4244	3986	3726	3520	3181	2915	2698	2517	2356	
165	11908	95.4	94.5	44	1	0	2	893	1030	1357	1880	2434	2956	3324	3464	3418	3329	3166	2945	2747	2507	2385	2338	2236	2381	2596	2891	3194	3364	3427	3370	3286	3076	2888	2664	2491	2320	2188	2055	
165	11925	94.9	95.0	44	1	0	2	907	1036	1344	1839	2420	2990	3328	3476	3503	3296	3175	2963	2742	2516	2351	2248	2250	2349	2569	2889	3162	3323	3443	3357	3250	3075	2866	2694	2464	2341	2152	2047	
165	11988	60.0	60.8	44	1	1	2	977	1229	1895	2894	4051	5112	5688	5904	5719	5421	5022	4579	4194	3723	3458	3116	2979	3021	3248	3550	3972	4244	4271	4179	3974	3763	3500	3200	2947	2706	2514	2370	
165	12005	60.1	60.1	44	1	1	2	973	1220	1867	2881	4100	5137	5745	5941	5745	5451	5042	4577	4172	3754	3407	3125	2980	3007	3229	3539	3969	4205	4274	4199	3976	3771	3525	3190	2928	2668	2494	2338	
165	12022	59.9	60.0	44	1	1	2	981	1227	1867	2912	4115	5162	5729	5913	5799	5521	5041	4638	4218	3800	3422	3119	2976	3012	3202	3590	3954	4223	4313	4227	4032	3742	3502	3175	2936	2753	2535	2339	
165	12040	60.0	60.0	44	1	1	2	978	1238	1880	2865	4092	5186	5801	5928	5808	5458	5067	4646	4200	3773	3423	3139	2981	3014	3217	3557	3975	4176	4295	4192	4041	3788	3507	3230	2920	2708	2503	2342	
165	12057	60.0	60.0	44	1	1	2	976	1236	1891	2891	4093	5164	5797	5891	5778	5471	5074	4643	4185	3816	3444	3115	2949	2977	3225	3543	3975	4186	4289	4206	3999	3759	3502	3223	2926	2688	2528	2332	
165	12074	60.0	60.0	44	1	1	2	984	1228	1893	2874	4067	5194	5739	5883	5770	5449	5012	4575	4212	3733	3405	3147	2948	2994	3186	3570	3921	4198	4274	4157	3987	3820	3458	3201	2942	2684	2518	2332	
165	12091	60.0	60.0	44	1	1	2	988	1239	1888	2864	4102	5135	5744	5916	5778	5422	5033	4630	4208	3697	3394	3138	2953	3032	3236	3563	3978	4216	4255	4168	3987	3789	3500	3206	2977	2703	2518	2336	
165	12156	95.3	94.5	45	1	0	2	905	1042	1348	1866	2451	3008	3341	3462	3478	3358	3165	2998	2761	2480	2381	2290	2276	2395	2605	2881	3188	3374	3443	3366	3225	3059	2887	2688	2498	2333	2176	2062	
165	12173	94.9	95.0	45	1	0	2	909	1031	1346	1845	2413	2976	3303	3465	3407	3356	3141	2952	2746	2522	2385	2256	2220	2350	2587	2885	3170	3341	3397	3349	3201	3036	2873	2671	2484	2326	2168	2043	
165	12236	60.0	60.8	45	1	1	2	971	1249	1861	2895	4058	5152	5758	5902	5802	5460	5062	4616	4163	3742	3415	3169	2971	2970	3219	3577	3927	4185	4293	4223	4026	3767	3497	3237	2936	2686	2475	2332	
165	12253	60.0	60.1	45	1	1	2	986	1248	1875	2892	4085	5120	5760	5898	5816	5420	5066	4613	4223	3756	3402	3120	2974	3002	3224	3583	3965	4184	4286	4179	4002	3758	3512	3214	2950	2674	2494	2343	
165	12271	59.9	60.0	45	1	1	2	984	1235	1888	2896	4086	5132	5774	5980	5791	5469	5051	4637	4198	3725	3413	3171	2984	3022	3212	3606	3976	4217	4318	4213	4038	3787	3495	3204	2912	2724	2531	2342	
165	12288	59.9	60.0	45	1	1	2	991	1226	1878	2907	4110	5166	5815	5952	5883	5476	5088	4692	4267	3770	3455	3176	2967	3029	3255	3590	3943	4177	4300	4193	3994	3786	3513	3225	2940	2710	2512	2337	
165	12305	59.9	60.0	45	1	1	2	980	1237	1874	2914	4139	5166	5799	5905	5831	5495	5110	4620	4198	3760	3423	3156	2994	3031	3254	3593	4008	4209	4285	4208	4010	3762	3529	3207	2951	2718	2515	2328	
165	12322	60.0	60.0	45	1	1	2	958	1239	1896	2906	4122	5217	5782	5929	5833	5502	5062	4650	4222	3788	3427	3176	2999	3013	3251	3577	3958	4233	4316	4222	4012	3755	3511	3247	2929	2722	2482	2342	
165	12340	60.0	60.0	45	1	1	2	961	1236	1903	2886	4079	5185	5817	5898	5807	5462	5084	4616	4233	3762	3411	3151	3017	3020	3197	3569	3976	4182	4301	4227	4011	3754	3497	3226	2944	2733	2523	2321	
