Well	Time (1/2 s)	Block Temp	Sample Temp	Repetition	PCR Stage	Extension	Scale	B1	B2	B3	B4	B5	B6	B7	B8	B9	B10	B11	B12	B13	B14	B15	B16	B17	B18	B19	B20	B21	B22	B23	B24	B25	B26	B27	B28	B29	B30	B31	B32
359	96	95.3	94.4	1	0	0	2	927	1170	1578	2146	2738	3144	3368	3371	3348	3192	3029	2821	2559	2378	2271	2267	2301	2451	2787	3078	3319	3498	3474	3378	3248	3060	2861	2651	2455	2293	2140	2016	
359	113	94.9	95.0	1	0	0	2	928	1140	1550	2095	2647	3034	3254	3331	3269	3108	2922	2732	2536	2356	2227	2190	2241	2435	2784	3066	3287	3446	3481	3346	3170	3049	2852	2634	2454	2292	2136	2004	
359	130	94.9	95.0	1	0	0	2	937	1160	1570	2110	2634	3077	3249	3314	3225	3123	2927	2739	2533	2337	2238	2177	2256	2424	2746	3039	3284	3428	3403	3348	3198	3011	2859	2618	2470	2284	2155	2007	
359	148	95.0	95.0	1	0	0	2	940	1138	1580	2087	2646	3045	3254	3325	3243	3110	2933	2737	2503	2351	2208	2168	2279	2416	2720	3028	3267	3421	3371	3360	3204	3002	2821	2624	2430	2275	2132	1981	
359	165	95.0	95.0	1	0	0	2	929	1153	1572	2090	2634	3025	3266	3325	3264	3114	2924	2701	2547	2352	2245	2177	2257	2444	2739	3051	3302	3421	3425	3329	3165	3022	2817	2622	2451	2274	2121	1998	
359	182	95.0	95.0	1	0	0	2	926	1153	1554	2107	2620	3038	3289	3341	3247	3107	2924	2737	2526	2338	2231	2165	2294	2443	2741	3051	3289	3435	3420	3364	3169	3028	2830	2634	2462	2285	2169	2008	
359	199	95.0	95.0	1	0	0	2	922	1153	1566	2062	2637	3060	3269	3377	3257	3112	2934	2705	2539	2319	2248	2182	2249	2437	2770	3044	3332	3464	3440	3357	3197	2993	2840	2626	2465	2276	2144	1979	
359	217	95.0	95.0	1	0	0	2	933	1145	1556	2112	2630	3024	3287	3340	3248	3119	2932	2736	2546	2330	2250	2190	2228	2459	2764	3069	3289	3436	3423	3365	3207	3012	2854	2672	2462	2270	2132	1997	
359	234	95.0	95.0	1	0	0	2	929	1156	1554	2120	2681	3041	3266	3309	3231	3139	2940	2714	2523	2351	2263	2218	2311	2455	2746	3045	3319	3446	3424	3362	3208	3035	2859	2624	2463	2282	2163	2010	
359	251	94.9	95.0	1	0	0	2	933	1156	1537	2123	2676	3067	3277	3338	3243	3119	2948	2731	2538	2355	2194	2186	2286	2447	2753	3053	3301	3473	3419	3336	3188	3028	2854	2625	2462	2301	2198	1985	
359	268	94.9	95.0	1	0	0	2	927	1153	1535	2127	2645	3040	3305	3348	3242	3130	2949	2713	2548	2351	2232	2179	2275	2460	2744	3062	3288	3441	3440	3366	3229	3015	2851	2646	2435	2300	2157	1987	
359	286	95.0	95.0	1	0	0	2	938	1159	1551	2098	2664	3074	3280	3364	3249	3137	2923	2732	2555	2375	2284	2178	2243	2445	2760	3064	3287	3432	3458	3372	3176	2995	2854	2631	2465	2303	2169	2010	
359	303	95.0	95.0	1	0	0	2	927	1189	1568	2115	2652	3064	3307	3382	3288	3137	2966	2736	2517	2369	2264	2181	2282	2471	2755	3064	3309	3436	3463	3360	3208	3050	2852	2612	2479	2322	2166	1992	
359	320	95.0	95.0	1	0	0	2	930	1158	1565	2114	2656	3066	3298	3341	3246	3106	2929	2726	2555	2397	2260	2172	2285	2456	2769	3057	3294	3455	3431	3365	3213	3024	2867	2632	2450	2311	2168	1997	
359	337	94.9	95.0	1	0	0	2	937	1150	1559	2120	2643	3061	3265	3361	3266	3146	2968	2709	2529	2340	2247	2190	2253	2467	2772	3045	3305	3460	3404	3366	3229	3024	2856	2616	2450	2299	2158	1989	
359	355	94.9	95.0	1	0	0	2	930	1159	1568	2115	2661	3031	3312	3336	3263	3122	2980	2745	2532	2337	2271	2177	2282	2447	2760	3062	3288	3434	3424	3379	3182	2990	2874	2638	2462	2312	2150	1995	
359	372	94.9	95.0	1	0	0	2	923	1161	1555	2132	2644	3060	3285	3358	3267	3136	2948	2726	2556	2394	2239	2205	2260	2453	2781	3026	3331	3436	3470	3368	3183	3026	2853	2605	2482	2293	2174	2026	
359	389	94.9	95.0	1	0	0	2	914	1161	1568	2119	2654	3079	3285	3376	3294	3153	2950	2726	2543	2358	2242	2206	2275	2475	2751	3025	3325	3455	3420	3349	3220	3007	2884	2605	2463	2294	2187	1984	
359	406	95.0	95.0	1	0	0	2	929	1166	1561	2144	2676	3068	3275	3378	3299	3137	2972	2753	2552	2358	2258	2209	2275	2459	2752	3080	3310	3464	3434	3368	3220	3009	2851	2656	2466	2302	2155	2016	
359	424	94.9	95.0	1	0	0	2	922	1148	1549	2125	2656	3046	3278	3357	3312	3151	2958	2738	2554	2379	2277	2215	2265	2462	2786	3052	3314	3464	3463	3365	3230	3070	2879	2632	2442	2280	2173	2006	
359	441	95.0	95.0	1	0	0	2	919	1160	1555	2122	2682	3097	3298	3339	3289	3147	2954	2747	2552	2368	2275	2218	2274	2445	2778	3080	3326	3479	3445	3380	3233	3020	2861	2636	2452	2309	2156	1995	
359	458	95.0	95.0	1	0	0	2	925	1160	1571	2148	2652	3077	3313	3338	3261	3158	2950	2748	2543	2348	2272	2218	2308	2456	2775	3052	3352	3427	3463	3377	3223	3045	2881	2623	2479	2306	2174	2003	
359	475	95.0	95.0	1	0	0	2	930	1158	1564	2108	2632	3059	3303	3355	3293	3133	2989	2767	2574	2366	2233	2182	2282	2463	2752	3051	3306	3502	3445	3342	3222	3014	2862	2640	2462	2309	2167	1988	
359	493	94.9	95.0	1	0	0	2	934	1170	1560	2116	2666	3060	3264	3375	3289	3144	2978	2729	2556	2343	2265	2207	2273	2455	2760	3082	3304	3448	3472	3345	3233	3033	2854	2625	2425	2284	2141	1992	
359	510	95.0	95.0	1	0	0	2	928	1148	1554	2121	2675	3063	3302	3365	3278	3154	2958	2754	2562	2404	2266	2212	2257	2450	2785	3090	3314	3455	3453	3410	3227	3039	2879	2640	2457	2321	2161	2026	
359	527	94.9	95.0	1	0	0	2	928	1157	1542	2101	2677	3084	3303	3361	3275	3134	2976	2759	2536	2360	2254	2225	2287	2443	2789	3056	3279	3487	3489	3384	3220	3056	2859	2629	2466	2300	2171	1997	
359	544	95.0	95.0	1	0	0	2	912	1163	1596	2109	2691	3082	3293	3383	3275	3145	2955	2779	2535	2359	2277	2173	2292	2449	2781	3069	3308	3474	3478	3366	3246	3047	2848	2638	2462	2298	2176	2010	
359	562	95.0	95.0	1	0	0	2	934	1155	1567	2134	2648	3090	3256	3375	3286	3176	3002	2765	2578	2380	2257	2188	2279	2471	2785	3066	3290	3446	3439	3356	3229	3028	2856	2662	2468	2301	2157	2022	
359	579	95.0	95.0	1	0	0	2	933	1166	1562	2126	2673	3079	3287	3370	3299	3130	2972	2754	2625	2390	2298	2231	2294	2431	2729	3054	3317	3482	3449	3363	3173	3029	2890	2629	2468	2285	2179	2024	
359	596	94.9	95.0	1	0	0	2	936	1163	1550	2121	2644	3088	3275	3406	3305	3191	2978	2723	2571	2391	2245	2225	2279	2455	2780	3077	3303	3480	3434	3368	3224	3035	2861	2631	2470	2293	2182	1996	
359	613	95.0	95.0	1	0	0	2	928	1159	1566	2133	2673	3085	3320	3373	3273	3153	2958	2787	2555	2372	2254	2193	2303	2476	2777	3075	3311	3454	3470	3408	3251	3048	2851	2656	2483	2271	2187	2009	
359	631	95.0	95.0	1	0	0	2	930	1159	1556	2148	2680	3080	3316	3401	3255	3129	2943	2768	2580	2391	2256	2221	2296	2451	2775	3078	3317	3436	3477	3385	3245	3052	2883	2646	2480	2287	2165	2003	
359	648	95.0	95.0	1	0	0	2	930	1164	1560	2125	2673	3063	3309	3381	3292	3192	2965	2759	2558	2389	2260	2221	2279	2479	2791	3081	3307	3477	3494	3369	3255	3039	2846	2638	2478	2296	2185	2011	
359	665	94.9	95.0	1	0	0	2	920	1162	1562	2129	2665	3061	3312	3389	3264	3155	2970	2769	2580	2388	2303	2182	2287	2481	2746	3081	3344	3472	3476	3368	3246	3061	2874	2652	2461	2310	2185	1991	
359	682	94.9	95.0	1	0	0	2	924	1151	1554	2118	2687	3096	3275	3380	3282	3167	2981	2773	2572	2379	2261	2220	2274	2458	2773	3071	3318	3470	3436	3392	3234	3054	2887	2624	2496	2332	2184	2025	
359	700	95.0	95.0	1	0	0	2	924	1161	1575	2138	2680	3104	3311	3372	3336	3164	2985	2745	2560	2410	2264	2194	2288	2475	2731	3109	3341	3468	3438	3346	3229	3022	2875	2662	2448	2289	2192	2032	
359	717	94.9	95.0	1	0	0	2	933	1157	1552	2116	2702	3117	3305	3385	3298	3159	2962	2763	2570	2386	2279	2227	2307	2480	2762	3086	3311	3457	3467	3409	3261	3047	2886	2652	2491	2310	2164	2002	
359	734	95.0	95.0	1	0	0	2	923	1161	1577	2124	2684	3100	3271	3389	3303	3166	3004	2760	2566	2415	2260	2225	2282	2464	2789	3111	3341	3468	3433	3338	3218	3062	2869	2649	2469	2321	2170	1999	
359	751	95.0	95.0	1	0	0	2	947	1162	1557	2134	2666	3083	3298	3383	3274	3155	2974	2753	2559	2391	2274	2181	2289	2452	2763	3069	3353	3456	3469	3374	3224	3077	2890	2635	2479	2291	2179	2004	
359	769	95.0	95.0	1	0	0	2	924	1167	1564	2140	2712	3080	3323	3404	3315	3176	2984	2764	2584	2376	2242	2236	2291	2473	2768	3091	3336	3472	3441	3383	3261	3032	2884	2640	2462	2306	2189	2026	
359	786	94.9	95.0	1	0	0	2	932	1148	1566	2134	2664	3089	3319	3388	3290	3156	2953	2773	2569	2378	2243	2209	2304	2494	2793	3068	3334	3493	3441	3366	3218	3017	2885	2649	2468	2300	2181	2041	
359	803	94.9	95.0	1	0	0	2	933	1180	1559	2141	2656	3091	3317	3399	3296	3188	2987	2740	2580	2385	2301	2203	2282	2481	2784	3053	3330	3494	3471	3409	3234	3054	2884	2665	2483	2308	2159	2001	
359	820	95.0	95.0	1	0	0	2	925	1159	1548	2147	2696	3088	3331	3403	3295	3170	3005	2785	2560	2388	2278	2209	2252	2482	2765	3069	3321	3471	3481	3371	3235	3049	2882	2640	2482	2308	2187	2017	
359	838	95.0	95.0	1	0	0	2	938	1173	1576	2121	2710	3085	3308	3349	3286	3170	2968	2774	2572	2383	2272	2211	2301	2484	2807	3072	3325	3480	3465	3372	3261	3072	2898	2672	2467	2324	2193	2002	
359	855	94.9	95.0	1	0	0	2	926	1166	1556	2122	2689	3076	3309	3395	3309	3184	2988	2774	2590	2370	2266	2247	2294	2464	2782	3112	3350	3489	3489	3386	3223	3033	2837	2651	2453	2310	2169	1985	
359	872	94.9	95.0	1	0	0	2	932	1153	1570	2097	2665	3105	3307	3372	3339	3177	2999	2787	2601	2404	2263	2203	2300	2471	2790	3074	3317	3489	3509	3384	3232	3052	2869	2667	2454	2326	2180	2025	
359	889	94.9	95.0	1	0	0	2	910	1171	1597	2132	2677	3090	3306	3395	3296	3144	2978	2752	2609	2362	2274	2201	2291	2453	2784	3092	3315	3464	3458	3395	3250	3082	2863	2641	2455	2328	2184	2006	
359	907	95.0	95.0	1	0	0	2	938	1173	1555	2134	2674	3089	3308	3365	3368	3112	3000	2757	2570	2392	2254	2218	2298	2480	2750	3118	3320	3515	3460	3376	3233	3069	2869	2657	2463	2304	2171	2003	
359	924	95.0	95.0	1	0	0	2	930	1167	1585	2129	2678	3120	3337	3378	3313	3202	3053	2758	2604	2411	2302	2223	2306	2457	2790	3085	3314	3495	3494	3363	3261	3060	2886	2626	2458	2292	2182	1993	
359	941	95.0	95.0	1	0	0	2	928	1168	1576	2157	2661	3081	3339	3381	3326	3186	3004	2785	2594	2396	2286	2233	2280	2521	2790	3107	3322	3503	3484	3377	3195	3062	2884	2637	2463	2278	2183	2027	
359	958	94.9	95.0	1	0	0	2	918	1173	1559	2134	2679	3103	3312	3432	3323	3197	2993	2759	2557	2391	2283	2214	2295	2481	2806	3081	3377	3468	3498	3408	3278	3063	2885	2615	2505	2323	2183	2018	
359	976	95.0	95.0	1	0	0	2	934	1177	1590	2125	2661	3079	3317	3380	3350	3190	2992	2760	2586	2385	2261	2231	2297	2457	2800	3049	3364	3478	3482	3379	3247	3071	2869	2642	2488	2333	2178	2003	
359	993	94.9	95.0	1	0	0	2	928	1170	1578	2146	2664	3096	3340	3385	3337	3167	2983	2780	2584	2382	2292	2226	2293	2458	2840	3111	3350	3451	3511	3419	3235	3064	2888	2657	2473	2298	2203	1993	
359	1010	94.9	95.0	1	0	0	2	936	1160	1565	2128	2661	3096	3331	3372	3317	3211	2957	2774	2604	2382	2250	2200	2291	2454	2772	3068	3341	3473	3485	3330	3240	3038	2859	2664	2497	2277	2183	2010	
359	1027	95.0	95.0	1	0	0	2	938	1170	1578	2124	2675	3098	3325	3411	3340	3174	2950	2792	2563	2380	2269	2227	2289	2483	2796	3076	3358	3482	3472	3382	3229	3031	2870	2645	2476	2294	2176	2012	
359	1045	95.0	95.0	1	0	0	2	932	1173	1577	2112	2690	3090	3315	3389	3332	3193	2982	2799	2564	2413	2264	2226	2307	2459	2774	3050	3327	3478	3496	3367	3253	3037	2868	2651	2483	2316	2171	2023	
359	1062	95.0	95.0	1	0	0	2	936	1169	1569	2157	2680	3119	3355	3376	3324	3183	2972	2766	2572	2383	2308	2232	2303	2494	2775	3090	3351	3487	3486	3413	3228	3073	2884	2660	2472	2322	2208	2039	
359	1079	95.0	95.0	1	0	0	2	948	1166	1568	2125	2691	3093	3328	3391	3295	3192	3011	2764	2597	2369	2264	2200	2293	2474	2782	3093	3336	3469	3504	3362	3250	3046	2874	2632	2490	2301	2197	2011	
359	1096	95.0	95.0	1	0	0	2	928	1172	1573	2138	2675	3089	3353	3395	3341	3196	2988	2801	2557	2375	2264	2242	2312	2462	2785	3095	3347	3484	3489	3368	3224	3035	2900	2675	2460	2317	2160	2012	
359	1114	95.0	95.0	1	0	0	2	926	1159	1585	2135	2678	3108	3353	3378	3303	3192	2984	2769	2592	2396	2288	2213	2278	2499	2790	3074	3331	3502	3473	3414	3253	3096	2877	2664	2503	2325	2208	2030	
359	1131	94.9	95.0	1	0	0	2	918	1159	1569	2157	2670	3085	3335	3399	3340	3160	2929	2827	2580	2387	2242	2221	2289	2449	2793	3111	3314	3543	3480	3377	3275	3066	2894	2604	2459	2319	2170	2006	
359	1148	94.9	95.0	1	0	0	2	936	1178	1578	2168	2687	3080	3335	3385	3289	3188	3003	2790	2600	2397	2245	2237	2295	2470	2781	3084	3365	3528	3464	3401	3242	3078	2876	2666	2490	2312	2170	2011	
359	1165	95.0	95.0	1	0	0	2	948	1171	1581	2144	2643	3128	3336	3392	3357	3189	2983	2773	2581	2378	2307	2205	2280	2480	2787	3105	3333	3468	3474	3359	3262	3051	2883	2676	2485	2313	2166	2034	
359	1182	95.0	95.0	1	0	0	2	934	1167	1566	2137	2696	3080	3316	3434	3298	3189	3023	2797	2573	2393	2260	2196	2282	2488	2801	3091	3337	3491	3478	3386	3242	3040	2875	2634	2473	2288	2191	2006	
359	1200	94.9	95.0	1	0	0	2	939	1178	1580	2153	2664	3092	3332	3386	3315	3199	3000	2786	2582	2384	2280	2224	2305	2494	2785	3076	3352	3495	3423	3399	3261	3071	2856	2666	2471	2321	2178	2016	
359	1217	94.9	95.0	1	0	0	2	930	1161	1577	2139	2692	3088	3311	3395	3363	3209	2980	2792	2592	2386	2276	2248	2292	2503	2802	3077	3341	3476	3465	3402	3264	3084	2901	2667	2489	2320	2151	2010	
359	1234	95.0	95.0	1	0	0	2	936	1183	1586	2163	2709	3118	3336	3442	3313	3186	3011	2772	2573	2408	2264	2244	2298	2466	2770	3051	3337	3498	3488	3388	3235	3044	2846	2644	2480	2322	2180	2025	
359	1251	95.0	95.0	1	0	0	2	930	1175	1574	2136	2707	3116	3344	3424	3338	3190	2985	2782	2602	2393	2279	2234	2272	2494	2819	3092	3361	3536	3474	3372	3264	3058	2877	2630	2499	2308	2144	1999	
359	1269	95.0	95.0	1	0	0	2	914	1167	1585	2153	2694	3097	3342	3409	3305	3193	3031	2800	2600	2393	2296	2220	2278	2471	2801	3101	3388	3478	3499	3406	3269	3073	2908	2662	2457	2288	2182	1978	
359	1286	95.0	95.0	1	0	0	2	929	1169	1582	2134	2693	3127	3340	3404	3315	3188	3009	2758	2584	2384	2237	2219	2294	2497	2804	3116	3306	3490	3467	3376	3249	3042	2900	2670	2470	2317	2194	2029	
359	1314	94.9	95.0	1	1	0	2	930	1149	1575	2144	2716	3062	3317	3378	3353	3276	2993	2785	2593	2392	2266	2228	2274	2486	2811	3110	3361	3512	3471	3408	3239	3101	2844	2663	2491	2307	2205	2039	
359	1377	60.0	60.8	1	1	1	2	1046	1530	2412	3610	4694	5430	5785	5841	5568	5218	4824	4337	3954	3568	3269	3076	3022	3153	3483	3896	4188	4409	4385	4258	4021	3765	3526	3162	2906	2696	2487	2295	
359	1394	60.0	60.1	1	1	1	2	1053	1556	2431	3615	4747	5510	5846	5920	5641	5281	4862	4449	3978	3596	3327	3090	3033	3177	3543	3894	4225	4451	4446	4277	4055	3780	3563	3185	2945	2697	2537	2337	
359	1411	59.9	60.0	1	1	1	2	1041	1563	2430	3621	4771	5589	5884	5919	5620	5289	4910	4383	4000	3630	3263	3051	3028	3164	3509	3919	4237	4449	4396	4270	4064	3814	3495	3197	2899	2700	2549	2313	
359	1428	59.9	60.0	1	1	1	2	1032	1546	2427	3637	4719	5534	5894	5940	5692	5278	4904	4424	4011	3591	3284	3093	3057	3175	3547	3905	4213	4396	4418	4290	4069	3784	3533	3212	2973	2707	2553	2330	
359	1446	60.0	60.0	1	1	1	2	1039	1554	2443	3636	4773	5586	5898	5945	5663	5298	4866	4418	3994	3580	3315	3080	3073	3170	3523	3872	4220	4473	4396	4293	4093	3796	3537	3182	2931	2705	2545	2303	
359	1463	60.0	60.0	1	1	1	2	1050	1557	2424	3661	4761	5607	5873	5936	5665	5317	4892	4418	3997	3596	3249	3059	3072	3205	3562	3921	4207	4472	4432	4328	4066	3775	3566	3190	2939	2727	2548	2304	
359	1480	60.0	60.0	1	1	1	2	1032	1556	2440	3584	4744	5530	5886	5882	5646	5328	4876	4418	3987	3586	3287	3085	3080	3157	3517	3919	4177	4433	4418	4260	4063	3827	3537	3181	2947	2679	2563	2325	
359	1543	95.2	94.0	2	1	0	2	933	1177	1608	2218	2780	3212	3434	3525	3375	3267	3069	2882	2656	2437	2326	2264	2316	2506	2850	3149	3412	3562	3561	3466	3312	3080	2921	2694	2512	2324	2229	2049	
359	1560	94.8	95.0	2	1	0	2	950	1176	1583	2134	2734	3160	3369	3446	3349	3220	2988	2805	2601	2416	2315	2242	2308	2520	2834	3142	3369	3551	3515	3430	3285	3121	2909	2673	2514	2341	2203	2029	
359	1623	60.4	60.9	2	1	1	2	1046	1556	2407	3655	4769	5527	5903	5884	5611	5305	4868	4445	4013	3580	3312	3106	3071	3193	3565	3909	4244	4457	4447	4306	4110	3812	3541	3199	2999	2736	2531	2337	
359	1640	60.0	60.1	2	1	1	2	1028	1542	2427	3645	4752	5562	5966	5936	5659	5319	4884	4451	4014	3613	3325	3116	3059	3187	3552	3885	4256	4405	4446	4323	4103	3795	3506	3214	2963	2696	2527	2309	
359	1657	60.0	60.0	2	1	1	2	1055	1561	2456	3661	4823	5586	5964	5997	5701	5352	4925	4435	4039	3632	3321	3140	3073	3205	3524	3906	4254	4420	4479	4304	4097	3826	3565	3214	2999	2731	2532	2328	
359	1674	60.0	60.0	2	1	1	2	1059	1570	2448	3672	4764	5565	5952	5923	5689	5332	4912	4438	4064	3595	3317	3100	3057	3221	3550	3925	4216	4459	4416	4311	4124	3806	3536	3222	2956	2718	2548	2304	
359	1692	59.9	60.0	2	1	1	2	1038	1570	2448	3620	4803	5543	5953	5964	5687	5328	4888	4446	4046	3615	3280	3064	3058	3210	3558	3911	4262	4437	4403	4338	4079	3819	3546	3208	2953	2739	2514	2309	
359	1709	60.0	60.0	2	1	1	2	1032	1556	2419	3611	4768	5558	5878	5930	5681	5307	4927	4396	4034	3588	3265	3103	3047	3221	3575	3885	4252	4466	4424	4272	4055	3823	3527	3216	2934	2690	2517	2335	
359	1726	60.0	60.0	2	1	1	2	1038	1574	2465	3639	4797	5579	5936	5937	5698	5316	4884	4419	4001	3631	3290	3095	3069	3204	3546	3926	4241	4442	4481	4314	4097	3839	3522	3192	2963	2709	2549	2334	
359	1789	95.4	94.5	3	1	0	2	934	1178	1602	2210	2737	3157	3401	3496	3413	3242	3071	2829	2610	2431	2309	2253	2350	2512	2790	3147	3397	3532	3540	3435	3302	3103	2888	2659	2515	2342	2209	2023	
359	1806	94.9	95.0	3	1	0	2	947	1182	1573	2168	2699	3168	3382	3442	3370	3227	3024	2812	2594	2407	2308	2233	2299	2496	2820	3087	3387	3520	3504	3436	3288	3084	2898	2687	2516	2352	2212	2031	
359	1869	60.4	61.0	3	1	1	2	1043	1565	2404	3628	4780	5540	5929	5912	5648	5349	4918	4439	4041	3609	3313	3102	3083	3204	3572	3937	4241	4480	4475	4301	4051	3783	3572	3211	2968	2737	2550	2344	
359	1886	60.0	60.1	3	1	1	2	1043	1576	2459	3682	4807	5599	5968	5939	5702	5400	4939	4471	4040	3612	3337	3084	3080	3200	3542	3932	4258	4482	4435	4340	4120	3784	3518	3212	2960	2725	2529	2329	
359	1903	59.9	60.0	3	1	1	2	1046	1554	2468	3715	4807	5630	5969	5978	5724	5376	4938	4518	4061	3634	3329	3130	3091	3259	3595	3924	4299	4473	4460	4335	4081	3843	3538	3239	2979	2753	2550	2336	
359	1921	60.0	60.0	3	1	1	2	1039	1564	2468	3672	4797	5643	5952	5958	5666	5322	4931	4443	4026	3593	3307	3097	3093	3224	3583	3914	4244	4467	4477	4308	4100	3807	3543	3221	2970	2748	2528	2351	
359	1938	59.9	60.0	3	1	1	2	1056	1554	2463	3638	4798	5556	5962	5981	5712	5362	4894	4468	4047	3578	3308	3101	3048	3223	3563	3949	4236	4400	4454	4302	4076	3842	3571	3198	2959	2739	2560	2355	
359	1955	59.9	60.0	3	1	1	2	1059	1559	2445	3676	4801	5638	5990	5954	5697	5329	4922	4458	4001	3631	3322	3092	3068	3196	3576	3909	4253	4480	4460	4356	4109	3805	3553	3257	2944	2714	2535	2321	
359	1972	60.0	60.0	3	1	1	2	1046	1564	2445	3665	4814	5587	5947	6032	5704	5326	4923	4448	4052	3628	3291	3112	3056	3195	3581	3936	4258	4488	4418	4297	4114	3806	3544	3215	2955	2663	2542	2329	
359	2035	95.3	94.3	4	1	0	2	926	1164	1613	2181	2767	3185	3400	3506	3377	3255	3027	2854	2646	2437	2328	2272	2321	2502	2827	3126	3370	3521	3518	3449	3281	3109	2913	2696	2499	2349	2219	2036	
359	2052	94.9	95.0	4	1	0	2	925	1179	1585	2153	2723	3167	3392	3464	3379	3234	3021	2797	2599	2425	2298	2233	2297	2509	2844	3064	3367	3507	3471	3424	3287	3072	2917	2692	2499	2339	2196	2055	
359	2115	59.9	60.8	4	1	1	2	1046	1521	2426	3640	4725	5490	5866	5913	5633	5289	4857	4439	3976	3592	3315	3079	3060	3179	3567	3858	4236	4412	4396	4306	4084	3815	3521	3197	2964	2717	2526	2346	
359	2132	60.0	60.1	4	1	1	2	1036	1556	2447	3613	4798	5536	5888	6006	5682	5299	4935	4439	4029	3615	3308	3103	3019	3198	3551	3891	4265	4460	4436	4263	4076	3810	3576	3208	2918	2736	2550	2311	
359	2149	60.0	60.0	4	1	1	2	1056	1564	2446	3650	4760	5601	5933	5919	5705	5318	4898	4403	4039	3647	3316	3076	3055	3207	3562	3873	4250	4461	4445	4300	4074	3810	3552	3214	2957	2732	2554	2313	
359	2167	60.0	60.0	4	1	1	2	1045	1556	2447	3649	4780	5575	5935	5933	5662	5296	4876	4452	4009	3587	3275	3113	3108	3219	3535	3923	4238	4464	4426	4285	4072	3830	3570	3240	2950	2737	2563	2312	
359	2184	60.0	60.0	4	1	1	2	1051	1537	2458	3663	4784	5536	5896	5925	5660	5308	4886	4408	4015	3603	3298	3076	3038	3157	3574	3862	4235	4438	4426	4309	4066	3829	3572	3216	2955	2750	2540	2312	
359	2201	60.0	60.0	4	1	1	2	1049	1572	2479	3642	4737	5552	5909	5942	5670	5335	4916	4423	4017	3595	3298	3083	3056	3184	3544	3903	4251	4425	4420	4289	4074	3767	3536	3215	2968	2708	2515	2334	
359	2218	60.0	60.0	4	1	1	2	1041	1556	2431	3659	4783	5541	5905	5932	5671	5315	4886	4422	4020	3559	3298	3082	3072	3183	3557	3919	4236	4435	4444	4314	4107	3811	3561	3210	2971	2729	2554	2355	
359	2281	95.3	94.4	5	1	0	2	919	1165	1576	2177	2712	3162	3406	3465	3369	3245	3047	2814	2615	2425	2301	2230	2308	2497	2827	3098	3375	3554	3510	3410	3292	3085	2898	2704	2502	2339	2198	2043	
359	2298	94.9	95.0	5	1	0	2	916	1185	1601	2154	2701	3167	3374	3470	3349	3223	3036	2807	2617	2418	2303	2242	2313	2489	2823	3100	3379	3517	3520	3416	3245	3089	2881	2645	2506	2297	2189	2033	
359	2361	59.9	60.8	5	1	1	2	1032	1536	2402	3626	4714	5549	5880	5980	5653	5284	4876	4385	3998	3590	3279	3087	3081	3205	3507	3895	4269	4445	4421	4291	4083	3780	3536	3222	2921	2717	2540	2352	
359	2378	60.0	60.1	5	1	1	2	1034	1540	2442	3658	4755	5558	5933	5962	5717	5333	4888	4419	4011	3579	3297	3066	3076	3199	3578	3889	4267	4470	4421	4287	4071	3802	3589	3202	2904	2696	2520	2334	
359	2396	59.9	60.0	5	1	1	2	1056	1563	2438	3649	4777	5573	5981	5925	5670	5351	4897	4451	4006	3630	3313	3083	3050	3185	3539	3927	4273	4445	4439	4290	4108	3810	3544	3255	2970	2716	2571	2337	
359	2413	60.0	60.0	5	1	1	2	1044	1557	2458	3639	4756	5539	5901	5907	5651	5329	4871	4406	4008	3575	3320	3078	3085	3167	3536	3914	4211	4473	4426	4277	4092	3789	3542	3208	2936	2696	2535	2303	
359	2430	59.9	60.0	5	1	1	2	1048	1539	2462	3634	4719	5558	5865	5932	5608	5287	4842	4440	4013	3601	3298	3085	3035	3165	3548	3894	4228	4448	4435	4285	4060	3787	3522	3225	2924	2690	2537	2337	
359	2447	59.9	60.0	5	1	1	2	1049	1566	2484	3639	4767	5528	5908	5927	5659	5321	4904	4385	3964	3606	3310	3092	3056	3172	3561	3889	4210	4425	4398	4336	4059	3805	3541	3196	2987	2708	2535	2320	
359	2465	59.9	60.0	5	1	1	2	1049	1551	2442	3648	4727	5530	5871	5955	5632	5306	4879	4437	4019	3590	3290	3084	3050	3172	3562	3888	4258	4455	4425	4309	4110	3785	3529	3194	2933	2715	2543	2337	
359	2527	95.3	94.3	6	1	0	2	919	1166	1609	2165	2733	3175	3393	3461	3392	3268	3037	2817	2601	2438	2312	2274	2308	2484	2818	3102	3373	3497	3498	3433	3259	3068	2896	2665	2494	2338	2216	2026	
359	2544	94.9	95.0	6	1	0	2	931	1174	1594	2152	2700	3111	3350	3415	3376	3199	3028	2825	2625	2411	2287	2246	2325	2481	2795	3086	3358	3514	3479	3423	3273	3099	2922	2693	2479	2344	2190	2048	
359	2607	59.9	60.8	6	1	1	2	1047	1548	2447	3622	4713	5476	5912	5932	5595	5295	4856	4398	3987	3549	3280	3076	3054	3162	3527	3886	4242	4438	4416	4267	4045	3772	3541	3186	2927	2719	2518	2296	
359	2624	60.1	60.1	6	1	1	2	1028	1561	2423	3600	4753	5537	5902	5940	5659	5326	4894	4430	3977	3597	3278	3065	3050	3190	3513	3912	4241	4423	4425	4263	4060	3775	3551	3209	2926	2696	2543	2367	
359	2642	59.9	60.0	6	1	1	2	1045	1564	2472	3684	4780	5586	5932	5963	5691	5320	4882	4448	4033	3588	3330	3065	3037	3176	3570	3922	4242	4455	4414	4326	4094	3788	3533	3208	2930	2724	2557	2330	
359	2659	60.0	60.0	6	1	1	2	1067	1548	2427	3656	4740	5557	5922	5921	5655	5269	4886	4422	3953	3593	3262	3062	3055	3168	3536	3882	4217	4467	4404	4278	4072	3792	3533	3194	2922	2701	2518	2320	
359	2676	60.0	60.0	6	1	1	2	1028	1554	2438	3628	4765	5538	5881	5893	5629	5265	4895	4426	3995	3577	3278	3038	3054	3171	3540	3898	4230	4426	4387	4278	4045	3802	3524	3193	2970	2711	2555	2333	
359	2693	60.0	60.0	6	1	1	2	1029	1544	2421	3650	4717	5517	5915	5900	5614	5308	4835	4380	3995	3562	3300	3045	3059	3179	3516	3893	4196	4411	4372	4249	4031	3786	3541	3162	2977	2700	2522	2327	
359	2711	59.9	60.0	6	1	1	2	1042	1553	2430	3625	4743	5553	5885	5909	5636	5288	4856	4424	4011	3575	3306	3052	3041	3174	3523	3872	4205	4433	4380	4280	4061	3771	3520	3185	2960	2718	2530	2319	
359	2773	95.4	94.2	7	1	0	2	957	1172	1599	2182	2688	3141	3377	3447	3315	3218	3054	2796	2592	2404	2309	2236	2323	2491	2794	3079	3359	3487	3491	3387	3277	3046	2903	2658	2476	2348	2168	2007	
359	2790	94.9	95.0	7	1	0	2	919	1157	1588	2140	2677	3127	3361	3429	3364	3214	3002	2805	2592	2407	2288	2229	2303	2476	2805	3080	3325	3508	3486	3401	3223	3066	2872	2646	2465	2329	2185	2010	
359	2853	60.4	61.0	7	1	1	2	1034	1517	2418	3582	4681	5461	5851	5834	5568	5241	4835	4310	3973	3541	3275	3057	3012	3134	3487	3864	4190	4365	4389	4220	4043	3749	3476	3155	2931	2662	2492	2303	
359	2871	60.1	60.1	7	1	1	2	1041	1545	2422	3599	4754	5499	5852	5864	5550	5283	4822	4390	3972	3576	3276	3057	3036	3150	3480	3834	4197	4400	4397	4262	4034	3768	3490	3152	2916	2664	2483	2307	
359	2888	60.0	60.0	7	1	1	2	1036	1550	2440	3611	4708	5520	5856	5905	5664	5240	4841	4402	3990	3566	3261	3051	3022	3164	3505	3858	4209	4373	4377	4242	4061	3773	3484	3162	2915	2698	2540	2288	
359	2905	60.0	60.0	7	1	1	2	1037	1550	2447	3648	4719	5494	5821	5860	5578	5234	4826	4376	3999	3585	3224	3029	3002	3158	3502	3875	4200	4383	4363	4260	4059	3802	3546	3188	2922	2673	2506	2292	
359	2922	60.0	60.0	7	1	1	2	1043	1550	2399	3558	4689	5447	5820	5836	5593	5274	4784	4327	3963	3532	3243	3033	3023	3141	3534	3843	4188	4363	4399	4211	4026	3767	3475	3177	2914	2666	2508	2303	
359	2940	60.0	60.0	7	1	1	2	1019	1557	2435	3572	4714	5467	5836	5868	5573	5243	4818	4347	3955	3541	3257	3036	3024	3142	3490	3846	4142	4395	4385	4239	4003	3759	3496	3166	2934	2681	2496	2284	
359	2957	60.0	60.0	7	1	1	2	1036	1544	2409	3615	4685	5466	5809	5923	5600	5291	4866	4379	3958	3521	3264	3042	3005	3174	3490	3874	4194	4393	4384	4231	4044	3778	3486	3152	2939	2667	2535	2299	
359	3021	95.2	94.2	8	1	0	2	927	1168	1568	2159	2701	3143	3381	3414	3335	3208	2989	2794	2585	2384	2269	2216	2288	2484	2785	3099	3348	3473	3452	3373	3233	3057	2877	2626	2475	2295	2164	2017	
359	3039	95.0	95.0	8	1	0	2	916	1219	1590	2160	2689	3128	3348	3413	3312	3161	3028	2770	2578	2383	2269	2235	2318	2470	2745	3097	3338	3434	3480	3406	3219	3059	2892	2665	2471	2299	2155	1990	
359	3100	60.5	61.0	8	1	1	2	1025	1522	2406	3566	4668	5436	5756	5840	5578	5201	4791	4397	3960	3541	3214	3040	2983	3144	3499	3843	4165	4373	4356	4236	4016	3741	3489	3173	2903	2659	2506	2290	
359	3118	60.0	60.1	8	1	1	2	1039	1540	2412	3584	4713	5501	5860	5897	5599	5226	4775	4344	3968	3526	3252	3044	3001	3133	3493	3847	4177	4423	4366	4239	4027	3728	3511	3155	2916	2679	2475	2287	
359	3135	59.9	60.0	8	1	1	2	1050	1556	2431	3615	4694	5477	5844	5913	5600	5307	4835	4369	3965	3533	3249	3041	3037	3170	3517	3865	4193	4405	4427	4243	4045	3756	3480	3132	2914	2696	2508	2310	
359	3152	59.9	60.0	8	1	1	2	1047	1546	2399	3608	4694	5517	5864	5865	5572	5267	4835	4377	3937	3562	3257	3058	3026	3118	3509	3829	4174	4372	4364	4252	4006	3754	3459	3124	2881	2687	2505	2303	
359	3169	59.9	60.0	8	1	1	2	1048	1546	2423	3602	4715	5501	5815	5847	5615	5263	4860	4376	3921	3536	3269	3062	3018	3146	3493	3852	4166	4412	4382	4221	4022	3764	3476	3182	2925	2667	2521	2298	
359	3187	59.9	60.0	8	1	1	2	1039	1560	2431	3605	4696	5488	5809	5885	5601	5205	4828	4360	3900	3561	3238	3051	3007	3163	3490	3832	4164	4411	4383	4213	4022	3771	3486	3176	2882	2649	2485	2308	
359	3204	59.9	60.0	8	1	1	2	1033	1564	2411	3575	4688	5438	5853	5868	5558	5205	4808	4284	3907	3517	3241	3032	3030	3141	3448	3847	4211	4377	4356	4169	4027	3750	3503	3165	2922	2678	2472	2291	
359	3266	95.3	94.0	9	1	0	2	944	1178	1578	2163	2699	3165	3386	3452	3363	3206	3029	2801	2574	2414	2289	2233	2290	2498	2825	3065	3334	3495	3474	3373	3238	3048	2876	2697	2487	2305	2163	2003	
359	3284	94.9	95.0	9	1	0	2	946	1176	1633	2152	2689	3104	3291	3400	3310	3200	3018	2794	2568	2390	2252	2220	2299	2467	2799	3067	3358	3449	3466	3370	3231	3012	2875	2653	2446	2313	2173	2001	
359	3347	60.1	60.8	9	1	1	2	1020	1537	2406	3572	4649	5428	5756	5795	5524	5221	4753	4341	3926	3521	3247	3029	2967	3115	3473	3820	4165	4366	4312	4210	4026	3733	3454	3175	2892	2656	2497	2293	
359	3364	60.0	60.1	9	1	1	2	1051	1546	2414	3564	4652	5449	5830	5809	5561	5236	4778	4336	3957	3521	3266	3011	3008	3131	3502	3854	4157	4374	4331	4194	3982	3720	3461	3148	2921	2671	2481	2288	
359	3381	60.0	60.0	9	1	1	2	1034	1546	2398	3600	4697	5486	5808	5869	5585	5273	4799	4357	3931	3573	3268	3041	3013	3108	3489	3855	4165	4371	4351	4253	3980	3771	3506	3149	2937	2705	2518	2312	
359	3398	60.0	60.0	9	1	1	2	1031	1531	2390	3573	4656	5432	5818	5825	5554	5207	4827	4342	3942	3525	3246	3034	3008	3154	3461	3837	4134	4364	4332	4205	4000	3779	3489	3135	2893	2657	2501	2287	
359	3416	59.9	60.0	9	1	1	2	1045	1542	2396	3591	4655	5479	5868	5782	5558	5198	4792	4300	3917	3529	3264	3059	3010	3121	3505	3839	4144	4369	4308	4186	4018	3740	3473	3144	2902	2679	2499	2285	
359	3433	60.0	60.0	9	1	1	2	1039	1548	2406	3579	4638	5457	5773	5841	5510	5240	4802	4327	3951	3539	3237	3026	3026	3132	3459	3839	4154	4397	4326	4192	3991	3717	3461	3150	2906	2632	2501	2284	
359	3450	59.9	60.0	9	1	1	2	1038	1517	2409	3557	4692	5428	5780	5802	5557	5222	4805	4355	3929	3480	3242	3028	2969	3117	3480	3842	4153	4326	4335	4270	4027	3740	3472	3137	2891	2644	2478	2286	
359	3513	95.4	94.5	10	1	0	2	975	1172	1575	2149	2684	3106	3350	3409	3373	3185	2998	2747	2564	2375	2266	2218	2295	2446	2774	3073	3309	3450	3405	3368	3171	3020	2868	2630	2458	2302	2156	2000	
359	3530	94.9	95.0	10	1	0	2	925	1164	1555	2145	2663	3060	3304	3377	3323	3162	2974	2795	2572	2389	2243	2197	2280	2453	2746	3074	3301	3454	3413	3342	3214	3046	2849	2646	2473	2286	2156	1972	
359	3593	60.0	60.8	10	1	1	2	1030	1526	2388	3541	4597	5401	5755	5795	5506	5219	4755	4326	3898	3492	3252	3001	2977	3149	3455	3834	4151	4307	4302	4223	4009	3738	3464	3182	2851	2688	2481	2300	
359	3610	60.0	60.1	10	1	1	2	1045	1553	2408	3549	4642	5454	5766	5788	5490	5207	4709	4366	3934	3529	3240	3020	3013	3114	3472	3793	4116	4307	4336	4172	4014	3747	3452	3136	2868	2653	2463	2272	
359	3627	59.9	60.0	10	1	1	2	1030	1549	2412	3550	4643	5490	5768	5802	5542	5217	4771	4320	3926	3515	3248	3025	2998	3090	3431	3828	4136	4369	4325	4218	4023	3682	3467	3156	2893	2671	2497	2300	
359	3644	60.0	60.0	10	1	1	2	1043	1554	2391	3583	4603	5401	5769	5799	5515	5221	4755	4326	3930	3537	3277	3012	2986	3109	3442	3799	4160	4365	4335	4209	3984	3713	3455	3127	2886	2673	2480	2287	
359	3662	60.0	60.0	10	1	1	2	1029	1567	2398	3558	4634	5423	5753	5782	5513	5225	4754	4311	3926	3529	3219	3008	2985	3150	3459	3825	4163	4327	4306	4215	4033	3700	3471	3110	2880	2637	2473	2267	
359	3679	60.0	60.0	10	1	1	2	1047	1556	2399	3579	4620	5420	5765	5791	5480	5192	4749	4293	3929	3496	3232	2990	2998	3098	3483	3816	4128	4321	4324	4200	3988	3717	3455	3134	2885	2670	2482	2272	
359	3696	59.9	60.0	10	1	1	2	1057	1552	2393	3540	4642	5397	5724	5788	5475	5184	4791	4297	3909	3504	3245	3025	2969	3127	3430	3811	4151	4327	4331	4228	3975	3691	3446	3143	2882	2630	2463	2270	
359	3759	95.3	94.0	11	1	0	2	928	1165	1576	2141	2683	3103	3349	3400	3329	3179	3000	2791	2586	2380	2286	2203	2284	2449	2780	3049	3300	3471	3465	3392	3203	3049	2834	2637	2464	2291	2158	2004	
359	3776	94.9	95.0	11	1	0	2	937	1176	1576	2127	2681	3062	3282	3379	3288	3157	2993	2751	2534	2361	2236	2236	2283	2452	2750	3045	3265	3409	3418	3307	3217	3024	2834	2615	2436	2274	2146	2000	
359	3839	60.0	60.8	11	1	1	2	1040	1529	2398	3524	4606	5381	5691	5743	5485	5150	4765	4338	3900	3486	3202	3026	2976	3101	3411	3811	4124	4324	4297	4165	3957	3677	3438	3118	2881	2650	2483	2271	
359	3856	60.1	60.1	11	1	1	2	1031	1514	2392	3566	4651	5425	5752	5758	5485	5162	4798	4317	3928	3546	3234	2978	2968	3123	3434	3840	4090	4336	4305	4167	4005	3710	3462	3129	2864	2646	2491	2272	
359	3873	59.9	60.0	11	1	1	2	1029	1532	2376	3589	4660	5427	5762	5838	5494	5154	4732	4314	3930	3535	3217	3030	3011	3113	3497	3819	4127	4368	4316	4215	3950	3730	3438	3127	2897	2664	2467	2266	
359	3890	60.0	60.0	11	1	1	2	1031	1529	2416	3546	4608	5386	5746	5763	5488	5147	4751	4324	3904	3538	3231	3017	2933	3114	3466	3798	4097	4317	4322	4183	3982	3716	3444	3123	2890	2618	2471	2292	
359	3908	60.0	60.0	11	1	1	2	1038	1546	2402	3512	4627	5383	5771	5761	5484	5188	4761	4329	3872	3501	3206	3007	2991	3085	3449	3814	4190	4335	4312	4226	3991	3704	3413	3137	2887	2676	2489	2251	
359	3925	59.9	60.0	11	1	1	2	1044	1564	2362	3533	4622	5389	5722	5717	5497	5133	4748	4321	3897	3482	3194	3030	2962	3088	3465	3784	4126	4306	4313	4183	4014	3682	3426	3117	2833	2637	2468	2286	
359	3942	59.9	60.0	11	1	1	2	1042	1534	2415	3568	4635	5404	5713	5708	5480	5115	4692	4300	3923	3527	3181	2997	2965	3095	3410	3798	4106	4310	4318	4182	3961	3697	3438	3147	2888	2626	2479	2279	
359	4007	95.3	94.5	12	1	0	2	917	1174	1581	2139	2666	3104	3308	3372	3313	3164	3000	2764	2577	2400	2278	2209	2285	2459	2778	3048	3311	3453	3437	3346	3195	3041	2786	2622	2458	2282	2137	2035	
359	4024	94.9	95.0	12	1	0	2	925	1184	1575	2114	2662	3068	3285	3331	3272	3155	2966	2728	2540	2344	2250	2196	2272	2430	2728	3024	3289	3419	3396	3315	3186	3012	2812	2614	2421	2271	2164	1986	
359	4085	60.1	60.8	12	1	1	2	1052	1522	2375	3528	4575	5395	5655	5712	5503	5108	4699	4272	3866	3438	3202	3003	2964	3098	3442	3781	4115	4291	4271	4117	3934	3699	3418	3112	2872	2612	2478	2283	
359	4102	60.0	60.1	12	1	1	2	1017	1548	2384	3547	4623	5373	5707	5763	5522	5132	4751	4330	3878	3503	3208	3001	2966	3110	3421	3785	4152	4340	4371	4220	3980	3706	3440	3114	2870	2690	2455	2286	
359	4119	60.0	60.0	12	1	1	2	1037	1554	2374	3528	4645	5399	5741	5786	5491	5208	4757	4322	3896	3512	3240	3040	3007	3094	3463	3782	4144	4315	4328	4178	3971	3701	3437	3145	2924	2671	2458	2258	
359	4137	60.0	60.0	12	1	1	2	1030	1531	2411	3536	4598	5357	5743	5765	5472	5132	4736	4294	3885	3530	3214	3000	2989	3098	3436	3785	4092	4280	4295	4166	3985	3644	3431	3085	2897	2653	2484	2265	
359	4154	60.0	60.0	12	1	1	2	1038	1545	2378	3544	4634	5386	5725	5776	5477	5172	4721	4294	3926	3478	3212	2988	2964	3100	3418	3768	4133	4297	4278	4187	3983	3732	3416	3120	2867	2652	2434	2285	
359	4171	59.9	60.0	12	1	1	2	1033	1539	2389	3539	4632	5330	5725	5713	5435	5102	4762	4292	3885	3530	3176	3003	2968	3068	3429	3748	4101	4328	4300	4157	3954	3719	3451	3121	2858	2634	2451	2267	
359	4188	60.0	60.0	12	1	1	2	1048	1552	2382	3574	4629	5374	5734	5722	5462	5117	4716	4274	3912	3503	3185	2997	2964	3109	3425	3765	4090	4312	4265	4137	3955	3697	3449	3136	2851	2588	2467	2244	
359	4251	95.2	94.3	13	1	0	2	915	1174	1587	2121	2653	3057	3323	3376	3261	3126	2970	2764	2559	2394	2272	2185	2280	2456	2772	3031	3305	3427	3402	3317	3180	3001	2846	2600	2431	2270	2154	1974	
359	4268	94.9	95.0	13	1	0	2	932	1170	1577	2104	2643	3067	3286	3320	3238	3130	2962	2728	2542	2352	2262	2175	2268	2424	2742	3031	3271	3381	3385	3294	3181	3030	2799	2624	2442	2272	2149	1972	
359	4331	60.0	60.8	13	1	1	2	1029	1514	2356	3513	4567	5318	5680	5759	5396	5120	4683	4277	3846	3455	3155	2999	2972	3081	3402	3780	4104	4288	4249	4131	3942	3701	3408	3100	2848	2644	2454	2250	
359	4348	60.1	60.1	13	1	1	2	1038	1510	2361	3537	4618	5367	5687	5726	5467	5152	4748	4293	3859	3525	3201	2996	2954	3094	3404	3786	4094	4291	4308	4164	3955	3687	3455	3089	2877	2652	2479	2266	
359	4365	59.9	60.0	13	1	1	2	1033	1528	2388	3568	4607	5386	5737	5758	5456	5119	4747	4300	3894	3456	3253	2993	2987	3105	3452	3766	4106	4292	4254	4186	3988	3710	3425	3103	2872	2642	2456	2280	
359	4383	60.0	60.0	13	1	1	2	1036	1529	2355	3508	4584	5352	5723	5693	5439	5111	4675	4253	3886	3479	3201	2984	2958	3104	3409	3766	4090	4307	4281	4169	3962	3677	3399	3126	2880	2634	2456	2259	
359	4400	60.0	60.0	13	1	1	2	1063	1553	2399	3533	4579	5395	5722	5690	5503	5128	4709	4281	3826	3489	3216	2990	2950	3103	3473	3823	4150	4298	4324	4150	3976	3691	3455	3125	2862	2626	2470	2266	
359	4417	59.9	60.0	13	1	1	2	1051	1530	2376	3512	4603	5356	5664	5758	5452	5133	4671	4253	3864	3461	3187	2968	2948	3082	3454	3767	4086	4299	4248	4136	3984	3659	3420	3093	2869	2604	2459	2247	
359	4434	59.9	60.0	13	1	1	2	1048	1529	2377	3546	4566	5353	5696	5741	5423	5160	4719	4286	3874	3456	3177	2986	2935	3117	3426	3774	4095	4269	4270	4109	3952	3651	3430	3115	2851	2648	2475	2227	
359	4499	95.3	94.5	14	1	0	2	922	1155	1581	2119	2678	3086	3291	3340	3266	3175	2951	2737	2564	2383	2254	2201	2259	2417	2733	3011	3279	3406	3398	3322	3164	2978	2828	2598	2399	2250	2141	1994	
359	4516	94.9	95.0	14	1	0	2	922	1160	1533	2098	2631	3050	3253	3289	3245	3086	2923	2707	2513	2340	2236	2162	2237	2390	2724	2978	3232	3415	3395	3335	3138	2972	2796	2581	2411	2242	2149	1990	
359	4579	60.0	60.8	14	1	1	2	1041	1526	2372	3512	4557	5305	5591	5673	5441	5069	4669	4265	3887	3457	3177	2948	2939	3102	3400	3778	4051	4289	4225	4153	3933	3692	3395	3092	2862	2640	2447	2247	
359	4596	60.0	60.1	14	1	1	2	1057	1529	2374	3516	4581	5286	5629	5718	5433	5119	4667	4244	3870	3477	3212	2970	2955	3085	3398	3765	4068	4265	4261	4156	3940	3670	3408	3099	2832	2627	2470	2246	
359	4613	59.9	60.0	14	1	1	2	1033	1537	2381	3511	4551	5344	5772	5725	5479	5118	4725	4316	3900	3507	3170	3000	2967	3095	3407	3783	4059	4251	4271	4210	3944	3708	3415	3094	2896	2617	2467	2251	
359	4631	59.9	60.0	14	1	1	2	1033	1532	2362	3516	4544	5342	5689	5711	5480	5120	4741	4251	3882	3456	3200	2980	2953	3067	3406	3740	4065	4278	4243	4140	3953	3697	3408	3095	2809	2638	2469	2248	
359	4648	59.9	60.0	14	1	1	2	1041	1522	2367	3466	4605	5371	5686	5675	5432	5062	4713	4261	3843	3444	3168	2984	2966	3089	3423	3770	4090	4265	4247	4132	3932	3713	3399	3102	2833	2600	2450	2239	
359	4665	60.0	60.0	14	1	1	2	1046	1528	2346	3534	4558	5359	5675	5716	5461	5083	4734	4263	3850	3459	3181	2962	2979	3129	3437	3777	4106	4279	4269	4147	3971	3707	3405	3095	2852	2616	2456	2243	
359	4682	60.0	60.0	14	1	1	2	1035	1537	2386	3549	4575	5333	5670	5716	5432	5086	4681	4238	3892	3465	3194	2982	2949	3088	3422	3780	4073	4296	4277	4120	3935	3668	3394	3120	2855	2609	2448	2265	
359	4747	95.3	94.4	15	1	0	2	919	1184	1543	2108	2656	3047	3266	3347	3291	3129	2949	2717	2563	2351	2239	2205	2241	2401	2707	2995	3242	3403	3424	3291	3153	2969	2800	2605	2428	2271	2109	1961	
359	4764	94.9	95.0	15	1	0	2	925	1179	1565	2085	2615	3052	3216	3310	3262	3095	2941	2740	2500	2316	2229	2183	2239	2406	2710	3017	3242	3378	3377	3287	3132	2964	2788	2576	2461	2279	2136	1993	
359	4827	60.0	60.8	15	1	1	2	1024	1512	2344	3508	4531	5285	5589	5607	5395	5061	4648	4226	3854	3460	3149	2953	2934	3083	3419	3704	4039	4245	4269	4144	3927	3670	3409	3073	2848	2640	2476	2248	
359	4844	60.0	60.1	15	1	1	2	1045	1531	2392	3518	4540	5266	5663	5659	5404	5108	4698	4253	3859	3451	3185	2956	2936	3078	3393	3751	4051	4274	4239	4142	3914	3685	3410	3078	2860	2616	2453	2258	
359	4862	59.9	60.0	15	1	1	2	1037	1517	2370	3556	4565	5340	5706	5681	5420	5097	4665	4237	3845	3453	3183	3013	2946	3061	3386	3711	4078	4260	4250	4138	3907	3647	3411	3080	2851	2601	2446	2262	
359	4879	59.9	60.0	15	1	1	2	1027	1513	2390	3500	4575	5271	5663	5689	5441	5081	4667	4213	3844	3439	3164	2929	2945	3098	3434	3753	4065	4261	4238	4138	3932	3627	3376	3102	2837	2629	2466	2271	
359	4896	60.0	60.0	15	1	1	2	1036	1507	2345	3505	4600	5342	5596	5640	5429	5071	4650	4244	3799	3474	3140	2977	2916	3084	3368	3773	4083	4264	4257	4141	3900	3613	3374	3033	2867	2606	2462	2242	
359	4913	59.9	60.0	15	1	1	2	1038	1530	2342	3528	4594	5321	5649	5692	5397	5082	4678	4202	3836	3432	3211	2975	2951	3094	3377	3765	4036	4267	4243	4150	3907	3674	3417	3082	2840	2637	2440	2268	
359	4931	60.0	60.0	15	1	1	2	1021	1518	2351	3469	4546	5292	5608	5672	5382	5066	4664	4235	3844	3462	3155	2925	2943	3054	3402	3741	4016	4277	4233	4118	3899	3642	3412	3088	2853	2603	2470	2252	
359	4995	95.3	94.5	16	1	0	2	937	1159	1561	2110	2627	3074	3257	3325	3217	3109	2924	2722	2537	2347	2215	2172	2253	2424	2700	3018	3234	3390	3348	3283	3162	2988	2798	2593	2400	2235	2142	1975	
359	5012	94.9	95.0	16	1	0	2	939	1156	1569	2092	2608	3041	3227	3316	3235	3085	2958	2690	2494	2340	2200	2164	2241	2414	2717	2967	3219	3365	3369	3291	3164	2977	2778	2568	2406	2236	2132	1949	
359	5075	60.0	60.8	16	1	1	2	1016	1534	2312	3492	4517	5289	5613	5678	5406	5082	4651	4226	3798	3389	3174	2970	2934	3064	3399	3738	4031	4238	4232	4145	3906	3648	3362	3121	2839	2596	2405	2242	
359	5092	60.0	60.1	16	1	1	2	1032	1527	2355	3516	4609	5320	5652	5714	5432	5060	4683	4246	3867	3437	3189	2980	2955	3049	3413	3724	4060	4279	4248	4152	3931	3669	3404	3041	2843	2624	2457	2252	
359	5110	60.0	60.0	16	1	1	2	1045	1519	2382	3530	4601	5362	5678	5723	5465	5109	4709	4296	3887	3495	3196	2977	2961	3108	3377	3782	4076	4318	4257	4148	3956	3689	3422	3070	2856	2664	2460	2269	
359	5127	60.0	60.0	16	1	1	2	1034	1562	2365	3484	4561	5321	5596	5718	5417	5074	4670	4260	3851	3444	3186	2967	2928	3070	3370	3736	4052	4245	4219	4128	3897	3665	3381	3113	2869	2602	2430	2238	
359	5144	59.9	60.0	16	1	1	2	1059	1532	2330	3503	4582	5345	5633	5736	5411	5052	4693	4260	3824	3446	3172	2968	2949	3044	3398	3754	4093	4205	4268	4098	3905	3666	3392	3111	2848	2581	2461	2264	
359	5161	59.9	60.0	16	1	1	2	1036	1511	2366	3461	4581	5292	5627	5637	5397	5037	4623	4208	3877	3421	3148	2935	2957	3061	3430	3719	4021	4237	4232	4120	3901	3632	3397	3073	2835	2613	2418	2272	
359	5179	60.0	60.0	16	1	1	2	1028	1511	2351	3482	4539	5284	5617	5662	5410	5064	4656	4238	3829	3437	3178	2946	2928	3043	3372	3728	4057	4242	4210	4137	3944	3648	3393	3102	2860	2610	2454	2244	
359	5241	95.2	94.2	17	1	0	2	941	1169	1551	2116	2618	3055	3290	3331	3257	3166	2936	2721	2501	2349	2221	2154	2256	2438	2729	2996	3221	3373	3389	3272	3145	3002	2797	2578	2428	2245	2122	1964	
359	5258	94.9	95.0	17	1	0	2	925	1167	1550	2083	2620	3008	3223	3331	3209	3100	2913	2718	2504	2306	2218	2157	2229	2405	2726	3023	3224	3381	3385	3284	3151	2964	2799	2547	2406	2233	2124	1937	
359	5321	60.4	60.9	17	1	1	2	1019	1509	2326	3508	4549	5239	5594	5618	5401	5001	4670	4230	3834	3447	3167	2948	2953	3017	3380	3743	4055	4244	4227	4090	3940	3620	3363	3077	2836	2644	2453	2248	
359	5338	60.1	60.1	17	1	1	2	1040	1523	2340	3503	4575	5342	5682	5617	5399	5052	4679	4245	3849	3477	3171	2989	2948	3041	3388	3759	4063	4261	4225	4099	3924	3624	3391	3094	2804	2616	2465	2242	
359	5356	60.0	60.0	17	1	1	2	1042	1528	2366	3492	4571	5311	5668	5720	5437	5080	4694	4245	3831	3471	3190	2970	2964	3076	3382	3770	4100	4283	4262	4142	3906	3656	3415	3059	2853	2617	2433	2250	
359	5373	60.0	60.0	17	1	1	2	1038	1506	2363	3498	4505	5306	5648	5622	5359	5047	4658	4222	3819	3442	3161	2940	2939	3054	3440	3741	4051	4252	4236	4098	3898	3626	3376	3066	2829	2613	2430	2235	
359	5390	60.0	60.0	17	1	1	2	1045	1540	2370	3504	4599	5332	5641	5675	5421	5049	4678	4220	3853	3430	3172	2952	2915	3067	3383	3719	4014	4239	4243	4119	3881	3645	3391	3073	2789	2602	2427	2230	
359	5407	60.0	60.0	17	1	1	2	1054	1527	2368	3442	4560	5296	5624	5669	5353	5054	4652	4253	3849	3450	3152	2943	2992	3071	3378	3738	4074	4236	4199	4121	3912	3632	3377	3070	2829	2633	2441	2244	
359	5425	59.9	60.0	17	1	1	2	1020	1510	2353	3467	4545	5278	5599	5628	5370	5049	4662	4211	3789	3468	3188	2978	2947	3068	3404	3742	4035	4184	4211	4128	3874	3606	3339	3068	2889	2620	2420	2235	
359	5489	95.1	94.2	18	1	0	2	929	1164	1544	2079	2643	3044	3255	3342	3244	3116	2912	2735	2502	2349	2200	2158	2221	2413	2728	2979	3233	3379	3329	3298	3125	2938	2794	2585	2387	2284	2107	1954	
359	5506	94.8	95.0	18	1	0	2	930	1151	1547	2112	2611	2998	3215	3281	3230	3107	2921	2697	2485	2314	2223	2149	2214	2387	2682	2988	3221	3363	3345	3262	3129	2958	2792	2549	2396	2244	2122	1965	
359	5569	60.4	61.0	18	1	1	2	1025	1507	2361	3439	4478	5236	5606	5606	5350	5059	4645	4193	3850	3412	3155	2974	2894	3053	3389	3714	4053	4261	4212	4083	3906	3636	3370	3073	2790	2599	2417	2234	
359	5587	60.1	60.1	18	1	1	2	1036	1530	2351	3498	4540	5297	5656	5640	5412	5132	4699	4239	3822	3446	3126	2953	2896	3055	3393	3712	4038	4278	4255	4120	3882	3665	3407	3073	2807	2630	2434	2232	
359	5604	60.0	60.0	18	1	1	2	1031	1529	2374	3484	4547	5296	5642	5669	5415	5066	4669	4256	3854	3437	3137	2957	2930	3085	3396	3706	4035	4276	4200	4148	3896	3658	3400	3099	2848	2593	2438	2265	
359	5621	60.0	60.0	18	1	1	2	1033	1518	2368	3495	4542	5249	5644	5656	5382	5082	4655	4218	3851	3443	3113	2939	2906	3035	3350	3740	4036	4227	4205	4095	3893	3628	3381	3048	2842	2624	2442	2253	
359	5638	60.0	60.0	18	1	1	2	1022	1512	2328	3479	4525	5239	5627	5661	5327	5098	4636	4200	3838	3434	3123	2951	2930	3038	3348	3697	4037	4215	4200	4102	3936	3632	3374	3076	2830	2631	2454	2237	
359	5655	60.0	60.0	18	1	1	2	1032	1520	2348	3473	4535	5297	5592	5652	5362	5083	4642	4209	3798	3433	3171	2963	2944	3042	3367	3726	4047	4221	4186	4102	3866	3622	3382	3085	2830	2583	2437	2234	
359	5673	60.0	60.0	18	1	1	2	1041	1521	2366	3470	4547	5269	5571	5623	5401	5054	4624	4200	3829	3434	3153	2919	2869	3034	3376	3728	4006	4185	4211	4078	3879	3620	3395	3097	2846	2610	2453	2246	
359	5737	95.2	94.2	19	1	0	2	945	1147	1566	2111	2620	3010	3240	3297	3224	3130	2929	2721	2518	2321	2216	2168	2248	2398	2717	2989	3224	3376	3326	3281	3121	2944	2796	2579	2429	2256	2125	1959	
359	5755	94.9	95.0	19	1	0	2	927	1153	1548	2093	2633	3038	3266	3315	3221	3104	2901	2686	2472	2319	2237	2130	2230	2413	2675	3007	3194	3376	3326	3276	3088	2979	2778	2546	2400	2214	2127	1980	
359	5817	60.4	61.0	19	1	1	2	1022	1503	2343	3469	4507	5242	5600	5644	5332	5034	4655	4171	3788	3450	3137	2985	2901	3055	3389	3729	4061	4251	4180	4095	3891	3613	3364	3063	2830	2592	2431	2219	
359	5835	60.0	60.1	19	1	1	2	1040	1519	2336	3479	4534	5335	5638	5647	5352	5120	4631	4249	3824	3450	3170	2962	2913	3023	3367	3745	4086	4252	4199	4084	3908	3609	3410	3067	2822	2605	2440	2232	
359	5852	60.0	60.0	19	1	1	2	1034	1523	2367	3477	4564	5345	5654	5632	5355	5079	4666	4233	3853	3441	3182	2980	2937	3081	3383	3763	4067	4253	4199	4118	3888	3656	3385	3068	2849	2606	2460	2257	
359	5869	60.0	60.0	19	1	1	2	1043	1500	2340	3478	4559	5295	5613	5644	5331	5057	4662	4221	3789	3432	3154	2969	2910	3032	3382	3787	4045	4254	4209	4098	3868	3622	3385	3071	2830	2593	2443	2227	
359	5886	59.9	60.0	19	1	1	2	1013	1522	2305	3469	4527	5258	5589	5654	5381	5040	4613	4238	3818	3405	3175	2958	2930	3035	3381	3707	4020	4253	4207	4076	3914	3611	3372	3068	2832	2591	2433	2246	
359	5904	60.0	60.0	19	1	1	2	1035	1536	2343	3450	4522	5250	5641	5642	5353	5053	4661	4249	3823	3440	3172	2903	2917	3057	3392	3708	4037	4242	4180	4094	3883	3592	3344	3056	2825	2611	2438	2252	
359	5921	59.9	60.0	19	1	1	2	1020	1525	2354	3484	4459	5296	5587	5622	5372	4997	4620	4173	3826	3428	3131	2957	2938	3043	3376	3712	4038	4243	4219	4089	3873	3640	3393	3072	2855	2603	2400	2225	
359	5985	95.1	94.3	20	1	0	2	962	1152	1545	2102	2621	3019	3249	3312	3233	3089	2936	2689	2504	2336	2202	2181	2218	2391	2678	2983	3223	3357	3333	3293	3169	2937	2785	2572	2386	2236	2075	1943	
359	6003	94.9	95.0	20	1	0	2	925	1126	1561	2099	2622	3001	3251	3273	3209	3093	2920	2687	2524	2308	2160	2141	2227	2412	2696	2964	3213	3344	3354	3248	3124	2942	2733	2569	2398	2236	2091	1925	
359	6065	60.5	61.0	20	1	1	2	1033	1499	2340	3455	4498	5220	5567	5612	5318	5028	4680	4184	3803	3410	3126	2937	2927	3050	3353	3701	4021	4201	4187	4047	3857	3584	3365	3059	2829	2577	2400	2233	
359	6083	60.1	60.1	20	1	1	2	1049	1552	2320	3468	4569	5313	5650	5656	5391	5095	4663	4240	3826	3462	3163	2985	2949	3096	3375	3721	4029	4203	4218	4109	3903	3615	3399	3044	2806	2621	2422	2225	
359	6100	59.9	60.0	20	1	1	2	1032	1482	2375	3477	4536	5321	5654	5618	5408	5058	4648	4215	3823	3456	3174	2962	2880	3020	3377	3726	4008	4237	4216	4091	3869	3651	3368	3045	2817	2596	2412	2253	
359	6117	60.0	60.0	20	1	1	2	1026	1502	2358	3455	4484	5283	5621	5620	5397	5064	4656	4221	3795	3432	3148	2979	2958	3029	3387	3706	4029	4204	4174	4104	3904	3644	3338	3056	2782	2599	2430	2200	
359	6134	59.9	60.0	20	1	1	2	1035	1508	2380	3460	4522	5321	5599	5660	5326	5032	4619	4207	3756	3400	3154	2942	2925	3060	3383	3733	4017	4200	4224	4111	3853	3625	3386	3052	2848	2585	2436	2224	
359	6152	60.0	60.0	20	1	1	2	1035	1551	2343	3478	4540	5284	5591	5577	5367	5046	4644	4214	3817	3426	3159	2956	2927	3030	3378	3748	4032	4251	4218	4090	3925	3625	3381	3066	2814	2582	2443	2241	
359	6169	60.0	60.0	20	1	1	2	1029	1508	2333	3486	4533	5275	5579	5627	5335	5022	4642	4197	3778	3424	3150	2908	2901	3048	3370	3695	3995	4171	4186	4046	3867	3603	3340	3059	2797	2609	2421	2232	
359	6233	95.0	94.2	21	1	0	2	935	1150	1560	2090	2621	3006	3228	3306	3290	3122	2925	2699	2512	2332	2226	2164	2231	2399	2699	2959	3198	3348	3332	3263	3120	2947	2811	2561	2370	2246	2112	1953	
359	6251	94.9	95.0	21	1	0	2	926	1158	1522	2044	2591	3018	3200	3276	3224	3084	2924	2683	2505	2291	2188	2138	2197	2429	2678	2970	3229	3310	3350	3247	3121	2933	2755	2554	2418	2229	2092	1945	
359	6312	60.1	60.8	21	1	1	2	1038	1513	2350	3413	4495	5211	5598	5631	5352	5011	4661	4190	3791	3411	3149	2950	2929	3067	3394	3727	4014	4235	4174	4086	3850	3637	3370	3037	2845	2592	2435	2210	
359	6329	60.0	60.1	21	1	1	2	1024	1522	2357	3460	4533	5289	5644	5674	5412	5062	4679	4244	3847	3447	3185	2944	2904	3064	3400	3733	4024	4245	4217	4094	3883	3607	3361	3033	2856	2619	2413	2236	
359	6346	59.9	60.0	21	1	1	2	1068	1520	2348	3485	4572	5311	5640	5675	5416	5070	4677	4279	3842	3445	3170	2947	2936	3022	3388	3728	4035	4255	4222	4121	3906	3624	3401	3078	2846	2585	2462	2233	
359	6363	60.0	60.0	21	1	1	2	1028	1517	2322	3488	4557	5307	5616	5660	5352	5033	4672	4218	3838	3441	3139	2927	2924	3053	3337	3739	4069	4198	4191	4038	3861	3632	3382	3081	2843	2595	2416	2229	
359	6381	60.0	60.0	21	1	1	2	1032	1504	2356	3440	4500	5230	5609	5659	5375	5020	4632	4235	3789	3442	3156	2959	2912	3034	3391	3694	4029	4232	4230	4109	3896	3634	3369	3060	2837	2582	2431	2209	
359	6398	60.0	60.0	21	1	1	2	1033	1527	2356	3476	4502	5276	5601	5600	5384	5024	4646	4172	3823	3405	3154	2910	2902	3026	3377	3731	4017	4247	4200	4068	3873	3622	3332	3059	2841	2592	2411	2267	
359	6415	60.0	60.0	21	1	1	2	1028	1524	2328	3442	4486	5303	5556	5589	5356	5020	4595	4188	3846	3417	3134	2934	2924	3029	3358	3699	4060	4193	4221	4105	3862	3582	3334	3062	2824	2647	2434	2231	
359	6478	95.5	94.2	22	1	0	2	911	1170	1547	2086	2621	3066	3261	3307	3249	3119	2914	2714	2508	2316	2227	2156	2228	2408	2674	2968	3196	3367	3326	3244	3120	2938	2779	2542	2381	2232	2094	1961	
359	6495	94.8	95.0	22	1	0	2	926	1155	1551	2063	2599	3009	3224	3285	3207	3055	2895	2708	2498	2323	2203	2157	2221	2394	2688	2996	3235	3325	3301	3243	3129	2923	2761	2557	2393	2230	2105	1944	
359	6558	60.0	60.8	22	1	1	2	1032	1514	2336	3431	4485	5251	5571	5601	5336	4991	4605	4219	3800	3414	3153	2948	2881	3019	3379	3711	4034	4207	4216	4056	3883	3619	3365	3054	2776	2587	2424	2228	
359	6575	60.0	60.0	22	1	1	2	1030	1508	2326	3487	4565	5275	5606	5652	5400	5099	4631	4226	3792	3400	3163	2921	2943	3049	3402	3718	4049	4234	4196	4055	3904	3600	3384	3034	2852	2587	2418	2220	
359	6592	59.9	60.0	22	1	1	2	1041	1511	2346	3472	4529	5301	5629	5668	5398	5081	4641	4219	3849	3464	3156	2965	2914	3043	3374	3743	4057	4246	4218	4104	3916	3613	3403	3092	2814	2599	2424	2206	
359	6609	59.9	60.0	22	1	1	2	1032	1513	2321	3453	4523	5283	5590	5644	5378	5059	4678	4233	3824	3427	3140	2914	2926	3041	3352	3697	4038	4240	4212	4111	3888	3638	3386	3065	2826	2582	2409	2215	
359	6627	60.0	60.0	22	1	1	2	1038	1505	2337	3488	4527	5219	5604	5625	5400	5047	4663	4205	3865	3400	3138	2936	2881	3050	3363	3727	4015	4216	4217	4097	3880	3629	3346	3061	2807	2593	2398	2229	
359	6644	60.0	60.0	22	1	1	2	1031	1530	2370	3503	4496	5260	5613	5598	5328	5021	4625	4200	3799	3430	3148	2940	2932	3046	3356	3738	4030	4208	4188	4088	3876	3612	3377	3050	2816	2582	2400	2241	
359	6661	60.0	60.0	22	1	1	2	1021	1500	2367	3465	4523	5261	5561	5581	5339	5023	4610	4184	3812	3437	3123	2930	2917	3037	3352	3742	3985	4188	4186	4065	3888	3621	3360	3048	2823	2585	2446	2226	
359	6724	95.4	94.5	23	1	0	2	937	1168	1548	2069	2632	2988	3233	3279	3232	3091	2893	2661	2484	2333	2209	2178	2232	2374	2698	2990	3203	3354	3348	3235	3097	2927	2781	2554	2390	2230	2103	1927	
359	6741	94.9	95.0	23	1	0	2	916	1170	1562	2099	2581	2989	3212	3280	3213	3081	2874	2679	2491	2311	2217	2122	2214	2398	2671	2946	3199	3362	3350	3232	3106	2975	2766	2522	2367	2233	2111	1931	
359	6804	59.9	60.8	23	1	1	2	1034	1515	2329	3439	4480	5230	5589	5560	5363	5025	4577	4192	3766	3426	3133	2910	2917	3052	3364	3710	3987	4259	4207	4068	3833	3604	3368	3042	2805	2571	2415	2216	
359	6821	60.1	60.1	23	1	1	2	1030	1525	2330	3450	4528	5273	5613	5607	5348	5031	4638	4163	3782	3398	3124	2953	2902	3054	3385	3713	4015	4244	4191	4057	3852	3644	3389	3060	2817	2575	2396	2225	
359	6838	60.0	60.0	23	1	1	2	1022	1487	2332	3472	4514	5239	5600	5626	5379	5059	4659	4236	3807	3406	3160	2961	2908	3060	3348	3705	4049	4214	4167	4039	3872	3631	3345	3068	2819	2611	2439	2212	
359	6856	59.9	60.0	23	1	1	2	1034	1518	2332	3492	4494	5269	5596	5605	5314	5083	4650	4195	3805	3408	3120	2927	2889	3065	3404	3726	4025	4227	4192	4056	3865	3632	3348	3057	2821	2583	2430	2226	
359	6873	60.0	60.0	23	1	1	2	1027	1531	2305	3438	4493	5244	5576	5579	5347	5022	4608	4241	3812	3418	3136	2931	2912	3036	3360	3713	4013	4181	4203	4075	3860	3588	3379	3049	2808	2563	2398	2214	
359	6890	60.0	60.0	23	1	1	2	1021	1498	2339	3465	4485	5247	5589	5571	5335	5056	4608	4208	3775	3408	3125	2965	2898	3044	3358	3708	4019	4225	4155	4070	3891	3618	3360	3049	2810	2571	2412	2224	
359	6907	59.9	60.0	23	1	1	2	1024	1520	2331	3443	4518	5273	5587	5599	5374	5062	4607	4197	3824	3429	3157	2930	2896	3038	3400	3726	3996	4222	4193	4081	3872	3629	3378	3074	2802	2613	2405	2243	
359	6970	95.2	94.2	24	1	0	2	947	1150	1540	2069	2619	3030	3249	3300	3204	3079	2937	2713	2490	2334	2206	2133	2214	2378	2697	2960	3192	3311	3335	3257	3120	2920	2734	2533	2378	2239	2088	1951	
359	6987	94.8	95.0	24	1	0	2	920	1152	1533	2109	2619	3019	3208	3278	3194	3078	2879	2679	2506	2329	2220	2146	2158	2380	2686	2964	3172	3348	3303	3223	3101	2911	2760	2541	2378	2232	2080	1964	
359	7050	60.0	60.8	24	1	1	2	1033	1503	2341	3447	4484	5267	5581	5596	5350	4979	4642	4157	3788	3421	3144	2931	2890	3003	3417	3680	3996	4218	4200	4069	3873	3620	3368	3033	2831	2597	2409	2243	
359	7067	60.1	60.1	24	1	1	2	1029	1517	2353	3480	4538	5282	5623	5625	5363	5039	4665	4284	3825	3405	3121	2948	2938	3032	3367	3714	4025	4212	4237	4065	3889	3617	3362	3065	2828	2598	2404	2239	
359	7084	60.0	60.0	24	1	1	2	1031	1520	2334	3469	4512	5320	5622	5614	5372	5079	4631	4234	3807	3388	3144	2933	2920	2999	3352	3765	4001	4196	4210	4073	3890	3618	3383	3086	2859	2588	2389	2211	
359	7102	60.0	60.0	24	1	1	2	1039	1526	2348	3460	4504	5256	5596	5618	5370	5046	4650	4213	3801	3382	3140	2935	2934	3056	3378	3705	4009	4235	4217	4092	3902	3591	3380	3070	2845	2590	2407	2233	
359	7119	59.9	60.0	24	1	1	2	1049	1478	2353	3469	4492	5236	5579	5621	5355	5049	4621	4168	3788	3426	3133	2940	2921	3008	3380	3712	4037	4236	4194	4056	3873	3617	3383	3061	2796	2587	2447	2229	
359	7136	60.0	60.0	24	1	1	2	1057	1513	2327	3466	4493	5224	5598	5616	5353	5012	4600	4184	3781	3423	3156	2885	2897	3031	3382	3673	4008	4195	4212	4101	3847	3669	3343	3066	2831	2590	2403	2197	
359	7153	59.9	60.0	24	1	1	2	1033	1492	2340	3472	4543	5243	5575	5611	5321	5038	4624	4193	3848	3416	3141	2942	2883	3003	3354	3712	4050	4214	4188	4039	3865	3586	3354	3039	2832	2594	2445	2195	
359	7218	95.3	94.5	25	1	0	2	924	1146	1554	2079	2593	3025	3202	3278	3184	3072	2902	2707	2523	2312	2203	2156	2222	2398	2679	2949	3177	3321	3311	3211	3097	2914	2775	2551	2362	2204	2096	1934	
359	7235	94.9	95.0	25	1	0	2	913	1165	1530	2080	2593	2970	3212	3279	3187	3071	2906	2704	2492	2303	2211	2178	2230	2408	2671	2953	3183	3339	3329	3250	3084	2932	2777	2542	2404	2211	2098	1967	
359	7298	59.9	60.8	25	1	1	2	1029	1522	2314	3451	4515	5210	5561	5644	5348	5033	4624	4200	3827	3416	3137	2926	2948	3008	3358	3715	4037	4218	4188	4045	3860	3614	3390	3064	2812	2591	2422	2199	
359	7315	60.0	60.1	25	1	1	2	1031	1530	2365	3459	4529	5267	5620	5626	5395	5072	4661	4183	3810	3454	3118	2954	2944	3071	3400	3740	4031	4258	4213	4061	3889	3564	3380	3057	2810	2595	2450	2241	
359	7332	60.0	60.0	25	1	1	2	1023	1520	2359	3488	4532	5297	5599	5640	5361	5056	4644	4224	3858	3443	3146	2935	2920	3018	3373	3725	4058	4261	4223	4138	3893	3632	3392	3056	2814	2591	2435	2220	
359	7350	59.9	60.0	25	1	1	2	1033	1502	2346	3473	4551	5237	5610	5641	5362	5068	4600	4200	3834	3425	3147	2957	2926	3072	3359	3719	4074	4213	4181	4090	3888	3629	3392	3053	2836	2608	2433	2193	
359	7367	60.0	60.0	25	1	1	2	1025	1581	2350	3436	4560	5271	5621	5621	5374	5032	4628	4204	3808	3444	3142	2918	2930	3014	3343	3697	3993	4261	4173	4055	3886	3623	3386	3081	2792	2589	2427	2246	
359	7384	60.0	60.0	25	1	1	2	1030	1505	2369	3454	4527	5247	5609	5671	5357	5070	4642	4212	3803	3431	3130	2983	2944	3029	3384	3727	4020	4220	4222	4093	3865	3607	3376	3042	2824	2605	2433	2274	
359	7401	60.0	60.0	25	1	1	2	1033	1497	2339	3407	4523	5249	5622	5622	5381	5033	4647	4187	3785	3425	3120	2965	2914	3050	3371	3700	4062	4204	4208	4091	3875	3604	3372	3057	2783	2562	2416	2220	
359	7466	95.3	94.5	26	1	0	2	923	1150	1584	2093	2625	2999	3246	3309	3239	3073	2913	2699	2507	2305	2212	2190	2245	2373	2668	2955	3208	3317	3307	3231	3118	2934	2781	2530	2372	2235	2104	1951	
359	7483	94.9	95.0	26	1	0	2	929	1157	1542	2091	2619	2981	3204	3270	3230	3069	2886	2694	2508	2303	2214	2174	2188	2390	2678	2976	3179	3361	3340	3226	3103	2916	2793	2577	2377	2237	2101	1932	
359	7546	59.9	60.8	26	1	1	2	1023	1514	2320	3469	4519	5234	5574	5599	5374	5026	4617	4172	3837	3413	3136	2928	2911	3026	3366	3734	3987	4189	4209	4086	3861	3629	3364	3028	2811	2596	2415	2227	
359	7563	60.0	60.1	26	1	1	2	1017	1510	2349	3473	4516	5248	5601	5627	5423	5076	4675	4208	3848	3425	3134	2942	2918	3033	3415	3741	4040	4223	4179	4096	3882	3607	3402	3085	2832	2586	2411	2237	
359	7580	60.0	60.0	26	1	1	2	1050	1539	2363	3484	4531	5297	5640	5636	5370	5080	4687	4232	3808	3404	3129	2937	2933	3056	3381	3720	4028	4206	4239	4102	3884	3653	3361	3100	2810	2619	2442	2259	
359	7598	60.0	60.0	26	1	1	2	1051	1512	2352	3475	4515	5255	5602	5576	5378	5005	4624	4189	3823	3427	3177	2951	2884	3053	3384	3692	4018	4196	4211	4086	3915	3599	3350	3081	2827	2600	2436	2166	
359	7615	59.9	60.0	26	1	1	2	1030	1502	2354	3492	4464	5251	5582	5584	5351	5075	4598	4238	3815	3442	3141	2948	2934	3051	3348	3710	3996	4198	4221	4078	3936	3608	3360	3057	2796	2596	2425	2268	
359	7632	60.0	60.0	26	1	1	2	1044	1505	2324	3470	4523	5207	5580	5573	5356	5065	4662	4157	3833	3407	3166	2928	2882	3033	3391	3723	4009	4246	4218	4073	3868	3597	3379	3038	2795	2575	2398	2230	
359	7649	60.0	60.0	26	1	1	2	1033	1539	2362	3443	4487	5216	5588	5584	5387	5024	4626	4201	3779	3388	3144	2940	2908	3025	3352	3729	4028	4256	4165	4064	3848	3605	3336	3024	2848	2585	2411	2234	
359	7712	95.4	94.5	27	1	0	2	935	1169	1560	2088	2586	2997	3232	3287	3225	3077	2899	2700	2516	2315	2208	2144	2223	2390	2669	2950	3175	3350	3338	3212	3094	2916	2755	2530	2386	2220	2103	1945	
359	7729	94.9	95.0	27	1	0	2	931	1155	1548	2091	2608	2971	3191	3271	3194	3063	2875	2687	2490	2308	2180	2138	2219	2396	2687	2952	3211	3341	3332	3229	3063	2913	2737	2561	2386	2224	2077	1962	
359	7792	60.0	60.8	27	1	1	2	1015	1501	2335	3425	4453	5222	5574	5569	5356	5034	4581	4190	3799	3408	3161	2929	2908	3030	3330	3719	4023	4231	4207	4094	3862	3610	3370	3012	2853	2599	2406	2214	
359	7809	60.0	60.1	27	1	1	2	1031	1498	2337	3469	4499	5304	5610	5646	5380	5053	4663	4251	3829	3449	3139	2923	2903	3043	3364	3711	4050	4235	4198	4093	3861	3648	3333	3040	2810	2604	2450	2261	
359	7827	59.9	60.0	27	1	1	2	1026	1522	2372	3490	4510	5288	5622	5631	5375	5064	4626	4203	3805	3431	3145	2936	2919	3032	3370	3713	4074	4203	4201	4085	3905	3620	3391	3062	2819	2596	2431	2241	
359	7844	60.0	60.0	27	1	1	2	1015	1527	2360	3466	4543	5253	5585	5603	5359	5029	4650	4179	3764	3463	3134	2922	2897	3101	3378	3739	4039	4226	4195	4075	3880	3640	3385	3039	2798	2608	2443	2214	
359	7861	59.9	60.0	27	1	1	2	1022	1519	2363	3483	4520	5264	5596	5618	5366	5020	4636	4232	3815	3436	3146	2932	2903	3011	3372	3750	4012	4215	4248	4090	3889	3620	3336	3050	2825	2602	2421	2204	
359	7878	60.0	60.0	27	1	1	2	1030	1512	2317	3446	4511	5259	5625	5574	5336	5011	4592	4262	3796	3403	3156	2932	2902	3051	3394	3704	4008	4214	4194	4101	3897	3612	3369	3041	2839	2587	2450	2223	
359	7896	60.0	60.0	27	1	1	2	1036	1512	2332	3466	4505	5249	5591	5590	5333	5055	4588	4147	3787	3448	3124	2939	2895	3040	3376	3717	4032	4223	4218	4072	3908	3603	3327	3048	2823	2565	2424	2236	
359	7958	95.4	94.2	28	1	0	2	924	1168	1528	2089	2591	3022	3221	3284	3214	3078	2922	2704	2495	2335	2231	2136	2224	2398	2692	2949	3171	3348	3328	3265	3121	2941	2749	2530	2357	2214	2100	1942	
359	7975	94.9	95.0	28	1	0	2	914	1163	1563	2093	2621	3012	3205	3312	3186	3054	2911	2698	2528	2321	2180	2149	2211	2389	2668	2979	3187	3305	3341	3234	3131	2953	2768	2560	2394	2210	2103	1921	
359	8038	60.4	60.9	28	1	1	2	1022	1525	2359	3466	4477	5246	5600	5637	5382	5029	4631	4176	3791	3421	3110	2918	2869	3044	3358	3710	4020	4209	4185	4079	3927	3622	3369	3030	2798	2601	2440	2223	
359	8055	60.0	60.1	28	1	1	2	1035	1510	2363	3503	4518	5293	5620	5634	5364	5040	4680	4233	3817	3422	3158	2961	2938	3074	3362	3707	4024	4259	4194	4093	3877	3657	3401	3070	2840	2597	2436	2242	
359	8073	59.9	60.0	28	1	1	2	1036	1518	2360	3473	4511	5273	5660	5627	5373	5064	4690	4207	3818	3437	3134	2956	2936	3061	3355	3735	4040	4231	4224	4107	3896	3651	3392	3091	2818	2608	2427	2238	
359	8090	60.0	60.0	28	1	1	2	1022	1515	2333	3468	4540	5256	5600	5634	5353	5094	4640	4192	3811	3485	3148	2935	2934	3034	3340	3692	4005	4202	4191	4086	3888	3601	3361	3060	2808	2588	2433	2227	
359	8107	59.9	60.0	28	1	1	2	1044	1513	2348	3527	4531	5267	5585	5609	5370	5052	4627	4188	3800	3428	3145	2945	2945	3044	3372	3726	3967	4193	4209	4117	3897	3619	3353	3062	2798	2603	2442	2221	
359	8124	60.0	60.0	28	1	1	2	1025	1517	2349	3468	4505	5257	5582	5597	5351	5053	4641	4194	3824	3405	3141	2923	2909	3054	3375	3722	4026	4195	4187	4074	3881	3628	3388	3047	2825	2604	2445	2232	
359	8142	60.0	60.0	28	1	1	2	1007	1531	2356	3478	4513	5269	5531	5573	5330	5049	4621	4229	3788	3423	3140	2945	2896	3026	3396	3670	4011	4181	4185	4079	3831	3632	3365	3054	2796	2604	2416	2225	
359	8206	95.1	94.3	29	1	0	2	911	1151	1527	2071	2581	2974	3193	3275	3184	3094	2872	2718	2498	2317	2216	2167	2247	2390	2681	2981	3199	3363	3309	3223	3117	2917	2783	2552	2374	2220	2084	1939	
359	8223	94.9	95.0	29	1	0	2	920	1178	1540	2092	2607	2977	3209	3274	3236	3046	2896	2682	2506	2302	2199	2165	2225	2383	2703	2981	3211	3329	3330	3247	3084	2931	2741	2531	2381	2241	2088	1936	
359	8286	60.4	60.9	29	1	1	2	1039	1515	2320	3463	4506	5264	5557	5619	5338	5029	4675	4196	3785	3407	3151	2954	2880	3014	3364	3698	4007	4231	4180	4039	3885	3669	3364	3034	2822	2580	2412	2209	
359	8304	60.0	60.1	29	1	1	2	1048	1531	2348	3464	4518	5292	5598	5635	5399	5003	4659	4210	3815	3424	3156	2971	2929	3044	3379	3721	4033	4205	4182	4142	3884	3640	3355	3041	2815	2611	2418	2217	
359	8321	59.9	60.0	29	1	1	2	1023	1522	2340	3499	4530	5272	5640	5693	5399	5081	4621	4251	3845	3431	3167	2961	2945	3043	3373	3709	4052	4239	4224	4094	3902	3637	3407	3067	2810	2579	2445	2265	
359	8338	60.0	60.0	29	1	1	2	1034	1515	2345	3449	4527	5257	5590	5611	5392	5079	4645	4198	3828	3407	3139	2916	2945	3039	3357	3704	4034	4194	4192	4065	3859	3605	3368	3034	2820	2606	2433	2226	
359	8355	60.0	60.0	29	1	1	2	1028	1506	2336	3503	4488	5216	5568	5581	5329	5039	4663	4161	3836	3398	3156	2961	2903	3027	3370	3704	4027	4207	4222	4094	3857	3594	3370	3036	2814	2596	2403	2239	
359	8373	59.9	60.0	29	1	1	2	1026	1515	2359	3436	4508	5250	5571	5623	5348	5041	4630	4184	3804	3418	3138	2928	2894	3016	3392	3686	4026	4178	4174	4095	3856	3619	3342	3044	2821	2593	2419	2221	
359	8390	60.0	60.0	29	1	1	2	1025	1511	2316	3470	4513	5285	5592	5575	5352	5058	4640	4200	3793	3425	3146	2931	2905	3075	3392	3729	4054	4216	4197	4072	3891	3606	3353	3047	2825	2556	2407	2219	
359	8454	95.1	94.2	30	1	0	2	927	1151	1547	2092	2582	2971	3257	3316	3239	3073	2883	2693	2508	2312	2201	2159	2234	2402	2674	2945	3169	3368	3317	3240	3079	2936	2783	2583	2377	2220	2093	1944	
359	8472	95.0	95.0	30	1	0	2	930	1157	1539	2089	2594	2973	3222	3286	3175	3088	2895	2675	2492	2299	2217	2128	2250	2389	2660	2950	3225	3324	3306	3208	3124	2915	2762	2532	2380	2257	2108	1945	
359	8534	60.4	61.0	30	1	1	2	1024	1488	2332	3458	4491	5255	5558	5570	5350	5035	4612	4164	3774	3414	3158	2925	2898	3062	3401	3685	4003	4208	4182	4053	3861	3607	3370	3058	2795	2578	2427	2223	
359	8552	60.1	60.1	30	1	1	2	1023	1518	2363	3494	4549	5272	5588	5631	5393	5092	4658	4237	3822	3431	3149	2970	2951	3050	3368	3726	4029	4231	4233	4069	3857	3621	3381	3076	2800	2593	2441	2214	
359	8569	60.0	60.0	30	1	1	2	1024	1513	2337	3462	4515	5259	5569	5594	5334	5048	4628	4191	3794	3422	3139	2976	2921	3037	3346	3721	4024	4210	4226	4054	3883	3591	3357	3043	2794	2578	2423	2222	
359	8586	60.0	60.0	30	1	1	2	1022	1506	2352	3493	4517	5289	5592	5608	5340	5021	4593	4157	3865	3417	3120	2952	2911	3043	3348	3703	4023	4231	4167	4035	3864	3634	3346	3072	2802	2593	2404	2243	
359	8603	60.0	60.0	30	1	1	2	1030	1511	2341	3454	4520	5261	5579	5611	5306	5032	4632	4250	3814	3424	3140	2969	2905	3031	3370	3688	4015	4201	4176	4049	3833	3607	3352	3023	2797	2589	2415	2199	
359	8621	60.0	60.0	30	1	1	2	1032	1503	2340	3456	4530	5264	5582	5588	5373	5007	4614	4176	3811	3412	3123	2950	2908	3036	3366	3704	4030	4181	4168	4071	3829	3602	3335	3043	2849	2571	2406	2234	
359	8638	60.0	60.0	30	1	1	2	1030	1513	2355	3448	4484	5255	5541	5559	5319	5002	4591	4155	3782	3384	3135	2927	2933	3010	3351	3689	3999	4281	4191	4085	3870	3579	3363	3039	2822	2569	2416	2211	
359	8700	95.5	94.1	31	1	0	2	915	1159	1546	2082	2613	2993	3212	3299	3207	3089	2874	2661	2490	2320	2204	2128	2206	2381	2688	2964	3199	3329	3309	3236	3097	2897	2741	2545	2396	2232	2085	1952	
359	8718	94.9	95.0	31	1	0	2	934	1156	1557	2104	2590	2996	3199	3279	3192	3071	2895	2707	2508	2303	2215	2173	2203	2366	2677	2957	3200	3332	3322	3248	3114	2931	2757	2559	2410	2228	2094	1919	
359	8780	60.4	61.0	31	1	1	2	1029	1486	2340	3440	4470	5235	5529	5615	5336	4979	4644	4177	3789	3445	3136	2942	2909	3025	3348	3691	3988	4193	4140	4063	3899	3614	3372	3061	2826	2603	2417	2241	
359	8798	60.0	60.0	31	1	1	2	1043	1507	2350	3502	4571	5274	5652	5622	5384	5064	4644	4209	3829	3449	3154	2949	2954	3040	3414	3713	4047	4231	4185	4061	3902	3604	3391	3055	2826	2603	2442	2212	
359	8815	59.9	60.0	31	1	1	2	1026	1519	2354	3497	4521	5268	5602	5640	5377	5063	4613	4228	3823	3449	3140	2943	2913	3024	3388	3752	4021	4234	4226	4068	3869	3591	3367	3028	2842	2612	2448	2231	
359	8832	60.0	60.0	31	1	1	2	1026	1507	2352	3454	4546	5237	5609	5600	5342	4991	4641	4216	3783	3436	3150	2955	2931	3072	3368	3706	4043	4219	4221	4080	3882	3604	3363	3050	2823	2579	2423	2185	
359	8849	60.0	60.0	31	1	1	2	1034	1512	2321	3489	4484	5266	5582	5652	5365	5077	4628	4217	3779	3405	3145	2939	2926	3040	3350	3748	3998	4181	4203	4087	3864	3597	3390	3036	2811	2565	2434	2232	
359	8867	60.0	60.0	31	1	1	2	1024	1504	2353	3476	4487	5236	5581	5623	5361	5005	4633	4229	3810	3425	3146	2930	2890	3044	3351	3694	3997	4188	4206	4083	3853	3616	3393	3049	2811	2592	2414	2219	
359	8884	60.0	60.0	31	1	1	2	1030	1501	2339	3439	4492	5229	5607	5615	5339	5021	4568	4209	3841	3422	3145	2934	2919	3011	3318	3681	4049	4191	4192	4054	3879	3600	3333	3069	2808	2596	2440	2229	
359	8946	95.5	94.1	32	1	0	2	904	1162	1556	2112	2613	3001	3235	3329	3203	3085	2886	2684	2494	2329	2200	2152	2226	2379	2690	2968	3212	3343	3316	3252	3112	2950	2748	2558	2375	2208	2093	1956	
359	8964	94.9	95.0	32	1	0	2	922	1156	1544	2067	2617	3012	3256	3284	3205	3083	2917	2663	2519	2322	2199	2147	2206	2396	2693	2988	3180	3348	3290	3223	3100	2928	2762	2540	2376	2218	2124	1952	
359	9027	60.3	60.9	32	1	1	2	1026	1508	2370	3463	4511	5261	5585	5606	5311	5027	4637	4148	3821	3432	3117	2983	2901	3068	3367	3679	4014	4217	4218	4068	3903	3603	3365	3047	2841	2614	2421	2225	
359	9044	60.0	60.1	32	1	1	2	1033	1526	2348	3506	4527	5279	5644	5636	5373	5046	4660	4215	3834	3396	3153	2924	2899	3042	3382	3691	3981	4235	4216	4100	3883	3607	3388	3038	2795	2571	2425	2283	
359	9061	60.0	60.0	32	1	1	2	1029	1516	2360	3487	4564	5268	5616	5676	5404	5074	4672	4232	3833	3425	3180	2933	2898	3046	3385	3714	4025	4207	4183	4111	3899	3618	3397	3052	2856	2628	2415	2228	
359	9078	59.9	60.0	32	1	1	2	1026	1516	2344	3451	4495	5273	5556	5630	5389	5051	4661	4209	3864	3418	3155	2910	2918	3029	3368	3698	4028	4233	4204	4102	3881	3606	3396	3055	2829	2613	2404	2205	
359	9096	59.9	60.0	32	1	1	2	1021	1515	2334	3492	4524	5274	5565	5622	5317	5027	4649	4221	3788	3416	3158	2906	2912	3013	3375	3697	4032	4196	4218	4051	3877	3594	3350	3063	2820	2580	2414	2215	
359	9113	59.9	60.0	32	1	1	2	1023	1511	2348	3452	4497	5267	5609	5620	5345	5058	4626	4202	3816	3451	3137	2943	2904	3054	3390	3653	4016	4188	4190	4064	3925	3592	3321	3047	2807	2583	2433	2220	
359	9130	59.9	60.0	32	1	1	2	1033	1528	2356	3444	4526	5284	5630	5655	5352	5076	4660	4177	3840	3414	3162	2953	2930	3031	3366	3697	3996	4251	4168	4088	3873	3619	3370	3063	2820	2586	2423	2230	
359	9193	95.4	94.4	33	1	0	2	917	1168	1553	2073	2612	3021	3202	3271	3227	3064	2901	2674	2517	2321	2211	2125	2227	2374	2687	2933	3181	3357	3300	3257	3117	2920	2777	2516	2369	2213	2114	1944	
359	9210	95.0	95.0	33	1	0	2	930	1141	1540	2082	2590	3007	3207	3296	3196	3084	2944	2690	2496	2293	2191	2167	2248	2358	2696	2971	3188	3317	3277	3260	3135	2921	2744	2519	2361	2218	2099	1988	
359	9273	59.9	60.8	33	1	1	2	1032	1499	2315	3442	4500	5247	5535	5603	5379	5003	4606	4249	3806	3437	3106	2904	2886	3046	3371	3703	4025	4140	4214	4057	3905	3609	3356	3058	2804	2577	2417	2212	
359	9290	60.0	60.1	33	1	1	2	1032	1525	2353	3493	4560	5321	5606	5651	5407	5075	4644	4237	3831	3448	3189	2955	2910	3047	3357	3738	4066	4214	4203	4066	3850	3607	3381	3086	2840	2567	2436	2233	
359	9307	60.0	60.0	33	1	1	2	1028	1541	2343	3512	4532	5258	5608	5627	5393	5098	4682	4241	3836	3423	3179	2954	2918	3067	3370	3737	4034	4211	4239	4107	3897	3617	3379	3083	2836	2621	2427	2246	
359	9324	60.0	60.0	33	1	1	2	1007	1512	2361	3475	4539	5272	5605	5625	5397	5011	4657	4252	3802	3408	3158	2957	2941	3002	3344	3726	3991	4242	4241	4101	3896	3599	3344	3043	2815	2608	2421	2219	
359	9342	60.0	60.0	33	1	1	2	1027	1512	2347	3475	4541	5257	5591	5616	5366	5036	4632	4207	3783	3446	3132	2964	2916	3025	3383	3725	4021	4247	4189	4070	3899	3659	3391	3052	2849	2592	2441	2240	
359	9359	60.0	60.0	33	1	1	2	1043	1494	2340	3450	4483	5282	5580	5627	5351	5014	4645	4212	3808	3364	3164	2964	2918	3033	3345	3730	4047	4208	4198	4094	3928	3621	3351	3024	2798	2573	2420	2232	
359	9376	59.9	60.0	33	1	1	2	1031	1554	2336	3480	4495	5228	5575	5637	5366	5034	4619	4191	3812	3390	3130	2917	2936	3027	3365	3692	4034	4237	4237	4097	3891	3635	3366	3053	2824	2582	2415	2219	
359	9439	95.4	94.1	34	1	0	2	942	1163	1540	2093	2586	3007	3213	3277	3198	3120	2890	2699	2506	2307	2198	2138	2229	2376	2699	2948	3211	3322	3326	3237	3096	2910	2741	2539	2375	2217	2071	1943	
359	9456	94.9	95.0	34	1	0	2	919	1159	1544	2082	2612	3010	3232	3272	3202	3073	2881	2676	2511	2325	2213	2156	2182	2363	2658	2950	3190	3325	3314	3254	3070	2944	2730	2552	2376	2197	2088	1944	
359	9519	59.8	60.8	34	1	1	2	1032	1505	2341	3466	4498	5241	5602	5605	5369	5059	4624	4200	3803	3434	3172	2941	2922	3020	3381	3714	4031	4223	4183	4065	3879	3599	3386	3046	2806	2575	2407	2214	
359	9536	60.0	60.1	34	1	1	2	1044	1510	2364	3483	4546	5289	5629	5663	5423	5068	4650	4245	3847	3442	3169	2936	2928	3054	3392	3720	4041	4215	4167	4067	3917	3625	3372	3063	2821	2629	2415	2236	
359	9553	60.0	60.0	34	1	1	2	1040	1520	2356	3493	4557	5292	5616	5613	5365	5034	4640	4242	3881	3426	3140	2936	2908	3046	3337	3730	4031	4231	4207	4114	3877	3655	3401	3068	2836	2619	2405	2230	
359	9571	60.0	60.0	34	1	1	2	1044	1519	2374	3469	4504	5302	5572	5644	5349	5020	4635	4205	3806	3434	3146	2959	2924	3030	3414	3725	4036	4238	4205	4082	3887	3617	3393	3079	2820	2629	2414	2218	
359	9588	60.0	60.0	34	1	1	2	1018	1512	2306	3452	4559	5281	5596	5638	5348	5038	4603	4198	3771	3411	3117	2938	2869	3020	3372	3702	4054	4248	4213	4089	3891	3617	3382	3060	2833	2598	2417	2222	
359	9605	59.9	60.0	34	1	1	2	1046	1526	2337	3485	4539	5217	5597	5615	5378	5055	4595	4224	3785	3422	3155	2945	2891	3047	3369	3738	4051	4228	4209	4074	3911	3637	3394	3041	2821	2558	2416	2209	
359	9622	59.9	60.0	34	1	1	2	1013	1493	2366	3465	4538	5299	5621	5643	5379	5043	4636	4195	3798	3450	3155	2924	2891	3030	3387	3743	4033	4246	4238	4095	3889	3614	3357	3025	2815	2580	2432	2229	
359	9687	95.4	94.5	35	1	0	2	926	1153	1550	2090	2624	3028	3245	3274	3218	3057	2944	2715	2524	2325	2185	2149	2204	2390	2682	3000	3204	3350	3319	3264	3112	2939	2744	2591	2388	2234	2118	1918	
359	9704	94.9	95.0	35	1	0	2	924	1149	1544	2088	2624	2994	3219	3284	3199	3086	2912	2686	2507	2331	2207	2134	2203	2351	2651	2953	3173	3313	3327	3224	3111	2950	2741	2539	2359	2202	2048	1952	
359	9767	60.0	60.8	35	1	1	2	1024	1514	2348	3484	4493	5291	5556	5604	5340	5011	4634	4209	3806	3435	3150	2964	2921	3061	3345	3681	3996	4200	4194	4053	3856	3643	3368	3100	2791	2601	2430	2212	
359	9784	60.0	60.1	35	1	1	2	1038	1537	2364	3503	4544	5299	5699	5669	5382	5071	4657	4226	3856	3448	3144	2987	2915	3056	3404	3720	4001	4190	4246	4109	3925	3608	3360	3076	2804	2605	2436	2213	
359	9801	59.9	60.0	35	1	1	2	1033	1513	2359	3522	4542	5301	5623	5664	5395	5085	4657	4204	3838	3439	3129	2974	2920	3064	3399	3746	3984	4265	4246	4084	3901	3639	3400	3107	2830	2610	2393	2213	
359	9819	60.0	60.0	35	1	1	2	1036	1547	2369	3456	4543	5251	5590	5627	5408	5057	4636	4213	3795	3395	3183	2956	2904	3033	3398	3717	3991	4204	4218	4079	3851	3615	3399	3060	2816	2593	2421	2235	
359	9836	60.0	60.0	35	1	1	2	1036	1530	2376	3482	4512	5241	5582	5619	5371	5040	4616	4204	3828	3409	3168	2939	2908	3014	3373	3719	4034	4198	4238	4102	3905	3614	3382	3040	2797	2563	2415	2193	
359	9853	60.0	60.0	35	1	1	2	1030	1555	2345	3451	4542	5294	5585	5659	5372	5059	4645	4186	3849	3417	3149	2931	2908	3047	3379	3698	4017	4205	4196	4071	3902	3594	3378	3047	2775	2584	2431	2239	
359	9870	59.9	60.0	35	1	1	2	1025	1508	2334	3476	4530	5274	5547	5578	5348	5044	4641	4222	3827	3428	3128	2932	2916	3027	3341	3695	4017	4176	4165	4084	3862	3588	3348	3056	2839	2584	2443	2246	
359	9933	95.4	94.5	36	1	0	2	923	1147	1526	2091	2588	3002	3212	3267	3218	3110	2867	2661	2535	2316	2200	2156	2203	2378	2666	2937	3213	3284	3367	3215	3088	2889	2781	2558	2358	2230	2085	1979	
359	9950	94.9	95.0	36	1	0	2	923	1131	1547	2097	2579	2998	3193	3288	3192	3095	2932	2732	2504	2320	2182	2159	2216	2358	2684	2927	3206	3344	3355	3275	3097	2945	2762	2564	2361	2222	2116	1944	
359	10013	59.9	60.8	36	1	1	2	998	1505	2338	3441	4543	5279	5568	5596	5373	5044	4652	4173	3836	3446	3138	2938	2895	3037	3395	3720	4046	4216	4224	4073	3876	3659	3357	3013	2835	2594	2435	2248	
359	10030	60.0	60.1	36	1	1	2	1048	1527	2367	3481	4533	5298	5651	5667	5363	5033	4675	4234	3853	3438	3183	2926	2941	3050	3408	3713	4019	4233	4223	4118	3899	3597	3345	3083	2814	2594	2431	2242	
359	10047	59.9	60.0	36	1	1	2	1029	1521	2366	3492	4583	5362	5692	5611	5389	5049	4674	4192	3822	3420	3187	2964	2929	3033	3371	3742	4027	4240	4241	4109	3855	3631	3398	3061	2811	2611	2425	2211	
359	10065	59.9	60.0	36	1	1	2	1037	1520	2335	3452	4530	5232	5571	5639	5408	5069	4629	4190	3802	3434	3144	2946	2941	3045	3353	3721	4033	4225	4187	4084	3874	3618	3347	3038	2845	2567	2417	2205	
359	10082	60.0	60.0	36	1	1	2	1033	1526	2342	3483	4477	5251	5598	5615	5390	5061	4652	4202	3809	3410	3141	2931	2930	3017	3372	3736	4011	4210	4207	4046	3869	3587	3343	3089	2798	2588	2434	2230	
359	10099	60.0	60.0	36	1	1	2	1019	1499	2344	3478	4508	5273	5601	5613	5344	5007	4632	4206	3810	3403	3122	2953	2921	3070	3394	3670	4020	4194	4185	4100	3913	3639	3368	3054	2800	2588	2442	2209	
359	10116	60.0	60.0	36	1	1	2	1046	1519	2356	3512	4523	5259	5626	5617	5376	5073	4641	4179	3795	3444	3131	2938	2906	3056	3393	3722	4000	4226	4232	4105	3875	3615	3325	3061	2827	2580	2420	2237	
359	10181	95.4	94.5	37	1	0	2	934	1156	1554	2077	2601	2973	3232	3304	3212	3073	2923	2706	2501	2338	2206	2150	2230	2384	2696	2972	3205	3319	3295	3228	3095	2940	2782	2564	2366	2247	2097	1958	
359	10198	94.9	95.0	37	1	0	2	922	1178	1550	2101	2578	3002	3196	3271	3192	3035	2902	2706	2512	2326	2210	2146	2255	2367	2691	2940	3190	3314	3317	3241	3124	2924	2752	2557	2358	2222	2115	1952	
359	10261	59.9	60.7	37	1	1	2	1023	1507	2321	3439	4485	5242	5628	5612	5372	5016	4683	4215	3813	3425	3133	2931	2899	3035	3354	3697	4006	4207	4168	4033	3876	3620	3352	3050	2795	2568	2449	2219	
359	10278	60.0	60.1	37	1	1	2	1027	1527	2336	3493	4550	5317	5620	5624	5416	5033	4633	4232	3850	3460	3159	2942	2887	3055	3386	3690	4033	4240	4244	4111	3870	3631	3388	3043	2830	2582	2410	2246	
359	10296	59.9	60.0	37	1	1	2	1023	1520	2368	3493	4559	5317	5668	5628	5409	5042	4671	4197	3792	3442	3151	2950	2899	3059	3352	3714	4014	4211	4192	4094	3849	3621	3340	3052	2820	2597	2432	2210	
359	10313	60.0	60.0	37	1	1	2	1037	1534	2347	3457	4536	5289	5619	5624	5358	5009	4634	4206	3788	3444	3163	2924	2915	3051	3389	3682	4010	4241	4182	4066	3849	3606	3389	3024	2805	2581	2429	2225	
359	10330	60.0	60.0	37	1	1	2	1028	1515	2357	3446	4523	5264	5613	5609	5385	5057	4665	4180	3849	3419	3176	2950	2926	3043	3347	3725	4003	4176	4179	4073	3866	3631	3380	3051	2796	2572	2433	2194	
359	10347	59.9	60.0	37	1	1	2	1029	1519	2341	3477	4502	5275	5601	5622	5354	5002	4612	4207	3809	3419	3138	2951	2898	3024	3348	3708	4040	4207	4213	4068	3899	3654	3329	3053	2817	2592	2448	2211	
359	10365	59.9	60.0	37	1	1	2	1049	1522	2363	3493	4514	5220	5589	5630	5387	5019	4656	4230	3791	3435	3143	2940	2923	3010	3369	3702	4025	4184	4193	4068	3864	3629	3362	3045	2805	2579	2436	2236	
359	10427	95.4	94.2	38	1	0	2	931	1154	1552	2091	2627	3036	3257	3304	3230	3094	2940	2741	2518	2320	2210	2160	2223	2382	2680	2966	3211	3344	3292	3252	3103	2928	2785	2560	2393	2224	2083	1934	
359	10444	94.9	95.0	38	1	0	2	899	1162	1549	2080	2612	3018	3236	3270	3189	3110	2901	2691	2510	2334	2209	2155	2235	2396	2673	2962	3184	3310	3290	3252	3098	2914	2737	2538	2347	2218	2101	1948	
359	10507	60.3	61.0	38	1	1	2	1037	1508	2336	3442	4527	5282	5555	5631	5373	5003	4666	4237	3778	3390	3145	2930	2903	3048	3402	3717	4054	4217	4191	4058	3885	3620	3354	3060	2816	2611	2442	2223	
359	10524	60.0	60.1	38	1	1	2	1024	1539	2356	3480	4598	5270	5657	5664	5390	5051	4696	4222	3843	3454	3181	2950	2903	3031	3348	3740	4027	4255	4204	4105	3880	3609	3389	3063	2822	2579	2447	2253	
359	10542	60.0	60.0	38	1	1	2	1042	1515	2362	3513	4574	5309	5636	5728	5448	5102	4678	4239	3817	3444	3165	2964	2892	3055	3386	3688	4046	4202	4259	4086	3925	3640	3357	3085	2782	2588	2436	2242	
359	10559	60.0	60.0	38	1	1	2	1025	1526	2366	3511	4514	5291	5597	5586	5375	5029	4677	4209	3828	3453	3112	2951	2917	3036	3345	3712	4022	4210	4202	4074	3913	3625	3354	3059	2826	2593	2402	2232	
359	10576	60.0	60.0	38	1	1	2	1034	1514	2353	3480	4545	5276	5593	5615	5367	4997	4629	4188	3827	3461	3169	2962	2924	3022	3375	3743	4003	4254	4215	4061	3866	3595	3379	3063	2817	2578	2419	2206	
359	10593	59.9	60.0	38	1	1	2	1043	1534	2355	3482	4519	5254	5587	5579	5396	5024	4653	4205	3797	3428	3138	2960	2912	3078	3406	3758	4041	4224	4210	4065	3857	3614	3380	3056	2810	2578	2431	2228	
359	10611	59.9	60.0	38	1	1	2	1022	1526	2361	3481	4492	5323	5642	5631	5357	5072	4712	4234	3823	3421	3156	2953	2915	3061	3389	3704	4041	4206	4201	4089	3907	3598	3401	3016	2795	2617	2466	2262	
359	10673	95.2	94.0	39	1	0	2	921	1162	1568	2110	2647	3000	3240	3318	3271	3096	2929	2702	2529	2327	2213	2152	2226	2377	2689	2975	3195	3346	3364	3264	3086	2930	2819	2553	2384	2217	2103	1943	
359	10690	94.9	95.0	39	1	0	2	918	1168	1546	2106	2619	3013	3207	3286	3207	3068	2920	2737	2494	2315	2193	2180	2219	2384	2712	2991	3186	3317	3316	3253	3121	2917	2783	2540	2389	2232	2082	1952	
359	10753	60.3	61.0	39	1	1	2	1032	1519	2330	3455	4512	5270	5607	5626	5340	5036	4660	4237	3812	3434	3187	2947	2915	3025	3378	3734	4040	4208	4188	4062	3861	3647	3352	3062	2804	2587	2414	2214	
359	10770	60.0	60.1	39	1	1	2	1038	1530	2346	3512	4542	5281	5672	5715	5417	5074	4646	4208	3806	3422	3200	2962	2935	3054	3410	3734	4026	4250	4213	4108	3915	3637	3396	3095	2804	2602	2431	2236	
359	10788	59.9	60.0	39	1	1	2	1034	1498	2362	3463	4570	5290	5604	5664	5409	5000	4655	4226	3822	3447	3140	2963	2917	3046	3370	3725	4029	4212	4224	4105	3900	3600	3359	3078	2842	2617	2434	2254	
359	10805	60.0	60.0	39	1	1	2	1025	1487	2377	3487	4516	5282	5588	5629	5329	5060	4680	4204	3814	3452	3161	2937	2916	3060	3394	3710	3992	4213	4218	4060	3883	3612	3374	3074	2826	2609	2435	2236	
359	10822	59.9	60.0	39	1	1	2	1072	1522	2315	3481	4519	5292	5591	5628	5352	5014	4620	4220	3810	3427	3136	2929	2921	3052	3355	3729	4016	4203	4242	4107	3932	3627	3369	3038	2812	2600	2429	2240	
359	10839	59.9	60.0	39	1	1	2	1035	1543	2358	3448	4534	5286	5581	5651	5397	5088	4637	4233	3812	3428	3136	2962	2923	3043	3379	3736	4011	4247	4197	4076	3866	3636	3360	3038	2805	2615	2429	2232	
359	10857	60.0	60.0	39	1	1	2	1046	1523	2344	3498	4528	5270	5613	5599	5387	5063	4627	4213	3799	3428	3132	2923	2922	3055	3380	3711	4039	4221	4196	4098	3888	3625	3323	3030	2806	2620	2425	2216	
359	10921	95.2	94.2	40	1	0	2	927	1160	1555	2100	2617	3024	3220	3273	3223	3120	2907	2715	2524	2307	2202	2164	2221	2345	2682	2979	3206	3347	3317	3257	3107	2920	2765	2563	2396	2227	2091	1945	
359	10938	94.9	95.0	40	1	0	2	918	1172	1552	2090	2643	3010	3227	3304	3225	3060	2912	2681	2508	2315	2198	2190	2247	2383	2695	2965	3201	3348	3301	3238	3100	2962	2760	2567	2383	2211	2099	1948	
359	11001	60.3	61.0	40	1	1	2	1050	1519	2358	3462	4473	5293	5607	5631	5349	5033	4638	4194	3826	3433	3145	2922	2877	3042	3397	3715	4031	4206	4206	4050	3871	3647	3386	3057	2817	2580	2430	2236	
359	11019	60.1	60.1	40	1	1	2	1036	1520	2384	3477	4551	5304	5661	5700	5431	5094	4669	4238	3860	3438	3170	2956	2927	3054	3399	3739	4031	4287	4250	4089	3929	3633	3394	3062	2846	2609	2415	2239	
359	11036	59.9	60.0	40	1	1	2	1043	1542	2408	3500	4553	5335	5605	5677	5414	5092	4681	4213	3847	3450	3182	2954	2936	3035	3387	3735	4033	4254	4217	4091	3903	3644	3388	3097	2827	2566	2447	2245	
359	11053	60.0	60.0	40	1	1	2	1040	1520	2337	3469	4521	5238	5630	5626	5360	5105	4672	4223	3815	3407	3167	2945	2914	3049	3373	3695	4049	4226	4219	4075	3906	3634	3382	3078	2832	2597	2420	2277	
359	11070	60.0	60.0	40	1	1	2	1060	1522	2360	3491	4561	5307	5624	5622	5401	5065	4680	4246	3838	3425	3162	2970	2922	3044	3419	3726	4024	4180	4224	4109	3873	3593	3395	3069	2820	2587	2437	2237	
359	11088	59.9	60.0	40	1	1	2	1022	1539	2346	3489	4526	5229	5618	5626	5394	5035	4626	4228	3830	3422	3089	2956	2923	3049	3374	3737	4053	4262	4239	4104	3897	3610	3385	3062	2811	2580	2415	2236	
359	11105	60.0	60.0	40	1	1	2	1038	1528	2362	3494	4554	5279	5591	5632	5412	5056	4641	4223	3850	3460	3168	2980	2949	3045	3379	3712	4059	4220	4231	4068	3912	3617	3383	3052	2818	2618	2425	2224	
359	11169	95.2	94.2	41	1	0	2	930	1159	1581	2116	2649	3037	3231	3303	3225	3097	2900	2712	2519	2334	2263	2185	2243	2373	2692	2952	3196	3377	3321	3232	3102	2894	2766	2545	2399	2205	2104	1953	
359	11187	94.8	95.0	41	1	0	2	928	1173	1564	2094	2628	3028	3225	3305	3266	3103	2912	2701	2530	2356	2208	2169	2240	2382	2661	2958	3201	3356	3372	3240	3101	2942	2781	2558	2374	2193	2091	1942	
359	11249	60.5	61.0	41	1	1	2	1028	1517	2332	3473	4520	5263	5621	5680	5361	5072	4661	4216	3820	3442	3172	2973	2892	3060	3387	3699	4050	4261	4215	4079	3878	3629	3370	3047	2819	2610	2422	2221	
359	11267	60.0	60.1	41	1	1	2	1064	1538	2351	3505	4567	5331	5670	5668	5443	5095	4672	4244	3835	3459	3181	2940	2957	3057	3380	3760	4066	4270	4204	4119	3889	3621	3388	3059	2827	2605	2416	2238	
359	11284	60.0	60.0	41	1	1	2	1033	1530	2339	3489	4528	5293	5672	5664	5413	5117	4659	4269	3822	3448	3177	2975	2928	3065	3396	3746	4080	4277	4219	4139	3899	3641	3395	3038	2839	2600	2436	2238	
359	11301	59.9	60.0	41	1	1	2	1033	1540	2359	3520	4535	5344	5597	5675	5403	5062	4648	4205	3857	3450	3144	2948	2917	3055	3367	3722	4048	4227	4211	4103	3900	3629	3358	3085	2829	2618	2435	2214	
359	11318	60.0	60.0	41	1	1	2	1045	1522	2332	3495	4552	5275	5624	5672	5348	5051	4670	4241	3837	3458	3188	2978	2923	3064	3376	3708	4031	4214	4223	4098	3916	3621	3391	3050	2825	2600	2431	2217	
359	11336	60.0	60.0	41	1	1	2	1026	1540	2337	3531	4545	5278	5601	5632	5399	5063	4683	4218	3817	3448	3131	2963	2940	3071	3375	3727	4031	4258	4204	4088	3879	3640	3379	3068	2814	2586	2429	2229	
359	11353	60.0	60.0	41	1	1	2	1035	1532	2353	3494	4568	5314	5618	5659	5408	5086	4652	4213	3833	3414	3160	2946	2932	3051	3390	3714	4011	4221	4225	4117	3929	3637	3374	3067	2829	2608	2443	2239	
359	11415	95.4	94.2	42	1	0	2	928	1156	1550	2086	2610	2998	3268	3334	3222	3122	2939	2708	2518	2350	2234	2156	2232	2414	2708	2968	3220	3348	3325	3264	3122	2959	2758	2575	2372	2241	2107	1962	
359	11433	94.9	95.0	42	1	0	2	933	1158	1566	2123	2627	3052	3231	3287	3240	3072	2896	2708	2494	2332	2230	2158	2236	2367	2702	2990	3153	3354	3351	3258	3131	2942	2800	2580	2377	2248	2100	1954	
359	11496	59.9	60.8	42	1	1	2	1028	1516	2363	3554	4530	5285	5572	5628	5394	5057	4640	4213	3861	3450	3160	2945	2932	3026	3397	3731	4048	4237	4221	4129	3893	3625	3356	3053	2841	2607	2430	2242	
359	11513	60.0	60.1	42	1	1	2	1044	1527	2371	3504	4594	5348	5696	5701	5384	5106	4689	4303	3874	3453	3185	2952	2930	3054	3395	3752	4067	4281	4221	4126	3923	3648	3401	3076	2846	2636	2417	2240	
359	11530	59.9	60.0	42	1	1	2	1046	1543	2361	3509	4578	5313	5645	5716	5447	5095	4676	4217	3836	3437	3211	2978	2941	3103	3408	3733	4060	4248	4206	4080	3903	3630	3391	3087	2857	2602	2443	2233	
359	11547	60.0	60.0	42	1	1	2	1050	1520	2376	3460	4496	5303	5623	5655	5392	5096	4683	4234	3843	3455	3187	2959	2948	3072	3392	3697	4038	4232	4207	4111	3908	3617	3346	3104	2841	2608	2428	2248	
359	11565	60.0	60.0	42	1	1	2	1032	1521	2361	3515	4535	5279	5602	5641	5423	5046	4700	4197	3830	3442	3176	2946	2906	3045	3354	3738	4010	4196	4191	4086	3887	3623	3386	3085	2831	2587	2410	2239	
359	11582	59.9	60.0	42	1	1	2	1050	1521	2349	3494	4535	5304	5608	5637	5363	5118	4664	4223	3846	3434	3167	2970	2943	3052	3412	3738	4055	4210	4210	4109	3864	3630	3351	3078	2808	2610	2438	2255	
359	11599	59.9	60.0	42	1	1	2	1051	1553	2389	3501	4562	5288	5642	5678	5395	5042	4682	4225	3832	3449	3177	2951	2936	3077	3389	3704	4058	4242	4205	4097	3893	3619	3407	3088	2827	2644	2470	2269	
359	11662	95.4	94.5	43	1	0	2	936	1179	1552	2096	2631	3004	3261	3322	3189	3132	2920	2693	2514	2336	2220	2163	2221	2393	2659	2985	3204	3310	3316	3260	3159	2929	2760	2564	2399	2242	2108	1965	
359	11679	94.9	95.0	43	1	0	2	932	1172	1569	2088	2614	3013	3235	3302	3215	3082	2925	2691	2509	2347	2204	2154	2214	2385	2696	2980	3206	3382	3321	3224	3122	2930	2772	2560	2409	2240	2080	1959	
359	11741	60.0	60.8	43	1	1	2	1048	1537	2361	3446	4509	5257	5626	5648	5366	5053	4667	4215	3834	3430	3158	2965	2953	3017	3346	3752	4043	4241	4186	4064	3897	3620	3356	3062	2843	2557	2449	2253	
359	11758	60.0	60.1	43	1	1	2	1078	1541	2352	3548	4602	5340	5654	5653	5429	5099	4662	4302	3886	3461	3189	2998	2950	3063	3423	3741	4083	4254	4228	4101	3924	3649	3415	3086	2860	2618	2448	2225	
359	11775	59.9	60.0	43	1	1	2	1060	1552	2389	3536	4600	5308	5658	5657	5424	5080	4687	4298	3881	3481	3183	2976	2936	3069	3402	3771	4072	4265	4210	4115	3896	3665	3400	3094	2819	2603	2438	2240	
359	11792	60.0	60.0	43	1	1	2	1053	1521	2373	3507	4578	5259	5671	5681	5385	5050	4708	4232	3827	3453	3165	2970	2968	3087	3388	3742	4060	4204	4198	4141	3890	3627	3381	3050	2830	2610	2426	2245	
359	11810	59.9	60.0	43	1	1	2	1042	1518	2339	3505	4517	5312	5633	5662	5386	5032	4680	4213	3823	3443	3187	2954	2932	3096	3391	3727	4013	4244	4222	4068	3905	3634	3383	3085	2820	2613	2431	2219	
359	11827	59.9	60.0	43	1	1	2	1026	1562	2384	3495	4562	5332	5609	5614	5359	5063	4693	4237	3830	3449	3194	2954	2952	3064	3380	3746	4039	4229	4199	4108	3901	3623	3381	3055	2808	2593	2406	2248	
359	11844	60.0	60.0	43	1	1	2	1046	1539	2385	3500	4501	5311	5618	5633	5368	5066	4616	4236	3858	3471	3183	2986	2960	3047	3394	3726	4055	4243	4222	4075	3900	3628	3370	3032	2856	2591	2469	2262	
359	11907	95.5	94.2	44	1	0	2	935	1164	1534	2110	2673	3056	3291	3294	3243	3128	2936	2704	2514	2356	2266	2165	2240	2407	2710	2983	3199	3330	3309	3273	3131	2921	2782	2555	2383	2212	2117	1961	
359	11924	94.9	95.0	44	1	0	2	933	1178	1563	2115	2624	3040	3245	3330	3271	3105	2932	2719	2503	2278	2219	2169	2228	2403	2698	2986	3204	3356	3344	3280	3117	2938	2762	2575	2367	2229	2117	1949	
359	11987	60.0	60.8	44	1	1	2	1052	1537	2371	3478	4531	5276	5587	5655	5367	5032	4661	4214	3830	3432	3159	2936	2944	3041	3367	3758	4035	4252	4181	4055	3878	3627	3372	3066	2811	2581	2438	2232	
359	12004	60.1	60.1	44	1	1	2	1057	1541	2384	3504	4586	5299	5660	5659	5457	5050	4683	4258	3858	3430	3183	3006	2954	3099	3409	3773	4088	4306	4233	4111	3899	3649	3430	3083	2837	2633	2434	2249	
359	12021	59.9	60.0	44	1	1	2	1060	1558	2357	3535	4577	5355	5653	5700	5485	5165	4676	4260	3885	3485	3138	2981	2945	3099	3419	3730	4050	4245	4229	4111	3901	3639	3391	3079	2821	2611	2472	2275	
359	12039	59.9	60.0	44	1	1	2	1055	1552	2348	3519	4553	5255	5626	5663	5420	5108	4672	4274	3817	3449	3146	2988	2929	3045	3372	3781	4059	4260	4249	4092	3905	3618	3371	3066	2811	2595	2427	2224	
359	12056	60.0	60.0	44	1	1	2	1060	1525	2354	3505	4558	5278	5656	5690	5381	5058	4668	4216	3866	3500	3179	2979	2952	3052	3405	3706	4012	4253	4218	4106	3901	3620	3390	3080	2823	2593	2461	2244	
359	12073	59.9	60.0	44	1	1	2	1051	1544	2356	3515	4524	5291	5660	5654	5394	5098	4686	4255	3837	3458	3190	2975	2949	3044	3393	3700	4029	4240	4216	4087	3906	3608	3372	3080	2819	2613	2433	2240	
359	12090	60.0	60.0	44	1	1	2	1057	1548	2334	3498	4552	5303	5651	5663	5392	5105	4676	4216	3821	3437	3172	2960	2927	3066	3372	3715	4048	4228	4199	4080	3865	3629	3396	3068	2814	2599	2462	2228	
359	12155	95.3	94.5	45	1	0	2	940	1185	1571	2121	2623	3056	3268	3339	3249	3116	2920	2741	2541	2358	2217	2168	2226	2423	2685	3009	3229	3350	3337	3280	3123	2962	2768	2596	2401	2217	2115	1946	
359	12172	94.9	95.0	45	1	0	2	943	1181	1579	2097	2613	3027	3256	3332	3218	3108	2932	2692	2553	2341	2224	2153	2218	2397	2678	2954	3236	3355	3329	3239	3125	2952	2780	2546	2382	2135	2098	1952	
359	12235	60.4	61.0	45	1	1	2	1045	1538	2373	3504	4578	5270	5635	5665	5432	5115	4685	4246	3802	3470	3174	2984	2937	3079	3395	3749	4059	4251	4224	4118	3863	3653	3366	3050	2834	2596	2409	2226	
359	12252	60.0	60.1	45	1	1	2	1060	1573	2408	3560	4612	5363	5712	5719	5451	5112	4685	4276	3861	3502	3214	2979	2981	3075	3329	3763	4069	4264	4248	4135	3912	3675	3433	3086	2846	2647	2423	2286	
359	12269	60.0	60.0	45	1	1	2	1054	1544	2415	3545	4570	5369	5669	5729	5457	5108	4678	4274	3898	3494	3209	2961	2962	3067	3386	3775	4038	4252	4246	4159	3943	3660	3415	3071	2846	2614	2454	2245	
359	12287	59.9	60.0	45	1	1	2	1062	1556	2412	3498	4569	5305	5656	5691	5440	5087	4698	4270	3866	3440	3192	3005	2948	3080	3347	3723	4058	4235	4216	4109	3886	3645	3342	3091	2828	2611	2442	2251	
359	12304	59.9	60.0	45	1	1	2	1064	1537	2384	3505	4554	5329	5639	5677	5414	5085	4686	4275	3896	3499	3223	2981	2966	3040	3403	3738	4074	4231	4201	4140	3902	3623	3388	3063	2828	2628	2413	2235	
359	12321	60.0	60.0	45	1	1	2	1064	1560	2373	3524	4605	5291	5615	5663	5419	5110	4669	4268	3851	3448	3141	2999	2938	3050	3376	3730	4038	4270	4222	4086	3906	3661	3409	3090	2831	2598	2469	2243	
359	12338	59.9	60.0	45	1	1	2	1046	1552	2373	3498	4529	5274	5666	5684	5405	5104	4649	4230	3833	3454	3166	2934	2943	3039	3400	3769	4000	4246	4234	4108	3912	3640	3400	3057	2841	2612	2438	2232	
