Well	Time (1/2 s)	Block Temp	Sample Temp	Repetition	PCR Stage	Extension	Scale	B1	B2	B3	B4	B5	B6	B7	B8	B9	B10	B11	B12	B13	B14	B15	B16	B17	B18	B19	B20	B21	B22	B23	B24	B25	B26	B27	B28	B29	B30	B31	B32
253	101	95.5	94.8	1	0	0	2	900	1056	1379	1864	2428	2918	3195	3290	3236	3107	2953	2751	2565	2368	2256	2168	2171	2336	2577	2885	3141	3334	3344	3268	3088	2927	2773	2542	2396	2216	2146	1999	
253	119	95.0	95.0	1	0	0	2	897	1056	1371	1831	2392	2842	3136	3220	3238	3075	2948	2744	2541	2360	2225	2161	2153	2343	2570	2870	3159	3299	3304	3271	3097	2910	2772	2554	2404	2256	2116	1993	
253	136	95.0	95.0	1	0	0	2	906	1036	1337	1848	2377	2837	3114	3203	3202	3080	2929	2743	2544	2370	2216	2146	2159	2324	2579	2898	3130	3287	3324	3274	3077	2920	2741	2551	2414	2231	2129	2013	
253	153	95.0	95.0	1	0	0	2	914	1042	1366	1842	2363	2860	3149	3254	3246	3094	2920	2744	2555	2346	2241	2167	2159	2329	2588	2877	3157	3277	3350	3295	3067	2914	2728	2597	2400	2260	2120	2024	
253	170	95.0	95.0	1	0	0	2	894	1040	1367	1857	2399	2865	3148	3258	3226	3097	2939	2741	2569	2368	2232	2187	2165	2307	2562	2876	3182	3328	3344	3253	3066	2871	2741	2552	2404	2261	2146	1993	
253	188	95.0	95.0	1	0	0	2	904	1048	1376	1834	2402	2878	3144	3255	3244	3084	2960	2739	2571	2365	2269	2192	2177	2337	2580	2900	3128	3286	3353	3320	3114	2936	2770	2569	2396	2261	2136	2014	
253	205	94.9	95.0	1	0	0	2	902	1054	1371	1844	2394	2891	3141	3279	3277	3072	2925	2750	2573	2373	2271	2212	2192	2311	2567	2895	3160	3297	3364	3309	3130	2920	2776	2579	2419	2267	2111	2021	
253	222	95.0	95.0	1	0	0	2	896	1050	1386	1845	2402	2893	3178	3266	3236	3095	2957	2733	2604	2363	2250	2185	2179	2361	2581	2908	3164	3309	3348	3277	3138	2908	2738	2577	2378	2301	2153	2007	
253	239	95.0	95.0	1	0	0	2	922	1052	1380	1841	2409	2896	3145	3288	3220	3127	2984	2770	2557	2394	2257	2181	2191	2346	2577	2919	3178	3326	3339	3301	3079	2947	2746	2586	2416	2272	2148	2040	
253	257	94.9	95.0	1	0	0	2	910	1098	1375	1854	2406	2892	3137	3244	3255	3124	2954	2796	2557	2401	2271	2176	2191	2340	2604	2874	3162	3356	3384	3290	3111	2917	2778	2573	2383	2266	2145	2025	
253	274	95.0	95.0	1	0	0	2	910	1034	1353	1873	2408	2902	3164	3289	3234	3127	2980	2753	2590	2373	2242	2204	2205	2328	2606	2896	3180	3320	3344	3286	3078	2954	2771	2596	2428	2260	2121	2039	
253	291	95.0	95.0	1	0	0	2	902	1039	1353	1877	2423	2866	3138	3278	3266	3113	2978	2761	2568	2371	2249	2209	2184	2333	2588	2892	3186	3326	3380	3282	3110	2918	2765	2564	2405	2310	2141	2019	
253	308	95.0	95.0	1	0	0	2	892	1048	1358	1856	2417	2914	3182	3281	3205	3130	2982	2800	2585	2392	2264	2178	2193	2362	2568	2888	3183	3366	3420	3302	3119	2920	2764	2591	2413	2312	2134	2027	
253	326	95.0	95.0	1	0	0	2	924	1052	1359	1865	2444	2884	3159	3293	3252	3112	2972	2785	2621	2403	2246	2182	2167	2366	2611	2904	3209	3300	3363	3289	3104	2950	2777	2591	2444	2297	2146	2029	
253	343	95.0	95.0	1	0	0	2	904	1056	1341	1859	2422	2905	3166	3305	3243	3131	2979	2774	2596	2398	2246	2179	2153	2349	2575	2919	3164	3307	3361	3304	3144	2939	2778	2583	2416	2292	2143	2011	
253	360	95.0	95.0	1	0	0	2	900	1072	1379	1861	2400	2908	3203	3269	3262	3119	2964	2789	2565	2395	2258	2217	2190	2319	2607	2907	3185	3299	3396	3318	3126	2942	2774	2596	2446	2250	2161	2007	
253	377	95.0	95.0	1	0	0	2	903	1062	1378	1846	2418	2893	3188	3321	3261	3141	2992	2769	2573	2418	2268	2204	2189	2344	2602	2901	3178	3353	3376	3283	3133	2939	2782	2612	2449	2276	2138	2043	
253	395	95.0	95.0	1	0	0	2	922	1046	1371	1856	2428	2920	3166	3274	3250	3112	2996	2802	2564	2408	2292	2202	2201	2368	2608	2915	3197	3336	3401	3291	3120	2945	2790	2601	2432	2286	2155	2053	
253	412	95.0	95.0	1	0	0	2	924	1081	1363	1857	2395	2913	3171	3308	3255	3140	2967	2794	2596	2376	2271	2205	2191	2370	2638	2895	3207	3369	3372	3316	3138	2951	2771	2562	2419	2293	2167	2021	
253	429	95.0	95.0	1	0	0	2	905	1053	1390	1877	2422	2881	3203	3313	3283	3133	2987	2798	2584	2396	2257	2216	2199	2343	2600	2943	3211	3372	3384	3307	3120	2983	2768	2582	2456	2275	2160	2043	
253	446	94.9	95.0	1	0	0	2	912	1077	1378	1854	2422	2930	3184	3282	3318	3137	2992	2786	2573	2398	2246	2214	2201	2339	2594	2909	3194	3384	3389	3317	3138	2936	2789	2603	2427	2277	2154	2048	
253	464	94.9	95.0	1	0	0	2	912	1060	1370	1858	2421	2933	3234	3311	3238	3134	2987	2838	2600	2402	2251	2199	2200	2344	2585	2918	3211	3335	3389	3320	3140	2978	2803	2607	2441	2290	2162	2041	
253	481	95.0	95.0	1	0	0	2	930	1067	1380	1872	2440	2921	3208	3294	3259	3160	2952	2783	2608	2382	2266	2190	2200	2369	2604	2910	3191	3321	3387	3312	3132	2987	2763	2581	2452	2289	2161	2042	
253	498	94.9	95.0	1	0	0	2	910	1058	1373	1873	2457	2886	3175	3315	3254	3144	2967	2778	2618	2384	2237	2223	2210	2350	2623	2939	3233	3323	3381	3312	3115	2968	2786	2602	2428	2286	2157	2037	
253	515	94.9	95.0	1	0	0	2	912	1062	1385	1861	2449	2911	3206	3337	3276	3139	3002	2790	2600	2402	2297	2190	2188	2369	2586	2952	3226	3351	3391	3326	3126	2956	2787	2605	2437	2307	2189	2022	
253	533	94.9	95.0	1	0	0	2	905	1047	1348	1876	2416	2934	3206	3340	3263	3115	2970	2832	2607	2393	2257	2213	2217	2364	2626	2950	3205	3374	3388	3302	3145	2967	2777	2613	2429	2306	2150	2021	
253	550	94.9	95.0	1	0	0	2	915	1040	1374	1843	2397	2925	3190	3305	3281	3148	2989	2772	2585	2397	2275	2217	2209	2333	2613	2939	3180	3333	3373	3327	3140	2948	2774	2625	2437	2300	2141	2050	
253	567	95.0	95.0	1	0	0	2	910	1052	1331	1868	2420	2893	3206	3346	3277	3187	3017	2789	2591	2382	2237	2231	2202	2365	2576	2925	3189	3349	3403	3340	3121	2963	2782	2594	2463	2302	2161	2025	
253	584	94.9	95.0	1	0	0	2	904	1037	1371	1874	2431	2909	3211	3324	3308	3136	3002	2799	2611	2433	2265	2190	2206	2323	2587	2952	3189	3360	3423	3327	3121	2959	2802	2611	2436	2297	2162	2020	
253	602	94.9	95.0	1	0	0	2	908	1034	1371	1887	2445	2917	3210	3328	3299	3160	3004	2794	2589	2417	2280	2221	2214	2355	2606	2926	3193	3361	3400	3312	3147	2933	2806	2587	2461	2340	2171	2032	
253	619	95.0	95.0	1	0	0	2	898	1045	1387	1845	2439	2948	3211	3304	3242	3161	2986	2777	2610	2395	2251	2218	2201	2356	2612	2939	3205	3326	3437	3324	3130	2950	2780	2595	2446	2274	2163	2051	
253	636	94.9	95.0	1	0	0	2	901	1057	1378	1873	2455	2931	3210	3308	3267	3132	3007	2812	2595	2379	2284	2241	2199	2352	2613	2902	3246	3358	3409	3338	3139	2973	2782	2593	2432	2305	2197	2036	
253	653	95.0	95.0	1	0	0	2	907	1043	1415	1867	2432	2925	3192	3369	3279	3184	3008	2779	2591	2410	2279	2223	2232	2376	2613	2963	3206	3365	3417	3338	3147	2979	2794	2605	2443	2305	2156	2041	
253	671	95.0	95.0	1	0	0	2	907	1053	1386	1878	2440	2939	3222	3298	3313	3151	2999	2778	2622	2407	2277	2217	2204	2350	2615	2930	3213	3341	3443	3329	3117	2958	2796	2606	2441	2283	2191	2044	
253	688	95.0	95.0	1	0	0	2	928	1042	1377	1867	2427	2946	3213	3315	3297	3154	3015	2818	2607	2374	2257	2234	2186	2371	2615	2936	3200	3385	3426	3305	3173	2955	2798	2608	2436	2309	2161	2039	
253	705	95.0	95.0	1	0	0	2	900	1051	1390	1870	2457	2928	3219	3334	3296	3163	2996	2822	2610	2432	2282	2219	2211	2379	2594	2941	3208	3342	3424	3311	3133	2963	2808	2588	2464	2294	2196	2044	
253	722	94.9	95.0	1	0	0	2	911	1058	1379	1881	2451	2907	3224	3289	3293	3156	3022	2790	2639	2438	2298	2227	2222	2382	2609	2928	3226	3366	3451	3360	3154	2953	2798	2632	2471	2317	2171	2030	
253	740	94.9	95.0	1	0	0	2	920	1051	1370	1900	2442	2925	3207	3336	3287	3160	3003	2848	2595	2434	2276	2217	2227	2375	2600	2948	3227	3383	3416	3323	3172	2968	2797	2589	2441	2315	2184	2042	
253	757	95.0	95.0	1	0	0	2	918	1055	1367	1885	2418	2939	3209	3342	3311	3149	2997	2812	2620	2426	2300	2213	2198	2361	2617	2942	3220	3352	3414	3317	3142	2988	2802	2614	2431	2305	2181	2035	
253	774	95.0	95.0	1	0	0	2	906	1055	1392	1879	2434	2945	3204	3351	3277	3125	3001	2835	2613	2420	2270	2220	2208	2357	2647	2942	3209	3432	3402	3311	3177	2954	2788	2579	2431	2300	2175	2035	
253	791	95.0	95.0	1	0	0	2	908	1060	1393	1897	2448	2923	3196	3344	3263	3144	2992	2839	2584	2393	2275	2224	2194	2386	2635	2951	3211	3376	3414	3322	3141	2960	2795	2624	2452	2278	2190	2055	
253	809	95.0	95.0	1	0	0	2	920	1045	1374	1886	2441	2913	3191	3338	3281	3165	3000	2831	2627	2418	2268	2221	2200	2359	2611	2958	3234	3368	3437	3346	3126	2944	2783	2605	2473	2311	2169	2037	
253	826	95.0	95.0	1	0	0	2	912	1071	1398	1878	2431	2921	3217	3295	3309	3153	3013	2822	2632	2386	2271	2236	2192	2351	2588	2952	3213	3378	3455	3316	3160	2947	2790	2604	2456	2308	2171	2045	
253	843	95.0	95.0	1	0	0	2	922	1065	1441	1904	2448	2922	3231	3308	3294	3137	3012	2803	2657	2417	2289	2224	2212	2363	2638	2916	3238	3367	3404	3329	3152	2967	2805	2636	2425	2281	2160	2047	
253	860	95.0	95.0	1	0	0	2	913	1048	1388	1873	2469	2924	3226	3357	3308	3178	3005	2801	2614	2418	2299	2220	2190	2398	2609	2931	3208	3368	3412	3328	3135	2964	2788	2585	2440	2296	2182	2049	
253	878	94.9	95.0	1	0	0	2	904	1056	1379	1896	2429	2917	3240	3332	3323	3129	3005	2809	2634	2402	2247	2217	2204	2355	2612	2966	3201	3370	3413	3384	3157	2990	2817	2616	2436	2300	2177	2039	
253	895	95.0	95.0	1	0	0	2	921	1044	1382	1869	2451	2937	3228	3337	3323	3170	3011	2825	2623	2432	2307	2225	2199	2372	2625	2941	3235	3396	3408	3332	3157	2993	2810	2627	2437	2326	2180	2047	
253	912	95.0	95.0	1	0	0	2	910	1051	1369	1869	2462	2950	3248	3339	3282	3136	3046	2777	2617	2416	2281	2190	2229	2400	2608	2962	3238	3363	3415	3354	3153	2979	2831	2623	2442	2317	2160	2056	
253	929	95.0	95.0	1	0	0	2	930	1050	1378	1880	2463	2925	3237	3337	3271	3148	3013	2796	2622	2409	2300	2207	2217	2360	2624	2939	3194	3364	3439	3356	3161	2992	2780	2639	2440	2288	2190	2040	
253	947	95.0	95.0	1	0	0	2	911	1053	1395	1879	2450	2929	3173	3353	3299	3181	3026	2824	2628	2445	2276	2224	2220	2366	2619	2925	3247	3360	3405	3407	3169	2989	2806	2659	2463	2300	2179	2046	
253	964	95.0	95.0	1	0	0	2	931	1057	1387	1885	2453	2928	3219	3348	3316	3176	3024	2814	2642	2427	2272	2246	2223	2378	2629	2947	3236	3376	3404	3340	3157	2949	2805	2632	2433	2315	2180	2053	
253	981	94.9	95.0	1	0	0	2	913	1055	1367	1876	2432	2940	3229	3329	3289	3184	3018	2818	2598	2434	2272	2237	2206	2396	2610	2948	3193	3370	3410	3329	3131	3010	2769	2629	2467	2292	2173	2076	
253	998	94.9	95.0	1	0	0	2	907	1069	1377	1863	2446	2955	3254	3342	3308	3202	3012	2843	2602	2423	2274	2216	2251	2360	2608	2953	3218	3386	3430	3304	3197	2985	2811	2622	2449	2297	2163	2049	
253	1016	95.0	95.0	1	0	0	2	891	1054	1393	1879	2450	2928	3235	3313	3325	3178	3026	2792	2586	2395	2277	2212	2225	2391	2619	2944	3233	3353	3405	3352	3129	2996	2788	2620	2470	2310	2183	2051	
253	1033	95.0	95.0	1	0	0	2	920	1043	1393	1880	2460	2931	3230	3345	3330	3184	3058	2815	2634	2441	2285	2227	2201	2367	2631	2954	3209	3399	3418	3341	3175	2982	2780	2603	2437	2318	2155	2047	
253	1050	95.0	95.0	1	0	0	2	916	1056	1384	1876	2412	2935	3240	3327	3302	3199	3039	2813	2612	2427	2288	2226	2228	2369	2627	2945	3199	3366	3421	3363	3161	2979	2819	2615	2442	2290	2171	2058	
253	1067	94.9	95.0	1	0	0	2	905	1051	1355	1876	2477	2963	3230	3348	3321	3168	3043	2799	2638	2430	2285	2246	2240	2377	2596	2944	3225	3401	3445	3353	3156	2990	2801	2590	2448	2317	2156	2050	
253	1085	95.0	95.0	1	0	0	2	906	1060	1402	1862	2427	2960	3234	3365	3298	3178	3030	2842	2627	2442	2297	2224	2209	2384	2609	2925	3235	3391	3431	3368	3151	2965	2811	2643	2462	2324	2175	2068	
253	1102	95.0	95.0	1	0	0	2	911	1056	1398	1883	2455	2960	3225	3347	3305	3207	3034	2825	2655	2443	2277	2212	2208	2381	2638	2977	3242	3374	3428	3370	3147	2953	2852	2638	2459	2324	2198	2043	
253	1119	94.9	95.0	1	0	0	2	909	1063	1366	1869	2445	2936	3235	3350	3320	3198	3038	2848	2634	2443	2303	2242	2243	2383	2622	2940	3239	3365	3376	3401	3202	3025	2827	2639	2472	2313	2170	2052	
253	1136	94.9	95.0	1	0	0	2	915	1064	1370	1883	2446	2943	3233	3382	3284	3172	3035	2822	2640	2430	2287	2238	2218	2369	2618	2931	3218	3391	3437	3359	3152	3005	2804	2613	2450	2319	2178	2061	
253	1154	95.0	95.0	1	0	0	2	906	1046	1404	1868	2450	2932	3240	3378	3318	3169	3016	2820	2603	2436	2316	2242	2250	2384	2619	2935	3216	3352	3428	3365	3166	2977	2817	2639	2464	2304	2187	2046	
253	1171	94.9	95.0	1	0	0	2	913	1064	1373	1865	2481	2936	3230	3363	3336	3188	3015	2825	2636	2438	2308	2219	2226	2392	2609	2926	3236	3370	3402	3374	3174	2982	2811	2614	2448	2297	2197	2036	
253	1188	95.0	95.0	1	0	0	2	908	1046	1384	1900	2445	2985	3238	3369	3301	3170	3039	2824	2640	2438	2296	2207	2252	2381	2640	2917	3214	3354	3437	3355	3152	2976	2819	2632	2473	2286	2153	2054	
253	1205	95.0	95.0	1	0	0	2	923	1054	1381	1865	2477	2928	3251	3362	3321	3192	3045	2814	2624	2436	2313	2242	2212	2386	2617	2940	3234	3398	3411	3364	3157	2952	2793	2625	2477	2308	2190	2057	
253	1223	95.0	95.0	1	0	0	2	913	1057	1362	1888	2459	2945	3251	3368	3344	3200	3032	2836	2622	2415	2299	2224	2222	2372	2623	2961	3207	3385	3394	3348	3152	2913	2822	2635	2489	2300	2174	2025	
253	1240	94.9	95.0	1	0	0	2	915	1058	1386	1880	2467	2949	3240	3353	3323	3190	3031	2829	2656	2415	2290	2258	2203	2385	2618	2969	3209	3408	3436	3320	3154	2980	2828	2632	2463	2315	2189	2038	
253	1257	95.0	95.0	1	0	0	2	904	1050	1387	1905	2489	2965	3241	3357	3317	3186	3009	2823	2608	2434	2274	2248	2217	2385	2614	2966	3208	3364	3445	3368	3186	2989	2826	2630	2460	2313	2173	2062	
253	1274	94.9	95.0	1	0	0	2	901	1045	1374	1886	2436	2986	3283	3357	3296	3198	3036	2851	2650	2426	2300	2250	2232	2389	2617	2979	3231	3376	3438	3371	3140	2987	2816	2593	2443	2302	2193	2051	
253	1292	95.0	95.0	1	0	0	2	911	1051	1382	1904	2440	2926	3253	3355	3290	3191	3013	2833	2630	2438	2284	2221	2239	2402	2617	2956	3218	3415	3392	3340	3154	2976	2829	2602	2472	2305	2175	2060	
253	1320	95.0	95.0	1	1	0	2	918	1061	1383	1853	2453	2973	3245	3358	3337	3212	3067	2828	2651	2454	2312	2236	2235	2391	2644	2943	3214	3397	3441	3367	3166	2996	2814	2624	2469	2315	2191	2068	
253	1382	59.7	60.4	1	1	1	2	981	1292	1974	2992	4190	5051	5643	5687	5574	5209	4852	4422	4011	3599	3322	3076	2897	3030	3249	3661	4001	4239	4274	4182	3891	3668	3366	3143	2865	2662	2519	2329	
253	1400	60.0	60.0	1	1	1	2	991	1285	1968	3032	4190	5126	5632	5694	5545	5194	4837	4432	4048	3624	3290	3067	2924	3049	3312	3715	3993	4224	4285	4187	3902	3643	3419	3140	2864	2677	2515	2322	
253	1417	59.9	60.0	1	1	1	2	986	1306	1992	3034	4202	5137	5647	5759	5563	5264	4859	4421	4013	3582	3266	3080	2961	3020	3267	3660	4047	4203	4300	4189	3879	3648	3409	3149	2884	2682	2509	2312	
253	1434	60.0	60.0	1	1	1	2	984	1281	1982	3049	4170	5128	5602	5729	5565	5275	4908	4425	3998	3609	3300	3071	2931	3039	3269	3660	4050	4242	4295	4192	3903	3626	3381	3127	2855	2652	2493	2333	
253	1451	60.0	60.0	1	1	1	2	984	1286	1978	3020	4201	5158	5651	5747	5560	5237	4863	4428	4034	3614	3296	3067	2921	3031	3278	3643	4042	4270	4297	4139	3917	3677	3369	3121	2874	2687	2516	2347	
253	1469	60.0	60.0	1	1	1	2	998	1291	1977	3040	4166	5134	5622	5756	5581	5211	4868	4433	4045	3594	3286	3087	2930	3033	3276	3665	4034	4261	4292	4184	3916	3668	3427	3140	2870	2696	2504	2340	
253	1486	60.0	60.0	1	1	1	2	987	1301	2009	3017	4161	5166	5590	5749	5579	5235	4872	4515	4069	3591	3295	3071	2961	3026	3296	3664	4043	4196	4299	4204	3909	3644	3396	3125	2884	2662	2510	2302	
253	1548	95.4	94.7	2	1	0	2	912	1060	1413	1902	2520	2992	3274	3448	3359	3317	3086	2897	2688	2469	2320	2256	2218	2382	2649	2973	3261	3409	3427	3380	3173	3029	2827	2630	2472	2317	2198	2080	
253	1566	95.0	95.0	2	1	0	2	911	1058	1390	1890	2461	2983	3272	3391	3321	3181	3036	2876	2627	2446	2298	2256	2232	2401	2616	2975	3265	3393	3439	3366	3165	2973	2849	2612	2469	2316	2170	2047	
253	1628	59.7	60.4	2	1	1	2	981	1297	1975	3050	4186	5195	5652	5756	5541	5270	4890	4468	4020	3620	3291	3127	2938	3038	3304	3710	4063	4238	4302	4218	3940	3683	3440	3140	2907	2697	2500	2350	
253	1646	59.9	60.0	2	1	1	2	1001	1297	1993	3050	4194	5196	5661	5751	5626	5251	4946	4495	4046	3623	3304	3094	2952	3043	3266	3694	4037	4247	4306	4199	3948	3654	3404	3137	2903	2701	2518	2340	
253	1663	60.0	60.0	2	1	1	2	968	1293	1994	3069	4190	5147	5622	5802	5611	5272	4891	4462	4086	3625	3330	3090	2967	3057	3293	3696	4049	4253	4332	4200	3945	3672	3414	3132	2873	2727	2504	2347	
253	1680	60.0	60.0	2	1	1	2	989	1299	2015	3056	4236	5199	5652	5769	5617	5224	4903	4476	4076	3649	3342	3079	2998	3027	3346	3705	4044	4254	4336	4212	3908	3658	3435	3148	2912	2684	2491	2341	
253	1697	60.0	60.0	2	1	1	2	990	1309	1985	3018	4245	5178	5697	5838	5619	5297	4943	4465	4072	3642	3330	3098	2941	3060	3316	3672	4045	4264	4289	4218	3900	3663	3406	3126	2898	2724	2505	2333	
253	1715	59.9	60.0	2	1	1	2	995	1290	1979	3017	4233	5171	5722	5792	5592	5253	4901	4460	4037	3622	3323	3088	2954	3049	3298	3680	4054	4265	4314	4210	3946	3629	3434	3141	2912	2698	2501	2359	
253	1732	60.0	60.0	2	1	1	2	991	1304	1993	3059	4205	5172	5649	5780	5644	5287	4913	4463	4060	3610	3315	3064	2919	3078	3295	3668	4030	4246	4321	4199	3948	3675	3418	3166	2896	2691	2502	2365	
253	1794	95.3	94.9	3	1	0	2	906	1057	1409	1921	2490	3006	3319	3460	3352	3249	3104	2867	2668	2488	2335	2286	2244	2410	2663	2967	3253	3405	3440	3398	3216	3035	2835	2642	2477	2314	2207	2061	
253	1812	95.0	95.0	3	1	0	2	905	1072	1391	1898	2481	2967	3275	3437	3366	3230	3016	2859	2655	2460	2283	2225	2237	2411	2646	3008	3273	3386	3460	3374	3194	3017	2791	2611	2469	2303	2194	2074	
253	1875	59.7	60.2	3	1	1	2	992	1307	1994	3024	4161	5134	5657	5754	5607	5269	4907	4437	4080	3632	3310	3068	2937	3046	3277	3690	3984	4215	4336	4164	3919	3674	3414	3130	2913	2694	2510	2342	
253	1892	59.9	60.1	3	1	1	2	987	1281	2015	3036	4188	5183	5691	5792	5613	5232	4874	4506	4009	3625	3304	3072	2938	3038	3303	3683	4024	4252	4306	4230	3948	3654	3411	3167	2876	2680	2520	2332	
253	1909	59.9	60.0	3	1	1	2	967	1281	1997	3035	4200	5219	5629	5789	5562	5260	4904	4429	4070	3648	3290	3099	2964	3045	3301	3664	4033	4209	4307	4169	3907	3636	3384	3135	2902	2681	2511	2350	
253	1926	59.9	60.0	3	1	1	2	1015	1292	1995	3052	4194	5187	5623	5779	5598	5265	4913	4416	4033	3622	3284	3101	2940	3035	3290	3682	4032	4226	4304	4186	3907	3655	3433	3138	2920	2658	2500	2346	
253	1944	60.0	60.0	3	1	1	2	985	1303	1983	3039	4222	5156	5647	5793	5574	5260	4923	4461	4033	3619	3326	3118	2943	3050	3302	3681	4009	4215	4310	4180	3936	3623	3410	3120	2881	2674	2521	2338	
253	1961	59.9	60.0	3	1	1	2	967	1285	1978	3039	4224	5194	5632	5719	5562	5256	4896	4477	4050	3650	3288	3106	2916	3020	3290	3694	4036	4247	4296	4186	3932	3656	3432	3141	2885	2628	2494	2337	
253	1978	60.0	60.0	3	1	1	2	988	1296	1979	3027	4175	5130	5600	5789	5595	5272	4885	4478	4046	3599	3308	3080	2920	3030	3268	3676	4029	4222	4293	4186	3884	3686	3388	3115	2882	2683	2559	2332	
253	2041	95.3	94.9	4	1	0	2	906	1063	1399	1904	2473	3029	3280	3372	3354	3239	3073	2844	2661	2479	2334	2241	2223	2403	2663	2990	3238	3415	3444	3378	3205	3017	2838	2644	2458	2347	2171	2056	
253	2058	95.0	95.0	4	1	0	2	912	1061	1382	1874	2466	2971	3272	3351	3319	3213	3055	2873	2642	2427	2309	2231	2203	2362	2638	2945	3268	3392	3451	3408	3182	2986	2813	2639	2472	2345	2158	2072	
253	2121	59.7	60.2	4	1	1	2	984	1303	1980	3035	4217	5179	5657	5762	5616	5223	4856	4449	4047	3639	3341	3083	2957	3029	3283	3719	4046	4218	4304	4197	3937	3666	3423	3140	2904	2662	2503	2337	
253	2138	59.9	60.0	4	1	1	2	996	1287	1997	3029	4213	5135	5609	5777	5588	5243	4839	4466	4035	3617	3290	3115	2935	3089	3279	3660	4060	4240	4290	4214	3907	3651	3415	3146	2914	2691	2506	2332	
253	2155	60.0	60.0	4	1	1	2	990	1289	2005	3029	4190	5162	5649	5782	5619	5232	4889	4468	4027	3618	3342	3085	2954	3030	3296	3724	4065	4256	4290	4181	3884	3633	3421	3164	2907	2656	2478	2343	
253	2172	59.9	60.0	4	1	1	2	984	1279	1995	3034	4195	5173	5630	5785	5574	5273	4847	4464	4047	3645	3326	3088	2936	3069	3309	3715	4040	4233	4316	4237	3916	3670	3412	3132	2888	2666	2515	2349	
253	2190	59.9	60.0	4	1	1	2	984	1291	2010	3050	4170	5153	5624	5761	5580	5255	4875	4476	4033	3616	3314	3081	2929	3022	3258	3701	4060	4230	4296	4211	3907	3629	3398	3190	2888	2694	2496	2361	
253	2207	59.9	60.0	4	1	1	2	979	1297	1988	3029	4202	5155	5639	5769	5566	5249	4894	4460	4011	3646	3259	3098	2898	3050	3295	3673	4010	4226	4304	4177	3930	3655	3405	3150	2872	2678	2509	2348	
253	2224	60.0	60.0	4	1	1	2	993	1320	1991	3059	4177	5116	5664	5743	5573	5256	4861	4457	3996	3645	3303	3100	2950	3052	3275	3667	4019	4242	4306	4196	3933	3671	3393	3115	2884	2685	2512	2328	
253	2287	95.3	95.0	5	1	0	2	906	1072	1388	1901	2484	2990	3305	3383	3386	3252	3078	2885	2677	2461	2305	2257	2263	2411	2629	2978	3244	3403	3437	3421	3183	2970	2837	2630	2464	2320	2175	2066	
253	2304	95.0	95.0	5	1	0	2	906	1048	1392	1863	2479	2956	3233	3372	3358	3195	3054	2839	2658	2426	2307	2245	2213	2377	2620	2950	3237	3391	3461	3377	3170	3003	2812	2632	2488	2274	2181	2053	
253	2367	59.7	60.2	5	1	1	2	982	1309	2011	3039	4166	5131	5575	5741	5548	5260	4846	4439	4032	3568	3299	3062	2954	3047	3252	3668	4010	4231	4292	4158	3929	3654	3380	3136	2884	2685	2513	2333	
253	2384	59.9	60.0	5	1	1	2	988	1293	1984	2997	4151	5166	5587	5778	5544	5203	4826	4480	4021	3617	3271	3079	2950	3026	3239	3651	4000	4200	4266	4173	3931	3624	3405	3141	2850	2671	2510	2328	
253	2401	59.9	60.0	5	1	1	2	973	1283	1978	3019	4182	5140	5641	5741	5582	5241	4833	4414	3996	3622	3272	3076	2927	3046	3253	3661	3970	4232	4321	4196	3916	3648	3394	3121	2869	2676	2495	2349	
253	2418	60.0	60.0	5	1	1	2	980	1281	1985	3034	4181	5103	5649	5733	5518	5233	4831	4437	4015	3585	3325	3061	2928	3028	3252	3647	4032	4233	4252	4172	3905	3604	3406	3109	2885	2673	2500	2310	
253	2436	59.9	60.0	5	1	1	2	989	1278	1976	3008	4193	5137	5604	5728	5562	5204	4860	4414	4000	3592	3277	3077	2920	3028	3282	3643	3995	4219	4276	4159	3879	3629	3376	3112	2872	2681	2524	2329	
253	2453	60.0	60.0	5	1	1	2	984	1286	1986	3028	4169	5100	5590	5737	5583	5208	4814	4442	4024	3616	3279	3056	2925	3014	3250	3660	3998	4181	4257	4166	3912	3613	3405	3112	2853	2651	2530	2310	
253	2470	60.0	60.0	5	1	1	2	995	1302	1994	3024	4171	5144	5620	5739	5556	5239	4886	4389	4046	3600	3310	3044	2909	3035	3278	3651	4034	4189	4270	4148	3872	3634	3352	3113	2877	2678	2522	2336	
253	2533	95.3	94.9	6	1	0	2	906	1066	1382	1876	2496	2976	3282	3388	3366	3228	3038	2840	2643	2458	2307	2233	2235	2398	2625	2961	3202	3387	3421	3346	3175	2993	2830	2604	2463	2314	2165	2068	
253	2550	95.0	95.0	6	1	0	2	919	1064	1388	1901	2433	2943	3253	3366	3309	3192	3049	2846	2620	2359	2279	2222	2221	2376	2636	2945	3227	3367	3432	3329	3149	2997	2797	2638	2455	2303	2184	2048	
253	2613	59.7	60.2	6	1	1	2	979	1287	1963	3006	4147	5108	5555	5725	5507	5211	4825	4416	4010	3565	3281	3044	2902	3018	3289	3658	4030	4176	4283	4173	3874	3616	3419	3131	2873	2657	2489	2321	
253	2630	59.9	60.1	6	1	1	2	991	1297	1959	3028	4161	5163	5602	5667	5533	5191	4841	4435	4004	3560	3259	3092	2918	3013	3276	3623	3979	4215	4269	4132	3916	3654	3367	3120	2900	2640	2464	2327	
253	2647	59.9	60.0	6	1	1	2	989	1285	1986	3021	4146	5104	5598	5721	5536	5214	4842	4451	3983	3618	3292	3097	2876	3013	3255	3678	4009	4193	4246	4160	3926	3638	3379	3114	2862	2657	2493	2339	
253	2665	59.9	60.0	6	1	1	2	988	1292	1985	3000	4180	5133	5592	5683	5525	5195	4837	4377	4010	3579	3277	3056	2950	3008	3292	3652	4011	4183	4298	4142	3891	3616	3366	3117	2860	2666	2518	2322	
253	2682	60.0	60.0	6	1	1	2	998	1304	1987	2995	4140	5099	5575	5719	5514	5167	4839	4415	4006	3593	3272	3046	2912	3035	3280	3685	4013	4219	4284	4150	3883	3622	3367	3093	2878	2657	2471	2334	
253	2699	60.0	60.0	6	1	1	2	970	1275	1970	3003	4124	5119	5593	5656	5490	5195	4829	4431	3975	3593	3265	3077	2907	2982	3251	3627	4035	4193	4241	4149	3885	3635	3393	3080	2870	2688	2476	2328	
253	2716	60.0	60.0	6	1	1	2	984	1277	1971	3008	4152	5090	5558	5721	5515	5216	4823	4379	3981	3618	3305	3076	2902	3006	3226	3663	3976	4211	4240	4144	3880	3633	3396	3092	2852	2628	2464	2324	
253	2779	95.2	95.0	7	1	0	2	899	1046	1387	1887	2465	2968	3269	3363	3348	3221	3011	2835	2610	2439	2298	2195	2203	2376	2615	2904	3244	3344	3398	3351	3182	2973	2779	2655	2443	2310	2172	2031	
253	2796	95.0	95.0	7	1	0	2	906	1057	1380	1868	2456	2949	3223	3333	3290	3201	3013	2830	2614	2387	2279	2203	2219	2348	2604	2939	3221	3355	3386	3369	3169	2943	2805	2593	2443	2300	2151	2032	
253	2859	59.6	60.4	7	1	1	2	989	1303	1968	3002	4084	5062	5582	5718	5506	5188	4801	4363	3971	3584	3288	3076	2914	2978	3243	3650	3994	4185	4235	4117	3894	3647	3363	3104	2857	2634	2474	2334	
253	2876	59.9	60.0	7	1	1	2	978	1276	1977	2997	4129	5118	5530	5698	5523	5166	4821	4402	3988	3597	3273	3061	2897	3006	3226	3630	4023	4187	4253	4169	3874	3612	3389	3134	2880	2664	2486	2307	
253	2894	59.9	60.0	7	1	1	2	991	1283	1981	3014	4142	5072	5537	5726	5520	5181	4795	4421	4007	3603	3262	3068	2901	3015	3238	3629	3990	4199	4238	4152	3875	3624	3334	3097	2848	2639	2477	2300	
253	2911	60.0	60.0	7	1	1	2	985	1288	1999	3011	4134	5064	5537	5679	5488	5148	4799	4402	4016	3570	3283	3055	2903	3021	3216	3652	3980	4170	4255	4128	3898	3604	3368	3112	2863	2663	2484	2313	
253	2928	59.9	60.0	7	1	1	2	996	1294	2004	2991	4093	5044	5511	5693	5501	5193	4813	4407	3980	3572	3305	3066	2918	3028	3260	3659	4005	4200	4262	4159	3880	3615	3398	3085	2866	2668	2450	2307	
253	2945	60.0	60.0	7	1	1	2	986	1322	1976	3001	4091	5056	5547	5712	5492	5157	4830	4410	3986	3604	3254	3080	2903	3051	3275	3634	3954	4175	4209	4169	3873	3615	3322	3100	2872	2629	2471	2320	
253	2963	59.9	60.0	7	1	1	2	996	1295	1989	2981	4182	5096	5581	5706	5512	5148	4793	4376	4002	3590	3248	3010	2884	3015	3270	3641	4011	4152	4280	4162	3855	3611	3293	3107	2863	2665	2448	2335	
253	3027	95.4	94.9	8	1	0	2	910	1044	1393	1881	2461	2937	3234	3360	3291	3178	3042	2800	2617	2429	2293	2228	2201	2351	2599	2937	3181	3319	3418	3342	3148	2959	2814	2605	2457	2290	2179	2044	
253	3044	95.0	95.0	8	1	0	2	918	1051	1343	1875	2440	2937	3206	3356	3288	3179	3031	2796	2629	2402	2293	2214	2214	2347	2616	2931	3188	3329	3371	3318	3138	2940	2758	2602	2420	2263	2158	2049	
253	3106	59.6	60.4	8	1	1	2	980	1287	1972	2994	4108	5040	5512	5669	5493	5144	4792	4374	3960	3565	3236	3068	2873	2984	3236	3595	3941	4186	4235	4094	3839	3602	3392	3113	2845	2652	2482	2305	
253	3123	60.0	60.1	8	1	1	2	993	1301	1957	2981	4127	5086	5528	5637	5509	5143	4777	4354	3971	3573	3252	3043	2913	2987	3252	3602	3966	4154	4243	4120	3852	3631	3352	3084	2843	2611	2474	2302	
253	3141	60.0	60.0	8	1	1	2	990	1280	1962	2957	4091	5084	5500	5637	5466	5132	4779	4397	3972	3563	3225	3049	2928	2994	3253	3608	3964	4123	4221	4148	3862	3589	3346	3096	2862	2645	2485	2292	
253	3158	60.0	60.0	8	1	1	2	983	1277	1959	2961	4133	5036	5495	5656	5454	5149	4811	4373	3959	3530	3229	3031	2911	2982	3260	3616	3956	4185	4232	4145	3884	3579	3346	3076	2841	2645	2492	2306	
253	3175	60.0	60.0	8	1	1	2	988	1273	1984	2972	4104	5062	5507	5658	5484	5140	4770	4369	3990	3578	3233	3042	2889	2967	3236	3600	3947	4192	4184	4105	3855	3600	3336	3064	2849	2644	2462	2318	
253	3192	60.0	60.0	8	1	1	2	977	1294	1948	3007	4094	5033	5512	5620	5422	5129	4807	4402	3951	3546	3216	3067	2884	2979	3241	3603	3960	4147	4228	4145	3860	3615	3325	3074	2847	2674	2445	2292	
253	3210	60.0	60.0	8	1	1	2	982	1274	1954	2995	4119	5054	5530	5637	5432	5128	4765	4396	3956	3559	3255	3031	2855	2991	3206	3598	3948	4146	4212	4127	3850	3602	3301	3108	2812	2632	2460	2296	
253	3272	95.5	94.7	9	1	0	2	917	1044	1375	1903	2451	2944	3262	3369	3353	3184	3007	2804	2619	2419	2294	2231	2208	2360	2595	2917	3210	3324	3421	3307	3129	2943	2798	2593	2446	2277	2175	2035	
253	3289	95.0	95.0	9	1	0	2	909	1072	1379	1856	2436	2929	3216	3335	3275	3169	3010	2824	2608	2397	2270	2222	2204	2359	2568	2911	3164	3320	3373	3318	3111	2952	2758	2621	2441	2291	2139	2023	
253	3352	59.6	60.4	9	1	1	2	995	1276	1932	2906	4065	5030	5483	5613	5422	5104	4757	4387	3933	3560	3239	3040	2890	2970	3173	3564	3930	4129	4218	4101	3838	3577	3308	3069	2824	2623	2447	2307	
253	3370	60.0	60.1	9	1	1	2	996	1291	1967	2966	4082	5059	5480	5622	5469	5117	4731	4381	3967	3538	3220	3001	2874	2958	3237	3601	3920	4154	4181	4090	3840	3588	3336	3060	2827	2636	2457	2325	
253	3387	59.9	60.0	9	1	1	2	982	1247	1962	2965	4089	5031	5517	5631	5457	5111	4778	4337	3949	3535	3235	3027	2854	2977	3232	3608	3948	4154	4240	4097	3809	3603	3305	3077	2843	2625	2467	2331	
253	3404	60.0	60.0	9	1	1	2	974	1281	1989	2957	4074	5037	5523	5637	5432	5126	4746	4325	3964	3489	3259	3016	2889	2969	3169	3581	3970	4127	4189	4152	3849	3574	3314	3055	2838	2635	2457	2314	
253	3421	60.0	60.0	9	1	1	2	965	1279	1932	2967	4108	5033	5519	5651	5417	5105	4767	4330	3953	3542	3253	3032	2893	2968	3235	3592	3942	4136	4168	4101	3844	3574	3340	3061	2824	2618	2465	2287	
253	3439	60.0	60.0	9	1	1	2	992	1287	1984	2947	4125	5050	5514	5601	5427	5096	4719	4366	3975	3536	3237	3031	2867	2970	3212	3580	3957	4163	4209	4130	3813	3567	3324	3050	2829	2621	2488	2312	
253	3456	60.0	60.0	9	1	1	2	968	1288	1961	2982	4100	5002	5499	5641	5381	5107	4756	4354	3957	3538	3238	3042	2906	2971	3208	3596	3954	4156	4218	4131	3809	3583	3367	3069	2834	2632	2465	2300	
253	3518	95.3	94.9	10	1	0	2	902	1043	1379	1886	2443	2916	3215	3307	3292	3159	2998	2818	2620	2394	2282	2215	2209	2344	2614	2910	3173	3328	3426	3269	3109	2940	2775	2590	2402	2272	2148	2024	
253	3535	95.0	95.0	10	1	0	2	909	1051	1370	1848	2431	2912	3180	3316	3271	3134	2974	2805	2583	2358	2260	2201	2204	2308	2565	2888	3161	3327	3354	3301	3106	2937	2765	2581	2420	2251	2181	2014	
253	3598	59.6	60.4	10	1	1	2	974	1279	1947	2932	4074	4982	5474	5603	5387	5114	4741	4311	3902	3552	3253	3010	2865	2970	3219	3543	3935	4097	4216	4012	3819	3555	3295	3033	2827	2622	2474	2288	
253	3616	59.9	60.0	10	1	1	2	980	1297	1929	2936	4081	5006	5472	5609	5410	5082	4729	4383	3935	3568	3202	3036	2859	2980	3204	3602	3921	4139	4196	4073	3833	3569	3347	3045	2809	2595	2429	2326	
253	3633	60.0	60.0	10	1	1	2	990	1285	1950	2963	4070	5028	5459	5612	5413	5111	4797	4320	3938	3495	3236	3019	2856	2976	3186	3609	3977	4141	4173	4077	3816	3570	3312	3009	2786	2619	2446	2293	
253	3650	59.9	60.0	10	1	1	2	993	1284	1949	2953	4097	4986	5486	5585	5425	5099	4731	4332	3937	3527	3238	3019	2878	2961	3198	3598	3899	4104	4146	4072	3838	3557	3315	3029	2843	2617	2435	2291	
253	3667	60.0	60.0	10	1	1	2	977	1291	1939	2956	4085	4954	5448	5589	5401	5105	4697	4336	3928	3499	3222	3040	2846	2959	3213	3584	3911	4137	4158	4102	3794	3574	3325	3080	2824	2610	2457	2294	
253	3685	60.0	60.0	10	1	1	2	981	1263	1971	2968	4072	4973	5530	5591	5451	5086	4782	4304	3955	3541	3227	3026	2845	2935	3206	3582	3939	4087	4147	4085	3837	3553	3320	3069	2807	2619	2474	2283	
253	3702	60.0	60.0	10	1	1	2	969	1302	1960	2958	4066	4970	5424	5580	5421	5072	4702	4310	3931	3514	3199	3024	2891	2949	3188	3566	3923	4153	4160	4084	3812	3555	3301	3049	2792	2625	2452	2281	
253	3764	95.5	94.7	11	1	0	2	911	1061	1352	1886	2428	2919	3173	3320	3277	3151	3003	2793	2601	2396	2260	2212	2175	2315	2571	2897	3164	3294	3373	3283	3091	2934	2773	2566	2426	2254	2148	2005	
253	3782	95.0	95.0	11	1	0	2	922	1044	1365	1864	2395	2866	3193	3304	3261	3126	2966	2779	2553	2378	2275	2187	2191	2322	2568	2883	3147	3306	3310	3269	3075	2888	2738	2558	2416	2255	2131	2015	
253	3844	59.7	60.4	11	1	1	2	969	1282	1937	2917	4054	4987	5470	5554	5413	5070	4714	4310	3881	3514	3238	2987	2875	2941	3219	3604	3910	4106	4193	4073	3816	3565	3322	3052	2810	2570	2433	2286	
253	3862	59.9	60.1	11	1	1	2	984	1286	1957	2927	4052	4998	5428	5574	5364	5121	4754	4315	3865	3499	3217	2992	2815	2961	3212	3567	3934	4116	4163	4033	3801	3516	3296	3049	2811	2624	2438	2281	
253	3879	60.0	60.0	11	1	1	2	977	1267	1952	2941	4035	4985	5476	5590	5395	5079	4702	4264	3903	3512	3192	3022	2829	2955	3187	3529	3893	4074	4175	4074	3817	3540	3324	3077	2815	2560	2411	2273	
253	3896	60.0	60.0	11	1	1	2	984	1283	1952	2945	4038	4986	5425	5543	5415	5068	4730	4286	3919	3535	3224	3011	2875	2952	3222	3597	3901	4094	4196	4042	3816	3553	3283	3048	2796	2604	2442	2300	
253	3913	60.0	60.0	11	1	1	2	977	1283	1945	2948	4071	4984	5444	5603	5423	5079	4696	4293	3933	3510	3220	3011	2836	2959	3221	3541	3921	4060	4172	4096	3772	3566	3295	3059	2820	2598	2444	2299	
253	3931	59.9	60.0	11	1	1	2	985	1279	1956	2912	4056	4962	5425	5568	5373	5063	4735	4299	3881	3510	3221	2998	2832	2954	3159	3560	3918	4105	4151	4072	3810	3551	3293	3037	2818	2589	2458	2289	
253	3948	60.0	60.0	11	1	1	2	985	1288	1961	2959	4063	4930	5428	5626	5393	5113	4735	4276	3902	3519	3213	2983	2848	2946	3170	3577	3914	4107	4178	4073	3801	3566	3312	3075	2788	2589	2433	2257	
253	4012	95.5	94.9	12	1	0	2	916	1051	1372	1839	2438	2887	3171	3278	3261	3152	2992	2790	2605	2378	2249	2202	2186	2329	2562	2864	3144	3310	3352	3262	3081	2913	2733	2539	2405	2255	2123	2002	
253	4030	95.0	95.0	12	1	0	2	920	1040	1361	1840	2375	2901	3169	3304	3260	3118	2972	2765	2546	2367	2242	2148	2163	2312	2547	2848	3108	3267	3343	3242	3077	2883	2730	2567	2400	2232	2128	2001	
253	4090	59.8	60.5	12	1	1	2	969	1272	1955	2926	4018	4993	5451	5497	5370	5024	4648	4325	3916	3494	3153	2974	2849	2920	3194	3556	3899	4088	4156	4061	3769	3551	3315	3070	2815	2597	2429	2268	
253	4108	59.9	60.1	12	1	1	2	984	1269	1950	2933	4075	4970	5416	5596	5374	5065	4722	4291	3873	3532	3194	2983	2837	2939	3176	3545	3896	4086	4143	4070	3771	3522	3301	3036	2820	2605	2455	2291	
253	4125	60.0	60.0	12	1	1	2	997	1265	1957	2920	4037	4961	5469	5544	5349	5056	4715	4324	3898	3484	3182	2982	2835	2933	3190	3546	3869	4086	4184	4057	3783	3527	3310	3024	2780	2613	2448	2252	
253	4142	60.0	60.0	12	1	1	2	971	1297	1947	2904	4037	4951	5423	5550	5393	5050	4656	4310	3890	3507	3190	2974	2853	2961	3196	3574	3865	4073	4161	4065	3806	3531	3276	3007	2804	2595	2420	2276	
253	4159	60.0	60.0	12	1	1	2	975	1274	1941	2953	4062	4998	5484	5550	5357	5056	4709	4295	3925	3483	3186	2988	2832	2905	3154	3516	3897	4100	4133	4074	3795	3539	3268	3023	2760	2603	2437	2270	
253	4177	60.0	60.0	12	1	1	2	984	1283	1956	2944	4052	4968	5406	5498	5341	5068	4699	4304	3902	3489	3198	2970	2833	2952	3175	3558	3904	4055	4175	4028	3785	3501	3250	3022	2808	2578	2430	2295	
253	4194	59.9	60.0	12	1	1	2	986	1285	1946	2948	4038	4940	5413	5539	5373	5100	4663	4285	3920	3512	3177	2979	2851	2948	3168	3512	3879	4082	4146	4027	3776	3532	3304	3024	2800	2597	2438	2285	
253	4256	95.5	94.7	13	1	0	2	905	1046	1376	1867	2427	2912	3161	3301	3237	3132	2973	2772	2564	2404	2256	2189	2175	2339	2543	2886	3153	3294	3326	3294	3075	2886	2722	2582	2399	2261	2147	2018	
253	4274	94.9	95.0	13	1	0	2	903	1056	1380	1854	2387	2889	3164	3284	3233	3118	2964	2801	2543	2365	2237	2195	2180	2328	2528	2846	3080	3295	3278	3241	3057	2924	2738	2554	2371	2243	2105	1989	
253	4337	59.6	60.2	13	1	1	2	974	1267	1957	2892	4016	4916	5401	5533	5346	4998	4682	4259	3873	3481	3176	2977	2832	2946	3162	3533	3864	4063	4146	4034	3736	3527	3317	3011	2798	2618	2418	2269	
253	4354	59.9	60.1	13	1	1	2	969	1274	1946	2904	4021	4934	5377	5542	5388	5015	4709	4306	3884	3494	3187	2998	2850	2936	3178	3506	3864	4087	4110	4050	3760	3519	3295	3020	2790	2600	2426	2285	
253	4371	60.0	60.0	13	1	1	2	969	1280	1935	2935	4056	4964	5421	5507	5343	5010	4674	4300	3880	3508	3188	2971	2805	2935	3174	3506	3901	4088	4130	4014	3772	3511	3292	3031	2798	2572	2440	2271	
253	4388	59.9	60.0	13	1	1	2	981	1263	1934	2954	4009	4959	5407	5516	5398	5034	4695	4265	3896	3488	3201	2983	2856	2932	3181	3556	3885	4083	4122	4001	3791	3477	3281	3042	2813	2582	2439	2250	
253	4406	60.0	60.0	13	1	1	2	974	1282	1948	2905	4044	4970	5424	5565	5314	5049	4684	4275	3871	3490	3204	2995	2820	2941	3181	3542	3912	4107	4134	4082	3775	3488	3284	3059	2784	2590	2433	2271	
253	4423	60.0	60.0	13	1	1	2	984	1272	1932	2870	4028	4957	5411	5530	5377	5020	4695	4272	3878	3478	3185	2954	2826	2950	3144	3536	3881	4092	4129	4031	3758	3519	3281	3008	2814	2598	2446	2270	
253	4440	60.0	60.0	13	1	1	2	977	1300	1927	2916	4016	4942	5407	5478	5279	5021	4661	4286	3887	3469	3193	2989	2833	2919	3132	3535	3905	4085	4147	4019	3767	3507	3269	3018	2760	2581	2411	2261	
253	4505	95.3	95.0	14	1	0	2	914	1038	1345	1850	2415	2908	3144	3279	3223	3126	2926	2770	2552	2356	2255	2198	2178	2298	2512	2877	3118	3271	3350	3232	3047	2897	2739	2532	2377	2243	2141	1996	
253	4522	95.0	95.0	14	1	0	2	891	1036	1360	1812	2363	2892	3154	3273	3216	3131	2932	2750	2576	2352	2243	2188	2178	2313	2530	2838	3090	3240	3286	3235	3028	2902	2720	2542	2366	2239	2100	1975	
253	4585	59.7	60.2	14	1	1	2	979	1267	1922	2914	4005	4910	5382	5536	5297	5002	4651	4263	3863	3470	3179	2959	2833	2934	3149	3528	3888	4068	4159	4048	3747	3531	3263	3018	2811	2602	2415	2267	
253	4602	59.9	60.1	14	1	1	2	969	1263	1938	2926	4053	4914	5383	5520	5361	5010	4698	4261	3850	3470	3169	2957	2843	2933	3172	3522	3870	4046	4137	3989	3745	3523	3266	3030	2797	2578	2429	2272	
253	4619	60.0	60.0	14	1	1	2	972	1264	1953	2878	3996	4918	5337	5421	5345	5018	4660	4277	3878	3490	3165	2983	2846	2914	3161	3540	3867	4079	4076	4028	3762	3533	3245	2978	2774	2574	2415	2280	
253	4636	60.0	60.0	14	1	1	2	999	1245	1906	2914	4050	4884	5380	5469	5339	5013	4656	4248	3898	3467	3162	2967	2821	2909	3149	3521	3893	4065	4110	4033	3761	3477	3260	3014	2817	2585	2431	2269	
253	4654	59.9	60.0	14	1	1	2	982	1283	1920	2903	4020	4874	5362	5466	5325	5028	4626	4267	3862	3442	3182	2998	2843	2889	3164	3511	3822	4080	4077	4034	3776	3482	3292	3004	2772	2575	2421	2239	
253	4671	60.0	60.0	14	1	1	2	986	1279	1919	2875	4008	4928	5353	5478	5328	5008	4684	4254	3857	3481	3154	2931	2836	2906	3140	3513	3884	4060	4144	4020	3758	3498	3278	3001	2792	2562	2413	2260	
253	4688	59.9	60.0	14	1	1	2	981	1272	1946	2909	4026	4926	5354	5470	5361	5029	4657	4251	3889	3474	3169	2947	2779	2919	3185	3518	3880	4072	4126	4019	3739	3515	3248	3024	2797	2567	2373	2265	
253	4753	95.3	95.0	15	1	0	2	912	1057	1358	1843	2413	2908	3179	3256	3236	3125	2966	2773	2560	2385	2247	2183	2168	2292	2536	2870	3117	3260	3292	3242	3073	2824	2729	2546	2385	2238	2104	1989	
253	4770	95.0	95.0	15	1	0	2	911	1042	1360	1807	2397	2856	3142	3256	3225	3101	2919	2720	2565	2348	2263	2174	2150	2318	2554	2869	3126	3252	3309	3221	3076	2869	2726	2551	2351	2261	2090	1981	
253	4833	59.7	60.2	15	1	1	2	985	1265	1944	2909	3998	4875	5398	5492	5314	5026	4682	4302	3894	3448	3175	2930	2830	2944	3163	3522	3865	4062	4097	4033	3759	3511	3268	3019	2784	2556	2390	2262	
253	4850	59.9	60.0	15	1	1	2	984	1307	1942	2923	4003	4920	5380	5520	5367	5047	4671	4293	3898	3507	3185	2940	2815	2932	3153	3527	3898	4038	4099	4014	3769	3526	3251	3030	2774	2586	2413	2275	
253	4867	60.0	60.0	15	1	1	2	979	1271	1933	2898	4029	4904	5381	5497	5324	4984	4663	4255	3889	3470	3158	2940	2843	2912	3168	3504	3864	4065	4109	4087	3777	3511	3243	3005	2794	2576	2399	2281	
253	4884	60.0	60.0	15	1	1	2	974	1283	1951	2901	3992	4961	5351	5484	5313	4989	4661	4249	3850	3471	3168	2994	2835	2922	3142	3531	3844	4058	4130	4022	3761	3529	3237	3017	2778	2564	2412	2259	
253	4902	59.9	60.0	15	1	1	2	972	1293	1951	2885	4013	4929	5418	5472	5355	4999	4688	4280	3880	3474	3169	2966	2809	2882	3132	3521	3870	4054	4157	3992	3780	3490	3270	3002	2765	2578	2407	2266	
253	4919	60.0	60.0	15	1	1	2	987	1278	1941	2892	4028	4928	5364	5500	5298	5009	4644	4259	3852	3461	3177	2974	2812	2926	3182	3562	3840	4059	4122	4036	3744	3469	3289	3002	2790	2559	2426	2274	
253	4936	59.9	60.0	15	1	1	2	977	1288	1915	2919	4008	4934	5374	5504	5319	5016	4685	4282	3873	3461	3183	2985	2855	2904	3142	3562	3848	4055	4137	4000	3768	3488	3316	2995	2784	2583	2417	2265	
253	5001	95.2	95.0	16	1	0	2	870	1049	1379	1848	2379	2867	3140	3243	3215	3102	2945	2742	2544	2392	2232	2167	2158	2300	2533	2862	3103	3250	3295	3279	3034	2877	2707	2530	2382	2228	2114	2002	
253	5018	95.0	95.0	16	1	0	2	899	1050	1358	1836	2331	2838	3111	3236	3219	3054	2921	2731	2534	2384	2225	2203	2135	2306	2553	2788	3109	3226	3258	3229	3037	2875	2707	2547	2376	2227	2106	1996	
253	5081	59.6	60.2	16	1	1	2	979	1260	1922	2889	3973	4914	5326	5424	5291	4977	4639	4250	3875	3466	3179	2966	2825	2883	3144	3494	3843	4052	4089	4026	3720	3477	3254	2998	2789	2560	2422	2262	
253	5098	59.9	60.0	16	1	1	2	966	1266	1955	2937	3998	4900	5352	5485	5259	4971	4630	4233	3833	3497	3177	2964	2802	2905	3153	3503	3840	4020	4119	3978	3731	3462	3263	2998	2766	2599	2426	2257	
253	5115	59.9	60.0	16	1	1	2	992	1265	1962	2904	3996	4906	5344	5499	5325	5037	4698	4256	3874	3486	3151	2963	2805	2901	3165	3466	3836	4030	4109	3978	3747	3504	3229	2992	2777	2576	2413	2259	
253	5133	59.9	60.0	16	1	1	2	984	1244	1924	2887	3979	4838	5380	5472	5280	5007	4633	4234	3865	3452	3160	2961	2811	2891	3144	3531	3831	4070	4083	4013	3744	3499	3239	2981	2764	2541	2400	2242	
253	5150	60.0	60.0	16	1	1	2	1001	1275	1924	2913	4003	4937	5403	5438	5283	4987	4628	4276	3865	3470	3154	2978	2823	2894	3150	3507	3830	4061	4113	3971	3725	3524	3244	2994	2770	2555	2403	2265	
253	5167	60.0	60.0	16	1	1	2	981	1290	1943	2906	3998	4862	5357	5498	5328	5000	4620	4248	3824	3462	3097	2977	2809	2911	3138	3511	3808	4030	4055	3983	3741	3524	3254	2978	2759	2581	2412	2238	
253	5184	60.0	60.0	16	1	1	2	964	1254	1948	2896	3967	4887	5329	5475	5322	4972	4621	4255	3867	3420	3206	2949	2803	2925	3130	3523	3853	4037	4079	3975	3743	3552	3237	2989	2748	2572	2432	2237	
253	5247	95.4	94.9	17	1	0	2	902	1042	1382	1883	2433	2852	3135	3287	3240	3126	2980	2747	2558	2408	2227	2158	2156	2302	2564	2869	3113	3261	3298	3213	3061	2876	2692	2515	2380	2218	2077	2008	
253	5264	95.0	95.0	17	1	0	2	911	1021	1366	1829	2364	2864	3100	3249	3193	3088	2958	2733	2554	2348	2239	2186	2146	2292	2525	2845	3106	3232	3297	3214	3026	2875	2721	2533	2373	2230	2106	1967	
253	5327	59.7	60.4	17	1	1	2	990	1261	1929	2896	3996	4901	5363	5445	5301	4977	4633	4187	3839	3432	3148	2921	2826	2880	3136	3501	3881	4017	4086	3985	3732	3498	3254	2976	2760	2561	2416	2251	
253	5344	59.9	60.1	17	1	1	2	974	1266	1907	2898	3987	4888	5335	5452	5321	4969	4675	4230	3862	3440	3172	2926	2824	2885	3152	3501	3853	4006	4080	3989	3715	3445	3267	3025	2770	2585	2400	2262	
253	5361	60.0	60.0	17	1	1	2	974	1267	1909	2900	3972	4936	5368	5482	5285	4986	4631	4201	3852	3461	3145	2966	2823	2889	3148	3510	3863	4023	4102	4028	3728	3478	3254	3015	2756	2552	2421	2248	
253	5379	60.0	60.0	17	1	1	2	976	1271	1912	2889	4026	4899	5334	5424	5329	4962	4618	4225	3866	3470	3151	2934	2814	2916	3155	3497	3807	4056	4085	3997	3753	3492	3253	3002	2741	2599	2402	2278	
253	5396	60.0	60.0	17	1	1	2	984	1283	1910	2903	4004	4872	5348	5484	5276	4944	4647	4232	3835	3459	3160	2969	2839	2917	3165	3536	3810	4036	4092	3995	3747	3517	3271	2989	2766	2563	2394	2262	
253	5413	59.9	60.0	17	1	1	2	969	1271	1953	2886	3991	4877	5313	5444	5281	4945	4621	4217	3836	3459	3127	2940	2764	2901	3110	3527	3873	4052	4084	3973	3738	3485	3248	3018	2787	2581	2392	2244	
253	5430	60.0	60.0	17	1	1	2	991	1267	1922	2888	3993	4896	5338	5451	5307	5006	4592	4218	3831	3446	3140	2921	2814	2919	3109	3505	3847	4019	4092	3976	3748	3496	3214	3025	2747	2581	2427	2266	
253	5495	95.4	94.9	18	1	0	2	896	1053	1363	1837	2417	2844	3125	3241	3211	3100	2936	2753	2564	2364	2226	2184	2154	2260	2531	2844	3096	3228	3299	3254	3063	2889	2711	2549	2367	2238	2097	1952	
253	5512	95.0	95.0	18	1	0	2	903	1040	1347	1852	2348	2852	3111	3230	3182	3073	2941	2743	2542	2348	2229	2164	2135	2286	2498	2833	3096	3226	3255	3231	3028	2888	2689	2521	2361	2231	2087	1985	
253	5575	59.6	60.4	18	1	1	2	971	1269	1905	2868	4018	4884	5351	5512	5269	4944	4625	4284	3812	3486	3134	2932	2805	2898	3137	3510	3832	4053	4134	3997	3739	3499	3292	3001	2770	2576	2398	2239	
253	5592	60.0	60.1	18	1	1	2	971	1270	1925	2905	4019	4882	5331	5485	5287	4984	4633	4224	3845	3448	3192	2971	2824	2914	3137	3504	3837	4062	4087	3986	3728	3514	3257	2990	2796	2571	2431	2254	
253	5609	60.0	60.0	18	1	1	2	984	1264	1973	2892	3999	4928	5342	5449	5272	4973	4656	4266	3862	3455	3189	2959	2805	2885	3109	3512	3838	4031	4112	3994	3742	3466	3278	3017	2751	2551	2405	2252	
253	5627	59.9	60.0	18	1	1	2	981	1268	1933	2874	3980	4890	5345	5445	5310	4987	4633	4233	3860	3405	3131	2936	2812	2915	3116	3485	3822	3986	4079	3993	3740	3488	3257	3006	2777	2577	2406	2246	
253	5644	60.0	60.0	18	1	1	2	980	1275	1941	2895	4006	4916	5323	5465	5278	4993	4617	4222	3851	3464	3140	2930	2834	2894	3143	3455	3866	4040	4095	3993	3726	3481	3266	2984	2758	2561	2410	2235	
253	5661	60.0	60.0	18	1	1	2	965	1268	1920	2907	3989	4878	5338	5446	5300	4985	4641	4246	3848	3455	3141	2942	2798	2940	3145	3527	3836	4007	4101	3966	3746	3498	3250	3010	2774	2566	2402	2284	
253	5678	60.0	60.0	18	1	1	2	984	1278	1901	2921	3977	4905	5319	5471	5295	4981	4625	4232	3850	3447	3152	2963	2823	2915	3136	3507	3828	4051	4078	4003	3720	3475	3257	2964	2787	2575	2394	2242	
253	5743	95.5	94.9	19	1	0	2	904	1040	1361	1852	2374	2900	3140	3262	3194	3107	2926	2748	2562	2348	2245	2124	2126	2297	2511	2816	3110	3236	3291	3214	3027	2891	2688	2514	2359	2215	2087	1979	
253	5760	95.0	95.0	19	1	0	2	907	1025	1374	1825	2356	2838	3114	3251	3205	3063	2929	2687	2517	2343	2228	2140	2143	2274	2492	2808	3106	3211	3249	3234	3018	2845	2704	2536	2336	2212	2110	1968	
253	5823	59.7	60.4	19	1	1	2	984	1281	1920	2893	3969	4892	5325	5429	5283	4976	4596	4199	3827	3421	3162	2906	2812	2885	3162	3502	3863	3971	4062	3965	3746	3472	3248	2997	2752	2547	2393	2238	
253	5840	60.0	60.0	19	1	1	2	983	1283	1912	2860	3956	4877	5319	5455	5285	4975	4600	4261	3832	3422	3137	2953	2799	2880	3134	3474	3826	4016	4088	3975	3786	3478	3230	2975	2736	2504	2413	2238	
253	5858	59.9	60.0	19	1	1	2	968	1270	1908	2848	3981	4897	5325	5429	5261	4963	4637	4243	3832	3436	3162	2930	2784	2840	3120	3497	3822	4056	4047	3957	3710	3482	3227	2993	2753	2565	2407	2257	
253	5875	60.0	60.0	19	1	1	2	971	1259	1921	2889	3971	4878	5332	5420	5253	4984	4618	4238	3836	3436	3154	2920	2812	2872	3160	3486	3797	4024	4066	3957	3728	3502	3202	2980	2741	2554	2416	2234	
253	5892	60.0	60.0	19	1	1	2	975	1257	1921	2876	3980	4878	5354	5502	5278	4969	4582	4215	3861	3422	3150	2922	2785	2897	3138	3496	3834	3982	4051	3980	3731	3476	3235	2979	2758	2545	2396	2260	
253	5909	59.9	60.0	19	1	1	2	978	1273	1913	2890	3970	4855	5295	5428	5260	4932	4630	4239	3846	3435	3132	2933	2797	2907	3103	3501	3828	4019	4090	3995	3691	3480	3224	2985	2744	2586	2387	2228	
253	5927	60.0	60.0	19	1	1	2	978	1244	1889	2896	4002	4870	5276	5473	5260	4944	4610	4240	3803	3420	3152	2966	2779	2876	3111	3500	3847	4041	4050	3932	3732	3452	3220	3000	2757	2572	2404	2248	
253	5991	95.5	94.9	20	1	0	2	909	1043	1361	1834	2356	2862	3133	3244	3188	3061	2938	2713	2539	2334	2229	2156	2129	2283	2538	2819	3096	3259	3249	3236	2999	2852	2703	2513	2356	2233	2107	1961	
253	6008	95.0	95.0	20	1	0	2	908	1048	1350	1852	2378	2856	3102	3238	3177	3104	2916	2751	2568	2343	2206	2157	2128	2279	2533	2796	3078	3207	3256	3201	3018	2853	2682	2498	2342	2246	2096	1984	
253	6071	59.6	60.4	20	1	1	2	971	1276	1955	2884	3935	4857	5295	5442	5277	4957	4626	4234	3825	3425	3127	2988	2760	2893	3154	3491	3824	3981	4072	3991	3702	3481	3216	2992	2740	2551	2396	2252	
253	6088	60.0	60.1	20	1	1	2	996	1268	1926	2918	3958	4858	5303	5447	5257	4913	4634	4282	3838	3446	3161	2940	2820	2882	3132	3484	3820	3977	4039	3965	3731	3465	3217	2976	2768	2565	2391	2249	
253	6106	59.9	60.0	20	1	1	2	975	1285	1921	2877	3975	4882	5328	5429	5270	4947	4592	4242	3856	3434	3137	2973	2798	2889	3109	3556	3804	4015	4084	3953	3708	3460	3237	2974	2782	2556	2364	2238	
253	6123	59.9	60.0	20	1	1	2	968	1268	1918	2866	3946	4862	5329	5462	5310	4929	4638	4268	3819	3440	3133	2952	2806	2890	3146	3478	3813	4026	4067	3982	3716	3501	3250	2986	2746	2566	2395	2260	
253	6140	59.9	60.0	20	1	1	2	997	1268	1921	2909	3986	4822	5328	5436	5266	4970	4573	4223	3831	3427	3122	2896	2810	2898	3135	3495	3839	4018	4079	3994	3728	3491	3240	2995	2735	2547	2384	2241	
253	6157	60.0	60.0	20	1	1	2	974	1304	1927	2896	3975	4851	5322	5405	5261	4912	4607	4217	3811	3450	3150	2926	2770	2853	3116	3483	3844	3998	4052	3968	3749	3459	3257	2981	2756	2543	2393	2236	
253	6175	60.0	60.0	20	1	1	2	968	1259	1935	2890	3965	4852	5317	5396	5264	4950	4627	4199	3819	3457	3164	2933	2804	2868	3116	3476	3836	4016	4070	3966	3675	3475	3249	3014	2760	2569	2394	2260	
253	6239	95.5	94.8	21	1	0	2	904	1061	1381	1823	2392	2879	3141	3233	3220	3107	2945	2735	2563	2350	2208	2151	2146	2291	2540	2817	3072	3250	3261	3233	3014	2881	2704	2522	2344	2230	2098	1963	
253	6256	95.0	95.0	21	1	0	2	905	1040	1397	1846	2398	2851	3096	3233	3170	3082	2921	2730	2513	2346	2235	2144	2124	2285	2528	2818	3103	3243	3250	3207	3046	2841	2678	2497	2355	2229	2103	1959	
253	6317	59.7	60.5	21	1	1	2	963	1264	1925	2880	3983	4851	5272	5409	5235	4965	4622	4230	3805	3410	3140	2954	2794	2879	3136	3486	3827	4003	4050	3978	3722	3469	3252	2999	2762	2555	2373	2230	
253	6334	60.0	60.1	21	1	1	2	975	1262	1907	2882	3976	4872	5333	5422	5280	4949	4636	4210	3841	3438	3153	2952	2813	2897	3150	3479	3821	4002	4059	3938	3709	3435	3215	2982	2756	2550	2420	2233	
253	6352	60.0	60.0	21	1	1	2	972	1265	1909	2920	3944	4905	5309	5496	5214	4993	4614	4231	3819	3422	3149	2947	2785	2889	3134	3462	3809	3982	4041	3978	3754	3501	3239	2997	2747	2537	2380	2257	
253	6369	60.0	60.0	21	1	1	2	977	1281	1944	2892	3964	4884	5306	5451	5252	4929	4600	4241	3842	3441	3125	2923	2778	2893	3124	3468	3827	3996	4098	3956	3743	3485	3236	2955	2737	2535	2396	2218	
253	6386	59.9	60.0	21	1	1	2	985	1267	1916	2874	3959	4845	5300	5455	5249	4950	4606	4220	3812	3408	3133	2941	2787	2907	3154	3463	3794	4006	4031	3967	3684	3470	3235	2983	2740	2548	2409	2249	
253	6403	60.0	60.0	21	1	1	2	965	1271	1930	2873	3960	4829	5281	5397	5259	4928	4601	4223	3789	3396	3144	2952	2782	2872	3126	3496	3821	4018	4005	3985	3732	3470	3230	2952	2761	2567	2394	2246	
253	6421	60.0	60.0	21	1	1	2	967	1261	1959	2874	3960	4820	5325	5431	5249	4942	4616	4201	3816	3441	3144	2928	2807	2892	3084	3479	3809	3997	4042	3976	3719	3473	3219	2985	2727	2535	2404	2248	
253	6483	95.3	94.9	22	1	0	2	898	1052	1357	1836	2362	2899	3137	3235	3234	3077	2929	2749	2552	2361	2232	2146	2154	2290	2519	2832	3103	3259	3297	3200	3014	2875	2704	2527	2374	2241	2082	1968	
253	6501	95.0	95.0	22	1	0	2	915	1039	1365	1814	2366	2854	3096	3229	3207	3087	2929	2720	2508	2348	2212	2132	2141	2279	2507	2806	3053	3209	3259	3210	2988	2840	2685	2511	2363	2221	2101	1976	
253	6563	59.6	60.4	22	1	1	2	969	1259	1966	2868	3951	4865	5293	5414	5240	4977	4599	4193	3841	3427	3131	2931	2790	2898	3085	3515	3787	4008	4092	3961	3691	3458	3221	2971	2730	2531	2411	2244	
253	6581	59.9	60.1	22	1	1	2	970	1254	1956	2874	3949	4880	5335	5432	5235	4923	4584	4224	3818	3425	3149	2942	2760	2883	3128	3452	3816	3975	4020	3944	3702	3446	3246	2991	2757	2546	2377	2253	
253	6598	60.0	60.0	22	1	1	2	975	1276	1921	2893	3988	4872	5367	5447	5274	4966	4604	4220	3832	3456	3145	2939	2784	2870	3118	3468	3802	3998	4063	4017	3693	3451	3261	2977	2753	2558	2411	2209	
253	6615	60.0	60.0	22	1	1	2	971	1257	1923	2889	3944	4848	5293	5417	5248	4957	4632	4237	3809	3412	3149	2953	2811	2894	3142	3490	3824	4020	4066	3950	3679	3439	3246	2973	2742	2576	2385	2230	
253	6632	60.0	60.0	22	1	1	2	984	1261	1929	2869	3973	4816	5313	5435	5248	4972	4607	4204	3804	3425	3145	2893	2796	2874	3101	3457	3802	4020	4017	3947	3684	3451	3245	2979	2743	2547	2362	2235	
253	6650	59.9	60.0	22	1	1	2	968	1272	1917	2875	3953	4845	5356	5370	5266	4901	4581	4205	3782	3433	3120	2922	2797	2916	3128	3477	3815	4024	4052	4020	3701	3439	3231	2983	2749	2568	2384	2226	
253	6667	60.0	60.0	22	1	1	2	972	1263	1907	2801	3974	4840	5310	5418	5261	4906	4612	4214	3793	3417	3141	2938	2785	2881	3089	3512	3850	3991	4086	3952	3728	3499	3240	2953	2749	2561	2369	2211	
253	6729	95.4	94.9	23	1	0	2	895	1044	1361	1832	2389	2840	3122	3237	3202	3088	2948	2749	2575	2364	2238	2150	2123	2268	2524	2849	3094	3226	3255	3185	3007	2855	2713	2502	2345	2211	2085	2001	
253	6747	95.0	95.0	23	1	0	2	915	1043	1369	1828	2392	2821	3124	3209	3188	3029	2916	2721	2523	2333	2197	2148	2144	2263	2509	2838	3074	3218	3227	3175	3017	2823	2695	2514	2388	2208	2086	1975	
253	6810	59.7	60.2	23	1	1	2	972	1268	1914	2873	3954	4856	5275	5438	5257	4927	4624	4182	3816	3412	3128	2933	2780	2895	3118	3502	3839	4005	4042	3981	3714	3496	3225	2964	2753	2569	2409	2247	
253	6827	60.0	60.1	23	1	1	2	975	1274	1909	2868	3995	4869	5302	5464	5261	4988	4611	4192	3834	3447	3153	2951	2772	2872	3093	3480	3841	3936	4105	3974	3762	3481	3218	2969	2762	2553	2398	2239	
253	6844	60.0	60.0	23	1	1	2	983	1276	1910	2863	3981	4872	5323	5422	5252	4947	4629	4211	3834	3420	3127	2948	2781	2903	3117	3494	3802	4007	4067	3961	3695	3451	3232	2999	2731	2557	2384	2241	
253	6861	60.0	60.0	23	1	1	2	984	1266	1913	2880	3975	4856	5307	5425	5239	4928	4605	4238	3841	3457	3108	2954	2786	2868	3106	3482	3792	4033	4076	3983	3711	3438	3224	2994	2764	2534	2380	2243	
253	6878	60.0	60.0	23	1	1	2	975	1268	1926	2865	3977	4898	5325	5437	5301	4974	4593	4230	3823	3398	3144	2957	2808	2895	3100	3479	3840	4013	4061	3946	3691	3478	3273	2983	2751	2568	2377	2246	
253	6896	60.0	60.0	23	1	1	2	987	1268	1926	2887	3964	4878	5351	5428	5289	4924	4614	4201	3805	3401	3159	2951	2784	2868	3125	3484	3803	4011	4076	3991	3705	3471	3226	2987	2742	2542	2394	2251	
253	6913	60.0	60.0	23	1	1	2	966	1286	1910	2876	3975	4878	5306	5367	5257	4946	4599	4194	3830	3442	3147	2978	2767	2892	3135	3493	3821	4037	4070	3978	3719	3444	3227	2966	2756	2567	2385	2245	
253	6975	95.5	94.7	24	1	0	2	909	1025	1366	1831	2394	2865	3124	3235	3220	3074	2925	2749	2554	2369	2209	2163	2168	2302	2532	2841	3120	3260	3288	3209	3013	2873	2687	2528	2355	2233	2114	1990	
253	6993	95.0	95.0	24	1	0	2	905	1045	1333	1817	2361	2844	3129	3220	3178	3076	2912	2719	2548	2327	2207	2177	2145	2276	2510	2815	3073	3221	3290	3207	3005	2863	2683	2519	2355	2210	2073	1957	
253	7056	59.6	60.2	24	1	1	2	962	1259	1900	2887	3974	4898	5335	5424	5265	4965	4617	4187	3795	3442	3143	2950	2788	2899	3139	3519	3832	3981	4077	3957	3728	3488	3215	2992	2738	2578	2381	2241	
253	7073	60.0	60.0	24	1	1	2	983	1271	1911	2872	3956	4874	5286	5504	5251	4954	4567	4241	3849	3417	3169	2920	2788	2893	3110	3453	3814	3975	4058	3955	3740	3471	3230	2985	2738	2555	2382	2263	
253	7090	59.9	60.0	24	1	1	2	997	1264	1925	2899	3939	4888	5361	5446	5292	4953	4593	4224	3820	3417	3157	2947	2815	2885	3115	3484	3802	4011	4087	3961	3714	3492	3231	2960	2738	2554	2385	2235	
253	7107	59.9	60.0	24	1	1	2	983	1259	1923	2879	3973	4894	5320	5456	5283	4944	4600	4218	3816	3419	3116	2916	2792	2869	3117	3488	3837	3972	4045	3960	3705	3491	3210	2957	2769	2547	2403	2235	
253	7125	60.0	60.0	24	1	1	2	974	1271	1914	2904	3977	4842	5312	5453	5252	4918	4617	4207	3817	3428	3122	2925	2821	2860	3115	3482	3798	3990	4090	3973	3719	3453	3192	2958	2747	2593	2383	2231	
253	7142	60.0	60.0	24	1	1	2	980	1264	1922	2869	3959	4825	5306	5443	5288	4946	4597	4244	3827	3441	3125	2932	2790	2896	3144	3492	3832	4016	4076	3981	3686	3465	3231	2991	2782	2575	2388	2236	
253	7159	60.0	60.0	24	1	1	2	984	1256	1905	2895	3997	4854	5321	5441	5245	4976	4605	4216	3833	3431	3124	2934	2769	2877	3124	3513	3804	4024	4073	3975	3709	3474	3225	2957	2769	2547	2399	2231	
253	7224	95.3	95.0	25	1	0	2	917	1053	1346	1840	2386	2871	3112	3222	3196	3102	2916	2764	2533	2348	2214	2182	2140	2272	2531	2795	3096	3229	3243	3182	3016	2863	2642	2477	2334	2211	2098	1999	
253	7241	95.0	95.0	25	1	0	2	900	1031	1342	1831	2365	2829	3100	3228	3229	3090	2929	2730	2524	2383	2230	2144	2157	2283	2513	2849	3052	3213	3261	3177	3028	2846	2683	2500	2364	2200	2126	1964	
253	7304	59.7	60.2	25	1	1	2	981	1257	1929	2888	3964	4894	5298	5429	5250	4965	4612	4241	3838	3444	3169	2927	2772	2901	3100	3490	3824	4021	4077	3982	3756	3480	3234	2984	2720	2558	2392	2253	
253	7321	60.0	60.1	25	1	1	2	961	1267	1928	2851	3980	4864	5308	5433	5281	4917	4551	4218	3841	3400	3129	2955	2792	2872	3110	3503	3819	4002	4062	3947	3733	3476	3242	2978	2759	2527	2408	2249	
253	7338	59.9	60.0	25	1	1	2	982	1268	1923	2892	3974	4849	5298	5441	5229	4939	4591	4227	3812	3433	3152	2927	2786	2899	3113	3472	3815	4008	4060	3966	3711	3476	3195	3003	2753	2560	2392	2248	
253	7355	59.9	60.0	25	1	1	2	982	1277	1919	2879	3956	4849	5286	5410	5264	4985	4585	4241	3800	3419	3124	2926	2788	2865	3139	3503	3787	3999	4089	3948	3704	3504	3239	2961	2745	2549	2402	2229	
253	7373	60.0	60.0	25	1	1	2	991	1253	1928	2859	3973	4902	5293	5403	5254	4910	4607	4244	3837	3413	3113	2971	2798	2894	3120	3526	3811	4018	4048	3959	3689	3471	3242	2977	2778	2540	2361	2228	
253	7390	60.0	60.0	25	1	1	2	972	1267	1940	2876	3964	4848	5330	5421	5254	4947	4605	4240	3839	3410	3101	2925	2774	2887	3118	3498	3805	3999	4041	3945	3695	3464	3245	2937	2764	2558	2388	2237	
253	7407	59.9	60.0	25	1	1	2	978	1268	1920	2891	3945	4836	5298	5418	5240	4952	4604	4176	3819	3425	3151	2920	2802	2879	3124	3514	3800	4020	4094	3942	3706	3455	3217	2949	2720	2544	2391	2231	
253	7472	95.3	95.0	26	1	0	2	901	1038	1352	1827	2356	2844	3125	3242	3233	3073	2928	2747	2537	2332	2193	2162	2129	2292	2528	2811	3088	3176	3281	3197	3001	2835	2719	2524	2338	2214	2095	1980	
253	7489	95.0	95.0	26	1	0	2	907	1049	1360	1855	2381	2830	3106	3229	3160	3033	2904	2733	2536	2339	2229	2132	2136	2296	2507	2816	3073	3240	3266	3188	3020	2870	2679	2494	2356	2233	2086	1972	
253	7552	59.6	60.4	26	1	1	2	1003	1268	1909	2844	3933	4823	5254	5401	5253	4919	4581	4202	3827	3432	3138	2934	2815	2918	3104	3460	3832	3974	4039	3955	3724	3441	3238	2974	2750	2576	2374	2226	
253	7569	59.9	60.1	26	1	1	2	991	1272	1914	2899	3966	4883	5295	5436	5280	4957	4641	4237	3832	3410	3149	2936	2814	2889	3120	3486	3830	3996	4061	3960	3714	3490	3229	2985	2772	2555	2363	2230	
253	7586	60.0	60.0	26	1	1	2	974	1280	1924	2876	3943	4896	5340	5405	5268	4923	4572	4218	3855	3434	3154	2958	2774	2884	3125	3463	3787	4014	4021	3956	3718	3441	3255	2981	2747	2546	2377	2247	
253	7603	59.9	60.0	26	1	1	2	978	1269	1913	2883	3994	4885	5346	5425	5250	4962	4593	4229	3789	3401	3129	2942	2802	2876	3161	3490	3799	3991	4025	3917	3730	3462	3247	2976	2731	2539	2373	2224	
253	7621	60.0	60.0	26	1	1	2	963	1270	1918	2883	3972	4846	5311	5443	5244	4980	4613	4221	3838	3415	3159	2920	2819	2883	3109	3496	3811	4003	4060	4011	3712	3476	3248	2956	2720	2592	2388	2221	
253	7638	60.0	60.0	26	1	1	2	965	1274	1916	2872	3946	4889	5315	5417	5246	4881	4600	4195	3826	3446	3122	2940	2806	2885	3080	3514	3769	3987	4058	3951	3663	3444	3252	2954	2735	2549	2394	2256	
253	7655	59.9	60.0	26	1	1	2	984	1282	1905	2902	3958	4856	5283	5398	5284	4923	4609	4160	3796	3404	3124	2932	2781	2862	3124	3482	3798	4008	4050	3969	3716	3472	3246	2962	2763	2547	2387	2239	
253	7718	95.2	95.0	27	1	0	2	911	1036	1355	1841	2382	2841	3150	3237	3237	3108	2925	2717	2572	2357	2212	2160	2134	2307	2535	2834	3087	3217	3273	3214	3016	2839	2687	2531	2351	2236	2109	1969	
253	7735	95.0	95.0	27	1	0	2	910	1050	1348	1833	2358	2843	3132	3239	3188	3095	2911	2735	2543	2330	2244	2122	2143	2268	2495	2809	3061	3252	3255	3210	2986	2840	2695	2505	2353	2226	2107	1981	
253	7798	59.7	60.2	27	1	1	2	975	1274	1926	2872	3958	4849	5335	5400	5248	4967	4593	4209	3780	3434	3131	2946	2772	2875	3090	3510	3811	4034	4050	3958	3725	3446	3217	2957	2774	2501	2397	2233	
253	7815	59.9	60.1	27	1	1	2	960	1252	1911	2863	3886	4898	5306	5435	5249	4967	4626	4199	3837	3444	3138	2926	2787	2862	3101	3496	3802	3989	4090	3951	3704	3415	3200	2968	2764	2536	2391	2252	
253	7832	59.9	60.0	27	1	1	2	965	1266	1918	2882	3943	4849	5331	5430	5258	4934	4623	4180	3848	3438	3142	2938	2795	2901	3102	3488	3801	4025	4035	3959	3710	3460	3219	2983	2736	2572	2360	2242	
253	7850	60.0	60.0	27	1	1	2	975	1280	1915	2882	3962	4841	5306	5387	5262	4984	4608	4211	3850	3443	3138	2919	2785	2877	3120	3479	3815	4043	4041	3969	3674	3468	3202	2985	2736	2534	2392	2203	
253	7867	59.9	60.0	27	1	1	2	973	1259	1905	2863	3959	4837	5362	5444	5259	4953	4604	4168	3805	3430	3153	2928	2786	2875	3130	3440	3801	4000	4097	3954	3700	3448	3232	2979	2741	2564	2409	2215	
253	7884	60.0	60.0	27	1	1	2	967	1263	1913	2864	3960	4862	5344	5432	5263	4941	4549	4232	3819	3425	3140	2920	2787	2886	3125	3482	3833	3985	4092	3982	3733	3472	3192	2961	2760	2559	2407	2225	
253	7901	60.0	60.0	27	1	1	2	960	1260	1909	2886	3945	4825	5296	5379	5181	4968	4598	4240	3824	3453	3135	2948	2817	2893	3109	3475	3818	3987	4045	3947	3699	3460	3215	2964	2767	2561	2379	2240	
253	7964	95.3	94.9	28	1	0	2	906	1048	1350	1843	2395	2855	3135	3266	3243	3098	2927	2747	2552	2358	2202	2186	2131	2256	2541	2828	3072	3230	3274	3225	3009	2833	2680	2498	2355	2217	2098	1983	
253	7981	95.0	95.0	28	1	0	2	900	1032	1364	1836	2359	2854	3105	3210	3148	3067	2890	2701	2507	2334	2214	2152	2148	2302	2488	2824	3070	3205	3252	3192	3015	2841	2703	2491	2320	2177	2094	1961	
253	8044	59.6	60.4	28	1	1	2	976	1249	1915	2890	3964	4818	5258	5375	5249	4887	4607	4205	3836	3404	3131	2938	2786	2859	3102	3493	3831	4009	4046	3979	3725	3456	3270	2970	2735	2539	2432	2229	
253	8061	60.0	60.1	28	1	1	2	985	1264	1927	2856	3960	4842	5272	5404	5294	4909	4595	4230	3822	3428	3121	2923	2799	2894	3100	3476	3797	4010	4060	3937	3709	3468	3245	2977	2742	2538	2399	2229	
253	8078	59.9	60.0	28	1	1	2	965	1262	1918	2889	3981	4832	5323	5441	5283	4929	4619	4190	3788	3414	3140	2939	2791	2879	3133	3477	3790	4025	4055	3978	3705	3467	3212	2987	2737	2568	2393	2257	
253	8096	59.9	60.0	28	1	1	2	971	1287	1897	2893	3931	4869	5288	5405	5280	4934	4599	4224	3813	3439	3119	2887	2789	2882	3093	3491	3800	3972	4070	3959	3691	3461	3206	2989	2745	2529	2377	2237	
253	8113	60.0	60.0	28	1	1	2	972	1277	1918	2861	3937	4838	5299	5404	5256	4960	4578	4196	3848	3422	3152	2932	2793	2905	3093	3484	3816	3985	4030	3991	3717	3473	3215	2970	2702	2527	2383	2242	
253	8130	60.0	60.0	28	1	1	2	985	1276	1905	2889	3957	4847	5337	5466	5278	5002	4594	4191	3835	3432	3150	2943	2807	2885	3108	3496	3813	4021	4016	3968	3702	3459	3215	2924	2756	2562	2394	2209	
253	8147	60.0	60.0	28	1	1	2	986	1257	1915	2853	3954	4862	5288	5442	5277	4936	4596	4215	3788	3429	3120	2913	2798	2909	3134	3531	3780	3975	4103	3975	3702	3490	3216	2962	2754	2557	2403	2248	
253	8212	95.5	94.9	29	1	0	2	912	1049	1378	1861	2380	2856	3126	3259	3207	3093	2926	2744	2555	2354	2223	2134	2152	2276	2517	2829	3079	3243	3293	3216	3036	2861	2733	2527	2345	2212	2093	1974	
253	8229	95.0	95.0	29	1	0	2	902	1040	1317	1843	2359	2835	3135	3218	3181	3053	2902	2717	2527	2305	2225	2162	2148	2251	2504	2841	3075	3220	3238	3214	3026	2850	2682	2514	2348	2207	2096	1982	
253	8292	59.6	60.4	29	1	1	2	976	1262	1911	2893	3950	4834	5298	5391	5269	4944	4564	4216	3853	3426	3151	2931	2786	2871	3113	3482	3817	4028	4053	3995	3669	3462	3225	2980	2751	2531	2358	2254	
253	8309	59.9	60.0	29	1	1	2	975	1283	1932	2865	3965	4861	5300	5425	5217	4936	4632	4233	3822	3440	3108	2966	2789	2912	3118	3505	3781	4022	4045	3953	3686	3465	3246	2964	2757	2554	2396	2246	
253	8326	59.9	60.0	29	1	1	2	974	1282	1928	2885	3955	4860	5317	5439	5251	4940	4618	4220	3820	3446	3124	2928	2780	2912	3140	3474	3822	4027	4064	3974	3710	3481	3208	2980	2742	2574	2382	2243	
253	8344	60.0	60.0	29	1	1	2	978	1265	1915	2871	3975	4898	5327	5421	5254	4956	4606	4190	3849	3416	3138	2975	2776	2869	3092	3483	3818	4004	4064	3970	3688	3457	3233	2955	2733	2554	2412	2238	
253	8361	59.9	60.0	29	1	1	2	977	1246	1899	2876	3949	4876	5293	5424	5253	4953	4597	4216	3826	3415	3129	2948	2770	2894	3115	3460	3835	4018	4052	3974	3704	3454	3242	2996	2747	2561	2384	2217	
253	8378	60.0	60.0	29	1	1	2	961	1291	1912	2877	3953	4842	5275	5430	5276	4959	4601	4236	3815	3422	3134	2936	2803	2911	3112	3497	3801	4011	4098	3974	3698	3451	3211	2957	2758	2539	2402	2223	
253	8395	60.0	60.0	29	1	1	2	996	1270	1912	2890	3967	4852	5253	5429	5275	4934	4565	4204	3848	3434	3103	2940	2784	2897	3113	3515	3808	3965	4050	3935	3731	3452	3205	2941	2735	2559	2407	2234	
253	8460	95.5	94.9	30	1	0	2	914	1049	1351	1833	2370	2835	3157	3206	3209	3105	2948	2723	2534	2349	2212	2138	2146	2301	2528	2817	3110	3228	3285	3204	3029	2869	2703	2520	2365	2212	2093	1972	
253	8477	95.0	95.0	30	1	0	2	902	1047	1370	1841	2376	2820	3137	3241	3202	3091	2953	2715	2533	2334	2246	2122	2129	2271	2506	2800	3090	3228	3227	3194	3027	2858	2697	2517	2351	2199	2098	1977	
253	8540	59.6	60.4	30	1	1	2	968	1269	1935	2898	3946	4870	5371	5427	5227	4949	4597	4230	3814	3449	3155	2927	2788	2922	3131	3496	3832	4016	4087	3974	3682	3469	3226	2972	2762	2578	2400	2230	
253	8557	59.9	60.1	30	1	1	2	970	1288	1890	2867	3956	4910	5336	5421	5210	4943	4651	4224	3837	3472	3120	2942	2808	2906	3135	3454	3831	3993	4045	3965	3705	3439	3257	3011	2755	2535	2368	2235	
253	8575	60.0	60.0	30	1	1	2	962	1273	1916	2896	3988	4879	5323	5405	5285	4936	4588	4187	3879	3429	3138	2921	2798	2909	3093	3460	3817	4057	4087	4007	3751	3475	3226	2955	2752	2573	2398	2216	
253	8592	59.9	60.0	30	1	1	2	967	1287	1918	2895	3985	4873	5316	5461	5237	4998	4582	4168	3833	3418	3159	2924	2804	2913	3124	3534	3829	4002	4087	3948	3711	3500	3241	2969	2745	2552	2381	2229	
253	8609	60.0	60.0	30	1	1	2	975	1268	1930	2906	3995	4894	5285	5462	5267	4976	4610	4209	3828	3430	3128	2920	2788	2892	3122	3514	3836	4018	4074	3988	3741	3449	3252	2996	2769	2566	2409	2224	
253	8626	60.0	60.0	30	1	1	2	971	1261	1913	2859	3946	4871	5271	5425	5239	4952	4601	4197	3801	3420	3101	2944	2838	2919	3124	3469	3807	4014	4060	3955	3713	3462	3233	2984	2732	2559	2396	2235	
253	8644	60.0	60.0	30	1	1	2	988	1274	1925	2872	3963	4862	5312	5402	5267	4925	4647	4184	3797	3460	3129	2934	2771	2886	3104	3475	3810	3997	4070	3993	3726	3510	3210	2944	2743	2528	2419	2222	
253	8706	95.3	94.8	31	1	0	2	916	1056	1343	1825	2416	2858	3120	3265	3263	3063	2915	2744	2547	2337	2214	2183	2175	2323	2543	2821	3069	3239	3255	3228	2998	2895	2684	2495	2362	2247	2112	1986	
253	8723	95.0	95.0	31	1	0	2	899	1037	1348	1844	2368	2824	3112	3199	3200	3061	2912	2731	2540	2361	2220	2176	2148	2258	2514	2828	3086	3249	3274	3191	3022	2832	2696	2500	2369	2184	2105	1959	
253	8786	59.6	60.4	31	1	1	2	934	1275	1925	2872	3921	4838	5328	5444	5267	4931	4629	4224	3814	3442	3144	2945	2781	2878	3155	3492	3828	4002	4075	3992	3676	3466	3258	3002	2750	2542	2387	2219	
253	8803	60.0	60.0	31	1	1	2	959	1276	1925	2884	3968	4851	5300	5475	5251	4957	4610	4204	3858	3466	3154	2943	2815	2893	3133	3521	3832	4047	4060	3950	3717	3500	3252	3012	2727	2565	2405	2254	
253	8821	60.0	60.0	31	1	1	2	968	1281	1917	2903	4010	4916	5353	5442	5286	4976	4630	4240	3868	3454	3153	2950	2813	2862	3133	3460	3826	4020	4103	3981	3719	3496	3240	2998	2762	2556	2392	2230	
253	8838	60.0	60.0	31	1	1	2	981	1279	1936	2904	3971	4912	5328	5412	5256	4950	4617	4182	3812	3444	3130	2953	2786	2865	3148	3482	3825	4033	4066	3976	3722	3512	3242	2988	2748	2571	2382	2242	
253	8855	60.0	60.0	31	1	1	2	979	1275	1925	2871	3963	4920	5319	5452	5255	4973	4666	4186	3802	3430	3147	2969	2768	2876	3162	3488	3867	4001	4052	3990	3689	3506	3227	2930	2768	2547	2377	2245	
253	8872	59.9	60.0	31	1	1	2	974	1280	1931	2899	3940	4897	5351	5458	5262	4954	4609	4242	3823	3450	3136	2953	2801	2884	3113	3521	3783	4002	4094	3991	3735	3474	3226	2979	2750	2569	2381	2222	
253	8890	60.0	60.0	31	1	1	2	954	1284	1936	2868	3973	4913	5326	5444	5296	4961	4606	4235	3826	3443	3135	2951	2807	2874	3138	3472	3830	3988	4027	3980	3742	3467	3270	2981	2740	2552	2410	2250	
253	8952	95.3	94.9	32	1	0	2	907	1046	1358	1839	2381	2852	3163	3250	3226	3094	2932	2751	2557	2364	2219	2155	2162	2285	2516	2817	3109	3221	3314	3202	3004	2861	2697	2495	2384	2196	2084	1943	
253	8969	95.0	95.0	32	1	0	2	900	1060	1359	1835	2376	2830	3126	3240	3210	3091	2873	2713	2545	2354	2231	2155	2118	2287	2512	2808	3112	3208	3229	3191	3012	2823	2708	2541	2369	2204	2093	1976	
253	9032	59.7	60.4	32	1	1	2	977	1268	1934	2851	3952	4840	5366	5434	5269	4941	4620	4196	3834	3435	3124	2954	2793	2873	3124	3493	3793	4008	4060	3966	3708	3457	3221	2970	2730	2557	2374	2233	
253	9049	59.9	60.0	32	1	1	2	975	1254	1942	2874	3978	4863	5338	5452	5246	4968	4612	4229	3839	3446	3154	2961	2802	2883	3127	3474	3801	4010	4039	3971	3721	3433	3237	3007	2732	2565	2393	2280	
253	9067	60.0	60.0	32	1	1	2	956	1264	1935	2889	3974	4874	5334	5454	5280	5001	4596	4248	3825	3424	3133	2930	2802	2920	3118	3490	3821	3985	4126	3992	3696	3478	3249	2962	2750	2571	2378	2250	
253	9084	59.9	60.0	32	1	1	2	976	1252	1933	2886	3952	4925	5352	5403	5249	4950	4630	4179	3821	3433	3144	2931	2800	2879	3141	3514	3804	3968	4084	3964	3718	3446	3253	3001	2732	2537	2367	2226	
253	9101	60.0	60.0	32	1	1	2	974	1282	1913	2875	3974	4820	5328	5431	5290	4940	4623	4223	3815	3432	3161	2945	2808	2901	3123	3501	3797	3985	4050	3987	3730	3487	3232	2982	2775	2547	2361	2252	
253	9118	60.0	60.0	32	1	1	2	972	1281	1906	2928	3994	4868	5326	5449	5295	4915	4637	4201	3791	3465	3154	2947	2785	2851	3128	3508	3823	3972	4057	3986	3719	3442	3265	2967	2768	2568	2396	2245	
253	9136	59.9	60.0	32	1	1	2	968	1266	1919	2848	3946	4825	5325	5415	5239	4947	4611	4199	3816	3412	3135	2932	2804	2866	3151	3482	3849	4008	4054	3942	3702	3460	3248	2953	2733	2541	2385	2224	
253	9198	95.4	94.8	33	1	0	2	949	1043	1356	1830	2404	2872	3164	3226	3207	3077	2966	2739	2530	2358	2213	2164	2143	2300	2530	2817	3055	3239	3282	3190	3026	2861	2703	2500	2349	2222	2093	1978	
253	9216	95.0	95.0	33	1	0	2	926	1037	1348	1866	2374	2840	3132	3225	3241	3070	2927	2758	2551	2320	2208	2145	2136	2321	2522	2810	3076	3262	3280	3180	3004	2828	2693	2502	2352	2198	2070	1981	
253	9278	59.6	60.4	33	1	1	2	981	1283	1915	2887	3967	4880	5318	5424	5260	4937	4650	4232	3818	3448	3132	2931	2797	2888	3104	3484	3832	3988	4051	3967	3731	3460	3241	2977	2767	2537	2389	2226	
253	9296	59.9	60.1	33	1	1	2	979	1270	1940	2883	3976	4860	5308	5442	5268	4960	4628	4234	3815	3456	3164	2912	2800	2896	3124	3483	3817	4003	4059	3956	3697	3463	3210	2981	2724	2572	2395	2225	
253	9313	59.9	60.0	33	1	1	2	971	1265	1887	2888	3977	4853	5327	5463	5291	4944	4603	4250	3834	3444	3161	2949	2794	2892	3113	3486	3823	3986	4061	3955	3708	3481	3253	2964	2757	2554	2408	2218	
253	9330	59.9	60.0	33	1	1	2	980	1266	1916	2879	3969	4914	5367	5417	5312	4944	4623	4207	3839	3439	3161	2917	2825	2907	3113	3483	3817	4011	4065	3952	3716	3431	3241	2974	2710	2567	2392	2229	
253	9347	60.0	60.0	33	1	1	2	984	1268	1926	2895	3961	4892	5323	5452	5262	4988	4612	4232	3872	3419	3147	2943	2812	2877	3092	3488	3833	3999	4052	3972	3705	3484	3259	2960	2756	2572	2417	2246	
253	9365	60.0	60.0	33	1	1	2	959	1273	1923	2899	3957	4886	5320	5423	5276	4946	4630	4226	3781	3464	3126	2952	2800	2918	3120	3473	3813	4007	4090	3963	3721	3442	3235	2958	2742	2559	2360	2224	
253	9382	59.9	60.0	33	1	1	2	974	1268	1901	2907	3983	4890	5294	5450	5275	4940	4613	4223	3825	3472	3130	2928	2806	2922	3131	3486	3804	3986	4062	3927	3729	3481	3252	3012	2732	2542	2384	2236	
253	9444	95.3	94.9	34	1	0	2	883	1044	1348	1842	2386	2856	3145	3281	3220	3088	2946	2748	2528	2362	2214	2179	2138	2301	2533	2818	3094	3229	3295	3207	3042	2857	2691	2522	2367	2256	2089	1974	
253	9462	95.0	95.0	34	1	0	2	892	1032	1374	1833	2374	2864	3119	3225	3240	3056	2919	2729	2540	2375	2215	2184	2153	2297	2490	2823	3089	3246	3260	3189	3026	2834	2683	2504	2336	2228	2078	2006	
253	9524	59.7	60.4	34	1	1	2	969	1268	1930	2876	3953	4912	5376	5458	5282	4977	4644	4200	3876	3439	3160	2948	2788	2939	3116	3504	3826	4016	4067	3974	3756	3490	3253	2981	2756	2579	2392	2244	
253	9542	59.9	60.0	34	1	1	2	982	1267	1928	2899	3978	4912	5354	5454	5278	4961	4650	4228	3817	3451	3126	2949	2787	2877	3153	3477	3874	4011	4075	3987	3722	3515	3232	2970	2754	2568	2374	2243	
253	9559	59.9	60.0	34	1	1	2	964	1285	1922	2919	3993	4874	5354	5467	5227	4974	4629	4234	3871	3451	3141	2966	2814	2890	3123	3519	3809	4011	4046	3944	3734	3476	3208	2964	2786	2557	2389	2245	
253	9576	60.0	60.0	34	1	1	2	967	1277	1924	2894	3994	4892	5323	5467	5317	4964	4664	4218	3856	3443	3128	2918	2796	2888	3103	3522	3832	4011	4020	4001	3681	3442	3246	2969	2753	2534	2369	2277	
253	9593	60.0	60.0	34	1	1	2	977	1268	1925	2901	3995	4889	5351	5492	5308	4923	4578	4229	3856	3439	3158	2950	2810	2903	3116	3494	3847	3995	4060	3965	3683	3475	3243	2989	2731	2582	2407	2240	
253	9611	60.0	60.0	34	1	1	2	995	1289	1929	2894	3979	4925	5337	5461	5274	4945	4663	4228	3848	3432	3177	2954	2818	2906	3109	3523	3787	4012	4057	4009	3683	3474	3240	2971	2741	2553	2394	2228	
253	9628	59.9	60.0	34	1	1	2	950	1275	1927	2872	3973	4905	5337	5428	5268	4997	4617	4225	3840	3473	3155	2928	2837	2926	3137	3505	3825	4017	3997	3977	3697	3455	3201	2986	2754	2575	2363	2243	
253	9692	95.4	94.9	35	1	0	2	923	1049	1358	1833	2413	2868	3178	3250	3238	3111	2955	2761	2568	2396	2246	2172	2138	2293	2577	2818	3083	3260	3279	3200	3020	2849	2684	2498	2337	2208	2092	1980	
253	9710	95.0	95.0	35	1	0	2	910	1037	1376	1847	2384	2857	3108	3240	3273	3050	2937	2770	2582	2372	2226	2191	2144	2270	2530	2826	3097	3201	3262	3217	3036	2840	2669	2502	2355	2216	2102	1982	
253	9773	59.7	60.2	35	1	1	2	977	1264	1924	2901	4022	4920	5318	5490	5282	5007	4645	4276	3823	3469	3174	2945	2824	2900	3101	3511	3800	4022	4041	3945	3717	3450	3263	2999	2758	2550	2396	2249	
253	9790	60.0	60.0	35	1	1	2	973	1270	1950	2920	3980	4918	5371	5500	5319	4953	4659	4234	3894	3441	3159	2962	2814	2912	3126	3518	3798	4010	4094	3974	3739	3477	3226	3017	2773	2566	2400	2260	
253	9807	60.0	60.0	35	1	1	2	992	1278	1950	2900	4017	4910	5398	5532	5278	5022	4676	4250	3861	3458	3188	2927	2796	2924	3132	3496	3791	4005	4075	3966	3740	3495	3233	2979	2766	2536	2385	2233	
253	9824	60.0	60.0	35	1	1	2	976	1289	1942	2932	4017	4955	5384	5484	5295	5002	4659	4260	3857	3448	3178	2968	2824	2899	3130	3499	3831	4026	4085	3959	3690	3479	3216	2981	2753	2557	2393	2233	
253	9842	60.0	60.0	35	1	1	2	976	1285	1947	2901	4015	4919	5409	5497	5313	5030	4663	4263	3868	3475	3150	2915	2864	2889	3125	3521	3839	4020	4115	3982	3732	3462	3235	2978	2773	2528	2400	2230	
253	9859	60.0	60.0	35	1	1	2	972	1261	1947	2909	3995	4899	5352	5505	5300	5017	4650	4243	3858	3441	3186	2962	2813	2925	3125	3497	3879	4003	4066	3962	3748	3466	3251	2986	2757	2576	2386	2219	
253	9876	60.0	60.0	35	1	1	2	976	1270	1935	2920	4020	4933	5402	5446	5331	4999	4647	4241	3861	3448	3149	2957	2813	2892	3130	3470	3849	4049	4056	3983	3734	3494	3214	2978	2746	2558	2427	2224	
253	9939	95.2	95.0	36	1	0	2	910	1045	1385	1839	2410	2882	3162	3276	3280	3135	2960	2777	2556	2394	2242	2165	2192	2308	2518	2858	3096	3233	3273	3206	3030	2862	2704	2533	2363	2206	2107	1980	
253	9956	95.0	95.0	36	1	0	2	911	1053	1360	1856	2398	2872	3157	3286	3251	3094	2948	2778	2544	2366	2230	2163	2160	2295	2515	2824	3081	3211	3300	3188	3025	2889	2703	2503	2375	2215	2094	1976	
253	10019	59.7	60.3	36	1	1	2	967	1261	1940	2905	4008	4915	5379	5518	5317	5013	4661	4246	3882	3505	3136	2999	2831	2901	3153	3507	3849	4026	4070	3969	3730	3497	3246	3026	2785	2570	2380	2245	
253	10036	59.9	60.0	36	1	1	2	988	1279	1925	2912	4027	4966	5397	5518	5364	5094	4704	4279	3885	3500	3182	2956	2846	2943	3138	3496	3872	4005	4067	4003	3766	3483	3248	3019	2782	2550	2407	2230	
253	10053	60.0	60.0	36	1	1	2	994	1273	1938	2916	4028	4943	5424	5536	5373	5016	4716	4261	3876	3499	3177	2977	2791	2925	3142	3528	3858	4040	4098	3997	3737	3455	3228	2973	2774	2541	2382	2217	
253	10070	60.0	60.0	36	1	1	2	968	1279	1943	2906	3971	4968	5412	5558	5381	5039	4674	4238	3907	3440	3177	2971	2808	2925	3131	3507	3821	4010	4093	3979	3707	3464	3233	3007	2723	2550	2417	2202	
253	10088	59.9	60.0	36	1	1	2	967	1276	1929	2928	4027	4942	5399	5547	5361	5050	4676	4315	3848	3464	3208	2944	2820	2906	3178	3480	3829	3998	4076	3991	3741	3483	3247	2997	2780	2576	2373	2218	
253	10105	60.0	60.0	36	1	1	2	980	1279	1941	2892	4044	4929	5376	5540	5350	5055	4668	4281	3870	3502	3190	2967	2816	2932	3127	3450	3826	4005	4064	3980	3726	3460	3223	3015	2751	2584	2397	2249	
253	10122	60.0	60.0	36	1	1	2	975	1283	1953	2913	4026	4982	5385	5495	5331	5024	4681	4261	3896	3464	3173	2955	2817	2920	3124	3522	3784	4024	4070	4010	3718	3483	3238	2986	2760	2553	2413	2239	
253	10187	95.3	95.0	37	1	0	2	900	1078	1359	1897	2431	2914	3201	3338	3274	3162	2984	2828	2608	2383	2257	2194	2165	2299	2550	2832	3101	3290	3295	3205	3040	2864	2699	2527	2375	2234	2117	1976	
253	10204	95.0	95.0	37	1	0	2	906	1045	1355	1859	2403	2915	3217	3288	3255	3137	2992	2802	2594	2387	2250	2184	2176	2312	2549	2829	3098	3233	3278	3219	3029	2876	2689	2502	2369	2209	2103	1988	
253	10267	59.8	60.2	37	1	1	2	991	1277	1950	2954	4039	5022	5494	5574	5396	5096	4750	4300	3932	3495	3202	3029	2844	2932	3175	3532	3844	4067	4111	4022	3762	3500	3249	3000	2746	2575	2395	2254	
253	10284	60.0	60.0	37	1	1	2	1000	1304	1945	2969	4057	4988	5493	5595	5445	5111	4732	4333	3932	3512	3230	3034	2876	2925	3158	3527	3841	4063	4084	4011	3736	3531	3258	3000	2782	2583	2391	2234	
253	10301	60.0	60.0	37	1	1	2	985	1271	1944	2955	4082	5018	5513	5562	5406	5141	4736	4367	3966	3550	3243	3006	2853	2905	3160	3503	3832	4067	4123	3990	3733	3470	3260	3024	2765	2560	2368	2244	
253	10319	60.0	60.0	37	1	1	2	991	1299	1945	2958	4133	5065	5505	5624	5409	5088	4778	4345	3944	3529	3238	2986	2825	2946	3170	3522	3886	4031	4133	3973	3719	3511	3262	3027	2771	2569	2407	2280	
253	10336	60.0	60.0	37	1	1	2	989	1283	1965	2946	4079	4993	5484	5612	5438	5123	4768	4340	3926	3545	3223	3000	2863	2915	3188	3521	3856	4055	4083	4003	3763	3525	3231	3009	2771	2561	2405	2260	
253	10353	60.0	60.0	37	1	1	2	975	1291	1964	2970	4085	5016	5482	5636	5448	5134	4785	4358	3972	3551	3233	3027	2868	2949	3168	3543	3853	4018	4116	4066	3811	3547	3264	2981	2763	2579	2389	2261	
253	10370	60.0	60.0	37	1	1	2	996	1292	1968	2966	4081	4992	5493	5589	5421	5126	4724	4305	3922	3556	3206	2977	2849	2959	3177	3531	3842	4066	4116	3991	3738	3526	3266	2994	2774	2563	2423	2250	
253	10433	95.2	95.0	38	1	0	2	912	1073	1385	1856	2461	3005	3259	3358	3355	3213	3083	2851	2628	2433	2275	2215	2217	2333	2548	2862	3112	3312	3287	3224	3035	2885	2728	2521	2360	2263	2106	1949	
253	10450	95.0	95.0	38	1	0	2	903	1043	1388	1876	2459	2958	3252	3359	3344	3177	3011	2843	2625	2438	2271	2227	2174	2345	2551	2863	3100	3255	3298	3227	3070	2891	2718	2508	2375	2234	2077	1982	
253	10513	59.7	60.2	38	1	1	2	972	1293	1976	2976	4163	5088	5606	5725	5573	5214	4864	4475	4019	3621	3274	3062	2887	3002	3214	3528	3876	4064	4109	4031	3779	3542	3299	3052	2795	2586	2442	2273	
253	10530	59.9	60.0	38	1	1	2	995	1292	1985	3044	4148	5057	5648	5723	5564	5265	4891	4444	4044	3586	3276	3076	2911	2998	3208	3550	3861	4074	4099	4024	3741	3525	3271	3018	2794	2598	2392	2246	
253	10547	59.9	60.0	38	1	1	2	986	1268	1994	3012	4149	5137	5623	5762	5565	5277	4899	4470	4071	3623	3304	3081	2920	2983	3197	3573	3909	4057	4133	4041	3745	3527	3247	3006	2793	2598	2432	2253	
253	10565	59.9	60.0	38	1	1	2	985	1294	1998	3002	4202	5145	5636	5826	5606	5262	4847	4461	4022	3659	3306	3075	2918	2981	3199	3538	3883	4070	4105	4030	3773	3482	3298	3056	2799	2611	2410	2250	
253	10582	60.0	60.0	38	1	1	2	977	1311	1976	3019	4193	5147	5640	5785	5619	5241	4869	4449	4068	3638	3294	3068	2891	2975	3214	3544	3899	4089	4154	4024	3699	3507	3283	3019	2787	2593	2415	2273	
253	10599	60.0	60.0	38	1	1	2	981	1308	1995	3043	4198	5142	5647	5740	5608	5258	4919	4469	4037	3622	3313	3047	2914	2994	3219	3573	3864	4074	4128	4023	3735	3486	3314	2991	2797	2562	2425	2242	
253	10616	59.9	60.0	38	1	1	2	974	1303	1998	3022	4185	5134	5636	5779	5562	5238	4914	4458	4080	3601	3310	3104	2914	2982	3228	3564	3874	4040	4120	4022	3745	3507	3264	3021	2770	2565	2405	2267	
253	10679	95.5	94.8	39	1	0	2	906	1054	1417	1976	2576	3077	3363	3521	3431	3325	3138	2945	2729	2487	2341	2262	2240	2386	2590	2918	3161	3331	3328	3214	3055	2910	2725	2549	2402	2227	2152	2009	
253	10696	94.9	95.0	39	1	0	2	914	1065	1405	1906	2516	3040	3341	3488	3429	3308	3147	2897	2686	2485	2373	2248	2244	2375	2587	2896	3133	3270	3307	3242	3043	2885	2724	2533	2403	2221	2117	1986	
253	10759	59.6	60.4	39	1	1	2	1000	1328	2028	3101	4309	5344	5860	5983	5793	5468	5074	4591	4199	3787	3434	3126	2974	3069	3302	3608	3926	4123	4139	4040	3799	3536	3313	3005	2797	2600	2442	2273	
253	10776	60.0	60.0	39	1	1	2	979	1323	2040	3122	4304	5363	5906	6003	5829	5482	5103	4654	4222	3771	3387	3197	3004	3044	3285	3603	3949	4128	4185	4101	3801	3559	3310	3031	2790	2610	2429	2296	
253	10793	59.9	60.0	39	1	1	2	1005	1329	2028	3128	4370	5358	5896	6060	5798	5504	5103	4665	4213	3758	3418	3158	2994	3069	3250	3608	3910	4098	4149	4025	3772	3551	3274	3013	2806	2586	2452	2267	
253	10811	60.0	60.0	39	1	1	2	989	1301	2044	3141	4376	5374	5881	6009	5826	5463	5139	4668	4228	3755	3409	3197	3006	3061	3279	3606	3928	4119	4179	4096	3742	3514	3318	3058	2791	2604	2429	2313	
253	10828	60.0	60.0	39	1	1	2	994	1315	2044	3118	4346	5411	5859	5979	5818	5512	5069	4601	4174	3762	3468	3200	2985	3022	3250	3607	3926	4090	4148	4071	3808	3561	3286	3017	2779	2583	2407	2272	
253	10845	59.9	60.0	39	1	1	2	992	1344	2023	3148	4327	5384	5865	6035	5840	5499	5100	4633	4166	3803	3428	3155	3022	3047	3258	3625	3940	4150	4162	4069	3809	3552	3284	3028	2802	2577	2431	2290	
253	10862	60.0	60.0	39	1	1	2	988	1321	2052	3120	4360	5415	5907	5983	5837	5526	5077	4678	4227	3737	3443	3161	3017	3066	3264	3623	3942	4127	4141	4051	3761	3536	3322	3025	2840	2613	2416	2272	
253	10927	95.4	94.9	40	1	0	2	903	1082	1455	2032	2647	3227	3560	3701	3648	3490	3385	3078	2848	2621	2435	2326	2304	2408	2654	2937	3187	3314	3339	3263	3093	2910	2742	2558	2416	2247	2130	2006	
253	10944	95.0	95.0	40	1	0	2	918	1076	1435	1977	2631	3236	3521	3682	3611	3495	3307	3056	2866	2602	2448	2358	2326	2426	2619	2960	3153	3325	3358	3261	3075	2915	2740	2568	2409	2273	2140	2000	
253	11007	59.6	60.4	40	1	1	2	997	1337	2124	3277	4582	5674	6229	6436	6221	5827	5416	4956	4422	3950	3579	3328	3108	3168	3367	3716	4012	4192	4188	4173	3863	3584	3331	3080	2849	2633	2474	2314	
253	11024	59.9	60.1	40	1	1	2	999	1336	2133	3328	4634	5735	6268	6447	6260	5867	5422	4893	4443	3993	3600	3384	3118	3186	3360	3698	4056	4172	4202	4097	3825	3578	3369	3081	2809	2632	2476	2303	
253	11042	59.9	60.0	40	1	1	2	999	1348	2133	3364	4632	5736	6290	6476	6285	5863	5469	4987	4482	3952	3601	3376	3149	3203	3383	3698	4000	4217	4199	4120	3843	3611	3344	3080	2893	2638	2414	2307	
253	11059	59.9	60.0	40	1	1	2	1004	1357	2142	3328	4638	5737	6296	6449	6291	5853	5449	4907	4475	4018	3619	3351	3145	3179	3403	3741	4033	4140	4233	4128	3835	3577	3352	3066	2847	2635	2459	2321	
253	11076	60.0	60.0	40	1	1	2	1011	1345	2148	3295	4663	5774	6351	6432	6229	5880	5461	4970	4481	3991	3597	3361	3157	3181	3373	3709	4038	4226	4225	4123	3846	3608	3327	3057	2826	2632	2446	2315	
253	11093	60.0	60.0	40	1	1	2	989	1350	2109	3314	4647	5772	6315	6439	6235	5854	5479	4996	4462	4008	3653	3364	3137	3231	3372	3720	4025	4198	4267	4124	3847	3563	3326	3069	2845	2657	2462	2304	
253	11111	59.9	60.0	40	1	1	2	1000	1356	2101	3301	4618	5724	6292	6456	6306	5891	5484	4961	4526	3972	3627	3350	3157	3230	3363	3702	3985	4162	4222	4106	3837	3598	3329	3084	2843	2635	2460	2295	
253	11175	95.4	94.9	41	1	0	2	922	1095	1516	2132	2849	3474	3837	4014	4007	3782	3570	3320	3063	2823	2624	2507	2434	2564	2728	3004	3265	3390	3406	3327	3135	2958	2783	2573	2443	2311	2154	2024	
253	11192	95.0	95.0	41	1	0	2	937	1121	1520	2137	2841	3464	3836	3992	3937	3769	3562	3325	3053	2784	2614	2479	2413	2541	2730	3026	3248	3360	3407	3312	3110	2944	2780	2566	2440	2269	2137	2016	
253	11255	59.6	60.4	41	1	1	2	996	1392	2240	3497	4999	6170	6800	6960	6778	6363	5895	5370	4793	4303	3870	3548	3327	3339	3536	3886	4129	4303	4319	4204	3893	3651	3397	3127	2892	2681	2495	2311	
253	11272	60.0	60.0	41	1	1	2	1022	1386	2253	3503	5033	6245	6880	7025	6879	6441	5937	5368	4866	4294	3898	3583	3346	3361	3547	3842	4137	4281	4357	4183	3883	3639	3418	3138	2894	2671	2500	2309	
253	11290	60.0	60.0	41	1	1	2	1038	1399	2243	3565	5007	6296	6867	7132	6828	6426	5973	5394	4870	4336	3908	3596	3360	3384	3540	3832	4154	4295	4328	4204	3918	3626	3369	3116	2909	2644	2488	2340	
253	11307	59.9	60.0	41	1	1	2	1004	1392	2285	3582	5018	6260	6896	7089	6904	6410	5965	5404	4904	4340	3915	3580	3353	3363	3561	3832	4127	4281	4362	4225	3919	3656	3375	3076	2885	2687	2489	2313	
253	11324	60.0	60.0	41	1	1	2	1008	1401	2251	3542	5038	6269	6901	7115	6871	6430	5961	5429	4874	4307	3925	3620	3324	3380	3541	3856	4179	4289	4339	4210	3892	3650	3381	3125	2860	2694	2503	2320	
253	11341	60.0	60.0	41	1	1	2	1028	1383	2268	3556	5011	6265	6885	7081	6917	6409	5946	5417	4873	4337	3910	3609	3350	3376	3567	3830	4174	4309	4346	4232	3920	3668	3405	3127	2873	2678	2504	2312	
253	11359	59.9	60.0	41	1	1	2	1011	1403	2278	3572	5042	6234	6923	7078	6851	6435	5987	5422	4861	4326	3906	3595	3335	3340	3548	3857	4141	4305	4308	4200	3920	3619	3397	3150	2867	2656	2503	2308	
253	11421	95.3	94.9	42	1	0	2	934	1138	1607	2293	3127	3880	4304	4516	4416	4237	3973	3651	3374	3079	2838	2686	2627	2671	2870	3144	3341	3458	3504	3428	3236	3010	2817	2651	2501	2331	2172	2075	
253	11438	95.0	95.0	42	1	0	2	927	1127	1604	2329	3161	3858	4300	4468	4415	4204	3986	3652	3371	3056	2855	2662	2606	2700	2856	3100	3378	3431	3498	3403	3172	2988	2814	2660	2499	2320	2206	2032	
253	11501	59.6	60.4	42	1	1	2	1013	1444	2448	3816	5418	6783	7513	7647	7426	6981	6459	5890	5271	4653	4217	3825	3541	3546	3688	4008	4295	4433	4418	4276	3972	3706	3475	3213	2910	2705	2508	2404	
253	11518	60.0	60.0	42	1	1	2	1018	1452	2419	3868	5462	6843	7632	7782	7513	7054	6544	5940	5345	4690	4272	3878	3572	3562	3692	4008	4291	4437	4413	4236	4000	3763	3476	3201	2952	2713	2524	2360	
253	11536	60.0	60.0	42	1	1	2	1014	1465	2400	3842	5533	6855	7629	7807	7584	7110	6573	5935	5362	4765	4242	3917	3582	3567	3755	3988	4277	4430	4455	4289	4009	3736	3450	3225	2925	2733	2536	2359	
253	11553	60.0	60.0	42	1	1	2	1042	1464	2424	3877	5505	6866	7627	7837	7555	7123	6555	5908	5307	4726	4251	3902	3614	3551	3741	4018	4290	4448	4436	4295	3996	3712	3470	3205	2949	2718	2566	2361	
253	11570	59.9	60.0	42	1	1	2	1041	1457	2448	3849	5520	6916	7659	7878	7564	7101	6581	5935	5345	4718	4256	3894	3589	3579	3726	4038	4298	4402	4426	4331	4004	3743	3510	3141	2947	2712	2558	2344	
253	11587	59.9	60.0	42	1	1	2	983	1470	2445	3862	5510	6903	7610	7905	7580	7138	6586	5946	5363	4707	4257	3880	3588	3573	3706	4027	4335	4404	4442	4338	4003	3725	3507	3185	2934	2737	2508	2347	
253	11605	60.0	60.0	42	1	1	2	1034	1472	2446	3831	5526	6936	7603	7854	7559	7091	6552	5951	5334	4729	4216	3895	3565	3607	3752	4038	4285	4416	4437	4278	3996	3747	3497	3179	2938	2730	2543	2361	
253	11667	95.3	94.9	43	1	0	2	942	1171	1722	2547	3474	4330	4806	5014	4955	4732	4436	4092	3745	3364	3119	2918	2800	2889	3017	3261	3483	3585	3597	3457	3272	3080	2908	2724	2519	2343	2228	2084	
253	11684	95.0	95.0	43	1	0	2	956	1174	1716	2506	3460	4302	4801	4975	4909	4741	4416	4058	3718	3331	3089	2913	2770	2839	3000	3254	3477	3542	3564	3468	3242	3064	2905	2699	2485	2349	2211	2065	
253	11746	59.7	60.4	43	1	1	2	1049	1509	2513	4096	5864	7357	8197	8403	8141	7616	7042	6392	5714	5114	4522	4113	3775	3768	3869	4125	4411	4523	4526	4372	4086	3824	3535	3249	3026	2773	2573	2390	
253	11764	59.9	60.0	43	1	1	2	1038	1533	2589	4162	5966	7462	8321	8546	8269	7717	7111	6468	5796	5146	4614	4169	3862	3777	3851	4206	4460	4543	4573	4397	4079	3795	3511	3270	2959	2759	2572	2407	
253	11781	59.9	60.0	43	1	1	2	1044	1513	2546	4181	5997	7530	8300	8552	8269	7741	7178	6540	5811	5142	4570	4188	3824	3815	3921	4161	4411	4523	4492	4405	4095	3814	3576	3243	2967	2774	2584	2400	
253	11798	59.9	60.0	43	1	1	2	1043	1505	2588	4191	5976	7588	8337	8555	8322	7755	7179	6484	5819	5171	4574	4245	3819	3787	3933	4190	4456	4580	4552	4370	4074	3820	3560	3234	2984	2775	2580	2403	
253	11815	59.9	60.0	43	1	1	2	1037	1526	2589	4166	6015	7572	8407	8596	8374	7805	7222	6514	5819	5143	4604	4176	3854	3813	3904	4193	4473	4586	4529	4402	4103	3822	3567	3291	3007	2784	2571	2404	
253	11833	59.9	60.0	43	1	1	2	1034	1510	2598	4207	5988	7559	8335	8524	8337	7799	7208	6517	5856	5157	4630	4212	3846	3812	3896	4192	4420	4560	4548	4418	4091	3815	3549	3270	2993	2785	2591	2399	
253	11850	60.0	60.0	43	1	1	2	1026	1525	2591	4215	5986	7555	8375	8583	8354	7795	7192	6508	5840	5161	4627	4198	3905	3797	3895	4182	4452	4545	4527	4399	4080	3843	3529	3252	3006	2775	2602	2399	
253	11912	95.3	94.9	44	1	0	2	968	1225	1836	2756	3871	4794	5378	5564	5534	5227	4937	4561	4136	3721	3394	3158	2961	3015	3149	3403	3620	3724	3679	3576	3343	3138	2943	2757	2566	2410	2277	2110	
253	11930	95.0	95.0	44	1	0	2	972	1213	1836	2755	3816	4753	5328	5560	5458	5226	4925	4499	4132	3678	3389	3138	2976	3031	3147	3402	3599	3712	3653	3536	3363	3160	2961	2746	2568	2392	2230	2117	
253	11992	59.7	60.4	44	1	1	2	1058	1569	2716	4428	6373	8034	8910	9120	8872	8336	7711	6916	6236	5455	4857	4446	4048	3994	4078	4330	4561	4670	4650	4482	4139	3892	3585	3315	3064	2832	2636	2429	
253	12010	60.0	60.0	44	1	1	2	1081	1568	2726	4467	6499	8126	9040	9261	8988	8424	7779	7040	6293	5491	4941	4456	4069	4008	4119	4331	4601	4697	4659	4508	4193	3895	3605	3346	3040	2809	2627	2452	
253	12027	60.0	60.0	44	1	1	2	1054	1581	2717	4504	6468	8210	9035	9286	9032	8423	7827	7025	6287	5537	4915	4536	4064	4006	4078	4359	4598	4693	4691	4516	4208	3882	3592	3319	3081	2820	2630	2428	
253	12044	59.9	60.0	44	1	1	2	1059	1567	2743	4511	6466	8199	9033	9338	9055	8476	7831	7045	6274	5568	4959	4485	4117	4030	4118	4337	4599	4697	4616	4508	4204	3879	3647	3340	3048	2832	2636	2465	
253	12061	60.0	60.0	44	1	1	2	1037	1595	2762	4506	6498	8197	9102	9292	9052	8476	7775	7003	6311	5594	4991	4451	4082	4010	4099	4381	4615	4700	4699	4504	4160	3906	3628	3315	3085	2797	2646	2470	
253	12079	60.0	60.0	44	1	1	2	1076	1573	2747	4454	6481	8196	9089	9376	9045	8478	7757	7104	6316	5582	4989	4482	4074	4032	4137	4384	4605	4674	4671	4466	4210	3903	3649	3343	3049	2807	2597	2448	
253	12096	59.9	60.0	44	1	1	2	1049	1563	2732	4465	6512	8192	9027	9331	9024	8448	7777	7036	6266	5587	4987	4469	4102	4007	4149	4339	4564	4699	4660	4508	4167	3916	3605	3301	3061	2824	2624	2442	
253	12160	95.4	94.9	45	1	0	2	968	1270	1932	2996	4197	5275	5900	6077	6092	5738	5436	4919	4480	4015	3665	3383	3211	3212	3294	3563	3706	3801	3790	3661	3397	3205	3004	2795	2611	2456	2302	2152	
253	12178	95.0	95.0	45	1	0	2	961	1240	1922	2958	4170	5231	5787	6076	5982	5658	5386	4918	4478	3995	3634	3358	3150	3182	3257	3488	3684	3798	3759	3646	3412	3210	3020	2777	2604	2439	2306	2149	
253	12241	59.6	60.4	45	1	1	2	1062	1592	2826	4678	6818	8534	9555	9747	9500	8863	8173	7381	6579	5821	5156	4697	4219	4153	4198	4431	4685	4759	4750	4519	4176	3916	3636	3332	3062	2864	2648	2451	
253	12258	60.0	60.1	45	1	1	2	1065	1613	2887	4708	6858	8655	9544	9824	9549	9027	8271	7455	6664	5856	5241	4714	4271	4153	4237	4486	4714	4776	4745	4583	4279	3948	3654	3348	3096	2870	2637	2462	
253	12275	59.9	60.0	45	1	1	2	1081	1607	2880	4745	6871	8661	9609	9871	9593	8975	8277	7450	6719	5880	5221	4708	4247	4160	4236	4446	4701	4756	4767	4579	4260	3952	3648	3352	3086	2847	2659	2462	
253	12292	59.9	60.0	45	1	1	2	1084	1633	2855	4785	6892	8709	9637	9888	9577	8990	8258	7482	6680	5870	5262	4747	4287	4183	4284	4473	4670	4830	4713	4593	4288	3948	3675	3375	3142	2847	2670	2464	
253	12310	60.0	60.0	45	1	1	2	1063	1620	2836	4750	6910	8645	9642	9915	9588	8954	8266	7473	6740	5882	5233	4736	4286	4177	4212	4469	4712	4739	4754	4612	4236	3960	3674	3359	3113	2877	2646	2489	
253	12327	60.0	60.0	45	1	1	2	1072	1628	2820	4736	6835	8697	9621	9901	9637	9021	8334	7460	6649	5858	5231	4703	4314	4182	4254	4524	4724	4786	4703	4553	4245	3971	3650	3358	3110	2886	2669	2470	
253	12344	60.0	60.0	45	1	1	2	1073	1599	2868	4757	6876	8703	9590	9890	9610	8985	8303	7488	6682	5852	5244	4723	4289	4203	4221	4475	4730	4777	4743	4583	4232	3964	3644	3355	3070	2904	2677	2442	
