Well	Time (1/2 s)	Block Temp	Sample Temp	Repetition	PCR Stage	Extension	Scale	B1	B2	B3	B4	B5	B6	B7	B8	B9	B10	B11	B12	B13	B14	B15	B16	B17	B18	B19	B20	B21	B22	B23	B24	B25	B26	B27	B28	B29	B30	B31	B32
339	107	95.0	95.1	1	0	0	2	940	1123	1510	2036	2535	2906	3104	3182	3122	2984	2836	2608	2436	2256	2156	2097	2166	2328	2617	2889	3139	3261	3229	3157	3042	2908	2684	2488	2332	2176	2041	1923	
339	124	95.0	95.0	1	0	0	2	898	1109	1475	1986	2555	2884	3078	3186	3056	2980	2803	2616	2425	2265	2153	2075	2159	2314	2593	2897	3134	3269	3236	3151	3060	2850	2678	2490	2348	2203	2042	1911	
339	142	94.9	95.0	1	0	0	2	914	1141	1492	2021	2504	2878	3096	3148	3114	2981	2821	2593	2458	2273	2152	2097	2177	2349	2633	2901	3126	3278	3244	3181	3034	2904	2714	2486	2358	2192	2119	1902	
339	159	95.0	95.0	1	0	0	2	907	1110	1501	2014	2535	2913	3104	3190	3076	2966	2837	2628	2430	2251	2175	2103	2169	2314	2626	2918	3122	3311	3252	3151	3051	2874	2718	2514	2348	2176	2076	1949	
339	176	94.9	95.0	1	0	0	2	926	1122	1506	2026	2540	2900	3113	3177	3086	2973	2815	2633	2428	2257	2138	2100	2196	2369	2634	2908	3125	3292	3256	3198	3076	2888	2720	2525	2347	2213	2106	1928	
339	193	95.0	95.0	1	0	0	2	903	1111	1504	2028	2523	2901	3111	3168	3133	2985	2803	2620	2439	2278	2156	2116	2197	2377	2629	2921	3117	3282	3262	3191	3041	2881	2709	2504	2340	2197	2079	1918	
339	211	95.0	95.0	1	0	0	2	904	1139	1506	2034	2526	2912	3136	3185	3094	3012	2801	2635	2428	2267	2163	2120	2183	2336	2614	2900	3166	3279	3278	3189	3076	2911	2726	2508	2367	2195	2056	1911	
339	228	94.9	95.0	1	0	0	2	915	1120	1509	2014	2530	2903	3101	3174	3105	3016	2843	2630	2457	2283	2194	2085	2208	2330	2623	2930	3154	3305	3267	3198	3066	2904	2709	2530	2355	2195	2072	1944	
339	245	94.9	95.0	1	0	0	2	924	1112	1512	2030	2524	2930	3125	3213	3145	3010	2821	2625	2458	2288	2152	2108	2189	2340	2634	2906	3137	3268	3255	3168	3063	2892	2729	2484	2363	2191	2096	1917	
339	262	94.9	95.0	1	0	0	2	908	1119	1511	2031	2550	2916	3111	3225	3124	2997	2837	2624	2450	2296	2164	2121	2170	2346	2615	2922	3169	3284	3278	3217	3066	2873	2733	2517	2357	2234	2020	1915	
339	280	94.9	95.0	1	0	0	2	930	1132	1500	2030	2530	2916	3114	3173	3115	3040	2807	2636	2429	2264	2162	2118	2244	2368	2656	2944	3176	3303	3292	3198	3053	2896	2754	2532	2348	2206	2093	1932	
339	297	95.0	95.0	1	0	0	2	909	1139	1527	2043	2528	2935	3122	3173	3087	3015	2834	2618	2473	2247	2178	2121	2210	2346	2649	2918	3181	3310	3271	3208	3058	2904	2705	2543	2360	2236	2089	1923	
339	314	94.9	95.0	1	0	0	2	917	1122	1518	2055	2548	2929	3148	3212	3179	3030	2838	2635	2454	2278	2198	2121	2219	2340	2657	2931	3164	3324	3279	3176	3096	2888	2757	2544	2370	2232	2115	1944	
339	331	95.0	95.0	1	0	0	2	916	1116	1524	2032	2554	2914	3159	3197	3148	3017	2832	2642	2487	2267	2177	2149	2164	2348	2674	2933	3178	3281	3301	3214	3068	2924	2735	2516	2355	2203	2086	1939	
339	349	95.0	95.0	1	0	0	2	911	1135	1517	2041	2562	2958	3115	3213	3140	2987	2832	2650	2484	2266	2181	2127	2205	2363	2675	2914	3177	3293	3302	3231	3076	2900	2745	2542	2370	2226	2070	1937	
339	366	95.0	95.0	1	0	0	2	913	1122	1501	2053	2571	2944	3144	3208	3123	3008	2833	2673	2458	2303	2180	2123	2200	2370	2687	2902	3167	3292	3272	3201	3094	2922	2764	2533	2364	2241	2081	1953	
339	383	95.0	95.0	1	0	0	2	910	1124	1514	2054	2543	2943	3129	3192	3161	3007	2877	2653	2439	2294	2198	2126	2207	2394	2629	2947	3154	3324	3270	3212	3050	2896	2743	2525	2380	2197	2091	1940	
339	400	95.0	95.0	1	0	0	2	909	1138	1535	2041	2539	2940	3166	3236	3164	3054	2862	2664	2477	2286	2178	2124	2193	2353	2680	2951	3151	3316	3321	3237	3092	2927	2743	2537	2408	2241	2089	1941	
339	418	95.0	95.0	1	0	0	2	918	1131	1527	2017	2537	2947	3137	3216	3126	3056	2877	2652	2477	2293	2178	2110	2197	2403	2657	2982	3181	3336	3325	3226	3105	2943	2757	2552	2376	2198	2103	1936	
339	435	95.0	95.0	1	0	0	2	916	1122	1512	2050	2559	2918	3168	3214	3142	3047	2868	2668	2473	2277	2197	2135	2202	2349	2655	2929	3154	3326	3306	3225	3066	2920	2765	2502	2388	2226	2105	1941	
339	452	95.0	95.0	1	0	0	2	927	1125	1490	2052	2546	2925	3181	3180	3151	3046	2843	2655	2470	2287	2218	2148	2215	2385	2662	2971	3192	3297	3305	3259	3069	2920	2752	2545	2365	2232	2108	1947	
339	469	95.0	95.0	1	0	0	2	906	1128	1547	2043	2560	2975	3143	3204	3154	3012	2860	2644	2481	2312	2192	2144	2228	2358	2667	2933	3174	3332	3362	3259	3095	2891	2769	2545	2393	2224	2091	1942	
339	487	94.9	95.0	1	0	0	2	922	1132	1517	2049	2569	2937	3172	3211	3175	3027	2858	2662	2489	2285	2171	2145	2210	2401	2678	2970	3208	3361	3305	3251	3090	2936	2746	2549	2389	2210	2113	1928	
339	504	95.0	95.0	1	0	0	2	903	1132	1534	2047	2527	2906	3138	3232	3131	3057	2849	2661	2466	2318	2191	2130	2191	2387	2642	2955	3218	3309	3336	3251	3108	2932	2739	2543	2383	2243	2088	1951	
339	521	95.0	95.0	1	0	0	2	925	1123	1512	2030	2551	2952	3170	3235	3153	3052	2855	2683	2474	2285	2200	2132	2224	2370	2671	2938	3225	3329	3318	3240	3100	2935	2783	2586	2364	2232	2084	1968	
339	538	95.0	95.0	1	0	0	2	913	1114	1522	2056	2539	2966	3165	3209	3157	3026	2867	2647	2493	2291	2189	2111	2208	2380	2679	2979	3189	3307	3322	3242	3066	2922	2781	2547	2384	2213	2100	1938	
339	556	95.0	95.0	1	0	0	2	915	1127	1521	2062	2581	2950	3151	3228	3194	3035	2856	2649	2496	2300	2194	2148	2201	2397	2688	2962	3174	3349	3294	3216	3102	2955	2739	2570	2366	2201	2117	1926	
339	573	95.0	95.0	1	0	0	2	928	1122	1495	2057	2568	2954	3199	3247	3182	3053	2902	2695	2460	2320	2186	2141	2199	2400	2696	2939	3191	3302	3319	3243	3102	2944	2745	2562	2396	2243	2109	1940	
339	590	94.9	95.0	1	0	0	2	917	1125	1520	2067	2568	2970	3187	3214	3169	3046	2893	2686	2505	2294	2218	2143	2217	2418	2651	2985	3203	3336	3299	3239	3097	2913	2740	2575	2401	2230	2063	1947	
339	607	95.0	95.0	1	0	0	2	912	1139	1517	2038	2550	2949	3166	3253	3154	3077	2856	2663	2496	2320	2193	2174	2188	2413	2690	2971	3213	3316	3339	3226	3113	2911	2741	2555	2390	2236	2116	1956	
339	625	95.0	95.0	1	0	0	2	913	1125	1517	2067	2561	2968	3145	3233	3194	3045	2864	2702	2469	2313	2173	2156	2213	2382	2683	2983	3198	3337	3295	3216	3115	2899	2743	2574	2389	2230	2143	1966	
339	642	95.0	95.0	1	0	0	2	933	1135	1513	2053	2580	2942	3154	3267	3178	3032	2845	2662	2477	2293	2185	2150	2221	2399	2703	2971	3201	3339	3298	3240	3105	2944	2757	2568	2421	2214	2078	1943	
339	659	95.0	95.0	1	0	0	2	929	1128	1516	2037	2554	2944	3204	3249	3149	3041	2909	2668	2450	2302	2194	2143	2215	2388	2666	2922	3212	3343	3320	3261	3117	2923	2777	2583	2400	2234	2096	1954	
339	676	95.0	95.0	1	0	0	2	925	1138	1516	2054	2572	2971	3147	3242	3161	3045	2900	2677	2480	2308	2191	2154	2229	2382	2690	2959	3191	3340	3328	3266	3103	2926	2742	2550	2397	2226	2125	1966	
339	694	95.0	95.0	1	0	0	2	932	1145	1538	2062	2532	2951	3210	3252	3186	3069	2874	2645	2456	2285	2140	2136	2226	2366	2689	2953	3205	3368	3352	3244	3105	2967	2784	2571	2403	2247	2135	1945	
339	711	94.9	95.0	1	0	0	2	917	1123	1524	2058	2582	2961	3188	3228	3175	3056	2863	2669	2462	2286	2202	2136	2237	2392	2678	2961	3191	3339	3313	3225	3090	2937	2740	2556	2384	2247	2113	1904	
339	728	95.0	95.0	1	0	0	2	904	1140	1520	2059	2584	2967	3167	3240	3200	3077	2870	2677	2493	2289	2220	2135	2213	2383	2665	2955	3177	3328	3330	3215	3134	2921	2755	2546	2391	2231	2111	1927	
339	745	94.9	95.0	1	0	0	2	912	1139	1523	2060	2561	2973	3200	3248	3181	3061	2875	2663	2477	2292	2193	2171	2222	2417	2654	2969	3180	3312	3318	3223	3124	2920	2757	2545	2402	2244	2112	1959	
339	763	94.9	95.0	1	0	0	2	920	1138	1510	2054	2580	2949	3161	3237	3169	3062	2880	2673	2489	2308	2209	2132	2222	2396	2701	2937	3221	3322	3285	3226	3140	2912	2767	2548	2395	2223	2094	1958	
339	780	95.0	95.0	1	0	0	2	922	1134	1536	2035	2561	2972	3171	3257	3171	3053	2880	2688	2491	2330	2199	2149	2222	2398	2696	2983	3204	3368	3325	3236	3129	2900	2776	2549	2400	2242	2098	1958	
339	797	95.0	95.0	1	0	0	2	920	1119	1542	2052	2578	2984	3175	3249	3195	3077	2918	2708	2507	2310	2201	2138	2205	2412	2693	2989	3216	3356	3350	3266	3134	2942	2748	2551	2398	2263	2115	1945	
339	814	94.9	95.0	1	0	0	2	914	1131	1523	2055	2601	2998	3172	3247	3213	3073	2897	2706	2488	2322	2217	2152	2227	2393	2695	2991	3181	3359	3332	3234	3103	2950	2778	2560	2393	2203	2121	1956	
339	832	94.9	95.0	1	0	0	2	940	1135	1520	2069	2592	2966	3215	3199	3204	3056	2847	2665	2506	2305	2209	2165	2236	2369	2679	2986	3191	3350	3329	3229	3111	2918	2758	2573	2412	2244	2138	1946	
339	849	95.0	95.0	1	0	0	2	914	1126	1553	2051	2529	2985	3177	3279	3216	3056	2868	2652	2480	2292	2206	2147	2224	2395	2673	2977	3182	3370	3318	3235	3095	2953	2767	2576	2385	2229	2106	1953	
339	866	95.0	95.0	1	0	0	2	924	1134	1510	2062	2587	2976	3180	3260	3170	3071	2872	2683	2476	2327	2216	2168	2259	2387	2685	2991	3182	3331	3342	3241	3081	2940	2828	2572	2402	2259	2109	1954	
339	883	95.0	95.0	1	0	0	2	934	1127	1505	2083	2562	2970	3202	3271	3210	3054	2922	2686	2492	2305	2220	2159	2221	2390	2653	2988	3201	3356	3356	3277	3140	2940	2799	2574	2388	2244	2121	1960	
339	901	94.9	95.0	1	0	0	2	919	1139	1532	2057	2566	2951	3170	3261	3171	3080	2879	2680	2497	2321	2189	2164	2242	2397	2684	2946	3212	3319	3328	3300	3128	2931	2797	2556	2393	2246	2108	1942	
339	918	94.9	95.0	1	0	0	2	916	1109	1522	2048	2584	2971	3189	3254	3202	3073	2885	2669	2477	2305	2227	2157	2218	2386	2679	2991	3216	3337	3312	3240	3141	2917	2773	2570	2395	2265	2121	1950	
339	935	94.9	95.0	1	0	0	2	925	1137	1522	2074	2607	2968	3167	3244	3188	3072	2878	2716	2479	2318	2239	2156	2250	2377	2683	2963	3215	3352	3370	3241	3097	2934	2773	2561	2403	2237	2136	1961	
339	952	95.0	95.0	1	0	0	2	916	1132	1513	2061	2582	2988	3208	3238	3176	3065	2865	2661	2496	2358	2179	2160	2222	2366	2705	2991	3200	3373	3298	3243	3104	2952	2776	2560	2397	2238	2142	1977	
339	970	95.0	95.0	1	0	0	2	923	1143	1520	2067	2564	2993	3186	3265	3225	3071	2875	2699	2476	2316	2227	2133	2229	2400	2688	2971	3188	3353	3335	3270	3108	2952	2773	2575	2417	2233	2126	1963	
339	987	95.0	95.0	1	0	0	2	922	1135	1525	2051	2589	2961	3173	3260	3194	3090	2912	2672	2473	2318	2213	2163	2228	2396	2695	2988	3182	3348	3327	3274	3120	2908	2806	2554	2409	2223	2113	1947	
339	1004	95.0	95.0	1	0	0	2	913	1144	1538	2067	2568	2944	3232	3285	3202	3090	2897	2668	2504	2339	2207	2172	2222	2413	2691	3013	3195	3373	3323	3262	3124	2982	2794	2562	2420	2230	2117	1971	
339	1021	95.0	95.0	1	0	0	2	916	1133	1522	2070	2621	2998	3233	3246	3205	3081	2920	2705	2499	2328	2201	2154	2235	2368	2710	3002	3225	3356	3361	3253	3132	2944	2815	2545	2400	2264	2142	1976	
339	1039	94.9	95.0	1	0	0	2	940	1136	1513	2030	2604	2992	3180	3247	3199	3066	2890	2665	2513	2343	2211	2172	2229	2381	2687	2990	3216	3375	3340	3265	3137	2939	2771	2564	2409	2249	2105	1956	
339	1056	95.0	95.0	1	0	0	2	905	1140	1525	2048	2568	2989	3188	3276	3186	3097	2931	2690	2505	2307	2228	2133	2245	2410	2705	2969	3212	3374	3314	3268	3162	2957	2782	2545	2384	2245	2113	1960	
339	1073	94.9	95.0	1	0	0	2	918	1141	1532	2048	2579	3021	3181	3242	3205	3059	2921	2694	2492	2337	2228	2144	2230	2406	2706	2958	3213	3370	3346	3285	3137	2954	2797	2588	2403	2235	2114	1965	
339	1090	95.0	95.0	1	0	0	2	924	1137	1509	2075	2575	2996	3208	3274	3191	3038	2929	2686	2504	2334	2166	2134	2199	2391	2715	2974	3239	3375	3345	3259	3129	2966	2790	2588	2409	2249	2129	1943	
339	1108	95.0	95.0	1	0	0	2	914	1119	1504	2045	2601	2957	3204	3242	3200	3069	2869	2683	2537	2330	2191	2138	2220	2408	2709	2979	3192	3350	3314	3241	3133	2978	2746	2568	2386	2230	2101	1950	
339	1125	95.0	95.0	1	0	0	2	922	1152	1525	2068	2594	3006	3199	3270	3224	3055	2892	2701	2521	2296	2233	2153	2244	2387	2693	3014	3215	3349	3344	3267	3114	2963	2773	2566	2397	2246	2123	1954	
339	1142	95.0	95.0	1	0	0	2	913	1130	1541	2040	2559	2967	3182	3249	3197	3070	2907	2728	2495	2299	2218	2175	2254	2389	2704	2985	3233	3370	3356	3288	3113	2951	2788	2583	2376	2248	2127	1958	
339	1159	95.0	95.0	1	0	0	2	914	1146	1517	2046	2587	2969	3240	3233	3184	3062	2892	2689	2478	2328	2199	2155	2223	2407	2685	2965	3207	3334	3342	3264	3134	2936	2770	2595	2403	2245	2111	1959	
339	1177	95.0	95.0	1	0	0	2	916	1138	1540	2084	2582	3018	3212	3283	3191	3083	2920	2672	2496	2330	2219	2163	2252	2385	2701	2991	3200	3372	3315	3263	3153	2964	2782	2570	2400	2267	2109	1956	
339	1194	95.0	95.0	1	0	0	2	921	1133	1555	2075	2574	2978	3215	3272	3171	3075	2919	2700	2518	2301	2259	2157	2252	2410	2655	2986	3197	3420	3380	3228	3132	2968	2791	2559	2404	2243	2121	1967	
339	1211	95.0	95.0	1	0	0	2	919	1156	1519	2076	2595	2988	3215	3304	3206	3082	2952	2712	2502	2331	2229	2175	2256	2416	2686	2975	3216	3369	3350	3259	3129	2977	2783	2558	2431	2217	2121	1976	
339	1228	95.0	95.0	1	0	0	2	908	1127	1505	2084	2607	3000	3204	3299	3240	3092	2882	2711	2513	2322	2219	2181	2240	2412	2705	2973	3180	3352	3342	3273	3161	2969	2774	2556	2424	2239	2131	1985	
339	1246	95.0	95.0	1	0	0	2	921	1122	1540	2083	2590	3005	3201	3306	3187	3064	2876	2712	2569	2319	2200	2101	2233	2387	2701	2977	3224	3356	3349	3272	3169	2937	2779	2580	2440	2277	2132	1966	
339	1263	95.0	95.0	1	0	0	2	916	1141	1523	2064	2608	3013	3200	3270	3203	3082	2913	2708	2519	2300	2231	2190	2250	2402	2708	2951	3247	3392	3375	3248	3111	2980	2783	2586	2415	2251	2126	1945	
339	1280	94.9	95.0	1	0	0	2	917	1147	1527	2069	2586	2988	3215	3273	3220	3067	2941	2719	2523	2318	2212	2157	2240	2405	2698	2980	3230	3404	3359	3273	3119	2969	2812	2589	2438	2248	2131	1965	
339	1326	95.0	95.0	1	1	0	2	927	1120	1524	2080	2620	3022	3209	3273	3207	3098	2891	2702	2527	2337	2215	2151	2228	2444	2683	3001	3227	3346	3355	3256	3115	2931	2766	2566	2434	2260	2099	1945	
339	1388	59.9	60.1	1	1	1	2	1014	1456	2288	3411	4442	5191	5464	5540	5263	4972	4545	4148	3774	3385	3131	2936	2919	2985	3384	3653	3997	4153	4217	4020	3872	3562	3332	3013	2767	2556	2417	2239	
339	1405	59.9	60.0	1	1	1	2	1028	1488	2297	3419	4444	5168	5482	5524	5310	4944	4574	4143	3759	3385	3135	2909	2922	3023	3333	3714	3973	4171	4107	4000	3852	3590	3349	3027	2789	2579	2370	2223	
339	1422	60.0	60.0	1	1	1	2	1035	1479	2309	3415	4407	5169	5446	5470	5265	4957	4554	4165	3777	3383	3102	2927	2883	3024	3335	3686	3966	4157	4160	4052	3872	3617	3352	3022	2786	2562	2417	2216	
339	1440	60.0	60.0	1	1	1	2	1015	1471	2290	3416	4454	5201	5489	5521	5291	4990	4613	4168	3753	3389	3108	2924	2883	3006	3354	3661	3976	4187	4158	3994	3815	3593	3309	3054	2783	2596	2403	2236	
339	1457	60.0	60.0	1	1	1	2	1037	1484	2295	3418	4509	5186	5510	5510	5336	4941	4586	4120	3760	3400	3142	2949	2910	3037	3356	3654	4039	4144	4177	4041	3846	3576	3377	3036	2788	2590	2414	2191	
339	1474	59.9	60.0	1	1	1	2	1019	1497	2322	3410	4418	5176	5502	5521	5325	4976	4579	4157	3780	3365	3098	2932	2918	3054	3383	3662	4011	4193	4171	4017	3824	3564	3299	3016	2797	2573	2427	2229	
339	1491	60.0	60.0	1	1	1	2	1009	1487	2304	3413	4480	5190	5541	5547	5292	4969	4595	4139	3762	3410	3133	2940	2908	3037	3350	3674	3985	4201	4143	4012	3858	3604	3329	3029	2817	2580	2441	2204	
339	1554	95.0	95.1	2	1	0	2	919	1140	1523	2070	2635	3009	3231	3307	3258	3112	2975	2723	2519	2327	2214	2167	2270	2426	2698	2980	3216	3380	3377	3266	3138	2964	2791	2577	2403	2252	2124	1993	
339	1634	59.9	60.1	2	1	1	2	1013	1497	2282	3376	4423	5173	5476	5446	5233	4925	4542	4128	3755	3387	3140	2906	2893	3017	3350	3656	3954	4183	4146	3986	3833	3598	3323	3002	2815	2569	2402	2221	
339	1651	60.0	60.0	2	1	1	2	1015	1487	2317	3409	4436	5170	5453	5526	5300	5022	4586	4196	3788	3380	3148	2915	2878	3029	3359	3663	3981	4182	4152	4006	3862	3559	3323	3010	2788	2584	2432	2198	
339	1669	59.9	60.0	2	1	1	2	1027	1465	2288	3383	4458	5179	5476	5546	5255	4954	4580	4137	3755	3378	3147	2915	2922	3026	3354	3691	3970	4159	4159	4064	3809	3578	3334	3014	2770	2598	2421	2211	
339	1686	60.0	60.0	2	1	1	2	1004	1489	2287	3417	4421	5160	5479	5506	5276	4956	4573	4157	3794	3357	3120	2893	2899	3033	3354	3651	3979	4162	4128	4020	3829	3562	3300	3004	2805	2546	2423	2208	
339	1703	60.0	60.0	2	1	1	2	1007	1469	2282	3393	4403	5099	5482	5472	5250	4980	4547	4136	3769	3374	3116	2924	2898	3004	3336	3638	3966	4138	4160	4019	3834	3525	3345	3035	2795	2600	2400	2246	
339	1720	59.9	60.0	2	1	1	2	1028	1469	2299	3367	4425	5124	5453	5506	5264	4906	4534	4177	3755	3377	3098	2905	2895	3034	3334	3658	3946	4171	4117	4009	3837	3578	3299	3030	2810	2586	2406	2231	
339	1738	60.0	60.0	2	1	1	2	1034	1471	2269	3395	4441	5157	5502	5499	5195	4953	4574	4104	3743	3379	3124	2913	2919	3011	3344	3688	3944	4181	4159	3980	3836	3598	3314	3028	2787	2569	2397	2210	
339	1800	95.0	95.0	3	1	0	2	914	1163	1529	2078	2611	3013	3218	3300	3217	3085	2908	2708	2533	2327	2207	2169	2228	2423	2712	3014	3208	3341	3350	3260	3115	2957	2792	2580	2403	2244	2110	1976	
339	1880	59.9	60.1	3	1	1	2	1020	1481	2298	3435	4436	5178	5507	5537	5302	5000	4610	4178	3782	3424	3172	2916	2925	3021	3331	3728	4009	4185	4164	4048	3826	3574	3371	3041	2811	2575	2416	2210	
339	1897	59.9	60.0	3	1	1	2	1026	1508	2319	3441	4480	5261	5538	5554	5341	4986	4592	4160	3814	3420	3146	2937	2943	3033	3361	3670	4020	4206	4181	4050	3847	3584	3345	3059	2799	2596	2417	2224	
339	1915	60.0	60.0	3	1	1	2	1023	1488	2328	3419	4470	5259	5508	5536	5297	5010	4644	4162	3796	3382	3166	2939	2911	3039	3371	3684	4063	4212	4159	4089	3821	3597	3333	3051	2803	2595	2415	2225	
339	1932	60.0	60.0	3	1	1	2	1019	1502	2300	3432	4486	5224	5556	5566	5340	4982	4601	4209	3813	3458	3115	2930	2921	3038	3365	3703	4007	4160	4223	4038	3846	3626	3377	3043	2798	2584	2416	2230	
339	1949	60.0	60.0	3	1	1	2	1023	1494	2315	3408	4469	5203	5488	5563	5285	5029	4623	4175	3759	3412	3175	2937	2922	3033	3374	3684	3993	4214	4181	4063	3838	3580	3358	3010	2829	2580	2435	2248	
339	1966	60.0	60.0	3	1	1	2	1021	1495	2307	3391	4441	5173	5509	5531	5303	4998	4594	4145	3755	3445	3145	2932	2909	3047	3363	3730	4007	4168	4180	4071	3837	3608	3344	3046	2808	2557	2441	2218	
339	1984	60.0	60.0	3	1	1	2	1041	1484	2317	3439	4466	5179	5509	5534	5323	5022	4590	4186	3800	3388	3124	2950	2901	3058	3354	3695	4004	4184	4168	4062	3831	3574	3342	3037	2814	2579	2439	2228	
339	2046	95.0	95.1	4	1	0	2	925	1159	1550	2090	2613	3010	3218	3351	3253	3109	2905	2755	2510	2330	2225	2172	2224	2439	2752	2968	3228	3358	3389	3272	3129	2975	2802	2588	2399	2255	2135	1956	
339	2126	59.9	60.1	4	1	1	2	1006	1472	2262	3406	4416	5114	5501	5456	5268	4955	4497	4121	3762	3366	3118	2915	2883	3014	3316	3667	3986	4182	4113	4000	3810	3567	3282	2989	2779	2579	2398	2200	
339	2144	59.9	60.0	4	1	1	2	1019	1480	2278	3421	4475	5181	5482	5539	5255	4971	4560	4140	3772	3401	3130	2930	2893	3024	3320	3685	3969	4172	4130	4050	3833	3572	3359	3019	2783	2594	2403	2230	
339	2161	59.9	60.0	4	1	1	2	1020	1484	2278	3396	4401	5149	5456	5517	5257	4969	4505	4113	3759	3369	3109	2911	2871	3012	3334	3639	3947	4190	4133	3979	3817	3547	3324	3016	2782	2578	2415	2194	
339	2178	59.9	60.0	4	1	1	2	1021	1471	2285	3396	4406	5152	5467	5497	5238	4912	4555	4148	3781	3382	3101	2926	2906	3029	3353	3677	3908	4140	4141	4009	3807	3587	3323	3014	2777	2568	2404	2218	
339	2195	59.9	60.0	4	1	1	2	1010	1484	2295	3405	4436	5136	5448	5507	5265	4931	4565	4146	3741	3336	3080	2926	2868	3025	3334	3690	3949	4140	4120	4016	3835	3554	3331	2997	2812	2573	2400	2224	
339	2213	60.0	60.0	4	1	1	2	1017	1477	2291	3376	4417	5120	5474	5519	5223	4983	4530	4144	3772	3375	3088	2948	2902	3024	3312	3689	3974	4155	4116	4022	3798	3591	3335	3008	2785	2572	2428	2216	
339	2230	60.0	60.0	4	1	1	2	1017	1471	2278	3363	4428	5145	5488	5507	5226	4952	4538	4128	3761	3414	3125	2897	2864	3009	3322	3654	3978	4148	4134	4027	3807	3569	3328	3029	2795	2598	2373	2207	
339	2292	95.0	95.1	5	1	0	2	910	1133	1506	2040	2593	2976	3206	3257	3208	3085	2919	2672	2532	2345	2217	2144	2209	2394	2653	2967	3198	3326	3313	3208	3087	2946	2760	2555	2380	2219	2129	1953	
339	2372	59.9	60.1	5	1	1	2	1028	1487	2290	3463	4448	5205	5502	5533	5275	4930	4606	4174	3784	3386	3114	2913	2905	3031	3329	3694	3969	4194	4170	4064	3839	3579	3347	3076	2760	2581	2400	2236	
339	2390	60.0	60.0	5	1	1	2	1041	1506	2319	3450	4486	5185	5545	5575	5317	5021	4607	4171	3781	3403	3155	2952	2890	3021	3350	3712	4012	4227	4199	4062	3882	3594	3361	3061	2816	2598	2414	2229	
339	2407	59.9	60.0	5	1	1	2	1033	1468	2297	3415	4434	5187	5520	5532	5310	4994	4567	4178	3775	3393	3123	2923	2912	3053	3355	3701	4008	4195	4210	4034	3830	3584	3355	3028	2813	2601	2444	2209	
339	2424	60.0	60.0	5	1	1	2	1024	1515	2296	3413	4465	5189	5481	5469	5290	4976	4563	4157	3763	3399	3104	2951	2890	3028	3398	3656	3990	4167	4152	4038	3833	3591	3373	2985	2790	2569	2402	2219	
339	2441	59.9	60.0	5	1	1	2	1017	1475	2315	3423	4464	5177	5539	5510	5206	4984	4592	4146	3774	3388	3160	2917	2880	3054	3310	3711	3994	4174	4163	4060	3843	3585	3333	3049	2817	2601	2416	2245	
339	2459	60.0	60.0	5	1	1	2	1017	1483	2306	3418	4434	5180	5498	5537	5309	4940	4581	4173	3774	3416	3103	2942	2909	3020	3350	3704	4008	4156	4178	4040	3814	3554	3290	3040	2803	2603	2420	2198	
339	2476	60.0	60.0	5	1	1	2	1025	1437	2306	3391	4420	5172	5487	5511	5268	4943	4586	4144	3762	3389	3119	2881	2911	3017	3344	3664	4012	4168	4136	4021	3812	3553	3353	3025	2829	2579	2422	2237	
339	2538	95.0	95.1	6	1	0	2	935	1127	1531	2011	2561	2986	3180	3245	3199	3064	2893	2715	2496	2322	2228	2146	2212	2373	2692	2986	3164	3304	3289	3233	3108	2926	2775	2588	2405	2210	2110	1959	
339	2619	60.0	60.0	6	1	1	2	1011	1480	2280	3414	4448	5173	5470	5505	5267	4994	4541	4157	3779	3387	3137	2937	2890	2995	3352	3663	3948	4175	4127	4024	3814	3587	3342	3040	2794	2573	2418	2216	
339	2636	60.0	60.0	6	1	1	2	1010	1484	2286	3423	4446	5187	5482	5476	5295	4933	4570	4138	3787	3372	3135	2922	2899	3038	3341	3713	4002	4150	4160	4043	3818	3594	3313	3051	2837	2587	2402	2222	
339	2653	59.9	60.0	6	1	1	2	1016	1475	2312	3415	4426	5204	5511	5534	5278	4917	4601	4154	3783	3377	3121	2914	2899	3004	3343	3697	3982	4185	4158	4058	3829	3594	3318	3026	2802	2552	2420	2237	
339	2670	59.9	60.0	6	1	1	2	1024	1477	2299	3336	4435	5138	5482	5515	5218	4968	4569	4111	3735	3363	3098	2928	2873	3015	3318	3658	3966	4157	4106	4013	3824	3563	3337	3008	2813	2576	2411	2207	
339	2688	59.9	60.0	6	1	1	2	1008	1499	2306	3406	4390	5132	5473	5434	5231	4973	4564	4162	3757	3372	3094	2920	2933	3005	3319	3687	3993	4173	4123	4036	3816	3583	3329	3041	2795	2573	2423	2215	
339	2705	60.0	60.0	6	1	1	2	1032	1498	2304	3411	4424	5174	5493	5469	5256	4928	4547	4140	3747	3372	3133	2917	2910	3029	3328	3636	3998	4158	4137	3977	3818	3549	3312	3051	2800	2581	2408	2222	
339	2722	60.0	60.0	6	1	1	2	1025	1489	2291	3396	4443	5132	5481	5466	5240	4904	4566	4090	3776	3372	3139	2931	2875	2985	3304	3654	3978	4173	4132	3989	3818	3551	3330	3031	2772	2575	2388	2219	
339	2785	94.9	95.0	7	1	0	2	922	1136	1542	2042	2582	2978	3193	3236	3188	3069	2893	2718	2540	2299	2214	2148	2208	2350	2669	2954	3189	3338	3336	3248	3065	2933	2761	2542	2381	2227	2084	1934	
339	2865	60.0	60.1	7	1	1	2	1005	1477	2288	3369	4390	5074	5395	5500	5192	4892	4518	4118	3713	3356	3073	2892	2870	2979	3288	3598	3948	4113	4101	3976	3776	3555	3281	2973	2748	2548	2362	2191	
339	2882	59.9	60.0	7	1	1	2	999	1470	2278	3412	4356	5103	5464	5444	5177	4903	4506	4124	3759	3383	3073	2882	2850	2973	3302	3650	3936	4109	4081	3966	3816	3545	3277	3011	2758	2520	2417	2192	
339	2899	60.0	60.0	7	1	1	2	1016	1484	2282	3356	4401	5108	5379	5452	5155	4866	4502	4107	3732	3359	3081	2872	2864	2950	3304	3626	3894	4128	4060	3991	3801	3525	3288	3030	2777	2518	2383	2145	
339	2916	60.0	60.0	7	1	1	2	1007	1458	2247	3395	4381	5065	5392	5413	5170	4887	4441	4066	3776	3340	3055	2875	2845	2972	3316	3613	3925	4096	4103	3938	3752	3509	3292	2987	2753	2572	2374	2189	
339	2934	59.9	60.0	7	1	1	2	1005	1453	2251	3333	4338	5098	5412	5437	5175	4896	4490	4107	3697	3336	3059	2905	2847	2947	3319	3610	3909	4029	4075	3916	3805	3532	3317	2990	2738	2483	2364	2174	
339	2951	59.9	60.0	7	1	1	2	998	1470	2287	3341	4340	5062	5388	5473	5187	4859	4485	4089	3707	3383	3062	2882	2820	2959	3289	3587	3934	4088	4081	3950	3746	3512	3292	2998	2762	2551	2361	2193	
339	2968	60.0	60.0	7	1	1	2	1012	1476	2277	3336	4354	5092	5412	5451	5185	4871	4486	4074	3716	3375	3059	2872	2829	2966	3261	3640	3917	4104	4097	3989	3771	3525	3291	2974	2769	2541	2361	2177	
339	3033	94.9	95.1	8	1	0	2	920	1136	1515	2041	2555	2933	3152	3244	3147	3035	2871	2635	2497	2254	2184	2141	2204	2349	2633	2935	3124	3296	3278	3236	3058	2934	2733	2515	2364	2204	2085	1931	
339	3112	59.9	60.1	8	1	1	2	1011	1477	2276	3408	4384	5092	5421	5415	5187	4889	4525	4104	3741	3350	3078	2883	2875	3014	3302	3668	3939	4122	4092	4026	3778	3550	3328	2988	2786	2567	2378	2180	
339	3129	59.9	60.0	8	1	1	2	1014	1464	2256	3408	4400	5119	5459	5451	5206	4918	4536	4101	3745	3355	3106	2925	2871	3001	3329	3692	3925	4147	4112	3986	3784	3570	3319	3025	2783	2555	2389	2181	
339	3146	59.9	60.0	8	1	1	2	1028	1477	2271	3378	4406	5088	5434	5471	5220	4897	4510	4094	3717	3388	3103	2890	2862	2980	3300	3599	3926	4145	4108	3970	3768	3568	3324	3011	2769	2560	2403	2212	
339	3164	60.0	60.0	8	1	1	2	1006	1484	2272	3351	4394	5122	5421	5456	5190	4844	4545	4104	3719	3347	3072	2862	2867	2983	3350	3646	3915	4128	4105	3972	3795	3545	3338	3019	2766	2543	2371	2192	
339	3181	59.9	60.0	8	1	1	2	1007	1466	2273	3379	4378	5100	5420	5464	5209	4935	4524	4103	3716	3354	3112	2881	2866	2994	3310	3643	3937	4146	4084	3958	3763	3544	3319	2995	2763	2548	2388	2223	
339	3198	60.0	60.0	8	1	1	2	1018	1478	2263	3355	4400	5077	5394	5438	5190	4890	4492	4108	3748	3353	3085	2872	2865	2978	3285	3655	3953	4113	4091	3956	3761	3554	3322	2979	2750	2527	2378	2197	
339	3215	59.9	60.0	8	1	1	2	1013	1480	2291	3373	4380	5068	5416	5464	5199	4885	4492	4116	3722	3345	3108	2892	2877	3005	3292	3655	3952	4147	4134	3958	3784	3524	3299	2981	2770	2551	2388	2178	
339	3278	95.0	95.1	9	1	0	2	936	1123	1504	2039	2559	2943	3170	3208	3188	3026	2863	2660	2477	2283	2189	2146	2184	2367	2677	2941	3148	3313	3295	3216	3098	2890	2744	2543	2366	2206	2049	1921	
339	3295	95.0	95.0	9	1	1	2	913	1119	1523	2044	2564	2952	3179	3230	3171	3047	2837	2698	2467	2300	2195	2126	2188	2348	2638	2932	3157	3292	3279	3200	3055	2902	2716	2538	2375	2214	2099	1954	
339	3358	59.9	60.1	9	1	1	2	1016	1477	2272	3383	4380	5086	5428	5436	5197	4914	4516	4133	3728	3332	3083	2875	2871	2968	3326	3646	3926	4113	4070	3984	3794	3531	3276	2983	2738	2537	2397	2209	
339	3375	60.0	60.0	9	1	1	2	1022	1469	2301	3381	4355	5129	5399	5471	5239	4898	4546	4093	3718	3336	3083	2884	2862	2978	3300	3616	3936	4118	4101	3979	3785	3536	3316	3021	2756	2556	2381	2190	
339	3392	60.0	60.0	9	1	1	2	1019	1461	2270	3376	4389	5065	5392	5453	5180	4880	4509	4084	3716	3307	3063	2901	2857	2972	3311	3661	3945	4078	4054	3976	3792	3519	3263	3008	2749	2546	2384	2200	
339	3410	60.0	60.0	9	1	1	2	1020	1455	2250	3393	4371	5051	5391	5396	5193	4880	4509	4062	3718	3330	3033	2874	2844	2950	3286	3622	3907	4097	4038	3947	3809	3530	3284	2965	2756	2533	2349	2166	
339	3427	59.9	60.0	9	1	1	2	1012	1453	2285	3357	4357	5089	5416	5392	5152	4823	4471	4055	3708	3319	3056	2860	2857	2954	3295	3625	3940	4094	4088	3959	3767	3524	3306	2998	2749	2526	2412	2173	
339	3444	60.0	60.0	9	1	1	2	1020	1472	2270	3341	4369	5091	5378	5410	5185	4889	4465	4065	3708	3337	3081	2858	2875	3020	3296	3620	3898	4110	4073	3955	3760	3512	3281	2970	2744	2538	2398	2184	
339	3461	60.0	60.0	9	1	1	2	1019	1497	2256	3349	4333	5073	5391	5446	5174	4865	4481	4081	3711	3347	3047	2884	2816	2993	3312	3625	3928	4069	4101	3950	3749	3537	3266	2999	2722	2529	2368	2189	
339	3524	94.9	95.0	10	1	0	2	900	1102	1499	2040	2521	2917	3131	3194	3141	3010	2865	2634	2441	2258	2180	2106	2194	2349	2608	2889	3115	3268	3235	3126	3032	2899	2729	2477	2337	2206	2078	1852	
339	3541	95.0	95.0	10	1	0	2	919	1121	1492	2043	2523	2927	3122	3195	3150	2990	2824	2652	2452	2291	2163	2122	2177	2332	2613	2876	3113	3263	3192	3160	3062	2864	2720	2486	2311	2197	2073	1895	
339	3604	60.0	60.1	10	1	1	2	1017	1474	2254	3283	4370	5045	5376	5389	5177	4884	4454	4094	3686	3304	3035	2880	2850	2986	3259	3613	3892	4064	4036	3925	3757	3509	3270	2990	2725	2527	2352	2195	
339	3621	59.9	60.0	10	1	1	2	1001	1474	2283	3364	4291	5081	5376	5363	5185	4830	4486	4050	3678	3333	3055	2883	2862	2943	3292	3594	3886	4089	4071	3973	3749	3505	3275	2959	2735	2527	2392	2160	
339	3639	59.9	60.0	10	1	1	2	1031	1490	2250	3357	4341	5050	5362	5424	5155	4889	4480	4075	3704	3349	3077	2852	2821	2980	3301	3612	3922	4064	4039	3949	3750	3512	3232	2984	2715	2548	2376	2179	
339	3656	59.9	60.0	10	1	1	2	1024	1484	2254	3363	4343	5055	5357	5401	5154	4865	4473	4091	3709	3324	3052	2870	2824	2975	3317	3618	3900	4069	4045	3959	3724	3535	3268	2969	2749	2542	2374	2177	
339	3673	60.0	60.0	10	1	1	2	1018	1483	2277	3348	4349	5054	5393	5385	5139	4856	4449	4089	3718	3307	3077	2853	2837	2982	3302	3598	3858	4106	4046	3930	3752	3508	3263	2967	2739	2564	2375	2160	
339	3690	60.0	60.0	10	1	1	2	1021	1454	2270	3321	4356	5049	5372	5396	5151	4844	4393	4060	3703	3345	3041	2851	2863	2958	3263	3594	3907	4068	4048	3907	3736	3517	3247	2965	2741	2537	2357	2165	
339	3708	60.0	60.0	10	1	1	2	1011	1473	2240	3335	4343	5043	5298	5328	5104	4837	4463	4065	3646	3313	3036	2851	2823	2972	3303	3582	3877	4065	4046	3953	3752	3522	3232	2959	2736	2573	2375	2187	
339	3770	95.0	95.1	11	1	0	2	921	1132	1525	2037	2548	2952	3161	3207	3157	3018	2845	2641	2469	2309	2173	2134	2191	2359	2674	2881	3125	3281	3246	3140	3062	2915	2685	2498	2365	2190	2049	1926	
339	3787	95.0	95.0	11	1	0	2	931	1134	1518	2034	2528	2919	3146	3203	3151	3020	2837	2661	2453	2269	2171	2082	2200	2354	2661	2919	3123	3292	3274	3162	3055	2921	2685	2506	2358	2204	2077	1928	
339	3850	60.0	60.1	11	1	1	2	988	1467	2274	3353	4345	5043	5366	5396	5151	4856	4495	4056	3665	3314	3044	2863	2835	2981	3287	3605	3884	4073	4067	3890	3744	3473	3274	2939	2735	2538	2336	2182	
339	3867	59.9	60.0	11	1	1	2	1010	1469	2242	3356	4367	5044	5431	5400	5167	4856	4520	4082	3666	3299	3076	2917	2867	2955	3318	3642	3893	4081	4094	3927	3782	3511	3263	2946	2747	2530	2347	2210	
339	3885	59.9	60.0	11	1	1	2	1020	1474	2254	3300	4356	5081	5355	5409	5141	4824	4460	4037	3681	3349	3033	2868	2856	2955	3264	3574	3876	4079	4012	3893	3752	3513	3244	2986	2761	2516	2389	2184	
339	3902	59.9	60.0	11	1	1	2	1006	1438	2292	3344	4334	5055	5344	5383	5141	4824	4444	4022	3684	3313	3050	2849	2876	2966	3264	3604	3862	4071	4077	3913	3730	3498	3239	2974	2747	2543	2357	2164	
339	3919	60.0	60.0	11	1	1	2	1017	1461	2257	3277	4326	4995	5369	5366	5147	4823	4488	4046	3650	3319	3043	2855	2845	2920	3290	3566	3869	4106	4048	3878	3745	3478	3271	2963	2738	2516	2351	2163	
339	3936	59.9	60.0	11	1	1	2	1011	1460	2258	3328	4290	5004	5340	5337	5138	4805	4472	4066	3667	3319	3027	2838	2811	2944	3240	3586	3893	4041	4024	3920	3734	3485	3301	2967	2712	2501	2315	2177	
339	3954	60.0	60.0	11	1	1	2	1005	1443	2254	3320	4299	5023	5332	5319	5117	4804	4446	4050	3652	3303	3002	2839	2838	2967	3280	3587	3936	4040	4022	3885	3770	3500	3240	2979	2726	2496	2360	2135	
339	4018	95.0	95.1	12	1	0	2	920	1133	1502	2043	2539	2914	3097	3188	3143	3017	2816	2615	2447	2279	2173	2124	2167	2333	2647	2908	3112	3236	3235	3142	3041	2893	2682	2502	2333	2209	2052	1890	
339	4035	95.0	95.0	12	1	0	2	920	1122	1501	2052	2506	2902	3128	3218	3148	2998	2822	2671	2441	2261	2166	2097	2167	2329	2640	2917	3094	3263	3183	3183	3038	2863	2686	2494	2333	2183	2074	1927	
339	4096	59.9	60.1	12	1	1	2	1020	1440	2254	3303	4296	4985	5331	5364	5116	4818	4425	4023	3684	3302	3052	2850	2843	3009	3231	3573	3843	4058	4008	3920	3748	3486	3244	2936	2727	2504	2359	2153	
339	4113	59.9	60.0	12	1	1	2	1022	1466	2245	3350	4329	5042	5354	5385	5112	4834	4469	4046	3652	3327	3040	2865	2852	2955	3241	3581	3891	4064	4037	3916	3788	3466	3246	2975	2730	2514	2355	2146	
339	4131	60.0	60.0	12	1	1	2	1014	1453	2227	3329	4296	5008	5259	5357	5122	4789	4437	4030	3656	3301	3056	2875	2841	2947	3261	3597	3856	4047	3997	3924	3735	3498	3250	2965	2695	2501	2331	2168	
339	4148	59.9	60.0	12	1	1	2	1019	1454	2234	3352	4312	5052	5314	5345	5095	4803	4438	4057	3700	3247	3060	2848	2825	2953	3249	3563	3879	4051	4045	3934	3739	3516	3259	2943	2734	2544	2354	2133	
339	4165	60.0	60.0	12	1	1	2	1015	1462	2267	3317	4319	4985	5321	5317	5092	4818	4402	4005	3641	3293	3044	2836	2785	2940	3239	3545	3830	4043	4033	3892	3768	3475	3229	2950	2694	2508	2358	2155	
339	4182	60.0	60.0	12	1	1	2	995	1454	2250	3333	4309	4986	5275	5338	5079	4800	4389	4052	3665	3316	3053	2857	2798	2934	3251	3598	3862	4032	4027	3865	3696	3517	3276	2959	2702	2503	2376	2154	
339	4200	60.0	60.0	12	1	1	2	1011	1463	2240	3338	4299	4966	5318	5269	5094	4789	4440	4037	3715	3271	3003	2846	2809	2948	3230	3584	3875	4063	4025	3899	3726	3467	3234	2972	2735	2492	2348	2155	
339	4262	95.1	95.1	13	1	0	2	912	1142	1502	2011	2533	2888	3110	3167	3121	3000	2850	2605	2470	2288	2157	2106	2182	2323	2608	2887	3120	3246	3243	3111	3022	2861	2692	2511	2308	2164	2059	1902	
339	4279	95.0	95.0	13	1	0	2	920	1133	1513	2031	2525	2907	3113	3179	3121	3004	2831	2619	2452	2269	2182	2118	2175	2362	2616	2871	3106	3236	3230	3153	3031	2863	2672	2507	2346	2176	2080	1904	
339	4342	60.0	60.1	13	1	1	2	1012	1445	2239	3296	4297	5010	5334	5388	5121	4805	4406	4014	3654	3311	3036	2833	2836	2917	3250	3595	3838	4030	4045	3941	3757	3477	3245	2930	2743	2489	2350	2149	
339	4359	59.9	60.0	13	1	1	2	1013	1453	2247	3324	4305	4973	5306	5328	5127	4799	4397	3980	3657	3280	3015	2829	2803	2941	3255	3574	3859	4075	4033	3890	3724	3486	3253	2960	2725	2496	2377	2157	
339	4377	59.9	60.0	13	1	1	2	1024	1450	2237	3341	4290	5017	5324	5321	5121	4791	4413	4011	3633	3252	3022	2807	2817	2967	3260	3556	3865	4037	4021	3932	3725	3484	3234	2947	2696	2516	2370	2155	
339	4394	60.0	60.0	13	1	1	2	1008	1450	2264	3300	4284	4965	5288	5323	5092	4824	4436	4001	3605	3282	3032	2843	2815	2912	3247	3587	3822	4011	4042	3878	3690	3481	3248	2923	2731	2494	2332	2167	
339	4411	60.0	60.0	13	1	1	2	1009	1441	2245	3304	4252	4961	5286	5338	5046	4782	4394	3959	3594	3312	3016	2838	2787	2947	3242	3551	3858	4050	3956	3895	3704	3446	3230	2933	2712	2499	2301	2158	
339	4428	60.0	60.0	13	1	1	2	1002	1444	2205	3281	4284	4983	5265	5299	5107	4759	4411	3990	3621	3261	2984	2859	2806	2946	3268	3553	3808	4073	3999	3893	3724	3449	3242	2917	2704	2517	2364	2181	
339	4446	60.0	60.0	13	1	1	2	1017	1457	2232	3320	4271	4983	5279	5317	5050	4781	4421	3952	3639	3255	3007	2793	2820	2888	3212	3537	3871	4039	3968	3893	3678	3460	3215	2944	2682	2468	2332	2154	
339	4510	94.9	95.1	14	1	0	2	920	1115	1487	1973	2538	2922	3117	3193	3101	3020	2831	2628	2432	2287	2151	2117	2172	2335	2609	2903	3090	3258	3236	3150	2985	2853	2707	2497	2317	2148	2054	1926	
339	4527	95.0	95.0	14	1	0	2	932	1136	1508	2033	2526	2913	3117	3190	3096	2986	2793	2592	2436	2277	2109	2100	2164	2319	2585	2884	3083	3194	3210	3129	3010	2850	2690	2500	2314	2171	2036	1887	
339	4590	59.9	60.1	14	1	1	2	1000	1466	2255	3298	4268	5019	5293	5290	5103	4785	4417	4001	3657	3309	3006	2837	2795	2918	3268	3554	3877	4049	4013	3902	3682	3465	3227	2912	2748	2525	2341	2134	
339	4608	59.9	60.0	14	1	1	2	1024	1450	2234	3319	4298	5007	5305	5312	5075	4807	4415	4034	3641	3273	3037	2860	2825	2948	3258	3540	3836	4048	3992	3896	3715	3484	3233	2962	2706	2520	2333	2184	
339	4625	60.0	60.0	14	1	1	2	1020	1472	2238	3276	4217	4947	5275	5315	5070	4770	4468	4054	3632	3264	3000	2806	2779	2921	3248	3561	3829	4011	3992	3901	3670	3462	3239	2915	2686	2488	2332	2139	
339	4642	60.0	60.0	14	1	1	2	1010	1449	2211	3285	4275	4992	5278	5287	5067	4804	4415	4012	3656	3284	2983	2840	2786	2923	3197	3549	3831	4035	4019	3914	3714	3438	3226	2925	2716	2492	2361	2149	
339	4659	59.9	60.0	14	1	1	2	1021	1448	2247	3317	4254	4940	5264	5305	5059	4710	4388	3941	3617	3238	2979	2811	2791	2883	3220	3539	3833	4026	3953	3847	3699	3449	3200	2913	2700	2475	2351	2143	
339	4677	59.9	60.0	14	1	1	2	1022	1438	2222	3322	4275	4919	5316	5309	5027	4772	4381	3988	3591	3263	3040	2830	2776	2914	3237	3555	3823	3999	3998	3900	3659	3475	3212	2940	2701	2480	2322	2153	
339	4694	60.0	60.0	14	1	1	2	999	1466	2216	3295	4282	4997	5243	5274	5051	4808	4361	4000	3637	3276	2986	2822	2822	2902	3228	3571	3835	4019	3977	3856	3703	3466	3206	2912	2699	2504	2336	2129	
339	4758	94.9	95.1	15	1	0	2	908	1131	1500	2018	2494	2873	3112	3152	3067	2961	2807	2606	2433	2270	2140	2098	2160	2305	2603	2882	3073	3208	3194	3130	3014	2857	2694	2477	2303	2145	2047	1906	
339	4776	95.0	95.0	15	1	1	2	942	1124	1487	2034	2509	2909	3098	3171	3117	2960	2804	2631	2446	2251	2192	2096	2169	2295	2591	2900	3087	3228	3225	3124	3033	2833	2670	2473	2325	2178	2048	1897	
339	4838	59.9	60.1	15	1	1	2	1005	1436	2210	3253	4246	4928	5201	5259	5023	4720	4381	3978	3615	3243	2990	2804	2781	2872	3214	3495	3805	3987	3993	3856	3661	3437	3198	2913	2695	2482	2306	2118	
339	4856	60.0	60.0	15	1	1	2	994	1436	2222	3250	4255	4926	5242	5256	5039	4737	4389	3996	3632	3235	2996	2816	2794	2908	3210	3553	3796	3972	3981	3877	3647	3447	3191	2912	2666	2486	2358	2135	
339	4873	59.9	60.0	15	1	1	2	1003	1458	2223	3255	4186	4921	5192	5232	5000	4726	4324	3957	3569	3221	2985	2797	2785	2870	3158	3497	3783	3987	3960	3844	3646	3438	3181	2881	2666	2481	2334	2157	
339	4890	60.0	60.0	15	1	1	2	1001	1446	2219	3265	4240	4936	5245	5252	5012	4744	4362	3949	3646	3248	2978	2785	2783	2899	3213	3510	3808	3996	3972	3858	3652	3490	3190	2906	2714	2471	2321	2140	
339	4907	60.0	60.0	15	1	1	2	1019	1444	2205	3241	4221	4918	5250	5233	4988	4692	4349	3944	3598	3245	2994	2793	2773	2900	3203	3532	3805	4015	3945	3777	3670	3406	3159	2896	2689	2469	2325	2133	
339	4925	60.0	60.0	15	1	1	2	1020	1431	2243	3290	4257	4909	5233	5254	5019	4689	4365	4003	3614	3266	2964	2783	2778	2888	3186	3547	3806	3944	3964	3828	3683	3434	3197	2892	2666	2476	2323	2159	
339	4942	60.0	60.0	15	1	1	2	1005	1430	2213	3224	4211	4928	5246	5250	5030	4702	4338	3953	3587	3239	2992	2791	2744	2876	3187	3528	3784	3956	3932	3813	3663	3446	3171	2913	2685	2457	2320	2165	
339	5006	94.9	95.1	16	1	0	2	908	1138	1505	2008	2517	2898	3083	3165	3085	2986	2824	2622	2440	2237	2157	2080	2178	2356	2535	2858	3088	3218	3197	3132	2968	2843	2697	2461	2310	2166	2062	1889	
339	5024	95.0	95.0	16	1	1	2	884	1121	1499	2003	2488	2872	3083	3176	3081	2979	2786	2604	2428	2249	2167	2123	2151	2339	2605	2885	3099	3208	3186	3108	2982	2822	2664	2445	2334	2165	2053	1902	
339	5086	59.9	60.1	16	1	1	2	1007	1450	2213	3287	4254	4988	5227	5275	5052	4786	4389	3992	3596	3247	2992	2811	2772	2908	3219	3529	3830	4029	3999	3872	3683	3430	3210	2920	2683	2488	2317	2155	
339	5104	60.0	60.0	16	1	1	2	1010	1463	2217	3262	4267	4951	5254	5255	5077	4756	4374	3958	3647	3235	3007	2783	2815	2905	3210	3534	3824	4023	3980	3844	3713	3435	3217	2911	2710	2477	2335	2148	
339	5121	60.0	60.0	16	1	1	2	999	1437	2225	3257	4254	4943	5228	5252	5033	4756	4360	3978	3609	3265	2994	2824	2838	2923	3178	3536	3841	4007	3938	3883	3665	3411	3187	2938	2680	2496	2347	2119	
339	5138	60.0	60.0	16	1	1	2	1014	1451	2162	3295	4255	4946	5213	5296	5031	4735	4374	3974	3606	3233	3010	2805	2803	2875	3232	3507	3839	3976	4005	3865	3675	3455	3200	2916	2687	2490	2347	2134	
339	5155	60.0	60.0	16	1	1	2	1005	1452	2242	3292	4263	4956	5277	5270	5052	4726	4364	3978	3610	3245	2979	2854	2804	2900	3209	3548	3806	4004	3969	3886	3686	3452	3190	2928	2706	2475	2335	2149	
339	5173	59.9	60.0	16	1	1	2	998	1448	2250	3284	4237	4930	5267	5246	5065	4791	4365	3999	3611	3270	2983	2805	2769	2933	3202	3542	3842	3975	3966	3863	3692	3437	3208	2897	2667	2492	2348	2145	
339	5190	60.0	60.0	16	1	1	2	1015	1446	2230	3274	4241	4922	5249	5295	5006	4716	4339	3981	3633	3210	3007	2813	2775	2896	3198	3499	3781	4018	4005	3841	3688	3416	3191	2933	2718	2477	2345	2140	
339	5252	95.0	95.1	17	1	0	2	946	1129	1499	2003	2497	2883	3102	3184	3091	2955	2827	2610	2396	2254	2176	2090	2146	2324	2570	2865	3121	3215	3191	3113	2987	2828	2668	2456	2290	2142	2070	1901	
339	5270	95.0	95.0	17	1	1	2	926	1108	1495	2005	2513	2876	3082	3167	3086	2975	2800	2592	2439	2247	2139	2095	2143	2315	2590	2852	3054	3203	3199	3123	2980	2847	2681	2493	2318	2154	2025	1923	
339	5333	60.0	60.0	17	1	1	2	1007	1444	2209	3262	4237	4942	5223	5258	5058	4711	4353	3964	3613	3239	2988	2830	2796	2900	3210	3568	3824	4011	3946	3886	3704	3420	3211	2911	2694	2495	2349	2137	
339	5350	59.9	60.0	17	1	1	2	1029	1473	2222	3304	4271	4984	5260	5340	5023	4757	4359	4010	3654	3287	2970	2834	2786	2892	3254	3568	3829	4025	3956	3867	3692	3459	3197	2930	2692	2493	2377	2146	
339	5367	60.0	60.0	17	1	1	2	1011	1448	2216	3258	4218	4936	5241	5228	4989	4740	4386	3971	3587	3240	3007	2829	2796	2884	3201	3515	3810	4016	3946	3857	3633	3385	3234	2861	2667	2477	2306	2149	
339	5384	60.0	60.0	17	1	1	2	1003	1449	2219	3264	4243	4924	5237	5251	5052	4747	4366	3964	3592	3235	2988	2793	2782	2933	3208	3536	3798	4001	4031	3805	3650	3423	3199	2911	2741	2487	2343	2152	
339	5402	60.0	60.0	17	1	1	2	1014	1466	2234	3287	4250	4934	5234	5278	4995	4729	4332	3985	3641	3220	2955	2828	2773	2902	3191	3524	3786	3995	3924	3844	3689	3395	3208	2886	2693	2477	2349	2149	
339	5419	59.9	60.0	17	1	1	2	1007	1483	2243	3260	4256	4915	5243	5258	5010	4724	4368	3986	3590	3243	3011	2806	2792	2894	3222	3528	3783	4010	3975	3837	3653	3439	3206	2906	2654	2476	2322	2159	
339	5436	60.0	60.0	17	1	1	2	1018	1457	2221	3241	4257	4932	5226	5278	5021	4727	4367	3987	3613	3260	3001	2789	2764	2880	3178	3524	3815	3975	3984	3836	3674	3446	3162	2925	2688	2499	2330	2151	
339	5501	95.0	95.1	18	1	0	2	899	1124	1497	2046	2508	2866	3098	3144	3077	2955	2793	2607	2428	2244	2144	2088	2163	2320	2601	2871	3103	3208	3200	3114	2976	2860	2653	2441	2324	2130	2031	1917	
339	5518	95.0	95.0	18	1	1	2	913	1102	1498	2021	2507	2889	3082	3183	3089	2923	2776	2591	2415	2234	2142	2090	2144	2297	2623	2850	3098	3222	3190	3109	2972	2809	2649	2448	2316	2147	2026	1896	
339	5581	60.0	60.0	18	1	1	2	1012	1428	2198	3247	4186	4893	5218	5245	4987	4700	4354	3921	3588	3239	3001	2750	2758	2876	3162	3524	3791	3972	3929	3827	3646	3402	3181	2889	2656	2474	2299	2143	
339	5598	59.9	60.0	18	1	1	2	1018	1444	2187	3261	4229	4907	5267	5217	5007	4717	4326	3959	3609	3235	2992	2800	2762	2877	3159	3526	3804	3981	3948	3836	3627	3401	3179	2901	2668	2481	2326	2135	
339	5615	59.9	60.0	18	1	1	2	1029	1438	2193	3248	4198	4854	5169	5221	4965	4749	4305	3945	3569	3215	2997	2777	2761	2855	3153	3496	3806	3953	3909	3818	3633	3401	3166	2872	2672	2446	2294	2124	
339	5632	60.0	60.0	18	1	1	2	1017	1451	2198	3256	4172	4870	5154	5160	4982	4679	4312	3940	3568	3246	2963	2779	2760	2888	3210	3450	3802	3958	3908	3835	3619	3414	3173	2865	2664	2468	2306	2144	
339	5650	60.0	60.0	18	1	1	2	1015	1446	2193	3214	4197	4863	5200	5228	4980	4713	4332	3964	3568	3267	2950	2797	2783	2853	3162	3506	3784	3933	3932	3819	3629	3398	3176	2897	2652	2446	2301	2158	
339	5667	60.0	60.0	18	1	1	2	985	1431	2176	3220	4181	4892	5197	5253	4964	4723	4294	3959	3601	3213	2995	2793	2772	2822	3164	3505	3778	3973	3928	3812	3633	3403	3173	2900	2639	2461	2308	2131	
339	5684	60.0	60.0	18	1	1	2	1004	1468	2214	3255	4177	4892	5159	5186	4986	4659	4296	3925	3568	3200	2932	2766	2711	2848	3172	3486	3739	3967	3946	3836	3640	3409	3181	2888	2650	2452	2298	2133	
339	5749	95.0	95.1	19	1	0	2	914	1115	1506	1997	2494	2854	3107	3164	3098	2973	2802	2594	2433	2243	2143	2080	2147	2274	2600	2821	3051	3188	3223	3111	2976	2843	2663	2442	2309	2173	2028	1895	
339	5766	95.0	95.0	19	1	1	2	922	1097	1478	2004	2513	2897	3080	3148	3054	2936	2764	2576	2418	2242	2125	2112	2137	2324	2598	2866	3075	3199	3188	3131	2986	2824	2664	2450	2292	2167	2047	1874	
339	5829	59.9	60.1	19	1	1	2	1008	1432	2244	3263	4214	4900	5207	5250	5005	4714	4376	3965	3585	3261	2982	2801	2781	2866	3184	3506	3791	3974	3952	3831	3632	3430	3195	2912	2678	2465	2319	2142	
339	5846	59.9	60.0	19	1	1	2	1007	1456	2174	3271	4206	4914	5246	5289	5051	4688	4381	3984	3611	3238	2998	2805	2802	2901	3224	3531	3783	3976	3946	3836	3677	3422	3211	2943	2686	2487	2316	2146	
339	5863	59.9	60.0	19	1	1	2	1009	1440	2211	3271	4252	4885	5204	5244	5005	4703	4332	3962	3581	3233	2957	2809	2789	2878	3193	3526	3808	3965	3978	3846	3669	3434	3188	2916	2707	2458	2355	2158	
339	5881	59.9	60.0	19	1	1	2	1001	1448	2194	3298	4207	4916	5186	5251	4998	4701	4295	3917	3565	3224	2977	2799	2757	2874	3177	3500	3776	3952	3945	3851	3662	3426	3175	2882	2678	2470	2316	2132	
339	5898	59.9	60.0	19	1	1	2	988	1462	2208	3223	4222	4901	5235	5234	4996	4696	4338	3910	3614	3224	2975	2798	2780	2861	3203	3516	3802	3966	3942	3824	3631	3395	3209	2900	2692	2456	2332	2133	
339	5915	60.0	60.0	19	1	1	2	1009	1449	2232	3292	4199	4924	5198	5204	5004	4702	4324	3979	3575	3235	2986	2807	2765	2886	3195	3489	3792	3957	3948	3819	3649	3447	3173	2914	2694	2444	2313	2123	
339	5932	59.9	60.0	19	1	1	2	1012	1455	2234	3270	4189	4891	5230	5191	4969	4738	4312	3961	3588	3228	2976	2794	2772	2871	3163	3495	3792	3971	3922	3790	3669	3422	3186	2863	2652	2463	2350	2138	
339	5997	94.9	95.1	20	1	0	2	913	1128	1502	1986	2484	2886	3087	3151	3053	2963	2757	2568	2420	2249	2156	2097	2144	2306	2581	2842	3101	3189	3210	3091	2950	2828	2662	2452	2275	2140	2054	1901	
339	6014	95.0	95.0	20	1	1	2	914	1116	1493	2018	2499	2867	3064	3144	3075	2945	2754	2589	2405	2229	2149	2080	2156	2314	2574	2850	3059	3170	3196	3089	2998	2804	2654	2453	2279	2160	2041	1891	
339	6077	59.9	60.1	20	1	1	2	1012	1410	2209	3267	4212	4902	5198	5263	4968	4749	4373	3944	3644	3222	3003	2812	2787	2873	3179	3511	3792	3962	3945	3821	3664	3426	3194	2881	2679	2483	2315	2128	
339	6094	59.9	60.0	20	1	1	2	1004	1444	2202	3289	4217	4884	5243	5284	5012	4703	4337	3953	3593	3245	2946	2783	2771	2922	3194	3493	3812	4002	3970	3800	3644	3381	3193	2927	2702	2475	2315	2129	
339	6111	60.0	60.0	20	1	1	2	1003	1432	2214	3256	4233	4942	5226	5243	4989	4722	4355	3931	3616	3202	2972	2772	2775	2904	3188	3490	3830	3978	3952	3874	3666	3427	3198	2903	2695	2479	2313	2145	
339	6129	60.0	60.0	20	1	1	2	1007	1429	2211	3249	4217	4920	5176	5242	4968	4714	4343	3934	3597	3235	2972	2802	2770	2889	3195	3507	3797	3968	3954	3850	3670	3416	3183	2942	2662	2493	2308	2139	
339	6146	60.0	60.0	20	1	1	2	1012	1444	2212	3264	4197	4908	5252	5241	5029	4736	4320	3965	3573	3222	2960	2747	2769	2870	3199	3537	3776	3969	3948	3866	3685	3359	3196	2908	2659	2490	2320	2140	
339	6163	60.0	60.0	20	1	1	2	1005	1458	2211	3236	4228	4884	5191	5183	4949	4698	4320	3910	3614	3213	2990	2787	2745	2859	3140	3495	3791	3953	3943	3829	3631	3402	3192	2885	2661	2457	2311	2138	
339	6180	60.0	60.0	20	1	1	2	1006	1434	2221	3275	4216	4896	5188	5181	5018	4684	4334	3922	3577	3216	2956	2803	2751	2886	3139	3509	3788	3964	3969	3850	3676	3377	3171	2884	2664	2461	2313	2129	
339	6245	95.0	95.1	21	1	0	2	924	1131	1472	1986	2472	2849	3049	3149	3066	2951	2778	2569	2408	2230	2128	2078	2145	2296	2608	2843	3081	3169	3171	3089	2956	2769	2660	2436	2295	2168	2028	1899	
339	6262	95.0	95.0	21	1	1	2	910	1126	1494	1989	2492	2859	3066	3162	3054	2958	2798	2603	2430	2212	2140	2069	2127	2292	2552	2841	3068	3198	3195	3101	2954	2810	2657	2442	2285	2144	2022	1892	
339	6323	59.9	60.1	21	1	1	2	1007	1448	2232	3257	4232	4895	5196	5257	4992	4726	4333	3931	3605	3219	2946	2790	2770	2890	3187	3491	3773	3982	3979	3831	3676	3423	3161	2910	2668	2479	2326	2153	
339	6340	59.9	60.0	21	1	1	2	1019	1445	2189	3250	4217	4891	5196	5250	5027	4735	4364	3968	3601	3245	2967	2819	2815	2903	3185	3511	3782	3975	3959	3844	3658	3393	3199	2907	2685	2473	2340	2121	
339	6357	59.9	60.0	21	1	1	2	1009	1427	2235	3240	4217	4879	5186	5216	5002	4683	4372	3955	3587	3226	2960	2782	2751	2881	3166	3502	3753	3978	3928	3865	3635	3408	3171	2899	2679	2479	2330	2150	
339	6375	60.0	60.0	21	1	1	2	1001	1449	2206	3269	4209	4896	5192	5220	4939	4672	4318	3930	3563	3239	2993	2808	2772	2879	3205	3491	3760	3934	3941	3862	3640	3384	3182	2894	2683	2453	2336	2157	
339	6392	59.9	60.0	21	1	1	2	1009	1445	2211	3265	4193	4889	5170	5172	4938	4688	4321	3956	3593	3234	2958	2778	2791	2871	3200	3530	3756	3921	3955	3836	3690	3427	3164	2879	2672	2454	2336	2112	
339	6409	59.9	60.0	21	1	1	2	1014	1445	2220	3237	4198	4892	5228	5189	5029	4736	4308	3964	3594	3240	2953	2771	2772	2902	3200	3488	3776	3990	3974	3839	3645	3390	3174	2898	2666	2463	2304	2153	
339	6426	60.0	60.0	21	1	1	2	1001	1440	2195	3247	4203	4880	5158	5206	4993	4715	4321	3922	3604	3209	2971	2745	2779	2894	3204	3497	3791	3937	3947	3820	3668	3403	3179	2868	2672	2464	2280	2138	
339	6489	95.0	95.0	22	1	0	2	913	1116	1470	1985	2493	2882	3076	3145	3089	2956	2798	2598	2414	2238	2125	2098	2173	2283	2571	2847	3018	3234	3142	3090	2986	2833	2676	2471	2313	2155	2045	1883	
339	6569	59.9	60.1	22	1	1	2	991	1437	2210	3245	4239	4856	5120	5221	4990	4666	4334	3946	3582	3229	2975	2807	2768	2876	3219	3500	3761	3965	3942	3857	3639	3387	3164	2886	2642	2454	2318	2138	
339	6586	59.9	60.0	22	1	1	2	1015	1452	2203	3236	4213	4878	5220	5231	5059	4712	4324	3958	3569	3259	3018	2798	2777	2936	3199	3524	3811	4000	3913	3839	3669	3378	3200	2898	2707	2500	2306	2132	
339	6604	60.0	60.0	22	1	1	2	1001	1448	2186	3203	4201	4901	5175	5239	4964	4693	4349	3912	3586	3192	2962	2786	2782	2887	3176	3512	3771	3971	3917	3805	3693	3377	3168	2893	2673	2463	2333	2123	
339	6621	60.0	60.0	22	1	1	2	1010	1452	2208	3276	4211	4899	5221	5234	5004	4721	4348	3964	3580	3223	2985	2790	2778	2891	3174	3480	3775	3961	3936	3832	3669	3404	3189	2893	2659	2453	2314	2131	
339	6638	60.0	60.0	22	1	1	2	1010	1435	2220	3233	4205	4893	5234	5228	5007	4712	4368	3926	3569	3205	2991	2797	2748	2879	3174	3509	3761	3942	3998	3852	3643	3385	3180	2890	2676	2481	2332	2149	
339	6655	60.0	60.0	22	1	1	2	1007	1430	2208	3237	4215	4854	5223	5211	4963	4698	4319	3954	3581	3226	2986	2807	2754	2858	3189	3476	3785	3955	3916	3817	3641	3394	3194	2844	2679	2467	2318	2131	
339	6673	60.0	60.0	22	1	1	2	1009	1433	2199	3224	4195	4859	5141	5181	4958	4675	4307	3922	3565	3226	2981	2759	2767	2868	3185	3489	3763	3965	3932	3831	3665	3384	3203	2861	2656	2445	2324	2119	
339	6735	95.0	95.0	23	1	0	2	915	1113	1488	2015	2505	2847	3036	3135	3064	2971	2784	2581	2410	2226	2121	2086	2132	2301	2578	2855	3042	3150	3187	3082	2965	2806	2630	2442	2300	2136	2027	1893	
339	6815	60.0	60.1	23	1	1	2	1015	1419	2196	3224	4195	4871	5184	5180	4921	4693	4305	3916	3556	3212	2941	2746	2757	2866	3172	3457	3757	3959	3894	3782	3628	3382	3162	2838	2632	2439	2300	2080	
339	6832	60.0	60.0	23	1	1	2	1011	1432	2212	3228	4180	4878	5150	5169	4979	4697	4309	3929	3580	3236	2969	2758	2725	2870	3211	3482	3757	3919	3888	3844	3621	3404	3148	2880	2674	2439	2303	2111	
339	6850	59.9	60.0	23	1	1	2	1001	1422	2195	3213	4165	4855	5109	5159	4944	4673	4331	3945	3594	3220	2944	2754	2750	2853	3136	3508	3768	3936	3912	3842	3602	3401	3147	2857	2645	2482	2313	2134	
339	6867	60.0	60.0	23	1	1	2	1014	1428	2198	3225	4162	4884	5153	5173	4924	4662	4306	3906	3559	3227	2962	2755	2738	2865	3192	3479	3749	3916	3895	3796	3617	3362	3123	2880	2630	2472	2293	2156	
339	6884	60.0	60.0	23	1	1	2	1014	1451	2184	3215	4146	4861	5139	5220	4906	4621	4295	3899	3546	3198	2947	2804	2741	2864	3155	3483	3765	3937	3943	3820	3611	3391	3160	2875	2648	2474	2308	2128	
339	6901	60.0	60.0	23	1	1	2	1005	1462	2189	3222	4235	4840	5153	5146	4924	4683	4307	3908	3535	3233	2934	2764	2749	2843	3139	3475	3742	3865	3923	3782	3593	3390	3165	2843	2635	2459	2319	2119	
339	6919	59.9	60.0	23	1	1	2	992	1439	2184	3224	4173	4840	5139	5209	4950	4622	4277	3858	3566	3209	2951	2742	2792	2820	3182	3485	3752	3950	3879	3775	3594	3408	3164	2879	2678	2442	2293	2111	
339	6981	95.0	95.1	24	1	0	2	927	1121	1478	1986	2469	2864	3008	3131	3031	2962	2765	2599	2416	2222	2121	2055	2141	2309	2554	2802	3035	3159	3100	3048	2965	2779	2599	2441	2289	2127	1995	1865	
339	7061	59.9	60.1	24	1	1	2	1026	1435	2181	3207	4169	4912	5174	5208	4951	4643	4299	3957	3563	3158	2943	2762	2753	2864	3192	3466	3740	3918	3925	3784	3613	3392	3166	2860	2654	2425	2316	2073	
339	7078	60.0	60.0	24	1	1	2	999	1411	2200	3219	4188	4865	5185	5220	4957	4683	4305	3943	3560	3218	2964	2789	2762	2865	3148	3494	3747	3960	3921	3835	3630	3393	3183	2885	2644	2437	2275	2113	
339	7096	59.9	60.0	24	1	1	2	976	1431	2188	3227	4175	4843	5136	5185	4929	4606	4316	3905	3528	3204	2954	2768	2721	2842	3172	3475	3715	3898	3891	3800	3596	3360	3149	2865	2658	2464	2309	2099	
339	7113	60.0	60.0	24	1	1	2	1024	1416	2177	3187	4149	4840	5126	5155	4952	4628	4272	3908	3560	3209	2965	2775	2741	2842	3134	3465	3721	3953	3919	3811	3637	3398	3152	2863	2652	2454	2268	2127	
339	7130	59.9	60.0	24	1	1	2	1003	1442	2188	3221	4187	4853	5105	5182	4933	4644	4291	3910	3545	3196	2948	2755	2754	2872	3175	3478	3774	3953	3917	3784	3612	3397	3135	2853	2626	2459	2324	2119	
339	7147	59.9	60.0	24	1	1	2	993	1439	2176	3210	4147	4828	5137	5174	4902	4631	4288	3940	3557	3193	2939	2770	2717	2854	3138	3469	3782	3939	3904	3775	3588	3392	3140	2887	2634	2446	2311	2120	
339	7165	60.0	60.0	24	1	1	2	1009	1437	2208	3207	4165	4848	5144	5164	4962	4646	4274	3915	3522	3209	2945	2776	2752	2857	3176	3464	3736	3914	3902	3833	3615	3375	3163	2848	2645	2442	2266	2119	
339	7229	94.9	95.1	25	1	0	2	907	1107	1483	1991	2493	2846	3106	3156	3076	2972	2760	2572	2408	2227	2112	2073	2137	2336	2565	2820	3053	3157	3155	3066	2948	2802	2637	2423	2310	2156	2023	1862	
339	7309	60.0	60.1	25	1	1	2	1009	1435	2161	3247	4217	4893	5199	5204	4945	4733	4347	3954	3577	3204	2988	2783	2792	2900	3168	3490	3816	3981	3966	3826	3652	3386	3178	2902	2679	2487	2316	2124	
339	7327	59.9	60.0	25	1	1	2	994	1435	2231	3268	4252	4922	5232	5214	4987	4677	4339	3932	3574	3240	2987	2781	2795	2868	3195	3480	3778	3979	3979	3851	3684	3429	3136	2884	2676	2481	2313	2114	
339	7344	60.0	60.0	25	1	1	2	1003	1444	2213	3239	4214	4934	5187	5256	5012	4703	4322	3967	3582	3266	2969	2778	2771	2888	3170	3521	3789	3940	3948	3836	3637	3428	3183	2891	2667	2483	2295	2137	
339	7361	60.0	60.0	25	1	1	2	1005	1435	2206	3261	4199	4876	5173	5248	4982	4703	4328	3902	3584	3227	2921	2805	2766	2859	3165	3487	3779	3927	3968	3857	3646	3424	3148	2877	2669	2462	2325	2134	
339	7378	60.0	60.0	25	1	1	2	1007	1444	2204	3226	4213	4888	5169	5235	4970	4682	4335	3914	3551	3199	2983	2776	2755	2886	3164	3494	3788	3967	3951	3853	3649	3395	3180	2884	2688	2476	2293	2130	
339	7396	60.0	60.0	25	1	1	2	1010	1424	2217	3263	4238	4891	5210	5230	4991	4679	4367	3931	3614	3234	2975	2762	2761	2874	3176	3494	3791	3963	3940	3790	3638	3445	3186	2912	2672	2473	2338	2153	
339	7413	60.0	60.0	25	1	1	2	1005	1442	2223	3198	4195	4887	5151	5256	4993	4666	4319	3919	3583	3221	2960	2818	2735	2862	3175	3482	3770	3926	3944	3819	3621	3398	3176	2884	2660	2475	2307	2127	
339	7477	95.0	95.1	26	1	0	2	919	1112	1493	1998	2504	2856	3076	3101	3060	2923	2773	2593	2427	2212	2133	2092	2160	2300	2553	2780	3056	3163	3122	3079	2966	2788	2656	2455	2293	2143	2048	1884	
339	7557	59.9	60.1	26	1	1	2	1001	1433	2224	3231	4224	4901	5179	5195	4994	4704	4355	3936	3589	3219	2970	2778	2761	2893	3198	3485	3782	3939	3950	3816	3616	3442	3172	2867	2655	2479	2296	2127	
339	7575	59.9	60.0	26	1	1	2	1009	1454	2203	3257	4188	4926	5189	5214	4996	4726	4361	3957	3622	3222	2962	2798	2781	2909	3155	3508	3781	4003	3937	3856	3690	3428	3203	2916	2707	2440	2287	2158	
339	7592	59.9	60.0	26	1	1	2	993	1438	2219	3284	4197	4913	5209	5231	4989	4690	4348	3954	3595	3203	2975	2782	2748	2904	3214	3513	3787	3958	3952	3838	3674	3398	3182	2867	2679	2451	2323	2124	
339	7609	59.9	60.0	26	1	1	2	1009	1469	2203	3222	4182	4938	5197	5226	5009	4696	4317	3943	3565	3225	2969	2796	2752	2880	3162	3494	3803	3971	3916	3811	3633	3403	3138	2864	2643	2455	2313	2151	
339	7626	60.0	60.0	26	1	1	2	1004	1424	2218	3256	4234	4884	5216	5205	4972	4669	4362	3915	3577	3230	2951	2767	2745	2895	3183	3487	3762	3950	3933	3808	3657	3388	3184	2899	2661	2454	2301	2119	
339	7644	60.0	60.0	26	1	1	2	1016	1445	2188	3198	4204	4873	5180	5187	4939	4685	4300	3903	3559	3212	2994	2742	2740	2882	3161	3453	3765	3939	3943	3807	3629	3404	3176	2892	2652	2481	2302	2130	
339	7661	60.0	60.0	26	1	1	2	1002	1443	2228	3207	4204	4886	5159	5157	4999	4698	4293	3943	3565	3227	2983	2781	2745	2853	3162	3467	3780	3950	3901	3800	3635	3389	3152	2904	2684	2465	2319	2135	
339	7723	94.9	95.0	27	1	0	2	917	1117	1487	2033	2492	2876	3071	3163	3062	2964	2789	2592	2442	2251	2139	2075	2144	2308	2577	2809	3056	3188	3195	3079	2956	2828	2654	2447	2299	2128	2038	1888	
339	7803	59.9	60.1	27	1	1	2	996	1434	2199	3259	4175	4869	5200	5206	4989	4692	4350	3924	3553	3230	2998	2789	2770	2873	3155	3469	3786	3972	3946	3812	3663	3400	3162	2885	2674	2480	2334	2118	
339	7821	60.0	60.0	27	1	1	2	1010	1442	2199	3268	4235	4931	5200	5201	5033	4746	4365	3978	3583	3228	2982	2798	2768	2944	3208	3531	3798	3969	3924	3876	3676	3388	3228	2886	2696	2482	2316	2126	
339	7838	60.0	60.0	27	1	1	2	1016	1450	2215	3243	4224	4868	5213	5212	4974	4658	4337	3963	3593	3268	2988	2783	2763	2880	3175	3479	3776	3976	3934	3839	3624	3399	3191	2893	2645	2507	2303	2112	
339	7855	60.0	60.0	27	1	1	2	1019	1441	2208	3240	4213	4907	5160	5228	4962	4664	4356	3924	3584	3229	2979	2782	2782	2862	3207	3495	3773	3951	3961	3824	3655	3444	3156	2892	2663	2445	2316	2138	
339	7872	60.0	60.0	27	1	1	2	1005	1444	2235	3261	4184	4904	5184	5240	5000	4670	4302	3940	3557	3255	2949	2797	2760	2902	3180	3491	3805	3999	3971	3818	3640	3395	3164	2869	2657	2483	2328	2136	
339	7890	59.9	60.0	27	1	1	2	1015	1436	2189	3242	4216	4866	5190	5210	4998	4661	4352	3911	3604	3211	2955	2795	2762	2881	3206	3492	3771	3950	3918	3823	3634	3404	3160	2893	2663	2474	2318	2115	
339	7907	60.0	60.0	27	1	1	2	1004	1448	2216	3232	4206	4839	5182	5203	4895	4674	4311	3926	3575	3173	2998	2771	2762	2864	3144	3500	3746	3934	3939	3798	3625	3408	3171	2857	2659	2429	2310	2121	
339	7970	94.9	95.0	28	1	0	2	909	1130	1462	1975	2505	2834	3087	3189	3074	2969	2785	2596	2412	2200	2139	2102	2147	2302	2552	2829	3028	3180	3201	3086	2973	2806	2648	2445	2315	2121	2034	1877	
339	8050	60.0	60.1	28	1	1	2	1009	1450	2188	3229	4221	4889	5217	5224	5005	4691	4296	3949	3603	3244	2990	2797	2756	2893	3173	3471	3782	3949	3980	3827	3646	3370	3182	2864	2670	2459	2332	2155	
339	8067	59.9	60.0	28	1	1	2	948	1464	2229	3271	4236	4851	5232	5225	5048	4738	4327	3944	3567	3237	2978	2777	2773	2884	3185	3459	3796	3924	3924	3823	3644	3421	3196	2898	2675	2463	2341	2159	
339	8084	60.0	60.0	28	1	1	2	1008	1448	2194	3249	4212	4906	5211	5210	4999	4700	4324	3929	3607	3216	2969	2767	2744	2915	3194	3511	3771	3958	3941	3819	3646	3389	3181	2880	2642	2470	2306	2137	
339	8101	59.9	60.0	28	1	1	2	1009	1441	2193	3198	4195	4863	5161	5205	4999	4703	4315	3949	3563	3230	2961	2751	2756	2819	3165	3476	3782	3951	3891	3811	3616	3406	3184	2888	2658	2443	2308	2119	
339	8119	60.0	60.0	28	1	1	2	985	1437	2200	3272	4182	4870	5161	5221	4978	4691	4287	3935	3555	3221	2967	2760	2749	2877	3183	3503	3781	3997	3902	3826	3624	3416	3195	2896	2654	2463	2308	2137	
339	8136	59.9	60.0	28	1	1	2	1002	1432	2204	3251	4217	4890	5192	5250	4944	4699	4372	3959	3582	3222	2958	2789	2770	2872	3208	3484	3770	3953	3924	3877	3637	3433	3190	2921	2656	2451	2318	2163	
339	8153	60.0	60.0	28	1	1	2	1017	1446	2193	3242	4177	4925	5195	5217	5014	4693	4334	3929	3591	3207	2972	2811	2776	2892	3196	3483	3799	3954	3940	3837	3650	3429	3182	2875	2676	2487	2303	2107	
339	8218	94.9	95.1	29	1	0	2	933	1112	1484	1981	2490	2870	3072	3130	3069	2939	2787	2573	2408	2226	2149	2084	2155	2298	2573	2851	3050	3208	3158	3090	2964	2787	2642	2434	2284	2152	2005	1884	
339	8298	60.0	60.1	29	1	1	2	1004	1439	2215	3218	4227	4924	5198	5210	5017	4708	4364	3942	3589	3233	2981	2797	2760	2878	3200	3480	3790	3969	3961	3804	3656	3394	3165	2858	2638	2473	2296	2134	
339	8315	59.9	60.0	29	1	1	2	1008	1446	2210	3237	4208	4904	5178	5210	4980	4718	4285	3943	3565	3237	2980	2786	2768	2871	3190	3499	3801	3944	3948	3796	3670	3381	3171	2938	2688	2484	2317	2128	
339	8332	60.0	60.0	29	1	1	2	990	1446	2200	3248	4230	4917	5166	5260	4983	4726	4353	3920	3596	3231	2972	2779	2748	2877	3197	3521	3748	3975	3926	3834	3640	3423	3198	2880	2659	2493	2301	2100	
339	8349	59.9	60.0	29	1	1	2	1004	1433	2201	3247	4189	4887	5167	5188	4944	4675	4310	3977	3562	3236	2972	2769	2753	2858	3165	3476	3775	3932	3914	3799	3656	3392	3154	2913	2653	2464	2283	2109	
339	8367	59.9	60.0	29	1	1	2	1005	1465	2198	3207	4216	4865	5152	5201	4985	4644	4275	3897	3536	3207	2964	2782	2780	2870	3183	3463	3737	3946	3922	3856	3601	3375	3153	2883	2649	2452	2312	2123	
339	8384	60.0	60.0	29	1	1	2	1000	1442	2233	3229	4175	4890	5199	5229	4973	4674	4332	3932	3549	3252	2956	2773	2780	2849	3161	3474	3800	3931	3934	3831	3630	3378	3151	2883	2651	2478	2328	2122	
339	8401	60.0	60.0	29	1	1	2	1010	1453	2184	3244	4199	4885	5174	5207	4976	4677	4284	3922	3588	3217	2959	2817	2772	2857	3129	3514	3759	3942	3944	3769	3664	3381	3176	2865	2665	2464	2307	2113	
339	8466	94.9	95.1	30	1	0	2	900	1118	1497	1972	2473	2866	3030	3126	3038	2959	2779	2584	2413	2243	2137	2091	2146	2293	2572	2833	3053	3165	3175	3047	2942	2774	2683	2452	2298	2118	2033	1873	
339	8546	59.9	60.1	30	1	1	2	1027	1431	2208	3217	4155	4806	5131	5173	4973	4623	4293	3924	3535	3193	2957	2774	2739	2876	3132	3432	3740	3936	3912	3797	3594	3365	3142	2877	2640	2433	2316	2111	
339	8563	59.9	60.0	30	1	1	2	996	1438	2180	3230	4164	4829	5182	5153	4931	4687	4311	3947	3583	3223	2950	2799	2753	2842	3170	3462	3716	3955	3910	3764	3626	3360	3182	2874	2673	2444	2294	2128	
339	8580	60.0	60.0	30	1	1	2	1000	1425	2185	3225	4153	4847	5131	5168	4905	4647	4289	3894	3556	3214	2951	2754	2746	2843	3164	3476	3793	3887	3889	3807	3618	3383	3123	2858	2654	2456	2316	2121	
339	8597	59.9	60.0	30	1	1	2	1013	1428	2206	3275	4171	4873	5135	5188	4971	4643	4280	3899	3545	3186	2966	2771	2717	2866	3145	3482	3737	3914	3921	3805	3655	3424	3152	2891	2656	2463	2296	2101	
339	8615	59.9	60.0	30	1	1	2	1005	1429	2174	3222	4186	4831	5187	5157	4942	4665	4292	3879	3542	3199	2942	2772	2765	2861	3173	3471	3746	3926	3885	3803	3591	3376	3162	2911	2681	2453	2291	2110	
339	8632	60.0	60.0	30	1	1	2	1007	1426	2184	3217	4138	4840	5124	5139	4971	4622	4288	3921	3521	3194	2952	2762	2763	2848	3168	3478	3724	3923	3960	3810	3617	3406	3139	2870	2657	2472	2285	2132	
339	8649	59.9	60.0	30	1	1	2	1001	1431	2176	3232	4174	4851	5184	5213	4944	4662	4309	3907	3577	3176	2957	2762	2747	2837	3127	3455	3779	3882	3900	3813	3611	3387	3132	2877	2671	2454	2280	2128	
339	8712	95.0	95.0	31	1	0	2	917	1116	1501	2017	2493	2837	3053	3145	3068	2972	2775	2556	2389	2228	2115	2093	2131	2286	2581	2826	3062	3187	3138	3105	2947	2817	2624	2467	2276	2148	2023	1884	
339	8792	59.9	60.1	31	1	1	2	1000	1460	2183	3190	4133	4864	5144	5209	4919	4668	4270	3897	3577	3206	2941	2778	2751	2867	3153	3472	3725	3892	3875	3775	3625	3354	3185	2852	2639	2454	2282	2121	
339	8809	59.9	60.0	31	1	1	2	1007	1436	2202	3223	4183	4913	5162	5174	4942	4688	4296	3933	3565	3177	2948	2778	2737	2837	3160	3479	3767	3918	3925	3831	3601	3414	3200	2853	2667	2446	2287	2105	
339	8826	60.0	60.0	31	1	1	2	1001	1434	2183	3230	4160	4855	5164	5164	4900	4673	4259	3913	3548	3191	2992	2770	2741	2844	3159	3466	3766	3930	3877	3787	3604	3386	3161	2854	2663	2452	2311	2105	
339	8844	59.9	60.0	31	1	1	2	994	1424	2199	3222	4192	4834	5123	5190	4975	4670	4309	3912	3555	3171	2991	2771	2755	2837	3162	3472	3776	3934	3886	3789	3626	3395	3147	2847	2661	2444	2297	2108	
339	8861	60.0	60.0	31	1	1	2	1002	1441	2192	3235	4152	4831	5120	5207	4941	4682	4298	3911	3524	3202	2959	2742	2736	2840	3136	3514	3735	3920	3920	3780	3671	3383	3142	2857	2648	2475	2308	2104	
339	8878	59.9	60.0	31	1	1	2	1004	1413	2188	3205	4162	4817	5138	5114	4932	4655	4267	3876	3555	3216	2917	2739	2731	2873	3158	3378	3745	3930	3868	3764	3578	3359	3137	2837	2683	2448	2298	2114	
339	8895	60.0	60.0	31	1	1	2	991	1435	2185	3246	4207	4826	5133	5162	4942	4630	4276	3882	3561	3201	2940	2786	2757	2880	3166	3480	3781	3911	3929	3772	3644	3397	3171	2908	2654	2457	2305	2139	
339	8958	95.0	95.0	32	1	0	2	914	1126	1476	1993	2489	2861	3042	3147	3018	2985	2788	2587	2405	2228	2144	2089	2120	2284	2594	2817	3011	3165	3172	3082	2996	2796	2661	2432	2280	2135	1997	1861	
339	9038	60.0	60.1	32	1	1	2	1006	1463	2218	3263	4253	4882	5201	5211	4980	4707	4360	3959	3630	3237	2959	2798	2760	2874	3201	3502	3752	3960	3937	3844	3660	3416	3184	2896	2702	2457	2328	2126	
339	9055	59.9	60.0	32	1	1	2	1007	1440	2184	3233	4215	4878	5238	5248	4982	4717	4337	3944	3602	3215	2968	2792	2749	2840	3209	3514	3784	3994	3929	3834	3670	3421	3150	2896	2686	2480	2297	2146	
339	9072	60.0	60.0	32	1	1	2	998	1445	2214	3272	4227	4893	5211	5188	4950	4638	4323	3949	3594	3220	2987	2766	2760	2868	3197	3469	3756	3964	3886	3842	3652	3396	3175	2869	2660	2474	2316	2125	
339	9090	60.0	60.0	32	1	1	2	1008	1444	2201	3237	4218	4900	5176	5233	5025	4691	4314	3954	3598	3235	2987	2776	2780	2917	3167	3565	3783	3959	3988	3820	3640	3433	3159	2906	2687	2474	2368	2148	
339	9107	60.0	60.0	32	1	1	2	1006	1444	2169	3204	4213	4867	5182	5189	4943	4682	4300	3927	3551	3250	2967	2802	2761	2882	3175	3498	3794	3936	3928	3830	3612	3393	3182	2869	2659	2474	2318	2145	
339	9124	60.0	60.0	32	1	1	2	1004	1447	2211	3225	4178	4906	5146	5184	4969	4695	4313	3955	3588	3243	2946	2785	2773	2888	3152	3457	3772	3973	3898	3810	3655	3388	3207	2901	2638	2433	2322	2138	
339	9141	60.0	60.0	32	1	1	2	1004	1436	2199	3248	4185	4868	5151	5212	4924	4710	4319	3893	3590	3244	2964	2777	2767	2888	3177	3498	3774	3967	3937	3802	3634	3393	3157	2896	2671	2500	2268	2108	
339	9204	95.0	95.0	33	1	0	2	911	1127	1486	1996	2502	2867	3072	3140	3062	2941	2785	2577	2393	2223	2113	2082	2133	2298	2552	2831	3030	3184	3187	3080	2927	2773	2638	2432	2295	2157	2017	1899	
339	9284	59.9	60.1	33	1	1	2	1012	1455	2210	3247	4197	4922	5195	5195	4965	4693	4318	3965	3551	3247	2982	2807	2763	2902	3199	3492	3779	3904	3934	3840	3655	3413	3156	2878	2690	2444	2311	2146	
339	9301	60.0	60.0	33	1	1	2	1014	1432	2208	3247	4176	4861	5178	5234	4972	4664	4320	3948	3598	3202	3003	2792	2768	2878	3174	3492	3750	3916	3927	3837	3612	3407	3187	2882	2687	2459	2321	2129	
339	9319	59.9	60.0	33	1	1	2	1018	1449	2230	3255	4197	4892	5215	5257	4993	4684	4329	3926	3594	3243	2957	2819	2789	2877	3201	3500	3778	3942	3942	3850	3625	3423	3155	2913	2661	2462	2302	2126	
339	9336	60.0	60.0	33	1	1	2	1002	1427	2226	3252	4226	4839	5211	5202	4966	4683	4314	3924	3575	3248	2970	2763	2734	2877	3177	3476	3785	3989	3949	3838	3605	3406	3192	2889	2669	2463	2333	2128	
339	9353	59.9	60.0	33	1	1	2	1004	1443	2183	3216	4180	4856	5189	5211	4998	4679	4302	3947	3587	3245	2944	2794	2760	2844	3177	3498	3739	3934	3912	3820	3636	3387	3183	2860	2648	2471	2314	2124	
339	9370	60.0	60.0	33	1	1	2	984	1450	2216	3230	4177	4885	5175	5208	4992	4691	4311	3930	3558	3222	2961	2780	2722	2879	3169	3490	3786	3969	3925	3802	3638	3379	3172	2879	2666	2451	2308	2108	
339	9388	59.9	60.0	33	1	1	2	1008	1435	2193	3258	4211	4890	5226	5198	4955	4664	4302	3919	3590	3216	2959	2779	2748	2881	3202	3456	3772	3949	3930	3817	3648	3404	3136	2890	2662	2498	2311	2114	
339	9450	95.0	95.0	34	1	0	2	909	1123	1488	2003	2497	2897	3048	3151	3062	2921	2788	2592	2388	2196	2132	2078	2131	2284	2569	2849	3038	3151	3121	3092	2938	2813	2635	2446	2283	2142	2048	1884	
339	9530	60.0	60.1	34	1	1	2	999	1444	2203	3261	4247	4875	5179	5200	5009	4726	4331	3887	3584	3248	2966	2800	2781	2857	3160	3481	3772	3978	3906	3824	3611	3430	3179	2883	2659	2465	2303	2147	
339	9547	59.9	60.0	34	1	1	2	993	1432	2214	3255	4228	4903	5227	5217	5000	4712	4335	3937	3564	3261	3007	2755	2768	2873	3176	3543	3800	3979	3995	3850	3629	3390	3186	2903	2671	2471	2305	2161	
339	9565	59.9	60.0	34	1	1	2	1016	1455	2217	3266	4237	4878	5166	5243	4994	4696	4330	3945	3593	3240	2960	2754	2750	2863	3172	3506	3812	3933	3974	3832	3674	3414	3196	2887	2653	2436	2310	2121	
339	9582	60.0	60.0	34	1	1	2	983	1462	2221	3256	4177	4896	5165	5183	4968	4674	4342	3927	3600	3228	2971	2811	2767	2870	3142	3499	3786	3945	3935	3823	3638	3393	3192	2847	2657	2466	2314	2121	
339	9599	60.0	60.0	34	1	1	2	1016	1455	2212	3278	4214	4898	5200	5165	5004	4753	4329	3960	3583	3228	2956	2772	2793	2862	3186	3466	3777	3950	3912	3833	3680	3411	3160	2888	2687	2461	2326	2139	
339	9616	60.0	60.0	34	1	1	2	1014	1455	2238	3277	4230	4875	5224	5245	4974	4727	4368	3967	3598	3216	2987	2776	2740	2916	3192	3466	3770	3985	3963	3843	3651	3420	3162	2893	2692	2453	2303	2127	
339	9634	60.0	60.0	34	1	1	2	1021	1445	2175	3270	4230	4913	5176	5189	4936	4686	4335	3951	3564	3239	2983	2805	2728	2885	3190	3545	3772	3974	3896	3817	3644	3388	3153	2913	2672	2475	2298	2124	
339	9698	94.9	95.1	35	1	0	2	916	1120	1465	1990	2496	2859	3091	3145	3055	2925	2792	2586	2400	2211	2131	2102	2117	2285	2558	2837	3049	3153	3174	3078	2968	2809	2634	2435	2340	2128	2025	1890	
339	9778	59.9	60.1	35	1	1	2	1005	1452	2242	3258	4262	4930	5261	5245	5013	4714	4344	3959	3608	3246	2993	2788	2735	2910	3191	3481	3771	3984	3921	3819	3658	3397	3166	2895	2666	2486	2306	2140	
339	9795	59.9	60.0	35	1	1	2	1012	1443	2212	3290	4210	4921	5245	5227	5017	4710	4347	3926	3620	3236	3007	2761	2804	2893	3184	3478	3749	3956	3960	3805	3673	3413	3176	2888	2676	2473	2327	2121	
339	9813	60.0	60.0	35	1	1	2	1001	1453	2197	3280	4220	4942	5182	5219	4991	4676	4361	3950	3586	3233	2969	2779	2825	2893	3194	3522	3778	3977	3952	3836	3653	3397	3168	2884	2677	2479	2298	2133	
339	9830	59.9	60.0	35	1	1	2	993	1454	2207	3247	4215	4886	5187	5233	5022	4698	4296	3941	3555	3251	2983	2794	2766	2833	3209	3488	3764	3951	3942	3826	3637	3433	3189	2900	2651	2448	2339	2138	
339	9847	60.0	60.0	35	1	1	2	1013	1443	2208	3273	4212	4884	5231	5217	4980	4689	4360	3917	3553	3216	2949	2760	2743	2873	3183	3477	3797	3944	3941	3782	3617	3402	3189	2894	2660	2469	2285	2137	
339	9864	59.9	60.0	35	1	1	2	1018	1435	2200	3242	4197	4884	5200	5186	4988	4669	4335	3981	3559	3230	2967	2778	2777	2889	3190	3503	3791	3936	3930	3796	3637	3409	3164	2884	2650	2467	2320	2127	
339	9882	60.0	60.0	35	1	1	2	995	1452	2212	3238	4200	4907	5240	5205	4984	4721	4278	3929	3548	3198	2973	2784	2768	2884	3167	3470	3813	3954	3948	3854	3652	3412	3170	2872	2652	2439	2334	2130	
339	9944	95.0	95.0	36	1	0	2	918	1117	1474	2002	2455	2800	3075	3087	3041	2946	2796	2571	2386	2217	2126	2104	2120	2308	2534	2792	3058	3159	3154	3067	2934	2784	2625	2391	2262	2118	1997	1857	
339	10024	60.0	60.1	36	1	1	2	1004	1402	2209	3234	4230	4866	5205	5175	4951	4710	4384	3964	3607	3209	2972	2763	2779	2880	3174	3503	3767	3955	3936	3803	3632	3412	3161	2919	2672	2462	2323	2117	
339	10042	59.9	60.0	36	1	1	2	1012	1455	2209	3251	4257	4892	5194	5232	4969	4692	4346	3938	3604	3216	2942	2806	2763	2870	3187	3490	3809	3964	3944	3850	3656	3385	3182	2902	2697	2475	2315	2138	
339	10059	59.9	60.0	36	1	1	2	1002	1439	2202	3214	4265	4933	5233	5225	5006	4683	4335	3953	3592	3247	2997	2814	2781	2907	3179	3525	3789	3973	3952	3829	3676	3439	3173	2863	2667	2402	2291	2130	
339	10076	59.9	60.0	36	1	1	2	1004	1452	2193	3282	4187	4898	5175	5238	4985	4701	4273	3951	3576	3213	2961	2778	2739	2860	3152	3474	3743	3939	3903	3825	3646	3424	3136	2895	2666	2456	2304	2140	
339	10093	59.9	60.0	36	1	1	2	1000	1434	2204	3268	4214	4885	5199	5192	4974	4714	4339	3938	3601	3240	2992	2808	2757	2868	3184	3476	3795	3957	3928	3820	3652	3381	3172	2881	2635	2464	2337	2117	
339	10111	60.0	60.0	36	1	1	2	1023	1442	2225	3235	4194	4908	5174	5197	4979	4724	4287	3910	3581	3212	2951	2768	2763	2852	3172	3477	3736	3949	3938	3830	3617	3381	3154	2889	2656	2469	2295	2113	
339	10128	60.0	60.0	36	1	1	2	1000	1441	2219	3255	4242	4908	5157	5240	4966	4700	4354	3951	3582	3211	2957	2772	2772	2871	3173	3500	3767	3914	3936	3846	3647	3416	3176	2906	2705	2470	2350	2160	
339	10192	94.9	95.1	37	1	0	2	923	1112	1483	1979	2462	2825	3018	3105	3069	2941	2741	2583	2392	2215	2146	2079	2133	2281	2551	2811	3010	3153	3145	3054	2928	2768	2633	2433	2290	2126	2014	1870	
339	10272	60.0	60.1	37	1	1	2	1005	1428	2211	3250	4232	4869	5169	5284	4996	4716	4324	3967	3586	3231	2978	2812	2760	2890	3200	3479	3736	3932	3923	3824	3650	3409	3213	2905	2652	2457	2332	2146	
339	10290	60.0	60.0	37	1	1	2	1007	1442	2195	3247	4242	4925	5245	5210	4995	4728	4331	3940	3571	3230	2968	2802	2785	2870	3165	3494	3780	3958	3923	3850	3641	3425	3147	2891	2680	2447	2330	2148	
339	10307	60.0	60.0	37	1	1	2	1008	1449	2230	3283	4190	4843	5181	5242	5006	4732	4328	3933	3585	3243	2972	2781	2768	2908	3164	3513	3805	3994	3925	3811	3619	3418	3155	2893	2690	2441	2297	2128	
339	10324	60.0	60.0	37	1	1	2	1002	1439	2229	3245	4209	4880	5173	5188	4964	4711	4320	3964	3535	3218	2946	2792	2762	2877	3165	3494	3787	3936	3959	3852	3658	3420	3170	2910	2672	2468	2307	2169	
339	10341	60.0	60.0	37	1	1	2	1000	1437	2212	3246	4187	4887	5165	5248	4966	4681	4318	3917	3594	3219	2973	2804	2784	2876	3180	3516	3748	3982	3941	3817	3631	3400	3173	2900	2672	2487	2344	2125	
339	10359	60.0	60.0	37	1	1	2	1003	1453	2187	3299	4194	4912	5180	5203	4953	4665	4345	3960	3567	3209	2976	2783	2738	2877	3154	3476	3795	3952	3921	3825	3652	3386	3152	2889	2663	2452	2328	2124	
339	10376	59.9	60.0	37	1	1	2	1004	1438	2186	3237	4214	4905	5198	5201	4996	4735	4334	3959	3584	3221	2946	2791	2760	2888	3184	3512	3780	3998	3929	3815	3647	3404	3185	2877	2660	2477	2302	2138	
339	10438	95.0	95.0	38	1	0	2	914	1126	1517	1998	2480	2827	3100	3133	3056	2940	2768	2628	2399	2238	2133	2084	2129	2287	2561	2780	3082	3169	3162	3066	2979	2800	2644	2431	2271	2134	2013	1895	
339	10518	60.0	60.1	38	1	1	2	1000	1447	2206	3280	4223	4924	5238	5302	5002	4729	4369	3955	3610	3225	2978	2797	2788	2847	3231	3512	3815	3988	3966	3827	3689	3409	3197	2899	2689	2470	2320	2146	
339	10536	60.0	60.0	38	1	1	2	1005	1466	2211	3230	4247	4906	5228	5195	4997	4697	4329	3912	3580	3242	2961	2783	2782	2869	3167	3508	3797	3951	3928	3833	3664	3422	3168	2877	2672	2465	2346	2138	
339	10553	59.9	60.0	38	1	1	2	1005	1440	2213	3250	4224	4926	5172	5256	4995	4712	4328	3950	3609	3231	2968	2788	2805	2887	3208	3529	3769	3958	3931	3821	3652	3396	3185	2909	2661	2485	2344	2123	
339	10570	60.0	60.0	38	1	1	2	1009	1452	2202	3259	4245	4888	5234	5235	4965	4692	4334	3913	3591	3249	2944	2807	2753	2907	3195	3501	3764	3920	3933	3856	3658	3400	3184	2891	2656	2469	2296	2125	
339	10587	60.0	60.0	38	1	1	2	1012	1463	2217	3242	4227	4926	5212	5254	5023	4690	4378	3942	3580	3243	2948	2798	2773	2916	3152	3492	3802	3983	3971	3836	3646	3397	3196	2890	2666	2483	2325	2137	
339	10605	60.0	60.0	38	1	1	2	998	1452	2225	3250	4214	4904	5170	5276	4980	4729	4331	3951	3560	3203	2965	2776	2765	2865	3197	3488	3785	3953	3931	3819	3647	3432	3176	2895	2713	2459	2312	2104	
339	10622	60.0	60.0	38	1	1	2	1009	1446	2208	3243	4241	4894	5188	5238	5014	4722	4363	3919	3594	3226	2976	2824	2756	2854	3179	3478	3782	3967	3946	3864	3658	3381	3191	2896	2674	2470	2322	2128	
339	10685	94.9	95.1	39	1	0	2	904	1114	1490	2029	2483	2871	3067	3162	3074	2959	2787	2612	2400	2225	2130	2063	2133	2263	2581	2816	3025	3170	3198	3073	2982	2792	2642	2424	2274	2129	2048	1872	
339	10765	60.0	60.1	39	1	1	2	979	1453	2211	3248	4251	4920	5200	5233	4989	4723	4346	4022	3612	3258	3007	2778	2760	2890	3194	3470	3796	3949	3947	3855	3642	3401	3191	2859	2653	2494	2318	2137	
339	10782	59.9	60.0	39	1	1	2	1007	1464	2200	3268	4201	4879	5251	5244	4928	4726	4327	3963	3597	3224	2996	2799	2742	2880	3200	3538	3755	3968	3944	3826	3659	3380	3203	2894	2705	2470	2334	2131	
339	10799	59.9	60.0	39	1	1	2	1010	1448	2207	3232	4206	4919	5170	5215	4998	4682	4358	3953	3596	3216	2998	2795	2769	2864	3186	3473	3780	3952	3867	3811	3643	3412	3185	2903	2643	2459	2308	2130	
339	10816	60.0	60.0	39	1	1	2	1005	1443	2198	3268	4221	4888	5219	5224	4992	4708	4319	3961	3598	3188	3010	2795	2775	2904	3203	3506	3780	3986	3946	3828	3646	3413	3163	2871	2651	2491	2327	2122	
339	10834	60.0	60.0	39	1	1	2	1006	1447	2236	3250	4205	4873	5200	5189	4943	4692	4341	3957	3597	3184	2987	2758	2774	2895	3208	3454	3748	3925	3961	3825	3623	3410	3177	2890	2651	2464	2282	2132	
339	10851	60.0	60.0	39	1	1	2	1012	1436	2210	3239	4216	4928	5187	5213	5024	4685	4355	3919	3553	3226	2957	2817	2757	2889	3193	3521	3781	3952	3968	3831	3649	3402	3192	2909	2671	2482	2313	2130	
339	10868	59.9	60.0	39	1	1	2	1003	1446	2205	3229	4195	4894	5180	5220	4997	4707	4328	3952	3582	3224	2983	2794	2724	2880	3185	3497	3770	3980	3952	3818	3640	3425	3143	2907	2661	2446	2282	2122	
339	10933	94.8	95.0	40	1	0	2	901	1109	1497	1991	2502	2898	3085	3145	3060	2957	2790	2594	2400	2243	2127	2083	2139	2307	2562	2828	3061	3185	3167	3060	2984	2814	2659	2427	2316	2136	2010	1892	
339	11013	59.9	60.1	40	1	1	2	1007	1431	2198	3251	4187	4873	5226	5222	4987	4733	4324	3952	3592	3219	2958	2820	2749	2879	3189	3510	3788	3973	3936	3832	3683	3446	3171	2868	2663	2487	2320	2133	
339	11030	59.9	60.0	40	1	1	2	1006	1421	2249	3289	4225	4908	5251	5307	5000	4691	4337	3924	3560	3229	2993	2772	2800	2928	3184	3507	3795	3959	3952	3854	3692	3426	3192	2915	2700	2465	2349	2123	
339	11047	59.9	60.0	40	1	1	2	1013	1451	2242	3263	4219	4960	5226	5235	5017	4710	4358	3956	3575	3239	2981	2788	2774	2897	3180	3495	3761	3978	3960	3817	3665	3409	3195	2885	2710	2485	2333	2139	
339	11064	59.9	60.0	40	1	1	2	1005	1481	2199	3257	4223	4923	5173	5247	5031	4713	4353	3961	3602	3207	2969	2812	2787	2856	3162	3536	3806	3931	3955	3787	3675	3400	3171	2918	2658	2476	2313	2148	
339	11082	59.9	60.0	40	1	1	2	1011	1439	2211	3259	4217	4925	5226	5198	4973	4693	4323	3935	3565	3187	2960	2799	2743	2887	3183	3530	3789	3961	3904	3818	3612	3402	3167	2907	2667	2477	2282	2138	
339	11099	60.0	60.0	40	1	1	2	1011	1463	2219	3232	4208	4868	5176	5243	5001	4732	4348	3917	3573	3235	2996	2815	2766	2897	3182	3513	3780	3971	3955	3832	3627	3400	3188	2873	2657	2481	2311	2144	
339	11116	59.9	60.0	40	1	1	2	999	1466	2171	3240	4207	4865	5184	5226	4963	4718	4299	3893	3602	3274	2949	2782	2807	2874	3185	3489	3776	3924	3947	3821	3657	3399	3209	2882	2644	2448	2326	2137	
339	11181	94.9	95.1	41	1	0	2	916	1136	1496	1982	2509	2919	3084	3166	3077	2956	2810	2597	2407	2211	2099	2091	2158	2290	2552	2827	3071	3193	3160	3106	2941	2800	2620	2486	2303	2153	2031	1876	
339	11261	59.9	60.1	41	1	1	2	1017	1446	2230	3242	4192	4941	5220	5227	5031	4714	4356	3921	3577	3234	2969	2764	2746	2884	3180	3485	3801	3966	3937	3833	3668	3410	3168	2883	2674	2482	2315	2140	
339	11278	59.9	60.0	41	1	1	2	1010	1442	2250	3258	4211	4915	5227	5268	5006	4692	4327	3961	3616	3247	2989	2765	2792	2904	3198	3517	3808	3980	3949	3833	3677	3431	3178	2909	2714	2479	2354	2142	
339	11295	60.0	60.0	41	1	1	2	1024	1437	2227	3263	4252	4915	5243	5255	5058	4712	4347	3968	3590	3241	2988	2801	2775	2939	3212	3504	3808	4007	3957	3842	3646	3421	3187	2921	2684	2483	2294	2145	
339	11313	59.9	60.0	41	1	1	2	1009	1444	2226	3234	4236	4943	5219	5220	5010	4685	4324	3966	3565	3223	2978	2786	2752	2910	3200	3528	3786	3983	3948	3807	3666	3415	3159	2897	2666	2456	2284	2130	
339	11330	60.0	60.0	41	1	1	2	1011	1450	2227	3255	4238	4904	5183	5235	4990	4699	4339	3948	3588	3246	3010	2814	2761	2899	3182	3502	3789	3966	3945	3845	3619	3394	3166	2896	2667	2480	2289	2137	
339	11347	60.0	60.0	41	1	1	2	1017	1445	2216	3236	4201	4901	5218	5213	4981	4676	4301	3940	3546	3220	2972	2774	2768	2905	3178	3517	3758	3948	3948	3865	3696	3393	3179	2930	2655	2456	2291	2113	
339	11364	60.0	60.0	41	1	1	2	1011	1447	2248	3279	4250	4909	5266	5212	5017	4733	4376	3972	3598	3228	2980	2799	2766	2877	3181	3499	3808	3944	3976	3855	3630	3396	3194	2893	2680	2492	2301	2155	
339	11427	95.0	95.0	42	1	0	2	910	1124	1494	2002	2494	2857	3103	3132	3095	2968	2799	2611	2407	2253	2107	2095	2158	2316	2550	2843	3058	3165	3153	3072	2967	2802	2628	2462	2286	2150	2013	1885	
339	11507	59.9	60.1	42	1	1	2	1003	1449	2225	3255	4232	4910	5181	5285	5015	4703	4342	3948	3586	3260	2988	2803	2760	2875	3158	3504	3789	3968	3927	3834	3672	3422	3153	2921	2665	2469	2318	2144	
339	11524	59.9	60.0	42	1	1	2	1002	1450	2222	3257	4225	4935	5245	5240	4948	4706	4340	3944	3581	3256	2987	2812	2781	2894	3248	3486	3830	3975	3987	3861	3626	3420	3204	2912	2709	2485	2309	2123	
339	11541	59.9	60.0	42	1	1	2	1015	1446	2218	3261	4244	4899	5222	5244	5040	4714	4360	4008	3585	3241	3009	2781	2796	2880	3210	3531	3810	3967	3964	3822	3680	3393	3194	2901	2670	2457	2326	2144	
339	11559	59.9	60.0	42	1	1	2	1009	1462	2214	3263	4212	4933	5224	5232	4985	4694	4357	4000	3641	3261	2981	2800	2764	2888	3202	3532	3810	3964	3911	3828	3663	3420	3182	2877	2687	2492	2324	2136	
339	11576	59.9	60.0	42	1	1	2	995	1444	2217	3258	4207	4876	5182	5193	4965	4685	4313	3967	3576	3258	2964	2796	2761	2881	3147	3496	3770	3972	3909	3813	3628	3413	3180	2904	2656	2454	2323	2149	
339	11593	60.0	60.0	42	1	1	2	1012	1448	2201	3226	4171	4907	5189	5230	4995	4690	4322	3905	3545	3270	2972	2794	2778	2883	3173	3521	3790	3945	3953	3847	3634	3394	3162	2885	2727	2446	2307	2138	
339	11610	60.0	60.0	42	1	1	2	1006	1438	2206	3253	4214	4879	5214	5200	4993	4684	4365	3925	3572	3242	2984	2788	2790	2891	3187	3519	3769	3958	3916	3830	3633	3421	3173	2896	2660	2489	2303	2140	
339	11673	94.9	95.0	43	1	0	2	918	1146	1502	2055	2488	2865	3058	3157	3076	2976	2771	2609	2412	2227	2128	2083	2155	2282	2588	2821	3036	3177	3100	3085	2971	2789	2652	2410	2290	2157	2027	1884	
339	11752	59.9	60.1	43	1	1	2	1001	1463	2216	3255	4233	4927	5230	5276	5037	4748	4333	3933	3593	3257	3004	2798	2794	2879	3196	3515	3791	3978	3966	3841	3668	3401	3224	2902	2674	2457	2314	2149	
339	11769	59.9	60.0	43	1	1	2	1007	1459	2220	3261	4240	4901	5226	5201	5027	4720	4355	3965	3611	3244	2987	2826	2790	2892	3189	3479	3790	3968	3948	3846	3668	3427	3182	2914	2697	2484	2304	2141	
339	11787	59.9	60.0	43	1	1	2	1006	1455	2218	3252	4216	4915	5184	5235	4969	4744	4295	3959	3580	3225	3009	2794	2791	2884	3191	3499	3812	3985	3929	3858	3613	3383	3212	2867	2650	2461	2325	2135	
339	11804	60.0	60.0	43	1	1	2	1019	1441	2200	3294	4219	4912	5219	5243	5000	4715	4358	3962	3599	3228	2992	2781	2788	2854	3180	3513	3770	3974	3937	3832	3654	3460	3193	2878	2690	2447	2353	2142	
339	11821	59.9	60.0	43	1	1	2	1012	1460	2223	3277	4239	4906	5191	5278	5045	4732	4348	3980	3574	3259	2998	2790	2807	2891	3184	3535	3773	3970	3962	3847	3647	3420	3202	2882	2679	2490	2307	2135	
339	11838	59.9	60.0	43	1	1	2	998	1453	2195	3265	4218	4921	5231	5257	4988	4714	4347	3939	3590	3240	2986	2805	2767	2892	3176	3489	3768	3960	3963	3849	3652	3424	3199	2907	2678	2478	2345	2141	
339	11856	60.0	60.0	43	1	1	2	1007	1457	2205	3230	4218	4876	5230	5214	4994	4692	4337	3980	3602	3231	2969	2823	2776	2879	3214	3517	3737	3988	3919	3846	3669	3393	3157	2876	2669	2471	2329	2121	
339	11918	94.9	95.0	44	1	0	2	938	1130	1479	1990	2467	2868	3047	3130	3063	2942	2772	2580	2414	2263	2116	2064	2136	2274	2561	2824	3057	3167	3126	3053	2966	2800	2626	2433	2281	2116	1967	1892	
339	11935	95.0	95.0	44	1	0	2	915	1093	1489	1997	2494	2867	3090	3144	3057	2968	2770	2587	2419	2244	2133	2056	2146	2288	2547	2787	3024	3185	3157	3095	2991	2799	2653	2459	2284	2152	2028	1891	
339	11998	59.9	60.1	44	1	1	2	986	1432	2203	3239	4214	4913	5173	5225	4955	4682	4339	3934	3568	3234	2978	2760	2776	2892	3190	3484	3764	3919	3933	3825	3621	3421	3146	2871	2660	2487	2297	2135	
339	12015	60.0	60.0	44	1	1	2	1012	1437	2179	3253	4166	4864	5203	5186	4985	4645	4337	3938	3564	3202	2986	2763	2773	2872	3189	3482	3736	3961	3903	3801	3657	3365	3193	2901	2659	2440	2304	2116	
339	12033	59.9	60.0	44	1	1	2	1004	1429	2193	3238	4171	4896	5179	5181	4953	4664	4338	3911	3556	3209	2980	2778	2748	2881	3155	3472	3746	3968	3932	3812	3601	3365	3170	2923	2664	2456	2305	2092	
339	12050	59.9	60.0	44	1	1	2	1014	1452	2232	3216	4181	4835	5163	5181	5001	4679	4308	3902	3550	3229	2943	2773	2764	2866	3189	3456	3772	3905	3896	3794	3623	3368	3188	2889	2659	2416	2309	2137	
339	12067	60.0	60.0	44	1	1	2	1008	1431	2198	3228	4189	4897	5204	5188	4956	4689	4293	3924	3586	3229	2971	2787	2726	2889	3185	3518	3763	3939	3920	3832	3634	3399	3169	2867	2660	2439	2296	2125	
339	12084	60.0	60.0	44	1	1	2	1008	1428	2192	3215	4148	4879	5160	5141	4972	4706	4311	3911	3546	3173	2951	2794	2745	2862	3165	3479	3753	3913	3842	3806	3641	3375	3169	2880	2639	2464	2304	2111	
339	12102	60.0	60.0	44	1	1	2	1013	1433	2200	3197	4184	4832	5151	5158	4946	4640	4280	3914	3547	3191	2974	2749	2732	2853	3191	3444	3725	3938	3927	3784	3634	3380	3179	2861	2643	2447	2280	2117	
339	12166	94.9	95.1	45	1	0	2	913	1135	1472	1999	2483	2876	3052	3121	3035	2941	2786	2585	2395	2223	2089	2078	2144	2304	2559	2794	3065	3194	3147	3074	2955	2777	2590	2411	2280	2136	2015	1882	
339	12183	95.0	95.0	45	1	0	2	919	1121	1476	2011	2480	2857	3060	3147	3054	2968	2804	2568	2401	2241	2139	2064	2137	2292	2606	2827	3057	3185	3194	3078	2988	2821	2633	2418	2297	2144	2029	1885	
339	12246	60.0	60.1	45	1	1	2	1026	1442	2214	3290	4249	4914	5198	5278	4995	4700	4360	3962	3589	3228	2992	2790	2786	2892	3226	3531	3775	3968	3928	3868	3654	3427	3175	2940	2692	2476	2326	2152	
339	12264	60.0	60.0	45	1	1	2	1003	1460	2213	3278	4240	4937	5212	5256	5046	4744	4372	3961	3591	3251	2983	2795	2810	2893	3233	3542	3811	3968	3933	3842	3627	3421	3188	2917	2687	2486	2318	2126	
339	12281	59.9	60.0	45	1	1	2	1016	1452	2205	3258	4258	4917	5215	5248	5020	4689	4286	3943	3628	3260	2995	2818	2757	2888	3192	3477	3835	3966	3945	3860	3662	3405	3214	2895	2699	2431	2339	2148	
339	12298	60.0	60.0	45	1	1	2	1016	1460	2189	3258	4194	4883	5196	5286	4989	4712	4329	3949	3588	3240	2987	2791	2748	2881	3167	3477	3789	3968	3924	3814	3632	3392	3173	2890	2650	2467	2315	2148	
339	12315	59.9	60.0	45	1	1	2	1005	1437	2208	3266	4256	4924	5191	5221	5011	4734	4322	3939	3609	3231	3027	2805	2742	2892	3175	3529	3790	3980	3928	3861	3663	3402	3186	2884	2692	2473	2340	2155	
339	12333	60.0	60.0	45	1	1	2	1027	1447	2219	3243	4212	4884	5226	5201	4973	4756	4335	3938	3575	3227	2989	2802	2772	2905	3192	3518	3777	3981	3943	3842	3662	3405	3175	2892	2649	2470	2336	2124	
339	12350	60.0	60.0	45	1	1	2	1011	1463	2215	3254	4235	4896	5172	5267	5000	4697	4357	3952	3585	3232	2976	2770	2778	2887	3193	3504	3762	3967	3917	3809	3631	3404	3166	2915	2652	2452	2288	2097	
