Well	Time (1/2 s)	Block Temp	Sample Temp	Repetition	PCR Stage	Extension	Scale	B1	B2	B3	B4	B5	B6	B7	B8	B9	B10	B11	B12	B13	B14	B15	B16	B17	B18	B19	B20	B21	B22	B23	B24	B25	B26	B27	B28	B29	B30	B31	B32
151	105	95.2	95.0	1	0	0	2	904	1002	1315	1824	2416	2981	3331	3413	3414	3317	3134	2963	2701	2502	2343	2257	2235	2375	2572	2891	3186	3382	3412	3372	3241	3080	2931	2695	2498	2362	2193	2061	
151	122	95.0	95.0	1	0	0	2	879	1021	1308	1791	2379	2929	3272	3405	3373	3312	3086	2928	2710	2509	2370	2255	2245	2356	2582	2853	3169	3370	3442	3373	3246	3067	2911	2696	2525	2306	2195	2050	
151	139	95.0	95.0	1	0	0	2	890	1008	1314	1804	2373	2884	3253	3389	3368	3240	3103	2891	2713	2496	2328	2266	2224	2355	2586	2904	3167	3345	3435	3349	3247	3078	2862	2684	2508	2349	2195	2082	
151	157	95.0	95.0	1	0	0	2	888	1011	1333	1791	2345	2893	3238	3388	3346	3244	3098	2894	2712	2458	2319	2258	2202	2317	2594	2888	3156	3349	3450	3359	3215	3086	2912	2683	2510	2352	2208	2049	
151	174	94.9	95.0	1	0	0	2	906	1006	1316	1773	2389	2908	3246	3379	3396	3271	3072	2903	2718	2494	2349	2221	2236	2344	2585	2872	3216	3349	3381	3367	3248	3083	2885	2705	2510	2325	2185	2069	
151	191	95.0	95.0	1	0	0	2	893	1016	1303	1784	2363	2918	3282	3377	3354	3265	3077	2911	2710	2488	2337	2280	2235	2346	2560	2875	3153	3370	3409	3368	3260	3074	2929	2669	2503	2362	2191	2059	
151	208	95.0	95.0	1	0	0	2	888	999	1308	1788	2353	2888	3266	3359	3365	3246	3123	2884	2734	2499	2351	2277	2216	2326	2579	2879	3187	3345	3418	3353	3245	3053	2917	2697	2511	2347	2193	2049	
151	226	95.0	95.0	1	0	0	2	889	998	1310	1787	2388	2922	3260	3396	3413	3299	3120	2898	2722	2508	2374	2294	2234	2346	2610	2873	3226	3382	3409	3413	3292	3098	2884	2714	2529	2343	2184	2058	
151	243	95.0	95.0	1	0	0	2	897	1005	1292	1786	2369	2930	3312	3357	3381	3281	3109	2935	2707	2512	2375	2269	2240	2342	2586	2878	3207	3365	3435	3387	3255	3106	2879	2679	2504	2340	2190	2061	
151	260	95.0	95.0	1	0	0	2	883	1018	1295	1828	2402	2922	3285	3431	3418	3318	3129	2950	2734	2515	2399	2263	2250	2376	2596	2895	3204	3385	3476	3398	3250	3119	2903	2723	2523	2360	2206	2082	
151	277	94.9	95.0	1	0	0	2	895	1025	1322	1839	2420	2886	3273	3455	3400	3283	3112	2889	2709	2505	2356	2276	2277	2365	2629	2915	3197	3359	3442	3389	3229	3077	2896	2719	2542	2336	2201	2064	
151	295	94.9	95.0	1	0	0	2	924	1000	1335	1801	2405	2955	3291	3391	3407	3291	3137	2940	2725	2518	2379	2255	2257	2378	2609	2901	3207	3390	3483	3402	3240	3117	2900	2709	2533	2341	2205	2064	
151	312	95.0	95.0	1	0	0	2	868	1003	1302	1808	2422	2916	3308	3444	3421	3281	3126	2953	2694	2506	2350	2276	2252	2395	2584	2893	3208	3384	3479	3400	3255	3100	2940	2702	2518	2347	2211	2094	
151	329	94.9	95.0	1	0	0	2	892	983	1339	1787	2404	2955	3254	3415	3420	3324	3134	2940	2724	2522	2352	2265	2228	2363	2626	2915	3166	3421	3434	3394	3237	3100	2961	2737	2537	2356	2207	2075	
151	346	95.0	95.0	1	0	0	2	896	1007	1323	1812	2386	2934	3280	3435	3451	3278	3132	2956	2740	2507	2365	2292	2241	2356	2629	2873	3187	3391	3469	3441	3291	3135	2917	2724	2511	2353	2219	2075	
151	364	95.0	95.0	1	0	0	2	895	1002	1323	1784	2395	2971	3282	3402	3427	3325	3168	2975	2718	2523	2368	2273	2234	2366	2628	2882	3228	3370	3473	3425	3260	3103	2914	2672	2515	2367	2229	2110	
151	381	95.0	95.0	1	0	0	2	893	1020	1311	1796	2391	2958	3278	3407	3396	3278	3124	2937	2737	2519	2351	2262	2257	2371	2655	2880	3185	3392	3502	3412	3241	3116	2907	2728	2512	2406	2211	2084	
151	398	95.0	95.0	1	0	0	2	886	1020	1329	1809	2392	2962	3286	3452	3415	3358	3164	2959	2716	2531	2381	2258	2267	2376	2612	2919	3228	3401	3464	3417	3282	3096	2930	2719	2546	2360	2233	2105	
151	415	94.9	95.0	1	0	0	2	891	1005	1315	1818	2414	2964	3242	3409	3396	3289	3144	2934	2758	2537	2359	2281	2278	2360	2646	2918	3245	3379	3437	3388	3264	3094	2930	2699	2558	2345	2245	2087	
151	433	94.9	95.0	1	0	0	2	905	1001	1320	1810	2394	2956	3286	3429	3452	3338	3147	2950	2738	2501	2358	2247	2279	2356	2579	2920	3210	3405	3473	3402	3283	3095	2957	2731	2497	2354	2255	2097	
151	450	94.9	95.0	1	0	0	2	886	1006	1337	1806	2391	2955	3306	3446	3429	3329	3144	2977	2757	2524	2371	2306	2265	2399	2598	2897	3233	3419	3476	3430	3291	3091	2899	2714	2564	2342	2215	2085	
151	467	95.0	95.0	1	0	0	2	893	1026	1314	1822	2408	2934	3334	3418	3433	3317	3203	2942	2749	2535	2383	2288	2297	2371	2610	2923	3216	3424	3506	3418	3282	3105	2919	2750	2535	2377	2236	2080	
151	484	95.0	95.0	1	0	0	2	884	1012	1315	1832	2381	2944	3340	3462	3460	3321	3181	2948	2742	2528	2398	2296	2256	2397	2607	2934	3233	3412	3508	3440	3279	3138	2940	2713	2525	2387	2248	2091	
151	502	94.9	95.0	1	0	0	2	894	1032	1320	1816	2419	2962	3312	3435	3439	3320	3129	2940	2742	2553	2389	2310	2267	2376	2636	2953	3233	3396	3490	3457	3290	3120	2938	2766	2545	2351	2243	2055	
151	519	95.0	95.0	1	0	0	2	908	1015	1319	1821	2392	2992	3341	3446	3416	3325	3177	2941	2776	2541	2375	2285	2266	2368	2636	2921	3220	3446	3489	3422	3273	3149	2941	2718	2499	2380	2245	2102	
151	536	94.9	95.0	1	0	0	2	891	1023	1331	1805	2418	2976	3326	3463	3440	3321	3200	2947	2737	2518	2394	2293	2253	2410	2641	2911	3247	3453	3472	3420	3294	3132	2918	2762	2584	2413	2232	2089	
151	553	95.0	95.0	1	0	0	2	896	1007	1317	1841	2417	2979	3353	3449	3448	3352	3113	2971	2730	2510	2396	2292	2263	2398	2617	2932	3234	3420	3489	3392	3308	3124	2930	2754	2542	2381	2234	2109	
151	571	95.0	95.0	1	0	0	2	889	1013	1315	1813	2426	2970	3303	3424	3455	3321	3182	2982	2747	2539	2401	2265	2266	2401	2645	2912	3244	3401	3496	3401	3291	3144	2937	2742	2545	2358	2247	2094	
151	588	95.0	95.0	1	0	0	2	904	1011	1318	1814	2398	2974	3317	3463	3439	3353	3168	2963	2767	2533	2367	2279	2276	2402	2642	2936	3228	3411	3458	3436	3287	3125	2960	2721	2541	2363	2253	2088	
151	605	94.9	95.0	1	0	0	2	893	1010	1313	1825	2422	2979	3321	3468	3482	3351	3148	2974	2742	2548	2375	2311	2294	2380	2631	2918	3265	3396	3465	3437	3308	3111	2940	2736	2546	2393	2228	2127	
151	622	94.9	95.0	1	0	0	2	884	1003	1316	1822	2423	2987	3349	3449	3446	3353	3197	2960	2756	2537	2405	2297	2268	2388	2636	2918	3243	3415	3519	3447	3283	3132	2953	2729	2541	2381	2241	2080	
151	640	94.9	95.0	1	0	0	2	890	1018	1311	1825	2424	3008	3346	3459	3461	3363	3155	2982	2769	2585	2402	2295	2259	2396	2659	2925	3223	3440	3513	3439	3288	3168	2945	2733	2540	2384	2243	2100	
151	657	94.9	95.0	1	0	0	2	868	1039	1308	1814	2448	2996	3369	3475	3455	3365	3169	2949	2738	2541	2401	2276	2249	2408	2610	2932	3241	3432	3532	3434	3303	3156	2922	2730	2537	2391	2234	2097	
151	674	95.0	95.0	1	0	0	2	901	1011	1322	1811	2442	2974	3333	3534	3474	3347	3181	3001	2770	2545	2388	2302	2282	2389	2624	2915	3251	3425	3501	3392	3303	3120	2951	2777	2558	2376	2228	2084	
151	691	94.9	95.0	1	0	0	2	885	1008	1313	1817	2458	2983	3303	3513	3472	3385	3165	2964	2765	2534	2425	2299	2281	2387	2605	2947	3287	3445	3484	3420	3264	3130	2961	2732	2563	2381	2219	2116	
151	709	94.9	95.0	1	0	0	2	895	1015	1326	1824	2427	3029	3313	3451	3484	3336	3234	2989	2789	2560	2395	2284	2268	2388	2624	2960	3238	3456	3526	3430	3322	3116	2939	2728	2550	2388	2270	2101	
151	726	95.0	95.0	1	0	0	2	888	1013	1316	1827	2453	2957	3347	3490	3464	3317	3179	2966	2757	2521	2408	2308	2282	2401	2650	2940	3244	3410	3471	3439	3325	3098	2954	2748	2533	2379	2248	2089	
151	743	95.0	95.0	1	0	0	2	889	1024	1337	1817	2407	3007	3315	3479	3498	3361	3179	2990	2777	2540	2395	2298	2258	2388	2649	2926	3262	3414	3486	3455	3304	3157	2951	2753	2561	2385	2243	2100	
151	760	94.9	95.0	1	0	0	2	907	1022	1331	1818	2434	2968	3340	3513	3472	3358	3177	2974	2763	2568	2374	2288	2280	2386	2645	2926	3240	3430	3515	3427	3310	3145	2961	2748	2559	2390	2253	2078	
151	778	94.9	95.0	1	0	0	2	898	1010	1337	1794	2429	2973	3309	3487	3484	3364	3178	2945	2772	2547	2380	2309	2305	2380	2613	2931	3203	3459	3494	3432	3269	3140	2940	2771	2560	2411	2249	2095	
151	795	95.0	95.0	1	0	0	2	893	1014	1335	1835	2410	2982	3337	3508	3452	3348	3180	2986	2795	2570	2377	2288	2300	2388	2642	2942	3258	3438	3501	3450	3301	3127	2928	2779	2570	2344	2230	2105	
151	812	95.0	95.0	1	0	0	2	895	1018	1324	1822	2442	2981	3345	3489	3458	3362	3202	2957	2784	2543	2388	2314	2266	2395	2647	2946	3236	3456	3500	3476	3332	3105	2993	2816	2581	2393	2227	2107	
151	829	95.0	95.0	1	0	0	2	896	1008	1340	1824	2433	2978	3339	3493	3518	3361	3196	2993	2787	2569	2397	2310	2272	2359	2660	2977	3250	3445	3539	3432	3287	3150	2972	2762	2592	2414	2277	2085	
151	847	95.0	95.0	1	0	0	2	893	1025	1307	1838	2431	2992	3374	3467	3467	3378	3171	3005	2760	2575	2390	2309	2308	2411	2650	2992	3256	3423	3532	3449	3319	3150	2931	2764	2544	2401	2253	2110	
151	864	95.0	95.0	1	0	0	2	892	1010	1322	1836	2440	3012	3377	3487	3488	3391	3183	2995	2761	2539	2411	2270	2283	2403	2639	2914	3259	3453	3508	3453	3318	3138	2940	2784	2557	2384	2242	2096	
151	881	95.0	95.0	1	0	0	2	889	1020	1352	1850	2456	2981	3311	3482	3469	3368	3192	2990	2762	2595	2408	2314	2277	2400	2657	2932	3262	3468	3520	3464	3297	3138	2973	2768	2550	2383	2256	2102	
151	898	95.0	95.0	1	0	0	2	890	1006	1316	1821	2455	2993	3334	3500	3522	3389	3189	2973	2792	2544	2391	2286	2286	2422	2668	2919	3257	3452	3512	3443	3322	3158	2967	2758	2564	2397	2230	2105	
151	916	95.0	95.0	1	0	0	2	904	1023	1329	1819	2444	3021	3380	3504	3442	3391	3227	3001	2788	2569	2403	2293	2289	2389	2640	2937	3268	3464	3519	3475	3330	3135	2980	2753	2586	2412	2234	2119	
151	933	95.0	95.0	1	0	0	2	902	1009	1315	1809	2440	3032	3362	3487	3485	3338	3183	3011	2798	2519	2390	2309	2242	2409	2649	2927	3221	3457	3535	3445	3321	3157	2978	2749	2549	2394	2250	2105	
151	950	95.0	95.0	1	0	0	2	881	1012	1325	1840	2446	2993	3375	3502	3484	3380	3186	3017	2773	2556	2420	2308	2276	2396	2648	2958	3251	3437	3505	3458	3281	3160	2992	2765	2539	2382	2246	2117	
151	967	95.0	95.0	1	0	0	2	891	1007	1335	1854	2458	3012	3353	3536	3491	3377	3187	3005	2795	2564	2417	2276	2267	2411	2667	2955	3289	3467	3510	3465	3293	3139	2981	2775	2597	2419	2243	2106	
151	985	95.0	95.0	1	0	0	2	894	1007	1305	1837	2461	2987	3327	3471	3496	3366	3192	2985	2775	2529	2397	2303	2278	2392	2637	2941	3241	3457	3509	3451	3314	3160	2924	2780	2550	2384	2248	2083	
151	1002	94.9	95.0	1	0	0	2	888	1006	1333	1829	2472	3009	3407	3518	3472	3353	3188	3009	2778	2564	2398	2309	2293	2389	2645	2934	3276	3446	3518	3445	3324	3111	2965	2756	2563	2391	2226	2089	
151	1019	95.0	95.0	1	0	0	2	891	1019	1294	1846	2478	3025	3353	3516	3520	3378	3196	3026	2789	2584	2398	2317	2295	2388	2610	2952	3278	3471	3521	3461	3310	3157	2960	2807	2571	2397	2259	2107	
151	1036	95.0	95.0	1	0	0	2	893	1021	1346	1823	2432	2989	3385	3504	3515	3418	3194	3002	2789	2556	2422	2324	2299	2424	2638	2911	3252	3457	3512	3478	3283	3126	2966	2774	2589	2389	2248	2107	
151	1054	94.9	95.0	1	0	0	2	903	1027	1338	1842	2479	2981	3344	3534	3497	3391	3225	3015	2781	2587	2429	2302	2304	2403	2652	2952	3248	3432	3554	3488	3315	3154	2974	2786	2566	2398	2258	2105	
151	1071	95.0	95.0	1	0	0	2	896	1010	1328	1825	2456	3025	3342	3517	3517	3377	3192	3028	2761	2573	2426	2306	2264	2393	2634	2973	3272	3442	3503	3448	3302	3151	3003	2766	2542	2393	2273	2078	
151	1088	95.0	95.0	1	0	0	2	890	1012	1350	1842	2473	3003	3356	3498	3478	3378	3197	3032	2802	2572	2396	2311	2294	2385	2654	2966	3277	3431	3527	3449	3288	3150	2985	2760	2555	2425	2260	2105	
151	1105	94.9	95.0	1	0	0	2	878	1022	1314	1830	2453	3049	3344	3494	3496	3386	3200	3024	2790	2557	2448	2305	2278	2419	2650	2963	3276	3430	3498	3459	3321	3159	2972	2777	2557	2393	2233	2130	
151	1123	94.9	95.0	1	0	0	2	902	1020	1349	1835	2438	3019	3379	3508	3480	3400	3233	3001	2795	2559	2411	2295	2286	2372	2671	2982	3268	3415	3508	3476	3326	3185	2956	2769	2578	2396	2253	2074	
151	1140	95.0	95.0	1	0	0	2	873	1013	1325	1845	2483	2992	3368	3496	3501	3419	3198	3002	2809	2556	2413	2313	2299	2411	2642	2935	3273	3454	3550	3472	3308	3145	2967	2748	2576	2412	2231	2105	
151	1157	95.0	95.0	1	0	0	2	898	1007	1356	1834	2436	3004	3344	3537	3467	3392	3212	2977	2800	2561	2407	2300	2262	2400	2645	2941	3239	3455	3491	3418	3326	3158	2942	2756	2569	2377	2257	2117	
151	1174	95.0	95.0	1	0	0	2	890	1013	1323	1829	2447	2987	3378	3512	3502	3390	3194	3019	2803	2574	2436	2332	2317	2413	2641	2986	3285	3436	3538	3423	3293	3173	2954	2751	2570	2422	2236	2109	
151	1192	95.0	95.0	1	0	0	2	906	1006	1338	1841	2429	3017	3342	3516	3508	3382	3198	3008	2759	2580	2428	2308	2307	2441	2629	2967	3302	3482	3518	3473	3371	3157	2962	2792	2558	2390	2253	2123	
151	1209	95.0	95.0	1	0	0	2	880	1029	1366	1859	2439	3032	3396	3548	3514	3429	3240	3016	2806	2599	2437	2333	2297	2408	2646	2961	3251	3494	3553	3477	3340	3166	2949	2781	2612	2386	2242	2110	
151	1226	94.9	95.0	1	0	0	2	889	1018	1342	1854	2466	3037	3429	3551	3533	3440	3261	3057	2841	2607	2434	2329	2314	2437	2648	2980	3288	3508	3565	3467	3336	3192	2982	2763	2612	2431	2254	2126	
151	1243	94.9	95.0	1	0	0	2	907	1054	1361	1888	2504	3048	3401	3535	3528	3412	3229	3070	2822	2592	2456	2338	2299	2416	2662	2977	3290	3479	3596	3515	3367	3180	3014	2776	2601	2439	2262	2126	
151	1261	95.0	95.0	1	0	0	2	891	1053	1322	1855	2470	3028	3384	3539	3584	3441	3240	3046	2808	2572	2458	2323	2305	2425	2668	2983	3271	3477	3546	3472	3334	3164	2981	2794	2581	2412	2271	2095	
151	1278	94.9	95.0	1	0	0	2	904	1060	1336	1853	2486	3029	3370	3555	3544	3429	3244	3051	2841	2602	2442	2336	2290	2418	2689	2993	3290	3485	3581	3490	3351	3190	2995	2765	2586	2446	2258	2113	
151	1323	95.0	95.0	1	1	0	2	904	1052	1332	1844	2459	3066	3434	3540	3537	3406	3242	3028	2876	2588	2432	2331	2312	2440	2649	2994	3290	3474	3551	3470	3365	3167	2971	2804	2573	2429	2273	2108	
151	1386	59.9	60.2	1	1	1	2	952	1214	1879	2972	4211	5349	5987	6120	5989	5633	5178	4729	4322	3926	3518	3253	3064	3074	3351	3746	4114	4315	4479	4335	4132	3894	3621	3355	3026	2804	2633	2396	
151	1403	60.0	60.0	1	1	1	2	959	1200	1856	2932	4198	5344	6001	6149	6016	5655	5203	4789	4361	3883	3533	3265	3093	3129	3390	3697	4100	4364	4493	4361	4161	3924	3634	3309	3039	2772	2592	2437	
151	1420	60.0	60.0	1	1	1	2	960	1204	1862	2940	4220	5311	5977	6080	5954	5650	5191	4783	4333	3883	3545	3222	3072	3110	3332	3694	4060	4372	4418	4359	4165	3912	3616	3300	3048	2786	2615	2440	
151	1437	59.9	60.0	1	1	1	2	967	1204	1857	2940	4183	5310	6009	6128	5971	5640	5244	4777	4329	3879	3553	3258	3057	3103	3311	3689	4116	4360	4462	4396	4146	3929	3643	3370	3035	2796	2604	2414	
151	1455	60.0	60.0	1	1	1	2	956	1206	1893	2946	4225	5336	5941	6105	5972	5642	5214	4813	4317	3877	3565	3252	3076	3089	3345	3678	4111	4322	4451	4358	4172	3927	3641	3339	3022	2794	2578	2394	
151	1472	60.0	60.0	1	1	1	2	945	1203	1878	2959	4198	5325	5966	6104	5961	5619	5230	4783	4339	3828	3539	3220	3055	3104	3338	3723	4109	4365	4461	4354	4165	3883	3616	3322	3046	2827	2601	2408	
151	1489	59.9	60.0	1	1	1	2	963	1201	1892	2962	4225	5306	5939	6081	5998	5632	5257	4768	4361	3880	3506	3222	3063	3133	3329	3716	4147	4301	4476	4334	4169	3905	3614	3353	3040	2791	2601	2437	
151	1552	95.2	95.0	2	1	0	2	893	1060	1338	1885	2504	3057	3438	3581	3588	3424	3280	3082	2847	2596	2468	2344	2329	2444	2713	3019	3324	3515	3615	3521	3380	3246	3046	2801	2628	2431	2291	2140	
151	1569	95.0	95.0	2	1	0	2	895	1058	1346	1856	2502	3054	3399	3553	3541	3447	3277	3049	2813	2597	2467	2352	2326	2452	2667	2953	3322	3542	3568	3512	3376	3208	3006	2812	2602	2422	2302	2124	
151	1632	59.8	60.1	2	1	1	2	954	1208	1899	3013	4264	5394	6040	6177	6029	5771	5307	4885	4417	3966	3559	3293	3100	3162	3410	3726	4182	4442	4553	4415	4216	3930	3704	3374	3078	2834	2650	2426	
151	1649	59.9	60.0	2	1	1	2	960	1226	1875	2995	4250	5406	6049	6182	6047	5743	5286	4844	4363	3924	3562	3304	3117	3143	3389	3728	4153	4413	4509	4424	4168	3968	3674	3361	3053	2817	2627	2440	
151	1666	59.9	60.0	2	1	1	2	970	1210	1877	2986	4252	5362	5990	6168	6021	5701	5313	4881	4367	3924	3579	3285	3111	3144	3399	3764	4125	4412	4469	4390	4192	3924	3656	3328	3068	2813	2627	2442	
151	1684	60.0	60.0	2	1	1	2	947	1219	1863	2974	4237	5376	5989	6187	6058	5704	5270	4817	4407	3894	3534	3286	3058	3125	3351	3702	4162	4397	4503	4405	4198	3918	3670	3387	3043	2831	2605	2406	
151	1701	59.9	60.0	2	1	1	2	959	1230	1906	2947	4205	5337	5986	6175	6048	5676	5251	4801	4370	3892	3566	3284	3077	3117	3364	3725	4113	4339	4527	4408	4164	3945	3660	3343	3056	2835	2611	2419	
151	1718	59.9	60.0	2	1	1	2	955	1203	1900	2990	4237	5366	6067	6180	5995	5694	5249	4826	4401	3905	3575	3256	3111	3131	3364	3712	4099	4368	4502	4380	4180	3900	3617	3338	3046	2822	2589	2404	
151	1735	59.9	60.0	2	1	1	2	947	1215	1881	2996	4227	5350	5977	6142	6038	5681	5295	4770	4359	3917	3550	3270	3063	3109	3368	3691	4102	4388	4508	4363	4175	3887	3632	3309	3072	2805	2626	2432	
151	1798	95.1	95.0	3	1	0	2	887	1061	1358	1872	2489	3079	3486	3551	3585	3459	3268	3076	2852	2630	2496	2357	2324	2445	2689	2986	3315	3498	3608	3530	3377	3209	3003	2836	2606	2415	2287	2141	
151	1815	95.0	95.0	3	1	0	2	894	1051	1348	1877	2517	3043	3442	3599	3582	3480	3279	3069	2893	2609	2478	2367	2324	2453	2701	2994	3373	3538	3591	3556	3378	3217	3031	2825	2619	2417	2297	2101	
151	1878	59.8	60.1	3	1	1	2	957	1219	1930	3034	4309	5500	6153	6289	6177	5850	5409	4935	4489	4020	3645	3338	3154	3190	3477	3797	4254	4478	4584	4483	4258	4014	3716	3409	3080	2882	2677	2470	
151	1895	59.9	60.0	3	1	1	2	957	1221	1930	3017	4299	5430	6111	6246	6144	5818	5403	4932	4463	3972	3626	3322	3137	3190	3429	3780	4185	4442	4581	4454	4239	3989	3725	3382	3099	2848	2648	2474	
151	1912	59.9	60.0	3	1	1	2	952	1219	1919	3019	4293	5382	6074	6240	6103	5736	5280	4847	4428	3942	3594	3297	3126	3144	3395	3745	4155	4427	4497	4424	4225	3979	3687	3378	3071	2798	2681	2430	
151	1930	60.0	60.0	3	1	1	2	954	1207	1900	2987	4235	5387	6027	6175	6066	5753	5331	4824	4368	3924	3564	3299	3135	3181	3400	3771	4185	4412	4504	4426	4197	3937	3672	3373	3041	2846	2648	2471	
151	1947	60.0	60.0	3	1	1	2	953	1203	1911	2981	4266	5397	6052	6175	6066	5718	5288	4880	4356	3929	3572	3276	3115	3157	3368	3736	4190	4424	4517	4391	4199	3946	3677	3360	3087	2824	2638	2431	
151	1964	60.0	60.0	3	1	1	2	962	1211	1894	3004	4277	5365	6013	6203	6030	5709	5279	4821	4359	3892	3555	3305	3116	3131	3350	3721	4112	4409	4524	4385	4186	3949	3685	3317	3045	2850	2624	2465	
151	1981	60.0	60.0	3	1	1	2	946	1222	1908	3010	4237	5393	6058	6208	6053	5713	5281	4851	4373	3932	3571	3255	3113	3113	3393	3741	4137	4421	4512	4412	4173	3946	3621	3325	3084	2813	2619	2419	
151	2044	95.2	95.0	4	1	0	2	899	1045	1364	1856	2506	3091	3466	3620	3597	3479	3294	3083	2878	2643	2486	2359	2323	2453	2697	3030	3298	3511	3615	3570	3361	3233	3041	2816	2634	2425	2298	2136	
151	2061	95.0	95.0	4	1	0	2	897	1048	1373	1881	2460	3071	3477	3573	3586	3488	3283	3072	2853	2618	2427	2326	2310	2451	2734	2996	3328	3526	3610	3541	3385	3204	3024	2836	2605	2456	2269	2128	
151	2124	59.8	60.1	4	1	1	2	951	1207	1917	3027	4348	5536	6141	6323	6215	5783	5352	4928	4451	4030	3630	3340	3206	3119	3430	3808	4210	4502	4606	4456	4279	4015	3708	3432	3116	2891	2639	2470	
151	2141	59.9	60.0	4	1	1	2	963	1226	1903	3010	4335	5391	6068	6206	6069	5760	5336	4878	4401	3953	3625	3280	3140	3192	3411	3748	4194	4472	4514	4444	4250	3978	3692	3402	3088	2824	2626	2451	
151	2159	59.9	60.0	4	1	1	2	964	1216	1898	3004	4305	5402	6070	6236	6078	5733	5313	4826	4418	3931	3590	3280	3109	3150	3455	3744	4187	4391	4510	4401	4203	3921	3691	3344	3075	2820	2628	2449	
151	2176	60.0	60.0	4	1	1	2	959	1222	1913	2995	4298	5399	6039	6180	6085	5744	5288	4846	4408	3925	3582	3282	3112	3159	3409	3740	4166	4429	4537	4392	4181	3959	3682	3357	3073	2811	2604	2455	
151	2193	60.0	60.0	4	1	1	2	954	1205	1897	2971	4301	5390	6055	6162	6068	5700	5295	4881	4374	3923	3549	3256	3096	3111	3395	3751	4163	4388	4504	4431	4190	3976	3652	3369	3090	2824	2623	2438	
151	2210	59.9	60.0	4	1	1	2	958	1208	1881	2989	4254	5372	6019	6177	6015	5691	5284	4842	4383	3899	3588	3260	3105	3120	3426	3728	4177	4378	4516	4423	4181	3901	3678	3363	3030	2830	2594	2418	
151	2227	60.0	60.0	4	1	1	2	962	1207	1911	2981	4276	5392	6018	6140	6041	5726	5335	4877	4376	3899	3565	3294	3095	3120	3379	3721	4153	4388	4486	4410	4164	3946	3654	3361	3041	2832	2622	2414	
151	2290	95.1	95.0	5	1	0	2	895	1041	1348	1872	2482	3082	3485	3608	3606	3472	3290	3081	2838	2588	2468	2341	2346	2456	2704	2993	3341	3509	3597	3506	3393	3237	3006	2811	2612	2432	2295	2154	
151	2307	95.0	95.0	5	1	0	2	916	1035	1353	1871	2474	3052	3438	3617	3548	3453	3260	3064	2860	2596	2462	2357	2335	2454	2669	2990	3329	3495	3594	3507	3387	3222	3029	2828	2601	2425	2250	2148	
151	2370	59.8	60.1	5	1	1	2	980	1225	1921	3035	4354	5481	6075	6326	6175	5850	5389	4922	4431	3982	3627	3315	3172	3224	3453	3794	4211	4472	4591	4450	4280	3996	3740	3415	3129	2866	2663	2454	
151	2387	59.9	60.0	5	1	1	2	973	1216	1898	3018	4269	5460	6093	6302	6132	5807	5334	4868	4410	3955	3577	3300	3140	3169	3408	3745	4196	4448	4582	4436	4272	3958	3708	3364	3094	2830	2652	2456	
151	2405	60.0	60.0	5	1	1	2	944	1217	1906	3003	4281	5431	6094	6278	6098	5743	5316	4880	4426	3945	3574	3295	3133	3150	3399	3737	4165	4443	4521	4442	4234	3977	3700	3388	3075	2860	2632	2421	
151	2422	60.0	60.0	5	1	1	2	957	1219	1893	2982	4263	5404	6031	6235	6071	5736	5304	4867	4389	3942	3548	3307	3138	3141	3398	3747	4154	4425	4526	4401	4207	3983	3687	3381	3055	2799	2613	2444	
151	2439	59.9	60.0	5	1	1	2	967	1225	1895	2997	4273	5420	6050	6209	6058	5731	5288	4869	4416	3895	3545	3262	3102	3154	3405	3727	4101	4412	4530	4409	4203	3903	3667	3362	3082	2853	2639	2436	
151	2456	60.0	60.0	5	1	1	2	955	1241	1881	2998	4274	5411	6030	6166	6092	5727	5282	4843	4375	3920	3592	3285	3139	3115	3390	3760	4158	4410	4541	4423	4205	3941	3686	3352	3080	2859	2642	2442	
151	2474	60.0	60.0	5	1	1	2	959	1207	1890	3000	4247	5358	6001	6173	6088	5666	5259	4848	4376	3911	3546	3276	3093	3104	3363	3718	4107	4383	4476	4406	4180	3941	3593	3360	3074	2796	2637	2439	
151	2536	95.2	95.0	6	1	0	2	886	1052	1364	1864	2464	3072	3418	3625	3591	3444	3225	3078	2832	2595	2472	2342	2318	2424	2685	3026	3308	3507	3595	3525	3370	3214	3028	2796	2620	2392	2263	2172	
151	2553	95.0	95.0	6	1	0	2	900	1054	1366	1859	2509	3065	3432	3576	3563	3469	3256	3043	2838	2613	2469	2354	2308	2433	2694	2981	3289	3470	3567	3544	3361	3218	3028	2796	2584	2441	2285	2129	
151	2616	59.8	60.1	6	1	1	2	954	1216	1906	3018	4327	5480	6093	6264	6132	5790	5364	4893	4415	3960	3642	3289	3146	3169	3381	3763	4213	4447	4508	4477	4222	3979	3692	3417	3121	2848	2634	2467	
151	2634	59.9	60.0	6	1	1	2	947	1217	1915	2981	4269	5404	6089	6222	6078	5741	5325	4876	4396	3898	3569	3270	3112	3097	3354	3741	4203	4418	4509	4390	4233	4006	3675	3364	3069	2826	2622	2455	
151	2651	60.0	60.0	6	1	1	2	955	1214	1888	2980	4297	5377	6041	6173	6062	5724	5299	4823	4385	3920	3580	3296	3100	3144	3381	3740	4153	4383	4493	4390	4207	3942	3612	3326	3037	2821	2619	2432	
151	2668	60.0	60.0	6	1	1	2	954	1222	1898	2985	4238	5360	5950	6149	6009	5653	5249	4820	4369	3893	3543	3260	3106	3136	3371	3713	4089	4350	4462	4438	4200	3888	3625	3339	3036	2770	2621	2413	
151	2685	60.0	60.0	6	1	1	2	956	1212	1902	2996	4225	5407	5997	6156	6017	5660	5288	4812	4378	3894	3604	3264	3102	3137	3358	3715	4095	4354	4463	4344	4197	3973	3681	3368	3078	2793	2606	2424	
151	2703	60.0	60.0	6	1	1	2	971	1207	1881	2978	4220	5351	5980	6187	5994	5668	5268	4834	4372	3889	3554	3283	3101	3118	3361	3739	4089	4344	4461	4397	4140	3924	3652	3340	3041	2822	2629	2414	
151	2720	60.0	60.0	6	1	1	2	965	1213	1880	2995	4256	5370	5989	6162	6033	5650	5216	4807	4368	3886	3539	3253	3087	3088	3319	3726	4150	4379	4462	4383	4156	3908	3658	3372	3062	2797	2651	2415	
151	2782	95.1	95.0	7	1	0	2	897	1053	1342	1866	2501	3052	3435	3588	3563	3445	3264	3037	2856	2601	2452	2348	2311	2427	2676	2980	3309	3494	3589	3504	3367	3192	3014	2783	2599	2423	2251	2109	
151	2800	95.0	95.0	7	1	0	2	897	1036	1365	1872	2480	3045	3409	3573	3561	3457	3258	3025	2820	2622	2445	2336	2296	2459	2651	2997	3304	3479	3552	3475	3337	3182	2966	2767	2619	2408	2263	2131	
151	2862	59.8	60.1	7	1	1	2	949	1214	1914	3015	4305	5406	6054	6243	6104	5734	5322	4842	4474	3984	3595	3300	3070	3154	3384	3768	4173	4441	4540	4416	4210	3955	3689	3363	3084	2846	2650	2452	
151	2880	60.0	60.0	7	1	1	2	943	1210	1900	2939	4219	5335	6063	6192	6001	5643	5269	4823	4340	3889	3542	3231	3084	3158	3335	3722	4132	4358	4477	4355	4191	3920	3654	3340	3035	2819	2595	2423	
151	2897	59.9	60.0	7	1	1	2	956	1219	1884	2979	4262	5354	6005	6123	6025	5671	5259	4856	4352	3904	3547	3248	3104	3127	3319	3707	4100	4363	4472	4378	4178	3898	3641	3384	3045	2776	2594	2412	
151	2914	59.9	60.0	7	1	1	2	948	1189	1855	2938	4222	5306	5932	6166	5944	5657	5242	4780	4341	3875	3538	3252	3073	3078	3356	3718	4117	4369	4438	4328	4192	3899	3613	3342	3051	2799	2625	2432	
151	2931	59.9	60.0	7	1	1	2	949	1205	1888	2949	4215	5339	5982	6127	6036	5613	5228	4806	4338	3886	3551	3254	3123	3152	3362	3724	4138	4388	4463	4323	4128	3897	3634	3337	3036	2808	2614	2421	
151	2949	60.0	60.0	7	1	1	2	930	1202	1880	2920	4195	5305	5971	6122	6001	5616	5217	4781	4286	3847	3534	3244	3084	3087	3341	3693	4115	4363	4441	4331	4111	3864	3645	3302	3057	2796	2590	2436	
151	2966	60.0	60.0	7	1	1	2	946	1218	1856	2966	4179	5308	5931	6062	5912	5642	5229	4755	4295	3870	3525	3256	3079	3105	3361	3693	4128	4321	4450	4383	4120	3872	3621	3315	3030	2790	2630	2424	
151	3030	95.0	95.1	8	1	0	2	891	1028	1351	1876	2479	3069	3396	3526	3493	3419	3247	3016	2822	2572	2428	2303	2299	2426	2643	2975	3257	3474	3529	3469	3294	3142	3010	2757	2549	2399	2268	2123	
151	3048	95.0	95.0	8	1	0	2	900	1016	1353	1854	2450	3073	3405	3524	3525	3404	3231	3070	2809	2540	2429	2323	2301	2421	2665	2999	3328	3461	3534	3466	3346	3184	3000	2771	2578	2383	2234	2106	
151	3110	59.8	60.1	8	1	1	2	955	1205	1906	3027	4275	5408	6075	6261	6076	5762	5326	4878	4438	3950	3563	3318	3133	3150	3377	3754	4192	4428	4518	4412	4247	3977	3683	3383	3101	2826	2602	2450	
151	3127	59.9	60.0	8	1	1	2	957	1204	1868	2949	4233	5333	5997	6131	6011	5679	5211	4798	4336	3925	3558	3219	3064	3111	3371	3702	4134	4379	4496	4345	4150	3931	3658	3363	3063	2795	2615	2427	
151	3144	60.0	60.0	8	1	1	2	946	1212	1881	2956	4199	5362	5985	6128	5963	5664	5240	4812	4319	3898	3534	3270	3055	3131	3371	3742	4117	4377	4490	4400	4144	3965	3641	3364	3028	2808	2601	2402	
151	3161	60.0	60.0	8	1	1	2	951	1232	1888	2946	4233	5263	5970	6135	5991	5629	5268	4806	4335	3926	3527	3227	3061	3105	3308	3699	4094	4331	4444	4340	4088	3880	3620	3321	3021	2820	2612	2406	
151	3179	60.0	60.0	8	1	1	2	953	1197	1866	2961	4189	5333	5988	6126	5943	5608	5261	4773	4302	3866	3555	3282	3102	3109	3336	3710	4094	4357	4463	4343	4168	3913	3643	3307	3041	2786	2610	2403	
151	3196	60.0	60.0	8	1	1	2	963	1202	1886	2918	4216	5300	5960	6089	5981	5640	5183	4766	4334	3858	3531	3226	3073	3069	3349	3664	4122	4324	4401	4327	4132	3898	3596	3320	3025	2789	2599	2401	
151	3213	60.0	60.0	8	1	1	2	957	1236	1853	2933	4174	5298	5940	6072	5963	5642	5208	4742	4283	3868	3501	3196	3061	3116	3342	3687	4064	4314	4466	4323	4143	3870	3580	3307	3034	2760	2589	2394	
151	3276	95.1	95.0	9	1	0	2	890	1036	1372	1829	2462	3039	3414	3567	3530	3391	3229	3010	2834	2591	2456	2355	2283	2412	2653	2982	3304	3426	3548	3458	3322	3157	2972	2767	2551	2412	2263	2075	
151	3293	95.0	95.0	9	1	0	2	906	1026	1387	1808	2464	3039	3439	3538	3501	3404	3223	3021	2806	2607	2440	2295	2309	2395	2673	2929	3255	3479	3513	3500	3329	3157	2951	2785	2576	2427	2256	2102	
151	3356	59.8	60.1	9	1	1	2	954	1211	1917	2986	4261	5402	6031	6222	6073	5748	5287	4846	4411	3963	3580	3295	3098	3152	3381	3741	4146	4425	4529	4413	4192	3916	3660	3376	3079	2832	2630	2431	
151	3373	60.0	60.0	9	1	1	2	967	1211	1909	2977	4224	5372	5977	6080	6012	5683	5193	4797	4365	3916	3531	3226	3071	3113	3340	3729	4108	4360	4468	4369	4151	3889	3652	3323	3056	2820	2629	2403	
151	3390	59.9	60.0	9	1	1	2	964	1201	1883	2957	4198	5317	5931	6131	5956	5643	5187	4747	4298	3877	3529	3268	3082	3090	3336	3668	4092	4336	4434	4354	4089	3883	3588	3318	3011	2785	2572	2417	
151	3407	59.9	60.0	9	1	1	2	968	1208	1874	2956	4227	5290	5909	6081	5947	5653	5223	4770	4319	3872	3502	3197	3094	3088	3326	3705	4084	4358	4429	4347	4135	3884	3612	3313	3028	2789	2575	2422	
151	3425	60.0	60.0	9	1	1	2	946	1205	1851	2917	4196	5257	5928	6086	5916	5604	5197	4771	4324	3837	3511	3188	3078	3091	3323	3656	4058	4340	4394	4313	4149	3870	3602	3296	3014	2771	2576	2403	
151	3442	59.9	60.0	9	1	1	2	952	1223	1857	2933	4216	5287	5901	6105	5919	5608	5157	4741	4323	3827	3484	3206	3050	3093	3356	3658	4062	4295	4428	4328	4102	3842	3624	3328	2998	2801	2578	2384	
151	3459	60.0	60.0	9	1	1	2	953	1169	1869	2947	4189	5277	5890	6033	5929	5534	5158	4673	4291	3828	3508	3194	3040	3066	3321	3670	4052	4303	4381	4321	4097	3831	3597	3300	3032	2761	2561	2416	
151	3522	95.0	95.0	10	1	0	2	882	1028	1346	1855	2466	3027	3353	3518	3530	3402	3223	3005	2796	2581	2438	2311	2301	2406	2651	2930	3273	3448	3529	3452	3334	3152	2972	2736	2577	2382	2223	2084	
151	3539	95.0	95.0	10	1	0	2	888	1031	1365	1821	2450	3002	3368	3495	3511	3359	3181	3024	2766	2562	2407	2316	2265	2394	2635	2919	3213	3462	3497	3410	3323	3117	2939	2769	2558	2399	2222	2124	
151	3602	59.8	60.1	10	1	1	2	961	1212	1907	2989	4225	5368	6031	6168	6021	5649	5259	4813	4372	3903	3555	3262	3114	3141	3340	3737	4103	4353	4477	4365	4188	3935	3644	3350	3075	2785	2592	2414	
151	3619	59.9	60.0	10	1	1	2	941	1202	1889	2957	4167	5314	5938	6088	5914	5584	5185	4771	4315	3855	3500	3225	3065	3110	3310	3649	4067	4328	4441	4332	4118	3878	3625	3302	3034	2813	2596	2414	
151	3636	60.0	60.0	10	1	1	2	951	1187	1882	2936	4196	5272	5905	6085	5965	5620	5199	4743	4351	3863	3528	3218	3043	3068	3288	3647	4068	4326	4417	4358	4138	3852	3611	3312	2986	2767	2582	2417	
151	3654	60.0	60.0	10	1	1	2	952	1196	1866	2950	4176	5233	5902	6021	5936	5588	5185	4777	4293	3825	3466	3206	3061	3098	3318	3650	4070	4331	4412	4298	4124	3899	3566	3301	3025	2776	2588	2394	
151	3671	59.9	60.0	10	1	1	2	947	1190	1862	2942	4194	5249	5920	6078	5936	5613	5198	4724	4303	3850	3477	3201	3047	3087	3319	3686	4061	4339	4424	4301	4094	3843	3613	3282	3032	2800	2567	2418	
151	3688	60.0	60.0	10	1	1	2	965	1208	1863	2937	4150	5246	5848	6059	5956	5662	5157	4707	4319	3817	3484	3222	3074	3067	3304	3651	4042	4310	4429	4326	4096	3845	3591	3312	2994	2756	2573	2397	
151	3705	59.9	60.0	10	1	1	2	948	1197	1840	2948	4137	5256	5918	6041	5880	5636	5164	4753	4279	3838	3482	3210	3024	3091	3276	3649	4052	4288	4415	4319	4098	3883	3552	3300	2984	2743	2528	2356	
151	3768	95.2	95.0	11	1	0	2	910	1025	1354	1833	2426	3010	3347	3502	3552	3400	3185	2983	2804	2539	2391	2326	2291	2384	2646	2949	3268	3420	3513	3436	3309	3144	2957	2749	2576	2346	2243	2106	
151	3785	95.0	95.0	11	1	0	2	887	1018	1347	1831	2450	2993	3346	3477	3489	3368	3186	2986	2793	2580	2410	2277	2294	2383	2650	2919	3242	3401	3506	3436	3298	3115	2950	2753	2578	2359	2236	2082	
151	3848	59.8	60.1	11	1	1	2	958	1198	1882	2967	4225	5334	5995	6146	6020	5648	5272	4805	4336	3904	3574	3228	3058	3115	3347	3690	4070	4361	4474	4398	4173	3936	3708	3360	3044	2790	2611	2439	
151	3865	59.9	60.0	11	1	1	2	946	1208	1866	2945	4197	5251	5897	6076	5913	5586	5167	4737	4313	3839	3494	3203	3015	3092	3275	3646	4077	4312	4401	4303	4100	3856	3582	3249	3022	2781	2587	2385	
151	3882	60.0	60.0	11	1	1	2	943	1201	1886	2903	4154	5271	5864	6019	5922	5634	5176	4725	4274	3829	3502	3194	3051	3058	3289	3659	4042	4318	4415	4303	4090	3882	3607	3279	3001	2776	2546	2389	
151	3900	60.0	60.0	11	1	1	2	959	1204	1864	2897	4157	5271	5890	6020	5885	5606	5193	4677	4272	3843	3492	3208	3045	3069	3298	3617	4068	4288	4354	4284	4080	3852	3616	3291	3022	2776	2529	2399	
151	3917	60.0	60.0	11	1	1	2	957	1217	1853	2930	4190	5230	5896	6006	5883	5542	5111	4743	4242	3824	3452	3228	3023	3061	3304	3659	4054	4267	4408	4310	4116	3860	3569	3267	2980	2778	2542	2394	
151	3934	60.0	60.0	11	1	1	2	945	1217	1863	2900	4152	5191	5857	5996	5862	5576	5131	4700	4295	3805	3438	3174	2994	3056	3286	3630	4023	4258	4382	4285	4058	3871	3543	3282	2977	2764	2551	2363	
151	3951	60.0	60.0	11	1	1	2	962	1198	1861	2872	4077	5213	5809	6021	5862	5545	5131	4714	4238	3833	3460	3178	3020	3060	3296	3625	4038	4248	4381	4268	4014	3850	3556	3269	2995	2717	2552	2377	
151	4016	95.1	95.1	12	1	0	2	887	1044	1360	1823	2424	2982	3346	3485	3466	3364	3201	2928	2779	2570	2436	2277	2300	2401	2612	2922	3208	3382	3517	3427	3279	3129	2913	2711	2539	2382	2236	2089	
151	4033	95.0	95.0	12	1	0	2	888	1044	1348	1804	2445	2997	3315	3485	3451	3374	3175	3000	2789	2533	2387	2295	2270	2357	2606	2901	3215	3397	3482	3407	3260	3103	2911	2737	2536	2373	2226	2080	
151	4094	59.8	60.2	12	1	1	2	956	1210	1878	2947	4168	5298	5959	6128	5972	5649	5235	4791	4328	3899	3557	3213	3089	3092	3373	3684	4112	4371	4450	4359	4147	3906	3601	3314	3032	2815	2576	2406	
151	4111	59.9	60.0	12	1	1	2	930	1201	1864	2933	4134	5249	5855	5973	5889	5519	5183	4675	4253	3797	3487	3204	2989	3045	3263	3645	4033	4280	4401	4339	4080	3823	3559	3293	3006	2750	2559	2379	
151	4128	60.0	60.0	12	1	1	2	928	1186	1877	2921	4119	5204	5878	6019	5857	5538	5126	4695	4253	3817	3459	3172	3009	3051	3316	3622	4052	4285	4352	4252	4064	3817	3567	3278	2983	2729	2567	2385	
151	4146	60.0	60.0	12	1	1	2	954	1210	1858	2908	4181	5220	5801	5964	5820	5478	5174	4686	4265	3790	3437	3186	3022	3075	3240	3655	4043	4249	4372	4216	4079	3834	3551	3266	2966	2737	2563	2380	
151	4163	60.0	60.0	12	1	1	2	943	1193	1852	2884	4120	5201	5831	5954	5814	5541	5143	4669	4274	3794	3454	3163	3007	3053	3246	3612	3981	4215	4356	4241	4055	3816	3568	3248	2973	2760	2554	2385	
151	4180	59.9	60.0	12	1	1	2	960	1199	1845	2881	4129	5194	5835	5933	5839	5509	5087	4683	4226	3802	3421	3191	3010	3028	3293	3639	4010	4258	4364	4238	4067	3810	3530	3236	2969	2755	2538	2387	
151	4197	60.0	60.0	12	1	1	2	965	1221	1857	2869	4127	5179	5840	6008	5840	5536	5121	4669	4235	3822	3413	3160	3022	3028	3278	3615	4024	4248	4350	4264	4094	3845	3544	3295	3003	2780	2561	2352	
151	4260	95.3	95.0	13	1	0	2	903	1013	1331	1822	2425	2983	3361	3452	3446	3324	3143	2955	2758	2533	2400	2288	2259	2354	2588	2887	3196	3401	3431	3407	3286	3174	2931	2697	2534	2381	2205	2056	
151	4277	95.0	95.0	13	1	0	2	888	1014	1353	1835	2424	2987	3342	3481	3465	3347	3161	2989	2744	2546	2396	2278	2258	2349	2612	2912	3235	3399	3484	3387	3269	3082	2909	2722	2534	2342	2208	2110	
151	4340	59.7	60.1	13	1	1	2	953	1184	1899	2941	4210	5252	5920	6087	5945	5621	5153	4754	4308	3852	3500	3232	3059	3112	3320	3718	4093	4319	4405	4329	4137	3857	3601	3302	3015	2748	2587	2410	
151	4357	59.9	60.0	13	1	1	2	944	1213	1852	2903	4140	5240	5831	6015	5862	5478	5138	4708	4282	3801	3447	3187	3014	3045	3298	3658	4020	4298	4368	4265	4081	3819	3570	3285	2964	2758	2528	2384	
151	4374	60.0	60.0	13	1	1	2	940	1197	1833	2908	4109	5218	5802	5977	5877	5532	5102	4681	4209	3791	3477	3205	2994	3061	3277	3660	4041	4266	4348	4268	4080	3817	3574	3241	2981	2747	2597	2372	
151	4392	59.9	60.0	13	1	1	2	948	1224	1844	2907	4114	5242	5770	5984	5843	5530	5135	4675	4244	3783	3476	3174	2987	3042	3264	3595	4024	4203	4336	4241	4042	3834	3567	3267	2977	2729	2544	2344	
151	4409	60.0	60.0	13	1	1	2	959	1201	1833	2907	4160	5185	5781	6023	5875	5541	5147	4680	4236	3805	3432	3166	2995	3043	3293	3611	4002	4254	4349	4284	4043	3836	3557	3245	2959	2767	2562	2384	
151	4426	60.0	60.0	13	1	1	2	950	1209	1837	2866	4111	5158	5811	5928	5845	5479	5108	4640	4212	3779	3414	3181	2982	3022	3247	3613	3947	4209	4348	4241	4035	3804	3511	3272	2987	2737	2560	2375	
151	4443	59.9	60.0	13	1	1	2	948	1198	1844	2890	4066	5180	5817	5931	5798	5466	5072	4639	4248	3742	3460	3148	2975	3002	3259	3578	4003	4225	4300	4244	4028	3793	3521	3236	2951	2750	2562	2362	
151	4508	95.1	95.1	14	1	0	2	867	1014	1346	1837	2402	2964	3309	3435	3444	3364	3164	2978	2767	2540	2375	2275	2250	2389	2626	2894	3191	3323	3460	3426	3248	3096	2921	2711	2525	2357	2212	2061	
151	4525	95.0	95.0	14	1	0	2	893	1025	1355	1819	2414	2970	3334	3495	3448	3334	3179	2973	2745	2526	2367	2298	2241	2354	2607	2891	3199	3363	3456	3388	3219	3086	2907	2710	2534	2349	2224	2039	
151	4588	59.8	60.1	14	1	1	2	944	1200	1905	2923	4154	5208	5894	6081	5936	5601	5166	4740	4274	3856	3478	3217	3070	3060	3324	3667	4068	4286	4377	4345	4135	3888	3586	3281	2985	2759	2588	2367	
151	4605	59.9	60.0	14	1	1	2	967	1195	1851	2880	4111	5193	5808	5977	5832	5496	5075	4688	4235	3796	3422	3170	3016	3037	3296	3600	4035	4255	4334	4258	4064	3851	3531	3280	2953	2749	2525	2358	
151	4623	60.0	60.0	14	1	1	2	950	1208	1831	2892	4099	5203	5762	5938	5758	5509	5092	4644	4194	3790	3431	3145	2991	3047	3258	3639	4013	4257	4345	4244	4040	3805	3495	3258	3001	2713	2540	2353	
151	4640	59.9	60.0	14	1	1	2	950	1196	1853	2879	4077	5189	5800	5980	5821	5440	5083	4662	4210	3775	3415	3110	2995	3047	3267	3620	4000	4234	4327	4242	4062	3793	3532	3260	2966	2735	2503	2356	
151	4657	59.9	60.0	14	1	1	2	930	1200	1831	2890	4081	5219	5808	5963	5836	5499	5067	4608	4220	3747	3447	3155	2972	3034	3261	3614	4019	4220	4320	4230	4018	3845	3557	3246	2992	2732	2554	2368	
151	4674	60.0	60.0	14	1	1	2	960	1217	1834	2891	4086	5160	5749	5887	5798	5425	5024	4605	4206	3758	3434	3146	2985	3028	3226	3584	4001	4209	4332	4222	4012	3788	3519	3237	2966	2734	2529	2351	
151	4692	60.0	60.0	14	1	1	2	948	1194	1827	2886	4104	5157	5764	5912	5788	5452	5044	4628	4191	3721	3365	3140	3017	3023	3216	3573	3960	4224	4276	4185	4036	3825	3533	3243	2956	2697	2545	2328	
151	4756	95.1	95.1	15	1	0	2	890	1024	1352	1830	2420	2979	3300	3451	3410	3324	3191	2994	2765	2552	2365	2270	2258	2386	2602	2900	3184	3371	3466	3388	3271	3101	2897	2735	2465	2351	2211	2066	
151	4773	95.0	95.0	15	1	0	2	893	1013	1346	1795	2427	2964	3314	3455	3476	3327	3157	2957	2757	2514	2382	2273	2266	2381	2607	2876	3184	3356	3438	3402	3249	3078	2906	2730	2518	2375	2201	2065	
151	4836	59.7	60.1	15	1	1	2	968	1206	1873	2919	4124	5254	5815	5987	5902	5557	5176	4711	4266	3857	3475	3185	3006	3057	3264	3612	4008	4267	4359	4251	4096	3828	3608	3257	2999	2745	2543	2387	
151	4853	60.0	60.0	15	1	1	2	933	1211	1841	2886	4065	5180	5827	5924	5820	5490	5112	4654	4205	3758	3435	3160	3009	2991	3243	3607	3988	4237	4332	4214	4043	3854	3526	3259	2958	2719	2547	2368	
151	4871	60.0	60.0	15	1	1	2	966	1203	1853	2886	4086	5163	5785	5902	5779	5459	5055	4627	4192	3748	3436	3179	2985	3016	3268	3591	3988	4197	4338	4236	3989	3795	3485	3279	2959	2735	2542	2357	
151	4888	59.9	60.0	15	1	1	2	946	1203	1829	2911	4099	5117	5786	5945	5781	5412	5084	4618	4208	3753	3421	3159	2945	3035	3231	3589	3987	4244	4281	4201	4027	3778	3522	3196	2965	2722	2567	2333	
151	4905	59.9	60.0	15	1	1	2	947	1189	1845	2931	4065	5186	5738	5913	5765	5475	5089	4579	4174	3742	3448	3151	2968	3017	3250	3580	3990	4218	4292	4196	4020	3787	3530	3233	2941	2762	2551	2359	
151	4922	60.0	60.0	15	1	1	2	975	1201	1843	2874	4066	5124	5719	5891	5812	5488	5059	4605	4198	3752	3419	3139	3004	3026	3265	3605	3970	4194	4282	4215	3989	3788	3503	3211	2937	2714	2516	2335	
151	4940	60.0	60.0	15	1	1	2	950	1183	1844	2871	4077	5133	5750	5906	5768	5473	5059	4637	4217	3729	3409	3118	2982	3010	3220	3608	3949	4231	4289	4229	4041	3792	3528	3195	2950	2739	2525	2347	
151	5004	95.1	95.1	16	1	0	2	884	1007	1329	1818	2388	2911	3300	3447	3438	3303	3152	2938	2748	2476	2378	2292	2261	2351	2588	2875	3202	3354	3425	3394	3232	3070	2906	2701	2488	2353	2183	2063	
151	5021	95.0	95.0	16	1	0	2	900	1016	1331	1800	2410	2964	3309	3437	3413	3335	3167	2921	2745	2524	2370	2262	2251	2317	2579	2891	3188	3362	3457	3356	3238	3057	2888	2699	2528	2329	2173	2057	
151	5084	59.8	60.1	16	1	1	2	943	1193	1864	2923	4141	5238	5891	6034	5868	5531	5176	4686	4261	3799	3445	3223	3001	3068	3298	3623	4037	4265	4360	4294	4065	3845	3592	3289	2997	2770	2569	2386	
151	5101	59.9	60.0	16	1	1	2	935	1174	1856	2874	4121	5147	5823	5984	5832	5507	5090	4691	4262	3784	3445	3150	3013	3048	3285	3595	3982	4233	4361	4226	4072	3787	3520	3244	2987	2719	2534	2373	
151	5119	59.9	60.0	16	1	1	2	929	1189	1837	2884	4121	5154	5738	5990	5809	5482	5068	4622	4206	3774	3427	3174	3002	3027	3262	3584	3973	4261	4336	4235	4040	3799	3547	3224	2937	2752	2537	2335	
151	5136	60.0	60.0	16	1	1	2	960	1183	1851	2885	4080	5146	5741	5913	5771	5457	5090	4651	4213	3750	3414	3111	2994	3029	3246	3589	3969	4190	4312	4211	4011	3781	3501	3230	2960	2739	2511	2345	
151	5153	60.0	60.0	16	1	1	2	960	1192	1845	2880	4089	5142	5787	5888	5784	5448	5009	4621	4181	3727	3407	3146	2973	3026	3224	3590	3995	4202	4319	4229	3982	3786	3504	3253	2970	2714	2500	2358	
151	5170	60.0	60.0	16	1	1	2	962	1172	1841	2856	4089	5110	5720	5896	5775	5391	5047	4591	4197	3742	3404	3117	2950	2986	3243	3578	3933	4199	4328	4247	4000	3747	3518	3228	2962	2718	2523	2339	
151	5188	60.0	60.0	16	1	1	2	945	1196	1822	2849	4050	5122	5707	5893	5727	5469	5032	4605	4160	3754	3397	3128	2986	3007	3246	3540	3922	4179	4283	4187	3995	3762	3520	3163	2950	2700	2525	2330	
151	5250	95.3	95.0	17	1	0	2	875	1007	1339	1812	2411	2960	3302	3433	3422	3314	3180	2972	2731	2505	2336	2304	2233	2352	2573	2881	3182	3357	3443	3367	3223	3079	2888	2687	2490	2332	2200	2057	
151	5267	95.0	95.0	17	1	0	2	887	1008	1329	1811	2397	2953	3297	3443	3439	3301	3114	2925	2728	2557	2366	2265	2233	2349	2592	2867	3155	3353	3387	3380	3230	3053	2901	2695	2508	2338	2180	2040	
151	5330	59.8	60.1	17	1	1	2	963	1185	1852	2892	4150	5195	5854	5992	5879	5515	5152	4674	4276	3811	3419	3162	3039	3056	3275	3616	4050	4260	4380	4270	4051	3820	3558	3284	2967	2743	2535	2393	
151	5348	59.9	60.0	17	1	1	2	950	1206	1845	2887	4130	5137	5710	5902	5796	5492	5052	4673	4182	3760	3410	3187	2987	3011	3299	3568	3983	4260	4327	4221	4033	3791	3522	3225	2947	2719	2538	2385	
151	5365	59.9	60.0	17	1	1	2	946	1193	1821	2875	4052	5117	5749	5876	5767	5427	5043	4603	4189	3750	3393	3109	2966	2989	3228	3573	3951	4220	4288	4211	4016	3779	3522	3194	2969	2701	2505	2331	
151	5382	59.9	60.0	17	1	1	2	944	1186	1855	2888	4071	5088	5733	5879	5789	5464	5013	4628	4207	3732	3398	3141	2939	2999	3271	3550	3980	4214	4287	4201	3981	3745	3496	3237	2940	2702	2512	2338	
151	5399	59.9	60.0	17	1	1	2	956	1196	1856	2865	4068	5172	5756	5864	5778	5406	5044	4590	4201	3728	3385	3143	2993	2965	3238	3555	3972	4207	4340	4213	3983	3772	3503	3248	2951	2686	2516	2342	
151	5417	60.0	60.0	17	1	1	2	944	1186	1845	2848	4012	5120	5676	5862	5735	5445	4997	4587	4165	3716	3396	3107	2987	2996	3226	3551	3927	4164	4273	4206	4003	3731	3488	3207	2937	2706	2508	2340	
151	5434	60.0	60.0	17	1	1	2	934	1192	1852	2874	4038	5159	5763	5886	5779	5453	5103	4624	4179	3729	3413	3124	2956	3034	3262	3577	3961	4227	4309	4199	4012	3783	3526	3245	2951	2698	2537	2317	
151	5498	95.1	95.1	18	1	0	2	889	1002	1332	1818	2395	2948	3301	3431	3397	3316	3126	2950	2749	2511	2350	2270	2252	2353	2591	2859	3194	3377	3424	3340	3221	3070	2893	2692	2470	2325	2193	2072	
151	5516	95.0	95.0	18	1	0	2	887	1014	1323	1830	2408	2900	3257	3435	3455	3301	3160	2919	2721	2534	2344	2246	2227	2352	2581	2865	3163	3412	3416	3354	3207	3038	2871	2694	2514	2313	2200	2060	
151	5578	59.8	60.1	18	1	1	2	958	1204	1838	2903	4100	5175	5827	5930	5798	5476	5096	4648	4205	3764	3492	3154	3031	3029	3262	3592	3997	4216	4333	4226	4073	3825	3519	3236	2998	2744	2506	2360	
151	5596	59.9	60.0	18	1	1	2	940	1195	1846	2856	4075	5147	5724	5941	5791	5458	5072	4635	4149	3729	3431	3140	2973	3005	3210	3595	3976	4237	4302	4154	4026	3802	3491	3220	2957	2746	2520	2362	
151	5613	59.9	60.0	18	1	1	2	949	1185	1858	2833	4053	5110	5755	5867	5728	5416	5012	4599	4184	3747	3404	3160	2952	3022	3249	3555	3970	4198	4284	4196	3998	3759	3520	3190	2951	2742	2518	2339	
151	5630	60.0	60.0	18	1	1	2	952	1177	1830	2829	4059	5072	5700	5866	5738	5424	4974	4597	4173	3772	3391	3117	2959	2982	3217	3561	3950	4182	4222	4180	3996	3759	3499	3176	2906	2706	2511	2323	
151	5647	59.9	60.0	18	1	1	2	957	1212	1851	2845	4065	5119	5715	5866	5723	5446	5001	4581	4167	3718	3393	3122	2963	2997	3234	3584	3972	4211	4314	4194	3975	3778	3522	3225	2970	2696	2540	2325	
151	5665	60.0	60.0	18	1	1	2	939	1194	1807	2861	4045	5088	5653	5823	5708	5411	5014	4583	4154	3725	3410	3095	2965	3017	3220	3547	3966	4138	4275	4178	3963	3741	3476	3164	2949	2713	2501	2327	
151	5682	60.0	60.0	18	1	1	2	946	1196	1848	2847	4036	5050	5723	5833	5718	5380	5017	4578	4185	3728	3369	3139	2956	2986	3207	3539	3918	4140	4238	4168	3989	3760	3485	3164	2938	2674	2513	2349	
151	5746	95.1	95.1	19	1	0	2	884	995	1332	1813	2406	2926	3315	3452	3444	3296	3117	2939	2716	2495	2366	2253	2239	2344	2563	2869	3147	3325	3420	3343	3228	3064	2864	2705	2464	2337	2203	2045	
151	5764	95.0	95.0	19	1	0	2	892	1006	1320	1816	2387	2977	3320	3450	3418	3338	3116	2968	2718	2522	2371	2266	2223	2360	2570	2875	3154	3345	3418	3366	3225	3087	2865	2687	2500	2345	2188	2074	
151	5827	59.8	60.1	19	1	1	2	953	1194	1850	2924	4113	5191	5816	6012	5850	5543	5108	4696	4219	3814	3449	3168	3031	3027	3268	3632	4042	4213	4338	4256	4051	3831	3536	3272	2982	2719	2547	2350	
151	5844	59.9	60.0	19	1	1	2	947	1174	1813	2868	4059	5132	5722	5904	5736	5436	5051	4631	4211	3715	3414	3133	3000	3066	3243	3581	3909	4205	4330	4166	3987	3757	3499	3218	2935	2704	2523	2353	
151	5861	60.0	60.0	19	1	1	2	960	1202	1832	2866	4060	5128	5734	5874	5750	5467	4987	4573	4163	3746	3416	3115	2968	2991	3247	3535	3930	4162	4282	4229	4016	3740	3487	3229	2918	2691	2518	2344	
151	5878	60.0	60.0	19	1	1	2	931	1203	1817	2865	4064	5104	5716	5809	5755	5401	5029	4603	4176	3707	3380	3128	2975	3022	3232	3552	3946	4180	4295	4219	4006	3739	3497	3221	2936	2689	2554	2350	
151	5896	59.9	60.0	19	1	1	2	938	1193	1813	2845	4006	5097	5737	5846	5695	5382	4980	4573	4196	3758	3414	3122	2946	2997	3238	3555	3959	4188	4252	4198	4001	3776	3524	3188	2925	2721	2509	2329	
151	5913	60.0	60.0	19	1	1	2	932	1178	1836	2859	4038	5065	5715	5862	5728	5386	5003	4586	4124	3706	3373	3116	2963	2999	3224	3554	3947	4171	4274	4164	3964	3748	3467	3209	2911	2704	2511	2345	
151	5930	60.0	60.0	19	1	1	2	951	1192	1830	2858	4049	5094	5727	5839	5757	5401	5022	4538	4162	3671	3364	3123	2945	3007	3227	3575	3939	4208	4274	4179	3991	3783	3481	3199	2912	2709	2522	2344	
151	5995	95.1	95.1	20	1	0	2	886	1018	1339	1808	2394	2933	3325	3428	3394	3311	3128	2915	2721	2522	2376	2263	2229	2330	2569	2872	3136	3319	3403	3360	3206	3047	2913	2700	2466	2313	2164	2050	
151	6012	95.0	95.0	20	1	0	2	901	1004	1317	1807	2392	2910	3263	3434	3407	3309	3119	2937	2723	2476	2380	2251	2218	2337	2569	2864	3166	3323	3382	3325	3218	3067	2868	2704	2476	2328	2195	2035	
151	6074	59.8	60.1	20	1	1	2	955	1199	1856	2870	4124	5196	5799	5947	5865	5491	5097	4660	4246	3782	3472	3163	3034	3032	3242	3580	3992	4233	4298	4268	4020	3799	3515	3242	2969	2700	2539	2373	
151	6092	59.9	60.0	20	1	1	2	959	1193	1851	2856	4053	5101	5735	5893	5743	5398	5003	4599	4145	3789	3416	3106	2954	2989	3231	3553	3940	4176	4293	4191	3975	3757	3510	3207	2934	2692	2488	2347	
151	6109	59.9	60.0	20	1	1	2	946	1180	1820	2828	4068	5090	5777	5808	5718	5387	5016	4588	4157	3694	3412	3119	2907	3008	3227	3524	3932	4169	4252	4159	4020	3749	3473	3190	2911	2659	2556	2314	
151	6126	60.0	60.0	20	1	1	2	942	1195	1841	2875	4054	5062	5679	5861	5733	5394	4991	4573	4169	3736	3371	3123	2972	2982	3202	3604	3986	4177	4275	4226	3991	3764	3504	3193	2949	2721	2524	2325	
151	6143	60.0	60.0	20	1	1	2	947	1186	1844	2829	4071	5120	5697	5845	5743	5401	5013	4594	4166	3752	3364	3104	2974	3001	3201	3528	3927	4162	4274	4169	3992	3731	3470	3224	2931	2686	2512	2342	
151	6161	59.9	60.0	20	1	1	2	949	1188	1821	2841	4008	5065	5673	5845	5680	5387	4976	4545	4120	3703	3378	3076	2949	2998	3180	3545	3917	4137	4277	4188	3990	3713	3520	3178	2924	2690	2491	2326	
151	6178	60.0	60.0	20	1	1	2	944	1190	1830	2842	4012	5027	5689	5830	5712	5366	4972	4560	4172	3738	3348	3075	2938	2988	3175	3563	3938	4160	4242	4132	3983	3726	3471	3161	2864	2693	2481	2348	
151	6243	95.2	95.1	21	1	0	2	885	1032	1319	1788	2401	2946	3246	3396	3394	3295	3130	2943	2704	2492	2364	2232	2239	2324	2555	2840	3184	3338	3366	3323	3211	3035	2890	2680	2501	2325	2161	2051	
151	6260	95.0	95.0	21	1	0	2	887	999	1325	1796	2371	2948	3266	3415	3421	3262	3124	2897	2730	2507	2336	2235	2210	2313	2532	2824	3173	3331	3387	3311	3193	3033	2860	2697	2491	2328	2175	2043	
151	6321	59.8	60.2	21	1	1	2	961	1195	1848	2905	4152	5212	5846	5987	5887	5561	5104	4733	4267	3825	3461	3190	3005	3081	3299	3627	4029	4275	4345	4281	4054	3816	3558	3266	2984	2739	2556	2367	
151	6338	59.9	60.0	21	1	1	2	945	1194	1846	2881	4068	5109	5722	5892	5742	5424	5032	4613	4198	3758	3411	3152	2977	3025	3210	3571	3977	4196	4345	4180	3994	3813	3474	3202	2932	2720	2515	2344	
151	6355	60.0	60.0	21	1	1	2	949	1201	1837	2852	4057	5096	5715	5858	5734	5400	5017	4615	4153	3752	3418	3155	2950	3023	3203	3530	3979	4169	4238	4180	3985	3788	3489	3202	2930	2738	2511	2351	
151	6372	59.9	60.0	21	1	1	2	939	1171	1844	2837	4109	5100	5717	5840	5767	5401	5046	4548	4161	3723	3368	3127	2964	3002	3165	3563	3963	4174	4286	4182	3959	3765	3495	3205	2929	2690	2502	2330	
151	6390	59.9	60.0	21	1	1	2	952	1186	1835	2854	4024	5046	5663	5849	5716	5346	5008	4547	4155	3716	3375	3094	2932	3004	3188	3539	3964	4163	4263	4149	4000	3731	3467	3193	2940	2700	2511	2327	
151	6407	60.0	60.0	21	1	1	2	953	1190	1815	2862	4044	5086	5737	5831	5697	5416	5003	4563	4126	3696	3372	3081	2934	2973	3233	3580	3930	4187	4274	4168	4001	3718	3482	3187	2920	2714	2497	2333	
151	6424	60.0	60.0	21	1	1	2	941	1177	1803	2867	4009	5064	5631	5814	5717	5389	5006	4582	4111	3747	3357	3088	2966	2977	3208	3574	3943	4185	4226	4167	3996	3740	3502	3209	2924	2692	2513	2302	
151	6487	95.1	95.0	22	1	0	2	897	1002	1319	1818	2408	2929	3290	3433	3412	3304	3130	2916	2714	2479	2366	2247	2226	2348	2596	2860	3153	3338	3396	3341	3205	3050	2854	2684	2475	2293	2176	2030	
151	6504	95.0	95.0	22	1	0	2	893	1009	1332	1802	2404	2920	3298	3416	3411	3313	3133	2930	2764	2498	2374	2258	2223	2345	2573	2827	3180	3342	3422	3349	3188	3059	2843	2692	2473	2314	2168	2047	
151	6567	59.7	60.1	22	1	1	2	955	1195	1858	2900	4145	5233	5831	6008	5870	5555	5131	4719	4239	3785	3436	3175	3004	3045	3250	3648	4031	4244	4320	4263	4046	3860	3567	3291	2977	2735	2567	2366	
151	6584	59.9	60.0	22	1	1	2	952	1191	1866	2849	4083	5117	5707	5899	5768	5473	5038	4576	4206	3768	3389	3137	2958	3019	3204	3584	3908	4186	4267	4194	4019	3747	3507	3213	2953	2661	2502	2342	
151	6601	59.9	60.0	22	1	1	2	947	1185	1828	2870	4040	5071	5680	5867	5711	5401	5043	4572	4128	3746	3436	3117	2957	3013	3201	3533	3982	4150	4244	4147	3965	3737	3496	3196	2949	2693	2499	2344	
151	6619	59.9	60.0	22	1	1	2	946	1189	1814	2862	4018	5042	5723	5831	5760	5358	5004	4590	4150	3737	3404	3154	2981	2988	3212	3565	3923	4153	4281	4143	3969	3723	3494	3222	2943	2725	2518	2326	
151	6636	60.0	60.0	22	1	1	2	937	1174	1809	2845	4012	5077	5690	5813	5724	5402	4989	4617	4178	3716	3380	3101	3006	2993	3215	3533	3933	4178	4276	4180	3990	3747	3497	3187	2898	2704	2549	2330	
151	6653	59.9	60.0	22	1	1	2	951	1179	1812	2832	4046	5055	5643	5808	5696	5426	4990	4578	4163	3710	3392	3090	2910	2957	3162	3537	3888	4138	4233	4154	3971	3711	3485	3184	2897	2665	2480	2320	
151	6670	60.0	60.0	22	1	1	2	948	1200	1829	2869	4004	5055	5696	5825	5663	5368	4939	4558	4126	3649	3373	3112	2951	2954	3170	3505	3962	4164	4252	4175	3956	3738	3463	3204	2932	2663	2479	2305	
151	6733	95.0	95.0	23	1	0	2	899	1009	1326	1810	2370	2960	3287	3422	3393	3296	3113	2929	2713	2492	2363	2225	2241	2336	2520	2844	3135	3327	3436	3353	3211	3036	2861	2699	2474	2306	2174	2033	
151	6750	95.0	95.0	23	1	0	2	894	1015	1308	1786	2391	2910	3290	3410	3425	3270	3110	2898	2715	2494	2374	2241	2241	2313	2562	2853	3141	3311	3367	3323	3210	3040	2873	2682	2467	2331	2167	2048	
151	6813	59.8	60.1	23	1	1	2	943	1189	1827	2899	4138	5195	5861	6026	5833	5531	5112	4664	4250	3791	3457	3157	3023	3041	3278	3619	4046	4300	4359	4268	4072	3804	3563	3265	2961	2745	2555	2344	
151	6830	59.9	60.0	23	1	1	2	905	1201	1868	2854	4072	5108	5724	5877	5752	5441	5043	4619	4148	3721	3367	3147	2956	3004	3192	3578	3951	4177	4291	4177	4014	3770	3495	3216	2947	2708	2506	2328	
151	6847	60.0	60.0	23	1	1	2	946	1208	1810	2834	4024	5079	5637	5779	5704	5346	4990	4576	4138	3711	3390	3126	2943	2971	3201	3550	3940	4162	4273	4170	3969	3741	3492	3184	2872	2662	2512	2323	
151	6865	59.9	60.0	23	1	1	2	954	1181	1838	2814	4029	5097	5672	5829	5677	5357	5016	4565	4155	3702	3391	3128	2979	2971	3226	3523	3932	4159	4230	4142	3970	3747	3492	3204	2913	2676	2514	2331	
151	6882	60.0	60.0	23	1	1	2	953	1187	1799	2847	4018	5029	5707	5812	5678	5356	5009	4530	4125	3703	3370	3085	2969	2951	3202	3534	3934	4144	4238	4140	3969	3732	3430	3190	2914	2689	2497	2306	
151	6899	60.0	60.0	23	1	1	2	959	1183	1814	2808	4002	5030	5614	5832	5714	5348	4932	4546	4130	3686	3358	3083	2902	2963	3178	3523	3870	4101	4218	4153	3983	3724	3467	3167	2908	2685	2490	2328	
151	6916	60.0	60.0	23	1	1	2	945	1195	1859	2827	4018	4997	5687	5842	5707	5357	4957	4547	4101	3692	3394	3113	2954	2986	3196	3511	3880	4136	4257	4166	3915	3726	3497	3208	2922	2673	2508	2313	
151	6979	95.2	95.0	24	1	0	2	879	1007	1342	1813	2376	2923	3266	3381	3406	3272	3118	2898	2725	2484	2347	2254	2213	2321	2549	2853	3141	3315	3410	3317	3209	3008	2812	2697	2470	2310	2150	2014	
151	6996	95.0	95.0	24	1	0	2	882	1002	1333	1822	2368	2919	3273	3419	3395	3250	3093	2925	2690	2519	2361	2220	2211	2340	2571	2856	3143	3319	3409	3309	3191	3038	2868	2659	2484	2310	2177	2059	
151	7059	59.7	60.1	24	1	1	2	950	1199	1858	2923	4141	5194	5812	5974	5836	5526	5099	4664	4245	3762	3473	3180	3014	3052	3283	3614	4015	4266	4307	4261	4058	3794	3555	3274	2978	2762	2530	2364	
151	7076	59.9	60.0	24	1	1	2	944	1182	1826	2878	4056	5118	5768	5864	5754	5482	5045	4612	4190	3761	3404	3124	2973	3016	3281	3538	3975	4202	4281	4176	4032	3808	3469	3179	2940	2719	2548	2332	
151	7093	59.9	60.0	24	1	1	2	952	1190	1824	2889	4039	5120	5701	5853	5743	5428	5000	4578	4194	3715	3388	3121	2943	2991	3243	3527	3972	4141	4301	4193	4006	3758	3512	3193	2938	2716	2525	2365	
151	7111	60.0	60.0	24	1	1	2	945	1199	1843	2836	4056	5068	5698	5776	5681	5397	4967	4564	4167	3706	3379	3090	2929	2997	3185	3580	3894	4161	4227	4148	3972	3712	3480	3177	2918	2656	2484	2320	
151	7128	60.0	60.0	24	1	1	2	941	1193	1825	2832	3994	5086	5658	5764	5687	5356	4947	4538	4134	3678	3351	3098	2933	2976	3176	3509	3877	4135	4239	4164	3950	3741	3471	3163	2925	2680	2482	2335	
151	7145	59.9	60.0	24	1	1	2	954	1188	1797	2837	3969	5052	5631	5854	5714	5395	4974	4564	4137	3705	3362	3090	2948	2991	3203	3548	3887	4177	4220	4181	3929	3757	3523	3215	2934	2666	2500	2339	
151	7162	60.0	60.0	24	1	1	2	952	1194	1806	2820	4050	5051	5603	5823	5653	5341	4960	4519	4117	3717	3377	3112	2954	2980	3207	3546	3925	4149	4274	4157	3971	3719	3463	3205	2899	2667	2480	2332	
151	7227	95.1	95.1	25	1	0	2	883	1015	1336	1787	2385	2939	3282	3449	3409	3299	3107	2917	2703	2520	2341	2241	2216	2336	2540	2841	3164	3304	3405	3338	3235	3031	2887	2702	2506	2313	2177	2038	
151	7244	95.0	95.0	25	1	0	2	887	1028	1309	1830	2380	2911	3291	3409	3440	3289	3099	2945	2704	2506	2367	2239	2229	2330	2580	2850	3166	3322	3398	3340	3231	3067	2855	2658	2491	2337	2154	2038	
151	7307	59.8	60.1	25	1	1	2	954	1184	1873	2880	4105	5211	5856	5958	5863	5504	5109	4697	4270	3808	3468	3183	3005	3044	3274	3599	4005	4272	4323	4254	4041	3800	3552	3239	3003	2724	2548	2369	
151	7324	59.9	60.0	25	1	1	2	947	1197	1835	2896	4088	5149	5752	5921	5781	5462	5057	4602	4137	3741	3397	3162	2983	2991	3235	3576	3934	4189	4322	4202	4029	3777	3500	3228	2945	2689	2522	2331	
151	7342	59.9	60.0	25	1	1	2	945	1189	1838	2892	4072	5116	5720	5867	5776	5406	4997	4591	4165	3686	3394	3113	2949	3000	3232	3555	3938	4182	4269	4162	3969	3790	3462	3224	2942	2724	2496	2312	
151	7359	59.9	60.0	25	1	1	2	947	1188	1826	2839	4023	5105	5672	5826	5708	5437	4969	4622	4173	3729	3351	3100	2946	2973	3202	3543	3938	4163	4248	4162	3985	3770	3495	3177	2904	2696	2495	2331	
151	7376	60.0	60.0	25	1	1	2	957	1181	1828	2869	4038	5103	5646	5804	5683	5362	4982	4581	4163	3716	3367	3112	2967	2993	3184	3523	3949	4141	4248	4224	3969	3726	3451	3194	2926	2688	2515	2306	
151	7393	60.0	60.0	25	1	1	2	954	1196	1839	2869	4023	5113	5723	5881	5725	5422	5041	4579	4196	3723	3382	3137	2956	2965	3209	3538	3943	4197	4260	4167	3992	3777	3492	3201	2918	2725	2522	2338	
151	7411	59.9	60.0	25	1	1	2	949	1190	1845	2822	4017	5079	5671	5810	5720	5394	4995	4549	4136	3719	3364	3132	2938	2964	3176	3547	3944	4145	4259	4207	3954	3775	3470	3187	2896	2689	2496	2323	
151	7475	95.1	95.1	26	1	0	2	888	1012	1326	1793	2368	2933	3285	3442	3401	3292	3119	2918	2707	2476	2376	2236	2233	2349	2561	2843	3155	3333	3375	3334	3199	3043	2848	2683	2473	2331	2167	2062	
151	7492	95.0	95.0	26	1	0	2	892	1012	1322	1794	2406	2892	3272	3394	3375	3274	3118	2925	2734	2489	2330	2248	2241	2326	2544	2883	3158	3300	3402	3329	3185	3030	2847	2647	2473	2313	2158	2034	
151	7555	59.8	60.1	26	1	1	2	926	1191	1844	2894	4084	5169	5803	5962	5800	5531	5082	4673	4287	3763	3451	3168	2981	3046	3279	3612	3992	4200	4318	4199	4024	3792	3537	3240	2984	2716	2540	2363	
151	7572	59.9	60.0	26	1	1	2	943	1213	1817	2876	4046	5167	5780	5960	5806	5464	5083	4613	4213	3756	3398	3134	2950	3012	3225	3561	3957	4184	4331	4183	4001	3783	3520	3201	2951	2736	2565	2332	
151	7590	59.9	60.0	26	1	1	2	956	1171	1855	2828	4049	5110	5706	5904	5734	5483	5024	4606	4143	3714	3382	3145	2939	2972	3232	3574	3942	4194	4260	4198	4029	3755	3493	3209	2938	2690	2522	2360	
151	7607	60.0	60.0	26	1	1	2	961	1180	1813	2828	4070	5098	5704	5848	5738	5387	4991	4608	4123	3719	3405	3082	2966	2983	3165	3560	3942	4196	4245	4197	3952	3754	3500	3185	2922	2683	2508	2322	
151	7624	60.0	60.0	26	1	1	2	948	1205	1809	2847	4076	5067	5699	5869	5695	5392	5053	4604	4153	3733	3370	3123	2954	2942	3188	3533	3958	4165	4252	4176	3962	3770	3476	3199	2936	2699	2486	2309	
151	7641	60.0	60.0	26	1	1	2	942	1190	1861	2835	4018	5106	5692	5811	5676	5397	5014	4537	4151	3689	3362	3110	2996	2960	3211	3537	3924	4152	4265	4205	3985	3738	3487	3188	2918	2708	2494	2316	
151	7659	60.0	60.0	26	1	1	2	964	1181	1833	2851	4048	5052	5628	5818	5724	5362	5002	4546	4151	3714	3352	3102	2931	2974	3215	3553	3946	4202	4218	4151	3997	3725	3505	3184	2897	2698	2499	2354	
151	7721	95.1	95.0	27	1	0	2	894	1003	1328	1801	2424	2940	3275	3376	3371	3276	3114	2907	2727	2483	2356	2255	2209	2319	2552	2857	3149	3332	3384	3348	3180	3057	2862	2653	2488	2309	2163	2037	
151	7738	95.0	95.0	27	1	0	2	892	1029	1315	1794	2369	2918	3283	3384	3410	3276	3093	2915	2675	2513	2359	2258	2240	2316	2568	2818	3178	3306	3388	3315	3204	3038	2861	2673	2494	2346	2168	2025	
151	7801	59.8	60.1	27	1	1	2	968	1201	1850	2874	4072	5157	5736	5945	5808	5475	5081	4641	4192	3760	3434	3146	2996	3034	3245	3577	3974	4173	4303	4238	4018	3792	3495	3232	2944	2761	2557	2364	
151	7818	59.9	60.0	27	1	1	2	929	1189	1819	2863	4053	5142	5761	5932	5795	5438	5075	4628	4182	3779	3432	3120	2985	3041	3256	3560	3965	4184	4286	4209	4028	3734	3485	3219	2885	2714	2482	2373	
151	7836	60.0	60.0	27	1	1	2	939	1179	1842	2867	4046	5129	5768	5829	5757	5437	5031	4625	4205	3767	3408	3141	2973	3000	3216	3569	3970	4193	4297	4207	4011	3749	3484	3206	2948	2710	2504	2348	
151	7853	60.0	60.0	27	1	1	2	948	1187	1840	2889	4076	5091	5765	5852	5750	5371	4984	4600	4157	3729	3396	3123	2981	2973	3255	3546	3909	4162	4260	4184	3979	3787	3482	3218	2914	2724	2513	2305	
151	7870	60.0	60.0	27	1	1	2	949	1180	1824	2864	4082	5065	5703	5787	5709	5403	5016	4594	4187	3711	3403	3116	2960	3004	3171	3532	3914	4173	4295	4197	3945	3762	3476	3220	2932	2670	2506	2313	
151	7887	60.0	60.0	27	1	1	2	963	1187	1824	2833	4010	5109	5685	5872	5729	5426	5023	4594	4130	3756	3376	3123	2932	3005	3196	3541	3928	4163	4282	4164	3941	3748	3482	3152	2907	2691	2491	2305	
151	7905	60.0	60.0	27	1	1	2	956	1193	1828	2831	4060	5074	5731	5886	5727	5403	4973	4571	4127	3738	3390	3094	2958	2983	3227	3556	3932	4164	4292	4156	3927	3763	3443	3192	2934	2685	2494	2324	
151	7967	95.0	95.0	28	1	0	2	885	1008	1314	1824	2423	2952	3310	3417	3430	3300	3133	2919	2727	2513	2344	2240	2240	2331	2588	2828	3125	3358	3403	3367	3220	3065	2876	2714	2475	2308	2167	2023	
151	7985	95.0	95.0	28	1	0	2	886	994	1329	1790	2358	2924	3244	3391	3414	3286	3129	2932	2695	2499	2341	2273	2215	2319	2548	2829	3169	3299	3406	3309	3206	3026	2851	2667	2468	2293	2167	2044	
151	8047	59.8	60.1	28	1	1	2	944	1207	1857	2893	4100	5177	5852	5958	5833	5489	5075	4653	4211	3737	3489	3180	3001	3014	3241	3584	4011	4280	4338	4256	4023	3779	3488	3256	2953	2748	2494	2368	
151	8065	59.9	60.0	28	1	1	2	931	1179	1834	2863	4098	5102	5763	5948	5766	5492	5048	4608	4206	3794	3454	3158	2979	3006	3246	3584	3962	4229	4281	4179	4046	3754	3514	3211	2958	2730	2513	2356	
151	8082	59.9	60.0	28	1	1	2	953	1195	1840	2848	4066	5112	5749	5879	5713	5392	5044	4623	4145	3728	3417	3108	2969	3000	3202	3546	3942	4165	4276	4204	3991	3754	3474	3187	2937	2715	2524	2360	
151	8099	60.0	60.0	28	1	1	2	942	1188	1823	2819	4027	5100	5729	5843	5698	5434	5009	4597	4184	3714	3358	3103	2965	3005	3230	3541	3948	4168	4243	4126	3995	3740	3473	3213	2944	2698	2507	2308	
151	8116	60.0	60.0	28	1	1	2	938	1198	1825	2823	4045	5134	5713	5856	5731	5441	5026	4607	4186	3710	3403	3084	2980	2993	3230	3543	3909	4167	4345	4152	3982	3738	3468	3233	2914	2671	2502	2292	
151	8134	59.9	60.0	28	1	1	2	940	1191	1843	2861	4002	5077	5736	5873	5711	5419	5014	4585	4193	3703	3394	3105	2975	2984	3236	3562	3928	4171	4252	4205	4032	3747	3491	3211	2940	2672	2505	2324	
151	8151	60.0	60.0	28	1	1	2	919	1189	1825	2830	4058	5054	5713	5845	5700	5406	4974	4607	4097	3719	3357	3096	2909	2935	3206	3581	3906	4147	4244	4211	3957	3743	3497	3159	2904	2679	2486	2309	
151	8215	95.1	95.1	29	1	0	2	888	1001	1329	1796	2371	2944	3241	3449	3389	3285	3107	2919	2703	2509	2337	2224	2222	2340	2571	2840	3122	3303	3414	3318	3196	3015	2875	2642	2491	2308	2145	2032	
151	8233	95.0	95.0	29	1	0	2	876	1003	1308	1786	2369	2948	3285	3376	3396	3266	3124	2928	2718	2518	2352	2229	2214	2332	2547	2860	3127	3339	3374	3326	3194	3069	2856	2658	2472	2295	2163	2028	
151	8295	59.8	60.1	29	1	1	2	939	1208	1872	2911	4169	5272	5908	6038	5907	5569	5191	4702	4322	3826	3488	3212	3038	3072	3287	3590	3982	4275	4348	4272	4040	3799	3533	3255	3003	2741	2531	2344	
151	8313	59.9	60.0	29	1	1	2	935	1198	1818	2848	4094	5113	5721	5848	5743	5422	5062	4605	4198	3765	3416	3142	2980	3032	3208	3556	3961	4221	4277	4197	3974	3758	3496	3224	2935	2708	2520	2349	
151	8330	60.0	60.0	29	1	1	2	954	1194	1842	2852	4054	5089	5736	5843	5753	5440	5040	4629	4149	3754	3364	3103	2939	2994	3212	3546	3951	4154	4249	4184	3968	3728	3462	3196	2909	2698	2496	2368	
151	8347	59.9	60.0	29	1	1	2	955	1182	1819	2893	4055	5111	5693	5834	5717	5392	4991	4621	4165	3733	3408	3110	2963	2983	3210	3562	3941	4162	4253	4194	3985	3755	3488	3179	2908	2704	2502	2337	
151	8364	60.0	60.0	29	1	1	2	944	1204	1816	2824	4034	5040	5677	5858	5672	5361	4927	4581	4149	3707	3395	3138	2945	3023	3216	3562	3924	4144	4271	4156	3985	3721	3477	3194	2924	2649	2498	2320	
151	8382	60.0	60.0	29	1	1	2	950	1194	1845	2868	4014	5032	5680	5803	5717	5389	4996	4552	4132	3747	3417	3092	2948	2977	3190	3543	3916	4175	4252	4172	3991	3739	3487	3186	2918	2683	2520	2325	
151	8399	60.0	60.0	29	1	1	2	944	1200	1820	2830	4027	5066	5671	5783	5698	5386	5037	4552	4113	3741	3387	3123	2970	2981	3200	3534	3921	4192	4267	4176	3934	3764	3466	3192	2914	2689	2513	2325	
151	8463	95.1	95.1	30	1	0	2	890	1013	1334	1808	2385	2937	3266	3432	3390	3322	3128	2920	2727	2493	2369	2264	2221	2313	2548	2848	3129	3337	3397	3314	3193	3048	2864	2673	2478	2312	2207	2034	
151	8481	95.0	95.0	30	1	0	2	921	1003	1318	1828	2396	2933	3278	3413	3397	3293	3123	2922	2710	2513	2354	2257	2231	2332	2555	2863	3167	3342	3389	3335	3179	3043	2870	2668	2491	2306	2185	2061	
151	8543	59.8	60.1	30	1	1	2	943	1196	1844	2870	4027	5085	5716	5855	5719	5358	5016	4630	4170	3713	3412	3086	2938	3015	3215	3558	3979	4164	4256	4159	3978	3736	3473	3178	2922	2693	2491	2341	
151	8561	59.9	60.0	30	1	1	2	943	1196	1838	2855	4048	5121	5752	5865	5792	5427	4986	4591	4185	3732	3427	3125	2950	2980	3219	3545	3946	4182	4230	4189	3951	3772	3521	3194	2933	2692	2471	2318	
151	8578	60.0	60.0	30	1	1	2	947	1180	1824	2814	4040	5058	5691	5838	5732	5409	4950	4540	4151	3713	3361	3135	2929	2971	3167	3515	3926	4109	4233	4167	3953	3734	3448	3192	2908	2691	2489	2357	
151	8595	60.0	60.0	30	1	1	2	944	1173	1828	2833	4025	5064	5642	5801	5685	5369	4982	4603	4147	3678	3377	3088	2921	2979	3178	3557	3916	4117	4255	4147	3959	3754	3474	3192	2900	2656	2492	2308	
151	8612	60.0	60.0	30	1	1	2	947	1197	1827	2835	3985	5069	5675	5797	5651	5384	4943	4550	4142	3663	3377	3101	2933	2956	3177	3512	3897	4128	4199	4150	3977	3686	3457	3184	2914	2670	2514	2316	
151	8630	60.0	60.0	30	1	1	2	948	1172	1833	2842	3943	5064	5652	5765	5628	5339	4956	4535	4122	3701	3362	3086	2920	2951	3166	3504	3917	4168	4216	4143	3964	3691	3436	3171	2914	2655	2468	2321	
151	8647	60.0	60.0	30	1	1	2	940	1181	1823	2803	3998	5070	5639	5779	5666	5333	4955	4586	4121	3703	3343	3116	2925	2950	3209	3527	3884	4167	4197	4104	3966	3687	3441	3171	2920	2656	2489	2308	
151	8709	95.1	95.0	31	1	0	2	898	998	1320	1838	2398	2928	3275	3391	3435	3277	3138	2903	2721	2523	2379	2245	2196	2338	2570	2858	3149	3332	3395	3353	3178	3045	2840	2695	2479	2305	2190	2052	
151	8727	95.0	95.0	31	1	0	2	895	1014	1328	1810	2391	2923	3297	3405	3371	3295	3120	2900	2705	2477	2299	2267	2225	2346	2554	2822	3111	3337	3390	3326	3185	3049	2879	2664	2486	2337	2176	2051	
151	8790	59.8	60.1	31	1	1	2	951	1182	1812	2838	4030	5053	5606	5783	5662	5382	4984	4520	4170	3701	3385	3108	2950	2996	3215	3496	3925	4094	4229	4150	3949	3729	3465	3156	2902	2696	2512	2320	
151	8807	60.0	60.0	31	1	1	2	936	1182	1830	2877	4065	5112	5737	5861	5736	5440	5049	4629	4168	3750	3426	3140	2971	2997	3204	3562	3949	4200	4305	4209	3976	3790	3467	3215	2974	2697	2503	2321	
151	8824	60.0	60.0	31	1	1	2	957	1187	1842	2819	4002	5029	5644	5794	5669	5421	5020	4577	4139	3688	3369	3098	2943	2955	3181	3558	3909	4151	4224	4162	3948	3691	3504	3174	2912	2707	2485	2328	
151	8841	60.0	60.0	31	1	1	2	957	1191	1820	2812	3983	5054	5601	5809	5737	5383	4938	4529	4087	3685	3356	3080	2907	2952	3173	3504	3870	4131	4222	4110	3944	3683	3483	3161	2899	2690	2464	2287	
151	8859	60.0	60.0	31	1	1	2	945	1192	1823	2806	3990	5025	5633	5795	5672	5351	4933	4541	4114	3676	3356	3096	2940	2970	3185	3478	3911	4124	4210	4153	3938	3698	3440	3191	2897	2679	2476	2310	
151	8876	59.9	60.0	31	1	1	2	944	1191	1828	2843	4044	5032	5630	5777	5673	5304	4925	4520	4131	3670	3357	3075	2922	2966	3187	3504	3870	4088	4195	4122	3933	3724	3426	3167	2891	2681	2480	2287	
151	8893	59.9	60.0	31	1	1	2	946	1191	1826	2819	4023	5023	5663	5757	5654	5325	4942	4556	4091	3672	3356	3093	2927	2983	3180	3509	3888	4127	4219	4139	3891	3718	3434	3184	2875	2645	2501	2316	
151	8956	95.0	95.0	32	1	0	2	889	1002	1312	1807	2374	2958	3310	3432	3414	3301	3142	2944	2719	2498	2340	2240	2224	2360	2565	2868	3128	3313	3429	3352	3186	3020	2883	2666	2491	2305	2193	2024	
151	8973	95.0	95.0	32	1	0	2	888	997	1311	1790	2390	2918	3289	3420	3392	3279	3132	2927	2725	2488	2369	2251	2216	2309	2538	2814	3158	3333	3392	3340	3194	3030	2858	2642	2469	2323	2154	2048	
151	9036	59.8	60.1	32	1	1	2	970	1187	1860	2828	4027	5060	5656	5849	5712	5344	5028	4539	4156	3699	3382	3093	2945	2979	3210	3514	3931	4161	4247	4125	3959	3752	3461	3175	2931	2671	2484	2325	
151	9053	60.0	60.0	32	1	1	2	962	1194	1829	2871	4084	5190	5741	5917	5806	5474	5063	4630	4240	3725	3408	3130	2994	3023	3216	3578	3955	4224	4285	4197	3996	3798	3496	3214	2942	2697	2481	2324	
151	9070	59.9	60.0	32	1	1	2	948	1203	1855	2839	4013	5067	5715	5845	5748	5378	5048	4594	4149	3703	3373	3101	2965	2976	3208	3551	3927	4169	4286	4168	3936	3762	3466	3195	2922	2692	2517	2279	
151	9087	59.9	60.0	32	1	1	2	933	1185	1816	2837	4003	5055	5682	5855	5679	5385	5027	4559	4140	3697	3363	3087	2921	2983	3209	3531	3937	4124	4266	4114	3920	3709	3442	3192	2907	2672	2487	2331	
151	9105	59.9	60.0	32	1	1	2	948	1202	1815	2808	4032	5060	5716	5835	5681	5367	4947	4566	4129	3745	3364	3111	2973	2976	3197	3503	3931	4117	4276	4128	3956	3738	3480	3180	2883	2675	2506	2353	
151	9122	60.0	60.0	32	1	1	2	931	1186	1818	2828	4028	5105	5680	5793	5703	5372	4999	4561	4146	3696	3368	3105	3003	2961	3189	3522	3896	4146	4231	4185	3961	3728	3465	3150	2928	2640	2457	2324	
151	9139	60.0	60.0	32	1	1	2	943	1198	1835	2830	4024	5062	5661	5852	5667	5375	4981	4556	4146	3744	3384	3113	2966	2974	3178	3527	3941	4151	4228	4136	3976	3708	3475	3198	2923	2679	2496	2331	
151	9202	95.1	95.0	33	1	0	2	892	1016	1329	1793	2436	2920	3279	3461	3441	3325	3140	2924	2739	2493	2367	2254	2221	2336	2574	2854	3158	3339	3398	3352	3171	3043	2866	2681	2479	2321	2180	2062	
151	9219	95.0	95.0	33	1	0	2	891	1028	1308	1793	2400	2961	3295	3415	3438	3298	3158	2928	2745	2515	2382	2260	2221	2350	2589	2833	3173	3323	3425	3346	3200	3041	2891	2687	2494	2338	2169	2023	
151	9282	59.8	60.1	33	1	1	2	957	1160	1820	2844	4039	5070	5643	5784	5698	5365	4998	4557	4159	3692	3371	3073	2944	2932	3227	3540	3901	4143	4223	4152	3959	3709	3439	3175	2905	2671	2487	2317	
151	9299	59.9	60.0	33	1	1	2	944	1202	1850	2877	4082	5190	5760	5973	5798	5470	5093	4641	4226	3775	3434	3187	2997	2994	3250	3551	3922	4193	4313	4194	4000	3789	3494	3216	2920	2680	2477	2344	
151	9316	60.0	60.0	33	1	1	2	945	1192	1827	2861	4057	5073	5717	5880	5727	5376	5003	4626	4195	3723	3383	3098	2967	2998	3243	3515	3894	4174	4269	4194	3945	3746	3485	3181	2888	2687	2519	2311	
151	9333	60.0	60.0	33	1	1	2	943	1206	1847	2836	4041	5077	5687	5849	5716	5418	5040	4584	4185	3766	3379	3109	2943	3012	3180	3542	3909	4156	4276	4146	3968	3735	3447	3172	2939	2665	2507	2341	
151	9351	60.0	60.0	33	1	1	2	945	1177	1830	2845	4010	5097	5696	5848	5712	5393	4984	4561	4135	3686	3393	3105	2938	2960	3218	3516	3871	4121	4274	4157	3973	3728	3465	3189	2908	2671	2505	2317	
151	9368	59.9	60.0	33	1	1	2	948	1199	1820	2834	4029	5041	5648	5835	5672	5362	4994	4548	4118	3707	3362	3072	2938	3001	3193	3502	3908	4128	4226	4131	3976	3726	3468	3186	2896	2686	2475	2311	
151	9385	60.0	60.0	33	1	1	2	967	1185	1820	2853	4003	5094	5713	5833	5726	5330	4968	4575	4136	3686	3366	3078	2966	2961	3189	3546	3892	4137	4226	4134	3946	3706	3473	3151	2911	2660	2510	2331	
151	9448	95.0	95.0	34	1	0	2	886	1020	1310	1806	2413	2952	3302	3428	3436	3327	3134	2952	2728	2520	2348	2257	2249	2363	2562	2837	3161	3334	3398	3335	3179	3058	2861	2691	2472	2323	2185	2056	
151	9465	95.0	95.0	34	1	0	2	889	1000	1311	1806	2404	2937	3313	3423	3420	3317	3135	2934	2676	2504	2337	2275	2231	2349	2573	2856	3146	3318	3386	3342	3189	3027	2846	2684	2498	2313	2170	2050	
151	9528	59.8	60.1	34	1	1	2	932	1185	1837	2843	4017	5070	5652	5836	5709	5396	5011	4555	4148	3690	3415	3069	2952	2967	3231	3544	3950	4169	4235	4127	3980	3733	3440	3168	2929	2675	2497	2292	
151	9545	59.9	60.0	34	1	1	2	954	1177	1853	2868	4147	5162	5847	5929	5817	5487	5088	4660	4227	3789	3468	3142	3005	2992	3241	3587	3964	4199	4291	4212	3975	3745	3500	3212	2952	2741	2521	2338	
151	9562	60.0	60.0	34	1	1	2	940	1178	1861	2855	4035	5104	5773	5867	5753	5392	5061	4602	4182	3755	3391	3137	2988	2976	3196	3558	3902	4189	4282	4148	3978	3745	3441	3224	2911	2695	2475	2321	
151	9580	59.9	60.0	34	1	1	2	941	1182	1815	2858	4032	5088	5720	5863	5702	5412	5057	4589	4161	3745	3388	3117	2954	2985	3174	3557	3899	4145	4264	4123	3965	3743	3480	3189	2921	2696	2488	2319	
151	9597	60.0	60.0	34	1	1	2	945	1182	1820	2863	4035	5043	5716	5892	5754	5398	5003	4609	4166	3766	3376	3147	2965	2961	3212	3510	3950	4140	4258	4152	3956	3721	3445	3219	2941	2674	2507	2318	
151	9614	60.0	60.0	34	1	1	2	954	1240	1824	2861	4026	5105	5702	5833	5722	5420	5010	4612	4160	3725	3386	3116	2968	2999	3218	3512	3887	4152	4240	4152	3949	3701	3453	3182	2892	2701	2517	2335	
151	9631	60.0	60.0	34	1	1	2	951	1209	1826	2828	4035	5140	5693	5852	5730	5384	5015	4582	4165	3731	3397	3102	2934	2988	3184	3555	3918	4157	4215	4145	3975	3736	3489	3145	2924	2662	2496	2325	
151	9696	95.1	95.1	35	1	0	2	905	1008	1329	1817	2400	2964	3282	3460	3472	3345	3169	2937	2756	2528	2399	2276	2246	2336	2578	2868	3143	3315	3395	3357	3243	3104	2884	2657	2506	2305	2185	2035	
151	9713	95.0	95.0	35	1	0	2	881	998	1322	1795	2406	2936	3327	3463	3420	3354	3160	2967	2751	2530	2382	2261	2236	2366	2572	2854	3171	3317	3401	3361	3194	3032	2864	2644	2499	2321	2175	2037	
151	9776	59.8	60.1	35	1	1	2	945	1191	1862	2827	4081	5097	5712	5886	5721	5402	4972	4616	4160	3737	3371	3120	2970	2986	3207	3539	3890	4124	4229	4129	3976	3737	3465	3168	2926	2686	2508	2311	
151	9793	59.9	60.0	35	1	1	2	931	1206	1855	2881	4099	5192	5831	5956	5863	5524	5093	4652	4241	3764	3466	3166	3028	3037	3250	3578	3973	4204	4290	4200	4006	3769	3554	3198	2956	2703	2521	2335	
151	9810	60.0	60.0	35	1	1	2	944	1207	1840	2865	4092	5182	5728	5880	5815	5461	5087	4651	4193	3757	3439	3149	2981	3021	3227	3565	3956	4178	4253	4201	3979	3741	3485	3182	2925	2705	2516	2329	
151	9828	60.0	60.0	35	1	1	2	952	1188	1852	2857	4091	5122	5751	5886	5784	5435	5014	4624	4190	3777	3413	3127	2966	3006	3208	3551	3921	4173	4232	4140	3961	3690	3519	3201	2892	2675	2500	2319	
151	9845	59.9	60.0	35	1	1	2	945	1186	1839	2862	4056	5132	5750	5845	5780	5468	5055	4636	4215	3729	3425	3129	2961	3000	3212	3513	3888	4170	4265	4147	3946	3745	3468	3201	2919	2672	2474	2325	
151	9862	60.0	60.0	35	1	1	2	940	1186	1844	2833	4063	5133	5749	5941	5739	5416	5069	4628	4189	3747	3396	3124	2961	3010	3203	3548	3901	4200	4219	4165	3973	3722	3476	3209	2908	2711	2488	2306	
151	9879	60.0	60.0	35	1	1	2	954	1198	1840	2834	4056	5109	5700	5853	5742	5384	5035	4596	4188	3724	3358	3121	2968	2996	3218	3509	3908	4135	4252	4143	3957	3722	3454	3167	2899	2679	2497	2323	
151	9942	95.0	95.0	36	1	0	2	888	1015	1331	1812	2405	2986	3309	3457	3452	3323	3177	2960	2785	2549	2378	2266	2273	2344	2577	2842	3146	3298	3377	3331	3205	3061	2848	2699	2457	2316	2177	2032	
151	9959	95.0	95.0	36	1	0	2	906	1007	1314	1824	2400	2944	3333	3484	3437	3344	3182	2942	2736	2534	2401	2260	2281	2318	2530	2853	3153	3314	3378	3318	3199	3056	2874	2668	2480	2321	2155	2033	
151	10022	59.8	60.1	36	1	1	2	949	1206	1843	2863	4092	5185	5747	5930	5817	5479	5059	4683	4219	3793	3430	3150	2990	3007	3210	3572	3954	4185	4252	4162	3972	3729	3492	3171	2940	2699	2529	2318	
151	10039	59.9	60.0	36	1	1	2	959	1190	1887	2935	4175	5239	5900	6015	5902	5628	5159	4707	4284	3800	3469	3237	3009	3029	3259	3592	3943	4218	4276	4201	3996	3780	3484	3200	2957	2713	2520	2328	
151	10057	60.0	60.0	36	1	1	2	934	1201	1842	2874	4107	5243	5812	5974	5864	5511	5118	4665	4241	3780	3471	3183	2993	3029	3222	3574	3921	4161	4275	4164	3942	3732	3504	3191	2918	2694	2470	2303	
151	10074	59.9	60.0	36	1	1	2	943	1195	1836	2874	4090	5222	5870	5948	5811	5500	5049	4633	4220	3752	3448	3166	3020	2965	3204	3507	3898	4141	4266	4183	3944	3705	3477	3190	2896	2669	2492	2341	
151	10091	60.0	60.0	36	1	1	2	948	1197	1859	2908	4121	5166	5815	5934	5785	5498	5066	4662	4222	3763	3419	3143	2984	3000	3255	3526	3924	4158	4246	4129	3918	3730	3486	3192	2909	2687	2506	2305	
151	10108	59.9	60.0	36	1	1	2	950	1206	1890	2888	4103	5195	5845	5990	5818	5514	5106	4634	4260	3773	3472	3170	3014	3030	3248	3534	3938	4206	4262	4165	3989	3782	3458	3237	2949	2666	2493	2324	
151	10126	60.0	60.0	36	1	1	2	960	1189	1830	2876	4077	5139	5809	5951	5837	5495	5091	4650	4202	3784	3453	3115	2941	3004	3256	3530	3914	4170	4230	4149	3934	3722	3463	3171	2920	2709	2508	2280	
151	10190	95.0	95.1	37	1	0	2	899	1012	1341	1855	2459	3035	3385	3532	3498	3409	3236	3002	2805	2549	2411	2277	2264	2362	2552	2862	3154	3330	3412	3344	3199	3059	2868	2687	2474	2329	2171	2060	
151	10207	95.0	95.0	37	1	0	2	902	1026	1352	1848	2481	3014	3402	3515	3464	3383	3170	3007	2778	2587	2418	2306	2268	2375	2575	2893	3184	3348	3410	3334	3200	3048	2881	2648	2479	2324	2161	2036	
151	10270	59.9	60.1	37	1	1	2	941	1226	1863	2949	4139	5283	5886	6027	5907	5617	5205	4760	4284	3798	3482	3193	3042	3031	3252	3556	3921	4181	4287	4170	3966	3719	3472	3198	2931	2718	2499	2337	
151	10287	60.0	60.0	37	1	1	2	936	1217	1879	2968	4224	5364	5972	6161	6022	5685	5271	4796	4374	3889	3522	3258	3063	3063	3291	3618	3964	4247	4299	4228	4014	3798	3487	3218	2931	2714	2525	2346	
151	10305	60.0	60.0	37	1	1	2	949	1209	1880	2950	4212	5332	5979	6144	5989	5679	5213	4790	4352	3849	3516	3206	3047	3068	3278	3529	3953	4181	4268	4169	4021	3772	3513	3221	2920	2694	2524	2344	
151	10322	60.0	60.0	37	1	1	2	952	1216	1887	2943	4190	5306	5931	6090	5994	5641	5259	4768	4322	3869	3486	3212	3060	3065	3270	3606	3994	4186	4307	4176	3978	3730	3464	3224	2931	2710	2506	2336	
151	10339	60.0	60.0	37	1	1	2	939	1201	1887	2934	4181	5296	5938	6136	5970	5604	5196	4792	4326	3884	3488	3213	3034	3040	3285	3563	3988	4177	4272	4181	3982	3756	3485	3211	2905	2692	2522	2352	
151	10356	59.9	60.0	37	1	1	2	970	1208	1890	2944	4202	5247	5902	6118	5974	5621	5202	4757	4310	3870	3487	3198	3031	3051	3220	3560	3969	4164	4277	4201	3940	3737	3503	3205	2894	2687	2506	2337	
151	10374	60.0	60.0	37	1	1	2	964	1202	1889	2959	4195	5330	5900	6134	5988	5590	5170	4771	4288	3873	3454	3216	3030	3068	3234	3572	3941	4172	4288	4183	3975	3737	3498	3216	2908	2703	2510	2309	
151	10436	95.1	95.0	38	1	0	2	890	1024	1365	1878	2532	3116	3489	3612	3665	3521	3327	3125	2876	2648	2498	2346	2311	2396	2632	2892	3219	3384	3426	3385	3229	3089	2887	2714	2510	2332	2201	2061	
151	10453	95.0	95.0	38	1	0	2	878	1023	1348	1894	2522	3122	3467	3627	3617	3519	3320	3104	2853	2641	2488	2338	2293	2392	2658	2908	3185	3340	3441	3357	3261	3065	2924	2694	2497	2329	2194	2060	
151	10516	59.8	60.1	38	1	1	2	958	1205	1908	3038	4345	5491	6168	6274	6210	5872	5414	4913	4463	3984	3619	3262	3104	3129	3321	3620	4010	4224	4299	4192	4025	3761	3506	3205	2924	2698	2525	2327	
151	10533	60.0	60.0	38	1	1	2	961	1220	1932	3088	4350	5558	6236	6453	6284	5929	5521	5010	4548	4056	3636	3370	3152	3139	3362	3729	4041	4247	4365	4257	4056	3812	3553	3259	2952	2719	2560	2378	
151	10551	60.0	60.0	38	1	1	2	950	1230	1919	3061	4381	5540	6183	6375	6264	5881	5418	4974	4514	4006	3665	3334	3131	3134	3337	3641	4038	4240	4346	4221	4028	3799	3496	3239	2949	2732	2518	2329	
151	10568	60.0	60.0	38	1	1	2	939	1205	1906	3012	4301	5552	6170	6358	6220	5883	5385	4928	4471	4003	3604	3336	3131	3167	3322	3626	4031	4214	4305	4241	4031	3789	3477	3242	2952	2716	2534	2353	
151	10585	60.0	60.0	38	1	1	2	946	1203	1909	3061	4343	5486	6182	6348	6219	5863	5420	4940	4462	3996	3600	3314	3111	3121	3306	3643	4018	4231	4277	4211	4024	3789	3513	3212	2955	2701	2531	2332	
151	10602	60.0	60.0	38	1	1	2	965	1225	1925	3027	4313	5494	6169	6384	6222	5845	5417	4927	4484	4013	3578	3309	3109	3108	3307	3632	4009	4255	4301	4190	4006	3762	3524	3214	2941	2714	2538	2350	
151	10620	60.0	60.0	38	1	1	2	944	1215	1916	3025	4333	5494	6164	6338	6195	5837	5380	4875	4500	3986	3611	3334	3096	3103	3307	3640	4019	4208	4312	4208	3981	3761	3505	3199	2959	2704	2497	2326	
151	10682	95.2	95.0	39	1	0	2	896	1012	1376	1936	2655	3243	3641	3792	3817	3632	3451	3219	2969	2707	2541	2432	2357	2433	2671	2932	3219	3393	3457	3356	3219	3073	2903	2719	2510	2361	2197	2051	
151	10700	95.0	95.0	39	1	0	2	892	1015	1399	1947	2644	3252	3643	3856	3775	3652	3417	3251	3004	2719	2567	2416	2384	2439	2657	2955	3208	3361	3467	3394	3258	3096	2905	2714	2509	2357	2207	2035	
151	10762	59.9	60.1	39	1	1	2	959	1280	1963	3107	4553	5821	6539	6665	6546	6219	5699	5236	4695	4189	3833	3437	3206	3238	3421	3709	4082	4295	4343	4292	4094	3816	3533	3246	2983	2720	2537	2362	
151	10780	59.9	60.0	39	1	1	2	975	1247	1994	3181	4622	5933	6617	6800	6644	6270	5775	5307	4794	4258	3893	3468	3279	3253	3437	3767	4121	4335	4424	4310	4110	3859	3601	3258	3022	2771	2543	2414	
151	10797	59.9	60.0	39	1	1	2	980	1255	2002	3210	4598	5836	6508	6781	6631	6240	5739	5246	4763	4209	3796	3469	3242	3258	3424	3709	4065	4337	4386	4281	4091	3811	3568	3281	2973	2762	2509	2352	
151	10814	60.0	60.0	39	1	1	2	960	1246	1977	3150	4613	5794	6578	6731	6575	6216	5674	5278	4728	4214	3813	3458	3244	3226	3413	3724	4085	4269	4365	4243	4036	3815	3519	3231	3007	2734	2533	2360	
151	10831	59.9	60.0	39	1	1	2	970	1241	1987	3216	4607	5851	6557	6719	6598	6213	5775	5205	4740	4169	3796	3479	3268	3203	3411	3733	4073	4309	4426	4267	4093	3807	3519	3255	2964	2732	2507	2365	
151	10849	59.9	60.0	39	1	1	2	973	1232	1991	3203	4539	5842	6586	6701	6593	6185	5747	5256	4766	4184	3822	3465	3245	3257	3415	3722	4050	4241	4349	4277	4039	3804	3528	3247	2961	2734	2530	2360	
151	10866	59.9	60.0	39	1	1	2	949	1267	1999	3182	4616	5844	6568	6743	6591	6218	5721	5268	4734	4211	3795	3470	3239	3210	3403	3685	4084	4277	4344	4237	4059	3847	3522	3235	2991	2738	2534	2368	
151	10930	95.1	95.1	40	1	0	2	886	1070	1440	2039	2829	3497	3948	4101	4097	3954	3721	3455	3177	2912	2695	2580	2496	2546	2749	3033	3292	3464	3500	3443	3318	3106	2936	2736	2535	2381	2240	2089	
151	10948	95.0	95.0	40	1	0	2	928	1056	1439	2030	2778	3471	3904	4092	4076	3941	3711	3472	3154	2915	2682	2550	2469	2558	2739	3027	3280	3434	3503	3398	3298	3134	2906	2737	2543	2356	2198	2094	
151	11010	59.8	60.1	40	1	1	2	960	1278	2059	3396	4913	6302	7031	7211	7114	6707	6188	5616	5092	4529	4048	3688	3441	3363	3552	3849	4204	4375	4444	4312	4164	3871	3616	3348	3047	2790	2570	2374	
151	11028	60.0	60.0	40	1	1	2	987	1271	2107	3426	4974	6342	7185	7366	7205	6797	6237	5703	5119	4550	4106	3722	3424	3424	3583	3861	4218	4400	4506	4298	4176	3936	3618	3325	3057	2803	2572	2408	
151	11045	60.0	60.0	40	1	1	2	964	1296	2096	3422	4921	6338	7160	7358	7151	6725	6242	5683	5107	4547	4111	3679	3424	3419	3557	3868	4208	4405	4452	4344	4130	3946	3627	3323	3001	2821	2580	2403	
151	11062	60.0	60.0	40	1	1	2	960	1268	2106	3410	4962	6320	7104	7325	7170	6798	6240	5643	5105	4568	4055	3703	3441	3422	3573	3847	4230	4374	4500	4327	4103	3864	3619	3308	3010	2765	2600	2377	
151	11079	60.0	60.0	40	1	1	2	983	1288	2082	3429	4935	6331	7092	7335	7189	6739	6266	5647	5072	4484	4085	3681	3478	3405	3561	3843	4172	4368	4449	4332	4089	3862	3631	3291	3037	2751	2588	2383	
151	11097	60.0	60.0	40	1	1	2	968	1272	2104	3397	4955	6330	7110	7352	7127	6720	6197	5717	5137	4519	4070	3680	3459	3433	3550	3848	4198	4408	4432	4357	4131	3841	3631	3326	3026	2784	2597	2417	
151	11114	60.0	60.0	40	1	1	2	969	1293	2075	3386	4950	6308	7104	7343	7167	6695	6242	5647	5076	4517	4080	3687	3451	3408	3565	3852	4192	4375	4430	4346	4090	3840	3567	3287	3021	2770	2582	2394	
151	11179	95.1	95.1	41	1	0	2	907	1072	1491	2209	3038	3811	4339	4522	4508	4318	4064	3732	3447	3121	2913	2733	2608	2682	2875	3093	3372	3502	3594	3494	3321	3197	2957	2810	2554	2412	2260	2115	
151	11196	95.0	95.0	41	1	0	2	913	1083	1537	2207	3023	3819	4324	4505	4499	4337	4014	3763	3467	3170	2910	2721	2593	2678	2866	3115	3408	3514	3550	3508	3333	3170	2958	2776	2564	2387	2250	2111	
151	11258	59.7	60.1	41	1	1	2	982	1324	2205	3601	5298	6789	7700	7957	7728	7289	6735	6143	5523	4839	4346	3947	3661	3555	3733	3994	4321	4504	4549	4457	4213	3962	3652	3400	3044	2795	2640	2438	
151	11276	60.0	60.0	41	1	1	2	993	1329	2217	3699	5438	6928	7832	8097	7897	7448	6871	6225	5618	4912	4454	4009	3714	3624	3782	3988	4359	4545	4600	4466	4248	4012	3679	3416	3077	2853	2626	2441	
151	11293	59.9	60.0	41	1	1	2	984	1338	2244	3699	5392	6973	7832	8064	7858	7412	6824	6191	5569	4943	4404	3982	3678	3616	3721	3996	4347	4509	4590	4441	4246	3979	3696	3359	3096	2822	2639	2431	
151	11310	60.0	60.0	41	1	1	2	997	1316	2228	3727	5370	6891	7790	8086	7812	7343	6732	6177	5548	4900	4392	3963	3619	3608	3730	4016	4299	4508	4495	4440	4202	3946	3650	3369	3069	2837	2588	2419	
151	11327	59.9	60.0	41	1	1	2	992	1304	2208	3664	5359	6869	7806	8004	7805	7335	6750	6180	5569	4917	4445	3977	3665	3567	3685	3987	4322	4510	4509	4420	4207	3948	3661	3388	3091	2796	2606	2435	
151	11345	60.0	60.0	41	1	1	2	989	1309	2219	3672	5390	6934	7786	8053	7831	7401	6772	6173	5579	4937	4429	3972	3646	3594	3770	4017	4324	4502	4571	4451	4202	3987	3668	3375	3095	2833	2587	2461	
151	11362	60.0	60.0	41	1	1	2	998	1322	2231	3697	5379	6889	7812	8013	7834	7383	6731	6211	5527	4899	4427	3967	3664	3568	3695	3996	4327	4522	4545	4455	4235	3941	3639	3312	3082	2816	2587	2422	
151	11425	95.0	95.0	42	1	0	2	929	1111	1597	2402	3342	4235	4827	5046	5019	4832	4518	4187	3816	3425	3148	2942	2778	2796	3004	3218	3505	3589	3685	3567	3386	3239	3031	2832	2623	2435	2292	2100	
151	11442	95.0	95.0	42	1	0	2	915	1090	1592	2402	3336	4221	4829	5033	4949	4798	4512	4140	3809	3450	3148	2973	2816	2816	2968	3219	3532	3628	3679	3565	3418	3218	3079	2828	2601	2423	2286	2097	
151	11505	59.8	60.1	42	1	1	2	993	1364	2361	3936	5786	7461	8384	8577	8477	7962	7329	6653	5967	5225	4753	4217	3886	3751	3891	4128	4495	4585	4662	4477	4267	4008	3724	3402	3109	2882	2647	2448	
151	11522	59.9	60.0	42	1	1	2	1007	1366	2376	3978	5837	7543	8491	8822	8632	8100	7434	6778	6070	5319	4804	4297	3939	3827	3891	4200	4502	4662	4708	4543	4303	4053	3737	3430	3149	2902	2681	2471	
151	11539	59.9	60.0	42	1	1	2	1000	1381	2361	3950	5843	7559	8536	8787	8584	8065	7391	6717	6067	5374	4783	4283	3899	3768	3929	4208	4497	4644	4700	4548	4302	4087	3711	3414	3129	2893	2651	2455	
151	11556	59.9	60.0	42	1	1	2	1002	1374	2382	3933	5842	7493	8514	8746	8515	7977	7414	6691	5984	5323	4764	4277	3928	3802	3864	4173	4460	4627	4681	4520	4258	4053	3745	3456	3137	2880	2643	2438	
151	11574	60.0	60.0	42	1	1	2	1008	1376	2343	3968	5879	7555	8500	8818	8511	8093	7420	6704	6092	5322	4724	4267	3929	3782	3970	4154	4453	4632	4661	4525	4298	4056	3749	3424	3145	2886	2642	2465	
151	11591	60.0	60.0	42	1	1	2	1018	1368	2374	3985	5850	7464	8488	8724	8505	8034	7419	6684	5995	5328	4699	4255	3933	3797	3940	4137	4466	4596	4653	4534	4299	4027	3701	3425	3129	2851	2656	2434	
151	11608	60.0	60.0	42	1	1	2	994	1376	2355	3936	5881	7514	8490	8769	8582	8053	7387	6716	6051	5316	4776	4313	3916	3780	3948	4158	4464	4640	4632	4511	4314	4030	3740	3414	3115	2851	2637	2471	
151	11671	95.1	95.0	43	1	0	2	920	1123	1687	2576	3650	4669	5369	5581	5524	5307	4986	4590	4160	3755	3424	3147	2989	2986	3134	3370	3632	3726	3761	3660	3488	3312	3093	2892	2686	2472	2298	2158	
151	11688	95.0	95.0	43	1	0	2	920	1122	1684	2583	3625	4616	5317	5518	5528	5296	4944	4558	4151	3733	3395	3156	3031	2988	3121	3347	3611	3743	3753	3627	3453	3270	3100	2903	2683	2492	2306	2173	
151	11750	59.8	60.1	43	1	1	2	1010	1429	2486	4202	6180	8006	9104	9366	9164	8568	7881	7156	6410	5637	5038	4500	4121	3955	4013	4321	4565	4730	4729	4618	4317	4107	3767	3468	3167	2936	2671	2496	
151	11767	60.0	60.0	43	1	1	2	1016	1424	2510	4193	6325	8146	9191	9513	9248	8743	8049	7327	6532	5719	5089	4591	4155	4028	4113	4375	4644	4776	4833	4632	4370	4113	3830	3492	3206	2932	2688	2504	
151	11784	60.0	60.0	43	1	1	2	1005	1411	2492	4240	6307	8136	9188	9496	9297	8755	8001	7260	6516	5716	5140	4599	4171	4015	4091	4330	4580	4785	4756	4682	4380	4137	3830	3483	3164	2907	2694	2491	
151	11802	60.0	60.0	43	1	1	2	1010	1424	2479	4229	6279	8061	9181	9428	9248	8665	7966	7210	6463	5710	5099	4577	4147	3997	4095	4283	4568	4713	4765	4645	4366	4095	3763	3552	3189	2891	2710	2494	
151	11819	60.0	60.0	43	1	1	2	1000	1413	2466	4224	6270	8148	9175	9494	9237	8650	7988	7248	6465	5689	5108	4527	4132	3989	4060	4292	4589	4736	4792	4634	4324	4119	3770	3503	3186	2898	2713	2549	
151	11836	60.0	60.0	43	1	1	2	1021	1418	2514	4183	6280	8062	9229	9443	9268	8712	8006	7251	6470	5694	5102	4496	4135	3993	4096	4292	4578	4789	4734	4607	4358	4100	3781	3479	3183	2906	2688	2491	
151	11853	59.9	60.0	43	1	1	2	1011	1409	2495	4236	6278	8109	9192	9444	9273	8644	8029	7239	6464	5757	5090	4503	4176	4038	4054	4328	4604	4780	4774	4601	4394	4098	3783	3470	3200	2911	2726	2487	
151	11916	95.0	95.0	44	1	0	2	944	1160	1767	2746	3962	5120	5765	6020	6051	5790	5337	4992	4534	4069	3680	3354	3165	3140	3335	3494	3723	3845	3836	3709	3553	3342	3153	2910	2724	2534	2373	2208	
151	11933	95.0	95.0	44	1	0	2	928	1156	1784	2777	3982	5098	5825	6088	6081	5808	5408	4974	4564	4043	3674	3378	3224	3197	3286	3502	3747	3816	3889	3744	3583	3364	3152	2953	2722	2519	2372	2215	
151	11996	59.8	60.1	44	1	1	2	1038	1460	2605	4421	6614	8485	9648	10048	9788	9125	8408	7563	6857	6030	5333	4777	4351	4158	4212	4446	4735	4832	4886	4682	4416	4185	3885	3549	3210	2995	2683	2504	
151	12013	59.9	60.0	44	1	1	2	1031	1449	2639	4524	6674	8715	9834	10156	9908	9289	8543	7727	6929	6051	5418	4822	4384	4228	4270	4475	4778	4881	4921	4765	4452	4207	3916	3563	3226	2953	2760	2548	
151	12030	60.0	60.0	44	1	1	2	1014	1459	2596	4497	6615	8650	9802	10084	9869	9279	8486	7629	6899	6040	5398	4785	4340	4203	4241	4442	4748	4841	4864	4702	4418	4114	3850	3539	3210	2933	2699	2534	
151	12048	60.0	60.0	44	1	1	2	1013	1472	2601	4481	6649	8639	9783	10103	9833	9263	8542	7754	6882	6044	5409	4792	4379	4218	4195	4440	4751	4888	4862	4639	4445	4187	3893	3532	3216	2954	2672	2501	
151	12065	60.0	60.0	44	1	1	2	1039	1470	2609	4486	6668	8618	9812	10055	9801	9206	8477	7678	6861	6008	5432	4804	4402	4168	4259	4434	4717	4861	4844	4655	4414	4153	3862	3527	3231	2966	2726	2528	
151	12082	60.0	60.0	44	1	1	2	1032	1498	2646	4496	6732	8598	9785	10080	9902	9290	8501	7695	6894	6069	5369	4825	4343	4188	4260	4412	4711	4834	4885	4688	4458	4181	3867	3556	3203	2941	2756	2529	
151	12099	59.9	60.0	44	1	1	2	1031	1432	2619	4461	6677	8616	9740	10070	9890	9282	8492	7718	6893	6051	5379	4792	4349	4175	4237	4419	4704	4810	4876	4748	4401	4151	3873	3547	3204	2937	2731	2507	
151	12164	95.0	95.1	45	1	0	2	940	1190	1880	2924	4251	5438	6236	6547	6507	6272	5813	5356	4853	4336	3941	3560	3376	3316	3404	3607	3791	3923	3956	3821	3604	3448	3231	2978	2760	2545	2385	2213	
151	12181	95.0	95.0	45	1	0	2	945	1185	1852	2952	4270	5445	6212	6484	6548	6230	5851	5349	4869	4356	3946	3607	3351	3298	3408	3593	3828	3913	3910	3802	3605	3418	3199	2975	2749	2567	2388	2210	
151	12244	59.8	60.1	45	1	1	2	1023	1480	2695	4633	6936	9026	10248	10551	10368	9710	8890	7973	7178	6331	5604	4994	4508	4299	4338	4565	4805	4941	4930	4759	4485	4206	3905	3605	3273	2955	2718	2522	
151	12261	59.9	60.0	45	1	1	2	1022	1495	2740	4738	7077	9160	10390	10698	10497	9844	8975	8132	7292	6409	5729	5041	4580	4341	4421	4561	4854	4943	4988	4774	4549	4264	3937	3629	3274	3030	2768	2561	
151	12278	60.0	60.0	45	1	1	2	1039	1505	2744	4692	6999	9121	10356	10585	10442	9850	9021	8113	7254	6396	5654	5061	4558	4340	4380	4557	4854	4908	4938	4777	4551	4235	3885	3600	3289	3015	2789	2536	
151	12296	59.9	60.0	45	1	1	2	1039	1502	2716	4675	7048	9128	10377	10637	10458	9761	8963	8118	7265	6406	5649	5038	4586	4337	4358	4556	4839	4937	4958	4758	4529	4247	3913	3584	3275	2984	2768	2565	
151	12313	59.9	60.0	45	1	1	2	1041	1508	2715	4691	6986	9056	10342	10661	10461	9847	8962	8135	7276	6399	5641	5049	4547	4362	4364	4571	4870	4920	4926	4786	4521	4244	3921	3596	3275	2996	2765	2513	
151	12330	60.0	60.0	45	1	1	2	1037	1504	2698	4668	7020	9095	10398	10668	10418	9766	8943	8119	7286	6343	5653	5034	4547	4396	4360	4563	4807	4934	4962	4788	4528	4189	3916	3565	3251	2999	2778	2559	
151	12347	60.0	60.0	45	1	1	2	1047	1493	2716	4732	6993	9041	10316	10634	10426	9747	8890	8123	7266	6346	5693	5033	4527	4329	4376	4550	4845	4956	4960	4822	4513	4173	3930	3593	3250	2981	2737	2552	
