Well	Time (1/2 s)	Block Temp	Sample Temp	Repetition	PCR Stage	Extension	Scale	B1	B2	B3	B4	B5	B6	B7	B8	B9	B10	B11	B12	B13	B14	B15	B16	B17	B18	B19	B20	B21	B22	B23	B24	B25	B26	B27	B28	B29	B30	B31	B32
15	100	95.5	94.8	1	0	0	2	869	1034	1367	1836	2388	2821	3131	3234	3165	3076	2944	2709	2525	2312	2158	2065	2055	2156	2330	2622	2872	3039	3137	3149	2989	2825	2662	2502	2312	2195	2053	1933	
15	118	95.0	95.0	1	0	0	2	879	1022	1349	1809	2377	2851	3105	3231	3232	3072	2923	2727	2496	2302	2147	2084	2068	2190	2368	2611	2903	3072	3123	3083	2985	2870	2684	2497	2345	2158	2070	1944	
15	135	95.0	95.0	1	0	0	2	876	1025	1380	1858	2382	2843	3196	3229	3237	3105	2916	2740	2522	2325	2187	2097	2113	2193	2405	2649	2927	3098	3182	3155	3049	2872	2670	2518	2374	2199	2104	1941	
15	152	95.0	95.0	1	0	0	2	876	1072	1364	1831	2410	2871	3164	3262	3221	3151	2967	2740	2543	2355	2191	2105	2094	2182	2376	2664	2972	3152	3206	3143	3034	2891	2685	2544	2372	2220	2090	1952	
15	169	95.0	95.0	1	0	0	2	873	1012	1390	1860	2407	2901	3182	3289	3264	3155	2972	2766	2580	2365	2207	2135	2100	2220	2429	2706	2982	3113	3234	3198	3080	2902	2745	2544	2339	2243	2093	1983	
15	187	95.0	95.0	1	0	0	2	879	1033	1363	1873	2442	2884	3189	3310	3277	3225	2991	2798	2575	2371	2228	2128	2125	2243	2435	2703	2963	3125	3255	3198	3092	2951	2750	2566	2409	2245	2102	1975	
15	204	95.0	95.0	1	0	0	2	884	1035	1376	1886	2476	2929	3230	3340	3276	3184	2978	2794	2576	2392	2223	2140	2108	2220	2448	2707	2973	3177	3251	3210	3108	2938	2745	2567	2426	2246	2126	1984	
15	221	95.0	95.0	1	0	0	2	885	1053	1397	1892	2441	2908	3239	3331	3303	3220	3001	2810	2569	2410	2228	2152	2139	2258	2449	2702	2977	3168	3276	3188	3128	2954	2764	2602	2445	2257	2132	1976	
15	238	95.0	95.0	1	0	0	2	881	1042	1393	1891	2465	2929	3212	3380	3306	3231	3020	2817	2603	2394	2225	2168	2148	2209	2468	2766	3031	3204	3288	3225	3115	2972	2785	2600	2450	2242	2139	2005	
15	256	94.9	95.0	1	0	0	2	876	1040	1384	1918	2494	2961	3253	3326	3321	3188	3034	2856	2625	2430	2232	2152	2134	2248	2499	2740	3019	3231	3264	3238	3128	2988	2792	2583	2437	2271	2166	1976	
15	273	95.0	95.0	1	0	0	2	901	1064	1394	1894	2497	2952	3277	3390	3335	3250	3022	2853	2622	2438	2235	2164	2150	2228	2489	2778	3024	3174	3293	3279	3161	2986	2759	2609	2459	2275	2141	2011	
15	290	95.0	95.0	1	0	0	2	883	1043	1414	1922	2480	2981	3297	3377	3357	3261	3046	2842	2628	2426	2249	2170	2142	2245	2472	2755	3034	3204	3311	3250	3149	3005	2766	2605	2443	2267	2145	2024	
15	307	95.0	95.0	1	0	0	2	884	1046	1379	1894	2505	2952	3294	3384	3366	3258	3050	2845	2627	2430	2268	2197	2132	2238	2485	2775	3083	3221	3295	3288	3190	2975	2798	2589	2477	2273	2154	2028	
15	325	95.0	95.0	1	0	0	2	884	1047	1402	1910	2494	2987	3307	3377	3359	3245	3052	2859	2635	2443	2239	2168	2159	2262	2472	2788	3069	3234	3331	3267	3162	2979	2837	2627	2492	2321	2164	2011	
15	342	95.0	95.0	1	0	0	2	883	1067	1404	1915	2492	2986	3315	3409	3359	3253	3061	2877	2611	2444	2249	2172	2154	2248	2513	2758	3081	3257	3335	3299	3193	2992	2804	2633	2487	2303	2165	2052	
15	359	95.0	95.0	1	0	0	2	887	1036	1383	1894	2493	2971	3297	3417	3367	3263	3074	2874	2650	2464	2264	2189	2159	2226	2486	2771	3057	3247	3374	3308	3170	3009	2823	2639	2484	2310	2152	2042	
15	376	95.0	95.0	1	0	0	2	877	1038	1380	1922	2514	2975	3322	3427	3382	3273	3052	2850	2641	2482	2262	2185	2156	2289	2535	2761	3064	3269	3339	3326	3172	3026	2806	2626	2446	2298	2159	2026	
15	394	95.0	95.0	1	0	0	2	885	1052	1391	1915	2423	2978	3307	3425	3381	3283	3075	2895	2664	2461	2279	2197	2157	2258	2475	2781	3082	3245	3365	3323	3197	3040	2839	2648	2462	2290	2142	2018	
15	411	95.0	95.0	1	0	0	2	911	1053	1392	1910	2488	3004	3303	3440	3399	3279	3105	2889	2659	2483	2262	2210	2187	2291	2523	2757	3076	3242	3308	3322	3222	3031	2834	2676	2484	2329	2159	2014	
15	428	95.0	95.0	1	0	0	2	876	1051	1430	1927	2490	3004	3335	3425	3413	3286	3057	2915	2633	2452	2278	2197	2185	2255	2470	2782	3089	3281	3377	3292	3190	3043	2811	2677	2473	2317	2189	2018	
15	445	94.9	95.0	1	0	0	2	877	1048	1394	1918	2523	3015	3325	3428	3413	3274	3135	2898	2671	2478	2282	2200	2175	2317	2498	2756	3085	3307	3366	3317	3213	3030	2820	2666	2474	2334	2161	2031	
15	463	94.9	95.0	1	0	0	2	883	1060	1409	1932	2532	3022	3330	3414	3415	3260	3087	2888	2650	2444	2291	2200	2182	2308	2537	2784	3131	3250	3383	3315	3251	3052	2802	2631	2480	2281	2182	2053	
15	480	94.9	95.0	1	0	0	2	886	1041	1420	1934	2522	3063	3353	3456	3426	3309	3110	2910	2671	2451	2300	2209	2169	2298	2504	2795	3108	3274	3378	3312	3187	3039	2869	2661	2526	2338	2189	2038	
15	497	94.9	95.0	1	0	0	2	882	1042	1412	1921	2521	3005	3305	3477	3435	3305	3085	2891	2646	2469	2296	2212	2190	2271	2505	2801	3103	3295	3350	3340	3203	3039	2885	2659	2490	2307	2198	2044	
15	514	94.9	95.0	1	0	0	2	881	1041	1424	1921	2497	3047	3313	3503	3430	3291	3092	2924	2655	2450	2289	2219	2194	2292	2530	2817	3100	3282	3362	3310	3214	3070	2848	2656	2495	2298	2168	2042	
15	532	95.0	95.0	1	0	0	2	889	1061	1402	1935	2493	3019	3353	3464	3397	3278	3071	2844	2658	2491	2294	2198	2195	2289	2520	2822	3068	3263	3351	3336	3214	3045	2852	2655	2476	2331	2177	2047	
15	549	94.9	95.0	1	0	0	2	886	1052	1439	1931	2534	3020	3350	3490	3390	3350	3113	2880	2672	2473	2297	2213	2191	2277	2512	2810	3119	3291	3388	3348	3243	3033	2831	2674	2467	2342	2179	2025	
15	566	95.0	95.0	1	0	0	2	884	1047	1426	1923	2533	3024	3348	3454	3423	3303	3127	2903	2660	2472	2312	2189	2217	2297	2520	2795	3104	3285	3380	3382	3197	3063	2840	2673	2477	2328	2189	2036	
15	583	95.0	95.0	1	0	0	2	886	1056	1431	1932	2546	3054	3360	3505	3481	3315	3118	2879	2680	2475	2292	2198	2216	2279	2526	2836	3116	3312	3419	3357	3236	3079	2846	2669	2547	2344	2166	2059	
15	601	95.0	95.0	1	0	0	2	882	1040	1410	1947	2556	3028	3352	3484	3425	3331	3128	2926	2668	2486	2309	2204	2203	2300	2544	2812	3101	3289	3377	3335	3224	3058	2836	2655	2523	2324	2173	2042	
15	618	95.0	95.0	1	0	0	2	893	1057	1425	1942	2538	3050	3358	3508	3429	3347	3122	2948	2684	2494	2290	2221	2205	2307	2525	2832	3121	3309	3387	3376	3229	3069	2850	2662	2504	2334	2185	2040	
15	635	94.9	95.0	1	0	0	2	874	1056	1408	1941	2548	3055	3348	3490	3451	3342	3137	2935	2703	2519	2294	2219	2224	2334	2536	2820	3142	3301	3400	3341	3227	3051	2877	2690	2488	2349	2171	2024	
15	652	95.0	95.0	1	0	0	2	888	1052	1408	1939	2547	3030	3353	3486	3491	3339	3118	2931	2702	2494	2302	2210	2205	2294	2562	2829	3159	3289	3388	3363	3226	3051	2859	2668	2493	2330	2189	2075	
15	670	95.0	95.0	1	0	0	2	882	1059	1413	1949	2545	3032	3349	3480	3429	3305	3108	2941	2690	2485	2344	2222	2194	2311	2540	2812	3104	3312	3420	3348	3230	3065	2877	2646	2508	2337	2225	2060	
15	687	95.0	95.0	1	0	0	2	885	1061	1442	1953	2548	3071	3330	3503	3446	3348	3120	2927	2697	2503	2315	2225	2205	2324	2531	2843	3137	3282	3410	3350	3221	3048	2850	2666	2507	2311	2210	2048	
15	704	95.0	95.0	1	0	0	2	877	1052	1403	1954	2538	3039	3389	3503	3449	3301	3130	2934	2713	2470	2314	2219	2207	2325	2536	2801	3085	3277	3435	3365	3245	3098	2846	2655	2519	2317	2178	2045	
15	721	94.9	95.0	1	0	0	2	886	1045	1434	1957	2583	3044	3385	3498	3428	3335	3149	2949	2661	2484	2316	2219	2232	2308	2560	2822	3096	3336	3394	3347	3228	3076	2875	2691	2494	2334	2189	2045	
15	739	94.9	95.0	1	0	0	2	894	1048	1411	1944	2546	3048	3348	3494	3455	3328	3125	2920	2700	2487	2298	2216	2220	2299	2564	2808	3168	3347	3424	3367	3253	3047	2868	2679	2528	2332	2181	2055	
15	756	95.0	95.0	1	0	0	2	882	1079	1446	1965	2553	3055	3384	3462	3460	3322	3189	2905	2717	2524	2331	2222	2197	2305	2565	2860	3130	3321	3411	3401	3228	3106	2873	2656	2520	2352	2176	2035	
15	773	95.0	95.0	1	0	0	2	884	1055	1410	1939	2547	3076	3400	3505	3448	3337	3129	2943	2695	2481	2315	2241	2196	2312	2562	2818	3156	3316	3395	3385	3263	3046	2853	2695	2529	2337	2184	2050	
15	790	95.0	95.0	1	0	0	2	880	1059	1435	1963	2516	3080	3415	3528	3467	3365	3185	2917	2718	2507	2306	2231	2223	2335	2572	2830	3157	3330	3395	3382	3256	3059	2883	2667	2538	2341	2199	2074	
15	808	95.0	95.0	1	0	0	2	896	1063	1415	1956	2542	3032	3383	3522	3431	3331	3134	2937	2710	2487	2329	2274	2216	2318	2564	2843	3116	3347	3421	3430	3287	3080	2861	2686	2509	2347	2199	2051	
15	825	94.9	95.0	1	0	0	2	886	1043	1420	1975	2571	3065	3355	3487	3490	3356	3147	2951	2701	2510	2310	2232	2217	2333	2579	2861	3127	3333	3399	3375	3257	3066	2865	2714	2501	2342	2211	2039	
15	842	95.0	95.0	1	0	0	2	884	1071	1432	1964	2553	3090	3394	3502	3486	3350	3156	2930	2750	2513	2330	2245	2216	2321	2574	2836	3159	3288	3410	3383	3253	3082	2890	2693	2508	2342	2244	2057	
15	859	95.0	95.0	1	0	0	2	890	1045	1434	1952	2555	3058	3417	3495	3450	3308	3173	2948	2703	2513	2332	2232	2231	2336	2533	2827	3155	3329	3438	3364	3241	3073	2877	2694	2508	2339	2185	2056	
15	877	94.9	95.0	1	0	0	2	891	1056	1412	1954	2559	3068	3402	3514	3452	3370	3149	2948	2711	2491	2332	2236	2204	2340	2558	2816	3131	3313	3410	3372	3258	3105	2877	2701	2541	2345	2190	2059	
15	894	95.0	95.0	1	0	0	2	882	1067	1408	1961	2579	3068	3388	3505	3464	3346	3165	2932	2715	2488	2308	2222	2199	2329	2556	2825	3132	3341	3439	3374	3238	3088	2876	2698	2503	2336	2218	2071	
15	911	95.0	95.0	1	0	0	2	890	1051	1436	1932	2586	3094	3382	3506	3476	3325	3151	2948	2706	2523	2325	2240	2205	2314	2558	2849	3134	3368	3400	3372	3267	3085	2865	2693	2526	2355	2217	2046	
15	928	95.0	95.0	1	0	0	2	889	1053	1422	1976	2588	3096	3385	3518	3484	3369	3141	2941	2748	2543	2324	2237	2221	2330	2579	2854	3164	3326	3416	3345	3235	3098	2859	2686	2519	2343	2198	2062	
15	946	95.0	95.0	1	0	0	2	894	1078	1421	1975	2570	3105	3411	3529	3456	3346	3196	2926	2695	2510	2315	2260	2232	2342	2573	2868	3116	3325	3419	3373	3278	3089	2898	2715	2531	2346	2199	2060	
15	963	95.0	95.0	1	0	0	2	880	1065	1431	1948	2593	3048	3442	3545	3486	3387	3143	2952	2724	2519	2366	2281	2228	2356	2540	2830	3152	3342	3444	3389	3255	3096	2882	2688	2549	2356	2194	2055	
15	980	94.9	95.0	1	0	0	2	880	1049	1422	1949	2584	3108	3414	3547	3469	3348	3181	2942	2753	2507	2338	2219	2244	2351	2548	2917	3158	3325	3448	3384	3276	3088	2917	2709	2524	2372	2231	2082	
15	997	95.0	95.0	1	0	0	2	890	1070	1426	1979	2572	3082	3388	3537	3487	3379	3161	2936	2718	2536	2329	2226	2252	2332	2589	2848	3145	3357	3439	3383	3281	3107	2877	2708	2527	2350	2225	2092	
15	1015	95.0	95.0	1	0	0	2	882	1056	1478	1997	2569	3078	3408	3523	3508	3379	3163	2968	2748	2532	2331	2238	2232	2350	2579	2845	3155	3342	3469	3416	3286	3095	2855	2664	2542	2345	2205	2062	
15	1032	95.0	95.0	1	0	0	2	887	1058	1432	1981	2584	3095	3361	3547	3488	3372	3172	2974	2708	2506	2342	2239	2231	2332	2608	2861	3135	3346	3434	3388	3249	3086	2848	2694	2538	2337	2235	2078	
15	1049	95.0	95.0	1	0	0	2	894	1045	1432	1966	2575	3082	3383	3525	3486	3387	3143	2956	2733	2491	2320	2271	2271	2303	2592	2858	3158	3346	3412	3388	3266	3085	2885	2690	2520	2367	2212	2070	
15	1066	94.9	95.0	1	0	0	2	902	1039	1419	1970	2575	3133	3414	3593	3515	3368	3158	2958	2743	2536	2348	2233	2238	2350	2591	2860	3159	3331	3436	3378	3274	3090	2886	2749	2542	2362	2205	2066	
15	1084	95.0	95.0	1	0	0	2	893	1054	1429	1975	2606	3084	3394	3552	3468	3347	3162	2955	2712	2504	2353	2234	2197	2316	2565	2855	3143	3321	3454	3434	3277	3106	2895	2699	2509	2346	2218	2069	
15	1101	95.0	95.0	1	0	0	2	890	1058	1442	1977	2578	3096	3435	3533	3469	3382	3110	2966	2712	2557	2343	2221	2235	2358	2593	2870	3150	3350	3436	3401	3257	3097	2884	2688	2532	2372	2219	2077	
15	1118	95.0	95.0	1	0	0	2	881	1052	1447	1998	2564	3104	3425	3545	3486	3372	3173	2919	2734	2525	2347	2253	2229	2318	2560	2847	3177	3358	3475	3398	3288	3105	2906	2736	2530	2348	2216	2059	
15	1135	94.9	95.0	1	0	0	2	871	1058	1444	1958	2599	3095	3416	3552	3499	3375	3152	2940	2730	2495	2320	2241	2224	2346	2575	2815	3176	3320	3425	3405	3277	3120	2909	2727	2531	2375	2221	2052	
15	1153	95.0	95.0	1	0	0	2	893	1071	1443	1957	2573	3105	3424	3555	3497	3373	3184	2968	2713	2513	2352	2248	2203	2314	2581	2847	3184	3362	3462	3396	3265	3068	2899	2683	2562	2353	2209	2089	
15	1170	94.9	95.0	1	0	0	2	891	1061	1416	1954	2576	3112	3416	3532	3507	3359	3189	2962	2755	2500	2333	2251	2241	2346	2592	2856	3149	3336	3441	3373	3261	3068	2849	2701	2544	2338	2191	2058	
15	1187	95.0	95.0	1	0	0	2	875	1068	1422	1996	2588	3096	3374	3566	3506	3405	3187	2969	2734	2515	2324	2222	2237	2344	2583	2870	3176	3360	3427	3408	3260	3091	2902	2703	2543	2388	2235	2095	
15	1204	95.0	95.0	1	0	0	2	878	1061	1439	1952	2607	3089	3438	3550	3547	3394	3152	2991	2726	2537	2328	2254	2239	2363	2597	2867	3162	3352	3423	3391	3236	3088	2930	2720	2569	2367	2208	2088	
15	1222	94.9	95.0	1	0	0	2	888	1057	1447	1972	2607	3124	3418	3571	3497	3409	3195	2994	2747	2544	2346	2263	2231	2337	2596	2868	3161	3315	3449	3404	3291	3117	2903	2724	2525	2369	2217	2066	
15	1239	94.9	95.0	1	0	0	2	913	1069	1424	1972	2622	3064	3399	3519	3501	3414	3179	2960	2732	2535	2330	2280	2235	2345	2588	2874	3157	3321	3440	3395	3284	3098	2896	2703	2578	2343	2226	2060	
15	1256	95.0	95.0	1	0	0	2	886	1045	1439	1986	2572	3072	3454	3560	3514	3384	3162	2992	2730	2534	2355	2247	2228	2328	2588	2841	3144	3342	3393	3370	3295	3083	2867	2737	2542	2331	2222	2056	
15	1273	94.9	95.0	1	0	0	2	896	1064	1429	1964	2598	3083	3451	3553	3518	3388	3138	2974	2725	2507	2341	2233	2234	2363	2584	2851	3145	3336	3475	3409	3290	3115	2915	2675	2535	2354	2203	2050	
15	1291	95.0	95.0	1	0	0	2	898	1054	1425	1964	2587	3129	3395	3559	3482	3376	3170	2997	2748	2519	2327	2278	2236	2345	2554	2861	3142	3380	3464	3403	3270	3118	2902	2679	2515	2354	2212	2057	
15	1319	95.0	95.0	1	1	0	2	838	1057	1422	1995	2598	3118	3440	3553	3492	3397	3184	2971	2730	2534	2321	2262	2251	2356	2596	2853	3157	3349	3452	3399	3281	3108	2908	2712	2556	2357	2190	2067	
15	1381	59.7	60.4	1	1	1	2	953	1326	2116	3296	4617	5592	6144	6263	6092	5727	5265	4816	4326	3883	3425	3196	3012	3032	3300	3656	4025	4259	4427	4334	4167	3877	3554	3282	3028	2784	2581	2407	
15	1398	60.0	60.1	1	1	1	2	969	1346	2138	3293	4610	5594	6175	6301	6071	5727	5236	4806	4291	3906	3458	3157	3026	3054	3285	3592	4023	4249	4404	4331	4154	3876	3575	3292	3050	2788	2562	2380	
15	1416	60.0	60.0	1	1	1	2	964	1346	2171	3323	4634	5596	6246	6306	6145	5763	5301	4853	4357	3921	3464	3210	3051	3063	3351	3648	4024	4280	4380	4392	4176	3889	3577	3316	3067	2775	2601	2375	
15	1433	60.0	60.0	1	1	1	2	960	1342	2149	3320	4662	5628	6224	6326	6141	5776	5349	4883	4349	3893	3473	3246	3089	3105	3338	3650	4069	4320	4431	4350	4225	3949	3571	3321	3110	2801	2596	2436	
15	1450	60.0	60.0	1	1	1	2	970	1336	2156	3342	4647	5660	6263	6391	6162	5806	5283	4820	4364	3894	3468	3189	3078	3080	3323	3648	4038	4306	4430	4319	4197	3898	3583	3321	3068	2780	2606	2394	
15	1467	60.0	60.0	1	1	1	2	968	1328	2140	3335	4641	5658	6208	6350	6132	5789	5323	4834	4333	3908	3496	3235	3083	3085	3310	3653	4071	4307	4430	4384	4159	3888	3581	3307	3029	2783	2594	2416	
15	1485	60.0	60.0	1	1	1	2	981	1351	2147	3324	4631	5647	6233	6329	6115	5788	5339	4845	4366	3919	3492	3226	3068	3070	3301	3669	4056	4286	4421	4343	4168	3884	3579	3319	3048	2804	2603	2384	
15	1547	95.4	94.7	2	1	0	2	909	1079	1447	2035	2693	3195	3543	3679	3634	3540	3281	3069	2821	2621	2416	2300	2308	2383	2649	2923	3237	3460	3536	3455	3365	3209	2983	2739	2596	2428	2269	2106	
15	1564	94.9	95.0	2	1	0	2	894	1068	1456	2038	2669	3211	3524	3663	3609	3483	3246	3066	2795	2570	2398	2291	2302	2391	2639	2900	3238	3440	3528	3475	3339	3170	2967	2783	2565	2416	2265	2093	
15	1627	59.7	60.4	2	1	1	2	965	1342	2171	3289	4589	5597	6130	6274	6058	5708	5236	4791	4317	3874	3474	3172	3026	3032	3266	3627	3963	4269	4356	4331	4129	3907	3541	3269	3038	2783	2611	2386	
15	1645	59.9	60.0	2	1	1	2	960	1362	2155	3320	4562	5613	6134	6263	6058	5678	5232	4818	4302	3858	3445	3215	3065	3031	3319	3587	3966	4253	4376	4295	4144	3878	3552	3276	3014	2776	2573	2378	
15	1662	60.0	60.0	2	1	1	2	970	1353	2164	3316	4599	5600	6124	6285	6062	5699	5252	4789	4294	3872	3455	3182	3041	3083	3286	3621	4045	4264	4329	4309	4135	3860	3571	3269	3009	2748	2597	2397	
15	1679	60.0	60.0	2	1	1	2	964	1352	2155	3298	4563	5564	6163	6226	6079	5691	5228	4799	4282	3856	3446	3183	3042	3029	3297	3577	3981	4232	4403	4332	4106	3849	3549	3272	3017	2764	2575	2422	
15	1696	59.9	60.0	2	1	1	2	977	1343	2135	3279	4539	5563	6123	6267	6035	5672	5210	4783	4306	3841	3432	3195	3007	3051	3280	3585	3986	4243	4355	4318	4093	3859	3515	3261	3029	2749	2575	2365	
15	1714	59.9	60.0	2	1	1	2	965	1331	2152	3278	4562	5547	6079	6234	6004	5676	5214	4768	4299	3841	3411	3176	3015	3030	3251	3618	3997	4248	4343	4290	4166	3859	3509	3265	3036	2731	2569	2378	
15	1731	60.0	60.0	2	1	1	2	964	1339	2146	3260	4529	5555	6077	6221	5972	5651	5250	4793	4236	3867	3427	3161	3003	2986	3273	3615	3999	4217	4353	4267	4117	3836	3506	3251	3017	2778	2548	2390	
15	1793	95.3	94.9	3	1	0	2	898	1079	1459	2014	2641	3158	3521	3618	3535	3463	3205	3032	2785	2565	2378	2283	2235	2376	2619	2932	3244	3389	3488	3447	3319	3179	2965	2737	2579	2399	2241	2096	
15	1811	95.0	95.0	3	1	0	2	890	1080	1466	2012	2604	3161	3503	3593	3539	3435	3227	2990	2762	2565	2352	2273	2269	2382	2620	2930	3219	3385	3475	3445	3304	3117	2951	2748	2556	2389	2231	2084	
15	1873	59.7	60.4	3	1	1	2	959	1330	2130	3308	4597	5606	6208	6323	6129	5796	5302	4853	4348	3869	3490	3208	3015	3059	3322	3632	4008	4294	4392	4347	4147	3885	3584	3296	3048	2786	2584	2383	
15	1891	59.9	60.1	3	1	1	2	970	1342	2147	3304	4589	5583	6169	6345	6106	5763	5271	4858	4286	3895	3483	3183	3046	3046	3298	3617	4031	4274	4396	4341	4132	3864	3548	3299	3041	2794	2587	2399	
15	1908	60.0	60.0	3	1	1	2	964	1357	2154	3321	4646	5613	6190	6381	6089	5760	5294	4791	4342	3876	3479	3196	3076	3060	3246	3619	4023	4261	4397	4312	4176	3877	3534	3287	3034	2797	2578	2397	
15	1925	59.9	60.0	3	1	1	2	967	1339	2151	3327	4607	5679	6149	6345	6081	5790	5259	4807	4358	3903	3482	3193	3059	3042	3320	3630	4069	4283	4433	4364	4153	3913	3594	3318	3043	2799	2571	2391	
15	1942	59.9	60.0	3	1	1	2	996	1326	2143	3313	4602	5625	6139	6263	6086	5720	5272	4780	4317	3881	3464	3194	3053	3064	3302	3607	4029	4251	4368	4286	4134	3878	3621	3301	3031	2784	2564	2396	
15	1960	60.0	60.0	3	1	1	2	975	1355	2192	3309	4597	5535	6165	6184	6074	5700	5276	4781	4289	3852	3442	3178	3043	3082	3285	3597	4019	4211	4382	4258	4089	3882	3554	3292	2997	2764	2592	2367	
15	1977	60.0	60.0	3	1	1	2	975	1346	2158	3321	4597	5632	6204	6283	6090	5777	5217	4802	4307	3854	3445	3198	3021	3080	3279	3608	3990	4286	4371	4333	4091	3876	3541	3303	3078	2776	2554	2390	
15	2039	95.5	94.8	4	1	0	2	895	1068	1499	2049	2685	3219	3533	3667	3638	3519	3250	3080	2777	2578	2392	2284	2292	2426	2664	2940	3208	3425	3510	3474	3358	3154	2957	2752	2577	2398	2256	2106	
15	2057	95.0	95.0	4	1	0	2	901	1077	1471	2027	2673	3159	3526	3627	3591	3479	3255	3047	2799	2608	2372	2328	2282	2390	2636	2930	3226	3421	3523	3442	3341	3133	2932	2765	2539	2389	2225	2094	
15	2119	59.6	60.4	4	1	1	2	987	1350	2162	3298	4598	5537	6079	6235	6003	5627	5218	4754	4283	3876	3405	3159	3032	3039	3262	3583	3988	4226	4331	4275	4070	3790	3542	3224	2986	2758	2558	2364	
15	2137	59.9	60.0	4	1	1	2	970	1364	2157	3324	4575	5513	6086	6190	5994	5643	5147	4741	4212	3839	3415	3125	3024	3029	3240	3598	3978	4205	4277	4240	4072	3812	3473	3232	2974	2736	2489	2354	
15	2154	60.0	60.0	4	1	1	2	971	1348	2156	3333	4533	5581	6080	6196	5985	5658	5212	4720	4262	3840	3390	3152	2976	3002	3283	3621	4017	4211	4322	4255	4071	3813	3543	3239	2989	2760	2514	2373	
15	2171	59.9	60.0	4	1	1	2	999	1361	2161	3294	4585	5560	6052	6197	6005	5670	5175	4729	4249	3808	3432	3187	3014	3003	3288	3609	3987	4231	4344	4250	4071	3810	3520	3257	2976	2755	2538	2355	
15	2188	59.9	60.0	4	1	1	2	971	1308	2144	3318	4544	5563	6037	6161	6010	5683	5173	4725	4243	3819	3422	3162	2976	3040	3263	3587	3986	4173	4338	4262	4057	3833	3516	3212	2999	2746	2535	2344	
15	2206	60.0	60.0	4	1	1	2	976	1396	2164	3318	4528	5562	6034	6212	6003	5645	5179	4709	4257	3836	3387	3146	2984	2967	3277	3562	3990	4210	4312	4249	4044	3788	3486	3232	3025	2753	2523	2329	
15	2223	60.0	60.0	4	1	1	2	916	1362	2133	3354	4563	5503	6087	6196	5953	5614	5184	4713	4216	3821	3369	3158	2998	2984	3256	3587	3927	4223	4288	4222	4054	3798	3510	3238	2963	2738	2502	2333	
15	2286	95.5	94.8	5	1	0	2	902	1082	1488	2035	2642	3176	3496	3580	3555	3444	3239	3001	2793	2572	2373	2273	2266	2391	2595	2901	3243	3374	3498	3394	3282	3094	2910	2714	2559	2386	2228	2093	
15	2303	95.0	95.0	5	1	0	2	910	1098	1487	2007	2669	3155	3468	3606	3547	3412	3209	3017	2765	2574	2376	2271	2247	2393	2624	2907	3214	3360	3455	3451	3320	3146	2902	2724	2546	2371	2215	2072	
15	2366	59.6	60.4	5	1	1	2	967	1376	2187	3310	4584	5605	6142	6260	6089	5744	5241	4821	4296	3894	3445	3213	3050	3074	3318	3671	4042	4260	4372	4325	4130	3878	3545	3275	3019	2804	2581	2376	
15	2383	59.9	60.0	5	1	1	2	971	1365	2199	3329	4589	5607	6164	6289	6086	5745	5221	4801	4287	3887	3430	3209	3024	3064	3312	3650	4037	4280	4372	4317	4119	3868	3557	3286	3020	2749	2574	2372	
15	2400	60.0	60.0	5	1	1	2	973	1369	2213	3362	4652	5620	6178	6294	6089	5740	5241	4786	4289	3855	3450	3200	3060	3039	3302	3620	4052	4215	4361	4278	4135	3848	3546	3316	3023	2772	2547	2366	
15	2417	60.0	60.0	5	1	1	2	979	1374	2204	3320	4629	5636	6152	6313	6085	5748	5230	4790	4329	3895	3449	3136	3047	3054	3323	3638	4039	4292	4389	4303	4130	3869	3545	3269	3057	2788	2566	2388	
15	2435	59.9	60.0	5	1	1	2	984	1361	2178	3342	4616	5600	6163	6275	6032	5746	5196	4775	4280	3862	3445	3176	3034	3049	3337	3638	4005	4236	4369	4333	4119	3843	3574	3261	3011	2754	2571	2371	
15	2452	60.0	60.0	5	1	1	2	960	1386	2175	3345	4638	5608	6148	6274	6054	5712	5238	4834	4272	3881	3444	3156	3018	3060	3310	3661	4047	4253	4388	4299	4128	3852	3556	3252	2991	2783	2555	2387	
15	2469	60.0	60.0	5	1	1	2	984	1375	2174	3332	4622	5582	6122	6257	6094	5694	5243	4783	4301	3877	3428	3153	3046	3055	3250	3593	4001	4275	4356	4261	4086	3878	3542	3299	3005	2753	2556	2388	
15	2532	95.5	94.8	6	1	0	2	915	1090	1486	2038	2644	3137	3498	3619	3533	3453	3213	3005	2787	2521	2350	2295	2241	2352	2636	2884	3192	3377	3492	3430	3299	3097	2907	2704	2535	2353	2224	2088	
15	2549	95.0	95.0	6	1	0	2	915	1095	1456	2026	2613	3120	3456	3575	3552	3416	3168	2990	2749	2537	2318	2247	2246	2373	2598	2876	3189	3387	3463	3417	3269	3109	2925	2717	2546	2359	2214	2072	
15	2612	59.6	60.4	6	1	1	2	958	1344	2165	3322	4573	5584	6146	6226	6004	5690	5255	4782	4294	3837	3422	3159	3022	3054	3268	3594	4029	4236	4341	4300	4092	3851	3507	3274	2987	2748	2564	2375	
15	2629	59.9	60.1	6	1	1	2	969	1358	2178	3334	4610	5567	6130	6208	6016	5751	5240	4758	4289	3877	3416	3179	3023	3046	3306	3609	3998	4260	4362	4300	4106	3860	3534	3281	2997	2782	2548	2381	
15	2646	60.0	60.0	6	1	1	2	984	1364	2166	3341	4603	5566	6209	6281	6099	5758	5241	4796	4292	3864	3425	3174	3032	3078	3315	3637	4012	4233	4392	4285	4122	3839	3560	3238	3024	2770	2587	2379	
15	2663	60.0	60.0	6	1	1	2	975	1356	2176	3384	4634	5608	6198	6259	6125	5682	5264	4775	4317	3895	3465	3211	2996	3046	3301	3616	4010	4248	4346	4259	4144	3810	3547	3292	3012	2752	2563	2383	
15	2681	60.0	60.0	6	1	1	2	975	1356	2197	3315	4612	5622	6124	6273	6066	5704	5282	4796	4297	3848	3424	3176	3058	3073	3331	3616	3989	4218	4306	4306	4092	3880	3543	3287	3010	2730	2567	2363	
15	2698	59.9	60.0	6	1	1	2	981	1325	2188	3303	4583	5575	6108	6255	6037	5640	5214	4755	4250	3838	3397	3156	2980	3030	3268	3583	3966	4223	4315	4228	4080	3815	3566	3234	3019	2762	2547	2365	
15	2715	60.0	60.0	6	1	1	2	990	1357	2168	3287	4586	5586	6083	6193	5967	5654	5191	4740	4275	3802	3431	3163	2979	3052	3259	3600	3957	4210	4327	4259	4105	3810	3532	3271	3008	2741	2545	2367	
15	2778	95.3	94.9	7	1	0	2	910	1078	1461	2028	2647	3190	3488	3603	3547	3470	3220	3054	2824	2531	2368	2296	2292	2382	2637	2900	3200	3387	3507	3426	3316	3156	2923	2742	2567	2361	2249	2081	
15	2795	95.0	95.0	7	1	0	2	912	1079	1474	2018	2637	3166	3507	3602	3533	3429	3228	3027	2760	2569	2361	2283	2250	2387	2629	2891	3235	3393	3499	3419	3331	3118	2924	2741	2550	2362	2235	2081	
15	2858	59.6	60.4	7	1	1	2	962	1341	2134	3241	4479	5428	5972	6105	5913	5551	5112	4685	4195	3792	3354	3113	2967	2964	3191	3564	3891	4161	4229	4194	4018	3768	3493	3168	2916	2678	2542	2348	
15	2875	59.9	60.0	7	1	1	2	965	1363	2142	3320	4548	5476	6015	6132	5916	5615	5102	4717	4184	3779	3387	3111	2971	2996	3208	3564	3919	4123	4267	4156	4022	3767	3460	3190	2937	2706	2532	2341	
15	2892	59.9	60.0	7	1	1	2	961	1343	2145	3282	4519	5475	6028	6136	5871	5617	5087	4735	4188	3768	3381	3110	2964	2996	3222	3561	3948	4138	4290	4216	4051	3777	3451	3192	2940	2705	2532	2324	
15	2910	60.0	60.0	7	1	1	2	965	1357	2140	3275	4549	5517	6004	6084	5910	5576	5147	4697	4214	3791	3376	3155	2967	2978	3246	3545	3940	4147	4259	4234	4045	3748	3486	3180	2951	2698	2524	2342	
15	2927	59.9	60.0	7	1	1	2	973	1354	2143	3282	4481	5506	6020	6116	5899	5575	5100	4653	4209	3802	3351	3147	3029	2974	3221	3577	3957	4147	4257	4226	4027	3765	3489	3190	2907	2711	2521	2325	
15	2944	60.0	60.0	7	1	1	2	978	1349	2114	3267	4490	5488	5971	6114	5874	5585	5114	4674	4209	3762	3332	3081	2981	3005	3242	3564	3926	4133	4275	4209	3965	3746	3483	3178	2942	2702	2538	2349	
15	2961	60.0	60.0	7	1	1	2	983	1358	2130	3244	4493	5476	5938	6097	5864	5560	5021	4641	4180	3739	3344	3101	2963	2981	3217	3515	3895	4120	4244	4145	3996	3742	3445	3168	2929	2692	2511	2344	
15	3026	95.4	94.9	8	1	0	2	872	1084	1447	2000	2597	3123	3457	3593	3505	3404	3200	2982	2762	2495	2330	2235	2233	2324	2606	2859	3170	3321	3423	3400	3242	3065	2858	2692	2515	2334	2208	2053	
15	3043	95.0	95.0	8	1	0	2	898	1063	1440	1995	2624	3108	3457	3573	3515	3375	3168	2942	2737	2511	2369	2259	2207	2345	2585	2880	3165	3370	3430	3369	3276	3081	2880	2674	2507	2352	2189	2067	
15	3105	59.7	60.6	8	1	1	2	974	1352	2152	3303	4523	5520	6031	6132	5939	5636	5198	4727	4259	3791	3435	3144	2971	3005	3273	3535	3966	4177	4314	4209	4050	3797	3511	3271	2963	2720	2541	2339	
15	3122	60.0	60.1	8	1	1	2	965	1362	2165	3292	4551	5560	6085	6196	6012	5613	5178	4708	4264	3831	3404	3190	2993	3052	3289	3587	3960	4208	4323	4260	4082	3837	3519	3235	2996	2697	2513	2337	
15	3140	60.0	60.0	8	1	1	2	971	1346	2139	3307	4543	5541	6074	6171	5963	5658	5215	4689	4225	3820	3412	3160	2996	2979	3250	3578	3936	4211	4290	4244	4036	3798	3510	3239	2966	2712	2541	2361	
15	3157	60.0	60.0	8	1	1	2	966	1352	2152	3335	4562	5539	6072	6232	6021	5633	5169	4726	4279	3837	3395	3149	3008	3017	3256	3588	3983	4231	4316	4243	4100	3853	3499	3217	2985	2732	2535	2368	
15	3174	59.9	60.0	8	1	1	2	962	1355	2162	3307	4537	5490	6035	6170	5950	5591	5121	4699	4241	3815	3376	3116	2953	3000	3264	3581	3916	4139	4308	4222	4062	3806	3513	3194	2976	2706	2552	2337	
15	3191	60.0	60.0	8	1	1	2	964	1352	2157	3327	4536	5489	5997	6127	5917	5615	5130	4706	4232	3778	3411	3144	2973	2981	3276	3597	3947	4190	4277	4214	4062	3787	3490	3232	2943	2713	2527	2367	
15	3209	60.0	60.0	8	1	1	2	955	1342	2144	3292	4505	5485	6001	6153	5933	5591	5153	4678	4196	3786	3398	3140	2974	3003	3242	3558	3940	4156	4261	4192	4076	3762	3477	3223	2939	2711	2521	2328	
15	3271	95.4	94.5	9	1	0	2	875	1077	1472	2027	2638	3189	3493	3588	3583	3439	3202	3018	2750	2534	2357	2267	2283	2400	2614	2883	3194	3386	3441	3429	3299	3155	2896	2705	2538	2356	2183	2064	
15	3288	94.9	95.0	9	1	0	2	879	1085	1461	2012	2637	3126	3463	3631	3541	3414	3216	3017	2732	2551	2339	2239	2252	2366	2612	2903	3203	3338	3432	3425	3287	3139	2901	2682	2527	2357	2261	2059	
15	3351	59.6	60.6	9	1	1	2	980	1349	2138	3276	4518	5468	6008	6133	5934	5607	5135	4681	4183	3794	3357	3118	2989	2994	3262	3572	3922	4195	4287	4227	4024	3776	3473	3203	2961	2709	2536	2347	
15	3368	60.0	60.1	9	1	1	2	984	1351	2136	3258	4483	5467	5984	6144	5908	5580	5113	4716	4217	3805	3365	3112	2970	2985	3247	3522	3955	4155	4242	4213	4018	3747	3472	3204	2954	2716	2522	2339	
15	3386	60.0	60.0	9	1	1	2	974	1356	2170	3296	4517	5498	6022	6137	5971	5628	5150	4655	4256	3800	3371	3127	2958	2995	3218	3548	3926	4152	4246	4218	4068	3780	3432	3167	2960	2726	2490	2318	
15	3403	60.0	60.0	9	1	1	2	971	1324	2126	3253	4477	5471	6009	6106	5913	5600	5136	4704	4227	3782	3405	3146	2964	3031	3237	3571	3932	4127	4282	4170	4031	3803	3456	3196	2923	2694	2500	2304	
15	3420	59.9	60.0	9	1	1	2	969	1353	2142	3290	4499	5466	6001	6111	5909	5587	5147	4675	4194	3783	3357	3107	2954	2964	3232	3531	3944	4142	4243	4211	4022	3749	3467	3172	2945	2687	2506	2330	
15	3437	60.0	60.0	9	1	1	2	972	1341	2149	3275	4532	5501	5977	6130	5892	5557	5117	4678	4157	3802	3369	3126	2985	3002	3226	3539	3904	4128	4260	4189	4014	3759	3459	3218	2940	2714	2515	2348	
15	3455	60.0	60.0	9	1	1	2	980	1339	2160	3255	4520	5452	5988	6134	5900	5570	5122	4669	4191	3772	3350	3103	2958	2982	3246	3534	3950	4140	4242	4221	4036	3751	3461	3209	2947	2715	2512	2322	
15	3517	95.4	94.7	10	1	0	2	930	1078	1434	1989	2583	3104	3424	3511	3512	3370	3184	2921	2725	2523	2325	2280	2225	2317	2553	2829	3122	3322	3409	3347	3215	3050	2844	2671	2496	2321	2203	2048	
15	3534	95.0	95.0	10	1	0	2	891	1058	1447	1994	2588	3095	3388	3522	3464	3340	3137	2942	2724	2500	2307	2217	2197	2313	2561	2785	3113	3306	3341	3321	3204	3028	2839	2654	2509	2316	2186	2031	
15	3597	59.6	60.4	10	1	1	2	976	1343	2123	3250	4530	5471	6006	6129	5897	5588	5112	4674	4186	3738	3359	3125	2945	3005	3239	3525	3900	4125	4275	4190	4031	3753	3457	3220	2962	2698	2510	2335	
15	3615	60.0	60.1	10	1	1	2	972	1344	2120	3261	4505	5474	5914	6083	5858	5603	5083	4682	4188	3776	3342	3105	2958	2969	3207	3507	3891	4189	4210	4155	4028	3738	3457	3191	2955	2707	2500	2312	
15	3632	59.9	60.0	10	1	1	2	975	1331	2135	3265	4530	5475	6034	6085	5901	5548	5096	4689	4208	3776	3367	3101	2961	2955	3259	3529	3898	4128	4263	4216	4008	3748	3424	3175	2933	2674	2516	2314	
15	3649	59.9	60.0	10	1	1	2	964	1352	2152	3301	4519	5441	6026	6102	5921	5578	5062	4667	4191	3726	3370	3109	2963	2990	3233	3543	3897	4082	4256	4163	4031	3739	3493	3183	2958	2679	2504	2308	
15	3666	60.0	60.0	10	1	1	2	967	1354	2124	3256	4540	5462	6000	6121	5874	5529	5076	4659	4170	3749	3359	3119	2936	2973	3213	3528	3878	4150	4255	4161	3979	3798	3460	3181	2965	2678	2500	2308	
15	3684	60.0	60.0	10	1	1	2	960	1312	2148	3251	4499	5436	5999	6084	5873	5521	5067	4665	4160	3771	3325	3093	2948	2987	3218	3516	3886	4118	4262	4213	4033	3766	3459	3172	2951	2684	2485	2326	
15	3701	59.9	60.0	10	1	1	2	950	1349	2113	3236	4490	5435	5996	6085	5835	5580	5103	4637	4171	3772	3339	3067	2958	2968	3251	3522	3886	4096	4265	4168	3999	3724	3410	3214	2928	2706	2496	2318	
15	3763	95.5	94.7	11	1	0	2	897	1064	1440	2014	2603	3140	3468	3571	3500	3371	3193	2977	2721	2516	2330	2271	2214	2335	2581	2864	3176	3361	3413	3375	3232	3068	2871	2649	2511	2358	2153	2062	
15	3780	94.9	95.0	11	1	0	2	895	1066	1434	1981	2596	3139	3390	3560	3485	3390	3130	2960	2747	2510	2305	2229	2234	2349	2579	2861	3100	3355	3408	3360	3219	3118	2834	2684	2495	2340	2178	2036	
15	3843	59.7	60.4	11	1	1	2	972	1323	2116	3241	4479	5424	5922	6060	5845	5536	5073	4626	4178	3756	3315	3118	2949	2945	3233	3522	3882	4138	4233	4174	4014	3760	3454	3163	2901	2695	2503	2318	
15	3861	60.0	60.1	11	1	1	2	980	1329	2131	3258	4485	5426	5948	6128	5907	5512	5061	4657	4167	3746	3341	3098	2940	2981	3230	3525	3869	4145	4270	4192	4023	3746	3458	3154	2914	2706	2474	2308	
15	3878	60.0	60.0	11	1	1	2	968	1352	2128	3317	4488	5461	5994	6112	5886	5574	5094	4634	4156	3761	3336	3079	2964	2974	3234	3535	3879	4169	4206	4164	3989	3767	3455	3163	2945	2708	2498	2351	
15	3895	60.0	60.0	11	1	1	2	966	1322	2122	3289	4499	5435	5974	6128	5878	5592	5105	4654	4190	3794	3352	3088	2962	3023	3208	3528	3906	4137	4236	4172	4004	3759	3474	3215	2959	2704	2512	2347	
15	3912	60.0	60.0	11	1	1	2	972	1366	2154	3245	4487	5417	5957	6076	5850	5527	5070	4648	4177	3767	3367	3119	2942	2961	3237	3509	3895	4117	4272	4159	3994	3780	3454	3197	2925	2677	2539	2300	
15	3929	59.9	60.0	11	1	1	2	971	1341	2103	3237	4501	5457	5947	6078	5863	5493	5076	4662	4165	3765	3355	3098	2950	2957	3205	3518	3902	4123	4250	4194	3999	3742	3442	3186	2936	2696	2474	2317	
15	3947	59.9	60.0	11	1	1	2	972	1359	2139	3260	4460	5403	5920	6087	5820	5532	5072	4680	4166	3734	3347	3089	2941	2954	3200	3481	3848	4126	4235	4174	3991	3735	3435	3171	2935	2697	2487	2308	
15	4011	95.5	94.9	12	1	0	2	894	1077	1449	1982	2618	3134	3386	3540	3500	3382	3167	2947	2723	2530	2322	2249	2235	2337	2578	2852	3161	3309	3345	3340	3209	3055	2871	2658	2474	2341	2177	2051	
15	4029	95.0	95.0	12	1	0	2	886	1074	1457	2019	2603	3104	3407	3555	3506	3375	3195	2933	2686	2500	2322	2227	2219	2341	2568	2828	3148	3305	3405	3348	3197	3081	2854	2665	2495	2321	2199	2038	
15	4089	59.8	60.5	12	1	1	2	963	1346	2125	3227	4425	5406	5888	6024	5817	5527	5083	4643	4142	3742	3323	3087	2927	2959	3216	3528	3896	4107	4238	4098	3955	3728	3400	3193	2951	2701	2501	2330	
15	4107	60.0	60.1	12	1	1	2	966	1350	2119	3222	4445	5442	5907	6078	5869	5535	5062	4626	4170	3756	3365	3114	2937	2943	3208	3486	3893	4095	4229	4164	3972	3726	3461	3182	2934	2663	2500	2328	
15	4124	60.0	60.0	12	1	1	2	952	1340	2106	3252	4473	5442	5944	6001	5832	5553	5066	4623	4143	3753	3307	3077	2936	2961	3185	3538	3898	4110	4232	4128	3963	3726	3455	3191	2949	2682	2485	2294	
15	4141	60.0	60.0	12	1	1	2	976	1343	2140	3230	4457	5425	5914	6048	5874	5541	5111	4616	4200	3754	3357	3083	2932	2935	3184	3517	3906	4129	4216	4183	3984	3711	3437	3201	2926	2662	2493	2352	
15	4158	59.9	60.0	12	1	1	2	955	1359	2131	3229	4464	5400	5963	6084	5811	5477	5072	4624	4150	3753	3331	3094	2943	2962	3224	3490	3868	4122	4238	4158	3976	3758	3454	3156	2946	2692	2501	2311	
15	4176	59.9	60.0	12	1	1	2	965	1336	2092	3246	4465	5450	5932	6061	5790	5513	5064	4601	4124	3724	3325	3062	2972	2977	3199	3494	3888	4099	4194	4174	3988	3737	3421	3163	2920	2685	2476	2295	
15	4193	59.9	60.0	12	1	1	2	974	1326	2097	3246	4466	5424	5923	6000	5812	5499	5014	4615	4130	3712	3322	3074	2917	2970	3180	3480	3884	4130	4189	4128	3988	3722	3445	3166	2953	2701	2473	2310	
15	4255	95.5	94.7	13	1	0	2	891	1079	1450	2008	2609	3105	3414	3542	3504	3356	3182	2957	2725	2495	2325	2224	2226	2319	2561	2859	3128	3301	3387	3329	3218	3077	2860	2675	2475	2341	2197	2018	
15	4273	95.0	95.0	13	1	0	2	893	1061	1432	1988	2573	3114	3395	3510	3464	3364	3163	2941	2723	2480	2312	2224	2195	2344	2572	2833	3123	3274	3389	3379	3206	3054	2844	2661	2504	2316	2178	2036	
15	4335	59.6	60.4	13	1	1	2	966	1348	2116	3220	4445	5372	5921	6036	5777	5459	4989	4610	4115	3718	3314	3072	2942	2948	3168	3514	3868	4077	4233	4128	3980	3717	3436	3163	2939	2688	2477	2277	
15	4353	60.0	60.1	13	1	1	2	978	1321	2116	3245	4430	5382	5900	6011	5830	5508	5031	4536	4128	3723	3324	3055	2929	2991	3197	3503	3879	4083	4192	4115	3977	3684	3404	3155	2921	2671	2514	2316	
15	4370	60.0	60.0	13	1	1	2	979	1329	2142	3223	4477	5432	5909	6029	5867	5472	5092	4650	4139	3725	3308	3084	2916	2968	3165	3472	3883	4077	4257	4130	3956	3727	3399	3162	2901	2659	2470	2326	
15	4387	59.9	60.0	13	1	1	2	955	1338	2124	3232	4474	5396	5952	6015	5828	5498	5071	4603	4165	3721	3310	3064	2935	2986	3190	3507	3904	4097	4201	4142	3974	3736	3441	3149	2902	2666	2493	2315	
15	4404	59.9	60.0	13	1	1	2	963	1348	2114	3278	4464	5429	5906	6027	5815	5541	5066	4602	4090	3757	3316	3069	2928	2942	3207	3490	3912	4100	4205	4142	3995	3718	3390	3185	2931	2672	2495	2279	
15	4422	60.0	60.0	13	1	1	2	949	1337	2092	3239	4437	5396	5892	6028	5770	5464	5019	4586	4130	3706	3318	3070	2953	2949	3196	3501	3855	4098	4202	4161	3954	3713	3415	3149	2899	2654	2522	2311	
15	4439	59.9	60.0	13	1	1	2	961	1335	2098	3198	4433	5369	5894	6004	5799	5484	5061	4604	4122	3697	3302	3065	2922	2940	3151	3469	3858	4057	4192	4138	3925	3728	3420	3137	2929	2665	2487	2296	
15	4503	95.5	94.9	14	1	0	2	898	1073	1466	1973	2613	3081	3388	3486	3484	3376	3154	2921	2687	2508	2305	2233	2203	2328	2559	2822	3119	3273	3359	3346	3199	3059	2809	2655	2479	2317	2159	2030	
15	4521	95.0	95.0	14	1	0	2	893	1059	1440	1964	2573	3096	3372	3516	3480	3324	3171	2920	2673	2518	2310	2231	2209	2321	2561	2810	3106	3276	3358	3330	3193	3038	2856	2628	2452	2308	2160	2035	
15	4584	59.7	60.4	14	1	1	2	965	1328	2109	3230	4448	5409	5876	5980	5795	5530	5034	4614	4117	3732	3322	3056	2907	2962	3187	3483	3891	4072	4234	4114	3954	3694	3406	3125	2872	2695	2469	2290	
15	4601	60.0	60.1	14	1	1	2	962	1342	2137	3192	4473	5369	5864	6006	5829	5466	5065	4624	4126	3732	3316	3091	2897	2932	3193	3479	3848	4070	4164	4115	3915	3688	3447	3160	2902	2675	2491	2288	
15	4618	60.0	60.0	14	1	1	2	972	1354	2137	3221	4437	5410	5889	5999	5827	5496	5006	4592	4144	3713	3316	3082	2934	2967	3169	3494	3862	4102	4226	4137	3952	3701	3419	3130	2922	2656	2486	2304	
15	4635	60.0	60.0	14	1	1	2	958	1330	2097	3228	4417	5359	5915	6029	5786	5458	5043	4584	4127	3729	3312	3086	2900	2939	3200	3498	3858	4104	4197	4128	3969	3716	3393	3138	2916	2669	2488	2309	
15	4653	59.9	60.0	14	1	1	2	973	1370	2095	3221	4436	5352	5873	6006	5811	5455	5004	4624	4109	3706	3330	3015	2944	2941	3166	3493	3885	4112	4209	4113	3957	3683	3405	3135	2928	2669	2461	2305	
15	4670	59.9	60.0	14	1	1	2	949	1334	2160	3230	4392	5392	5892	5974	5796	5492	5047	4566	4114	3714	3318	3076	2914	2927	3161	3532	3851	4060	4158	4120	3951	3734	3439	3145	2906	2682	2433	2299	
15	4687	59.9	60.0	14	1	1	2	977	1338	2109	3213	4467	5384	5848	6017	5753	5482	4998	4586	4147	3687	3356	3065	2883	2924	3192	3498	3883	4072	4168	4143	3943	3728	3453	3110	2895	2680	2489	2314	
15	4752	95.5	94.9	15	1	0	2	892	1063	1435	1957	2569	3059	3402	3494	3495	3360	3115	2938	2691	2504	2300	2228	2220	2293	2523	2824	3102	3250	3351	3320	3194	3006	2837	2626	2453	2307	2169	2030	
15	4769	95.0	95.0	15	1	0	2	892	1073	1438	1981	2571	3067	3402	3492	3441	3339	3142	2924	2700	2486	2277	2234	2217	2305	2537	2811	3116	3256	3355	3313	3171	3033	2826	2611	2452	2285	2182	2013	
15	4832	59.7	60.4	15	1	1	2	975	1339	2085	3171	4323	5250	5778	5904	5709	5362	4922	4482	4063	3663	3244	3012	2864	2860	3101	3412	3772	4026	4099	4034	3881	3634	3349	3114	2866	2633	2450	2268	
15	4849	60.0	60.1	15	1	1	2	961	1320	2086	3185	4386	5269	5778	5898	5739	5390	4906	4526	4059	3694	3240	3029	2852	2913	3121	3433	3800	3988	4129	4058	3868	3660	3358	3121	2871	2642	2467	2272	
15	4866	60.0	60.0	15	1	1	2	965	1377	2093	3138	4365	5321	5807	5933	5731	5401	4977	4544	4046	3664	3263	3008	2890	2890	3107	3459	3807	4006	4115	4057	3913	3665	3377	3102	2889	2650	2445	2297	
15	4883	59.9	60.0	15	1	1	2	980	1323	2091	3145	4337	5290	5788	5922	5694	5395	4925	4518	4075	3640	3260	3048	2864	2924	3182	3421	3830	4004	4150	4050	3907	3665	3337	3141	2876	2644	2440	2290	
15	4901	59.9	60.0	15	1	1	2	966	1338	2088	3141	4334	5263	5805	5886	5704	5350	4910	4540	4058	3625	3253	2993	2867	2886	3136	3469	3818	4001	4119	4051	3908	3649	3366	3063	2893	2586	2441	2244	
15	4918	60.0	60.0	15	1	1	2	973	1330	2085	3188	4343	5287	5749	5910	5702	5394	4895	4503	4002	3676	3260	3046	2874	2892	3106	3389	3788	4024	4099	4001	3899	3662	3313	3115	2870	2639	2436	2256	
15	4935	60.0	60.0	15	1	1	2	949	1335	2080	3141	4349	5286	5774	5868	5685	5401	4907	4504	4047	3666	3244	3014	2920	2900	3140	3431	3810	3991	4106	4044	3897	3614	3351	3083	2855	2636	2457	2279	
15	5000	95.4	94.9	16	1	0	2	907	1072	1434	1968	2547	3122	3359	3534	3467	3318	3130	2900	2712	2526	2296	2237	2184	2302	2547	2834	3094	3262	3342	3329	3184	3029	2828	2640	2464	2266	2151	2023	
15	5017	95.0	95.0	16	1	0	2	895	1057	1444	1982	2576	3062	3346	3485	3446	3270	3101	2943	2667	2463	2304	2205	2189	2297	2519	2807	3089	3224	3294	3272	3161	2996	2805	2627	2464	2300	2163	1999	
15	5080	59.6	60.4	16	1	1	2	960	1329	2092	3219	4388	5335	5783	5947	5768	5418	4976	4554	4117	3682	3266	3057	2909	2931	3154	3456	3854	4037	4140	4087	3931	3689	3412	3125	2908	2636	2449	2282	
15	5097	60.0	60.1	16	1	1	2	968	1334	2100	3235	4429	5312	5894	5935	5788	5450	5014	4545	4064	3677	3284	3050	2902	2925	3166	3496	3830	4046	4158	4105	3925	3697	3427	3113	2890	2644	2460	2275	
15	5114	59.9	60.0	16	1	1	2	966	1340	2094	3200	4436	5357	5874	5978	5749	5474	5048	4592	4115	3692	3308	3045	2904	2933	3163	3481	3838	4065	4159	4129	3952	3700	3388	3128	2890	2645	2484	2303	
15	5131	60.0	60.0	16	1	1	2	972	1347	2090	3205	4408	5317	5842	5954	5750	5435	4985	4614	4122	3689	3297	3056	2938	2940	3168	3495	3843	4080	4154	4085	3954	3711	3433	3117	2897	2653	2464	2312	
15	5149	59.9	60.0	16	1	1	2	967	1329	2080	3232	4430	5356	5904	6003	5742	5429	4992	4565	4087	3694	3299	3040	2896	2938	3166	3493	3854	4106	4164	4042	3957	3676	3376	3179	2900	2691	2477	2280	
15	5166	59.9	60.0	16	1	1	2	966	1313	2099	3205	4370	5320	5854	5950	5753	5408	4959	4557	4071	3680	3284	3029	2943	2898	3141	3444	3832	4044	4184	4075	3913	3691	3382	3132	2900	2646	2444	2297	
15	5183	60.0	60.0	16	1	1	2	967	1316	2099	3218	4408	5317	5835	5941	5752	5411	4964	4602	4100	3673	3295	3044	2885	2951	3138	3431	3822	4065	4149	4131	3917	3672	3407	3107	2868	2644	2475	2278	
15	5246	95.5	94.7	17	1	0	2	886	1067	1436	1968	2578	3078	3373	3520	3491	3348	3117	2961	2686	2490	2283	2226	2185	2309	2568	2798	3084	3297	3350	3314	3184	3000	2805	2637	2460	2334	2164	1991	
15	5263	95.0	95.0	17	1	0	2	886	1076	1446	1981	2572	3052	3348	3475	3399	3296	3084	2909	2662	2475	2273	2192	2213	2311	2522	2785	3070	3270	3314	3316	3187	2979	2780	2650	2437	2290	2116	2058	
15	5326	59.7	60.4	17	1	1	2	938	1336	2085	3173	4390	5302	5802	5916	5774	5417	4980	4561	4145	3689	3256	3050	2902	2894	3136	3460	3803	4039	4138	4099	3916	3662	3383	3146	2899	2657	2452	2307	
15	5343	60.0	60.1	17	1	1	2	971	1355	2083	3222	4421	5353	5843	5944	5753	5414	5006	4579	4067	3688	3281	3037	2912	2905	3166	3453	3844	4088	4157	4088	3952	3659	3438	3149	2882	2662	2502	2300	
15	5360	60.0	60.0	17	1	1	2	957	1337	2126	3236	4413	5369	5876	5933	5761	5480	5017	4579	4099	3730	3310	3071	2908	2931	3157	3457	3840	4044	4168	4094	3906	3690	3418	3162	2915	2678	2482	2305	
15	5377	60.0	60.0	17	1	1	2	946	1351	2112	3203	4393	5345	5870	5978	5737	5421	4995	4551	4088	3726	3304	3060	2898	2921	3139	3460	3848	4025	4169	4122	3908	3655	3389	3158	2839	2605	2467	2289	
15	5395	60.0	60.0	17	1	1	2	962	1337	2105	3183	4381	5363	5854	5960	5775	5419	4983	4556	4102	3639	3262	3037	2914	2930	3111	3490	3837	4064	4186	4131	3910	3672	3378	3163	2902	2652	2457	2283	
15	5412	60.0	60.0	17	1	1	2	956	1351	2105	3222	4409	5326	5870	5956	5730	5424	4990	4532	4082	3690	3325	3048	2916	2887	3153	3455	3821	4067	4172	4099	3937	3672	3365	3110	2867	2690	2480	2289	
15	5429	60.0	60.0	17	1	1	2	957	1336	2116	3206	4379	5353	5848	5970	5709	5404	4973	4569	4088	3662	3247	3061	2873	2928	3167	3450	3849	4018	4147	4048	3904	3730	3369	3134	2877	2663	2476	2292	
15	5494	95.4	94.9	18	1	0	2	892	1057	1443	1974	2586	3065	3359	3464	3441	3296	3124	2908	2671	2498	2317	2199	2202	2275	2509	2781	3088	3254	3322	3291	3169	3019	2856	2641	2434	2294	2167	2001	
15	5511	95.0	95.0	18	1	0	2	913	1076	1426	1952	2558	3059	3341	3452	3448	3278	3136	2877	2682	2465	2275	2175	2166	2278	2522	2790	3080	3262	3315	3278	3181	2975	2778	2620	2442	2289	2132	2012	
15	5574	59.6	60.4	18	1	1	2	967	1340	2063	3134	4293	5210	5731	5866	5620	5334	4880	4493	4009	3613	3239	2960	2868	2878	3102	3402	3764	3980	4114	4031	3874	3632	3355	3071	2865	2612	2437	2266	
15	5591	60.0	60.1	18	1	1	2	962	1319	2077	3155	4317	5250	5757	5895	5665	5323	4909	4517	4051	3599	3207	3019	2855	2875	3136	3401	3776	3979	4106	4019	3868	3637	3388	3091	2855	2616	2421	2253	
15	5608	60.0	60.0	18	1	1	2	980	1326	2084	3179	4336	5263	5761	5880	5625	5384	4910	4472	4033	3657	3274	2991	2864	2902	3067	3411	3789	4037	4121	4047	3866	3668	3353	3080	2873	2611	2430	2246	
15	5626	59.9	60.0	18	1	1	2	970	1317	2072	3129	4352	5254	5733	5866	5704	5366	4917	4469	4023	3615	3275	3036	2863	2893	3121	3440	3762	4005	4125	4086	3844	3662	3314	3089	2832	2629	2452	2252	
15	5643	60.0	60.0	18	1	1	2	964	1315	2066	3137	4363	5264	5771	5891	5623	5342	4899	4463	4029	3621	3249	3014	2857	2885	3134	3398	3763	4007	4098	4033	3844	3661	3344	3058	2847	2600	2431	2253	
15	5660	60.0	60.0	18	1	1	2	972	1330	2062	3130	4361	5254	5748	5866	5666	5319	4908	4486	4006	3648	3259	3029	2843	2897	3120	3422	3780	3990	4121	4052	3852	3623	3360	3068	2837	2589	2472	2241	
15	5677	59.9	60.0	18	1	1	2	942	1326	2053	3159	4326	5246	5786	5818	5642	5327	4871	4461	4017	3612	3220	2991	2868	2890	3123	3425	3770	3985	4084	3985	3830	3626	3361	3068	2854	2559	2436	2273	
15	5742	95.5	94.9	19	1	0	2	895	1069	1434	1977	2552	3098	3355	3456	3416	3333	3147	2908	2693	2458	2272	2199	2179	2280	2539	2836	3057	3223	3312	3298	3152	2978	2818	2632	2432	2244	2135	1999	
15	5759	95.0	95.0	19	1	0	2	886	1038	1441	1964	2562	3040	3356	3452	3429	3296	3082	2886	2644	2461	2278	2196	2189	2313	2540	2774	3078	3243	3297	3306	3190	3014	2801	2605	2434	2280	2170	2007	
15	5822	59.7	60.4	19	1	1	2	958	1328	2096	3202	4402	5298	5861	5891	5755	5443	4933	4546	4115	3715	3269	3045	2923	2881	3149	3438	3820	4033	4138	4061	3888	3675	3390	3134	2887	2648	2501	2283	
15	5839	60.0	60.1	19	1	1	2	957	1353	2104	3206	4382	5324	5839	5942	5756	5407	4969	4564	4064	3666	3300	3040	2921	2928	3171	3451	3839	4028	4158	4112	3924	3707	3404	3152	2881	2660	2470	2287	
15	5856	60.0	60.0	19	1	1	2	979	1328	2108	3217	4408	5370	5846	5978	5786	5430	5001	4576	4138	3708	3306	3039	2924	2930	3151	3444	3818	4037	4165	4129	3932	3708	3373	3112	2894	2654	2474	2272	
15	5874	60.0	60.0	19	1	1	2	975	1312	2089	3165	4399	5314	5847	5937	5776	5470	4955	4541	4118	3670	3273	3043	2864	2919	3114	3471	3845	4037	4139	4056	3933	3670	3372	3192	2857	2621	2470	2297	
15	5891	59.9	60.0	19	1	1	2	966	1331	2090	3204	4407	5343	5830	5934	5740	5440	4961	4553	4049	3681	3304	3054	2890	2914	3158	3449	3829	4060	4188	4069	3941	3691	3395	3162	2898	2648	2455	2268	
15	5908	59.9	60.0	19	1	1	2	972	1327	2094	3190	4360	5305	5813	5992	5710	5444	5020	4552	4067	3674	3314	2997	2888	2902	3152	3452	3818	4043	4141	4086	3944	3689	3384	3121	2892	2672	2450	2293	
15	5925	60.0	60.0	19	1	1	2	956	1326	2077	3163	4386	5338	5796	5928	5718	5434	4956	4503	4059	3700	3258	3029	2875	2901	3142	3456	3818	4049	4147	4054	3900	3684	3361	3136	2879	2645	2450	2252	
15	5990	95.5	94.9	20	1	0	2	888	1086	1445	1971	2541	3044	3366	3495	3403	3333	3102	2884	2643	2480	2290	2204	2190	2303	2504	2781	3046	3268	3372	3246	3142	3018	2789	2610	2440	2308	2160	1976	
15	6007	95.0	95.0	20	1	0	2	882	1059	1434	1961	2546	3033	3400	3459	3415	3297	3112	2939	2655	2444	2270	2210	2196	2288	2542	2800	3082	3239	3318	3296	3130	2982	2787	2597	2445	2249	2124	2011	
15	6070	59.6	60.4	20	1	1	2	963	1333	2092	3172	4403	5300	5809	5974	5711	5360	4949	4517	4048	3680	3277	3022	2882	2922	3146	3457	3832	4025	4138	4082	3929	3670	3369	3110	2888	2660	2459	2283	
15	6087	60.0	60.1	20	1	1	2	971	1335	2075	3180	4378	5333	5814	5913	5754	5433	4992	4555	4113	3667	3269	3057	2885	2916	3144	3436	3831	4037	4113	4095	3886	3680	3390	3143	2886	2617	2454	2258	
15	6104	60.0	60.0	20	1	1	2	959	1346	2076	3184	4392	5361	5826	5936	5791	5434	4977	4494	4114	3687	3280	3052	2921	2935	3138	3454	3834	4067	4148	4101	3909	3654	3379	3122	2844	2645	2436	2284	
15	6122	59.9	60.0	20	1	1	2	967	1337	2110	3229	4382	5340	5857	5989	5745	5468	4991	4574	4096	3662	3308	3030	2904	2936	3152	3422	3828	4051	4189	4129	3928	3712	3404	3139	2884	2638	2480	2281	
15	6139	60.0	60.0	20	1	1	2	965	1325	2120	3185	4407	5296	5840	5937	5759	5413	4981	4561	4071	3678	3303	3036	2865	2920	3162	3497	3824	4041	4136	4099	3914	3669	3375	3121	2883	2632	2470	2279	
15	6156	60.0	60.0	20	1	1	2	954	1339	2109	3177	4388	5323	5842	5946	5735	5410	4949	4533	4074	3690	3260	3028	2882	2932	3102	3456	3821	4009	4148	4096	3918	3633	3401	3120	2890	2632	2474	2277	
15	6173	60.0	60.0	20	1	1	2	945	1328	2104	3189	4391	5290	5836	5934	5700	5428	4984	4518	4088	3623	3274	3027	2869	2894	3139	3442	3807	4027	4174	4083	3906	3707	3392	3128	2931	2679	2479	2271	
15	6238	95.5	94.8	21	1	0	2	888	1077	1447	1954	2553	3055	3356	3513	3428	3316	3144	2914	2672	2468	2325	2206	2178	2315	2538	2784	3064	3237	3311	3290	3153	3019	2802	2624	2462	2294	2147	1993	
15	6255	94.9	95.0	21	1	0	2	891	1066	1424	1969	2561	3059	3357	3487	3420	3290	3102	2906	2689	2446	2276	2203	2166	2295	2541	2789	3079	3253	3322	3294	3168	2980	2815	2634	2472	2292	2154	1972	
15	6316	59.7	60.5	21	1	1	2	954	1326	2077	3185	4367	5313	5828	5943	5715	5416	4950	4538	4086	3679	3270	3031	2905	2895	3161	3465	3806	4022	4148	4080	3898	3695	3385	3109	2883	2637	2441	2306	
15	6333	60.0	60.1	21	1	1	2	965	1331	2073	3186	4373	5336	5838	5945	5747	5400	4976	4515	4040	3696	3273	3039	2898	2924	3133	3465	3806	4057	4131	4077	3921	3672	3380	3147	2864	2662	2465	2297	
15	6351	60.0	60.0	21	1	1	2	964	1325	2092	3235	4368	5367	5889	5947	5729	5423	5014	4540	4110	3713	3291	3016	2872	2937	3165	3472	3821	4062	4137	4124	3925	3694	3374	3139	2884	2664	2474	2266	
15	6368	60.0	60.0	21	1	1	2	964	1360	2107	3165	4347	5314	5841	5970	5757	5426	4943	4530	4073	3649	3290	3046	2885	2937	3155	3440	3812	3993	4140	4080	3935	3669	3401	3153	2882	2638	2464	2286	
15	6385	59.9	60.0	21	1	1	2	971	1327	2087	3194	4384	5324	5819	5961	5737	5385	4963	4497	4098	3657	3261	3028	2880	2907	3104	3439	3837	4014	4108	4092	3926	3675	3397	3107	2881	2652	2475	2281	
15	6402	60.0	60.0	21	1	1	2	951	1310	2088	3192	4346	5330	5790	5954	5711	5406	4969	4522	4076	3679	3300	3052	2903	2908	3170	3450	3815	4019	4140	4079	3885	3664	3385	3101	2895	2628	2444	2300	
15	6420	60.0	60.0	21	1	1	2	965	1324	2115	3199	4375	5335	5831	5940	5738	5456	4972	4524	4078	3667	3250	3036	2911	2941	3163	3449	3771	4020	4121	4117	3906	3569	3391	3076	2860	2635	2461	2297	
15	6482	95.3	94.9	22	1	0	2	897	1076	1411	1965	2573	3044	3359	3493	3411	3311	3132	2873	2674	2492	2257	2201	2195	2298	2500	2800	3063	3258	3307	3251	3139	2977	2786	2600	2462	2280	2136	2012	
15	6499	95.0	95.0	22	1	0	2	893	1074	1452	1951	2542	3037	3326	3458	3397	3298	3111	2893	2652	2471	2266	2182	2183	2289	2523	2780	3063	3229	3266	3284	3124	2946	2803	2605	2435	2252	2144	2011	
15	6562	59.6	60.4	22	1	1	2	975	1316	2084	3186	4361	5264	5787	5863	5725	5403	4973	4505	4072	3646	3274	3025	2873	2898	3130	3450	3810	4035	4145	4080	3868	3669	3361	3143	2857	2626	2461	2261	
15	6580	59.9	60.1	22	1	1	2	966	1324	2083	3165	4392	5312	5826	5905	5745	5431	4994	4596	4103	3697	3286	3027	2910	2916	3129	3434	3816	4031	4130	4105	3902	3675	3400	3145	2863	2652	2442	2294	
15	6597	60.0	60.0	22	1	1	2	970	1316	2099	3197	4417	5299	5834	5956	5789	5414	4936	4553	4072	3706	3293	3023	2885	2904	3168	3420	3804	4008	4126	4092	3957	3671	3370	3111	2882	2659	2450	2276	
15	6614	60.0	60.0	22	1	1	2	965	1330	2086	3188	4385	5293	5825	5932	5730	5420	4987	4537	4078	3662	3264	3041	2888	2895	3133	3457	3809	4100	4163	4073	3903	3662	3359	3122	2867	2644	2459	2288	
15	6631	59.9	60.0	22	1	1	2	961	1319	2088	3203	4379	5314	5816	5969	5695	5426	4963	4570	4099	3673	3304	3010	2882	2924	3140	3453	3809	4048	4169	4071	3919	3639	3379	3134	2879	2647	2476	2283	
15	6649	59.9	60.0	22	1	1	2	966	1356	2087	3203	4363	5310	5839	5877	5720	5437	4983	4542	4061	3713	3269	3046	2868	2914	3106	3482	3820	4046	4153	4051	3918	3669	3357	3114	2893	2646	2468	2245	
15	6666	60.0	60.0	22	1	1	2	961	1315	2072	3176	4392	5312	5817	5928	5732	5413	4971	4556	4068	3710	3286	3047	2889	2912	3167	3445	3827	4041	4168	4062	3916	3673	3348	3105	2861	2626	2468	2284	
15	6728	95.4	94.9	23	1	0	2	906	1065	1424	1970	2565	3073	3372	3489	3425	3294	3079	2878	2636	2481	2294	2196	2190	2351	2541	2804	3072	3213	3358	3272	3168	3012	2777	2643	2474	2279	2133	2022	
15	6745	94.9	95.0	23	1	0	2	897	1054	1428	1965	2560	3054	3333	3438	3428	3365	3071	2880	2655	2458	2280	2183	2172	2285	2508	2777	3043	3199	3324	3256	3125	2987	2788	2598	2427	2279	2140	1996	
15	6808	59.6	60.4	23	1	1	2	943	1326	2063	3116	4281	5238	5689	5859	5598	5287	4866	4448	4022	3642	3216	2978	2830	2860	3088	3387	3765	3951	4072	3993	3853	3610	3361	3068	2836	2604	2409	2234	
15	6826	60.0	60.1	23	1	1	2	960	1332	2073	3129	4316	5224	5720	5830	5648	5291	4893	4474	3992	3652	3223	2964	2849	2881	3075	3397	3770	3992	4079	4001	3829	3614	3341	3065	2858	2587	2443	2248	
15	6843	60.0	60.0	23	1	1	2	951	1333	2096	3158	4303	5238	5707	5922	5645	5350	4883	4499	4017	3620	3181	3038	2866	2888	3077	3411	3793	3972	4052	3998	3860	3604	3334	3076	2817	2619	2389	2261	
15	6860	60.0	60.0	23	1	1	2	968	1328	2055	3168	4329	5210	5762	5851	5684	5314	4910	4467	4031	3598	3211	2965	2837	2869	3090	3396	3766	3971	4071	4002	3861	3607	3325	3071	2843	2617	2424	2256	
15	6877	60.0	60.0	23	1	1	2	964	1318	2048	3192	4333	5254	5754	5864	5621	5308	4901	4473	4018	3592	3271	3017	2868	2879	3099	3440	3775	4000	4085	4048	3892	3619	3359	3097	2859	2623	2448	2252	
15	6895	60.0	60.0	23	1	1	2	951	1325	2087	3137	4331	5235	5725	5873	5644	5357	4931	4464	4022	3607	3255	2990	2854	2866	3091	3418	3754	3996	4060	4040	3860	3647	3330	3073	2840	2630	2445	2260	
15	6912	60.0	60.0	23	1	1	2	964	1323	2060	3129	4333	5232	5701	5858	5662	5331	4876	4478	3996	3640	3238	3015	2849	2844	3112	3388	3751	3890	4090	3996	3841	3628	3357	3092	2842	2649	2431	2264	
15	6974	95.5	94.7	24	1	0	2	872	1058	1432	1946	2518	3004	3319	3434	3373	3314	3065	2881	2645	2468	2254	2160	2178	2251	2503	2771	3033	3193	3284	3244	3109	2949	2724	2603	2424	2247	2125	1984	
15	6992	95.0	95.0	24	1	0	2	882	1053	1424	1936	2528	3006	3288	3415	3413	3300	3072	2863	2636	2432	2242	2156	2170	2259	2501	2741	3047	3207	3286	3238	3105	2963	2750	2621	2432	2279	2127	1943	
15	7054	59.6	60.4	24	1	1	2	944	1321	2067	3160	4323	5197	5696	5834	5636	5333	4880	4465	4060	3638	3241	2993	2836	2899	3087	3409	3766	3970	4093	4025	3877	3597	3326	3075	2830	2633	2448	2253	
15	7072	60.0	60.0	24	1	1	2	956	1318	2054	3145	4303	5260	5733	5863	5605	5322	4903	4477	3981	3582	3219	3019	2839	2833	3099	3405	3771	3960	4055	4041	3858	3647	3359	3077	2855	2602	2405	2234	
15	7089	59.9	60.0	24	1	1	2	970	1311	2099	3143	4343	5228	5805	5846	5637	5375	4900	4504	4053	3610	3253	3014	2855	2888	3097	3398	3775	3991	4073	4031	3855	3629	3354	3088	2849	2601	2422	2278	
15	7106	59.9	60.0	24	1	1	2	950	1317	2079	3159	4339	5232	5720	5868	5618	5346	4886	4490	4046	3652	3198	3024	2862	2875	3101	3384	3746	3998	4094	4064	3908	3603	3332	3069	2848	2617	2423	2252	
15	7123	60.0	60.0	24	1	1	2	965	1325	2079	3145	4287	5248	5753	5845	5670	5346	4883	4502	4020	3588	3220	3007	2871	2873	3097	3396	3776	3980	4082	4004	3877	3601	3280	3043	2829	2592	2433	2253	
15	7141	59.9	60.0	24	1	1	2	971	1321	2096	3135	4323	5196	5715	5822	5626	5332	4878	4476	4015	3638	3253	2966	2841	2869	3112	3429	3732	3964	4062	3998	3836	3661	3339	3056	2846	2608	2419	2262	
15	7158	60.0	60.0	24	1	1	2	984	1317	2069	3181	4338	5250	5722	5871	5613	5321	4883	4488	4050	3628	3216	2987	2851	2885	3120	3399	3744	3996	4102	4025	3845	3633	3381	3090	2858	2638	2419	2251	
15	7222	95.4	94.9	25	1	0	2	897	1070	1430	1964	2560	3049	3359	3496	3398	3283	3138	2898	2665	2457	2290	2224	2183	2282	2528	2786	3088	3210	3325	3280	3162	2992	2767	2620	2427	2287	2136	2005	
15	7240	95.0	95.0	25	1	0	2	901	1080	1437	1976	2557	3055	3333	3445	3447	3321	3127	2880	2657	2450	2279	2188	2167	2309	2550	2776	3102	3232	3318	3304	3186	3021	2788	2600	2436	2282	2144	2035	
15	7302	59.7	60.4	25	1	1	2	970	1314	2093	3186	4379	5305	5835	5917	5667	5387	4942	4568	4101	3657	3273	3010	2895	2920	3146	3485	3797	4029	4129	4135	3916	3678	3381	3125	2904	2681	2485	2308	
15	7320	60.0	60.1	25	1	1	2	979	1321	2080	3211	4394	5306	5868	5950	5752	5454	5020	4516	4122	3708	3296	3026	2901	2924	3160	3465	3840	4036	4181	4133	3907	3660	3372	3140	2886	2689	2447	2263	
15	7337	60.0	60.0	25	1	1	2	970	1328	2089	3198	4417	5311	5902	5937	5788	5419	4946	4547	4066	3666	3301	3053	2915	2909	3147	3484	3812	4043	4170	4130	3918	3659	3374	3186	2896	2649	2465	2266	
15	7354	60.0	60.0	25	1	1	2	962	1345	2083	3196	4377	5309	5792	5946	5725	5416	4987	4537	4067	3679	3275	3038	2871	2921	3149	3462	3817	4089	4124	4084	3881	3682	3354	3136	2858	2636	2446	2243	
15	7372	60.0	60.0	25	1	1	2	979	1318	2080	3216	4366	5325	5857	5911	5744	5407	4931	4526	4077	3652	3266	3029	2851	2897	3131	3463	3800	4032	4132	4067	3896	3622	3359	3165	2863	2642	2456	2291	
15	7389	59.9	60.0	25	1	1	2	965	1326	2109	3223	4379	5310	5858	5950	5769	5414	4993	4574	4088	3689	3257	3031	2887	2949	3129	3457	3808	4055	4116	4062	3932	3674	3392	3083	2873	2651	2432	2294	
15	7406	59.9	60.0	25	1	1	2	976	1319	2112	3179	4358	5312	5803	5956	5753	5407	4968	4574	4093	3659	3258	3016	2888	2914	3156	3475	3851	4041	4137	4083	3893	3681	3373	3123	2907	2649	2445	2275	
15	7470	95.4	94.9	26	1	0	2	890	1070	1444	1982	2580	3080	3368	3524	3429	3330	3141	2912	2671	2482	2302	2203	2195	2294	2540	2755	3074	3189	3305	3285	3117	2978	2796	2610	2445	2278	2146	1987	
15	7488	95.0	95.0	26	1	0	2	889	1090	1433	1969	2566	3043	3315	3468	3423	3287	3108	2908	2664	2481	2271	2211	2177	2259	2543	2794	3092	3223	3334	3290	3178	2997	2791	2608	2435	2319	2151	2003	
15	7551	59.6	60.4	26	1	1	2	950	1339	2097	3174	4391	5298	5774	5913	5693	5389	4928	4540	4066	3643	3257	3017	2898	2910	3146	3433	3811	4007	4100	4062	3921	3659	3392	3098	2854	2612	2477	2243	
15	7568	59.9	60.1	26	1	1	2	971	1328	2094	3153	4361	5327	5825	5927	5711	5403	4970	4536	4094	3640	3258	3034	2862	2907	3125	3478	3778	4049	4148	4087	3868	3708	3381	3112	2845	2631	2461	2292	
15	7585	60.0	60.0	26	1	1	2	962	1347	2089	3226	4352	5340	5835	5925	5735	5437	5000	4548	4100	3658	3297	3029	2898	2932	3155	3435	3800	4020	4106	4095	3892	3652	3393	3120	2905	2656	2472	2279	
15	7602	59.9	60.0	26	1	1	2	948	1329	2075	3219	4369	5328	5791	5935	5755	5412	4970	4550	4097	3659	3265	3050	2876	2897	3150	3456	3854	4044	4145	4075	3912	3688	3396	3101	2875	2660	2464	2254	
15	7620	59.9	60.0	26	1	1	2	958	1325	2110	3209	4410	5343	5835	5930	5723	5407	4975	4561	4037	3700	3309	3048	2884	2904	3143	3461	3814	4021	4147	4071	3926	3675	3403	3132	2921	2656	2450	2279	
15	7637	60.0	60.0	26	1	1	2	968	1315	2101	3157	4339	5291	5748	5913	5733	5425	4939	4533	4069	3682	3266	3012	2862	2896	3160	3384	3809	4014	4151	4079	3872	3671	3353	3115	2886	2638	2484	2291	
15	7654	59.9	60.0	26	1	1	2	956	1334	2107	3184	4375	5364	5821	5927	5725	5382	4967	4533	4045	3655	3238	3045	2882	2917	3126	3409	3784	4036	4155	4057	3882	3694	3367	3118	2882	2642	2425	2292	
15	7717	95.3	94.9	27	1	0	2	881	1068	1418	1973	2574	3042	3373	3456	3406	3306	3101	2920	2648	2442	2282	2194	2180	2272	2516	2791	3083	3247	3334	3264	3166	2986	2799	2618	2444	2309	2126	2010	
15	7734	95.0	95.0	27	1	0	2	893	1072	1427	1976	2552	3063	3378	3442	3442	3299	3096	2906	2660	2483	2264	2187	2180	2284	2516	2784	3100	3233	3273	3262	3154	2998	2778	2608	2448	2275	2133	2010	
15	7797	59.6	60.4	27	1	1	2	994	1318	2094	3192	4373	5320	5812	5879	5700	5388	5028	4526	4089	3674	3292	3051	2879	2921	3165	3448	3818	4018	4162	4056	3902	3660	3394	3135	2886	2647	2431	2284	
15	7814	59.9	60.1	27	1	1	2	948	1305	2098	3176	4377	5328	5814	5949	5734	5447	5010	4555	4094	3681	3322	3076	2896	2941	3169	3448	3833	4056	4139	4090	3929	3673	3384	3110	2867	2695	2470	2282	
15	7831	59.9	60.0	27	1	1	2	962	1329	2106	3214	4399	5340	5887	5964	5755	5482	4977	4563	4108	3697	3281	3045	2906	2908	3133	3459	3817	4024	4124	4102	3955	3684	3382	3110	2898	2641	2477	2265	
15	7848	59.9	60.0	27	1	1	2	963	1325	2107	3197	4409	5343	5812	5989	5785	5432	5005	4545	4100	3690	3301	3043	2869	2925	3168	3451	3831	4048	4182	4139	3929	3710	3373	3149	2884	2634	2455	2276	
15	7866	60.0	60.0	27	1	1	2	973	1332	2080	3181	4345	5297	5804	5912	5683	5397	4946	4509	4071	3658	3272	3036	2882	2914	3119	3440	3807	4051	4130	4080	3917	3662	3435	3118	2876	2633	2423	2268	
15	7883	60.0	60.0	27	1	1	2	966	1344	2095	3197	4387	5257	5765	5922	5709	5364	4956	4555	4071	3651	3276	3040	2885	2904	3145	3463	3823	4024	4116	4065	3898	3688	3388	3093	2860	2652	2465	2286	
15	7900	60.0	60.0	27	1	1	2	981	1327	2086	3199	4398	5268	5818	5910	5695	5431	4976	4551	4080	3650	3254	3056	2896	2916	3111	3458	3817	4011	4130	4069	3892	3688	3401	3116	2861	2648	2461	2273	
15	7963	95.3	94.9	28	1	0	2	889	1090	1436	1999	2549	3057	3346	3471	3461	3330	3101	2916	2657	2476	2325	2204	2186	2284	2536	2830	3099	3277	3343	3281	3150	3002	2781	2615	2449	2279	2156	2007	
15	7980	95.0	95.0	28	1	0	2	889	1077	1436	1987	2558	3028	3358	3527	3419	3327	3097	2880	2683	2466	2292	2175	2198	2314	2507	2777	3072	3263	3322	3276	3180	3002	2824	2609	2441	2295	2129	2016	
15	8043	59.6	60.4	28	1	1	2	956	1316	2087	3173	4379	5284	5856	5974	5735	5406	4953	4547	4072	3665	3299	3023	2875	2952	3120	3500	3850	4062	4172	4132	3893	3693	3415	3143	2824	2653	2470	2281	
15	8060	60.0	60.1	28	1	1	2	944	1315	2097	3186	4335	5325	5803	5924	5733	5416	4986	4568	4080	3668	3282	3048	2860	2929	3154	3431	3822	4045	4216	4078	3941	3670	3395	3134	2887	2657	2459	2282	
15	8077	60.0	60.0	28	1	1	2	956	1322	2102	3184	4376	5347	5854	5981	5773	5430	5015	4545	4055	3701	3304	3053	2899	2922	3125	3444	3820	4072	4130	4057	3915	3670	3382	3104	2869	2627	2476	2278	
15	8095	59.9	60.0	28	1	1	2	975	1349	2095	3171	4384	5287	5856	5960	5745	5397	5013	4546	4089	3669	3248	3025	2882	2926	3141	3405	3796	4044	4132	4099	3899	3671	3394	3118	2859	2664	2482	2286	
15	8112	59.9	60.0	28	1	1	2	962	1332	2114	3208	4363	5310	5811	5971	5714	5412	4953	4535	4053	3675	3292	3035	2900	2905	3158	3500	3833	4025	4163	4092	3913	3643	3391	3106	2878	2657	2454	2276	
15	8129	60.0	60.0	28	1	1	2	985	1330	2094	3231	4405	5301	5842	5909	5737	5408	4993	4515	4087	3697	3267	3039	2880	2919	3145	3443	3804	4021	4166	4140	3901	3652	3354	3141	2895	2633	2475	2263	
15	8146	60.0	60.0	28	1	1	2	956	1347	2081	3182	4362	5357	5812	5951	5744	5461	4986	4521	4090	3704	3302	3020	2882	2915	3144	3436	3838	4015	4122	4089	3921	3633	3363	3104	2899	2639	2455	2266	
15	8211	95.5	94.9	29	1	0	2	887	1092	1443	1955	2557	3068	3367	3482	3451	3322	3101	2888	2676	2485	2264	2200	2184	2302	2533	2783	3064	3253	3333	3286	3167	3020	2812	2619	2446	2278	2140	2012	
15	8228	95.0	95.0	29	1	0	2	869	1070	1428	1960	2574	3026	3327	3461	3411	3295	3096	2885	2679	2474	2277	2181	2175	2293	2528	2791	3053	3233	3309	3261	3129	2979	2793	2610	2427	2257	2156	2017	
15	8291	59.6	60.4	29	1	1	2	977	1328	2088	3194	4383	5343	5831	5970	5785	5429	4982	4534	4093	3670	3309	3066	2899	2884	3152	3447	3812	4045	4190	4132	3924	3690	3407	3093	2879	2631	2463	2302	
15	8308	59.9	60.0	29	1	1	2	969	1332	2117	3208	4365	5335	5817	5944	5756	5443	4918	4556	4076	3679	3315	3034	2900	2928	3175	3422	3840	4037	4161	4098	3931	3690	3409	3106	2861	2622	2450	2303	
15	8325	60.0	60.0	29	1	1	2	968	1330	2089	3213	4382	5338	5828	5971	5785	5458	4968	4575	4098	3704	3314	3057	2907	2919	3160	3446	3816	4070	4188	4087	3925	3699	3392	3149	2906	2635	2466	2286	
15	8343	60.0	60.0	29	1	1	2	958	1320	2100	3213	4344	5324	5799	5904	5742	5377	4986	4557	4069	3721	3279	3031	2918	2924	3140	3471	3836	4019	4185	4128	3853	3691	3390	3104	2871	2682	2442	2280	
15	8360	59.9	60.0	29	1	1	2	966	1333	2088	3188	4312	5289	5804	5896	5702	5398	4930	4526	4075	3659	3264	3038	2866	2896	3140	3426	3770	3974	4106	4061	3888	3648	3366	3116	2885	2641	2446	2304	
15	8377	60.0	60.0	29	1	1	2	965	1333	2124	3175	4380	5313	5823	5954	5768	5421	4975	4550	4070	3737	3260	3023	2892	2915	3132	3471	3842	4047	4130	4080	3908	3670	3436	3118	2897	2612	2427	2264	
15	8394	60.0	60.0	29	1	1	2	959	1328	2072	3179	4385	5288	5821	5977	5748	5420	4963	4507	4093	3681	3257	3048	2870	2925	3156	3430	3782	4054	4176	4055	3930	3670	3366	3112	2868	2662	2453	2283	
15	8459	95.5	94.9	30	1	0	2	884	1062	1437	1982	2572	3088	3378	3485	3406	3317	3144	2902	2677	2439	2295	2196	2166	2290	2534	2792	3051	3227	3310	3294	3146	2989	2829	2609	2432	2261	2128	2016	
15	8476	95.0	95.0	30	1	0	2	876	1072	1423	1964	2549	3088	3327	3466	3418	3284	3073	2901	2670	2448	2274	2197	2149	2300	2529	2799	3060	3219	3315	3266	3206	2993	2795	2598	2437	2261	2128	2015	
15	8539	59.6	60.4	30	1	1	2	943	1324	2082	3106	4326	5232	5764	5820	5625	5352	4898	4484	4050	3668	3262	3020	2884	2864	3142	3401	3758	4003	4090	4064	3853	3610	3322	3115	2862	2642	2434	2293	
15	8556	59.9	60.1	30	1	1	2	967	1330	2076	3173	4329	5236	5795	5857	5728	5373	4932	4493	4006	3651	3311	3009	2863	2907	3135	3411	3748	3973	4050	4048	3895	3650	3345	3097	2824	2609	2454	2231	
15	8573	60.0	60.0	30	1	1	2	972	1318	2085	3157	4368	5256	5800	5872	5686	5344	4906	4475	4034	3656	3270	2988	2865	2883	3124	3445	3808	3965	4124	4028	3854	3632	3369	3090	2853	2621	2442	2253	
15	8591	59.9	60.0	30	1	1	2	951	1329	2093	3167	4326	5288	5734	5824	5652	5354	4914	4499	4046	3625	3219	3038	2872	2875	3112	3386	3770	4020	4125	4044	3898	3647	3330	3080	2848	2622	2445	2283	
15	8608	60.0	60.0	30	1	1	2	988	1290	2079	3139	4310	5284	5729	5853	5619	5295	4876	4469	4001	3585	3203	2997	2886	2904	3114	3395	3745	3958	4102	4054	3853	3641	3325	3052	2854	2638	2394	2257	
15	8625	60.0	60.0	30	1	1	2	985	1296	2096	3130	4321	5282	5703	5844	5656	5317	4868	4464	4004	3618	3221	2999	2862	2842	3078	3395	3775	4002	4105	4002	3838	3590	3341	3075	2850	2616	2421	2249	
15	8642	60.0	60.0	30	1	1	2	957	1319	2051	3155	4308	5224	5682	5813	5628	5308	4888	4479	4043	3636	3222	2983	2866	2882	3090	3387	3775	3989	4107	4007	3815	3619	3309	3056	2852	2620	2444	2245	
15	8705	95.3	94.8	31	1	0	2	893	1066	1463	1983	2579	3070	3387	3507	3438	3348	3126	2908	2698	2480	2277	2221	2159	2294	2533	2768	3101	3276	3340	3285	3180	3010	2803	2590	2460	2290	2143	2018	
15	8722	95.0	95.0	31	1	0	2	888	1085	1428	1978	2518	3076	3353	3481	3415	3272	3090	2918	2681	2470	2280	2192	2172	2286	2519	2807	3055	3260	3302	3260	3188	2957	2777	2595	2473	2300	2117	2010	
15	8785	59.6	60.4	31	1	1	2	958	1318	2092	3165	4362	5267	5759	5906	5647	5343	4904	4477	4081	3593	3209	3008	2849	2918	3086	3394	3744	3982	4104	4077	3870	3617	3325	3072	2864	2617	2420	2265	
15	8802	60.0	60.1	31	1	1	2	965	1333	2068	3149	4329	5281	5768	5884	5668	5350	4881	4498	4017	3645	3259	2990	2865	2892	3129	3437	3786	3971	4107	4001	3895	3613	3303	3077	2843	2619	2442	2247	
15	8820	60.0	60.0	31	1	1	2	961	1335	2076	3177	4345	5269	5780	5853	5636	5340	4889	4495	4098	3636	3253	3037	2872	2873	3120	3418	3744	3990	4091	4023	3860	3647	3331	3077	2843	2614	2396	2259	
15	8837	60.0	60.0	31	1	1	2	969	1317	2073	3143	4381	5246	5735	5905	5698	5375	4873	4486	4036	3630	3234	3004	2870	2869	3096	3441	3754	3989	4107	4013	3862	3576	3330	3113	2856	2620	2450	2247	
15	8854	60.0	60.0	31	1	1	2	991	1345	2050	3157	4334	5208	5770	5855	5650	5342	4911	4455	4037	3649	3243	2997	2845	2893	3123	3405	3793	3975	4086	4074	3876	3643	3342	3083	2880	2616	2436	2272	
15	8871	59.9	60.0	31	1	1	2	954	1315	2083	3148	4344	5228	5699	5845	5632	5330	4917	4470	4054	3635	3229	2994	2865	2894	3088	3392	3765	3950	4097	4055	3842	3621	3327	3078	2845	2624	2423	2254	
15	8888	59.9	60.0	31	1	1	2	969	1335	2064	3160	4341	5229	5761	5820	5642	5357	4927	4509	4026	3592	3246	3003	2823	2878	3091	3355	3755	3980	4075	4032	3854	3626	3305	3104	2821	2594	2441	2259	
15	8951	95.3	94.9	32	1	0	2	885	1069	1445	1974	2583	3072	3393	3480	3479	3311	3148	2940	2699	2521	2307	2190	2184	2304	2541	2791	3075	3268	3316	3318	3168	2991	2826	2616	2453	2266	2145	2013	
15	8968	95.0	95.0	32	1	0	2	885	1065	1435	1961	2563	3065	3359	3497	3431	3339	3159	2920	2675	2493	2279	2205	2193	2299	2512	2775	3035	3229	3321	3284	3133	2987	2799	2649	2448	2265	2133	2023	
15	9031	59.7	60.4	32	1	1	2	952	1317	2073	3166	4361	5313	5814	5929	5757	5439	4953	4541	4060	3677	3286	3023	2879	2923	3135	3468	3837	4014	4132	4052	3907	3677	3381	3117	2889	2627	2478	2265	
15	9048	60.0	60.1	32	1	1	2	962	1319	2094	3242	4410	5355	5852	5953	5774	5416	5030	4555	4128	3676	3297	3059	2935	2910	3152	3452	3831	4058	4200	4104	3949	3699	3375	3119	2881	2642	2468	2269	
15	9066	60.0	60.0	32	1	1	2	978	1336	2092	3202	4419	5336	5825	5947	5708	5467	5008	4573	4101	3672	3303	3040	2895	2934	3177	3478	3836	4027	4176	4095	3920	3677	3393	3142	2894	2661	2457	2284	
15	9083	59.9	60.0	32	1	1	2	952	1357	2087	3205	4414	5323	5836	5921	5798	5430	5006	4549	4112	3695	3294	3075	2905	2911	3176	3463	3845	4039	4186	4062	3972	3704	3397	3134	2868	2643	2478	2285	
15	9100	60.0	60.0	32	1	1	2	965	1330	2100	3187	4394	5353	5880	5975	5763	5405	4961	4541	4096	3686	3294	3041	2880	2930	3150	3459	3816	4041	4171	4100	3925	3681	3356	3123	2839	2650	2450	2289	
15	9117	60.0	60.0	32	1	1	2	964	1312	2105	3172	4375	5317	5847	5906	5781	5416	5027	4559	4070	3695	3278	3078	2957	2903	3141	3456	3823	4021	4136	4093	3931	3666	3370	3141	2863	2654	2478	2274	
15	9135	59.9	60.0	32	1	1	2	956	1321	2116	3199	4389	5296	5835	5931	5700	5447	4995	4531	4101	3676	3294	3029	2880	2896	3160	3437	3801	4045	4150	4092	3896	3680	3379	3101	2854	2651	2458	2256	
15	9197	95.4	94.8	33	1	0	2	899	1064	1450	1979	2548	3075	3374	3521	3431	3354	3117	2915	2710	2483	2265	2204	2200	2282	2547	2806	3106	3265	3341	3293	3161	3025	2797	2648	2466	2272	2145	2002	
15	9214	95.0	95.0	33	1	0	2	870	1085	1408	1974	2586	3060	3380	3486	3451	3339	3127	2928	2692	2479	2278	2216	2191	2293	2509	2782	3104	3235	3319	3272	3189	2986	2808	2619	2469	2280	2155	2019	
15	9277	59.6	60.4	33	1	1	2	970	1343	2096	3185	4380	5373	5854	5954	5733	5410	5003	4553	4100	3692	3311	3040	2886	2891	3132	3434	3808	4035	4166	4085	3951	3647	3372	3127	2889	2673	2456	2296	
15	9294	60.0	60.1	33	1	1	2	968	1322	2088	3200	4422	5282	5858	5986	5821	5433	5015	4563	4104	3695	3272	3034	2935	2915	3146	3452	3840	4052	4171	4086	3916	3661	3400	3132	2873	2656	2456	2294	
15	9312	59.9	60.0	33	1	1	2	960	1327	2122	3181	4378	5368	5893	5937	5799	5449	5025	4557	4144	3731	3287	3054	2912	2929	3171	3459	3818	4048	4175	4120	3947	3693	3387	3090	2868	2656	2478	2263	
15	9329	60.0	60.0	33	1	1	2	972	1315	2109	3192	4380	5370	5813	5958	5767	5412	4991	4548	4113	3714	3301	3104	2892	2912	3144	3464	3818	4065	4148	4072	3890	3691	3378	3119	2880	2646	2473	2314	
15	9346	60.0	60.0	33	1	1	2	978	1336	2094	3194	4378	5333	5840	5961	5755	5437	4989	4539	4134	3725	3257	3032	2895	2916	3158	3428	3847	4039	4104	4138	3917	3686	3383	3134	2849	2634	2452	2249	
15	9363	60.0	60.0	33	1	1	2	950	1342	2097	3190	4359	5350	5855	5961	5723	5440	5008	4584	4090	3689	3267	3040	2904	2943	3132	3448	3835	4047	4168	4098	3874	3636	3363	3120	2889	2641	2454	2217	
15	9381	59.9	60.0	33	1	1	2	966	1337	2106	3212	4379	5306	5791	5941	5721	5413	5002	4548	4077	3663	3303	3032	2896	2903	3114	3440	3813	4028	4152	4084	3903	3700	3388	3078	2868	2680	2448	2280	
15	9443	95.3	94.9	34	1	0	2	889	1099	1439	1993	2583	3089	3411	3508	3437	3343	3137	2927	2657	2510	2308	2209	2218	2300	2538	2799	3088	3247	3286	3294	3178	2993	2796	2606	2450	2293	2175	2007	
15	9461	95.0	95.0	34	1	0	2	888	1077	1430	1980	2551	3047	3368	3502	3444	3340	3095	2930	2670	2480	2312	2212	2174	2337	2530	2790	3089	3238	3317	3316	3195	2967	2810	2631	2440	2299	2158	2023	
15	9523	59.7	60.4	34	1	1	2	966	1333	2094	3208	4408	5296	5880	5985	5736	5451	4999	4560	4105	3682	3287	3033	2883	2895	3197	3512	3870	4034	4149	4116	3949	3685	3372	3113	2886	2658	2463	2296	
15	9541	59.9	60.0	34	1	1	2	971	1338	2086	3207	4391	5320	5849	5945	5734	5431	4986	4527	4090	3662	3284	3029	2898	2902	3138	3449	3812	4037	4148	4115	3926	3664	3388	3123	2857	2659	2470	2283	
15	9558	60.0	60.0	34	1	1	2	973	1331	2120	3215	4419	5348	5867	5965	5778	5472	4977	4551	4113	3714	3275	3056	2897	2951	3171	3483	3865	4084	4173	4183	3964	3668	3418	3144	2889	2658	2478	2277	
15	9575	60.0	60.0	34	1	1	2	946	1352	2124	3212	4405	5371	5814	5946	5723	5442	4997	4614	4068	3659	3268	3029	2887	2934	3163	3448	3820	4054	4150	4102	3925	3678	3392	3114	2908	2647	2445	2289	
15	9592	60.0	60.0	34	1	1	2	965	1334	2086	3193	4415	5316	5794	5918	5722	5415	4978	4553	4095	3695	3274	2997	2874	2929	3168	3446	3851	4059	4123	4077	3910	3686	3396	3118	2857	2649	2462	2255	
15	9610	60.0	60.0	34	1	1	2	974	1330	2084	3229	4389	5353	5830	5937	5772	5440	4970	4554	4115	3694	3304	3037	2920	2931	3149	3445	3810	4028	4165	4089	3893	3674	3394	3097	2869	2631	2493	2276	
15	9627	59.9	60.0	34	1	1	2	957	1366	2065	3198	4390	5349	5877	5975	5734	5488	5002	4547	4110	3680	3286	3028	2900	2914	3136	3469	3815	4039	4178	4101	3934	3671	3419	3134	2893	2645	2486	2289	
15	9691	95.4	94.9	35	1	0	2	905	1072	1439	1972	2566	3052	3359	3480	3438	3340	3134	2927	2662	2487	2277	2214	2209	2285	2548	2777	3102	3265	3333	3272	3189	2984	2797	2621	2435	2261	2162	1997	
15	9709	95.0	95.0	35	1	0	2	881	1080	1448	1956	2572	3042	3369	3518	3441	3340	3145	2951	2664	2471	2285	2178	2183	2285	2512	2806	3077	3288	3338	3293	3164	2974	2813	2608	2446	2295	2138	1991	
15	9771	59.6	60.4	35	1	1	2	960	1328	2092	3169	4390	5322	5843	5944	5789	5433	4997	4546	4088	3674	3273	3024	2875	2946	3164	3477	3836	4055	4139	4096	3903	3715	3380	3128	2882	2652	2441	2274	
15	9789	60.0	60.0	35	1	1	2	976	1338	2074	3217	4379	5273	5835	5933	5750	5400	4975	4587	4091	3674	3321	3038	2912	2929	3129	3460	3850	4056	4180	4067	3876	3679	3367	3128	2905	2642	2469	2284	
15	9806	60.0	60.0	35	1	1	2	970	1346	2100	3218	4429	5379	5849	6015	5806	5489	5021	4574	4171	3699	3290	3071	2911	2919	3171	3457	3828	4047	4185	4077	3918	3679	3406	3151	2877	2646	2484	2300	
15	9823	60.0	60.0	35	1	1	2	965	1321	2096	3192	4424	5366	5902	5981	5769	5410	5022	4579	4105	3684	3305	3025	2894	2915	3160	3492	3830	4046	4170	4085	3935	3672	3380	3124	2833	2657	2498	2287	
15	9840	59.9	60.0	35	1	1	2	965	1358	2115	3176	4384	5328	5810	5950	5709	5396	4981	4532	4087	3652	3286	3056	2894	2964	3153	3455	3824	4014	4159	4080	3936	3664	3410	3109	2861	2628	2459	2286	
15	9858	60.0	60.0	35	1	1	2	964	1337	2080	3212	4365	5331	5825	5968	5768	5421	4996	4520	4105	3697	3311	3033	2884	2954	3140	3436	3792	4016	4161	4109	3920	3666	3396	3128	2883	2674	2472	2244	
15	9875	60.0	60.0	35	1	1	2	977	1338	2093	3231	4358	5364	5836	5920	5679	5358	4959	4531	4047	3698	3265	3018	2878	2923	3127	3446	3837	4066	4133	4079	3874	3665	3360	3108	2871	2616	2465	2277	
15	9937	95.3	94.9	36	1	0	2	889	1070	1404	1966	2547	3007	3318	3429	3400	3287	3059	2874	2648	2452	2277	2175	2180	2280	2490	2763	3030	3230	3269	3255	3110	2963	2778	2595	2415	2271	2126	2007	
15	9955	95.0	95.0	36	1	0	2	894	1065	1423	1946	2519	2982	3323	3438	3392	3309	3059	2855	2624	2442	2256	2181	2175	2264	2487	2788	3026	3179	3262	3231	3096	2955	2771	2572	2428	2243	2120	1979	
15	10017	59.7	60.4	36	1	1	2	982	1309	2099	3194	4412	5290	5878	5967	5773	5402	4943	4558	4113	3743	3316	3021	2878	2924	3113	3397	3806	4028	4165	4116	3921	3673	3391	3127	2880	2617	2447	2272	
15	10035	59.9	60.0	36	1	1	2	962	1326	2101	3147	4422	5370	5850	5946	5764	5453	5008	4586	4143	3706	3300	3048	2888	2914	3149	3469	3842	4053	4165	4081	3916	3684	3400	3147	2891	2641	2463	2292	
15	10052	60.0	60.0	36	1	1	2	965	1333	2090	3212	4378	5302	5906	5933	5778	5464	5007	4552	4084	3692	3292	3042	2860	2950	3142	3464	3836	4030	4166	4074	3906	3675	3385	3152	2867	2671	2463	2297	
15	10069	60.0	60.0	36	1	1	2	962	1328	2115	3186	4401	5320	5852	5937	5708	5470	5021	4554	4092	3688	3275	3057	2900	2926	3129	3419	3824	4019	4150	4090	3956	3663	3384	3164	2888	2623	2461	2282	
15	10086	59.9	60.0	36	1	1	2	956	1339	2100	3242	4385	5314	5858	5962	5754	5418	4985	4543	4065	3703	3287	3034	2924	2926	3144	3479	3876	4053	4187	4097	3921	3670	3383	3137	2883	2640	2466	2298	
15	10104	59.9	60.0	36	1	1	2	963	1343	2114	3230	4420	5307	5866	5979	5759	5394	5010	4528	4109	3716	3301	3029	2887	2920	3133	3452	3806	4007	4139	4086	3917	3651	3372	3090	2885	2658	2456	2287	
15	10121	60.0	60.0	36	1	1	2	977	1328	2089	3218	4374	5275	5770	5913	5707	5410	4924	4560	4080	3648	3254	3054	2890	2912	3151	3459	3786	4000	4173	4094	3964	3659	3410	3131	2898	2638	2480	2276	
15	10186	95.4	94.9	37	1	0	2	888	1058	1421	1963	2545	3033	3380	3435	3420	3304	3081	2908	2678	2462	2283	2183	2200	2280	2507	2791	3028	3259	3297	3272	3142	2975	2788	2597	2467	2255	2128	1977	
15	10203	95.0	95.0	37	1	0	2	884	1063	1433	1966	2531	3018	3313	3465	3427	3278	3078	2853	2634	2433	2261	2198	2172	2209	2496	2733	3027	3197	3247	3230	3117	2945	2770	2589	2414	2248	2097	1990	
15	10266	59.7	60.4	37	1	1	2	960	1340	2085	3182	4406	5297	5805	5931	5749	5426	4966	4538	4089	3691	3241	3003	2911	2964	3159	3448	3809	4006	4123	4072	3926	3649	3384	3123	2874	2638	2477	2276	
15	10283	60.0	60.0	37	1	1	2	961	1340	2096	3224	4427	5381	5859	5962	5780	5487	5048	4579	4133	3723	3303	3058	2886	2965	3137	3461	3849	4059	4178	4149	3959	3674	3426	3167	2894	2652	2489	2299	
15	10300	60.0	60.0	37	1	1	2	960	1349	2096	3233	4467	5364	5939	5985	5766	5472	5022	4581	4132	3718	3303	3043	2911	2923	3173	3487	3819	4031	4194	4126	3941	3695	3429	3130	2882	2626	2492	2306	
15	10317	60.0	60.0	37	1	1	2	966	1333	2107	3203	4420	5364	5893	6005	5810	5463	4994	4589	4145	3692	3320	3062	2900	2902	3147	3489	3882	4082	4148	4118	3937	3683	3417	3144	2908	2669	2482	2295	
15	10335	60.0	60.0	37	1	1	2	976	1339	2103	3215	4414	5345	5816	5984	5770	5450	4995	4550	4074	3694	3334	3042	2939	2936	3174	3483	3860	4048	4182	4100	3930	3675	3384	3136	2923	2624	2449	2281	
15	10352	60.0	60.0	37	1	1	2	985	1345	2091	3205	4406	5380	5834	5956	5745	5450	4990	4601	4063	3676	3284	3048	2892	2916	3118	3450	3841	4067	4163	4090	3931	3711	3383	3150	2876	2634	2502	2294	
15	10369	60.0	60.0	37	1	1	2	962	1352	2100	3197	4409	5333	5856	5954	5761	5489	5012	4610	4103	3718	3338	3058	2909	2925	3171	3461	3830	4066	4156	4080	3940	3687	3393	3147	2903	2632	2468	2292	
15	10432	95.3	94.9	38	1	0	2	886	1058	1454	1998	2580	3068	3410	3499	3459	3356	3157	2938	2702	2526	2317	2208	2196	2286	2536	2804	3129	3257	3374	3324	3145	2999	2812	2642	2463	2300	2128	2028	
15	10449	95.0	95.0	38	1	0	2	886	1068	1440	1984	2595	3066	3373	3499	3427	3317	3164	2909	2668	2507	2292	2198	2203	2279	2527	2780	3106	3238	3334	3273	3189	3019	2791	2589	2464	2266	2145	2025	
15	10512	59.7	60.4	38	1	1	2	970	1327	2089	3211	4394	5337	5828	5991	5795	5489	4993	4549	4085	3724	3306	3056	2884	2909	3127	3446	3810	4056	4200	4084	3930	3690	3398	3124	2892	2654	2475	2283	
15	10529	60.0	60.1	38	1	1	2	967	1347	2132	3223	4403	5354	5894	6007	5766	5496	4981	4603	4127	3728	3286	3093	2929	2959	3173	3480	3811	4092	4195	4128	3953	3691	3380	3163	2925	2634	2481	2281	
15	10546	59.9	60.0	38	1	1	2	974	1372	2114	3212	4419	5376	5904	5980	5763	5488	5025	4557	4126	3698	3282	3076	2900	2933	3153	3470	3862	4047	4176	4128	3970	3700	3431	3101	2893	2653	2464	2299	
15	10563	60.0	60.0	38	1	1	2	964	1358	2096	3228	4407	5359	5866	6024	5759	5497	5052	4579	4136	3726	3305	3080	2906	2921	3125	3542	3829	4068	4201	4093	3932	3713	3410	3120	2881	2648	2460	2313	
15	10581	60.0	60.0	38	1	1	2	956	1342	2109	3204	4410	5375	5853	5936	5752	5437	4964	4581	4079	3680	3319	3064	2896	2948	3195	3452	3836	4074	4192	4142	3903	3679	3370	3136	2883	2643	2473	2290	
15	10598	59.9	60.0	38	1	1	2	970	1358	2104	3273	4419	5348	5817	5925	5763	5467	5004	4624	4104	3725	3315	3072	2897	2937	3182	3476	3845	4072	4188	4081	3965	3679	3413	3136	2874	2615	2441	2275	
15	10615	59.9	60.0	38	1	1	2	969	1355	2096	3240	4400	5352	5873	6011	5762	5472	5020	4536	4109	3725	3305	3004	2875	2943	3146	3456	3848	4083	4163	4082	3923	3701	3404	3122	2897	2661	2469	2262	
15	10678	95.5	94.8	39	1	0	2	896	1061	1445	1965	2597	3060	3424	3499	3470	3332	3168	2932	2695	2476	2328	2220	2202	2314	2528	2798	3101	3263	3358	3294	3175	3028	2822	2617	2457	2307	2150	2027	
15	10695	94.9	95.0	39	1	0	2	892	1108	1445	1981	2569	3057	3381	3507	3466	3373	3144	2931	2685	2503	2284	2208	2208	2319	2536	2813	3095	3272	3362	3265	3187	3011	2806	2608	2444	2292	2141	2042	
15	10758	59.6	60.4	39	1	1	2	977	1340	2101	3225	4396	5353	5838	5992	5760	5476	5026	4599	4106	3733	3312	3073	2905	2944	3142	3503	3851	4074	4210	4117	3978	3688	3421	3148	2889	2683	2477	2300	
15	10775	60.0	60.0	39	1	1	2	961	1343	2126	3226	4427	5368	5871	5952	5800	5449	5018	4575	4124	3717	3315	3081	2911	2954	3142	3529	3837	4070	4180	4114	3934	3715	3401	3149	2912	2672	2478	2325	
15	10792	60.0	60.0	39	1	1	2	967	1348	2115	3249	4465	5375	5887	6021	5802	5508	5031	4543	4148	3736	3348	3088	2913	2952	3174	3488	3852	4044	4162	4130	3948	3690	3409	3160	2924	2666	2491	2305	
15	10810	59.9	60.0	39	1	1	2	973	1365	2126	3201	4426	5332	5873	5975	5788	5449	5017	4558	4119	3719	3317	3076	2904	2969	3163	3477	3844	4070	4149	4094	3961	3727	3425	3154	2905	2666	2479	2300	
15	10827	60.0	60.0	39	1	1	2	979	1338	2088	3213	4387	5331	5867	5980	5761	5427	4987	4565	4133	3712	3304	3043	2962	2917	3152	3464	3830	4028	4135	4112	3929	3700	3380	3125	2883	2658	2487	2314	
15	10844	59.9	60.0	39	1	1	2	969	1351	2089	3202	4425	5308	5883	5958	5750	5417	4997	4569	4116	3691	3302	3067	2900	2930	3153	3469	3818	4095	4203	4085	3936	3694	3405	3146	2879	2656	2465	2317	
15	10861	60.0	60.0	39	1	1	2	968	1341	2098	3208	4434	5345	5859	5994	5785	5444	5025	4544	4129	3678	3305	3042	2919	2929	3156	3464	3843	4078	4170	4097	3943	3734	3421	3163	2875	2666	2466	2291	
15	10926	95.4	94.9	40	1	0	2	886	1072	1434	1994	2584	3069	3373	3505	3461	3342	3152	2936	2700	2492	2298	2233	2240	2321	2533	2812	3133	3300	3355	3295	3210	3013	2827	2626	2467	2307	2146	2009	
15	10943	95.0	95.0	40	1	0	2	899	1080	1432	1999	2576	3072	3325	3479	3441	3355	3103	2938	2690	2497	2300	2223	2191	2311	2540	2774	3069	3228	3327	3262	3172	3047	2801	2610	2458	2290	2158	2004	
15	11006	59.6	60.4	40	1	1	2	973	1350	2118	3216	4407	5350	5884	5939	5784	5456	5002	4578	4123	3712	3293	3062	2923	2902	3150	3477	3841	4091	4178	4109	3915	3707	3418	3135	2889	2667	2438	2306	
15	11023	59.9	60.1	40	1	1	2	974	1343	2086	3242	4441	5367	5856	5972	5767	5467	5032	4585	4082	3726	3337	3066	2912	2947	3125	3470	3852	4097	4225	4109	3912	3736	3404	3181	2896	2657	2477	2283	
15	11040	60.0	60.0	40	1	1	2	957	1343	2102	3229	4451	5380	5904	6067	5832	5433	4966	4561	4141	3726	3354	3061	2937	2981	3191	3525	3871	4055	4220	4097	3952	3683	3409	3152	2918	2678	2493	2314	
15	11058	60.0	60.0	40	1	1	2	968	1334	2118	3225	4409	5366	5865	6002	5809	5483	4994	4572	4154	3722	3324	3074	2950	2915	3192	3474	3853	4106	4147	4104	3958	3700	3409	3180	2895	2642	2490	2305	
15	11075	60.0	60.0	40	1	1	2	967	1338	2139	3209	4414	5378	5892	5973	5762	5485	5016	4576	4124	3698	3286	3115	2913	2948	3201	3486	3836	4082	4164	4118	3962	3698	3425	3158	2913	2683	2495	2287	
15	11092	60.0	60.0	40	1	1	2	970	1353	2095	3222	4424	5342	5869	5991	5768	5475	5023	4614	4126	3722	3285	3072	2909	2959	3169	3513	3858	4042	4191	4121	3937	3656	3400	3119	2869	2641	2476	2294	
15	11109	60.0	60.0	40	1	1	2	962	1361	2121	3219	4425	5398	5889	6006	5752	5469	5056	4598	4121	3677	3309	3049	2918	2964	3132	3488	3830	4077	4162	4146	3953	3679	3406	3145	2867	2683	2487	2296	
15	11174	95.4	94.9	41	1	0	2	908	1089	1464	2006	2612	3114	3408	3539	3484	3357	3193	2963	2723	2535	2305	2229	2188	2324	2555	2817	3092	3274	3352	3316	3216	3025	2826	2651	2476	2308	2157	2023	
15	11191	95.0	95.0	41	1	0	2	902	1068	1447	1989	2574	3099	3411	3507	3467	3341	3135	2939	2719	2517	2318	2214	2218	2304	2546	2800	3110	3266	3365	3315	3188	3000	2825	2613	2464	2298	2149	2029	
15	11254	59.6	60.4	41	1	1	2	972	1357	2121	3213	4429	5359	5876	6029	5792	5454	4994	4608	4104	3689	3283	3108	2934	2941	3183	3464	3872	4056	4166	4120	3902	3697	3426	3160	2890	2658	2454	2315	
15	11271	60.0	60.1	41	1	1	2	972	1355	2117	3234	4452	5409	5952	6044	5835	5477	5076	4592	4156	3732	3326	3106	2935	2947	3169	3501	3856	4117	4195	4150	3926	3706	3411	3147	2908	2677	2488	2274	
15	11288	59.9	60.0	41	1	1	2	971	1351	2106	3264	4440	5378	5890	5988	5804	5548	5030	4600	4162	3738	3329	3077	2918	2963	3164	3510	3860	4089	4204	4140	3953	3700	3401	3166	2913	2672	2488	2309	
15	11306	60.0	60.0	41	1	1	2	980	1346	2127	3241	4451	5363	5893	6020	5813	5475	5009	4562	4130	3696	3317	3065	2920	2937	3164	3493	3829	4058	4179	4134	3913	3680	3384	3149	2913	2673	2473	2318	
15	11323	60.0	60.0	41	1	1	2	975	1354	2123	3229	4429	5347	5891	6016	5819	5432	5026	4581	4175	3737	3318	3076	2951	2931	3183	3499	3836	4075	4182	4122	3957	3696	3407	3143	2889	2668	2474	2293	
15	11340	60.0	60.0	41	1	1	2	962	1355	2114	3221	4450	5359	5890	6000	5831	5466	5012	4620	4115	3716	3291	3060	2948	2914	3189	3483	3855	4050	4201	4109	3972	3687	3405	3127	2912	2639	2441	2298	
15	11357	59.9	60.0	41	1	1	2	970	1359	2139	3208	4442	5376	5874	6014	5780	5453	5042	4594	4147	3715	3327	3123	2914	2982	3179	3493	3834	4077	4229	4157	3937	3738	3449	3149	2883	2630	2494	2298	
15	11420	95.3	94.9	42	1	0	2	901	1083	1456	1990	2600	3103	3410	3511	3516	3322	3165	2960	2755	2511	2313	2215	2223	2329	2514	2834	3113	3274	3342	3305	3167	3015	2822	2640	2441	2327	2147	2013	
15	11437	94.9	95.0	42	1	0	2	895	1062	1435	1969	2591	3065	3411	3515	3447	3360	3124	2912	2680	2478	2287	2227	2200	2325	2539	2797	3077	3295	3336	3288	3176	3010	2806	2611	2468	2263	2160	1994	
15	11500	59.6	60.4	42	1	1	2	978	1328	2127	3225	4417	5399	5919	6019	5826	5491	5038	4584	4116	3720	3316	3053	2923	2966	3179	3459	3858	4113	4195	4139	3922	3718	3415	3173	2901	2679	2515	2304	
15	11517	60.0	60.1	42	1	1	2	971	1350	2118	3222	4448	5421	5894	6046	5839	5486	5087	4577	4164	3725	3289	3100	2910	2961	3163	3488	3906	4080	4175	4112	3920	3679	3427	3162	2914	2662	2488	2299	
15	11535	60.0	60.0	42	1	1	2	990	1366	2122	3235	4440	5388	5909	6028	5817	5533	5041	4637	4146	3723	3320	3074	2932	2992	3173	3496	3849	4099	4194	4140	3948	3695	3426	3155	2907	2665	2469	2294	
15	11552	60.0	60.0	42	1	1	2	981	1372	2124	3230	4421	5383	5906	6005	5843	5501	5020	4552	4154	3711	3332	3056	2927	2951	3207	3451	3877	4096	4236	4134	3979	3711	3415	3171	2901	2657	2472	2295	
15	11569	59.9	60.0	42	1	1	2	979	1354	2130	3241	4470	5427	5927	6025	5821	5469	4998	4597	4177	3747	3322	3092	2928	2946	3156	3503	3827	4071	4219	4156	3905	3737	3430	3177	2922	2689	2470	2326	
15	11586	59.9	60.0	42	1	1	2	988	1329	2149	3223	4425	5387	5893	6021	5819	5480	5045	4612	4172	3729	3312	3090	2948	2942	3200	3489	3888	4040	4190	4122	3930	3700	3397	3150	2925	2678	2487	2327	
15	11604	60.0	60.0	42	1	1	2	984	1329	2117	3186	4440	5351	5846	6014	5812	5505	5035	4600	4118	3705	3281	3085	2915	2937	3189	3453	3839	4050	4168	4114	3948	3707	3423	3155	2900	2664	2470	2299	
15	11666	95.3	94.9	43	1	0	2	897	1062	1462	1999	2622	3103	3442	3528	3467	3352	3183	2940	2741	2504	2308	2224	2231	2307	2556	2839	3113	3268	3326	3337	3228	3028	2848	2638	2468	2301	2159	2011	
15	11683	95.0	95.0	43	1	0	2	901	1090	1451	1973	2592	3071	3395	3523	3449	3349	3167	2952	2717	2511	2282	2220	2221	2310	2558	2812	3100	3283	3351	3295	3184	3039	2841	2613	2476	2303	2195	2028	
15	11745	59.7	60.6	43	1	1	2	962	1354	2122	3224	4425	5370	5864	6036	5858	5474	5029	4601	4153	3708	3342	3075	2912	2937	3161	3503	3870	4086	4178	4153	3980	3675	3456	3148	2902	2658	2500	2303	
15	11762	60.0	60.1	43	1	1	2	978	1336	2099	3227	4450	5353	5899	6041	5801	5442	5050	4599	4144	3734	3303	3098	2907	2943	3172	3474	3852	4074	4194	4090	4000	3668	3450	3159	2944	2669	2434	2261	
15	11780	59.9	60.0	43	1	1	2	978	1349	2119	3234	4464	5416	5970	6016	5836	5492	5088	4603	4147	3765	3330	3073	2929	2956	3198	3499	3861	4098	4187	4136	3957	3749	3393	3169	2922	2665	2493	2304	
15	11797	59.9	60.0	43	1	1	2	971	1350	2107	3235	4456	5397	5898	6038	5806	5451	5057	4571	4157	3749	3293	3063	2920	2968	3123	3470	3881	4070	4174	4142	3942	3701	3447	3154	2896	2665	2477	2290	
15	11814	60.0	60.0	43	1	1	2	967	1361	2130	3207	4449	5406	5885	6022	5810	5507	5044	4558	4124	3710	3311	3066	2969	2960	3191	3495	3891	4093	4187	4137	3986	3700	3404	3134	2893	2653	2498	2303	
15	11831	60.0	60.0	43	1	1	2	970	1351	2125	3250	4409	5367	5886	6049	5773	5475	5038	4567	4194	3714	3305	3091	2909	2986	3207	3502	3854	4064	4156	4103	3945	3719	3407	3141	2905	2660	2466	2318	
15	11849	59.9	60.0	43	1	1	2	979	1357	2109	3203	4445	5405	5875	5997	5779	5474	5031	4574	4127	3724	3308	3088	2913	2949	3173	3469	3861	4063	4194	4142	3962	3671	3405	3158	2898	2642	2498	2315	
15	11911	95.4	94.7	44	1	0	2	902	1089	1445	1981	2635	3097	3428	3548	3496	3371	3192	2946	2733	2510	2321	2208	2196	2312	2560	2783	3082	3319	3373	3286	3169	3032	2861	2604	2459	2308	2137	2009	
15	11929	95.0	95.0	44	1	0	2	861	1070	1441	2001	2594	3102	3413	3500	3477	3386	3167	2921	2708	2539	2302	2241	2216	2320	2567	2817	3137	3285	3359	3302	3212	3023	2804	2667	2476	2295	2175	2016	
15	11991	59.7	60.6	44	1	1	2	979	1345	2109	3205	4351	5308	5814	5866	5728	5369	4938	4542	4085	3617	3296	3069	2878	2937	3153	3449	3831	4035	4087	4084	3905	3671	3410	3102	2854	2657	2441	2278	
15	12009	59.9	60.1	44	1	1	2	966	1351	2094	3190	4355	5282	5837	5885	5713	5414	4985	4567	4073	3669	3304	3054	2921	2911	3139	3444	3825	4049	4133	4073	3900	3656	3366	3140	2884	2669	2465	2270	
15	12026	60.0	60.0	44	1	1	2	972	1332	2140	3211	4391	5300	5851	5958	5738	5432	4997	4533	4129	3721	3295	3070	2918	2944	3197	3433	3805	4034	4147	4117	3908	3664	3386	3136	2907	2662	2481	2265	
15	12043	59.9	60.0	44	1	1	2	973	1345	2099	3205	4393	5278	5861	5952	5694	5424	4965	4521	4069	3679	3254	3038	2888	2920	3134	3441	3823	4028	4138	4068	3926	3632	3365	3096	2856	2650	2463	2279	
15	12060	60.0	60.0	44	1	1	2	979	1335	2091	3194	4401	5316	5804	5975	5746	5386	4970	4548	4076	3676	3289	3028	2881	2916	3132	3452	3818	4066	4141	4087	3913	3678	3382	3094	2840	2619	2444	2266	
15	12078	60.0	60.0	44	1	1	2	974	1321	2100	3186	4364	5316	5822	5928	5767	5379	4972	4518	4049	3677	3291	3028	2877	2939	3146	3422	3771	4016	4079	4047	3869	3632	3357	3101	2865	2641	2442	2299	
15	12095	60.0	60.0	44	1	1	2	974	1350	2087	3217	4360	5331	5842	5932	5678	5390	4934	4535	4048	3664	3294	3014	2924	2917	3157	3436	3781	3988	4125	4043	3925	3682	3381	3140	2857	2642	2462	2271	
15	12159	95.4	94.9	45	1	0	2	898	1085	1458	2014	2613	3115	3408	3543	3516	3327	3184	2973	2715	2516	2345	2234	2219	2318	2570	2854	3142	3297	3403	3332	3232	3021	2822	2645	2469	2323	2198	2033	
15	12177	95.0	95.0	45	1	0	2	905	1081	1456	2009	2566	3111	3367	3537	3431	3389	3132	2919	2701	2504	2291	2207	2206	2305	2552	2810	3089	3254	3347	3296	3171	3027	2823	2641	2472	2295	2139	2023	
15	12239	59.7	60.6	45	1	1	2	988	1351	2123	3227	4437	5368	5865	6025	5809	5525	5028	4606	4134	3736	3322	3058	2926	2975	3161	3476	3837	4088	4187	4119	3944	3709	3407	3132	2926	2668	2496	2301	
15	12257	60.0	60.1	45	1	1	2	969	1334	2125	3244	4483	5419	5908	6022	5802	5519	5035	4602	4149	3739	3329	3095	2929	2951	3211	3500	3878	4101	4171	4135	3995	3696	3414	3160	2913	2667	2470	2320	
15	12274	59.9	60.0	45	1	1	2	982	1342	2127	3244	4417	5402	5919	6033	5891	5553	5046	4584	4179	3740	3279	3079	2910	2948	3144	3505	3831	4057	4189	4151	3928	3719	3444	3150	2930	2683	2483	2289	
15	12291	59.9	60.0	45	1	1	2	979	1334	2149	3239	4492	5447	5936	6038	5829	5516	5043	4625	4192	3761	3332	3103	2918	2974	3176	3533	3869	4070	4193	4140	3991	3701	3403	3136	2941	2690	2497	2334	
15	12308	60.0	60.0	45	1	1	2	982	1357	2115	3224	4442	5416	5909	6014	5846	5494	5043	4620	4150	3715	3333	3086	2925	2941	3196	3501	3854	4048	4179	4149	3943	3704	3415	3135	2924	2699	2485	2306	
15	12326	60.0	60.0	45	1	1	2	961	1350	2152	3246	4475	5390	5894	6062	5842	5493	5040	4620	4127	3718	3376	3076	2954	2966	3184	3514	3897	4117	4204	4140	3995	3709	3432	3157	2925	2714	2476	2329	
15	12343	60.0	60.0	45	1	1	2	982	1338	2104	3248	4381	5414	5917	6003	5843	5477	5041	4632	4150	3731	3335	3072	2928	2960	3151	3519	3844	4076	4212	4118	3982	3730	3440	3164	2903	2674	2481	2297	
