Well	Time (1/2 s)	Block Temp	Sample Temp	Repetition	PCR Stage	Extension	Scale	B1	B2	B3	B4	B5	B6	B7	B8	B9	B10	B11	B12	B13	B14	B15	B16	B17	B18	B19	B20	B21	B22	B23	B24	B25	B26	B27	B28	B29	B30	B31	B32
199	105	95.2	95.0	1	0	0	2	889	1046	1397	1910	2560	3055	3397	3551	3513	3364	3161	2988	2740	2569	2390	2277	2289	2451	2661	3022	3295	3504	3514	3474	3318	3124	2940	2712	2552	2371	2247	2065	
199	122	95.0	95.0	1	0	0	2	903	1026	1365	1873	2491	3017	3352	3473	3474	3300	3160	2954	2725	2523	2357	2248	2298	2402	2666	2990	3285	3486	3485	3445	3315	3129	2920	2743	2528	2364	2235	2070	
199	139	95.0	95.0	1	0	0	2	914	1011	1414	1877	2514	2992	3348	3475	3460	3287	3158	2933	2703	2480	2368	2260	2261	2394	2682	2964	3285	3484	3477	3450	3333	3141	2944	2684	2576	2368	2228	2081	
199	157	95.0	95.0	1	0	0	2	895	1032	1372	1883	2488	3015	3340	3465	3439	3293	3143	2951	2700	2518	2356	2270	2296	2410	2670	2954	3275	3480	3513	3442	3293	3099	2934	2694	2539	2386	2229	2072	
199	174	94.9	95.0	1	0	0	2	904	1045	1377	1904	2507	2998	3358	3485	3464	3342	3173	2974	2740	2530	2371	2250	2298	2400	2658	2945	3276	3471	3531	3468	3315	3134	2940	2733	2573	2346	2246	2073	
199	191	95.0	95.0	1	0	0	2	903	1024	1380	1875	2516	3034	3336	3470	3437	3377	3127	2932	2703	2522	2360	2244	2316	2394	2692	3022	3274	3447	3481	3433	3321	3129	2898	2724	2543	2362	2246	2106	
199	208	95.0	95.0	1	0	0	2	901	1040	1386	1882	2507	3017	3391	3451	3458	3339	3173	2961	2732	2568	2362	2276	2283	2383	2686	3012	3313	3500	3525	3464	3302	3136	2944	2733	2559	2390	2263	2107	
199	226	95.0	95.0	1	0	0	2	883	1035	1389	1908	2493	3053	3356	3537	3456	3345	3172	2953	2748	2576	2377	2284	2317	2448	2713	2999	3323	3496	3510	3483	3316	3130	2956	2755	2554	2353	2246	2096	
199	243	95.0	95.0	1	0	0	2	901	1052	1384	1900	2516	3021	3369	3499	3487	3312	3144	2941	2730	2532	2380	2269	2264	2405	2703	3034	3313	3477	3519	3468	3351	3135	2926	2773	2585	2391	2262	2109	
199	260	95.0	95.0	1	0	0	2	924	1048	1390	1904	2516	3029	3386	3533	3503	3337	3164	2978	2734	2553	2381	2278	2298	2405	2685	3005	3323	3489	3539	3465	3378	3142	2955	2724	2567	2410	2261	2111	
199	277	94.9	95.0	1	0	0	2	909	1031	1386	1917	2538	3018	3382	3484	3477	3353	3199	2958	2722	2559	2402	2280	2301	2425	2703	3024	3338	3546	3513	3477	3322	3147	2961	2765	2559	2413	2269	2119	
199	295	94.9	95.0	1	0	0	2	909	1054	1397	1911	2502	3057	3341	3504	3499	3383	3201	2973	2763	2555	2400	2303	2336	2431	2689	3037	3340	3508	3525	3500	3345	3140	2971	2728	2558	2425	2260	2090	
199	312	95.0	95.0	1	0	0	2	918	1051	1373	1905	2520	3024	3392	3526	3520	3323	3144	2973	2772	2552	2398	2282	2302	2439	2694	3057	3304	3534	3549	3465	3325	3165	2949	2750	2551	2402	2272	2103	
199	329	94.9	95.0	1	0	0	2	904	1045	1394	1914	2523	3028	3410	3493	3530	3367	3174	2959	2774	2580	2420	2284	2314	2438	2729	3024	3344	3525	3585	3501	3318	3121	2928	2745	2565	2390	2254	2093	
199	346	95.0	95.0	1	0	0	2	901	1040	1376	1892	2524	3026	3419	3544	3471	3335	3191	3002	2744	2547	2396	2284	2299	2447	2725	3036	3333	3519	3555	3511	3336	3157	2974	2774	2591	2419	2263	2103	
199	364	95.0	95.0	1	0	0	2	897	1064	1370	1930	2539	3040	3385	3501	3508	3368	3200	2980	2755	2550	2420	2297	2336	2452	2719	3037	3333	3534	3544	3490	3314	3150	2962	2806	2590	2385	2262	2121	
199	381	95.0	95.0	1	0	0	2	901	1035	1374	1923	2529	3054	3390	3535	3530	3359	3222	3011	2758	2565	2418	2310	2330	2421	2696	3034	3347	3551	3547	3501	3305	3137	2979	2775	2584	2407	2285	2121	
199	398	95.0	95.0	1	0	0	2	893	1049	1405	1908	2513	3060	3372	3545	3502	3346	3214	3013	2748	2543	2390	2296	2310	2440	2698	3023	3318	3526	3564	3494	3345	3130	3003	2757	2561	2400	2276	2104	
199	415	94.9	95.0	1	0	0	2	897	1064	1399	1914	2517	3075	3423	3555	3498	3395	3187	2977	2752	2572	2409	2282	2309	2461	2695	3041	3402	3545	3539	3519	3357	3162	2994	2798	2571	2372	2249	2131	
199	433	94.9	95.0	1	0	0	2	904	1032	1384	1917	2523	3053	3410	3538	3536	3373	3194	2997	2766	2545	2399	2301	2307	2458	2697	3066	3330	3565	3522	3500	3401	3196	3001	2771	2589	2390	2249	2111	
199	450	94.9	95.0	1	0	0	2	902	1046	1386	1915	2533	3063	3412	3524	3530	3357	3220	3002	2756	2596	2414	2282	2320	2457	2723	3030	3354	3531	3538	3520	3381	3176	2979	2767	2589	2397	2267	2114	
199	467	95.0	95.0	1	0	0	2	899	1040	1384	1916	2556	3062	3412	3569	3532	3416	3194	2944	2761	2571	2395	2323	2311	2446	2751	3032	3350	3548	3554	3514	3376	3189	2982	2763	2581	2390	2271	2094	
199	484	95.0	95.0	1	0	0	2	899	1028	1379	1940	2584	3051	3423	3537	3539	3374	3242	3007	2749	2574	2421	2286	2319	2462	2697	3056	3396	3544	3558	3553	3369	3193	2992	2777	2580	2403	2272	2124	
199	502	94.9	95.0	1	0	0	2	905	1042	1390	1914	2555	3085	3420	3583	3528	3391	3240	2999	2764	2573	2415	2310	2324	2446	2707	3052	3340	3520	3556	3525	3372	3183	2972	2778	2582	2406	2283	2108	
199	519	95.0	95.0	1	0	0	2	908	1030	1394	1918	2559	3060	3462	3602	3559	3380	3202	3012	2770	2602	2432	2309	2297	2468	2731	3041	3342	3579	3577	3540	3382	3192	3010	2795	2566	2402	2275	2108	
199	536	94.9	95.0	1	0	0	2	890	1034	1386	1933	2577	3056	3395	3564	3526	3361	3233	3016	2773	2602	2412	2299	2328	2447	2712	3055	3351	3545	3553	3516	3359	3138	2999	2795	2594	2438	2286	2104	
199	553	95.0	95.0	1	0	0	2	904	1035	1370	1921	2560	3078	3428	3568	3525	3393	3225	3015	2792	2580	2404	2302	2328	2446	2750	3063	3425	3538	3550	3539	3383	3162	3016	2809	2570	2419	2266	2122	
199	571	95.0	95.0	1	0	0	2	891	1055	1406	1934	2544	3069	3429	3580	3566	3397	3226	3009	2772	2610	2421	2317	2335	2428	2725	3082	3340	3570	3534	3520	3349	3186	2988	2785	2603	2427	2273	2122	
199	588	95.0	95.0	1	0	0	2	895	1050	1406	1905	2539	3055	3460	3565	3532	3400	3218	2994	2784	2629	2421	2321	2352	2479	2708	3076	3382	3544	3552	3561	3363	3173	3008	2754	2619	2421	2288	2142	
199	605	94.9	95.0	1	0	0	2	898	1042	1395	1930	2557	3058	3450	3558	3560	3394	3254	3007	2800	2609	2417	2287	2331	2451	2736	3062	3420	3541	3580	3519	3374	3190	3010	2774	2560	2432	2280	2132	
199	622	94.9	95.0	1	0	0	2	900	1042	1383	1924	2582	3100	3427	3550	3537	3376	3256	3002	2804	2575	2423	2313	2317	2434	2696	3052	3362	3564	3552	3540	3408	3179	2980	2776	2578	2398	2268	2126	
199	640	94.9	95.0	1	0	0	2	893	1039	1394	1905	2565	3061	3453	3569	3551	3417	3257	3000	2779	2582	2430	2288	2323	2463	2755	3080	3362	3564	3576	3516	3381	3171	2949	2775	2567	2425	2266	2116	
199	657	94.9	95.0	1	0	0	2	905	1041	1394	1910	2546	3086	3450	3590	3562	3404	3243	3043	2792	2579	2447	2313	2348	2466	2713	3042	3402	3576	3567	3547	3368	3164	2982	2769	2587	2404	2295	2166	
199	674	95.0	95.0	1	0	0	2	915	1047	1393	1922	2547	3106	3444	3573	3549	3407	3231	3002	2788	2591	2436	2308	2336	2460	2735	3103	3374	3559	3563	3520	3395	3203	2996	2785	2590	2421	2268	2143	
199	691	94.9	95.0	1	0	0	2	930	1030	1400	1907	2569	3100	3448	3561	3547	3414	3247	3025	2755	2588	2437	2323	2351	2443	2736	3055	3388	3567	3588	3535	3376	3199	3008	2786	2581	2421	2278	2142	
199	709	94.9	95.0	1	0	0	2	902	1047	1427	1921	2565	3045	3422	3637	3531	3390	3206	3003	2821	2583	2406	2308	2334	2452	2728	3057	3343	3556	3558	3534	3373	3179	2969	2800	2616	2409	2282	2126	
199	726	95.0	95.0	1	0	0	2	909	1068	1379	1911	2569	3054	3469	3587	3555	3421	3206	3043	2788	2587	2447	2321	2325	2479	2719	3070	3348	3561	3588	3530	3370	3207	3015	2767	2595	2427	2284	2136	
199	743	95.0	95.0	1	0	0	2	900	1058	1382	1904	2546	3089	3480	3566	3528	3432	3229	3015	2786	2621	2441	2309	2332	2466	2718	3082	3347	3593	3579	3547	3367	3201	3007	2809	2596	2432	2285	2140	
199	760	94.9	95.0	1	0	0	2	901	1039	1401	1926	2570	3055	3443	3598	3544	3391	3243	3009	2800	2582	2421	2351	2332	2442	2743	3076	3365	3586	3566	3527	3393	3192	3010	2788	2594	2412	2293	2102	
199	778	94.9	95.0	1	0	0	2	907	1048	1387	1938	2566	3102	3417	3572	3576	3424	3259	3045	2775	2618	2431	2300	2348	2466	2735	3080	3385	3582	3618	3521	3381	3192	3022	2821	2589	2409	2287	2133	
199	795	95.0	95.0	1	0	0	2	895	1058	1382	1916	2568	3117	3470	3578	3563	3422	3221	3044	2788	2587	2433	2284	2307	2463	2719	3083	3393	3567	3568	3542	3379	3209	3030	2791	2576	2406	2285	2161	
199	812	95.0	95.0	1	0	0	2	908	1035	1373	1934	2568	3060	3430	3597	3555	3411	3258	3086	2776	2587	2419	2293	2320	2434	2732	3056	3378	3556	3555	3530	3350	3178	3037	2783	2601	2427	2285	2168	
199	829	95.0	95.0	1	0	0	2	907	1058	1389	1913	2562	3080	3404	3564	3586	3389	3251	3033	2812	2587	2422	2314	2301	2459	2730	3099	3405	3543	3607	3556	3395	3202	3003	2812	2586	2395	2282	2122	
199	847	95.0	95.0	1	0	0	2	917	1020	1394	1942	2572	3094	3416	3584	3535	3436	3220	3009	2779	2601	2441	2323	2347	2471	2717	3055	3402	3555	3568	3547	3364	3195	2980	2796	2596	2420	2272	2121	
199	864	95.0	95.0	1	0	0	2	913	1037	1370	1928	2581	3080	3466	3595	3575	3425	3244	3048	2798	2626	2434	2310	2349	2452	2742	3095	3397	3596	3579	3556	3386	3181	3015	2810	2610	2453	2287	2130	
199	881	95.0	95.0	1	0	0	2	913	1029	1407	1940	2551	3143	3485	3586	3580	3434	3239	3030	2817	2596	2466	2330	2360	2473	2748	3067	3402	3564	3600	3533	3393	3218	3040	2801	2595	2428	2298	2146	
199	898	95.0	95.0	1	0	0	2	919	1055	1402	1947	2575	3101	3459	3605	3594	3402	3237	3022	2795	2612	2433	2301	2352	2457	2715	3066	3375	3568	3614	3566	3360	3183	3001	2796	2630	2422	2297	2130	
199	916	95.0	95.0	1	0	0	2	918	1054	1404	1932	2561	3071	3405	3569	3609	3394	3263	3050	2779	2634	2443	2305	2332	2478	2748	3044	3353	3560	3582	3545	3393	3213	3004	2812	2578	2430	2287	2128	
199	933	95.0	95.0	1	0	0	2	908	1060	1384	1933	2572	3119	3451	3605	3577	3423	3272	3027	2816	2613	2418	2305	2318	2471	2731	3075	3366	3564	3589	3566	3363	3164	3007	2796	2621	2419	2265	2140	
199	950	95.0	95.0	1	0	0	2	893	1058	1403	1936	2562	3041	3434	3619	3572	3393	3235	3032	2800	2600	2432	2324	2325	2477	2745	3110	3413	3556	3616	3547	3407	3216	3012	2807	2568	2411	2248	2117	
199	967	95.0	95.0	1	0	0	2	909	1026	1408	1933	2552	3117	3463	3618	3553	3392	3232	3025	2797	2611	2433	2312	2313	2475	2736	3063	3384	3579	3622	3533	3364	3209	2991	2789	2601	2400	2286	2145	
199	985	95.0	95.0	1	0	0	2	904	1026	1391	1925	2576	3100	3435	3611	3598	3447	3219	3026	2793	2602	2420	2310	2323	2454	2736	3082	3402	3564	3600	3553	3409	3187	2991	2810	2594	2433	2260	2153	
199	1002	94.9	95.0	1	0	0	2	898	1030	1382	1946	2538	3082	3459	3604	3573	3423	3219	3062	2800	2631	2456	2326	2334	2461	2730	3103	3377	3564	3560	3521	3376	3188	3009	2819	2609	2405	2279	2135	
199	1019	95.0	95.0	1	0	0	2	903	1045	1394	1940	2578	3087	3460	3609	3558	3446	3250	3044	2801	2615	2462	2346	2335	2440	2736	3056	3376	3558	3578	3510	3382	3218	3037	2782	2631	2438	2297	2136	
199	1036	95.0	95.0	1	0	0	2	910	1047	1402	1949	2557	3103	3478	3600	3587	3433	3238	3066	2793	2622	2444	2318	2344	2477	2723	3083	3391	3582	3595	3547	3377	3196	3021	2822	2608	2396	2276	2146	
199	1054	94.9	95.0	1	0	0	2	912	1048	1407	1923	2572	3118	3478	3599	3609	3402	3225	3027	2776	2632	2466	2314	2350	2504	2721	3073	3327	3557	3591	3532	3408	3185	2994	2773	2597	2417	2286	2125	
199	1071	95.0	95.0	1	0	0	2	882	1046	1412	1925	2564	3086	3445	3575	3564	3418	3285	3075	2789	2613	2442	2299	2336	2466	2746	3050	3379	3569	3556	3558	3394	3198	3009	2829	2606	2457	2297	2126	
199	1088	95.0	95.0	1	0	0	2	901	1036	1388	1918	2611	3096	3473	3619	3602	3432	3266	3019	2811	2635	2434	2323	2345	2471	2731	3070	3382	3579	3600	3546	3337	3198	3020	2774	2616	2408	2266	2118	
199	1105	94.9	95.0	1	0	0	2	902	1046	1382	1929	2594	3112	3427	3598	3581	3436	3254	3046	2788	2605	2415	2328	2374	2480	2712	3091	3372	3581	3581	3522	3421	3238	2988	2792	2623	2427	2281	2130	
199	1123	94.9	95.0	1	0	0	2	925	1040	1400	1939	2537	3091	3435	3576	3583	3431	3263	3034	2805	2596	2448	2335	2336	2493	2738	3051	3402	3569	3570	3520	3410	3184	2999	2791	2595	2440	2297	2105	
199	1140	95.0	95.0	1	0	0	2	919	1041	1398	1940	2586	3098	3469	3582	3577	3448	3258	3052	2812	2614	2437	2326	2339	2468	2749	3056	3371	3586	3602	3556	3382	3197	3011	2794	2552	2428	2283	2144	
199	1157	95.0	95.0	1	0	0	2	940	1033	1391	1934	2584	3116	3454	3578	3583	3428	3251	3021	2795	2620	2436	2319	2335	2461	2701	3061	3379	3596	3584	3570	3405	3189	3016	2790	2588	2443	2269	2149	
199	1174	95.0	95.0	1	0	0	2	905	1058	1396	1923	2568	3090	3474	3608	3600	3415	3270	3051	2822	2616	2457	2314	2330	2462	2728	3072	3388	3576	3608	3545	3407	3210	3009	2815	2583	2443	2294	2152	
199	1192	95.0	95.0	1	0	0	2	918	1013	1387	1925	2606	3109	3485	3614	3580	3447	3276	3039	2808	2619	2433	2344	2293	2470	2744	3081	3411	3571	3572	3560	3391	3199	2991	2792	2594	2438	2260	2130	
199	1209	95.0	95.0	1	0	0	2	924	1040	1386	1918	2594	3097	3446	3600	3566	3435	3254	3031	2760	2629	2451	2333	2343	2466	2755	3094	3346	3592	3587	3520	3381	3230	3038	2810	2619	2436	2271	2125	
199	1226	94.9	95.0	1	0	0	2	902	1060	1413	1937	2578	3110	3458	3621	3590	3440	3276	3027	2802	2580	2433	2328	2321	2459	2782	3079	3403	3583	3601	3551	3413	3220	3029	2801	2599	2446	2279	2147	
199	1243	94.9	95.0	1	0	0	2	894	1047	1412	1928	2593	3100	3474	3589	3575	3431	3281	3042	2826	2630	2448	2359	2334	2463	2739	3058	3394	3566	3598	3544	3392	3199	3017	2813	2609	2437	2296	2145	
199	1261	95.0	95.0	1	0	0	2	937	1054	1395	1928	2571	3079	3447	3620	3602	3442	3285	3044	2821	2596	2441	2334	2336	2476	2750	3065	3399	3547	3596	3534	3398	3193	3015	2783	2607	2427	2307	2146	
199	1278	94.9	95.0	1	0	0	2	903	1059	1406	1944	2580	3106	3464	3622	3617	3402	3272	3043	2821	2632	2426	2295	2348	2462	2731	3115	3404	3588	3573	3553	3381	3232	3017	2780	2610	2436	2280	2140	
199	1323	95.0	95.0	1	1	0	2	912	1044	1401	1943	2583	3132	3470	3639	3591	3450	3242	3060	2823	2608	2448	2328	2325	2506	2772	3101	3381	3543	3613	3548	3428	3196	3013	2833	2600	2436	2262	2147	
199	1386	59.9	60.2	1	1	1	2	985	1255	2004	3128	4464	5470	6146	6310	6139	5687	5358	4835	4368	3953	3624	3266	3150	3177	3449	3881	4288	4522	4576	4517	4233	3988	3703	3424	3097	2861	2675	2482	
199	1403	60.0	60.0	1	1	1	2	978	1249	2012	3108	4446	5503	6167	6278	6179	5759	5337	4874	4400	3943	3558	3284	3156	3181	3461	3869	4281	4532	4545	4533	4230	3978	3678	3344	3094	2850	2681	2465	
199	1420	60.0	60.0	1	1	1	2	965	1315	1997	3115	4441	5500	6171	6294	6162	5740	5358	4913	4388	3945	3553	3264	3216	3207	3474	3862	4282	4533	4545	4464	4229	3977	3683	3365	3103	2858	2669	2490	
199	1437	59.9	60.0	1	1	1	2	955	1268	2060	3129	4488	5542	6176	6334	6172	5816	5334	4889	4402	3984	3595	3269	3165	3201	3517	3900	4236	4583	4546	4513	4266	3967	3696	3439	3104	2863	2657	2472	
199	1455	60.0	60.0	1	1	1	2	1007	1277	2007	3164	4488	5480	6212	6353	6148	5796	5301	4863	4365	3976	3586	3292	3147	3225	3491	3878	4301	4554	4540	4518	4233	3969	3705	3386	3117	2860	2658	2464	
199	1472	60.0	60.0	1	1	1	2	990	1260	2025	3130	4468	5552	6168	6351	6163	5778	5390	4901	4391	3944	3599	3286	3178	3244	3465	3909	4269	4532	4538	4492	4316	3983	3716	3402	3068	2851	2654	2472	
199	1489	59.9	60.0	1	1	1	2	981	1277	2012	3148	4465	5502	6191	6308	6146	5738	5320	4895	4388	3962	3588	3265	3154	3189	3497	3871	4240	4538	4531	4522	4232	3993	3705	3380	3048	2844	2649	2463	
199	1552	95.2	95.0	2	1	0	2	897	1064	1413	1947	2621	3125	3538	3636	3639	3462	3328	3088	2840	2633	2461	2383	2361	2502	2814	3102	3421	3637	3623	3597	3438	3245	3026	2819	2622	2463	2310	2152	
199	1569	95.0	95.0	2	1	0	2	915	1057	1413	1956	2613	3124	3502	3631	3611	3468	3301	3067	2832	2627	2456	2346	2347	2494	2773	3106	3450	3656	3612	3587	3437	3258	3062	2822	2624	2445	2321	2143	
199	1632	59.8	60.1	2	1	1	2	933	1261	1997	3148	4455	5481	6175	6323	6165	5746	5373	4875	4388	3984	3593	3320	3141	3238	3473	3916	4295	4552	4599	4498	4293	4006	3712	3397	3092	2856	2681	2473	
199	1649	59.9	60.0	2	1	1	2	968	1288	2020	3108	4477	5562	6236	6352	6183	5792	5390	4918	4395	3993	3576	3277	3164	3215	3491	3892	4255	4603	4575	4509	4314	4005	3735	3376	3104	2860	2670	2482	
199	1666	59.9	60.0	2	1	1	2	978	1295	2016	3137	4464	5569	6122	6376	6143	5795	5358	4908	4391	3992	3613	3290	3148	3193	3509	3901	4288	4571	4561	4518	4301	4000	3738	3409	3145	2867	2668	2488	
199	1684	60.0	60.0	2	1	1	2	985	1282	2021	3134	4421	5545	6113	6339	6180	5744	5378	4903	4388	3971	3588	3268	3168	3211	3545	3864	4291	4568	4576	4496	4290	3992	3720	3382	3089	2845	2679	2441	
199	1701	59.9	60.0	2	1	1	2	970	1253	2030	3144	4474	5531	6162	6287	6176	5716	5332	4848	4384	3953	3577	3275	3173	3179	3475	3920	4310	4578	4598	4513	4283	3999	3700	3395	3103	2854	2656	2458	
199	1718	59.9	60.0	2	1	1	2	1003	1287	2016	3158	4495	5539	6189	6336	6149	5724	5351	4920	4396	3985	3596	3292	3132	3245	3493	3876	4302	4567	4580	4506	4240	4000	3695	3406	3075	2848	2703	2477	
199	1735	59.9	60.0	2	1	1	2	980	1282	2039	3182	4441	5538	6148	6313	6138	5757	5358	4886	4371	3995	3615	3262	3186	3183	3507	3894	4308	4540	4573	4508	4274	3987	3692	3389	3080	2848	2674	2469	
199	1798	95.1	95.0	3	1	0	2	901	1059	1418	1966	2641	3192	3541	3678	3644	3465	3329	3106	2821	2628	2483	2365	2358	2504	2797	3137	3429	3608	3662	3622	3449	3281	3081	2845	2656	2468	2325	2151	
199	1815	95.0	95.0	3	1	0	2	901	1037	1410	1949	2612	3152	3496	3641	3630	3484	3307	3089	2867	2625	2496	2339	2354	2494	2781	3156	3393	3607	3656	3597	3413	3220	3043	2829	2613	2468	2300	2165	
199	1878	59.8	60.1	3	1	1	2	972	1279	2007	3165	4483	5548	6152	6364	6157	5710	5373	4869	4408	4006	3588	3291	3202	3203	3494	3894	4282	4537	4541	4507	4278	4020	3693	3442	3113	2848	2673	2482	
199	1895	59.9	60.0	3	1	1	2	996	1277	2018	3120	4446	5529	6141	6318	6206	5764	5343	4880	4415	3980	3593	3286	3140	3222	3516	3892	4308	4554	4547	4520	4290	4014	3663	3388	3099	2867	2668	2488	
199	1912	59.9	60.0	3	1	1	2	991	1301	2021	3152	4502	5548	6189	6354	6156	5689	5354	4860	4399	3988	3584	3289	3162	3227	3469	3915	4283	4560	4552	4500	4269	4001	3682	3370	3120	2833	2677	2475	
199	1930	60.0	60.0	3	1	1	2	971	1281	2016	3146	4486	5484	6166	6381	6152	5741	5366	4888	4396	3961	3608	3267	3159	3214	3465	3897	4262	4549	4553	4513	4299	3988	3733	3371	3084	2871	2690	2475	
199	1947	60.0	60.0	3	1	1	2	980	1295	2000	3135	4497	5592	6201	6328	6146	5748	5370	4868	4385	3944	3594	3298	3133	3216	3508	3892	4272	4583	4582	4529	4276	3990	3739	3381	3104	2864	2672	2469	
199	1964	60.0	60.0	3	1	1	2	989	1276	2015	3147	4514	5511	6186	6351	6195	5776	5351	4900	4419	3996	3592	3271	3149	3223	3506	3889	4302	4584	4598	4502	4307	4005	3701	3392	3121	2859	2664	2486	
199	1981	60.0	60.0	3	1	1	2	988	1273	2042	3173	4540	5528	6180	6320	6152	5789	5369	4918	4423	3995	3598	3310	3185	3217	3508	3902	4264	4619	4559	4498	4280	4018	3730	3400	3079	2866	2705	2494	
199	2044	95.2	95.0	4	1	0	2	909	1057	1391	1951	2634	3147	3505	3672	3661	3496	3344	3070	2819	2637	2473	2350	2381	2503	2797	3091	3426	3629	3618	3601	3426	3256	3017	2825	2637	2486	2280	2167	
199	2061	95.0	95.0	4	1	0	2	903	1049	1411	1963	2594	3159	3493	3653	3647	3488	3303	3076	2836	2667	2448	2343	2376	2481	2777	3095	3436	3605	3590	3583	3445	3255	3053	2819	2617	2437	2332	2163	
199	2124	59.8	60.1	4	1	1	2	984	1284	2001	3148	4497	5508	6162	6320	6196	5811	5307	4921	4330	3964	3593	3285	3168	3226	3506	3860	4275	4576	4614	4513	4251	3984	3750	3413	3086	2843	2637	2491	
199	2141	59.9	60.0	4	1	1	2	978	1279	2019	3116	4451	5514	6168	6268	6154	5742	5325	4884	4357	3985	3568	3282	3141	3248	3493	3842	4260	4485	4538	4491	4260	4025	3669	3414	3073	2843	2668	2454	
199	2159	59.9	60.0	4	1	1	2	976	1274	2048	3140	4456	5458	6170	6307	6154	5787	5321	4856	4408	3999	3615	3270	3192	3191	3493	3882	4314	4546	4595	4522	4254	3996	3687	3401	3094	2842	2693	2464	
199	2176	60.0	60.0	4	1	1	2	986	1261	2010	3128	4462	5504	6195	6317	6126	5778	5391	4895	4409	3974	3548	3241	3152	3210	3478	3889	4307	4543	4577	4517	4266	4013	3735	3338	3105	2832	2659	2452	
199	2193	60.0	60.0	4	1	1	2	998	1277	2015	3124	4445	5517	6174	6293	6126	5756	5316	4826	4397	3971	3568	3283	3172	3226	3500	3898	4273	4533	4572	4539	4282	3978	3700	3349	3084	2853	2652	2459	
199	2210	59.9	60.0	4	1	1	2	984	1271	2021	3117	4425	5504	6132	6299	6085	5767	5416	4875	4383	4009	3583	3242	3180	3224	3491	3895	4266	4598	4571	4476	4282	3999	3699	3380	3111	2859	2656	2455	
199	2227	60.0	60.0	4	1	1	2	980	1282	1991	3136	4434	5501	6140	6307	6122	5743	5325	4902	4400	3949	3604	3280	3153	3208	3512	3883	4316	4547	4577	4527	4259	3985	3670	3353	3103	2850	2663	2469	
199	2290	95.1	95.0	5	1	0	2	911	1056	1419	1959	2651	3171	3513	3700	3632	3479	3333	3104	2854	2643	2479	2328	2346	2508	2776	3130	3448	3623	3632	3580	3434	3266	3030	2870	2628	2480	2315	2146	
199	2307	95.0	95.0	5	1	0	2	914	1042	1406	1941	2580	3097	3539	3617	3676	3489	3307	3097	2833	2651	2447	2351	2312	2498	2762	3104	3406	3581	3628	3599	3445	3228	3009	2792	2629	2459	2280	2149	
199	2370	59.8	60.1	5	1	1	2	978	1290	1994	3104	4453	5515	6139	6268	6148	5717	5363	4889	4376	3965	3613	3251	3167	3207	3510	3878	4309	4546	4591	4488	4293	3982	3670	3409	3093	2853	2633	2463	
199	2387	59.9	60.0	5	1	1	2	980	1280	2029	3123	4470	5514	6187	6285	6131	5733	5324	4909	4397	3954	3580	3258	3166	3227	3484	3868	4296	4549	4556	4502	4264	4005	3669	3364	3085	2880	2650	2487	
199	2405	60.0	60.0	5	1	1	2	977	1279	2010	3144	4509	5557	6134	6289	6151	5767	5373	4868	4367	3987	3586	3281	3141	3191	3482	3877	4273	4595	4577	4505	4287	3991	3677	3426	3086	2834	2663	2463	
199	2422	60.0	60.0	5	1	1	2	963	1288	2000	3185	4472	5503	6145	6283	6128	5728	5367	4820	4370	3965	3578	3278	3152	3179	3485	3836	4252	4504	4560	4497	4275	3968	3673	3382	3092	2811	2651	2445	
199	2439	59.9	60.0	5	1	1	2	975	1282	2036	3140	4503	5493	6157	6309	6182	5712	5345	4854	4387	3967	3596	3279	3171	3162	3509	3918	4211	4577	4543	4520	4267	4011	3697	3368	3091	2844	2652	2489	
199	2456	60.0	60.0	5	1	1	2	973	1290	2007	3098	4449	5570	6132	6353	6193	5721	5353	4915	4389	3972	3585	3268	3167	3202	3508	3867	4307	4539	4551	4492	4269	3940	3697	3377	3112	2868	2669	2469	
199	2474	60.0	60.0	5	1	1	2	989	1290	2022	3105	4447	5458	6126	6270	6121	5721	5308	4870	4354	3955	3574	3253	3164	3203	3446	3887	4251	4549	4560	4503	4232	3966	3677	3375	3095	2834	2668	2457	
199	2536	95.2	95.0	6	1	0	2	908	1042	1404	1943	2612	3139	3488	3612	3585	3517	3316	3110	2858	2629	2487	2326	2352	2468	2751	3094	3408	3619	3616	3576	3421	3241	3035	2816	2628	2458	2299	2140	
199	2553	95.0	95.0	6	1	0	2	903	1049	1406	1938	2598	3124	3464	3643	3622	3435	3283	3071	2818	2628	2434	2333	2329	2480	2764	3112	3447	3594	3630	3574	3454	3214	3015	2819	2595	2465	2320	2142	
199	2616	59.8	60.1	6	1	1	2	968	1292	2014	3129	4437	5463	6150	6279	6116	5709	5342	4877	4358	3977	3599	3264	3138	3180	3445	3874	4287	4534	4536	4454	4222	3959	3676	3369	3092	2843	2648	2445	
199	2634	59.9	60.0	6	1	1	2	976	1299	2011	3082	4450	5484	6164	6269	6124	5704	5304	4854	4368	3951	3532	3274	3146	3176	3464	3868	4248	4529	4536	4476	4251	3962	3694	3380	3088	2838	2660	2457	
199	2651	60.0	60.0	6	1	1	2	979	1278	2025	3078	4438	5487	6136	6267	6164	5717	5338	4829	4366	3969	3574	3257	3140	3184	3493	3888	4277	4516	4526	4461	4225	3988	3696	3366	3102	2842	2638	2429	
199	2668	60.0	60.0	6	1	1	2	969	1266	1996	3128	4407	5443	6170	6252	6119	5673	5286	4847	4354	3932	3580	3266	3152	3206	3449	3842	4260	4508	4533	4456	4229	3948	3670	3361	3010	2829	2653	2444	
199	2685	60.0	60.0	6	1	1	2	965	1292	1998	3104	4455	5480	6118	6262	6131	5688	5279	4845	4375	3917	3560	3255	3149	3189	3485	3856	4223	4511	4535	4451	4249	3954	3668	3376	3079	2834	2684	2445	
199	2703	60.0	60.0	6	1	1	2	960	1273	2016	3135	4397	5491	6117	6288	6083	5672	5359	4822	4360	3936	3560	3288	3101	3192	3523	3861	4221	4526	4513	4469	4224	3964	3645	3368	3101	2840	2651	2454	
199	2720	60.0	60.0	6	1	1	2	954	1300	2003	3129	4436	5443	6126	6269	6094	5711	5244	4845	4345	3895	3582	3261	3150	3218	3479	3878	4210	4499	4512	4466	4216	3937	3637	3363	3083	2810	2636	2464	
199	2782	95.1	95.0	7	1	0	2	905	1045	1399	1941	2628	3155	3509	3649	3636	3465	3337	3085	2831	2640	2457	2337	2379	2502	2750	3078	3449	3607	3589	3540	3423	3225	3046	2847	2592	2413	2316	2160	
199	2800	95.0	95.0	7	1	0	2	912	1040	1418	1953	2596	3122	3463	3611	3595	3442	3273	3042	2811	2647	2449	2349	2341	2449	2755	3084	3372	3603	3581	3537	3394	3267	2999	2824	2607	2415	2297	2107	
199	2862	59.8	60.1	7	1	1	2	968	1247	1998	3109	4400	5458	6089	6241	6066	5660	5314	4851	4333	3891	3541	3260	3128	3199	3475	3855	4234	4459	4507	4464	4222	3963	3639	3401	3069	2817	2693	2464	
199	2880	60.0	60.0	7	1	1	2	971	1292	1999	3118	4404	5465	6126	6271	6033	5658	5322	4788	4361	3893	3519	3237	3086	3172	3431	3821	4255	4461	4503	4463	4221	3961	3680	3380	3097	2812	2634	2461	
199	2897	59.9	60.0	7	1	1	2	993	1284	1998	3109	4416	5465	6116	6266	6061	5660	5268	4840	4319	3944	3529	3238	3108	3217	3444	3871	4252	4475	4547	4466	4231	3941	3684	3360	3084	2835	2646	2430	
199	2914	59.9	60.0	7	1	1	2	976	1270	2002	3099	4370	5459	6093	6222	6046	5689	5264	4818	4378	3890	3554	3253	3125	3177	3455	3824	4234	4536	4484	4448	4197	3947	3675	3338	3059	2791	2625	2444	
199	2931	59.9	60.0	7	1	1	2	974	1280	1996	3069	4387	5420	6072	6250	6131	5693	5270	4796	4315	3926	3551	3265	3115	3176	3451	3841	4223	4492	4468	4461	4247	3973	3637	3337	3052	2807	2636	2456	
199	2949	60.0	60.0	7	1	1	2	974	1280	1989	3097	4404	5425	6056	6248	6058	5631	5295	4786	4332	3948	3513	3231	3114	3181	3433	3798	4238	4464	4510	4428	4214	3910	3651	3335	3048	2820	2630	2433	
199	2966	60.0	60.0	7	1	1	2	969	1281	2000	3071	4367	5442	6069	6213	6058	5607	5282	4830	4315	3912	3537	3223	3107	3178	3440	3812	4230	4515	4493	4435	4225	3929	3609	3373	3047	2821	2639	2464	
199	3030	95.0	95.1	8	1	0	2	912	1034	1396	1913	2559	3131	3470	3663	3595	3433	3279	3051	2800	2629	2415	2333	2361	2468	2735	3067	3400	3600	3593	3546	3402	3191	3010	2817	2602	2405	2285	2149	
199	3048	95.0	95.0	8	1	0	2	903	1045	1405	1939	2577	3100	3488	3625	3570	3429	3288	3051	2778	2627	2435	2323	2304	2482	2757	3076	3382	3592	3570	3499	3361	3213	2989	2830	2581	2412	2291	2135	
199	3110	59.8	60.1	8	1	1	2	965	1279	1989	3094	4403	5434	6103	6247	6078	5603	5303	4810	4342	3918	3559	3222	3139	3206	3421	3832	4220	4520	4524	4448	4215	3905	3630	3365	3008	2820	2631	2411	
199	3127	59.9	60.0	8	1	1	2	972	1284	2002	3088	4379	5445	6060	6262	6048	5660	5228	4791	4323	3893	3529	3264	3136	3179	3432	3827	4225	4479	4514	4424	4167	3954	3631	3363	3054	2780	2623	2430	
199	3144	60.0	60.0	8	1	1	2	975	1289	1989	3055	4430	5452	6067	6210	6021	5623	5241	4783	4327	3907	3534	3223	3120	3172	3446	3793	4241	4502	4502	4395	4191	3924	3650	3322	3070	2827	2630	2472	
199	3161	60.0	60.0	8	1	1	2	967	1276	2002	3087	4389	5422	6052	6180	6053	5613	5254	4845	4291	3914	3541	3206	3111	3186	3423	3818	4256	4446	4477	4422	4194	3967	3647	3350	3068	2832	2667	2446	
199	3179	60.0	60.0	8	1	1	2	968	1296	1999	3101	4360	5445	6051	6168	6001	5648	5214	4805	4342	3909	3537	3217	3115	3138	3416	3820	4260	4503	4491	4380	4178	3952	3641	3353	3053	2783	2629	2440	
199	3196	60.0	60.0	8	1	1	2	964	1268	1978	3079	4371	5430	6083	6186	6016	5630	5242	4793	4346	3894	3522	3242	3079	3138	3426	3816	4226	4485	4503	4460	4218	3928	3640	3322	3054	2810	2648	2418	
199	3213	60.0	60.0	8	1	1	2	977	1265	1984	3070	4404	5392	6063	6195	6047	5633	5293	4780	4318	3869	3511	3228	3107	3189	3427	3825	4231	4453	4498	4412	4159	3932	3650	3333	3070	2810	2634	2408	
199	3276	95.1	95.0	9	1	0	2	904	1042	1391	1947	2561	3106	3450	3613	3572	3432	3252	3049	2794	2622	2420	2317	2317	2483	2715	3045	3316	3549	3598	3553	3351	3177	3009	2799	2595	2422	2275	2139	
199	3293	95.0	95.0	9	1	0	2	909	1053	1405	1924	2569	3104	3470	3601	3569	3429	3254	3031	2779	2618	2437	2320	2359	2420	2697	3067	3383	3568	3557	3491	3386	3176	3020	2784	2576	2440	2255	2127	
199	3356	59.8	60.1	9	1	1	2	980	1280	2022	3083	4368	5441	6045	6212	6025	5695	5303	4796	4304	3919	3532	3241	3120	3166	3431	3818	4204	4482	4484	4439	4186	3945	3644	3305	3069	2830	2637	2420	
199	3373	60.0	60.0	9	1	1	2	997	1279	2000	3084	4324	5402	6050	6154	6025	5636	5252	4804	4308	3898	3518	3225	3076	3147	3447	3790	4202	4466	4498	4408	4194	3940	3623	3319	3022	2813	2619	2433	
199	3390	59.9	60.0	9	1	1	2	961	1276	1971	3082	4355	5394	6010	6172	6032	5599	5254	4796	4299	3924	3560	3197	3116	3147	3435	3808	4181	4472	4473	4405	4173	3897	3633	3325	3027	2796	2620	2435	
199	3407	59.9	60.0	9	1	1	2	964	1272	2003	3111	4402	5432	6066	6186	6014	5607	5236	4788	4316	3874	3535	3207	3082	3154	3439	3808	4214	4465	4484	4419	4228	3933	3600	3338	3021	2815	2595	2395	
199	3425	60.0	60.0	9	1	1	2	980	1272	1998	3065	4359	5428	6003	6141	5983	5551	5217	4794	4311	3884	3523	3206	3089	3177	3424	3808	4193	4460	4466	4402	4192	3897	3611	3334	3023	2796	2613	2429	
199	3442	59.9	60.0	9	1	1	2	970	1276	1989	3059	4387	5405	6022	6154	6018	5675	5226	4782	4298	3898	3542	3216	3081	3132	3383	3794	4191	4422	4445	4408	4190	3884	3595	3304	3034	2801	2615	2417	
199	3459	60.0	60.0	9	1	1	2	963	1295	1976	3100	4368	5395	5997	6175	5974	5627	5233	4792	4302	3845	3526	3233	3089	3160	3442	3763	4238	4440	4448	4418	4189	3878	3600	3303	3019	2797	2577	2405	
199	3522	95.0	95.0	10	1	0	2	904	1045	1383	1939	2549	3067	3477	3600	3579	3403	3254	3051	2812	2593	2432	2322	2333	2435	2720	3038	3390	3543	3567	3519	3349	3171	2997	2769	2588	2393	2296	2090	
199	3539	95.0	95.0	10	1	0	2	898	1038	1409	1915	2560	3098	3456	3595	3538	3412	3215	3036	2793	2585	2433	2288	2325	2462	2697	3019	3333	3511	3532	3544	3369	3145	2958	2772	2578	2392	2276	2112	
199	3602	59.8	60.1	10	1	1	2	971	1308	1981	3067	4352	5409	5999	6145	6014	5591	5233	4771	4313	3876	3519	3175	3104	3126	3362	3814	4189	4415	4452	4380	4148	3907	3607	3341	3025	2797	2617	2425	
199	3619	59.9	60.0	10	1	1	2	959	1271	1989	3089	4358	5388	6016	6145	6003	5591	5236	4758	4296	3873	3498	3218	3095	3162	3411	3776	4158	4468	4459	4392	4193	3910	3628	3321	3061	2778	2633	2412	
199	3636	60.0	60.0	10	1	1	2	977	1290	1986	3076	4381	5378	6033	6119	6016	5609	5226	4793	4302	3872	3513	3215	3070	3151	3465	3791	4189	4468	4479	4413	4165	3924	3614	3318	3044	2800	2608	2462	
199	3654	60.0	60.0	10	1	1	2	972	1285	1986	3049	4300	5365	5994	6142	5962	5587	5200	4715	4278	3869	3539	3194	3102	3123	3408	3780	4173	4416	4488	4379	4149	3891	3618	3365	3002	2789	2588	2401	
199	3671	59.9	60.0	10	1	1	2	982	1278	1997	3076	4335	5378	5916	6112	6001	5600	5199	4730	4301	3872	3505	3214	3097	3114	3390	3805	4160	4406	4475	4388	4195	3866	3590	3314	3050	2762	2596	2430	
199	3688	60.0	60.0	10	1	1	2	972	1267	1996	3069	4334	5387	5972	6153	5968	5558	5211	4779	4270	3853	3518	3219	3056	3111	3396	3778	4126	4425	4464	4391	4198	3902	3588	3308	3024	2805	2605	2420	
199	3705	59.9	60.0	10	1	1	2	964	1262	2013	3072	4324	5355	5982	6126	6001	5559	5219	4739	4269	3890	3512	3231	3071	3116	3435	3765	4158	4403	4452	4387	4187	3886	3602	3300	3023	2798	2608	2405	
199	3768	95.2	95.0	11	1	0	2	904	1041	1390	1934	2536	3071	3448	3564	3569	3406	3230	3051	2795	2599	2377	2306	2320	2443	2708	2995	3342	3527	3560	3502	3353	3184	2924	2770	2563	2403	2255	2107	
199	3785	95.0	95.0	11	1	0	2	905	1052	1401	1953	2562	3067	3404	3564	3567	3384	3215	2999	2765	2619	2398	2310	2323	2436	2709	3050	3305	3512	3525	3481	3326	3188	2987	2739	2583	2403	2261	2104	
199	3848	59.8	60.1	11	1	1	2	964	1298	1965	3062	4317	5339	5969	6175	6008	5566	5237	4740	4272	3844	3495	3187	3078	3161	3425	3808	4196	4445	4454	4367	4154	3909	3610	3309	3058	2798	2606	2409	
199	3865	59.9	60.0	11	1	1	2	969	1276	1990	3077	4334	5374	5989	6117	5985	5608	5149	4724	4261	3861	3498	3171	3081	3127	3361	3773	4158	4448	4413	4338	4127	3874	3585	3318	3025	2805	2579	2395	
199	3882	60.0	60.0	11	1	1	2	971	1278	1987	3093	4345	5381	5981	6149	5925	5576	5213	4767	4253	3881	3503	3204	3104	3113	3408	3771	4144	4433	4445	4389	4186	3909	3601	3276	3032	2796	2600	2413	
199	3900	60.0	60.0	11	1	1	2	971	1255	1970	3030	4307	5350	5939	6153	5954	5581	5163	4722	4248	3887	3483	3231	3044	3138	3403	3770	4192	4425	4435	4382	4157	3867	3619	3285	3033	2766	2592	2430	
199	3917	60.0	60.0	11	1	1	2	972	1266	1960	3072	4308	5368	5983	6108	5914	5571	5175	4732	4266	3845	3503	3179	3057	3116	3386	3715	4145	4411	4395	4341	4127	3874	3612	3268	3002	2782	2598	2401	
199	3934	60.0	60.0	11	1	1	2	975	1272	1957	3081	4333	5343	5899	6101	5987	5567	5163	4710	4225	3878	3486	3154	3060	3128	3374	3768	4155	4410	4438	4350	4152	3848	3652	3279	3001	2747	2585	2418	
199	3951	60.0	60.0	11	1	1	2	957	1267	1992	3033	4330	5327	5974	6081	5922	5566	5171	4731	4255	3851	3492	3168	3057	3109	3334	3760	4149	4423	4455	4365	4131	3853	3592	3313	2995	2765	2591	2395	
199	4016	95.1	95.1	12	1	0	2	898	1038	1387	1909	2552	3091	3447	3578	3569	3379	3254	2984	2776	2583	2415	2294	2296	2435	2698	3028	3333	3529	3520	3501	3372	3136	2964	2749	2560	2363	2251	2087	
199	4033	95.0	95.0	12	1	0	2	897	1044	1384	1892	2552	3036	3441	3516	3543	3374	3235	3006	2792	2554	2372	2277	2319	2459	2710	3033	3311	3525	3520	3467	3327	3146	2954	2761	2561	2397	2225	2114	
199	4094	59.8	60.2	12	1	1	2	967	1263	1980	3057	4315	5346	5976	6112	5946	5564	5193	4726	4271	3827	3471	3181	3050	3120	3377	3793	4144	4413	4415	4380	4152	3852	3611	3275	3033	2752	2583	2400	
199	4111	59.9	60.0	12	1	1	2	1001	1266	1979	3047	4339	5328	5951	6117	5938	5530	5156	4717	4253	3810	3478	3185	3051	3099	3381	3766	4181	4403	4445	4360	4138	3872	3572	3287	3030	2766	2571	2393	
199	4128	60.0	60.0	12	1	1	2	973	1293	1972	3050	4279	5356	5916	6102	5939	5559	5150	4719	4264	3845	3464	3197	3058	3115	3373	3753	4136	4409	4408	4333	4138	3845	3560	3279	3041	2772	2585	2375	
199	4146	60.0	60.0	12	1	1	2	971	1280	1948	3056	4304	5322	5913	6054	5906	5532	5194	4676	4256	3834	3454	3143	3051	3099	3360	3765	4094	4350	4413	4363	4099	3856	3591	3290	3020	2762	2601	2372	
199	4163	60.0	60.0	12	1	1	2	965	1266	1959	3066	4296	5309	5972	6090	5951	5560	5159	4693	4247	3869	3494	3182	3067	3095	3426	3761	4118	4389	4450	4319	4150	3866	3564	3280	3001	2758	2601	2395	
199	4180	59.9	60.0	12	1	1	2	969	1286	1967	3036	4263	5321	5911	6055	5908	5510	5173	4685	4242	3848	3491	3157	3033	3102	3337	3776	4130	4363	4391	4334	4091	3877	3572	3308	2995	2780	2561	2414	
199	4197	60.0	60.0	12	1	1	2	964	1277	1966	3030	4306	5338	5946	6152	5929	5575	5145	4700	4242	3852	3479	3168	3031	3112	3385	3717	4216	4376	4413	4381	4143	3880	3555	3261	2995	2753	2609	2403	
199	4260	95.3	95.0	13	1	0	2	905	1040	1381	1908	2558	3072	3413	3572	3531	3405	3222	2993	2736	2559	2401	2282	2298	2422	2677	2988	3308	3508	3572	3456	3323	3152	2950	2710	2566	2354	2254	2072	
199	4277	95.0	95.0	13	1	0	2	900	1041	1396	1911	2543	3038	3400	3505	3496	3386	3213	2981	2781	2556	2392	2272	2324	2417	2677	2993	3298	3485	3511	3446	3277	3112	2953	2741	2533	2377	2247	2101	
199	4340	59.7	60.1	13	1	1	2	976	1256	1967	3049	4271	5346	5954	6054	5940	5530	5150	4708	4266	3826	3452	3173	3074	3098	3388	3792	4134	4399	4438	4334	4156	3839	3624	3273	2993	2755	2581	2396	
199	4357	59.9	60.0	13	1	1	2	1002	1285	1969	3046	4303	5303	5904	6056	5913	5508	5128	4699	4188	3820	3466	3165	3066	3074	3382	3767	4130	4392	4413	4338	4126	3809	3584	3288	2994	2789	2573	2383	
199	4374	60.0	60.0	13	1	1	2	965	1266	1969	3029	4294	5347	5928	6075	5926	5540	5176	4714	4229	3832	3464	3175	3050	3095	3364	3761	4100	4375	4402	4322	4154	3821	3552	3281	2972	2778	2581	2412	
199	4392	59.9	60.0	13	1	1	2	975	1262	1948	3073	4297	5307	5868	6120	5855	5519	5116	4694	4209	3830	3446	3150	3072	3100	3354	3715	4099	4339	4388	4369	4097	3888	3546	3292	2977	2798	2548	2374	
199	4409	60.0	60.0	13	1	1	2	984	1268	1971	3050	4326	5274	5937	6084	5938	5560	5157	4700	4222	3833	3484	3166	3034	3090	3402	3784	4114	4394	4348	4347	4148	3841	3564	3293	3012	2778	2572	2400	
199	4426	60.0	60.0	13	1	1	2	951	1265	1979	3010	4267	5288	5937	6084	5876	5529	5112	4676	4221	3814	3442	3140	3033	3096	3337	3739	4152	4376	4360	4321	4140	3852	3581	3268	3009	2754	2589	2398	
199	4443	59.9	60.0	13	1	1	2	974	1284	1985	3025	4270	5268	5922	6067	5912	5566	5135	4672	4205	3810	3471	3178	3036	3106	3357	3754	4086	4404	4371	4318	4091	3847	3576	3244	2990	2752	2574	2387	
199	4508	95.1	95.1	14	1	0	2	903	1052	1400	1938	2540	3030	3407	3520	3495	3352	3189	2975	2738	2573	2377	2281	2283	2398	2665	3012	3323	3469	3502	3443	3284	3124	2945	2704	2523	2374	2232	2097	
199	4525	95.0	95.0	14	1	0	2	906	1046	1376	1905	2540	3056	3384	3534	3528	3369	3192	2980	2765	2544	2369	2265	2321	2411	2686	2970	3287	3474	3467	3465	3278	3149	2954	2739	2546	2362	2207	2089	
199	4588	59.8	60.1	14	1	1	2	968	1277	1954	3052	4281	5283	5872	6123	5870	5479	5161	4670	4213	3819	3435	3184	3064	3094	3363	3732	4105	4353	4369	4364	4107	3864	3579	3246	2997	2739	2579	2396	
199	4605	59.9	60.0	14	1	1	2	968	1290	1984	3049	4300	5289	5899	6007	5839	5520	5141	4692	4251	3813	3448	3159	3030	3097	3340	3718	4127	4350	4394	4345	4112	3839	3557	3252	2973	2787	2555	2391	
199	4623	60.0	60.0	14	1	1	2	964	1291	1945	3017	4306	5272	5915	6064	5875	5489	5136	4697	4233	3819	3443	3186	3064	3073	3374	3732	4110	4395	4442	4352	4094	3800	3570	3267	2971	2774	2551	2367	
199	4640	59.9	60.0	14	1	1	2	973	1272	1950	3005	4286	5253	5895	6052	5889	5505	5154	4694	4230	3815	3457	3129	3030	3096	3343	3745	4079	4356	4357	4311	4064	3816	3539	3257	2959	2717	2552	2384	
199	4657	59.9	60.0	14	1	1	2	953	1264	1939	3027	4283	5316	5883	5984	5877	5533	5094	4683	4208	3824	3443	3183	3041	3107	3329	3734	4102	4358	4371	4316	4100	3817	3552	3242	2966	2755	2563	2409	
199	4674	60.0	60.0	14	1	1	2	970	1276	1950	3029	4280	5256	5900	5998	5855	5450	5176	4642	4181	3838	3431	3157	3030	3091	3328	3720	4127	4343	4389	4328	4110	3823	3548	3301	2966	2729	2561	2384	
199	4692	60.0	60.0	14	1	1	2	967	1280	1987	2995	4259	5284	5888	6035	5854	5517	5136	4699	4182	3830	3429	3145	3036	3081	3367	3727	4125	4331	4391	4328	4049	3828	3553	3268	2959	2748	2553	2372	
199	4756	95.1	95.1	15	1	0	2	909	1028	1386	1874	2519	3052	3363	3511	3512	3337	3214	3006	2749	2552	2408	2303	2288	2394	2657	2972	3253	3480	3506	3478	3268	3137	2912	2712	2550	2346	2220	2095	
199	4773	95.0	95.0	15	1	0	2	900	1038	1385	1926	2544	3025	3404	3573	3516	3341	3190	2942	2743	2547	2400	2259	2310	2408	2676	2989	3299	3452	3500	3426	3296	3104	2924	2745	2508	2400	2229	2080	
199	4836	59.7	60.1	15	1	1	2	958	1275	1940	3049	4266	5307	5862	6092	5881	5500	5138	4715	4222	3814	3441	3131	3032	3073	3365	3747	4125	4331	4368	4278	4110	3848	3565	3278	3007	2739	2575	2384	
199	4853	60.0	60.0	15	1	1	2	972	1262	1950	3004	4314	5218	5897	5971	5852	5530	5128	4697	4200	3796	3443	3139	3020	3105	3329	3709	4135	4352	4381	4336	4108	3830	3531	3241	2999	2786	2551	2397	
199	4871	60.0	60.0	15	1	1	2	971	1268	1941	2992	4238	5288	5877	6019	5852	5467	5115	4678	4214	3810	3457	3146	3025	3080	3332	3729	4120	4390	4359	4277	4103	3800	3559	3283	2978	2736	2553	2392	
199	4888	59.9	60.0	15	1	1	2	961	1280	1978	3025	4276	5271	5848	6051	5871	5495	5130	4677	4208	3806	3444	3145	3046	3087	3353	3730	4117	4361	4382	4322	4059	3822	3559	3255	2962	2750	2574	2370	
199	4905	59.9	60.0	15	1	1	2	967	1255	1967	3038	4256	5256	5864	6032	5939	5543	5150	4663	4220	3800	3441	3108	3061	3062	3369	3735	4113	4392	4383	4316	4101	3823	3561	3266	2981	2753	2544	2402	
199	4922	60.0	60.0	15	1	1	2	959	1289	1944	3021	4278	5228	5863	5997	5884	5507	5073	4674	4210	3783	3432	3157	3047	3073	3355	3748	4090	4331	4381	4333	4065	3819	3521	3256	2990	2723	2555	2397	
199	4940	60.0	60.0	15	1	1	2	984	1281	1958	3019	4279	5311	5890	6050	5888	5465	5120	4643	4212	3791	3444	3158	3038	3102	3332	3722	4148	4358	4365	4329	4084	3825	3550	3262	2959	2766	2582	2353	
199	5004	95.1	95.1	16	1	0	2	899	1033	1395	1901	2530	3037	3408	3505	3487	3337	3155	2976	2720	2524	2368	2287	2269	2392	2681	2962	3271	3467	3460	3443	3272	3100	2921	2686	2513	2356	2225	2062	
199	5021	95.0	95.0	16	1	0	2	899	1026	1408	1884	2517	3021	3366	3515	3486	3347	3173	2970	2736	2532	2392	2272	2271	2436	2671	2979	3286	3478	3484	3428	3257	3103	2898	2714	2536	2354	2226	2078	
199	5084	59.8	60.1	16	1	1	2	963	1295	1964	3027	4303	5286	5874	6026	5894	5485	5133	4624	4201	3804	3466	3102	3047	3079	3336	3700	4099	4334	4377	4326	4064	3848	3538	3248	2987	2748	2589	2391	
199	5101	59.9	60.0	16	1	1	2	959	1273	1962	3039	4250	5299	5823	6051	5836	5482	5119	4632	4221	3833	3430	3146	3027	3061	3364	3729	4104	4352	4353	4338	4069	3807	3567	3255	2970	2766	2556	2364	
199	5119	59.9	60.0	16	1	1	2	971	1257	1952	3009	4265	5250	5857	6028	5885	5504	5124	4676	4184	3810	3440	3137	3017	3077	3357	3709	4061	4318	4357	4281	4074	3849	3564	3244	2982	2750	2560	2351	
199	5136	60.0	60.0	16	1	1	2	964	1272	1941	3020	4290	5285	5837	6032	5872	5485	5129	4685	4188	3825	3434	3155	3030	3078	3366	3704	4093	4337	4322	4315	4067	3817	3538	3246	2974	2710	2560	2394	
199	5153	60.0	60.0	16	1	1	2	964	1274	1936	3026	4270	5268	5878	6006	5850	5466	5107	4651	4200	3794	3493	3159	3027	3108	3336	3723	4102	4353	4334	4297	4090	3814	3518	3262	2975	2722	2576	2371	
199	5170	60.0	60.0	16	1	1	2	966	1275	1926	2998	4244	5275	5846	6028	5818	5434	5066	4633	4163	3798	3421	3113	3021	3060	3356	3696	4055	4348	4333	4281	4041	3814	3558	3246	2975	2745	2564	2375	
199	5188	60.0	60.0	16	1	1	2	981	1273	1966	3023	4275	5243	5887	5998	5832	5436	5065	4659	4122	3750	3423	3170	3009	3065	3319	3683	4079	4366	4364	4287	4058	3804	3508	3266	2970	2756	2562	2369	
199	5250	95.3	95.0	17	1	0	2	900	1049	1391	1905	2521	3019	3400	3529	3487	3336	3186	2945	2748	2544	2388	2266	2276	2427	2673	2954	3267	3450	3458	3434	3300	3111	2936	2727	2528	2355	2230	2092	
199	5267	95.0	95.0	17	1	0	2	895	1017	1400	1889	2534	3030	3395	3493	3489	3336	3167	2946	2732	2528	2364	2250	2307	2409	2645	2987	3220	3432	3443	3465	3277	3082	2892	2698	2523	2313	2225	2072	
199	5330	59.8	60.1	17	1	1	2	970	1276	1974	3006	4264	5271	5884	5983	5828	5476	5106	4652	4185	3789	3472	3151	3001	3059	3353	3729	4090	4347	4332	4280	4087	3809	3540	3260	2968	2713	2537	2365	
199	5348	59.9	60.0	17	1	1	2	947	1277	1934	2980	4294	5233	5866	6026	5867	5477	5135	4659	4219	3791	3409	3133	3020	3102	3338	3725	4088	4319	4324	4301	4069	3816	3574	3247	2971	2756	2540	2378	
199	5365	59.9	60.0	17	1	1	2	993	1269	1942	3011	4241	5255	5865	6015	5855	5474	5139	4668	4194	3815	3459	3140	3053	3071	3327	3717	4077	4315	4354	4267	4051	3815	3564	3273	2947	2755	2551	2392	
199	5382	59.9	60.0	17	1	1	2	975	1271	1965	3027	4242	5285	5901	6010	5816	5467	5104	4667	4215	3794	3457	3134	3007	3066	3329	3683	4078	4353	4355	4294	4102	3802	3508	3293	2957	2773	2562	2372	
199	5399	59.9	60.0	17	1	1	2	962	1271	1975	3024	4257	5223	5840	6037	5814	5489	5089	4712	4214	3799	3388	3116	2977	3085	3343	3716	4058	4303	4341	4289	4054	3816	3534	3221	2976	2758	2574	2376	
199	5417	60.0	60.0	17	1	1	2	975	1284	1957	2982	4224	5246	5856	5990	5844	5466	5061	4666	4151	3780	3439	3130	3036	3076	3320	3692	4050	4353	4375	4295	4070	3809	3535	3229	2942	2714	2548	2371	
199	5434	60.0	60.0	17	1	1	2	978	1274	1945	3033	4274	5232	5808	6006	5804	5487	5132	4645	4166	3783	3413	3152	2960	3029	3315	3680	4075	4314	4349	4248	4099	3801	3511	3221	2961	2707	2539	2337	
199	5498	95.1	95.1	18	1	0	2	896	1044	1380	1880	2548	3025	3371	3514	3491	3355	3197	2973	2731	2541	2387	2261	2279	2413	2649	2962	3249	3450	3468	3402	3282	3126	2903	2726	2526	2364	2216	2079	
199	5516	95.0	95.0	18	1	0	2	893	1047	1365	1909	2508	3014	3396	3467	3478	3278	3184	2950	2709	2527	2356	2274	2283	2410	2672	2959	3255	3443	3444	3426	3248	3076	2899	2712	2531	2337	2214	2072	
199	5578	59.8	60.1	18	1	1	2	960	1257	1952	3002	4242	5242	5845	5993	5825	5489	5060	4635	4168	3773	3423	3126	3036	3047	3298	3679	4049	4326	4338	4275	4086	3785	3549	3265	2942	2723	2547	2365	
199	5596	59.9	60.0	18	1	1	2	976	1258	1942	2992	4234	5250	5815	5964	5827	5453	5077	4651	4147	3776	3385	3134	3007	3041	3332	3685	4077	4318	4318	4249	4061	3780	3526	3206	2949	2755	2538	2378	
199	5613	59.9	60.0	18	1	1	2	985	1279	1917	3021	4248	5232	5881	6000	5828	5463	5100	4695	4174	3772	3452	3136	3023	3073	3333	3701	4076	4367	4397	4244	4101	3816	3533	3244	2994	2731	2569	2421	
199	5630	60.0	60.0	18	1	1	2	964	1263	1953	2997	4220	5277	5861	5981	5881	5468	5105	4640	4193	3808	3428	3133	3017	3077	3331	3722	4115	4317	4362	4242	4054	3844	3529	3242	2981	2723	2548	2355	
199	5647	59.9	60.0	18	1	1	2	967	1261	1954	3004	4246	5247	5864	6011	5840	5470	5093	4616	4197	3804	3443	3128	3020	3034	3312	3665	4100	4344	4350	4303	4041	3802	3533	3270	2984	2746	2571	2375	
199	5665	60.0	60.0	18	1	1	2	988	1281	1940	2998	4249	5252	5779	5921	5859	5470	5066	4642	4171	3740	3404	3129	2986	3068	3309	3696	4071	4328	4349	4282	4056	3802	3558	3236	2915	2738	2550	2356	
199	5682	60.0	60.0	18	1	1	2	979	1270	1938	2996	4207	5233	5836	5993	5831	5435	5084	4645	4158	3774	3390	3142	3021	3069	3361	3697	4053	4330	4337	4221	4090	3798	3509	3255	2963	2724	2555	2379	
199	5746	95.1	95.1	19	1	0	2	890	1045	1394	1917	2522	3017	3346	3523	3479	3350	3196	2952	2722	2548	2407	2250	2289	2411	2674	2964	3297	3474	3440	3454	3268	3073	2910	2725	2497	2353	2247	2053	
199	5764	95.0	95.0	19	1	0	2	904	1044	1389	1890	2504	2989	3362	3489	3456	3372	3174	2970	2707	2530	2374	2276	2255	2405	2653	2960	3250	3450	3428	3420	3238	3104	2918	2709	2522	2338	2205	2085	
199	5827	59.8	60.1	19	1	1	2	962	1272	1948	3030	4274	5223	5847	5981	5830	5472	5072	4649	4216	3799	3426	3106	3004	3050	3313	3711	4087	4299	4366	4277	4054	3795	3517	3181	2957	2732	2553	2374	
199	5844	59.9	60.0	19	1	1	2	975	1274	1946	3002	4217	5231	5854	5969	5797	5476	5108	4656	4202	3809	3408	3137	3060	3060	3330	3741	4114	4367	4343	4264	4064	3862	3529	3254	2952	2733	2554	2368	
199	5861	60.0	60.0	19	1	1	2	963	1280	1929	3024	4260	5243	5835	5968	5838	5456	5064	4617	4176	3796	3423	3114	3014	3074	3343	3699	4101	4343	4366	4280	4074	3808	3516	3225	2942	2736	2550	2382	
199	5878	60.0	60.0	19	1	1	2	970	1268	1961	3002	4256	5214	5880	5971	5870	5485	5115	4623	4173	3795	3431	3130	2983	3070	3318	3724	4079	4317	4348	4258	4046	3829	3524	3257	2949	2753	2553	2378	
199	5896	59.9	60.0	19	1	1	2	982	1268	1918	2990	4236	5245	5852	6017	5822	5395	5077	4640	4201	3746	3429	3132	3024	3053	3308	3690	4083	4328	4331	4275	4004	3800	3538	3279	2971	2730	2544	2387	
199	5913	60.0	60.0	19	1	1	2	965	1276	1963	2973	4210	5232	5843	6053	5851	5457	5068	4615	4145	3778	3403	3130	3008	3053	3306	3663	4075	4339	4356	4262	4082	3797	3518	3227	2979	2724	2557	2349	
199	5930	60.0	60.0	19	1	1	2	969	1268	1953	2998	4265	5224	5783	5976	5787	5454	5079	4611	4146	3804	3402	3137	3007	3076	3319	3692	4070	4319	4306	4254	4052	3815	3514	3252	2966	2725	2554	2322	
199	5995	95.1	95.1	20	1	0	2	894	1021	1373	1891	2472	3032	3355	3512	3456	3353	3162	2968	2710	2533	2368	2252	2288	2408	2671	2959	3276	3410	3446	3398	3243	3087	2921	2704	2497	2344	2213	2067	
199	6012	95.0	95.0	20	1	0	2	899	1033	1391	1876	2501	3032	3367	3508	3498	3337	3166	2947	2716	2514	2392	2257	2240	2368	2634	2929	3279	3446	3441	3404	3261	3078	2877	2688	2498	2369	2218	2066	
199	6074	59.8	60.1	20	1	1	2	980	1277	1936	3018	4247	5191	5838	6030	5814	5458	5114	4650	4177	3820	3466	3140	3012	3046	3324	3699	4037	4349	4341	4279	4065	3790	3540	3251	2951	2738	2551	2359	
199	6092	59.9	60.0	20	1	1	2	967	1271	1933	2991	4207	5215	5827	6009	5826	5446	5099	4661	4143	3773	3418	3105	3023	3058	3336	3688	4056	4300	4298	4282	4061	3791	3532	3231	2949	2726	2569	2372	
199	6109	59.9	60.0	20	1	1	2	957	1266	1964	2992	4218	5268	5811	5944	5806	5457	5059	4665	4165	3787	3412	3132	3008	3059	3301	3703	4080	4353	4339	4252	4066	3806	3486	3226	2959	2721	2504	2380	
199	6126	60.0	60.0	20	1	1	2	966	1272	1943	2971	4222	5222	5838	5962	5863	5436	5064	4663	4181	3743	3418	3090	3004	3053	3348	3669	4035	4305	4323	4285	4031	3811	3540	3232	2961	2734	2548	2361	
199	6143	60.0	60.0	20	1	1	2	972	1254	1944	3006	4247	5218	5845	5972	5835	5441	5045	4618	4170	3760	3418	3120	3004	3043	3344	3676	4081	4360	4334	4292	4080	3803	3513	3216	2968	2717	2512	2361	
199	6161	59.9	60.0	20	1	1	2	968	1259	1966	2985	4210	5237	5763	5960	5813	5442	5063	4616	4150	3786	3387	3120	3014	3027	3310	3695	4026	4273	4313	4265	4031	3796	3526	3239	2940	2709	2555	2361	
199	6178	60.0	60.0	20	1	1	2	960	1276	1933	2951	4199	5220	5804	5946	5815	5397	5056	4604	4132	3770	3382	3098	3000	3020	3304	3642	4052	4281	4323	4241	4039	3766	3497	3208	2970	2724	2538	2325	
199	6243	95.2	95.1	21	1	0	2	895	1033	1382	1923	2493	2984	3364	3510	3432	3327	3172	2939	2739	2518	2354	2250	2269	2370	2650	2946	3257	3442	3443	3400	3227	3079	2870	2686	2454	2333	2238	2068	
199	6260	95.0	95.0	21	1	0	2	888	1037	1387	1882	2501	2996	3330	3483	3459	3339	3145	2934	2715	2510	2380	2251	2247	2370	2648	2929	3236	3456	3444	3439	3242	3095	2898	2689	2498	2357	2199	2058	
199	6321	59.8	60.2	21	1	1	2	964	1270	1943	3019	4216	5254	5825	5950	5800	5469	5098	4613	4160	3792	3474	3154	3000	3060	3346	3644	4073	4311	4348	4285	4067	3797	3520	3227	2959	2722	2579	2357	
199	6338	59.9	60.0	21	1	1	2	964	1261	1972	2987	4246	5202	5848	5955	5837	5383	5081	4627	4176	3818	3431	3135	3004	3062	3334	3680	4038	4299	4332	4247	4042	3790	3491	3229	2944	2701	2542	2357	
199	6355	60.0	60.0	21	1	1	2	969	1258	1946	2994	4236	5238	5856	5963	5811	5432	5051	4632	4167	3788	3416	3092	2991	3046	3328	3690	4051	4319	4346	4271	4032	3779	3533	3248	2964	2736	2543	2368	
199	6372	59.9	60.0	21	1	1	2	963	1265	1930	2998	4250	5256	5872	5944	5828	5452	5061	4621	4149	3800	3433	3120	2983	3038	3320	3665	4054	4326	4346	4255	4052	3823	3516	3211	2943	2715	2557	2392	
199	6390	59.9	60.0	21	1	1	2	965	1250	1948	2984	4226	5204	5804	5929	5797	5472	5023	4633	4183	3790	3417	3086	3007	3049	3280	3668	4057	4320	4314	4314	4029	3781	3505	3223	2958	2730	2546	2382	
199	6407	60.0	60.0	21	1	1	2	971	1297	1934	3018	4236	5258	5803	5966	5784	5473	5045	4617	4145	3801	3376	3132	3009	3057	3312	3680	4078	4313	4308	4219	4071	3759	3488	3256	2982	2684	2548	2360	
199	6424	60.0	60.0	21	1	1	2	962	1272	1931	2976	4226	5236	5837	5973	5792	5459	5041	4598	4184	3763	3408	3137	2987	3044	3301	3669	4058	4302	4342	4256	4064	3797	3510	3209	2983	2703	2555	2355	
199	6487	95.1	95.0	22	1	0	2	902	1020	1374	1892	2507	3028	3396	3498	3464	3350	3164	2956	2723	2555	2361	2284	2257	2368	2707	2947	3262	3422	3444	3411	3279	3076	2893	2724	2504	2334	2221	2084	
199	6504	95.0	95.0	22	1	0	2	898	1039	1375	1870	2519	3019	3341	3460	3455	3311	3175	2924	2720	2524	2383	2265	2258	2384	2658	2942	3246	3428	3436	3387	3263	3077	2900	2690	2496	2346	2205	2060	
199	6567	59.7	60.1	22	1	1	2	971	1290	1962	2978	4221	5210	5886	5995	5874	5466	5097	4696	4188	3797	3417	3144	3029	3045	3350	3703	4060	4342	4303	4262	4083	3779	3501	3244	2960	2744	2547	2346	
199	6584	59.9	60.0	22	1	1	2	1016	1284	1948	2983	4263	5194	5801	5933	5850	5434	5082	4619	4153	3757	3411	3110	2987	3070	3323	3683	4043	4268	4342	4256	4070	3782	3538	3230	2966	2727	2540	2346	
199	6601	59.9	60.0	22	1	1	2	964	1264	1951	2950	4222	5206	5820	5981	5793	5393	5098	4583	4143	3780	3399	3103	2994	3081	3320	3682	4053	4305	4300	4277	4029	3791	3506	3211	2939	2719	2499	2375	
199	6619	59.9	60.0	22	1	1	2	973	1282	1948	3001	4204	5226	5824	5960	5798	5438	5076	4630	4124	3774	3412	3144	3004	3056	3306	3689	4059	4317	4320	4270	4059	3811	3481	3206	2982	2702	2521	2358	
199	6636	60.0	60.0	22	1	1	2	976	1291	1953	3007	4239	5176	5787	5913	5774	5386	5077	4610	4146	3750	3398	3117	3023	3065	3312	3670	4054	4296	4309	4268	4005	3760	3453	3194	2936	2715	2524	2345	
199	6653	59.9	60.0	22	1	1	2	966	1289	1937	2987	4207	5213	5828	5954	5861	5445	5079	4624	4155	3781	3416	3116	2989	3083	3321	3655	4074	4282	4328	4311	4042	3794	3486	3225	2943	2736	2528	2346	
199	6670	60.0	60.0	22	1	1	2	974	1266	1938	2994	4222	5198	5851	5927	5821	5416	5037	4619	4169	3778	3396	3128	2984	3051	3331	3687	4028	4312	4347	4256	4020	3794	3522	3219	2966	2720	2559	2342	
199	6733	95.0	95.0	23	1	0	2	899	1024	1384	1877	2526	3004	3321	3486	3452	3322	3185	2971	2705	2517	2385	2253	2286	2382	2639	2968	3257	3438	3430	3406	3240	3052	2920	2667	2486	2314	2215	2056	
199	6750	95.0	95.0	23	1	0	2	916	1045	1372	1879	2472	3019	3361	3467	3424	3298	3120	2941	2701	2495	2355	2253	2263	2404	2632	2944	3245	3412	3439	3356	3219	3064	2858	2710	2511	2323	2192	2056	
199	6813	59.8	60.1	23	1	1	2	963	1268	1946	2970	4216	5199	5791	5966	5753	5421	5102	4597	4171	3818	3423	3115	3014	3094	3291	3677	4066	4301	4322	4261	4019	3770	3536	3255	2934	2699	2565	2335	
199	6830	59.9	60.0	23	1	1	2	980	1268	1948	2973	4197	5164	5777	5911	5787	5420	5027	4602	4128	3756	3402	3107	3009	3034	3319	3680	4048	4298	4329	4252	4028	3775	3526	3210	2962	2716	2564	2353	
199	6847	60.0	60.0	23	1	1	2	955	1287	1928	2956	4213	5202	5780	5956	5802	5414	5020	4584	4149	3758	3370	3145	2984	3057	3312	3644	4043	4306	4271	4245	4042	3770	3513	3236	2966	2689	2523	2318	
199	6865	59.9	60.0	23	1	1	2	976	1266	1933	2992	4228	5212	5810	5953	5781	5370	5007	4611	4157	3727	3417	3108	2983	3053	3293	3668	4000	4272	4328	4245	4062	3792	3497	3213	2939	2695	2553	2385	
199	6882	60.0	60.0	23	1	1	2	964	1280	1909	2984	4226	5184	5806	5932	5774	5404	5030	4609	4133	3736	3347	3103	3004	3064	3280	3647	4048	4317	4334	4257	4019	3780	3481	3207	2944	2715	2514	2322	
199	6899	60.0	60.0	23	1	1	2	970	1271	1940	2974	4220	5211	5814	5933	5755	5396	5033	4588	4148	3746	3410	3089	3011	3047	3302	3664	4013	4230	4277	4225	4051	3806	3488	3202	2951	2709	2528	2335	
199	6916	60.0	60.0	23	1	1	2	978	1270	1926	2983	4187	5198	5780	5958	5802	5400	5050	4596	4204	3756	3443	3109	2977	3028	3301	3656	4042	4286	4274	4248	4030	3809	3486	3206	2931	2712	2521	2349	
199	6979	95.2	95.0	24	1	0	2	895	1029	1369	1906	2493	2982	3340	3489	3485	3293	3134	2980	2699	2541	2364	2254	2300	2394	2643	2980	3244	3421	3417	3391	3244	3048	2894	2682	2516	2360	2200	2050	
199	6996	95.0	95.0	24	1	0	2	891	1028	1365	1902	2514	3006	3326	3489	3450	3286	3188	2935	2690	2523	2356	2221	2257	2387	2638	2968	3238	3451	3421	3372	3206	3042	2865	2698	2515	2350	2214	2061	
199	7059	59.7	60.1	24	1	1	2	968	1275	1964	2971	4214	5186	5768	5975	5809	5404	5039	4584	4149	3745	3410	3117	3009	3037	3353	3666	4047	4320	4305	4261	4058	3787	3543	3230	2939	2722	2557	2347	
199	7076	59.9	60.0	24	1	1	2	967	1278	1938	2980	4220	5205	5789	5912	5828	5444	5033	4585	4157	3758	3417	3132	2970	3047	3272	3642	4053	4270	4312	4214	4050	3774	3491	3227	2957	2722	2542	2343	
199	7093	59.9	60.0	24	1	1	2	964	1268	1915	2957	4248	5151	5773	5942	5782	5449	5025	4645	4171	3738	3405	3115	3001	3071	3320	3673	4060	4333	4318	4250	4035	3785	3514	3241	2901	2722	2516	2342	
199	7111	60.0	60.0	24	1	1	2	971	1289	1952	2966	4217	5202	5768	5932	5794	5445	5018	4607	4170	3781	3410	3101	2990	3047	3327	3691	4046	4319	4352	4263	4057	3754	3504	3223	2920	2726	2549	2340	
199	7128	60.0	60.0	24	1	1	2	987	1277	1958	3007	4245	5215	5786	5933	5781	5435	5028	4604	4150	3750	3371	3103	2981	3048	3292	3675	4036	4314	4298	4237	4028	3784	3520	3229	2938	2692	2520	2379	
199	7145	59.9	60.0	24	1	1	2	966	1266	1953	3031	4219	5194	5831	5982	5799	5443	5033	4588	4186	3761	3387	3139	2978	3046	3271	3704	4029	4263	4293	4244	3998	3777	3501	3222	2967	2735	2533	2351	
199	7162	60.0	60.0	24	1	1	2	974	1273	1920	2968	4228	5205	5804	5916	5842	5396	5010	4586	4138	3770	3384	3111	2980	3043	3300	3662	4041	4331	4296	4249	4029	3743	3560	3227	2947	2710	2537	2372	
199	7227	95.1	95.1	25	1	0	2	902	1037	1372	1880	2491	3017	3324	3482	3452	3288	3157	2932	2703	2486	2381	2241	2305	2381	2652	2969	3224	3413	3460	3415	3245	3077	2931	2722	2484	2352	2233	2033	
199	7244	95.0	95.0	25	1	0	2	913	1028	1367	1880	2477	2998	3316	3471	3450	3316	3158	2926	2717	2510	2364	2243	2238	2369	2638	2974	3255	3435	3434	3395	3249	3097	2876	2695	2490	2327	2217	2063	
199	7307	59.8	60.1	25	1	1	2	965	1288	1936	2974	4208	5231	5785	5895	5771	5420	5050	4628	4154	3768	3391	3121	2966	3072	3309	3673	4037	4342	4286	4195	4011	3750	3515	3176	2966	2715	2561	2356	
199	7324	59.9	60.0	25	1	1	2	955	1275	1938	2951	4268	5228	5848	5976	5819	5440	5118	4626	4179	3779	3362	3098	3010	3055	3316	3657	4044	4334	4349	4266	4066	3802	3529	3230	2971	2702	2566	2339	
199	7342	59.9	60.0	25	1	1	2	981	1274	1940	2992	4208	5187	5845	5978	5818	5448	5050	4623	4171	3754	3408	3091	2982	3061	3303	3672	4083	4278	4333	4228	4009	3813	3508	3195	2912	2704	2527	2347	
199	7359	59.9	60.0	25	1	1	2	971	1263	1946	3041	4226	5215	5821	5962	5782	5418	5073	4578	4171	3784	3452	3097	3030	3050	3341	3687	4075	4292	4313	4242	4047	3805	3516	3213	2920	2688	2524	2357	
199	7376	60.0	60.0	25	1	1	2	964	1263	1918	2986	4188	5176	5781	5964	5785	5405	5060	4618	4171	3728	3360	3116	3012	3057	3317	3665	4049	4314	4318	4267	4076	3822	3474	3200	2956	2715	2544	2362	
199	7393	60.0	60.0	25	1	1	2	970	1283	1946	2996	4236	5216	5814	5924	5798	5436	5041	4617	4154	3730	3410	3090	2983	3021	3310	3680	4075	4271	4332	4245	4039	3770	3573	3228	2942	2711	2550	2361	
199	7411	59.9	60.0	25	1	1	2	972	1275	1958	2927	4240	5227	5828	5965	5842	5435	5071	4632	4163	3788	3417	3072	2998	3036	3285	3665	4083	4275	4303	4281	4024	3771	3503	3208	2912	2708	2533	2368	
199	7475	95.1	95.1	26	1	0	2	895	1040	1391	1889	2508	2998	3333	3490	3497	3336	3170	2930	2729	2518	2353	2252	2273	2393	2659	2954	3237	3469	3466	3401	3274	3087	2865	2673	2482	2332	2213	2060	
199	7492	95.0	95.0	26	1	0	2	887	1036	1367	1903	2512	2969	3346	3490	3459	3324	3155	2914	2721	2528	2357	2238	2247	2369	2638	2924	3261	3431	3398	3408	3241	3059	2888	2714	2494	2312	2237	2056	
199	7555	59.8	60.1	26	1	1	2	967	1289	1935	2962	4223	5230	5820	5964	5813	5445	5060	4605	4165	3755	3423	3104	3013	3044	3269	3662	4046	4280	4307	4218	4024	3778	3511	3203	2952	2729	2545	2313	
199	7572	59.9	60.0	26	1	1	2	967	1260	1940	2970	4230	5241	5809	5978	5811	5484	5046	4621	4156	3778	3381	3110	3004	3059	3308	3679	4049	4356	4267	4218	4027	3804	3522	3228	2942	2719	2533	2378	
199	7590	59.9	60.0	26	1	1	2	959	1270	1961	2995	4217	5252	5838	5956	5796	5458	5032	4648	4149	3760	3404	3103	3005	3071	3305	3676	4064	4312	4327	4247	4026	3778	3490	3195	2956	2738	2538	2359	
199	7607	60.0	60.0	26	1	1	2	974	1286	1919	2980	4288	5242	5798	5983	5799	5452	5069	4611	4146	3804	3391	3123	2982	3057	3267	3662	4036	4309	4328	4223	4043	3772	3513	3200	2948	2694	2538	2308	
199	7624	60.0	60.0	26	1	1	2	964	1273	1899	3021	4242	5232	5802	5982	5803	5421	5072	4593	4172	3722	3405	3139	3018	3058	3303	3632	4017	4318	4336	4266	4041	3747	3512	3187	2942	2712	2546	2336	
199	7641	60.0	60.0	26	1	1	2	981	1264	1943	2980	4210	5183	5805	5945	5815	5454	5066	4605	4108	3756	3365	3138	2988	3036	3285	3701	4070	4301	4320	4237	4070	3748	3509	3211	2944	2739	2526	2366	
199	7659	60.0	60.0	26	1	1	2	966	1275	1929	2982	4209	5186	5797	5970	5822	5396	5029	4583	4138	3766	3392	3117	2973	3009	3332	3689	4057	4279	4333	4251	4004	3791	3478	3227	2937	2713	2512	2359	
199	7721	95.1	95.0	27	1	0	2	906	1030	1377	1888	2518	3010	3358	3465	3469	3305	3147	2959	2707	2491	2358	2265	2254	2377	2642	2957	3255	3437	3429	3424	3272	3082	2890	2694	2511	2334	2206	2085	
199	7738	95.0	95.0	27	1	0	2	903	1043	1378	1883	2481	3014	3344	3461	3480	3311	3162	2926	2697	2517	2385	2214	2292	2378	2635	2946	3254	3449	3485	3385	3271	3070	2888	2712	2496	2320	2218	2079	
199	7801	59.8	60.1	27	1	1	2	962	1257	1913	2976	4228	5211	5840	5993	5791	5453	5078	4640	4134	3747	3390	3104	3003	3040	3336	3702	4065	4308	4306	4233	4054	3794	3499	3230	2952	2730	2515	2316	
199	7818	59.9	60.0	27	1	1	2	968	1253	1931	2999	4245	5220	5827	5954	5789	5398	5049	4609	4110	3724	3413	3149	3009	3032	3320	3657	4039	4296	4324	4258	3983	3737	3498	3232	2935	2701	2504	2378	
199	7836	60.0	60.0	27	1	1	2	960	1279	1930	2989	4231	5206	5834	5920	5812	5406	5028	4613	4113	3759	3414	3089	3026	3018	3333	3654	4082	4344	4324	4237	4058	3772	3499	3216	2919	2704	2537	2354	
199	7853	60.0	60.0	27	1	1	2	954	1284	1937	2954	4232	5204	5810	6004	5810	5396	5065	4605	4129	3744	3386	3105	2989	3024	3307	3679	4021	4308	4326	4280	4001	3777	3488	3205	2932	2704	2533	2341	
199	7870	60.0	60.0	27	1	1	2	1014	1263	1956	2952	4192	5245	5748	5947	5799	5432	5072	4596	4148	3765	3402	3109	3004	3034	3290	3656	4042	4301	4277	4261	4020	3741	3498	3245	2951	2687	2537	2376	
199	7887	60.0	60.0	27	1	1	2	975	1275	1933	2978	4217	5213	5805	5962	5814	5476	5033	4602	4143	3766	3425	3117	2973	3061	3311	3656	4072	4325	4282	4241	4051	3794	3498	3228	2961	2714	2540	2394	
199	7905	60.0	60.0	27	1	1	2	941	1294	1932	2998	4218	5204	5814	5956	5815	5436	5036	4627	4118	3748	3381	3089	2994	3033	3287	3667	4020	4319	4329	4261	4002	3767	3472	3231	2961	2716	2545	2354	
199	7967	95.0	95.0	28	1	0	2	910	1036	1383	1904	2522	3035	3376	3518	3465	3343	3183	2933	2720	2543	2359	2241	2269	2397	2613	2926	3238	3460	3456	3375	3267	3058	2907	2703	2501	2323	2206	2059	
199	7985	95.0	95.0	28	1	0	2	892	1043	1350	1863	2471	2977	3360	3479	3460	3300	3172	2926	2676	2528	2382	2257	2274	2393	2634	2914	3254	3406	3442	3387	3258	3087	2888	2686	2488	2322	2215	2079	
199	8047	59.8	60.1	28	1	1	2	962	1280	1937	2977	4205	5213	5828	5988	5812	5409	5077	4604	4192	3756	3375	3106	3006	3049	3280	3676	4029	4324	4321	4309	4040	3792	3515	3250	2940	2734	2560	2393	
199	8065	59.9	60.0	28	1	1	2	976	1268	1932	3001	4221	5198	5806	5982	5807	5411	5046	4632	4125	3779	3403	3100	3006	3037	3319	3706	4023	4270	4286	4276	4032	3734	3492	3228	2958	2711	2529	2387	
199	8082	59.9	60.0	28	1	1	2	963	1270	1940	2990	4208	5243	5828	5969	5800	5441	5062	4610	4123	3762	3414	3111	2987	3053	3318	3647	4068	4309	4310	4262	4048	3760	3546	3207	2948	2705	2533	2335	
199	8099	60.0	60.0	28	1	1	2	968	1266	1937	3009	4244	5224	5834	5944	5805	5407	5019	4596	4157	3762	3385	3121	3033	3066	3320	3697	4060	4300	4325	4225	4022	3794	3488	3235	2939	2717	2540	2366	
199	8116	60.0	60.0	28	1	1	2	961	1296	1949	3004	4223	5204	5810	5934	5803	5438	5059	4609	4148	3732	3398	3105	2989	3047	3282	3688	4036	4281	4332	4248	4055	3790	3484	3215	2951	2716	2535	2346	
199	8134	59.9	60.0	28	1	1	2	976	1291	1947	2969	4227	5188	5746	5936	5762	5448	4990	4623	4142	3760	3407	3096	2994	3032	3298	3692	4035	4269	4304	4255	4037	3773	3500	3219	2940	2706	2535	2325	
199	8151	60.0	60.0	28	1	1	2	973	1270	1940	3008	4248	5216	5821	5949	5795	5468	5053	4612	4183	3770	3428	3122	3007	3072	3316	3686	4074	4309	4308	4256	4076	3762	3499	3240	2950	2738	2528	2391	
199	8215	95.1	95.1	29	1	0	2	892	1037	1383	1914	2491	2990	3352	3435	3446	3302	3143	2945	2720	2526	2368	2255	2290	2366	2630	2950	3214	3451	3441	3406	3237	3104	2888	2681	2472	2328	2198	2053	
199	8233	95.0	95.0	29	1	0	2	902	1042	1360	1859	2505	3002	3313	3489	3473	3297	3166	2957	2727	2534	2345	2269	2274	2393	2657	2969	3225	3423	3417	3424	3242	3086	2878	2690	2512	2352	2215	2059	
199	8295	59.8	60.1	29	1	1	2	958	1275	1940	2979	4216	5249	5792	5959	5825	5411	5075	4643	4175	3756	3432	3110	3007	3049	3327	3690	4031	4285	4327	4280	4047	3792	3500	3216	2947	2708	2528	2353	
199	8313	59.9	60.0	29	1	1	2	976	1278	1954	2994	4206	5190	5818	5969	5790	5441	5057	4628	4148	3781	3423	3070	2976	3041	3318	3684	4031	4314	4286	4280	4054	3804	3481	3231	2988	2715	2528	2364	
199	8330	60.0	60.0	29	1	1	2	969	1279	1921	2980	4228	5216	5813	5966	5769	5451	5038	4604	4132	3823	3397	3107	3010	3046	3301	3692	4082	4309	4292	4248	4042	3740	3521	3222	2921	2731	2550	2368	
199	8347	59.9	60.0	29	1	1	2	967	1277	1946	2993	4219	5198	5822	5972	5776	5418	5085	4624	4174	3767	3411	3101	2991	3002	3274	3647	4031	4267	4304	4248	4037	3776	3510	3197	2912	2692	2544	2355	
199	8364	60.0	60.0	29	1	1	2	957	1268	1964	3007	4212	5155	5786	5924	5796	5416	5046	4640	4167	3730	3407	3109	2996	3043	3295	3666	4023	4314	4315	4239	4016	3754	3517	3210	2929	2702	2523	2353	
199	8382	60.0	60.0	29	1	1	2	969	1270	1946	2991	4211	5186	5783	5890	5768	5426	5090	4589	4142	3790	3403	3119	2991	3072	3296	3647	4031	4263	4309	4244	4061	3761	3531	3216	2942	2712	2542	2351	
199	8399	60.0	60.0	29	1	1	2	952	1261	1929	2997	4208	5222	5792	5983	5816	5415	5045	4582	4158	3765	3381	3093	2988	3074	3325	3673	4027	4263	4323	4253	4006	3783	3483	3177	2918	2722	2522	2333	
199	8463	95.1	95.1	30	1	0	2	902	1044	1366	1902	2487	2954	3338	3494	3460	3283	3141	2947	2688	2520	2365	2241	2266	2366	2655	2901	3230	3430	3443	3410	3239	3062	2867	2682	2524	2348	2203	2049	
199	8481	95.0	95.0	30	1	0	2	895	1060	1371	1840	2497	2993	3342	3464	3442	3310	3143	2959	2683	2523	2384	2265	2198	2376	2622	2937	3261	3433	3449	3373	3232	3068	2894	2671	2491	2345	2188	2043	
199	8543	59.8	60.1	30	1	1	2	972	1275	1926	2977	4285	5183	5779	5973	5801	5435	5051	4623	4168	3725	3404	3105	3002	3037	3286	3684	4063	4296	4291	4250	4056	3794	3502	3176	2948	2704	2524	2368	
199	8561	59.9	60.0	30	1	1	2	962	1262	1912	2982	4173	5196	5778	5915	5779	5429	5017	4594	4144	3725	3400	3093	2970	3019	3287	3683	4036	4266	4263	4226	4011	3727	3475	3211	2956	2693	2507	2360	
199	8578	60.0	60.0	30	1	1	2	981	1269	1939	2990	4219	5170	5795	5954	5794	5414	5034	4606	4153	3752	3400	3113	3002	3047	3334	3652	4053	4285	4288	4258	4036	3757	3496	3213	2969	2737	2553	2348	
199	8595	60.0	60.0	30	1	1	2	960	1262	1928	2989	4217	5162	5782	5929	5800	5441	5030	4590	4117	3739	3368	3094	3023	3034	3316	3664	4036	4283	4321	4254	4034	3745	3476	3220	2963	2710	2532	2351	
199	8612	60.0	60.0	30	1	1	2	966	1290	1940	3003	4211	5228	5798	5958	5743	5425	5035	4603	4137	3758	3401	3069	2999	3051	3269	3672	4038	4303	4316	4221	4044	3783	3498	3207	2914	2701	2495	2338	
199	8630	60.0	60.0	30	1	1	2	975	1242	1924	2964	4230	5146	5818	5912	5790	5401	5050	4584	4134	3755	3404	3100	2982	3012	3297	3629	4051	4277	4315	4244	4043	3776	3487	3218	2963	2705	2549	2380	
199	8647	60.0	60.0	30	1	1	2	960	1283	1932	2976	4248	5223	5835	5954	5811	5497	5044	4637	4165	3764	3422	3125	3035	3063	3311	3662	4074	4285	4320	4231	4073	3804	3525	3219	2948	2724	2574	2396	
199	8709	95.1	95.0	31	1	0	2	904	1039	1376	1892	2456	3004	3357	3476	3478	3306	3178	2957	2710	2549	2381	2254	2289	2378	2651	2967	3219	3453	3447	3392	3243	3042	2874	2696	2506	2362	2202	2074	
199	8727	95.0	95.0	31	1	0	2	894	1027	1370	1882	2495	3000	3375	3488	3443	3290	3132	2940	2698	2529	2362	2262	2230	2360	2627	2955	3267	3371	3401	3377	3246	3084	2868	2662	2488	2313	2212	2067	
199	8790	59.8	60.1	31	1	1	2	968	1286	1930	2968	4210	5194	5818	5964	5818	5403	5057	4595	4193	3774	3384	3121	3006	3039	3298	3713	4053	4283	4299	4243	4043	3775	3492	3207	2927	2729	2542	2349	
199	8807	60.0	60.0	31	1	1	2	980	1269	1943	3012	4230	5186	5758	5887	5831	5395	5027	4606	4154	3734	3391	3104	3005	3048	3300	3655	4055	4293	4251	4238	4043	3727	3485	3237	2948	2687	2555	2349	
199	8824	60.0	60.0	31	1	1	2	958	1270	1920	2998	4226	5184	5791	5993	5814	5409	5031	4621	4144	3725	3388	3102	3005	3054	3284	3692	4061	4312	4299	4223	4043	3773	3500	3215	2931	2733	2506	2359	
199	8841	60.0	60.0	31	1	1	2	941	1268	1924	2970	4200	5188	5779	5917	5754	5411	5080	4572	4147	3740	3424	3104	3003	3032	3290	3631	4044	4267	4284	4212	4029	3763	3474	3189	2942	2695	2555	2367	
199	8859	60.0	60.0	31	1	1	2	1019	1278	1938	2983	4274	5199	5734	5966	5737	5384	5044	4580	4095	3735	3386	3137	2988	3042	3305	3655	4031	4299	4301	4231	3989	3751	3466	3224	2929	2721	2532	2371	
199	8876	59.9	60.0	31	1	1	2	974	1272	1951	2970	4229	5178	5774	5981	5796	5403	5011	4588	4198	3713	3421	3112	2999	3022	3307	3682	4060	4309	4346	4249	4006	3760	3498	3210	2929	2713	2518	2346	
199	8893	59.9	60.0	31	1	1	2	970	1269	1955	2977	4225	5166	5804	5942	5766	5395	5032	4608	4104	3708	3389	3117	3010	3027	3297	3661	4032	4280	4297	4217	4004	3751	3491	3201	2939	2741	2541	2373	
199	8956	95.0	95.0	32	1	0	2	904	1041	1392	1913	2490	3011	3372	3473	3477	3322	3175	2944	2716	2538	2359	2282	2284	2374	2641	2999	3233	3434	3434	3380	3252	3093	2899	2700	2520	2328	2195	2074	
199	8973	95.0	95.0	32	1	0	2	906	1028	1376	1902	2475	3000	3339	3452	3467	3344	3152	2924	2745	2524	2362	2249	2269	2384	2639	2923	3229	3439	3439	3369	3250	3046	2886	2709	2483	2313	2196	2059	
199	9036	59.8	60.1	32	1	1	2	976	1271	1917	2991	4233	5210	5852	5956	5785	5417	5072	4594	4143	3791	3415	3107	3012	3035	3299	3690	4023	4291	4337	4253	4042	3760	3515	3212	2966	2686	2541	2328	
199	9053	60.0	60.0	32	1	1	2	964	1296	1936	2987	4230	5222	5790	5946	5766	5380	5026	4624	4157	3753	3406	3142	3008	3039	3302	3654	4054	4293	4313	4201	4030	3775	3486	3250	2952	2658	2515	2350	
199	9070	59.9	60.0	32	1	1	2	970	1264	1937	2989	4265	5235	5786	5979	5773	5446	5062	4583	4145	3763	3383	3128	2990	3020	3366	3660	4039	4311	4308	4271	4018	3757	3492	3220	2935	2701	2523	2360	
199	9087	59.9	60.0	32	1	1	2	968	1273	1950	2979	4237	5178	5820	5961	5777	5454	5036	4620	4162	3760	3401	3109	3013	3052	3305	3664	4042	4260	4307	4262	4024	3803	3518	3214	2936	2763	2523	2386	
199	9105	59.9	60.0	32	1	1	2	962	1262	1938	2996	4215	5226	5823	5979	5806	5438	5039	4645	4149	3769	3405	3106	2992	3049	3294	3695	4067	4268	4342	4237	4046	3771	3502	3218	2928	2736	2541	2361	
199	9122	60.0	60.0	32	1	1	2	965	1289	1928	2980	4165	5201	5772	5930	5828	5377	5022	4616	4182	3739	3405	3133	2995	3061	3274	3700	4055	4233	4284	4280	4067	3752	3515	3234	2952	2691	2538	2355	
199	9139	60.0	60.0	32	1	1	2	979	1284	1922	2965	4209	5209	5773	5980	5790	5398	5052	4600	4169	3751	3411	3101	2994	3032	3287	3633	4042	4282	4343	4229	4043	3772	3503	3220	2923	2709	2517	2319	
199	9202	95.1	95.0	33	1	0	2	899	1034	1387	1881	2528	2992	3351	3498	3502	3305	3150	2932	2728	2538	2393	2269	2247	2392	2647	2968	3258	3393	3442	3420	3223	3043	2886	2713	2527	2332	2184	2068	
199	9219	95.0	95.0	33	1	0	2	904	1042	1361	1903	2507	2994	3374	3461	3459	3309	3167	2945	2721	2514	2362	2243	2282	2368	2654	2973	3213	3450	3435	3387	3239	3070	2901	2688	2504	2319	2209	2042	
199	9282	59.8	60.1	33	1	1	2	954	1267	1949	3000	4203	5206	5817	5980	5802	5433	5068	4631	4172	3782	3412	3092	3027	3067	3319	3671	4022	4279	4266	4284	4009	3745	3485	3260	2926	2702	2538	2361	
199	9299	59.9	60.0	33	1	1	2	959	1283	1970	2981	4187	5223	5813	5951	5739	5441	5040	4600	4151	3754	3401	3103	3021	3044	3293	3672	4057	4217	4307	4221	4048	3755	3480	3192	2961	2702	2517	2324	
199	9316	60.0	60.0	33	1	1	2	959	1267	1962	2969	4222	5197	5814	5925	5794	5391	5024	4626	4146	3780	3403	3083	2993	3021	3286	3666	4046	4260	4320	4208	4034	3770	3489	3180	2925	2685	2506	2324	
199	9333	60.0	60.0	33	1	1	2	960	1266	1936	2983	4227	5210	5799	5932	5776	5408	5048	4582	4159	3757	3368	3138	2982	3037	3284	3636	4068	4273	4315	4244	4021	3753	3527	3210	2950	2714	2538	2361	
199	9351	60.0	60.0	33	1	1	2	960	1278	1956	3000	4263	5225	5817	5970	5818	5431	5027	4616	4172	3779	3388	3105	2981	3035	3292	3645	4059	4283	4305	4229	4024	3741	3495	3212	2947	2722	2535	2342	
199	9368	59.9	60.0	33	1	1	2	964	1290	1951	2980	4220	5166	5815	5905	5788	5454	5025	4652	4165	3744	3389	3095	2997	3030	3295	3708	4042	4294	4280	4253	4077	3781	3498	3195	2950	2730	2517	2335	
199	9385	60.0	60.0	33	1	1	2	962	1267	1940	2986	4188	5191	5785	5935	5748	5397	5046	4595	4148	3747	3431	3113	3000	3022	3349	3696	4054	4253	4309	4270	4006	3758	3501	3212	2960	2699	2501	2343	
199	9448	95.0	95.0	34	1	0	2	901	1043	1381	1916	2496	3010	3348	3480	3483	3366	3178	2979	2701	2533	2352	2242	2282	2372	2635	2939	3232	3442	3444	3396	3238	3063	2935	2684	2482	2332	2203	2068	
199	9465	95.0	95.0	34	1	0	2	876	1040	1365	1902	2500	3001	3348	3493	3456	3338	3140	2951	2708	2526	2371	2271	2271	2364	2622	2931	3232	3425	3416	3418	3249	3102	2889	2667	2485	2318	2219	2060	
199	9528	59.8	60.1	34	1	1	2	974	1276	1947	2974	4217	5230	5796	5962	5819	5419	5058	4633	4151	3798	3399	3101	3011	3033	3316	3681	4066	4303	4338	4244	4035	3777	3469	3244	2952	2725	2529	2374	
199	9545	59.9	60.0	34	1	1	2	965	1280	1942	3000	4248	5204	5823	5938	5834	5454	5075	4636	4186	3764	3420	3109	3009	3070	3284	3686	4051	4307	4357	4247	4018	3788	3480	3213	2940	2718	2533	2382	
199	9562	60.0	60.0	34	1	1	2	1018	1282	1955	2964	4267	5209	5833	5974	5797	5445	5071	4636	4170	3771	3413	3140	2994	3083	3305	3705	4047	4270	4300	4268	4059	3783	3493	3239	2950	2728	2548	2363	
199	9580	59.9	60.0	34	1	1	2	975	1284	1928	3001	4212	5204	5771	5911	5834	5412	5079	4629	4153	3755	3372	3112	2996	3054	3332	3673	4014	4277	4347	4235	4037	3810	3531	3230	2912	2687	2548	2341	
199	9597	60.0	60.0	34	1	1	2	970	1282	1929	3006	4243	5202	5818	5926	5739	5437	5026	4601	4171	3770	3386	3107	2989	3020	3299	3664	4059	4324	4306	4263	4049	3783	3525	3215	2938	2720	2525	2392	
199	9614	60.0	60.0	34	1	1	2	969	1286	1943	2984	4225	5213	5803	5956	5779	5406	5049	4612	4161	3762	3399	3117	2958	3069	3292	3661	4035	4269	4302	4253	4041	3757	3498	3178	2965	2715	2527	2363	
199	9631	60.0	60.0	34	1	1	2	944	1273	1954	2990	4243	5253	5773	5926	5809	5413	5036	4628	4162	3779	3446	3106	2965	3016	3312	3656	4071	4258	4284	4214	4064	3815	3509	3246	2959	2702	2514	2361	
199	9696	95.1	95.1	35	1	0	2	906	1046	1376	1868	2500	3028	3359	3472	3456	3323	3139	2936	2707	2511	2378	2246	2252	2344	2641	2959	3257	3435	3419	3401	3243	3070	2841	2673	2484	2354	2212	2080	
199	9713	95.0	95.0	35	1	0	2	902	1030	1382	1876	2479	3012	3312	3475	3465	3327	3144	2937	2708	2530	2375	2262	2267	2396	2605	2943	3212	3407	3438	3386	3256	3079	2863	2691	2488	2343	2204	2053	
199	9776	59.8	60.1	35	1	1	2	972	1286	1959	2999	4238	5190	5805	5972	5807	5464	5085	4661	4137	3786	3350	3132	2992	3074	3295	3714	4042	4315	4309	4231	4081	3783	3495	3226	2944	2712	2528	2353	
199	9793	59.9	60.0	35	1	1	2	969	1267	1945	2982	4251	5204	5808	5967	5758	5428	5087	4617	4171	3737	3394	3130	3001	3051	3323	3654	4049	4297	4311	4250	4027	3790	3504	3191	2945	2716	2558	2346	
199	9810	60.0	60.0	35	1	1	2	971	1279	1948	3019	4190	5206	5810	5947	5777	5445	5036	4585	4132	3751	3398	3124	2987	3017	3283	3671	4047	4304	4302	4268	4036	3783	3487	3237	2949	2699	2544	2336	
199	9828	60.0	60.0	35	1	1	2	958	1268	1947	2990	4229	5197	5797	5944	5781	5467	5024	4565	4169	3784	3428	3076	3023	3033	3299	3620	4016	4269	4337	4217	4047	3779	3496	3219	2970	2690	2519	2332	
199	9845	59.9	60.0	35	1	1	2	963	1273	1918	3008	4232	5224	5773	5962	5776	5402	5054	4600	4155	3745	3410	3099	3028	3044	3265	3689	4049	4294	4250	4236	4013	3751	3498	3178	2970	2726	2507	2353	
199	9862	60.0	60.0	35	1	1	2	970	1263	1953	2996	4197	5191	5805	5937	5764	5426	5046	4613	4148	3755	3395	3102	3000	3060	3295	3659	4049	4261	4308	4244	4020	3749	3481	3206	2925	2676	2548	2339	
199	9879	60.0	60.0	35	1	1	2	960	1290	1915	2970	4222	5187	5810	5927	5786	5384	5041	4596	4123	3747	3383	3109	2973	3027	3271	3679	4032	4310	4296	4235	4036	3784	3496	3180	2912	2701	2517	2346	
199	9942	95.0	95.0	36	1	0	2	902	1027	1375	1904	2537	3026	3364	3488	3471	3336	3134	2946	2702	2539	2378	2254	2268	2371	2646	2957	3238	3452	3473	3431	3282	3057	2848	2700	2497	2354	2193	2048	
199	9959	95.0	95.0	36	1	0	2	902	1040	1372	1881	2502	2998	3379	3450	3481	3325	3116	2919	2701	2532	2360	2252	2243	2365	2625	2948	3223	3402	3386	3411	3238	3067	2877	2662	2499	2355	2199	2073	
199	10022	59.8	60.1	36	1	1	2	974	1266	1949	2998	4203	5193	5801	5990	5775	5468	5023	4635	4147	3753	3429	3100	3001	3057	3301	3683	4042	4317	4314	4222	4060	3762	3483	3198	2946	2713	2512	2349	
199	10039	59.9	60.0	36	1	1	2	971	1283	1955	2964	4212	5224	5835	5967	5808	5419	5061	4610	4149	3763	3409	3107	3007	3022	3303	3714	4056	4306	4290	4246	4075	3808	3509	3225	2940	2732	2536	2368	
199	10057	60.0	60.0	36	1	1	2	967	1274	1959	2938	4220	5235	5807	5995	5783	5419	5041	4579	4167	3789	3366	3112	3037	3061	3335	3654	4029	4281	4342	4237	4021	3784	3482	3216	2957	2706	2538	2358	
199	10074	59.9	60.0	36	1	1	2	963	1282	1943	2969	4237	5224	5817	5920	5803	5388	4992	4602	4162	3731	3417	3090	2994	3028	3290	3662	4060	4259	4261	4214	4013	3766	3510	3207	2959	2710	2517	2359	
199	10091	60.0	60.0	36	1	1	2	973	1294	1952	3009	4219	5190	5805	5960	5771	5408	5083	4610	4161	3771	3388	3094	2993	3043	3304	3694	4062	4313	4268	4249	4010	3819	3527	3229	2927	2730	2513	2355	
199	10108	59.9	60.0	36	1	1	2	959	1276	1932	2998	4216	5191	5792	5957	5826	5444	5047	4612	4150	3748	3376	3087	3016	3038	3294	3635	4061	4273	4305	4282	4009	3749	3503	3193	2925	2699	2543	2351	
199	10126	60.0	60.0	36	1	1	2	984	1285	1941	3001	4223	5219	5756	5836	5760	5435	5022	4593	4141	3734	3405	3126	2977	3026	3256	3689	4026	4239	4294	4253	4061	3755	3469	3212	2936	2682	2547	2344	
199	10190	95.0	95.1	37	1	0	2	896	1032	1374	1865	2495	3018	3356	3482	3455	3352	3168	2918	2698	2521	2361	2309	2257	2351	2643	2973	3251	3408	3424	3391	3221	3081	2878	2696	2498	2330	2204	2033	
199	10207	95.0	95.0	37	1	0	2	901	1049	1373	1885	2546	3003	3374	3465	3436	3295	3161	2912	2703	2517	2384	2288	2281	2368	2646	2929	3205	3420	3398	3389	3216	3064	2869	2697	2534	2345	2181	2054	
199	10270	59.9	60.1	37	1	1	2	958	1283	1949	2992	4203	5223	5842	5937	5834	5452	5081	4639	4189	3757	3386	3145	3003	3046	3310	3693	4043	4304	4318	4268	4032	3811	3511	3234	2930	2732	2571	2326	
199	10287	60.0	60.0	37	1	1	2	971	1271	1948	2974	4236	5234	5804	5988	5749	5433	5074	4620	4180	3797	3403	3076	2991	3096	3304	3675	4071	4280	4286	4273	4045	3762	3486	3236	2924	2688	2538	2345	
199	10305	60.0	60.0	37	1	1	2	980	1274	1955	2975	4203	5228	5797	5976	5769	5414	5022	4605	4181	3771	3392	3099	3016	3017	3315	3672	4039	4278	4312	4260	4043	3785	3510	3246	2944	2699	2514	2349	
199	10322	60.0	60.0	37	1	1	2	968	1279	1937	3001	4188	5199	5796	5914	5796	5430	5024	4651	4163	3736	3387	3107	2978	3067	3313	3671	4065	4257	4285	4259	4015	3764	3490	3212	2906	2725	2536	2366	
199	10339	60.0	60.0	37	1	1	2	971	1272	1969	2993	4223	5152	5782	5977	5836	5417	5060	4594	4190	3738	3400	3082	2993	3038	3308	3682	4031	4274	4298	4258	4054	3761	3503	3210	2942	2689	2533	2360	
199	10356	59.9	60.0	37	1	1	2	962	1291	1950	2994	4205	5185	5815	5926	5788	5395	5042	4602	4148	3771	3406	3128	3006	3006	3329	3658	4053	4322	4330	4222	4050	3753	3488	3231	2936	2713	2519	2345	
199	10374	60.0	60.0	37	1	1	2	964	1288	1945	2991	4236	5214	5753	5940	5759	5404	5018	4580	4136	3764	3409	3092	2998	3044	3267	3666	4056	4312	4317	4269	4031	3795	3512	3215	2922	2697	2533	2357	
199	10436	95.1	95.0	38	1	0	2	901	1037	1391	1894	2524	3027	3347	3502	3513	3328	3143	2970	2745	2512	2361	2263	2274	2389	2626	2946	3252	3404	3466	3419	3289	3055	2892	2705	2489	2352	2205	2068	
199	10453	95.0	95.0	38	1	0	2	903	1042	1376	1917	2510	3034	3345	3492	3466	3308	3172	2977	2724	2488	2368	2271	2275	2382	2628	2948	3250	3386	3443	3364	3268	3061	2905	2679	2497	2325	2209	2062	
199	10516	59.8	60.1	38	1	1	2	976	1288	1965	2992	4213	5243	5829	5921	5793	5426	5070	4608	4149	3784	3422	3150	3012	3038	3331	3708	4060	4319	4325	4300	4053	3770	3488	3252	2948	2741	2551	2348	
199	10533	60.0	60.0	38	1	1	2	968	1285	1941	3035	4253	5216	5849	5974	5842	5448	5113	4666	4165	3785	3418	3101	2990	3082	3285	3694	4038	4305	4304	4230	4072	3770	3508	3192	2939	2741	2541	2358	
199	10551	60.0	60.0	38	1	1	2	968	1275	1956	2992	4226	5194	5814	5938	5778	5419	5066	4630	4127	3772	3411	3140	3014	3065	3317	3704	4069	4280	4337	4286	4048	3785	3539	3197	2939	2722	2545	2343	
199	10568	60.0	60.0	38	1	1	2	965	1289	1966	3012	4255	5185	5812	5951	5805	5459	5105	4623	4137	3760	3425	3134	3007	3056	3288	3659	4051	4310	4272	4275	4037	3776	3490	3161	2959	2711	2505	2351	
199	10585	60.0	60.0	38	1	1	2	988	1281	1902	3001	4221	5248	5820	5951	5839	5438	5060	4599	4173	3753	3403	3110	2992	3053	3300	3667	4034	4255	4325	4268	4073	3761	3498	3239	2958	2725	2520	2369	
199	10602	60.0	60.0	38	1	1	2	963	1294	1961	2978	4215	5224	5821	5966	5773	5438	5058	4632	4148	3764	3376	3132	3007	3043	3299	3665	4038	4308	4285	4250	4033	3770	3527	3233	2943	2736	2523	2354	
199	10620	60.0	60.0	38	1	1	2	1004	1273	1944	3010	4212	5213	5818	5971	5760	5426	5030	4588	4140	3763	3394	3092	3007	3032	3279	3641	4026	4277	4329	4258	4019	3767	3513	3230	2941	2708	2541	2352	
199	10682	95.2	95.0	39	1	0	2	898	1036	1395	1891	2468	2982	3378	3480	3471	3316	3121	2946	2698	2555	2391	2248	2276	2371	2655	2941	3247	3401	3453	3402	3246	3080	2838	2684	2508	2320	2197	2057	
199	10700	95.0	95.0	39	1	0	2	905	1070	1367	1897	2498	2995	3354	3487	3441	3316	3178	2942	2724	2488	2349	2252	2244	2398	2648	2959	3235	3419	3443	3374	3250	3047	2919	2673	2493	2324	2174	2057	
199	10762	59.9	60.1	39	1	1	2	961	1279	1949	2986	4227	5206	5812	5949	5809	5458	5082	4593	4200	3786	3406	3118	3005	3072	3287	3692	4053	4305	4290	4282	4071	3784	3535	3187	2934	2713	2538	2368	
199	10780	59.9	60.0	39	1	1	2	973	1294	1963	3002	4193	5232	5830	5974	5803	5448	5102	4595	4169	3782	3409	3115	3037	3060	3296	3677	4030	4276	4309	4244	4084	3801	3509	3212	2964	2728	2554	2373	
199	10797	59.9	60.0	39	1	1	2	968	1266	1949	2988	4226	5205	5827	5924	5853	5421	5047	4579	4167	3761	3404	3128	3013	3029	3310	3651	4074	4303	4338	4291	4058	3764	3508	3225	2957	2692	2542	2353	
199	10814	60.0	60.0	39	1	1	2	967	1273	1948	3014	4260	5275	5794	5943	5816	5444	5056	4569	4136	3737	3391	3111	3016	3045	3303	3661	4024	4296	4318	4230	4046	3776	3520	3201	2944	2718	2528	2372	
199	10831	59.9	60.0	39	1	1	2	972	1308	1951	3041	4235	5229	5821	5938	5800	5425	5066	4599	4170	3754	3422	3138	2977	3072	3333	3662	4101	4287	4288	4252	3991	3793	3498	3232	2929	2692	2543	2352	
199	10849	59.9	60.0	39	1	1	2	963	1277	1967	2981	4224	5204	5802	5952	5753	5405	5107	4607	4140	3742	3384	3122	3015	3084	3351	3700	4033	4312	4307	4261	4020	3725	3490	3223	2978	2738	2545	2355	
199	10866	59.9	60.0	39	1	1	2	975	1273	1954	3009	4220	5217	5802	5921	5792	5442	5021	4613	4168	3802	3414	3112	2987	3048	3305	3652	4060	4273	4318	4278	4050	3798	3476	3173	2963	2708	2516	2362	
199	10930	95.1	95.1	40	1	0	2	914	1033	1347	1908	2495	3022	3374	3491	3468	3328	3166	2940	2727	2545	2354	2273	2275	2394	2653	2942	3235	3385	3447	3411	3233	3071	2883	2681	2494	2301	2224	2065	
199	10948	95.0	95.0	40	1	0	2	894	1040	1369	1856	2536	3006	3322	3493	3491	3348	3159	2943	2738	2528	2385	2245	2272	2432	2635	2934	3241	3421	3460	3366	3236	3052	2876	2679	2516	2334	2192	2063	
199	11010	59.8	60.1	40	1	1	2	983	1283	1974	3031	4265	5243	5865	5991	5873	5496	5091	4657	4202	3804	3385	3128	3068	3070	3315	3700	4020	4324	4332	4246	4041	3818	3541	3208	2974	2736	2556	2369	
199	11028	60.0	60.0	40	1	1	2	963	1285	1945	3025	4246	5235	5871	5990	5797	5409	5099	4587	4173	3775	3414	3107	2997	3065	3314	3667	4042	4317	4324	4268	4022	3812	3520	3249	2974	2714	2521	2381	
199	11045	60.0	60.0	40	1	1	2	974	1287	1950	3018	4228	5285	5821	5994	5804	5461	5107	4636	4148	3818	3435	3130	2992	3064	3309	3712	4058	4301	4298	4253	4035	3810	3490	3251	2947	2711	2544	2365	
199	11062	60.0	60.0	40	1	1	2	989	1271	1966	2992	4243	5222	5829	5970	5826	5441	5026	4631	4162	3804	3387	3132	3024	3036	3304	3699	4072	4277	4292	4260	4054	3781	3545	3218	2950	2719	2521	2349	
199	11079	60.0	60.0	40	1	1	2	971	1283	1968	3020	4230	5234	5794	5992	5812	5480	5061	4619	4242	3750	3447	3133	3007	3036	3308	3681	4028	4271	4321	4249	4038	3766	3518	3246	2956	2697	2555	2358	
199	11097	60.0	60.0	40	1	1	2	970	1288	1957	2976	4223	5244	5835	5954	5760	5471	5039	4640	4139	3797	3424	3089	3023	3026	3325	3694	4040	4297	4292	4234	4072	3811	3500	3189	2917	2721	2535	2344	
199	11114	60.0	60.0	40	1	1	2	974	1299	1967	2970	4222	5208	5836	5983	5849	5459	5079	4615	4192	3777	3434	3129	3002	3060	3319	3660	4043	4319	4339	4235	4053	3766	3508	3227	2954	2720	2547	2363	
199	11179	95.1	95.1	41	1	0	2	902	1057	1375	1906	2520	3027	3365	3478	3482	3336	3135	2974	2717	2510	2378	2260	2270	2416	2628	2960	3252	3439	3444	3403	3236	3061	2880	2680	2498	2335	2200	2056	
199	11196	95.0	95.0	41	1	0	2	910	1042	1401	1890	2533	2998	3347	3513	3472	3337	3180	2949	2707	2533	2381	2251	2276	2410	2641	2950	3251	3405	3476	3433	3258	3055	2884	2702	2491	2352	2204	2073	
199	11258	59.7	60.1	41	1	1	2	974	1297	1960	2999	4287	5224	5856	5941	5827	5477	5105	4656	4170	3808	3422	3131	3020	3056	3311	3689	4044	4279	4291	4241	4050	3805	3484	3274	2967	2724	2541	2364	
199	11276	60.0	60.0	41	1	1	2	969	1275	1953	3008	4263	5306	5856	5990	5857	5500	5071	4672	4220	3810	3422	3132	3012	3077	3332	3717	4088	4335	4320	4273	4061	3776	3498	3194	2950	2719	2549	2360	
199	11293	59.9	60.0	41	1	1	2	981	1301	1956	3005	4205	5189	5825	6012	5862	5451	5138	4651	4190	3796	3429	3146	3014	3060	3317	3691	4063	4331	4335	4285	4037	3782	3505	3241	2935	2743	2554	2386	
199	11310	60.0	60.0	41	1	1	2	977	1281	1984	3007	4258	5212	5824	6028	5828	5438	5084	4624	4169	3757	3390	3143	3001	3071	3332	3698	4069	4302	4303	4248	4031	3774	3514	3224	2946	2735	2533	2351	
199	11327	59.9	60.0	41	1	1	2	989	1295	1965	3010	4247	5254	5828	5976	5769	5397	5076	4627	4193	3790	3406	3149	3011	3072	3342	3694	4032	4304	4329	4280	4047	3816	3530	3221	2934	2740	2546	2354	
199	11345	60.0	60.0	41	1	1	2	990	1261	1954	3022	4237	5235	5836	5918	5846	5441	5106	4600	4151	3798	3427	3117	3006	3022	3327	3691	4061	4263	4337	4282	4012	3792	3475	3198	2948	2702	2549	2365	
199	11362	60.0	60.0	41	1	1	2	976	1292	1968	3014	4220	5228	5804	6015	5825	5449	5086	4662	4167	3766	3421	3148	3021	3064	3311	3680	4060	4280	4327	4234	4037	3795	3505	3221	2942	2724	2547	2341	
199	11425	95.0	95.0	42	1	0	2	901	1037	1394	1900	2529	3025	3369	3492	3471	3333	3203	2998	2735	2524	2416	2264	2289	2402	2661	2940	3260	3469	3439	3408	3234	3106	2910	2732	2474	2340	2204	2089	
199	11442	95.0	95.0	42	1	0	2	884	1064	1374	1904	2519	3023	3353	3500	3488	3314	3163	2952	2740	2546	2377	2288	2287	2408	2634	2933	3254	3417	3417	3386	3255	3087	2924	2698	2517	2363	2205	2053	
199	11505	59.8	60.1	42	1	1	2	978	1288	1984	3022	4250	5235	5831	6034	5865	5458	5113	4655	4195	3804	3451	3149	3025	3068	3347	3666	4065	4352	4325	4293	4019	3828	3535	3240	2964	2728	2558	2366	
199	11522	59.9	60.0	42	1	1	2	980	1296	1976	3036	4286	5259	5846	5988	5881	5471	5037	4653	4220	3788	3442	3125	3035	3059	3307	3693	4049	4340	4358	4290	4078	3795	3526	3244	2959	2720	2524	2367	
199	11539	59.9	60.0	42	1	1	2	1008	1278	1956	3025	4262	5218	5845	5954	5857	5464	5106	4664	4178	3783	3438	3133	3014	3068	3301	3739	4070	4325	4325	4247	4072	3785	3505	3262	2969	2745	2565	2356	
199	11556	59.9	60.0	42	1	1	2	964	1290	1973	3025	4250	5270	5802	6004	5813	5440	5062	4637	4181	3782	3397	3114	3021	3050	3330	3695	4080	4310	4364	4232	4044	3789	3515	3215	2991	2722	2564	2395	
199	11574	60.0	60.0	42	1	1	2	979	1295	1983	3022	4251	5267	5864	6025	5853	5487	5076	4616	4161	3787	3450	3128	3062	3051	3299	3712	4060	4338	4347	4253	4056	3820	3518	3225	2960	2730	2546	2382	
199	11591	60.0	60.0	42	1	1	2	987	1301	1947	3031	4253	5252	5864	6018	5866	5479	5085	4658	4170	3819	3412	3137	3020	3074	3320	3689	4049	4321	4342	4287	4066	3785	3522	3236	2980	2684	2589	2383	
199	11608	60.0	60.0	42	1	1	2	975	1285	1969	3013	4257	5233	5796	5953	5863	5442	5087	4654	4198	3804	3375	3137	3035	3076	3339	3683	4055	4358	4334	4261	4070	3815	3496	3216	2974	2715	2555	2344	
199	11671	95.1	95.0	43	1	0	2	899	1044	1386	1909	2524	3041	3362	3508	3483	3344	3169	2959	2768	2546	2386	2254	2271	2406	2660	2976	3225	3433	3450	3426	3262	3086	2896	2689	2512	2331	2209	2066	
199	11688	95.0	95.0	43	1	0	2	910	1051	1404	1913	2533	3004	3378	3513	3484	3335	3211	2953	2729	2549	2380	2262	2301	2408	2666	2993	3245	3396	3437	3383	3252	3085	2911	2712	2486	2329	2202	2058	
199	11750	59.8	60.1	43	1	1	2	988	1304	1971	3020	4260	5217	5862	6001	5853	5488	5111	4664	4206	3789	3443	3169	3043	3115	3337	3706	4066	4300	4309	4279	4077	3794	3542	3228	2948	2693	2559	2350	
199	11767	60.0	60.0	43	1	1	2	986	1317	1981	3004	4232	5293	5876	6042	5812	5452	5123	4675	4187	3828	3469	3142	3038	3080	3337	3683	4060	4358	4344	4294	4061	3804	3520	3274	2954	2708	2572	2408	
199	11784	60.0	60.0	43	1	1	2	1008	1297	1964	3004	4262	5281	5863	6015	5844	5472	5101	4661	4209	3810	3433	3134	2998	3082	3339	3663	4104	4324	4332	4249	4049	3783	3538	3230	2945	2733	2531	2370	
199	11802	60.0	60.0	43	1	1	2	988	1294	1993	3013	4240	5269	5824	6077	5866	5492	5120	4654	4176	3797	3444	3145	3020	3080	3322	3699	4041	4314	4349	4248	4044	3776	3518	3237	2920	2737	2553	2352	
199	11819	60.0	60.0	43	1	1	2	953	1290	1978	3003	4285	5247	5838	6009	5844	5492	5074	4654	4175	3798	3463	3139	3018	3048	3321	3672	4071	4298	4331	4270	4043	3783	3526	3208	2962	2705	2539	2357	
199	11836	60.0	60.0	43	1	1	2	994	1296	1987	3018	4241	5243	5844	6017	5834	5476	5123	4606	4163	3769	3409	3122	2998	3085	3323	3668	4049	4273	4303	4241	4044	3827	3499	3243	2938	2701	2543	2356	
199	11853	59.9	60.0	43	1	1	2	999	1274	1958	3050	4244	5202	5887	6057	5883	5494	5102	4633	4226	3796	3450	3140	3052	3058	3350	3700	4095	4328	4372	4272	4008	3797	3484	3225	2956	2712	2522	2392	
199	11916	95.0	95.0	44	1	0	2	907	1049	1397	1923	2552	3053	3410	3477	3501	3337	3226	2938	2762	2537	2401	2277	2281	2433	2662	2981	3276	3459	3452	3396	3261	3076	2893	2697	2518	2335	2216	2048	
199	11933	95.0	95.0	44	1	0	2	924	1041	1420	1922	2533	3040	3358	3562	3505	3360	3187	2977	2742	2541	2396	2279	2296	2420	2646	2985	3260	3435	3473	3414	3280	3032	2879	2713	2510	2314	2246	2045	
199	11996	59.8	60.1	44	1	1	2	991	1308	1955	3034	4282	5247	5892	6024	5819	5524	5129	4718	4251	3822	3459	3138	3026	3078	3362	3746	4107	4318	4332	4280	4063	3818	3520	3242	2986	2753	2545	2372	
199	12013	59.9	60.0	44	1	1	2	980	1300	1963	3009	4265	5226	5831	6001	5843	5472	5128	4666	4185	3798	3442	3188	3008	3070	3377	3732	4078	4318	4337	4324	4079	3811	3492	3248	2909	2704	2552	2369	
199	12030	60.0	60.0	44	1	1	2	989	1303	1950	3028	4252	5221	5815	5976	5806	5464	5109	4653	4224	3798	3442	3132	3050	3075	3327	3692	4057	4301	4350	4251	4040	3784	3504	3239	2925	2725	2573	2391	
199	12048	60.0	60.0	44	1	1	2	986	1300	1949	3007	4268	5243	5870	6002	5854	5435	5079	4627	4196	3790	3435	3146	3033	3050	3319	3708	4105	4327	4366	4274	4077	3834	3514	3240	2952	2739	2563	2380	
199	12065	60.0	60.0	44	1	1	2	961	1297	1971	3022	4241	5255	5853	5987	5871	5443	5096	4678	4136	3819	3410	3145	3041	3070	3322	3707	4083	4338	4321	4224	4054	3779	3528	3249	2920	2721	2533	2378	
199	12082	60.0	60.0	44	1	1	2	987	1319	1960	2998	4250	5234	5904	6013	5855	5400	5093	4632	4192	3810	3455	3130	3031	3048	3317	3700	4079	4341	4337	4265	4026	3802	3545	3237	2968	2700	2561	2369	
199	12099	59.9	60.0	44	1	1	2	1004	1309	1964	3006	4245	5218	5812	6030	5798	5465	5114	4620	4174	3807	3406	3142	3034	3078	3332	3709	4036	4322	4309	4284	4080	3799	3493	3213	2931	2757	2544	2376	
199	12164	95.0	95.1	45	1	0	2	910	1048	1385	1905	2549	3037	3370	3524	3473	3363	3187	2992	2780	2546	2411	2294	2283	2412	2658	2981	3275	3438	3427	3424	3280	3097	2907	2690	2516	2341	2234	2073	
199	12181	95.0	95.0	45	1	0	2	931	1048	1397	1918	2517	3020	3361	3486	3498	3328	3183	3007	2760	2542	2410	2258	2295	2398	2694	2939	3228	3460	3470	3440	3296	3091	2909	2680	2494	2364	2224	2064	
199	12244	59.8	60.1	45	1	1	2	993	1332	1983	3045	4304	5300	5933	6023	5865	5542	5119	4706	4263	3783	3451	3173	3039	3064	3318	3695	4127	4351	4368	4254	4073	3832	3554	3268	2999	2715	2562	2361	
199	12261	59.9	60.0	45	1	1	2	996	1313	1980	3029	4268	5266	5900	6056	5863	5495	5152	4673	4218	3849	3473	3157	3050	3077	3336	3701	4106	4335	4376	4275	4060	3791	3544	3266	2958	2730	2563	2380	
199	12278	60.0	60.0	45	1	1	2	980	1289	1986	3051	4267	5273	5913	6025	5850	5486	5161	4672	4234	3801	3436	3147	3052	3088	3380	3707	4088	4369	4392	4301	4076	3837	3543	3243	2934	2758	2569	2381	
199	12296	59.9	60.0	45	1	1	2	988	1296	1988	2993	4269	5304	5888	6046	5859	5476	5111	4698	4195	3781	3422	3154	3009	3082	3307	3734	4078	4317	4374	4289	4059	3781	3540	3242	2954	2742	2570	2379	
199	12313	59.9	60.0	45	1	1	2	991	1318	2006	3026	4240	5230	5841	5996	5850	5465	5138	4629	4224	3817	3448	3157	3042	3058	3320	3729	4111	4311	4370	4246	4065	3813	3518	3236	2957	2736	2565	2359	
199	12330	60.0	60.0	45	1	1	2	976	1318	1962	3057	4268	5218	5877	6000	5889	5490	5109	4675	4236	3851	3409	3159	3022	3072	3363	3703	4060	4285	4343	4316	4076	3791	3560	3248	2969	2725	2544	2393	
199	12347	60.0	60.0	45	1	1	2	983	1304	1949	3014	4244	5257	5857	5978	5837	5473	5115	4647	4205	3805	3455	3136	3046	3076	3341	3703	4056	4292	4302	4301	4026	3809	3500	3275	2939	2693	2547	2347	
