Well	Time (1/2 s)	Block Temp	Sample Temp	Repetition	PCR Stage	Extension	Scale	B1	B2	B3	B4	B5	B6	B7	B8	B9	B10	B11	B12	B13	B14	B15	B16	B17	B18	B19	B20	B21	B22	B23	B24	B25	B26	B27	B28	B29	B30	B31	B32
5	106	95.0	95.1	1	0	0	2	889	1068	1457	2016	2656	3203	3553	3672	3633	3477	3235	3023	2765	2584	2377	2310	2302	2382	2633	2950	3298	3505	3524	3485	3377	3175	2955	2772	2594	2436	2268	2132	
5	123	95.0	95.0	1	0	0	2	881	1077	1447	2048	2653	3160	3497	3617	3632	3447	3223	3011	2755	2580	2384	2284	2266	2406	2674	2944	3226	3444	3512	3465	3339	3164	2933	2823	2608	2389	2276	2082	
5	141	94.9	95.0	1	0	0	2	884	1075	1470	1991	2663	3156	3497	3605	3608	3431	3210	3044	2761	2546	2364	2303	2286	2383	2649	2943	3207	3444	3533	3452	3334	3153	2935	2736	2558	2396	2247	2105	
5	158	95.0	95.0	1	0	0	2	928	1068	1462	2066	2677	3173	3519	3650	3597	3486	3258	3029	2812	2588	2390	2280	2296	2377	2627	2964	3274	3436	3530	3474	3360	3204	2966	2760	2613	2404	2257	2107	
5	175	94.9	95.0	1	0	0	2	884	1068	1454	2030	2668	3189	3508	3597	3578	3463	3247	3014	2784	2563	2387	2292	2262	2390	2627	2927	3255	3437	3580	3479	3360	3150	2974	2788	2601	2390	2230	2100	
5	192	95.0	95.0	1	0	0	2	889	1073	1454	2060	2691	3199	3548	3624	3601	3450	3236	3028	2791	2607	2404	2273	2298	2397	2670	2922	3272	3426	3547	3520	3397	3186	2982	2776	2628	2409	2279	2164	
5	210	94.9	95.0	1	0	0	2	883	1080	1446	2042	2650	3181	3492	3600	3566	3438	3217	3018	2792	2609	2378	2305	2275	2381	2639	2963	3262	3412	3528	3488	3349	3168	2941	2769	2569	2391	2265	2096	
5	227	94.9	95.0	1	0	0	2	872	1078	1467	2040	2669	3213	3523	3625	3569	3467	3305	3014	2815	2600	2370	2322	2251	2404	2649	2947	3255	3425	3528	3477	3346	3181	2952	2779	2613	2397	2268	2118	
5	244	94.9	95.0	1	0	0	2	896	1067	1459	2044	2650	3194	3531	3632	3575	3466	3245	3044	2789	2582	2405	2313	2268	2431	2645	2938	3245	3457	3529	3486	3340	3162	2953	2753	2585	2426	2224	2132	
5	261	95.0	95.0	1	0	0	2	892	1067	1466	2039	2677	3197	3510	3608	3572	3435	3228	3011	2796	2565	2401	2272	2294	2410	2668	2939	3267	3406	3528	3472	3332	3158	2952	2761	2573	2395	2260	2086	
5	279	94.9	95.0	1	0	0	2	908	1064	1464	2027	2687	3202	3483	3623	3578	3443	3222	3005	2820	2568	2358	2273	2278	2386	2638	2927	3245	3422	3512	3490	3349	3158	2958	2739	2610	2396	2270	2101	
5	296	94.9	95.0	1	0	0	2	895	1072	1444	2046	2658	3172	3521	3630	3575	3464	3253	3033	2798	2574	2379	2274	2250	2379	2644	2918	3245	3437	3537	3487	3328	3185	2966	2739	2604	2401	2257	2109	
5	313	94.9	95.0	1	0	0	2	891	1077	1458	2031	2666	3166	3511	3663	3590	3371	3252	3014	2776	2570	2365	2273	2293	2376	2644	2936	3254	3421	3532	3445	3342	3172	2965	2744	2568	2405	2271	2117	
5	330	95.0	95.0	1	0	0	2	896	1073	1467	2044	2669	3212	3499	3629	3554	3464	3256	3018	2782	2616	2376	2323	2282	2389	2662	2934	3241	3433	3530	3452	3353	3184	2966	2760	2586	2398	2249	2135	
5	348	95.0	95.0	1	0	0	2	896	1085	1470	2064	2689	3206	3531	3660	3613	3454	3257	3050	2802	2601	2400	2297	2335	2413	2628	2945	3300	3450	3487	3463	3383	3166	2950	2767	2584	2393	2281	2116	
5	365	95.0	95.0	1	0	0	2	890	1074	1457	2034	2681	3204	3518	3662	3563	3456	3248	3029	2800	2574	2368	2298	2274	2373	2643	2950	3245	3432	3495	3494	3350	3211	2973	2771	2621	2394	2248	2112	
5	382	95.0	95.0	1	0	0	2	919	1063	1454	2049	2673	3204	3509	3643	3612	3474	3238	3017	2800	2551	2385	2339	2287	2415	2649	2980	3264	3443	3541	3486	3351	3174	2941	2775	2598	2414	2262	2131	
5	399	95.0	95.0	1	0	0	2	891	1073	1465	2041	2666	3221	3476	3632	3599	3477	3246	3057	2814	2580	2378	2296	2277	2413	2648	2941	3251	3432	3520	3491	3348	3189	2999	2766	2571	2396	2210	2128	
5	417	95.0	95.0	1	0	0	2	891	1092	1485	2033	2654	3230	3522	3636	3584	3482	3296	3015	2809	2601	2349	2301	2293	2396	2667	2946	3272	3439	3493	3479	3330	3179	2941	2781	2586	2416	2283	2118	
5	434	95.0	95.0	1	0	0	2	892	1083	1449	2063	2668	3227	3529	3670	3636	3504	3238	3048	2793	2620	2364	2305	2301	2432	2655	2910	3252	3459	3535	3520	3320	3215	2953	2786	2591	2388	2253	2117	
5	451	95.0	95.0	1	0	0	2	892	1075	1473	2066	2660	3197	3516	3640	3623	3489	3257	3044	2772	2584	2388	2302	2313	2416	2648	2920	3243	3461	3565	3474	3355	3154	2987	2769	2569	2408	2286	2120	
5	468	95.0	95.0	1	0	0	2	901	1089	1473	2056	2683	3212	3536	3661	3626	3484	3284	3087	2797	2594	2390	2307	2321	2407	2652	2955	3284	3441	3509	3477	3351	3180	2969	2786	2605	2421	2286	2115	
5	485	95.0	95.0	1	0	0	2	904	1074	1483	2045	2681	3181	3517	3656	3583	3470	3269	3052	2781	2567	2382	2286	2289	2401	2639	2945	3276	3466	3533	3525	3369	3199	2956	2776	2586	2406	2276	2127	
5	503	94.9	95.0	1	0	0	2	892	1084	1471	2055	2704	3219	3559	3702	3662	3488	3287	3071	2805	2614	2380	2312	2293	2428	2694	2968	3295	3456	3554	3525	3398	3217	2982	2777	2604	2443	2341	2119	
5	520	95.0	95.0	1	0	0	2	894	1074	1460	2043	2715	3220	3541	3646	3608	3489	3276	3037	2775	2613	2370	2295	2288	2425	2649	2942	3307	3433	3532	3464	3368	3192	2997	2766	2596	2424	2288	2129	
5	537	95.0	95.0	1	0	0	2	888	1082	1469	2062	2684	3197	3552	3686	3600	3510	3288	3066	2803	2601	2414	2336	2298	2405	2687	2976	3269	3473	3518	3519	3371	3165	2963	2771	2602	2412	2285	2111	
5	554	95.0	95.0	1	0	0	2	910	1067	1490	2049	2680	3202	3525	3686	3588	3493	3259	3047	2836	2590	2397	2306	2301	2421	2659	2943	3299	3416	3537	3473	3396	3162	2964	2776	2598	2401	2275	2140	
5	572	95.0	95.0	1	0	0	2	893	1086	1482	2024	2668	3207	3496	3656	3614	3426	3251	3030	2796	2606	2397	2280	2308	2384	2658	2940	3241	3451	3534	3484	3362	3181	2941	2756	2565	2416	2247	2114	
5	589	95.0	95.0	1	0	0	2	892	1066	1507	2050	2661	3224	3495	3634	3611	3499	3261	3059	2778	2598	2401	2289	2288	2423	2636	2924	3248	3456	3552	3488	3371	3185	2991	2749	2597	2410	2286	2116	
5	606	95.0	95.0	1	0	0	2	902	1077	1472	2065	2722	3198	3515	3663	3598	3485	3261	3040	2789	2568	2390	2294	2282	2364	2649	2966	3265	3431	3523	3497	3354	3177	2997	2750	2602	2450	2262	2115	
5	623	95.0	95.0	1	0	0	2	901	1072	1475	2049	2675	3222	3537	3658	3583	3477	3278	3070	2782	2570	2357	2277	2268	2428	2656	2955	3228	3448	3522	3460	3361	3252	2964	2749	2578	2407	2254	2091	
5	641	95.0	95.0	1	0	0	2	908	1091	1467	2046	2676	3249	3577	3644	3621	3489	3248	3034	2824	2586	2381	2306	2309	2418	2641	2966	3284	3431	3545	3508	3319	3202	2981	2808	2568	2425	2287	2129	
5	658	94.9	95.0	1	0	0	2	899	1088	1477	2064	2664	3232	3515	3635	3585	3478	3252	3055	2790	2621	2413	2326	2281	2410	2636	2950	3204	3426	3547	3451	3372	3177	2967	2738	2576	2440	2271	2111	
5	675	95.0	95.0	1	0	0	2	904	1082	1461	2055	2694	3215	3539	3662	3603	3488	3272	3041	2789	2590	2399	2302	2335	2406	2644	2936	3263	3464	3554	3486	3350	3164	2991	2787	2581	2409	2253	2117	
5	692	94.9	95.0	1	0	0	2	884	1084	1463	2048	2655	3231	3547	3660	3624	3480	3292	3082	2796	2611	2409	2311	2329	2445	2677	2930	3281	3479	3539	3507	3369	3212	2973	2774	2586	2438	2276	2130	
5	710	94.9	95.0	1	0	0	2	896	1078	1482	2055	2706	3211	3592	3684	3615	3502	3252	3068	2810	2596	2392	2310	2329	2433	2657	2969	3302	3493	3517	3498	3399	3190	2962	2785	2606	2408	2263	2119	
5	727	95.0	95.0	1	0	0	2	893	1084	1460	2048	2679	3216	3527	3640	3595	3494	3250	3012	2793	2574	2383	2310	2276	2396	2633	2933	3252	3443	3543	3444	3370	3152	2964	2753	2559	2423	2246	2122	
5	744	94.9	95.0	1	0	0	2	892	1075	1443	2047	2661	3187	3540	3646	3609	3485	3275	3050	2806	2606	2407	2309	2302	2398	2678	2947	3267	3473	3560	3498	3396	3210	3003	2781	2593	2420	2256	2120	
5	761	94.9	95.0	1	0	0	2	915	1074	1482	2061	2679	3217	3523	3678	3622	3514	3273	3063	2794	2568	2392	2308	2286	2371	2683	2940	3232	3461	3531	3472	3396	3190	2976	2771	2580	2382	2273	2134	
5	779	95.0	95.0	1	0	0	2	890	1098	1474	2046	2694	3208	3521	3661	3597	3485	3270	3065	2774	2589	2392	2305	2287	2398	2634	2942	3276	3446	3540	3492	3353	3168	2920	2769	2560	2373	2245	2113	
5	796	95.0	95.0	1	0	0	2	883	1087	1460	2058	2694	3251	3518	3663	3641	3506	3294	3089	2805	2593	2406	2309	2289	2382	2670	2938	3266	3444	3554	3526	3391	3211	2945	2752	2582	2410	2281	2123	
5	813	94.9	95.0	1	0	0	2	890	1084	1471	2038	2707	3215	3590	3654	3599	3483	3275	3099	2790	2584	2400	2343	2310	2403	2657	2966	3280	3479	3558	3487	3345	3208	2973	2797	2585	2412	2259	2131	
5	830	94.9	95.0	1	0	0	2	902	1068	1434	2043	2698	3203	3527	3684	3605	3446	3275	3046	2806	2601	2382	2316	2312	2402	2646	2957	3244	3418	3536	3480	3371	3202	2953	2773	2598	2400	2271	2111	
5	848	95.0	95.0	1	0	0	2	910	1089	1458	2070	2693	3193	3541	3697	3630	3506	3294	3081	2784	2621	2406	2303	2294	2411	2666	2953	3276	3426	3564	3488	3352	3199	2974	2746	2602	2387	2253	2137	
5	865	95.0	95.0	1	0	0	2	893	1091	1457	2057	2677	3223	3563	3683	3602	3508	3285	3052	2816	2602	2391	2307	2288	2415	2644	2968	3280	3444	3541	3468	3392	3183	2970	2791	2585	2403	2259	2118	
5	882	95.0	95.0	1	0	0	2	916	1038	1473	2074	2694	3257	3549	3677	3617	3477	3280	3050	2817	2608	2424	2312	2298	2422	2674	2966	3303	3479	3573	3496	3337	3183	2960	2756	2589	2425	2265	2132	
5	899	94.9	95.0	1	0	0	2	904	1080	1472	2043	2679	3203	3548	3640	3627	3480	3255	3071	2803	2615	2414	2333	2300	2421	2639	2952	3259	3444	3538	3498	3369	3186	2963	2766	2596	2397	2274	2109	
5	917	95.0	95.0	1	0	0	2	883	1089	1465	2046	2728	3222	3567	3696	3655	3498	3263	3080	2792	2602	2400	2317	2298	2407	2678	2974	3245	3450	3521	3501	3395	3234	2994	2776	2593	2414	2255	2131	
5	934	94.9	95.0	1	0	0	2	893	1079	1488	2050	2696	3233	3542	3699	3627	3490	3277	3034	2788	2614	2410	2321	2299	2442	2624	2965	3288	3461	3540	3504	3336	3225	2969	2802	2582	2425	2260	2093	
5	951	95.0	95.0	1	0	0	2	896	1080	1461	2058	2698	3208	3530	3689	3666	3509	3314	3068	2856	2615	2441	2321	2278	2417	2662	2966	3276	3452	3564	3540	3388	3212	2990	2804	2604	2422	2294	2128	
5	968	95.0	95.0	1	0	0	2	890	1068	1461	2065	2695	3270	3553	3671	3636	3506	3292	3072	2827	2611	2422	2320	2313	2444	2680	2944	3274	3474	3547	3476	3316	3210	2996	2773	2607	2422	2302	2131	
5	986	95.0	95.0	1	0	0	2	897	1095	1461	2049	2669	3236	3553	3710	3617	3518	3321	3062	2836	2597	2405	2300	2295	2426	2643	2963	3246	3454	3558	3520	3388	3206	2985	2782	2602	2421	2281	2124	
5	1003	94.9	95.0	1	0	0	2	921	1074	1466	2041	2699	3246	3554	3684	3648	3502	3308	3062	2833	2597	2411	2327	2296	2415	2656	2969	3250	3456	3548	3486	3360	3183	2970	2752	2579	2395	2275	2112	
5	1020	95.0	95.0	1	0	0	2	898	1096	1474	2067	2718	3210	3558	3698	3651	3514	3292	3057	2842	2596	2405	2329	2322	2396	2645	2961	3260	3449	3536	3523	3329	3177	2984	2782	2589	2438	2239	2135	
5	1037	95.0	95.0	1	0	0	2	908	1090	1477	2065	2688	3242	3585	3670	3653	3533	3299	3059	2827	2591	2400	2337	2302	2423	2677	2956	3286	3483	3591	3520	3406	3224	2974	2802	2611	2427	2267	2139	
5	1055	95.0	95.0	1	0	0	2	883	1087	1482	2095	2726	3249	3580	3712	3636	3497	3291	3080	2848	2618	2413	2344	2311	2421	2686	2958	3294	3464	3557	3496	3389	3234	2998	2786	2590	2412	2260	2141	
5	1072	95.0	95.0	1	0	0	2	900	1074	1469	2068	2676	3238	3581	3671	3600	3518	3296	3085	2868	2614	2432	2318	2311	2402	2651	2946	3283	3442	3548	3487	3373	3188	2958	2784	2581	2425	2270	2122	
5	1089	95.0	95.0	1	0	0	2	889	1082	1511	2055	2731	3228	3548	3702	3606	3490	3302	3072	2812	2610	2410	2299	2298	2449	2689	2953	3297	3499	3567	3464	3361	3206	2989	2773	2612	2457	2291	2125	
5	1106	95.0	95.0	1	0	0	2	905	1083	1468	2041	2702	3226	3544	3679	3641	3501	3310	3042	2838	2622	2395	2325	2272	2411	2665	2974	3257	3433	3546	3520	3373	3169	3001	2784	2583	2436	2260	2124	
5	1124	94.9	95.0	1	0	0	2	893	1085	1470	2064	2701	3239	3578	3709	3644	3547	3311	3080	2863	2628	2426	2298	2315	2443	2680	2971	3271	3480	3514	3505	3357	3216	2982	2760	2596	2413	2249	2120	
5	1141	95.0	95.0	1	0	0	2	899	1078	1456	2073	2706	3233	3578	3704	3644	3508	3311	3070	2825	2599	2418	2304	2293	2447	2686	2978	3332	3464	3550	3471	3408	3203	2994	2794	2619	2405	2285	2118	
5	1158	95.0	95.0	1	0	0	2	889	1068	1461	2054	2676	3226	3572	3745	3638	3533	3307	3073	2832	2617	2410	2322	2269	2408	2677	2965	3289	3480	3546	3518	3394	3183	2994	2766	2617	2423	2266	2144	
5	1176	95.0	95.0	1	0	0	2	900	1082	1488	2064	2753	3259	3549	3692	3638	3554	3281	3092	2828	2613	2399	2316	2319	2409	2694	2946	3269	3483	3536	3469	3372	3190	2977	2767	2611	2422	2311	2143	
5	1193	95.0	95.0	1	0	0	2	899	1078	1478	2054	2743	3197	3534	3679	3646	3520	3326	3093	2824	2628	2408	2316	2295	2427	2658	2960	3279	3473	3584	3527	3388	3200	2970	2788	2586	2438	2279	2123	
5	1210	95.0	95.0	1	0	0	2	913	1077	1469	2057	2714	3255	3562	3658	3627	3507	3316	3100	2851	2600	2414	2322	2312	2417	2651	2958	3292	3453	3548	3498	3390	3173	2981	2814	2612	2438	2287	2125	
5	1227	95.0	95.0	1	0	0	2	873	1078	1492	2057	2704	3214	3575	3686	3652	3528	3264	3085	2825	2606	2434	2319	2288	2405	2686	2944	3277	3428	3589	3524	3351	3191	3008	2782	2612	2387	2264	2121	
5	1244	94.9	95.0	1	0	0	2	897	1075	1487	2045	2720	3277	3602	3689	3641	3500	3315	3102	2860	2616	2421	2326	2269	2435	2673	2997	3318	3441	3562	3527	3406	3203	3007	2802	2632	2436	2288	2111	
5	1262	95.0	95.0	1	0	0	2	897	1080	1489	2051	2700	3265	3597	3677	3648	3518	3298	3051	2819	2596	2445	2325	2308	2439	2682	2984	3280	3461	3550	3481	3386	3198	2952	2769	2603	2432	2259	2135	
5	1279	94.9	95.0	1	0	0	2	896	1076	1468	2072	2703	3278	3574	3717	3673	3539	3345	3103	2828	2629	2438	2298	2327	2399	2666	2978	3284	3487	3556	3526	3412	3179	3001	2816	2616	2462	2268	2123	
5	1325	95.0	95.0	1	1	0	2	928	1086	1479	2063	2707	3257	3571	3723	3638	3546	3305	3101	2854	2635	2414	2346	2317	2439	2684	2969	3268	3463	3562	3532	3385	3207	2975	2809	2578	2421	2274	2144	
5	1387	59.9	60.1	1	1	1	2	991	1357	2187	3377	4663	5699	6185	6298	6140	5797	5324	4827	4361	3869	3502	3232	3041	3079	3310	3678	4083	4272	4394	4332	4154	3898	3614	3312	3050	2784	2578	2414	
5	1404	60.0	60.0	1	1	1	2	982	1356	2167	3388	4689	5747	6243	6427	6170	5782	5378	4888	4380	3944	3544	3224	3069	3092	3345	3688	4059	4323	4470	4350	4161	3854	3610	3317	3054	2783	2605	2385	
5	1421	59.9	60.0	1	1	1	2	975	1367	2194	3455	4676	5786	6296	6395	6166	5837	5343	4883	4363	3922	3522	3222	3080	3055	3322	3712	4063	4339	4431	4379	4171	3917	3601	3301	3069	2814	2586	2407	
5	1439	60.0	60.0	1	1	1	2	998	1369	2192	3409	4723	5765	6256	6387	6208	5845	5348	4888	4373	3946	3524	3246	3092	3102	3356	3703	4072	4345	4451	4378	4184	3920	3600	3299	3066	2801	2596	2442	
5	1456	60.0	60.0	1	1	1	2	966	1352	2183	3400	4699	5711	6271	6395	6200	5850	5358	4845	4397	3958	3488	3240	3079	3112	3314	3715	4082	4305	4447	4370	4197	3919	3606	3326	3080	2814	2588	2414	
5	1473	59.9	60.0	1	1	1	2	953	1372	2205	3389	4706	5746	6264	6395	6177	5859	5357	4876	4407	3953	3489	3236	3048	3088	3344	3658	4070	4316	4438	4347	4161	3934	3646	3363	3064	2833	2622	2399	
5	1490	59.9	60.0	1	1	1	2	976	1378	2175	3433	4704	5696	6286	6471	6192	5863	5367	4897	4407	3946	3532	3261	3095	3120	3333	3688	4097	4317	4527	4400	4182	3940	3663	3339	3062	2802	2637	2460	
5	1553	95.0	95.1	2	1	0	2	892	1079	1474	2080	2737	3260	3574	3706	3702	3523	3346	3113	2825	2648	2462	2337	2333	2429	2677	2961	3275	3495	3556	3522	3387	3224	3024	2801	2594	2440	2304	2123	
5	1570	95.0	95.0	2	1	0	2	891	1098	1477	2056	2726	3275	3596	3713	3657	3535	3350	3108	2836	2652	2422	2367	2327	2456	2685	2998	3293	3430	3593	3532	3392	3192	2974	2797	2616	2429	2310	2129	
5	1633	59.9	60.1	2	1	1	2	982	1368	2212	3434	4768	5782	6337	6452	6245	5906	5426	4929	4419	3985	3542	3255	3115	3116	3351	3710	4143	4370	4509	4392	4259	3960	3643	3400	3074	2853	2623	2426	
5	1650	59.9	60.0	2	1	1	2	975	1358	2205	3446	4843	5823	6388	6535	6332	5944	5484	4947	4465	3984	3590	3308	3105	3116	3369	3712	4167	4362	4489	4417	4245	3988	3678	3369	3087	2851	2651	2464	
5	1667	60.0	60.0	2	1	1	2	970	1371	2252	3462	4834	5831	6379	6500	6263	5906	5468	4970	4442	3968	3566	3287	3152	3124	3411	3726	4128	4416	4494	4442	4290	4010	3652	3369	3108	2857	2633	2456	
5	1685	60.0	60.0	2	1	1	2	969	1365	2198	3474	4811	5804	6363	6563	6280	5920	5456	4944	4449	3998	3574	3269	3132	3153	3393	3736	4109	4389	4498	4431	4253	3993	3659	3406	3129	2830	2656	2491	
5	1702	59.9	60.0	2	1	1	2	976	1371	2253	3491	4820	5853	6440	6577	6264	5987	5491	4989	4493	4040	3559	3298	3128	3145	3428	3732	4130	4374	4529	4475	4248	3981	3697	3405	3135	2838	2653	2452	
5	1719	59.9	60.0	2	1	1	2	980	1371	2228	3446	4797	5832	6439	6524	6256	5900	5441	4971	4433	4007	3567	3309	3109	3119	3421	3735	4130	4370	4489	4465	4238	3990	3675	3369	3077	2850	2669	2451	
5	1736	59.9	60.0	2	1	1	2	966	1380	2213	3421	4784	5804	6319	6506	6285	5908	5426	4910	4406	3987	3501	3267	3134	3145	3390	3707	4120	4361	4508	4394	4240	3959	3655	3344	3113	2855	2635	2446	
5	1799	95.0	95.0	3	1	0	2	895	1088	1470	2074	2724	3273	3657	3749	3687	3561	3364	3123	2842	2667	2452	2320	2326	2441	2676	2978	3280	3489	3557	3514	3412	3218	2985	2824	2592	2423	2320	2148	
5	1816	95.0	95.0	3	1	0	2	910	1092	1477	2084	2766	3300	3621	3753	3712	3582	3366	3100	2882	2664	2448	2335	2339	2445	2694	2980	3325	3502	3588	3539	3436	3239	3011	2769	2649	2475	2301	2133	
5	1879	59.9	60.1	3	1	1	2	974	1393	2173	3403	4704	5728	6234	6373	6177	5819	5351	4889	4380	3945	3500	3228	3068	3089	3348	3649	4110	4309	4403	4365	4156	3916	3599	3320	3065	2793	2596	2432	
5	1896	59.9	60.0	3	1	1	2	989	1339	2163	3400	4681	5668	6300	6396	6152	5787	5334	4888	4405	3897	3513	3246	3071	3100	3322	3668	4058	4265	4446	4317	4144	3875	3600	3297	3020	2784	2611	2414	
5	1914	59.9	60.0	3	1	1	2	968	1359	2194	3392	4699	5684	6244	6403	6173	5832	5313	4873	4345	3950	3509	3259	3075	3098	3324	3682	4037	4287	4429	4394	4130	3927	3621	3335	3053	2813	2611	2413	
5	1931	60.0	60.0	3	1	1	2	975	1347	2179	3387	4679	5747	6236	6435	6153	5858	5384	4883	4359	3920	3536	3267	3043	3109	3328	3677	4081	4297	4400	4348	4159	3907	3588	3325	3090	2803	2622	2396	
5	1948	60.0	60.0	3	1	1	2	978	1368	2163	3394	4740	5767	6252	6413	6166	5841	5369	4898	4377	3937	3516	3256	3088	3121	3353	3691	4047	4328	4389	4386	4176	3893	3608	3326	3087	2800	2624	2414	
5	1965	60.0	60.0	3	1	1	2	982	1373	2165	3410	4721	5772	6262	6393	6205	5864	5411	4918	4384	3982	3536	3257	3113	3107	3356	3669	4103	4314	4449	4375	4205	3916	3624	3326	3081	2756	2599	2416	
5	1983	60.0	60.0	3	1	1	2	960	1364	2215	3377	4739	5778	6269	6413	6227	5821	5331	4922	4356	3963	3531	3255	3108	3122	3359	3674	4066	4348	4427	4378	4172	3920	3611	3348	3075	2850	2609	2411	
5	2045	95.0	95.1	4	1	0	2	910	1095	1485	2079	2728	3290	3614	3744	3652	3544	3346	3101	2861	2653	2428	2348	2352	2422	2704	2969	3266	3480	3555	3505	3375	3196	2978	2797	2606	2425	2266	2150	
5	2062	95.0	95.0	4	1	0	2	899	1110	1470	2072	2736	3228	3611	3708	3654	3556	3307	3103	2872	2666	2429	2362	2314	2414	2647	2966	3282	3474	3541	3533	3397	3200	2970	2779	2589	2444	2297	2122	
5	2125	59.9	60.1	4	1	1	2	969	1370	2184	3413	4725	5792	6336	6439	6171	5873	5369	4913	4388	3948	3522	3248	3066	3127	3328	3710	4059	4325	4432	4380	4203	3926	3590	3358	3069	2812	2620	2408	
5	2142	59.9	60.0	4	1	1	2	978	1365	2204	3443	4748	5746	6327	6472	6270	5900	5383	4946	4416	3968	3535	3250	3088	3101	3359	3648	4116	4349	4444	4394	4250	3945	3631	3348	3081	2810	2628	2458	
5	2160	59.9	60.0	4	1	1	2	990	1348	2195	3409	4778	5750	6342	6473	6228	5868	5373	4907	4400	3950	3522	3244	3075	3106	3378	3695	4067	4328	4425	4377	4203	3943	3596	3365	3084	2799	2595	2420	
5	2177	59.9	60.0	4	1	1	2	963	1364	2196	3412	4752	5756	6329	6413	6204	5891	5383	4888	4432	3950	3509	3226	3092	3121	3345	3670	4112	4316	4443	4398	4196	3960	3601	3308	3063	2802	2636	2398	
5	2194	60.0	60.0	4	1	1	2	970	1375	2216	3450	4769	5749	6273	6429	6175	5848	5377	4897	4392	3944	3516	3254	3089	3096	3317	3688	4098	4334	4462	4398	4189	3922	3623	3345	3076	2840	2610	2444	
5	2211	59.9	60.0	4	1	1	2	961	1356	2207	3433	4772	5790	6323	6440	6222	5852	5396	4938	4467	3973	3524	3273	3057	3122	3361	3679	4127	4342	4442	4454	4192	3957	3620	3322	3042	2820	2607	2393	
5	2229	60.0	60.0	4	1	1	2	993	1389	2199	3421	4715	5772	6374	6448	6230	5846	5393	4925	4443	3968	3523	3291	3066	3098	3378	3703	4100	4345	4460	4369	4212	3930	3623	3335	3087	2828	2594	2431	
5	2291	95.0	95.1	5	1	0	2	893	1100	1489	2077	2723	3280	3629	3779	3697	3572	3317	3129	2879	2633	2450	2359	2329	2421	2679	2962	3320	3510	3558	3514	3412	3175	3014	2788	2643	2456	2291	2148	
5	2309	95.0	95.0	5	1	1	2	911	1066	1485	2065	2734	3269	3642	3713	3697	3576	3366	3096	2864	2637	2447	2379	2327	2417	2722	2978	3300	3481	3574	3528	3399	3240	3001	2808	2638	2450	2281	2139	
5	2371	59.9	60.1	5	1	1	2	979	1363	2196	3403	4702	5741	6272	6405	6210	5803	5377	4883	4386	3944	3477	3247	3055	3115	3341	3672	4060	4310	4476	4341	4162	3921	3591	3339	3075	2837	2610	2394	
5	2388	59.9	60.0	5	1	1	2	982	1346	2187	3429	4726	5742	6278	6422	6174	5828	5345	4936	4413	3963	3478	3235	3083	3095	3381	3663	4093	4298	4452	4370	4180	3911	3596	3315	3087	2827	2601	2402	
5	2406	60.0	60.0	5	1	1	2	966	1361	2193	3405	4684	5729	6263	6398	6199	5844	5333	4904	4364	3942	3503	3251	3072	3101	3347	3647	4035	4303	4391	4322	4209	3895	3614	3292	3063	2809	2587	2401	
5	2423	60.0	60.0	5	1	1	2	984	1354	2171	3368	4668	5700	6241	6409	6161	5800	5385	4849	4403	3932	3511	3251	3043	3079	3311	3650	4061	4302	4393	4353	4187	3882	3615	3335	3022	2813	2605	2396	
5	2440	59.9	60.0	5	1	1	2	966	1362	2167	3413	4714	5733	6248	6392	6178	5821	5390	4912	4380	3977	3504	3251	3077	3100	3319	3679	4077	4329	4421	4370	4193	3921	3587	3322	3039	2774	2599	2417	
5	2457	60.0	60.0	5	1	1	2	975	1351	2167	3383	4671	5697	6193	6351	6100	5748	5313	4812	4318	3912	3491	3214	3062	3075	3337	3619	4030	4269	4387	4304	4144	3857	3559	3257	3051	2774	2589	2393	
5	2475	60.0	60.0	5	1	1	2	980	1366	2195	3396	4705	5713	6276	6405	6115	5853	5351	4877	4379	3940	3512	3251	3070	3099	3341	3655	4035	4289	4431	4316	4177	3913	3580	3253	3072	2795	2592	2397	
5	2537	95.0	95.1	6	1	0	2	900	1088	1466	2074	2748	3299	3579	3715	3694	3522	3343	3107	2852	2624	2437	2300	2326	2408	2701	2940	3269	3487	3533	3509	3346	3186	2984	2795	2571	2411	2321	2126	
5	2555	95.0	95.0	6	1	1	2	904	1096	1479	2076	2697	3293	3624	3710	3682	3569	3340	3121	2854	2623	2438	2331	2333	2439	2653	2975	3282	3474	3580	3523	3420	3203	2976	2790	2614	2430	2299	2122	
5	2617	59.9	60.1	6	1	1	2	968	1349	2170	3388	4706	5744	6248	6396	6146	5827	5348	4901	4388	3907	3496	3250	3052	3102	3345	3624	4040	4296	4406	4339	4145	3912	3582	3305	3066	2807	2572	2392	
5	2635	60.0	60.0	6	1	1	2	974	1346	2155	3369	4692	5692	6206	6365	6124	5771	5322	4838	4350	3896	3478	3250	3059	3080	3297	3650	4035	4250	4382	4281	4135	3874	3560	3301	3038	2782	2612	2391	
5	2652	60.0	60.0	6	1	1	2	969	1353	2196	3406	4681	5695	6285	6359	6180	5793	5340	4855	4388	3938	3520	3228	3062	3101	3342	3646	4039	4263	4379	4303	4166	3877	3582	3340	3040	2802	2569	2419	
5	2669	59.9	60.0	6	1	1	2	977	1392	2188	3376	4589	5666	6193	6327	6126	5770	5288	4840	4353	3921	3467	3209	3017	3092	3325	3633	4031	4251	4400	4335	4106	3906	3546	3288	3013	2777	2631	2393	
5	2686	60.0	60.0	6	1	1	2	953	1369	2171	3386	4669	5666	6219	6349	6130	5781	5337	4834	4353	3909	3491	3201	3075	3072	3300	3628	4053	4317	4407	4333	4129	3869	3596	3301	3053	2803	2599	2384	
5	2704	60.0	60.0	6	1	1	2	970	1349	2179	3386	4674	5690	6255	6353	6140	5786	5331	4854	4329	3951	3474	3216	3008	3083	3304	3639	4040	4290	4386	4333	4169	3868	3570	3294	3050	2763	2607	2399	
5	2721	60.0	60.0	6	1	1	2	981	1364	2170	3374	4695	5672	6304	6407	6180	5823	5339	4891	4369	3949	3522	3221	3088	3094	3312	3621	4029	4316	4400	4343	4151	3882	3588	3286	3045	2823	2579	2387	
5	2783	95.1	95.0	7	1	0	2	894	1078	1469	2055	2703	3283	3559	3723	3646	3525	3334	3077	2819	2612	2433	2343	2315	2452	2693	2963	3279	3465	3545	3479	3329	3187	2996	2775	2592	2431	2262	2132	
5	2801	95.0	95.0	7	1	1	2	904	1078	1478	2011	2700	3209	3584	3688	3636	3555	3293	3059	2805	2596	2404	2316	2285	2420	2636	2917	3240	3442	3502	3465	3334	3135	2957	2749	2593	2384	2270	2129	
5	2864	59.9	60.1	7	1	1	2	978	1376	2187	3365	4744	5753	6301	6422	6161	5816	5378	4909	4383	3953	3522	3239	3092	3092	3341	3685	4058	4329	4430	4380	4155	3946	3593	3311	3076	2783	2601	2401	
5	2881	59.9	60.0	7	1	1	2	967	1367	2186	3427	4747	5759	6308	6427	6201	5851	5390	4896	4386	3972	3513	3250	3080	3113	3358	3688	4097	4353	4429	4366	4160	3914	3624	3327	3034	2793	2591	2438	
5	2898	59.9	60.0	7	1	1	2	983	1368	2198	3391	4710	5688	6287	6410	6156	5814	5371	4859	4403	3956	3506	3239	3084	3080	3325	3681	4045	4300	4414	4389	4178	3877	3592	3329	3049	2790	2583	2429	
5	2915	60.0	60.0	7	1	1	2	974	1357	2216	3415	4732	5754	6281	6390	6193	5844	5383	4889	4387	3930	3496	3278	3121	3103	3338	3692	4060	4344	4418	4365	4203	3924	3618	3325	3086	2805	2620	2416	
5	2933	59.9	60.0	7	1	1	2	973	1363	2193	3394	4734	5728	6293	6416	6190	5835	5318	4895	4386	3943	3473	3285	3077	3093	3352	3644	4048	4307	4453	4349	4159	3955	3582	3323	3059	2794	2603	2406	
5	2950	59.9	60.0	7	1	1	2	972	1343	2184	3402	4693	5755	6303	6397	6135	5806	5333	4874	4385	3964	3504	3227	3040	3115	3357	3675	4095	4324	4413	4318	4183	3873	3600	3315	3048	2814	2603	2420	
5	2967	60.0	60.0	7	1	1	2	971	1359	2196	3403	4713	5715	6292	6376	6218	5851	5371	4889	4404	3939	3497	3243	3042	3081	3350	3648	4087	4334	4409	4356	4175	3891	3624	3330	3053	2817	2618	2411	
5	3032	94.9	95.1	8	1	0	2	902	1071	1486	2077	2697	3240	3563	3704	3689	3545	3313	3082	2835	2628	2408	2318	2293	2384	2666	2958	3268	3444	3511	3503	3382	3185	2977	2791	2615	2437	2260	2115	
5	3049	95.0	95.0	8	1	1	2	887	1097	1466	2034	2704	3224	3573	3713	3683	3513	3301	3090	2813	2601	2402	2334	2324	2396	2691	2912	3280	3424	3523	3484	3373	3182	2947	2727	2595	2420	2261	2116	
5	3111	59.8	60.1	8	1	1	2	970	1376	2180	3372	4655	5657	6187	6344	6161	5790	5278	4828	4363	3930	3489	3197	3044	3070	3302	3599	4026	4289	4412	4326	4181	3849	3583	3289	3019	2766	2588	2417	
5	3128	59.9	60.0	8	1	1	2	963	1352	2157	3365	4644	5670	6203	6300	6074	5771	5261	4864	4337	3953	3490	3186	3032	3047	3302	3637	4025	4252	4365	4300	4104	3866	3525	3292	2993	2758	2592	2392	
5	3145	59.9	60.0	8	1	1	2	968	1379	2172	3379	4695	5740	6218	6366	6132	5766	5333	4853	4380	3925	3502	3212	3042	3102	3280	3639	4024	4271	4396	4341	4121	3883	3559	3292	3045	2755	2593	2422	
5	3162	60.0	60.0	8	1	1	2	985	1354	2182	3374	4657	5677	6213	6318	6106	5770	5324	4831	4348	3920	3451	3196	3055	3083	3268	3620	4016	4245	4376	4341	4114	3844	3572	3264	3044	2794	2578	2415	
5	3180	60.0	60.0	8	1	1	2	978	1346	2183	3377	4636	5649	6163	6323	6052	5760	5275	4815	4370	3892	3464	3200	3054	3093	3295	3622	4011	4228	4386	4289	4098	3856	3546	3271	3048	2776	2554	2376	
5	3197	60.0	60.0	8	1	1	2	968	1369	2150	3379	4668	5644	6183	6279	6111	5745	5241	4830	4312	3899	3479	3218	3054	3026	3299	3588	4026	4260	4399	4298	4157	3848	3584	3288	3014	2794	2564	2388	
5	3214	60.0	60.0	8	1	1	2	976	1356	2152	3336	4637	5635	6177	6305	6093	5714	5246	4799	4339	3910	3429	3176	3039	3088	3311	3586	3944	4234	4346	4282	4096	3880	3517	3273	3010	2753	2563	2396	
5	3277	95.1	95.0	9	1	0	2	886	1063	1473	2040	2696	3219	3579	3655	3611	3489	3279	3048	2823	2602	2388	2329	2324	2412	2663	2929	3243	3414	3482	3459	3318	3137	2916	2764	2590	2361	2236	2076	
5	3294	95.0	95.0	9	1	0	2	878	1083	1469	2024	2703	3209	3539	3681	3600	3512	3289	3071	2821	2610	2425	2303	2306	2428	2650	2957	3218	3406	3485	3434	3314	3144	2932	2741	2567	2382	2220	2100	
5	3357	59.8	60.1	9	1	1	2	952	1347	2150	3339	4596	5564	6122	6269	6021	5689	5198	4756	4264	3850	3442	3173	3026	3021	3272	3606	3973	4155	4347	4238	4066	3803	3526	3234	2981	2720	2580	2372	
5	3374	60.0	60.0	9	1	1	2	963	1376	2138	3349	4588	5609	6141	6275	6078	5764	5255	4766	4296	3864	3458	3192	3046	3033	3318	3627	3985	4229	4329	4265	4091	3818	3539	3276	3021	2756	2565	2408	
5	3391	60.0	60.0	9	1	1	2	978	1358	2157	3399	4667	5645	6194	6256	6104	5725	5241	4816	4345	3882	3461	3185	3057	3055	3313	3647	4043	4245	4349	4282	4125	3866	3574	3297	3034	2749	2550	2354	
5	3409	60.0	60.0	9	1	1	2	966	1368	2174	3329	4653	5602	6114	6254	6030	5757	5252	4788	4298	3815	3469	3211	3024	3037	3289	3568	3975	4204	4377	4252	4099	3812	3553	3286	3008	2744	2549	2385	
5	3426	60.0	60.0	9	1	1	2	970	1365	2164	3328	4616	5599	6139	6273	6004	5681	5239	4771	4275	3851	3429	3177	3012	3058	3252	3608	3974	4229	4334	4292	4044	3852	3529	3237	3007	2750	2545	2361	
5	3443	59.9	60.0	9	1	1	2	978	1364	2161	3339	4627	5594	6178	6264	5979	5712	5238	4810	4267	3901	3453	3202	3045	3063	3272	3585	4024	4213	4320	4278	4097	3816	3502	3234	2972	2714	2556	2360	
5	3460	60.0	60.0	9	1	1	2	971	1360	2170	3362	4651	5612	6174	6246	6076	5716	5289	4804	4301	3873	3473	3188	3014	3061	3257	3596	3997	4281	4310	4314	4096	3811	3526	3247	3019	2783	2575	2402	
5	3523	95.0	95.0	10	1	0	2	899	1077	1471	2063	2684	3225	3576	3710	3577	3477	3274	3066	2826	2598	2387	2305	2317	2391	2625	2894	3238	3459	3512	3465	3322	3144	2915	2748	2559	2370	2227	2094	
5	3540	95.0	95.0	10	1	0	2	902	1092	1468	2033	2693	3200	3556	3669	3619	3495	3268	3064	2839	2606	2403	2343	2278	2405	2608	2925	3236	3389	3539	3452	3333	3141	2928	2711	2592	2380	2243	2091	
5	3603	59.8	60.1	10	1	1	2	958	1328	2145	3343	4666	5682	6186	6269	6039	5719	5238	4812	4289	3884	3444	3191	3024	3026	3299	3558	3996	4238	4346	4301	4068	3865	3526	3267	2969	2761	2565	2374	
5	3620	59.9	60.0	10	1	1	2	963	1364	2167	3341	4605	5587	6128	6285	6036	5748	5208	4795	4291	3851	3450	3179	3048	3064	3264	3588	3961	4223	4365	4254	4046	3811	3519	3280	2984	2748	2581	2360	
5	3637	60.0	60.0	10	1	1	2	963	1348	2173	3355	4643	5635	6184	6298	6069	5720	5262	4779	4296	3877	3436	3204	3066	3054	3306	3568	4044	4226	4359	4309	4101	3791	3557	3267	2999	2777	2581	2346	
5	3655	59.9	60.0	10	1	1	2	971	1345	2178	3312	4575	5576	6116	6304	5982	5695	5188	4785	4262	3848	3421	3188	3025	3059	3259	3576	3952	4252	4363	4252	4104	3818	3508	3251	2990	2727	2578	2360	
5	3672	59.9	60.0	10	1	1	2	963	1335	2164	3318	4616	5563	6102	6240	6019	5714	5249	4767	4308	3852	3379	3168	3021	3029	3307	3588	3970	4191	4334	4272	4040	3833	3524	3245	2990	2709	2540	2372	
5	3689	60.0	60.0	10	1	1	2	972	1349	2145	3314	4598	5589	6106	6227	5969	5634	5209	4744	4273	3822	3397	3159	3037	3055	3234	3589	3956	4205	4309	4239	4031	3850	3505	3237	3017	2768	2537	2389	
5	3706	60.0	60.0	10	1	1	2	967	1329	2139	3329	4584	5593	6124	6257	6067	5674	5216	4770	4318	3887	3425	3181	2993	3030	3274	3553	3971	4222	4315	4250	4092	3843	3519	3239	3004	2754	2523	2377	
5	3769	95.2	95.0	11	1	0	2	895	1081	1481	2030	2656	3202	3521	3611	3586	3472	3262	3025	2755	2600	2390	2294	2257	2403	2633	2882	3217	3394	3486	3424	3273	3120	2899	2723	2571	2390	2209	2086	
5	3786	95.0	95.0	11	1	0	2	889	1069	1455	2058	2674	3176	3535	3650	3572	3508	3307	3064	2785	2604	2390	2304	2295	2373	2608	2939	3204	3418	3508	3445	3283	3152	2904	2727	2579	2348	2261	2091	
5	3849	59.8	60.1	11	1	1	2	984	1345	2147	3325	4616	5674	6125	6283	6022	5703	5253	4768	4280	3860	3447	3186	2975	3012	3282	3575	3959	4195	4315	4256	4074	3824	3514	3242	2998	2733	2549	2369	
5	3866	59.9	60.0	11	1	1	2	960	1356	2133	3344	4608	5601	6143	6284	6062	5747	5220	4785	4303	3872	3442	3171	3034	3037	3294	3597	3981	4250	4333	4266	4076	3798	3546	3264	3029	2760	2562	2402	
5	3883	60.0	60.0	11	1	1	2	968	1337	2140	3345	4563	5585	6164	6266	6016	5730	5236	4814	4285	3870	3439	3158	3028	3021	3252	3610	3972	4200	4327	4282	4102	3847	3536	3266	2984	2770	2551	2399	
5	3901	59.9	60.0	11	1	1	2	974	1350	2133	3357	4636	5596	6116	6241	6038	5684	5178	4749	4259	3834	3443	3166	3017	3043	3261	3585	3970	4205	4325	4251	4103	3787	3500	3242	3008	2748	2576	2411	
5	3918	60.0	60.0	11	1	1	2	971	1353	2137	3285	4529	5549	6034	6199	5933	5651	5205	4761	4256	3808	3424	3175	2987	3004	3230	3584	3961	4184	4290	4223	4059	3768	3494	3201	2952	2735	2542	2349	
5	3935	60.0	60.0	11	1	1	2	963	1346	2152	3317	4548	5577	6080	6241	5943	5659	5129	4757	4250	3836	3402	3148	3029	3015	3234	3587	3951	4197	4283	4229	4047	3776	3486	3222	2956	2718	2551	2375	
5	3952	60.0	60.0	11	1	1	2	976	1346	2152	3331	4576	5598	6109	6234	5989	5666	5189	4787	4258	3832	3433	3148	3040	3010	3232	3598	3989	4232	4324	4272	4095	3822	3489	3254	3007	2740	2545	2373	
5	4017	95.1	95.1	12	1	0	2	913	1054	1457	2045	2663	3205	3536	3644	3583	3465	3255	3028	2798	2575	2390	2295	2277	2387	2636	2893	3187	3394	3465	3402	3281	3116	2880	2750	2539	2375	2244	2063	
5	4034	95.0	95.0	12	1	0	2	897	1070	1466	2032	2657	3197	3511	3631	3592	3464	3265	3028	2795	2584	2402	2285	2281	2370	2590	2884	3176	3361	3448	3380	3274	3074	2921	2706	2557	2356	2238	2051	
5	4095	59.9	60.1	12	1	1	2	952	1347	2145	3302	4596	5552	6071	6245	5968	5652	5191	4735	4229	3826	3447	3142	2993	2999	3243	3550	3937	4175	4277	4240	4063	3804	3497	3225	2980	2724	2552	2346	
5	4112	59.9	60.0	12	1	1	2	972	1345	2136	3351	4596	5597	6143	6234	6025	5684	5244	4726	4246	3822	3439	3161	3008	3028	3287	3582	3965	4216	4286	4264	4038	3815	3543	3261	3003	2733	2581	2356	
5	4129	60.0	60.0	12	1	1	2	966	1344	2124	3314	4564	5590	6110	6249	6026	5688	5229	4736	4259	3849	3417	3197	3003	3037	3247	3582	3990	4199	4324	4282	4071	3830	3500	3210	3000	2757	2553	2360	
5	4147	59.9	60.0	12	1	1	2	956	1346	2165	3334	4626	5587	6108	6278	6024	5672	5220	4747	4272	3852	3439	3194	2994	3016	3304	3595	3982	4216	4354	4261	4093	3825	3513	3227	2998	2768	2543	2391	
5	4164	60.0	60.0	12	1	1	2	970	1333	2137	3308	4549	5555	6068	6142	6001	5585	5201	4737	4244	3805	3408	3147	2968	3041	3226	3550	3945	4152	4298	4226	4057	3774	3465	3208	2963	2720	2523	2346	
5	4181	59.9	60.0	12	1	1	2	981	1344	2166	3346	4568	5561	6070	6227	6015	5656	5226	4771	4249	3833	3437	3149	2997	3025	3274	3544	3979	4206	4327	4230	4046	3802	3476	3222	2992	2729	2554	2391	
5	4198	60.0	60.0	12	1	1	2	952	1328	2134	3343	4589	5558	6080	6222	6018	5642	5194	4746	4288	3846	3403	3139	3007	3009	3239	3583	3949	4206	4336	4203	4078	3819	3522	3227	2971	2721	2551	2362	
5	4261	95.1	95.1	13	1	0	2	868	1078	1445	2017	2661	3185	3503	3649	3576	3443	3258	3028	2799	2602	2368	2283	2257	2378	2600	2882	3208	3410	3431	3358	3272	3115	2892	2686	2516	2350	2213	2068	
5	4278	95.0	95.0	13	1	0	2	894	1068	1452	2027	2679	3202	3488	3623	3599	3466	3269	3048	2836	2594	2384	2289	2272	2347	2574	2915	3182	3403	3439	3386	3289	3106	2888	2708	2528	2343	2205	2103	
5	4341	60.0	60.1	13	1	1	2	973	1344	2111	3323	4558	5524	6015	6198	5973	5648	5176	4735	4275	3839	3397	3116	2980	2997	3249	3545	3902	4157	4298	4233	4032	3750	3478	3195	3000	2747	2520	2367	
5	4358	59.9	60.0	13	1	1	2	959	1331	2127	3320	4545	5523	6080	6175	5963	5637	5180	4746	4216	3856	3419	3171	3005	3012	3277	3573	3958	4152	4290	4182	4015	3808	3482	3222	2986	2707	2521	2336	
5	4376	59.9	60.0	13	1	1	2	978	1353	2131	3282	4601	5570	6146	6239	5988	5680	5229	4763	4269	3844	3463	3165	2982	3032	3218	3598	3985	4177	4280	4229	4036	3813	3492	3232	2977	2758	2525	2343	
5	4393	60.0	60.0	13	1	1	2	957	1322	2128	3288	4537	5507	6046	6186	5995	5601	5177	4712	4265	3840	3411	3121	2984	3013	3228	3574	3921	4160	4257	4247	4031	3772	3473	3218	2958	2708	2497	2343	
5	4410	60.0	60.0	13	1	1	2	963	1338	2165	3282	4552	5539	6059	6177	5962	5632	5161	4753	4255	3803	3369	3138	2956	2998	3243	3504	3929	4133	4264	4189	3974	3775	3495	3193	2951	2718	2536	2353	
5	4427	60.0	60.0	13	1	1	2	971	1339	2138	3325	4559	5574	6098	6196	6008	5634	5225	4746	4308	3801	3398	3160	3010	3030	3252	3565	3921	4157	4302	4238	4058	3808	3499	3248	3000	2735	2536	2359	
5	4445	59.9	60.0	13	1	1	2	963	1335	2151	3322	4588	5608	6093	6225	6012	5653	5198	4768	4293	3852	3429	3173	3017	3037	3248	3588	3951	4152	4301	4272	4055	3794	3500	3204	2988	2727	2547	2353	
5	4509	94.9	95.1	14	1	0	2	890	1070	1449	2017	2638	3165	3533	3648	3561	3450	3284	3039	2824	2591	2388	2281	2280	2385	2602	2900	3179	3344	3425	3367	3304	3096	2920	2692	2495	2358	2245	2062	
5	4526	95.0	95.0	14	1	0	2	897	1100	1458	2038	2670	3197	3500	3651	3598	3456	3250	3029	2754	2574	2379	2273	2269	2369	2638	2855	3160	3360	3440	3404	3305	3114	2862	2730	2539	2356	2201	2078	
5	4589	59.9	60.1	14	1	1	2	957	1329	2153	3298	4550	5543	6098	6217	5997	5695	5184	4786	4254	3861	3401	3148	2976	3015	3270	3570	3949	4223	4262	4234	4044	3796	3485	3208	2941	2732	2516	2349	
5	4606	59.9	60.0	14	1	1	2	972	1345	2165	3345	4601	5603	6175	6264	6072	5690	5240	4762	4296	3832	3440	3164	3041	3022	3263	3617	3965	4212	4350	4274	4054	3833	3514	3260	2981	2738	2536	2354	
5	4624	60.0	60.0	14	1	1	2	961	1352	2146	3323	4545	5554	6063	6230	5990	5678	5153	4739	4243	3836	3409	3133	2970	3044	3224	3530	3899	4142	4274	4221	4034	3772	3485	3210	2992	2679	2528	2342	
5	4641	59.9	60.0	14	1	1	2	953	1342	2101	3331	4565	5577	6125	6184	6016	5686	5195	4716	4238	3851	3435	3141	2988	3058	3256	3535	3942	4173	4314	4219	4034	3761	3490	3197	2954	2726	2522	2343	
5	4658	59.9	60.0	14	1	1	2	963	1320	2136	3284	4509	5518	6072	6118	5908	5605	5142	4749	4259	3828	3389	3142	2970	3000	3240	3571	3931	4146	4242	4200	3979	3758	3426	3174	2952	2695	2481	2336	
5	4675	60.0	60.0	14	1	1	2	960	1340	2135	3271	4576	5511	6041	6197	6026	5644	5185	4726	4287	3834	3396	3121	2992	2981	3275	3559	3943	4146	4301	4202	4009	3742	3473	3221	2966	2722	2532	2329	
5	4693	60.0	60.0	14	1	1	2	973	1321	2112	3288	4536	5546	6004	6159	5997	5600	5201	4736	4260	3833	3389	3151	2982	3018	3253	3536	3908	4141	4246	4167	4033	3780	3445	3212	2908	2696	2539	2295	
5	4757	94.9	95.1	15	1	0	2	894	1070	1463	2040	2664	3204	3536	3624	3619	3456	3254	3044	2798	2581	2391	2302	2285	2399	2640	2891	3196	3404	3470	3412	3290	3138	2872	2689	2565	2372	2229	2084	
5	4774	95.0	95.0	15	1	0	2	891	1062	1450	2004	2656	3179	3506	3635	3573	3442	3282	3029	2789	2574	2390	2289	2253	2358	2562	2851	3146	3352	3428	3358	3240	3073	2871	2686	2517	2341	2197	2053	
5	4837	59.9	60.1	15	1	1	2	957	1381	2179	3364	4633	5652	6203	6310	6072	5752	5284	4843	4304	3896	3428	3199	3023	3027	3268	3579	3991	4199	4299	4252	4059	3822	3526	3224	2996	2723	2541	2358	
5	4854	59.9	60.0	15	1	1	2	974	1357	2159	3343	4646	5641	6211	6347	6093	5766	5266	4796	4339	3906	3428	3191	3053	3053	3265	3584	3959	4209	4331	4264	4046	3796	3518	3252	2986	2740	2589	2328	
5	4872	59.9	60.0	15	1	1	2	962	1357	2146	3397	4679	5659	6188	6298	6048	5758	5329	4825	4315	3876	3470	3186	3042	3048	3290	3609	3973	4200	4318	4255	4078	3826	3521	3279	3013	2750	2556	2363	
5	4889	59.9	60.0	15	1	1	2	958	1340	2183	3345	4652	5627	6219	6290	6096	5746	5285	4802	4263	3868	3485	3173	3039	3043	3277	3612	3981	4137	4304	4237	4085	3820	3498	3225	2978	2724	2531	2355	
5	4906	60.0	60.0	15	1	1	2	961	1342	2165	3365	4604	5611	6176	6323	6077	5748	5291	4824	4331	3857	3453	3202	3008	3070	3283	3589	3949	4225	4351	4251	4046	3801	3521	3236	2977	2746	2525	2367	
5	4923	60.0	60.0	15	1	1	2	980	1345	2174	3336	4571	5594	6154	6295	6063	5732	5255	4756	4300	3884	3451	3202	3023	3025	3281	3584	3961	4192	4285	4224	4048	3807	3505	3243	2965	2707	2552	2343	
5	4941	60.0	60.0	15	1	1	2	970	1358	2158	3358	4616	5582	6127	6289	6015	5683	5276	4774	4292	3871	3420	3177	2979	3024	3266	3563	3933	4179	4284	4192	4034	3773	3507	3206	2952	2726	2536	2345	
5	5005	94.9	95.1	16	1	0	2	899	1067	1476	2041	2679	3213	3534	3686	3584	3486	3292	3067	2826	2589	2388	2321	2294	2357	2649	2902	3192	3370	3439	3398	3261	3099	2867	2686	2529	2345	2169	2071	
5	5022	95.0	95.0	16	1	0	2	897	1084	1471	2044	2696	3208	3547	3676	3629	3472	3284	3073	2802	2591	2413	2322	2276	2370	2589	2864	3191	3357	3413	3379	3276	3092	2866	2682	2525	2376	2195	2063	
5	5085	59.9	60.1	16	1	1	2	972	1346	2115	3333	4634	5598	6178	6303	6060	5746	5226	4788	4302	3901	3437	3185	3013	3019	3247	3572	3926	4168	4250	4184	4029	3772	3478	3228	2952	2712	2516	2329	
5	5103	59.9	60.0	16	1	1	2	972	1345	2164	3346	4655	5571	6177	6353	6111	5780	5280	4825	4384	3854	3463	3187	3032	3012	3258	3560	3926	4142	4322	4191	4033	3803	3480	3215	2993	2732	2509	2333	
5	5120	60.0	60.0	16	1	1	2	975	1355	2172	3366	4701	5712	6223	6402	6135	5799	5319	4831	4382	3949	3484	3245	3037	3056	3272	3591	3972	4200	4311	4243	4022	3815	3518	3252	2958	2733	2522	2358	
5	5137	60.0	60.0	16	1	1	2	963	1351	2157	3327	4629	5581	6221	6320	6100	5732	5260	4839	4333	3908	3459	3179	3047	3014	3270	3552	3921	4171	4290	4190	4010	3806	3492	3188	2938	2732	2537	2340	
5	5154	60.0	60.0	16	1	1	2	971	1333	2154	3337	4590	5606	6132	6340	6084	5742	5272	4768	4277	3869	3449	3186	3026	3022	3264	3599	3936	4165	4266	4198	3990	3748	3474	3201	2946	2723	2499	2353	
5	5172	60.0	60.0	16	1	1	2	962	1353	2157	3379	4650	5684	6213	6350	6130	5715	5238	4834	4340	3906	3479	3203	3024	3042	3271	3583	3921	4162	4277	4229	4041	3807	3487	3205	2961	2718	2515	2348	
5	5189	60.0	60.0	16	1	1	2	969	1346	2173	3352	4656	5663	6194	6307	6081	5737	5261	4846	4333	3877	3451	3202	3024	3044	3258	3563	3938	4129	4252	4196	4034	3791	3445	3200	2953	2712	2520	2341	
5	5251	95.0	95.1	17	1	0	2	888	1088	1474	2060	2725	3269	3582	3727	3665	3512	3323	3072	2844	2654	2422	2316	2288	2402	2627	2898	3192	3340	3413	3385	3228	3093	2861	2685	2536	2354	2207	2064	
5	5269	95.0	95.0	17	1	0	2	902	1068	1511	2066	2751	3266	3618	3756	3701	3550	3341	3133	2848	2679	2428	2321	2304	2396	2634	2906	3179	3344	3405	3386	3274	3060	2893	2706	2535	2364	2197	2068	
5	5331	59.9	60.1	17	1	1	2	971	1362	2212	3419	4768	5832	6354	6510	6270	5947	5450	4957	4411	4008	3520	3272	3049	3073	3292	3624	3963	4192	4310	4217	4056	3821	3561	3202	2959	2760	2546	2363	
5	5349	59.9	60.0	17	1	1	2	970	1361	2219	3453	4793	5801	6339	6507	6298	5900	5440	4942	4419	3991	3554	3276	3069	3092	3272	3608	3978	4216	4329	4234	4032	3804	3462	3209	2932	2723	2556	2361	
5	5366	60.0	60.0	17	1	1	2	982	1366	2200	3422	4763	5800	6371	6483	6243	5926	5400	4950	4439	3987	3563	3248	3076	3083	3295	3572	3980	4143	4266	4242	4010	3769	3496	3224	2952	2720	2525	2342	
5	5383	59.9	60.0	17	1	1	2	965	1370	2204	3410	4727	5769	6362	6494	6265	5910	5401	4951	4414	3991	3504	3257	3061	3072	3265	3625	3943	4204	4276	4180	4022	3769	3471	3222	2978	2719	2539	2324	
5	5400	60.0	60.0	17	1	1	2	992	1360	2222	3435	4762	5788	6360	6557	6315	5908	5434	4973	4448	3986	3546	3292	3099	3114	3318	3629	3992	4225	4287	4224	4056	3794	3495	3228	2964	2744	2532	2331	
5	5418	60.0	60.0	17	1	1	2	970	1356	2215	3435	4772	5789	6364	6482	6182	5921	5384	4951	4440	3942	3537	3290	3095	3048	3321	3584	3970	4210	4319	4222	4062	3798	3500	3232	2973	2707	2559	2357	
5	5435	60.0	60.0	17	1	1	2	964	1368	2195	3435	4748	5711	6362	6468	6203	5872	5381	4903	4432	3985	3525	3246	3072	3083	3284	3594	3956	4172	4291	4227	4030	3781	3492	3205	2944	2728	2516	2348	
5	5499	95.0	95.1	18	1	0	2	899	1091	1498	2137	2804	3373	3762	3877	3831	3660	3444	3227	2940	2695	2480	2382	2341	2455	2673	2940	3196	3344	3424	3375	3287	3098	2890	2714	2546	2358	2202	2044	
5	5517	95.0	95.0	18	1	0	2	884	1091	1515	2137	2826	3381	3726	3856	3834	3696	3434	3209	2946	2737	2496	2373	2390	2439	2652	2936	3202	3392	3471	3416	3273	3110	2928	2744	2539	2386	2233	2047	
5	5579	59.8	60.1	18	1	1	2	982	1387	2292	3546	5020	6112	6716	6858	6596	6208	5697	5172	4629	4156	3672	3421	3188	3183	3378	3694	4050	4275	4362	4310	4119	3860	3548	3261	3013	2751	2553	2347	
5	5597	59.9	60.0	18	1	1	2	977	1398	2276	3562	5007	6074	6786	6901	6602	6248	5729	5252	4633	4152	3698	3375	3188	3189	3386	3653	4067	4244	4359	4284	4089	3858	3517	3258	3005	2785	2586	2348	
5	5614	59.9	60.0	18	1	1	2	981	1386	2285	3603	5001	6113	6758	6837	6556	6210	5684	5187	4650	4133	3718	3410	3220	3181	3417	3614	4051	4245	4355	4286	4021	3855	3515	3263	2991	2706	2565	2378	
5	5631	60.0	60.0	18	1	1	2	986	1407	2298	3595	4996	6122	6708	6830	6605	6242	5660	5186	4636	4145	3680	3404	3218	3201	3381	3695	4009	4261	4350	4292	4112	3852	3508	3271	3009	2766	2561	2395	
5	5648	59.9	60.0	18	1	1	2	978	1393	2262	3596	4997	6090	6678	6804	6561	6207	5643	5177	4649	4138	3692	3364	3151	3170	3373	3679	4015	4240	4387	4264	4112	3820	3517	3254	3000	2760	2546	2393	
5	5666	60.0	60.0	18	1	1	2	975	1393	2287	3616	5017	6081	6705	6844	6616	6211	5702	5209	4616	4140	3679	3409	3169	3186	3371	3696	4007	4248	4408	4306	4120	3820	3528	3293	3011	2733	2578	2353	
5	5683	60.0	60.0	18	1	1	2	981	1407	2285	3602	5016	6135	6766	6881	6662	6267	5707	5187	4667	4204	3696	3405	3188	3196	3392	3719	4048	4266	4326	4311	4087	3866	3540	3250	3005	2772	2575	2355	
5	5748	95.0	95.1	19	1	0	2	893	1115	1554	2208	2925	3543	3921	4070	4011	3858	3585	3361	3085	2817	2582	2462	2416	2475	2680	2948	3230	3395	3493	3403	3295	3113	2933	2722	2528	2376	2194	2048	
5	5765	95.0	95.0	19	1	0	2	897	1098	1548	2224	2943	3569	3940	4076	4009	3869	3640	3274	3045	2844	2590	2434	2406	2494	2688	2953	3233	3390	3505	3411	3308	3144	2876	2732	2535	2372	2231	2048	
5	5828	59.9	60.1	19	1	1	2	993	1449	2383	3776	5266	6391	7051	7211	6938	6566	5970	5437	4887	4333	3839	3540	3280	3258	3413	3738	4086	4276	4397	4282	4118	3845	3542	3250	3000	2757	2554	2388	
5	5845	59.9	60.0	19	1	1	2	987	1441	2366	3741	5253	6427	7037	7231	6941	6484	6005	5493	4903	4365	3873	3523	3297	3268	3462	3732	4088	4307	4380	4284	4104	3853	3544	3265	3040	2742	2572	2369	
5	5862	59.9	60.0	19	1	1	2	989	1436	2372	3754	5283	6467	7097	7289	6968	6571	6036	5496	4911	4387	3866	3515	3349	3279	3455	3752	4060	4311	4393	4296	4106	3872	3526	3285	3017	2740	2552	2409	
5	5879	60.0	60.0	19	1	1	2	983	1399	2378	3798	5304	6493	7156	7314	7039	6633	6079	5476	4952	4385	3874	3559	3328	3297	3483	3726	4153	4273	4392	4329	4111	3893	3556	3293	2999	2796	2563	2389	
5	5897	59.9	60.0	19	1	1	2	1004	1418	2345	3735	5313	6412	7072	7260	7004	6590	6028	5522	4929	4447	3898	3561	3312	3287	3460	3749	4096	4276	4380	4320	4120	3861	3565	3268	3015	2764	2554	2378	
5	5914	60.0	60.0	19	1	1	2	990	1426	2401	3777	5288	6427	7082	7270	6999	6597	6030	5508	4917	4391	3860	3566	3325	3298	3458	3736	4085	4313	4387	4288	4079	3839	3546	3258	2978	2776	2557	2362	
5	5931	60.0	60.0	19	1	1	2	983	1439	2360	3757	5256	6463	7174	7310	7041	6567	6064	5483	4924	4416	3926	3579	3340	3282	3422	3743	4088	4296	4388	4329	4131	3847	3563	3238	3022	2751	2605	2420	
5	5996	94.9	95.1	20	1	0	2	916	1125	1642	2386	3167	3894	4287	4428	4372	4210	3971	3649	3310	3075	2766	2624	2546	2601	2798	3068	3317	3463	3502	3452	3345	3192	2954	2745	2559	2378	2256	2098	
5	6013	95.0	95.0	20	1	0	2	907	1146	1617	2355	3176	3807	4239	4396	4374	4194	3935	3606	3310	3003	2766	2601	2546	2599	2781	3045	3298	3447	3515	3439	3328	3130	2941	2746	2567	2408	2228	2117	
5	6076	59.9	60.1	20	1	1	2	1020	1485	2514	4045	5666	6963	7752	7852	7567	7121	6530	5925	5289	4710	4146	3797	3539	3449	3632	3884	4179	4413	4468	4418	4228	3947	3603	3352	3046	2814	2600	2404	
5	6093	59.9	60.0	20	1	1	2	1000	1495	2553	4057	5679	7036	7760	7896	7575	7176	6533	5983	5283	4779	4136	3812	3492	3462	3640	3865	4189	4400	4472	4386	4157	3889	3584	3326	3040	2828	2570	2376	
5	6110	60.0	60.0	20	1	1	2	983	1483	2523	4031	5726	6978	7740	7889	7639	7224	6546	5949	5343	4744	4208	3782	3563	3442	3634	3857	4196	4358	4474	4356	4143	3919	3581	3313	3040	2784	2585	2389	
5	6127	60.0	60.0	20	1	1	2	1001	1496	2551	4078	5793	7082	7808	7964	7667	7207	6552	5953	5286	4759	4211	3816	3517	3467	3621	3861	4228	4412	4487	4393	4201	3970	3630	3321	3064	2846	2567	2393	
5	6145	60.0	60.0	20	1	1	2	1020	1492	2536	4067	5650	7018	7754	7916	7634	7186	6598	5971	5313	4778	4185	3819	3516	3470	3616	3828	4183	4369	4487	4366	4187	3916	3584	3296	3031	2790	2570	2402	
5	6162	60.0	60.0	20	1	1	2	988	1480	2532	4056	5715	6993	7754	7927	7604	7166	6503	5949	5235	4736	4153	3793	3519	3418	3600	3870	4172	4378	4438	4366	4170	3868	3604	3329	3049	2778	2601	2411	
5	6179	60.0	60.0	20	1	1	2	1034	1497	2551	4087	5769	7062	7821	7927	7658	7252	6596	6029	5330	4766	4164	3802	3542	3497	3627	3909	4188	4404	4445	4377	4212	3905	3601	3357	3065	2821	2598	2382	
5	6244	95.0	95.1	21	1	0	2	914	1180	1723	2545	3482	4260	4707	4896	4836	4615	4331	3991	3627	3284	2992	2839	2669	2732	2915	3139	3420	3527	3598	3512	3421	3231	2997	2792	2626	2420	2260	2126	
5	6261	95.0	95.0	21	1	0	2	928	1166	1771	2543	3483	4270	4743	4905	4786	4649	4331	3996	3668	3338	2955	2803	2712	2753	2930	3159	3384	3520	3575	3532	3384	3201	2984	2827	2615	2426	2296	2100	
5	6322	59.9	60.1	21	1	1	2	1025	1554	2650	4349	6200	7638	8350	8553	8230	7785	7104	6495	5778	5094	4454	4073	3744	3603	3824	4036	4333	4490	4521	4422	4260	3980	3620	3352	3082	2838	2619	2459	
5	6339	59.9	60.0	21	1	1	2	1024	1545	2702	4367	6219	7676	8469	8605	8308	7829	7118	6454	5778	5124	4499	4071	3761	3641	3789	3995	4281	4492	4531	4397	4184	3964	3653	3363	3098	2825	2611	2413	
5	6356	59.9	60.0	21	1	1	2	1004	1556	2692	4392	6240	7694	8488	8671	8357	7882	7206	6523	5818	5178	4527	4117	3795	3629	3837	4055	4288	4483	4580	4485	4291	3996	3650	3379	3121	2816	2618	2413	
5	6374	60.0	60.0	21	1	1	2	1020	1550	2707	4377	6247	7701	8541	8709	8320	7863	7183	6500	5802	5133	4548	4077	3777	3683	3773	4022	4323	4497	4572	4470	4235	3953	3654	3385	3140	2850	2640	2423	
5	6391	59.9	60.0	21	1	1	2	1020	1555	2722	4463	6282	7781	8584	8718	8414	7959	7263	6569	5875	5185	4589	4154	3838	3699	3809	4061	4345	4537	4571	4480	4302	4022	3700	3380	3104	2840	2642	2454	
5	6408	59.9	60.0	21	1	1	2	1028	1553	2716	4419	6264	7750	8542	8736	8430	7955	7249	6561	5866	5153	4528	4086	3786	3669	3824	4061	4336	4516	4606	4542	4248	4019	3667	3389	3099	2885	2636	2435	
5	6425	60.0	60.0	21	1	1	2	1027	1543	2719	4429	6269	7784	8573	8742	8418	7960	7232	6564	5837	5196	4557	4102	3788	3655	3831	4029	4352	4553	4556	4505	4279	3975	3698	3381	3175	2858	2647	2445	
5	6488	95.0	95.0	22	1	0	2	928	1223	1870	2815	3863	4707	5331	5484	5389	5160	4818	4427	4019	3638	3236	3023	2909	2894	3106	3257	3518	3636	3699	3595	3448	3259	3069	2842	2639	2437	2314	2139	
5	6505	95.0	95.0	22	1	0	2	929	1232	1848	2804	3840	4686	5225	5421	5363	5128	4782	4398	3983	3621	3263	3016	2893	2860	3026	3253	3482	3615	3627	3586	3438	3229	3026	2819	2631	2447	2326	2140	
5	6568	59.9	60.1	22	1	1	2	1032	1601	2842	4640	6679	8208	9167	9325	8985	8412	7699	7030	6193	5508	4831	4319	3976	3829	3957	4133	4420	4590	4655	4521	4296	4016	3672	3400	3119	2882	2677	2450	
5	6585	59.9	60.0	22	1	1	2	1039	1638	2890	4758	6771	8430	9280	9547	9193	8625	7873	7082	6332	5588	4911	4440	4038	3861	4009	4218	4478	4652	4684	4601	4365	4094	3784	3431	3158	2913	2674	2478	
5	6602	59.9	60.0	22	1	1	2	1025	1637	2923	4749	6788	8425	9320	9534	9170	8627	7826	7107	6329	5601	4908	4388	4045	3883	3976	4202	4480	4594	4697	4549	4345	4040	3717	3415	3194	2897	2655	2477	
5	6620	60.0	60.0	22	1	1	2	1040	1632	2880	4762	6861	8362	9366	9528	9215	8601	7874	7164	6305	5652	4906	4464	4043	3894	3996	4188	4492	4642	4719	4572	4364	4094	3716	3424	3159	2880	2686	2493	
5	6637	60.0	60.0	22	1	1	2	1037	1614	2910	4790	6856	8412	9314	9602	9212	8652	7872	7146	6365	5709	4939	4438	4034	3935	4004	4237	4488	4685	4676	4582	4368	4070	3754	3445	3174	2883	2688	2514	
5	6654	60.0	60.0	22	1	1	2	1032	1622	2913	4747	6781	8433	9301	9489	9140	8632	7855	7105	6302	5574	4896	4364	4028	3904	3985	4201	4485	4636	4670	4555	4282	4031	3725	3435	3168	2921	2680	2469	
5	6671	60.0	60.0	22	1	1	2	1034	1613	2912	4778	6845	8412	9315	9511	9157	8607	7818	7045	6299	5571	4904	4408	4018	3924	4031	4184	4517	4618	4678	4521	4349	4076	3704	3409	3138	2924	2690	2479	
5	6734	95.0	95.0	23	1	0	2	938	1276	2014	3096	4250	5229	5864	6108	6021	5706	5307	4908	4388	4011	3564	3285	3117	3087	3213	3432	3648	3744	3749	3697	3554	3310	3096	2891	2713	2475	2349	2193	
5	6751	95.0	95.0	23	1	0	2	948	1288	1965	3037	4212	5177	5840	6073	5954	5671	5290	4841	4364	3962	3564	3284	3099	3046	3212	3412	3635	3723	3832	3658	3495	3301	3072	2880	2702	2503	2302	2167	
5	6814	60.0	60.1	23	1	1	2	1057	1681	3060	5067	7329	9047	10028	10276	9869	9255	8459	7637	6750	5987	5218	4656	4267	4061	4158	4368	4636	4770	4792	4644	4431	4133	3776	3505	3224	2942	2726	2520	
5	6831	59.9	60.0	23	1	1	2	1061	1714	3092	5164	7340	9183	10122	10433	10016	9418	8575	7770	6880	6088	5291	4762	4329	4152	4226	4418	4658	4833	4848	4656	4475	4184	3866	3527	3243	2981	2750	2521	
5	6849	59.9	60.0	23	1	1	2	1056	1705	3068	5141	7350	9100	10101	10355	9954	9363	8551	7676	6842	6033	5246	4701	4314	4112	4226	4326	4667	4808	4822	4681	4461	4122	3821	3508	3238	2958	2716	2516	
5	6866	60.0	60.0	23	1	1	2	1062	1716	3126	5145	7420	9152	10131	10435	10008	9414	8579	7776	6826	6068	5276	4744	4327	4133	4197	4371	4686	4782	4811	4724	4470	4183	3848	3527	3250	2959	2759	2517	
5	6883	60.0	60.0	23	1	1	2	1068	1720	3117	5146	7379	9139	10195	10373	10081	9394	8642	7691	6850	6071	5300	4770	4321	4128	4201	4380	4677	4799	4848	4722	4460	4177	3846	3543	3215	2970	2741	2556	
5	6900	60.0	60.0	23	1	1	2	1056	1707	3082	5152	7371	9177	10122	10357	9968	9415	8552	7741	6829	6101	5289	4729	4306	4115	4216	4386	4672	4760	4840	4689	4419	4187	3818	3498	3224	2945	2716	2511	
5	6918	59.9	60.0	23	1	1	2	1057	1732	3098	5126	7432	9203	10169	10438	9981	9407	8545	7767	6849	6088	5283	4754	4354	4128	4203	4399	4662	4773	4855	4644	4444	4155	3806	3552	3270	2946	2734	2525	
5	6980	95.0	95.1	24	1	0	2	961	1329	2120	3315	4605	5747	6402	6650	6567	6249	5804	5364	4797	4334	3874	3541	3314	3253	3389	3568	3766	3844	3906	3768	3634	3410	3179	2966	2778	2566	2396	2227	
5	6997	95.0	95.0	24	1	0	2	956	1323	2113	3305	4665	5736	6503	6664	6591	6309	5887	5265	4807	4353	3825	3548	3362	3302	3404	3567	3766	3867	3883	3800	3659	3439	3204	2962	2760	2555	2422	2198	
5	7060	59.9	60.1	24	1	1	2	1064	1770	3226	5373	7803	9718	10769	11026	10625	9953	9070	8219	7252	6425	5489	5021	4575	4317	4374	4529	4767	4902	4945	4770	4493	4220	3884	3567	3299	3046	2786	2559	
5	7077	59.9	60.0	24	1	1	2	1075	1745	3249	5405	7903	9784	10831	11064	10700	10042	9104	8237	7286	6446	5636	5030	4517	4312	4387	4523	4786	4916	4978	4792	4536	4232	3932	3596	3262	3034	2770	2558	
5	7095	59.9	60.0	24	1	1	2	1078	1753	3268	5455	7827	9790	10878	11105	10676	10032	9099	8232	7277	6452	5602	4998	4569	4345	4379	4561	4808	4907	4946	4790	4557	4211	3869	3601	3264	2991	2769	2549	
5	7112	60.0	60.0	24	1	1	2	1097	1765	3261	5483	7878	9772	10921	11137	10714	10036	9200	8270	7313	6436	5621	5091	4555	4317	4371	4537	4796	4934	4988	4798	4575	4285	3912	3600	3296	3030	2792	2605	
5	7129	60.0	60.0	24	1	1	2	1073	1772	3253	5431	7915	9816	10881	11166	10752	10050	9162	8281	7313	6478	5603	5024	4532	4349	4375	4525	4858	4914	4957	4840	4561	4243	3928	3577	3280	2982	2809	2588	
5	7146	59.9	60.0	24	1	1	2	1098	1766	3270	5454	7829	9686	10749	11040	10686	9951	9080	8193	7263	6442	5565	5019	4580	4302	4307	4525	4775	4852	4891	4750	4499	4225	3870	3612	3280	3010	2805	2542	
5	7164	60.0	60.0	24	1	1	2	1064	1770	3238	5471	7818	9707	10834	11072	10647	10009	9112	8226	7242	6408	5589	5029	4545	4294	4388	4508	4797	4885	4871	4753	4501	4231	3886	3567	3303	2983	2760	2562	
5	7228	94.9	95.1	25	1	0	2	961	1364	2199	3488	4896	6119	6843	7120	6940	6616	6149	5642	5115	4542	4035	3720	3445	3398	3489	3613	3847	3938	3883	3842	3666	3404	3221	2957	2782	2577	2406	2230	
5	7245	95.0	95.0	25	1	0	2	957	1355	2210	3455	4920	6045	6785	7021	6948	6646	6151	5640	5044	4540	4033	3696	3476	3360	3510	3619	3832	3917	3923	3824	3629	3425	3205	2960	2779	2563	2368	2216	
5	7308	60.0	60.1	25	1	1	2	1080	1803	3330	5677	8075	10109	11191	11428	11047	10383	9370	8496	7535	6655	5791	5177	4652	4382	4444	4550	4816	4890	4934	4794	4534	4208	3885	3607	3327	3036	2776	2591	
5	7325	59.9	60.0	25	1	1	2	1078	1788	3341	5649	8179	10129	11203	11522	11059	10389	9495	8531	7577	6664	5765	5193	4696	4434	4467	4573	4836	4946	4937	4805	4551	4258	3897	3565	3303	2987	2785	2589	
5	7343	60.0	60.0	25	1	1	2	1089	1786	3324	5685	8136	10118	11234	11522	11065	10438	9451	8582	7545	6675	5797	5195	4706	4448	4464	4598	4907	4931	4940	4795	4597	4245	3865	3584	3280	3030	2775	2555	
5	7360	59.9	60.0	25	1	1	2	1091	1797	3392	5682	8190	10177	11313	11554	11211	10448	9498	8540	7578	6690	5783	5180	4686	4479	4505	4587	4878	4959	4953	4836	4590	4276	3939	3638	3328	3028	2809	2569	
5	7377	60.0	60.0	25	1	1	2	1091	1791	3376	5671	8159	10232	11348	11563	11164	10461	9525	8539	7573	6720	5839	5199	4724	4437	4554	4596	4840	4944	5018	4809	4596	4287	3936	3623	3302	3040	2799	2580	
5	7394	60.0	60.0	25	1	1	2	1100	1808	3351	5667	8152	10136	11254	11465	11127	10429	9479	8564	7532	6682	5802	5198	4686	4462	4470	4597	4816	4958	4983	4817	4546	4252	3918	3605	3290	3018	2796	2570	
5	7412	60.0	60.0	25	1	1	2	1085	1793	3353	5695	8217	10125	11258	11516	11125	10425	9490	8610	7599	6676	5833	5188	4706	4435	4432	4579	4856	4938	4981	4830	4541	4335	3945	3608	3311	3013	2830	2583	
5	7476	95.0	95.1	26	1	0	2	980	1380	2355	3653	5192	6452	7260	7493	7425	7092	6566	6014	5363	4822	4257	3903	3612	3506	3573	3722	3933	3983	4017	3927	3739	3518	3220	3045	2798	2606	2429	2271	
5	7493	95.0	95.0	26	1	0	2	987	1368	2307	3649	5174	6427	7283	7535	7386	7088	6519	5995	5333	4836	4234	3898	3628	3489	3587	3735	3902	4008	4011	3872	3685	3506	3237	3045	2814	2610	2427	2252	
5	7556	59.9	60.1	26	1	1	2	1110	1834	3429	5783	8380	10480	11665	11808	11463	10752	9784	8832	7799	6836	5952	5302	4784	4535	4565	4718	4921	4994	5006	4831	4610	4331	3951	3599	3320	3054	2820	2584	
5	7573	59.9	60.0	26	1	1	2	1096	1841	3457	5803	8389	10411	11571	11834	11409	10684	9812	8760	7792	6859	5983	5295	4778	4506	4574	4687	4890	4977	5014	4798	4598	4318	3924	3612	3316	3038	2789	2600	
5	7591	59.9	60.0	26	1	1	2	1113	1859	3443	5831	8427	10494	11727	11967	11486	10817	9855	8904	7880	6926	6022	5369	4828	4581	4574	4700	4948	5044	5051	4898	4617	4323	3940	3605	3325	3034	2814	2591	
5	7608	60.0	60.0	26	1	1	2	1102	1842	3441	5827	8379	10518	11665	11941	11523	10815	9797	8854	7830	6948	5981	5298	4803	4553	4559	4698	4906	4980	5052	4872	4593	4265	3933	3642	3322	3033	2812	2572	
5	7625	60.0	60.0	26	1	1	2	1107	1830	3475	5837	8448	10489	11651	11995	11499	10805	9815	8873	7845	6873	5981	5307	4770	4557	4549	4689	4949	4984	5045	4872	4591	4330	3926	3612	3305	3022	2804	2580	
5	7642	60.0	60.0	26	1	1	2	1097	1830	3410	5807	8382	10461	11654	11877	11430	10742	9771	8867	7796	6842	5994	5299	4816	4538	4581	4714	4863	4965	4996	4840	4578	4273	3917	3612	3335	3002	2833	2589	
5	7660	60.0	60.0	26	1	1	2	1116	1851	3464	5799	8382	10447	11566	11837	11436	10716	9729	8769	7707	6885	5967	5319	4811	4546	4521	4642	4836	4971	4998	4817	4593	4262	3908	3595	3356	3012	2794	2557	
5	7722	94.9	95.0	27	1	0	2	985	1425	2342	3812	5373	6748	7514	7857	7770	7368	6772	6233	5572	5014	4424	4005	3726	3638	3732	3777	4026	4078	4073	3954	3765	3539	3289	3067	2880	2648	2488	2280	
5	7740	95.0	95.0	27	1	1	2	979	1431	2337	3739	5357	6680	7480	7792	7656	7299	6732	6132	5535	4975	4391	4010	3707	3608	3676	3790	4017	4055	4045	3903	3751	3520	3265	3033	2839	2631	2452	2266	
5	7802	59.9	60.1	27	1	1	2	1099	1872	3519	5966	8669	10802	12014	12283	11776	11137	10075	9099	8025	7072	6153	5483	4957	4608	4687	4797	5026	5061	5043	4902	4622	4313	3972	3676	3386	3059	2850	2610	
5	7820	60.0	60.0	27	1	1	2	1070	1843	3522	5917	8571	10721	11850	12146	11702	10988	9998	9033	7932	7046	6024	5458	4894	4637	4617	4724	4947	5036	5048	4860	4606	4314	3941	3630	3329	3031	2794	2592	
5	7837	60.0	60.0	27	1	1	2	1132	1873	3550	6002	8711	10887	12089	12420	11889	11156	10149	9135	8053	7068	6146	5509	4984	4658	4660	4801	5015	5093	5065	4905	4682	4310	3986	3698	3366	3093	2866	2611	
5	7854	60.0	60.0	27	1	1	2	1098	1893	3497	5955	8661	10771	12002	12243	11781	11102	10137	9054	8080	7100	6142	5475	4934	4617	4636	4760	5001	5049	5074	4879	4616	4361	3992	3666	3328	3091	2848	2612	
5	7871	60.0	60.0	27	1	1	2	1118	1884	3511	5980	8714	10811	12075	12362	11849	11181	10106	9187	8093	7128	6173	5481	4918	4665	4685	4792	5008	5046	5141	4933	4722	4326	3956	3689	3364	3058	2828	2599	
5	7889	59.9	60.0	27	1	1	2	1111	1878	3499	5899	8612	10721	11910	12191	11743	10995	10001	9061	7995	7037	6076	5468	4902	4631	4631	4689	4943	5020	5046	4912	4603	4293	3957	3658	3342	3059	2840	2570	
5	7906	60.0	60.0	27	1	1	2	1106	1880	3514	5977	8682	10765	12068	12294	11821	11083	10164	9087	8014	7072	6156	5470	4918	4679	4627	4751	4974	5099	5055	4908	4655	4330	3978	3649	3344	3083	2849	2613	
5	7968	95.0	95.0	28	1	0	2	1004	1435	2416	3882	5560	6935	7793	8069	7977	7541	6984	6379	5748	5129	4503	4109	3829	3654	3745	3900	4047	4141	4096	3988	3797	3562	3290	3092	2854	2674	2483	2277	
5	7986	95.0	95.0	28	1	1	2	996	1421	2424	3856	5540	6964	7755	8039	7919	7590	6992	6375	5724	5079	4502	4120	3813	3690	3757	3877	4047	4067	4117	3946	3783	3569	3308	3093	2853	2632	2485	2305	
5	8048	59.9	60.1	28	1	1	2	1112	1880	3574	6054	8856	10952	12194	12468	11976	11304	10284	9285	8208	7245	6281	5544	4971	4673	4712	4744	5038	5107	5112	4888	4692	4336	3961	3675	3406	3100	2847	2636	
5	8066	59.9	60.0	28	1	1	2	1104	1876	3574	6100	8846	11005	12225	12525	12084	11342	10316	9294	8166	7252	6265	5579	5052	4704	4714	4847	5018	5093	5076	4964	4691	4350	3980	3677	3370	3072	2846	2620	
5	8083	59.9	60.0	28	1	1	2	1107	1902	3555	6037	8867	10986	12267	12518	12105	11382	10292	9273	8167	7239	6278	5608	4994	4746	4718	4801	5021	5146	5120	4959	4663	4344	4007	3663	3386	3097	2862	2594	
5	8100	60.0	60.0	28	1	1	2	1116	1893	3554	6067	8782	10953	12153	12461	12006	11372	10220	9255	8138	7249	6217	5549	4993	4718	4695	4819	4978	5049	5065	4921	4674	4360	3972	3658	3383	3072	2876	2614	
5	8117	59.9	60.0	28	1	1	2	1127	1916	3592	6071	8809	10968	12239	12569	12114	11310	10246	9252	8183	7239	6266	5547	4985	4684	4657	4781	4999	5084	5115	4904	4666	4364	3980	3648	3391	3082	2835	2594	
5	8135	59.9	60.0	28	1	1	2	1106	1910	3617	6141	8911	11042	12310	12625	12178	11368	10339	9369	8243	7300	6304	5627	5049	4749	4749	4867	5097	5126	5151	4974	4676	4403	4028	3688	3381	3081	2835	2626	
5	8152	60.0	60.0	28	1	1	2	1113	1888	3588	6086	8811	10996	12205	12509	11965	11311	10212	9233	8165	7135	6202	5527	4983	4701	4708	4774	5004	5080	5081	4882	4616	4313	3975	3658	3341	3078	2821	2576	
5	8216	94.9	95.1	29	1	0	2	995	1458	2484	3986	5688	7133	7989	8333	8204	7799	7219	6583	5889	5254	4634	4240	3906	3763	3809	3942	4131	4147	4147	4053	3814	3627	3372	3128	2885	2677	2506	2302	
5	8234	95.0	95.0	29	1	1	2	1005	1478	2479	3999	5684	7104	8010	8333	8143	7834	7219	6623	5927	5323	4629	4245	3918	3736	3817	3909	4125	4179	4188	4041	3825	3639	3364	3126	2903	2701	2486	2318	
5	8296	59.8	60.1	29	1	1	2	1116	1896	3622	6143	8980	11151	12395	12686	12172	11523	10407	9400	8261	7302	6288	5609	5066	4750	4736	4838	5054	5148	5130	4929	4689	4389	3994	3695	3395	3119	2828	2595	
5	8314	59.9	60.0	29	1	1	2	1130	1921	3690	6191	9062	11231	12543	12788	12337	11622	10458	9496	8363	7386	6364	5680	5101	4808	4799	4890	5095	5184	5195	4936	4712	4394	4055	3681	3378	3103	2869	2657	
5	8331	60.0	60.0	29	1	1	2	1117	1929	3638	6194	8949	11161	12439	12766	12332	11491	10444	9425	8299	7372	6305	5668	5057	4759	4748	4829	5090	5124	5128	4933	4661	4414	4004	3697	3374	3068	2852	2613	
5	8348	59.9	60.0	29	1	1	2	1117	1960	3618	6127	8949	11135	12423	12736	12283	11523	10414	9431	8328	7296	6356	5634	5084	4759	4744	4840	5096	5148	5140	4918	4690	4368	3993	3692	3371	3068	2860	2641	
5	8365	59.9	60.0	29	1	1	2	1131	1918	3647	6212	8995	11264	12441	12757	12348	11538	10482	9456	8313	7344	6348	5660	5098	4749	4761	4839	5076	5159	5122	4960	4691	4454	4032	3689	3407	3095	2856	2636	
5	8383	60.0	60.0	29	1	1	2	1128	1891	3640	6191	8972	11218	12476	12725	12245	11538	10483	9447	8332	7337	6372	5657	5071	4756	4748	4863	5043	5128	5150	4992	4740	4413	3976	3701	3419	3064	2845	2650	
5	8400	60.0	60.0	29	1	1	2	1119	1913	3631	6172	8956	11119	12368	12696	12189	11481	10388	9406	8276	7302	6300	5654	5043	4725	4763	4840	5037	5104	5101	4956	4641	4351	3994	3673	3387	3076	2882	2625	
5	8465	94.9	95.1	30	1	0	2	999	1456	2504	4030	5768	7200	8075	8403	8256	7895	7281	6641	5942	5295	4644	4278	3928	3766	3824	3914	4122	4168	4129	3994	3828	3613	3296	3106	2899	2684	2519	2307	
5	8482	95.0	95.0	30	1	0	2	1002	1448	2482	4008	5757	7149	8084	8445	8231	7855	7267	6621	5927	5295	4657	4250	3913	3773	3802	3920	4095	4190	4115	4035	3794	3581	3343	3126	2919	2673	2500	2298	
5	8545	59.9	60.1	30	1	1	2	1138	1938	3683	6288	9141	11361	12612	12994	12491	11681	10667	9606	8473	7466	6425	5767	5190	4836	4818	4905	5102	5215	5183	5018	4720	4445	4056	3769	3413	3113	2860	2639	
5	8562	59.9	60.0	30	1	1	2	1138	1940	3706	6340	9294	11492	12701	13055	12577	11810	10733	9627	8584	7505	6512	5788	5200	4888	4882	4954	5150	5260	5231	5032	4800	4423	4092	3768	3480	3133	2910	2646	
5	8579	60.0	60.0	30	1	1	2	1120	1942	3695	6277	9210	11500	12805	13051	12603	11782	10729	9655	8462	7486	6502	5791	5199	4855	4824	4932	5112	5237	5252	5011	4752	4445	4064	3734	3438	3144	2888	2667	
5	8596	60.0	60.0	30	1	1	2	1124	1943	3688	6371	9160	11443	12795	13057	12611	11773	10696	9652	8497	7504	6486	5795	5180	4825	4847	4928	5198	5253	5198	5067	4720	4442	4060	3735	3432	3129	2884	2644	
5	8614	60.0	60.0	30	1	1	2	1119	1934	3713	6318	9155	11427	12748	13025	12624	11744	10658	9671	8511	7472	6442	5745	5179	4854	4816	4946	5143	5210	5244	5042	4751	4403	4054	3724	3438	3147	2893	2659	
5	8631	60.0	60.0	30	1	1	2	1116	1926	3711	6277	9125	11481	12705	13025	12527	11776	10651	9602	8479	7460	6463	5772	5132	4855	4857	4929	5113	5221	5214	5021	4756	4523	4061	3709	3449	3119	2886	2649	
5	8648	59.9	60.0	30	1	1	2	1131	1966	3692	6316	9179	11399	12709	13034	12554	11762	10658	9650	8520	7544	6432	5795	5123	4868	4845	4912	5106	5193	5175	5022	4784	4477	4030	3730	3418	3149	2895	2657	
5	8711	95.0	95.0	31	1	0	2	967	1478	2530	4087	5814	7235	8204	8520	8377	7940	7353	6723	5976	5343	4711	4317	3964	3779	3846	3957	4143	4183	4142	4039	3888	3643	3387	3149	2909	2686	2517	2320	
5	8728	95.0	95.0	31	1	0	2	1020	1465	2525	4066	5817	7289	8123	8465	8296	7955	7351	6674	5946	5342	4691	4292	3945	3770	3865	3942	4143	4172	4144	3994	3845	3599	3341	3112	2917	2673	2501	2356	
5	8791	59.9	60.1	31	1	1	2	1131	1967	3728	6341	9279	11594	12862	13168	12682	11911	10881	9745	8618	7574	6553	5843	5241	4914	4897	4959	5201	5234	5237	5042	4810	4461	4086	3810	3432	3135	2915	2627	
5	8808	60.0	60.0	31	1	1	2	1109	1926	3739	6388	9296	11533	12864	13172	12751	11941	10761	9782	8581	7569	6500	5842	5223	4837	4837	4947	5192	5255	5241	5074	4808	4513	4113	3763	3451	3138	2909	2642	
5	8825	60.0	60.0	31	1	1	2	1112	1953	3744	6376	9261	11580	12876	13183	12769	11965	10798	9795	8612	7588	6586	5821	5190	4924	4873	4987	5227	5292	5221	5068	4783	4479	4121	3777	3457	3193	2882	2654	
5	8842	60.0	60.0	31	1	1	2	1126	1910	3716	6331	9187	11474	12763	13092	12648	11857	10728	9615	8520	7506	6508	5772	5161	4864	4839	4951	5170	5207	5198	4994	4775	4444	4092	3747	3434	3137	2878	2654	
5	8860	60.0	60.0	31	1	1	2	1123	1951	3720	6395	9229	11565	12800	13111	12625	11781	10830	9728	8522	7549	6495	5800	5220	4878	4870	4970	5190	5219	5219	5068	4739	4433	4053	3730	3450	3157	2889	2662	
5	8877	59.9	60.0	31	1	1	2	1131	1934	3732	6338	9170	11477	12796	13129	12628	11833	10702	9714	8482	7536	6489	5775	5183	4847	4865	4931	5163	5217	5207	4998	4723	4431	4073	3759	3444	3113	2898	2627	
5	8894	59.9	60.0	31	1	1	2	1126	1934	3715	6392	9265	11490	12741	13108	12636	11781	10751	9734	8564	7489	6467	5781	5224	4860	4849	4899	5173	5223	5190	5032	4763	4466	4058	3753	3422	3144	2878	2665	
5	8957	95.0	95.0	32	1	0	2	1003	1489	2507	4105	5837	7327	8260	8581	8400	8006	7393	6778	6039	5413	4797	4341	3969	3830	3898	3980	4112	4217	4145	4001	3825	3631	3320	3134	2910	2693	2509	2326	
5	8974	95.0	95.0	32	1	0	2	1008	1479	2520	4080	5864	7322	8207	8558	8382	8019	7359	6750	6014	5404	4783	4290	3960	3829	3846	3974	4104	4169	4176	4035	3810	3627	3344	3117	2899	2713	2489	2330	
5	9037	60.0	60.1	32	1	1	2	1107	1941	3732	6372	9195	11471	12731	13122	12644	11845	10807	9719	8507	7526	6527	5781	5239	4873	4841	4904	5186	5171	5194	5000	4788	4447	4049	3699	3427	3111	2852	2661	
5	9054	60.0	60.0	32	1	1	2	1125	1923	3688	6285	9162	11370	12691	13007	12547	11703	10672	9592	8489	7424	6459	5736	5154	4874	4804	4881	5100	5174	5164	4976	4672	4411	4005	3705	3419	3097	2872	2633	
5	9071	59.9	60.0	32	1	1	2	1124	1937	3663	6293	9118	11331	12684	13016	12482	11744	10647	9623	8444	7490	6484	5738	5170	4790	4840	4920	5096	5173	5156	4973	4709	4379	4006	3673	3416	3089	2859	2638	
5	9089	60.0	60.0	32	1	1	2	1137	1939	3656	6293	9113	11365	12611	12931	12433	11642	10669	9569	8433	7401	6457	5736	5120	4832	4807	4889	5061	5146	5155	4986	4683	4402	4026	3686	3376	3072	2855	2637	
5	9106	59.9	60.0	32	1	1	2	1128	1955	3681	6339	9177	11445	12767	13078	12566	11831	10660	9590	8482	7501	6473	5737	5182	4860	4789	4906	5119	5186	5197	4984	4776	4418	4048	3748	3418	3105	2866	2629	
5	9123	60.0	60.0	32	1	1	2	1127	1953	3698	6297	9164	11439	12694	13008	12501	11743	10696	9669	8497	7509	6477	5749	5170	4816	4808	4852	5108	5199	5166	4968	4703	4417	4047	3734	3424	3116	2878	2613	
5	9140	60.0	60.0	32	1	1	2	1109	1931	3677	6244	9082	11291	12636	12908	12427	11646	10545	9569	8422	7345	6428	5682	5158	4803	4775	4880	5084	5105	5109	4918	4682	4326	4000	3673	3396	3088	2858	2589	
5	9203	95.0	95.0	33	1	0	2	1018	1471	2498	4073	5830	7313	8281	8546	8401	8011	7406	6785	6036	5418	4735	4315	3980	3814	3895	3943	4136	4159	4119	4012	3843	3633	3343	3097	2895	2705	2531	2351	
5	9220	95.0	95.0	33	1	0	2	1024	1488	2564	4123	5881	7367	8241	8644	8485	8054	7474	6772	6089	5445	4752	4317	4015	3853	3905	4002	4142	4237	4192	4085	3851	3614	3348	3120	2943	2691	2505	2360	
5	9283	59.9	60.1	33	1	1	2	1132	1949	3672	6248	9128	11387	12672	12986	12515	11655	10635	9563	8453	7478	6455	5752	5141	4842	4828	4837	5075	5125	5139	4952	4648	4356	4050	3688	3392	3104	2863	2628	
5	9300	59.9	60.0	33	1	1	2	1123	1966	3736	6328	9197	11523	12781	13070	12616	11853	10805	9656	8504	7537	6541	5776	5219	4844	4797	4936	5130	5224	5244	5002	4720	4411	4010	3740	3437	3116	2893	2624	
5	9317	60.0	60.0	33	1	1	2	1132	1967	3709	6312	9222	11513	12752	13059	12600	11844	10709	9662	8569	7510	6488	5750	5209	4877	4872	4928	5164	5201	5181	4992	4753	4409	4062	3711	3442	3156	2873	2636	
5	9335	60.0	60.0	33	1	1	2	1127	1930	3718	6287	9173	11411	12807	13009	12531	11721	10719	9601	8460	7485	6437	5774	5137	4828	4825	4854	5098	5172	5111	4937	4749	4407	4029	3685	3373	3100	2864	2603	
5	9352	60.0	60.0	33	1	1	2	1146	1942	3725	6368	9212	11529	12844	13106	12697	11845	10820	9695	8584	7553	6521	5803	5217	4869	4868	4960	5167	5262	5223	5021	4721	4427	4066	3740	3414	3129	2899	2658	
5	9369	60.0	60.0	33	1	1	2	1127	1949	3689	6314	9199	11409	12722	13043	12565	11749	10681	9632	8463	7456	6434	5800	5188	4865	4810	4894	5052	5169	5189	4934	4670	4407	4018	3718	3432	3088	2878	2615	
5	9386	60.0	60.0	33	1	1	2	1131	1949	3708	6308	9215	11465	12826	13087	12630	11770	10720	9744	8559	7533	6486	5807	5209	4874	4834	4949	5138	5217	5137	4992	4765	4444	4038	3741	3391	3121	2892	2630	
5	9449	95.0	95.0	34	1	0	2	1000	1476	2544	4104	5895	7337	8284	8619	8440	8069	7467	6839	6066	5442	4740	4327	3998	3828	3854	3960	4162	4151	4171	4045	3868	3588	3364	3129	2918	2685	2476	2293	
5	9466	95.0	95.0	34	1	0	2	1003	1480	2539	4102	5809	7255	8119	8541	8385	8056	7374	6717	5992	5374	4726	4316	3951	3786	3844	3949	4126	4155	4129	3985	3768	3568	3352	3081	2883	2695	2492	2294	
5	9529	60.0	60.1	34	1	1	2	1138	1933	3686	6327	9220	11418	12727	13059	12544	11819	10671	9634	8506	7492	6461	5743	5139	4842	4813	4876	5069	5186	5138	4978	4739	4338	4027	3696	3364	3078	2861	2622	
5	9546	59.9	60.0	34	1	1	2	1138	1925	3684	6289	9181	11419	12735	13002	12542	11720	10700	9625	8547	7524	6466	5741	5171	4816	4814	4923	5087	5170	5154	4990	4725	4397	3998	3684	3396	3091	2851	2625	
5	9563	59.9	60.0	34	1	1	2	1143	1958	3768	6341	9186	11545	12757	13117	12667	11854	10783	9706	8595	7536	6504	5789	5189	4859	4843	4945	5122	5196	5136	4999	4716	4450	4041	3695	3404	3125	2884	2644	
5	9581	60.0	60.0	34	1	1	2	1133	1948	3757	6364	9248	11565	12888	13139	12691	11881	10768	9778	8596	7562	6525	5794	5204	4907	4902	4889	5167	5193	5214	5003	4728	4394	4051	3737	3408	3121	2878	2637	
5	9598	60.0	60.0	34	1	1	2	1124	1962	3745	6342	9313	11628	12930	13254	12707	12028	10792	9816	8636	7637	6586	5854	5222	4900	4829	4981	5203	5255	5190	5018	4765	4428	4104	3747	3420	3114	2910	2649	
5	9615	60.0	60.0	34	1	1	2	1122	1942	3713	6301	9214	11513	12797	13066	12605	11776	10719	9684	8542	7471	6468	5751	5230	4885	4839	4925	5157	5137	5118	4942	4731	4403	4023	3686	3400	3133	2876	2637	
5	9632	60.0	60.0	34	1	1	2	1130	1930	3672	6300	9191	11512	12777	13047	12586	11872	10720	9609	8530	7517	6524	5776	5160	4880	4794	4885	5114	5186	5159	4983	4703	4403	4031	3714	3413	3108	2843	2640	
5	9697	94.9	95.1	35	1	0	2	1012	1496	2554	4136	5919	7385	8271	8698	8496	8122	7501	6839	6178	5465	4818	4386	4072	3838	3922	4032	4129	4218	4197	4068	3838	3644	3357	3140	2901	2692	2532	2340	
5	9714	95.0	95.0	35	1	0	2	1012	1494	2520	4169	5954	7461	8303	8732	8538	8153	7523	6834	6152	5470	4832	4392	4020	3880	3913	4029	4194	4212	4198	4076	3865	3634	3340	3136	2952	2699	2502	2314	
5	9777	59.9	60.1	35	1	1	2	1124	1947	3725	6304	9256	11554	12775	13128	12645	11889	10724	9688	8606	7531	6486	5785	5219	4843	4833	4944	5114	5152	5177	5005	4699	4381	4012	3790	3381	3103	2846	2618	
5	9794	59.9	60.0	35	1	1	2	1120	1942	3656	6294	9167	11348	12677	12969	12481	11686	10635	9568	8539	7465	6461	5765	5142	4825	4815	4883	5088	5111	5156	4952	4673	4378	3979	3688	3377	3070	2866	2609	
5	9812	60.0	60.0	35	1	1	2	1129	1908	3705	6358	9222	11475	12877	13147	12603	11858	10810	9643	8579	7551	6440	5764	5201	4817	4844	4924	5104	5144	5201	4971	4748	4396	4018	3711	3429	3139	2849	2673	
5	9829	59.9	60.0	35	1	1	2	1129	1958	3744	6362	9249	11498	12838	13141	12606	11933	10787	9688	8567	7510	6505	5801	5185	4906	4803	4929	5126	5173	5172	4980	4716	4399	4029	3717	3392	3106	2892	2647	
5	9846	59.9	60.0	35	1	1	2	1140	1955	3707	6317	9265	11422	12684	13104	12516	11823	10685	9680	8561	7516	6481	5815	5124	4892	4816	4891	5109	5175	5176	4950	4717	4376	4023	3679	3408	3085	2865	2612	
5	9863	59.9	60.0	35	1	1	2	1116	1965	3700	6348	9215	11506	12774	13032	12656	11836	10745	9691	8500	7517	6527	5812	5148	4820	4830	4932	5140	5188	5185	4969	4701	4415	4035	3718	3430	3100	2864	2629	
5	9881	60.0	60.0	35	1	1	2	1120	1920	3689	6277	9281	11473	12778	13100	12605	11881	10760	9662	8547	7529	6476	5766	5149	4878	4824	4883	5135	5190	5120	4982	4665	4395	4025	3722	3403	3096	2844	2634	
5	9943	95.0	95.0	36	1	0	2	1003	1508	2581	4209	6062	7526	8473	8775	8688	8221	7581	6925	6179	5545	4865	4430	4072	3881	3947	4041	4213	4260	4254	4097	3874	3711	3387	3153	2953	2723	2544	2346	
5	9960	95.0	95.0	36	1	0	2	1015	1513	2577	4181	6038	7540	8509	8791	8626	8291	7617	6912	6243	5531	4870	4401	4092	3904	3943	4061	4228	4230	4244	4048	3912	3710	3374	3164	2929	2711	2563	2344	
5	10023	60.0	60.1	36	1	1	2	1149	1926	3704	6350	9258	11548	12848	13206	12720	11901	10794	9730	8613	7577	6522	5798	5175	4843	4863	4956	5120	5205	5171	5002	4737	4435	4030	3736	3437	3125	2850	2635	
5	10040	59.9	60.0	36	1	1	2	1126	1937	3686	6358	9169	11479	12832	13120	12635	11823	10752	9650	8524	7525	6535	5757	5185	4844	4840	4901	5137	5224	5155	4978	4712	4390	4030	3720	3411	3085	2862	2634	
5	10058	60.0	60.0	36	1	1	2	1129	1951	3742	6359	9244	11532	12814	13146	12612	11840	10803	9722	8574	7558	6512	5747	5231	4884	4883	4925	5124	5204	5161	4986	4720	4389	4034	3719	3422	3117	2872	2660	
5	10075	59.9	60.0	36	1	1	2	1132	1952	3699	6310	9213	11420	12821	13076	12664	11742	10736	9750	8543	7586	6519	5749	5180	4791	4815	4906	5063	5165	5124	4965	4680	4360	4062	3693	3436	3098	2861	2622	
5	10092	60.0	60.0	36	1	1	2	1136	1953	3697	6339	9156	11463	12692	13014	12527	11759	10690	9611	8482	7461	6473	5706	5162	4812	4770	4886	5101	5140	5129	4944	4668	4380	4061	3664	3410	3068	2839	2620	
5	10109	60.0	60.0	36	1	1	2	1133	1942	3727	6409	9298	11587	12841	13162	12656	11955	10829	9739	8612	7605	6535	5815	5193	4944	4846	4957	5168	5204	5217	5019	4742	4431	4050	3755	3409	3081	2853	2662	
5	10127	60.0	60.0	36	1	1	2	1134	1939	3738	6313	9237	11515	12796	13058	12631	11896	10786	9703	8648	7550	6474	5804	5195	4889	4834	4926	5131	5226	5137	5013	4735	4392	4037	3737	3405	3135	2857	2672	
5	10191	94.9	95.1	37	1	0	2	1024	1552	2596	4219	6060	7573	8479	8873	8711	8341	7683	7008	6250	5577	4888	4453	4097	3942	3990	4088	4246	4310	4272	4105	3956	3663	3408	3138	2957	2751	2543	2365	
5	10208	95.0	95.0	37	1	0	2	1014	1517	2565	4224	6044	7509	8462	8867	8713	8256	7605	6998	6220	5593	4872	4449	4077	3943	3970	4057	4217	4256	4257	4100	3930	3660	3388	3161	2940	2721	2531	2353	
5	10271	60.0	60.1	37	1	1	2	1136	1937	3732	6368	9281	11521	12840	13120	12632	11940	10898	9728	8589	7542	6561	5819	5188	4904	4839	4937	5126	5166	5196	5013	4690	4432	4015	3746	3402	3099	2872	2628	
5	10289	60.0	60.0	37	1	1	2	1119	1951	3743	6425	9289	11648	12846	13193	12749	11913	10853	9747	8605	7619	6560	5844	5252	4864	4863	4926	5165	5229	5185	5022	4737	4420	4078	3699	3459	3123	2879	2653	
5	10306	60.0	60.0	37	1	1	2	1142	2000	3752	6412	9306	11598	12990	13212	12768	11954	10894	9828	8627	7586	6571	5904	5245	4885	4860	4969	5136	5196	5152	5017	4724	4437	4064	3746	3431	3130	2894	2670	
5	10323	60.0	60.0	37	1	1	2	1120	1962	3731	6426	9368	11646	12912	13190	12772	11969	10840	9747	8629	7618	6548	5847	5290	4875	4866	4952	5132	5220	5211	5021	4740	4466	4048	3750	3451	3155	2897	2635	
5	10340	60.0	60.0	37	1	1	2	1149	1958	3753	6437	9266	11577	12963	13310	12778	11952	10908	9841	8638	7642	6559	5790	5221	4903	4926	4946	5167	5216	5189	5013	4741	4383	4052	3752	3415	3154	2877	2636	
5	10358	60.0	60.0	37	1	1	2	1152	1957	3761	6332	9319	11623	12965	13175	12748	11934	10811	9794	8598	7573	6518	5841	5273	4930	4876	4935	5142	5227	5243	5069	4730	4471	4053	3754	3440	3125	2884	2661	
5	10375	59.9	60.0	37	1	1	2	1132	1953	3705	6338	9203	11497	12771	13036	12610	11846	10708	9643	8486	7482	6553	5777	5124	4830	4836	4910	5112	5133	5129	4959	4689	4343	4008	3723	3365	3116	2868	2628	
5	10437	95.0	95.0	38	1	0	2	1019	1490	2554	4153	5980	7441	8362	8769	8550	8204	7595	6927	6156	5492	4857	4388	4011	3897	3900	4034	4191	4210	4187	4068	3837	3681	3379	3130	2925	2736	2523	2352	
5	10455	95.0	95.0	38	1	1	2	992	1507	2543	4175	6003	7498	8387	8757	8585	8187	7541	6919	6152	5520	4857	4419	4048	3894	3930	4028	4190	4204	4222	4116	3840	3631	3383	3131	2930	2734	2547	2346	
5	10517	60.0	60.1	38	1	1	2	1139	1952	3736	6390	9340	11654	12979	13278	12775	11912	10881	9781	8666	7660	6584	5814	5247	4893	4882	4926	5192	5217	5187	5030	4742	4446	4066	3752	3410	3127	2913	2657	
5	10535	60.0	60.0	38	1	1	2	1123	1956	3735	6392	9287	11557	12883	13169	12686	11906	10780	9761	8603	7589	6547	5858	5261	4891	4886	4917	5143	5240	5161	4985	4704	4413	4074	3708	3402	3125	2862	2641	
5	10552	60.0	60.0	38	1	1	2	1129	2001	3759	6424	9379	11693	13095	13352	12873	12015	10942	9847	8711	7669	6635	5882	5309	4933	4910	5004	5164	5235	5215	5064	4766	4454	4093	3766	3444	3167	2900	2644	
5	10569	60.0	60.0	38	1	1	2	1137	1970	3736	6379	9314	11564	12911	13250	12824	11974	10876	9783	8621	7598	6565	5843	5244	4898	4844	4909	5202	5190	5218	4991	4735	4463	4033	3734	3421	3139	2890	2642	
5	10586	60.0	60.0	38	1	1	2	1140	1948	3748	6357	9281	11528	12874	13194	12623	11886	10780	9793	8623	7601	6557	5800	5222	4919	4873	4929	5125	5202	5139	5001	4716	4457	4033	3729	3408	3119	2893	2643	
5	10604	59.9	60.0	38	1	1	2	1128	1974	3744	6441	9329	11709	12924	13289	12777	11948	10923	9815	8610	7584	6584	5838	5248	4915	4866	4995	5160	5233	5184	5008	4759	4428	4071	3717	3457	3095	2884	2653	
5	10621	60.0	60.0	38	1	1	2	1136	1935	3715	6328	9265	11503	12831	13187	12683	11886	10768	9749	8558	7552	6514	5777	5201	4892	4847	4933	5080	5222	5163	4990	4695	4362	4031	3679	3425	3112	2839	2642	
5	10683	95.1	95.1	39	1	0	2	1012	1501	2570	4198	6053	7486	8461	8776	8598	8246	7552	6964	6162	5521	4865	4411	4062	3876	3941	4015	4238	4246	4161	4121	3856	3633	3369	3151	2931	2706	2533	2340	
5	10701	95.0	95.0	39	1	1	2	1022	1498	2581	4160	5935	7447	8312	8744	8528	8145	7543	6823	6172	5498	4798	4370	4039	3833	3899	3980	4178	4198	4207	4043	3836	3613	3342	3131	2931	2708	2489	2326	
5	10763	59.9	60.1	39	1	1	2	1146	1959	3784	6424	9279	11596	12920	13236	12710	11942	10865	9776	8633	7576	6550	5854	5193	4909	4853	4971	5208	5206	5191	4987	4767	4411	4040	3744	3450	3143	2880	2639	
5	10781	59.9	60.0	39	1	1	2	1142	1941	3758	6370	9305	11611	12900	13291	12752	12011	10887	9760	8625	7600	6565	5858	5239	4902	4868	4980	5166	5211	5200	5001	4744	4371	4030	3720	3444	3118	2898	2637	
5	10798	59.9	60.0	39	1	1	2	1129	1971	3738	6323	9283	11583	12859	13145	12683	11875	10840	9742	8560	7578	6504	5804	5177	4903	4860	4905	5139	5193	5197	5018	4730	4417	4026	3722	3384	3123	2901	2644	
5	10815	60.0	60.0	39	1	1	2	1162	1957	3734	6370	9233	11483	12829	13121	12590	11864	10843	9752	8512	7545	6515	5751	5204	4887	4822	4948	5099	5188	5184	4940	4699	4370	4018	3714	3390	3106	2873	2612	
5	10832	60.0	60.0	39	1	1	2	1131	1930	3713	6410	9298	11643	12911	13257	12709	11904	10849	9736	8616	7565	6496	5865	5240	4902	4854	4952	5145	5179	5179	4998	4747	4449	4059	3714	3440	3111	2892	2639	
5	10850	60.0	60.0	39	1	1	2	1154	1946	3745	6400	9268	11576	12843	13167	12694	11837	10809	9774	8612	7589	6549	5805	5224	4847	4843	4956	5132	5171	5171	4982	4761	4392	4022	3740	3379	3117	2855	2663	
5	10867	59.9	60.0	39	1	1	2	1146	1925	3721	6366	9153	11438	12784	13027	12583	11844	10756	9663	8489	7478	6476	5772	5169	4853	4780	4948	5104	5145	5130	4951	4685	4353	4010	3688	3400	3097	2831	2634	
5	10931	95.1	95.1	40	1	0	2	1034	1439	2573	4142	5947	7406	8340	8652	8467	8151	7521	6863	6119	5504	4824	4368	4028	3853	3901	4004	4168	4224	4182	4033	3845	3628	3335	3155	2890	2670	2489	2308	
5	10949	95.0	95.0	40	1	1	2	1009	1483	2567	4130	5926	7427	8387	8714	8510	8142	7507	6862	6145	5478	4851	4402	4021	3833	3927	3998	4162	4243	4156	4012	3812	3617	3364	3118	2926	2689	2505	2325	
5	11012	59.9	60.1	40	1	1	2	1136	1948	3768	6419	9358	11731	13000	13277	12837	12096	10899	9839	8746	7640	6610	5848	5263	4932	4905	4955	5168	5253	5215	5023	4772	4450	4043	3774	3483	3131	2899	2654	
5	11029	59.9	60.0	40	1	1	2	1128	1918	3728	6347	9280	11647	12869	13155	12715	11938	10822	9761	8663	7608	6592	5821	5195	4890	4876	4917	5137	5188	5149	5009	4747	4384	4012	3711	3402	3098	2885	2601	
5	11046	60.0	60.0	40	1	1	2	1135	1989	3772	6389	9285	11628	12874	13262	12729	11975	10870	9850	8652	7626	6605	5847	5243	4903	4902	4927	5178	5216	5222	5028	4759	4452	4067	3731	3428	3116	2889	2665	
5	11063	59.9	60.0	40	1	1	2	1131	1960	3715	6331	9183	11545	12777	13075	12619	11855	10793	9681	8555	7537	6492	5825	5166	4842	4845	4940	5144	5161	5136	4978	4704	4445	4032	3722	3388	3144	2840	2614	
5	11081	60.0	60.0	40	1	1	2	1148	1952	3750	6426	9331	11668	12937	13300	12747	11971	10859	9774	8627	7576	6619	5849	5214	4932	4857	4944	5149	5199	5213	5024	4764	4425	4083	3761	3439	3121	2887	2652	
5	11098	60.0	60.0	40	1	1	2	1135	1980	3788	6434	9344	11657	12970	13338	12830	12024	10862	9800	8632	7618	6567	5828	5274	4946	4908	4938	5147	5211	5266	5017	4787	4446	4093	3762	3419	3132	2879	2647	
5	11115	59.9	60.0	40	1	1	2	1141	1957	3777	6410	9298	11598	12959	13292	12775	12034	10854	9810	8696	7631	6593	5912	5217	4941	4936	4920	5195	5248	5197	5012	4714	4433	4040	3727	3424	3128	2892	2652	
5	11180	94.9	95.1	41	1	0	2	1004	1512	2568	4181	6030	7488	8379	8786	8602	8195	7644	6963	6207	5527	4878	4421	4064	3871	3954	4030	4205	4201	4198	4089	3877	3650	3384	3144	2942	2696	2544	2340	
5	11197	95.0	95.0	41	1	1	2	1015	1504	2571	4155	5996	7553	8453	8774	8640	8226	7658	6931	6222	5521	4906	4418	4048	3903	3956	4033	4215	4233	4217	4051	3872	3674	3393	3134	2916	2713	2517	2346	
5	11260	59.9	60.1	41	1	1	2	1133	1952	3741	6367	9323	11549	12879	13129	12762	11923	10816	9712	8586	7606	6561	5867	5194	4880	4881	4953	5150	5144	5163	4983	4711	4358	4021	3719	3425	3116	2865	2654	
5	11277	60.0	60.0	41	1	1	2	1138	1970	3814	6436	9384	11764	13031	13340	12835	12090	10918	9808	8709	7656	6632	5880	5252	4934	4889	4966	5187	5265	5250	5030	4792	4478	4041	3749	3448	3117	2904	2650	
5	11294	59.9	60.0	41	1	1	2	1131	1976	3743	6386	9317	11676	12939	13302	12738	11972	10870	9807	8654	7628	6570	5878	5193	4903	4872	4943	5173	5221	5209	5042	4755	4434	4048	3760	3451	3126	2892	2664	
5	11311	60.0	60.0	41	1	1	2	1120	1936	3713	6386	9296	11594	12958	13172	12712	11960	10799	9794	8587	7589	6627	5816	5253	4905	4894	4940	5141	5223	5156	5040	4703	4423	4068	3705	3434	3131	2887	2627	
5	11329	59.9	60.0	41	1	1	2	1132	1953	3746	6390	9280	11511	12939	13181	12756	11874	10812	9715	8618	7541	6532	5833	5241	4906	4857	4938	5151	5161	5191	4979	4729	4398	4052	3701	3412	3105	2907	2660	
5	11346	60.0	60.0	41	1	1	2	1127	1980	3718	6422	9304	11580	12909	13242	12789	12020	10843	9786	8599	7573	6572	5859	5221	4904	4861	5003	5146	5201	5195	5039	4737	4423	4065	3755	3432	3116	2889	2668	
5	11363	60.0	60.0	41	1	1	2	1131	1966	3746	6424	9315	11657	12951	13312	12765	11956	10862	9817	8630	7622	6613	5870	5226	4890	4874	4980	5169	5179	5196	5041	4752	4460	4046	3743	3436	3143	2864	2630	
5	11426	95.0	95.0	42	1	0	2	1006	1501	2597	4192	6056	7560	8543	8814	8624	8298	7643	6967	6192	5584	4844	4458	4073	3920	3965	4016	4240	4230	4248	4077	3880	3660	3408	3194	2922	2689	2545	2362	
5	11443	95.0	95.0	42	1	0	2	1020	1504	2590	4202	6060	7539	8470	8847	8645	8286	7626	6948	6239	5563	4870	4439	4049	3909	3955	4057	4254	4294	4231	4088	3891	3669	3387	3188	2977	2725	2543	2336	
5	11506	59.9	60.1	42	1	1	2	1151	1982	3785	6456	9362	11733	13010	13337	12776	12004	10920	9858	8663	7668	6606	5867	5232	4922	4906	5002	5179	5267	5206	5043	4777	4436	4049	3766	3419	3137	2871	2644	
5	11523	59.9	60.0	42	1	1	2	1132	1983	3754	6456	9375	11673	13018	13233	12809	11942	10965	9861	8670	7708	6557	5861	5283	4887	4881	4959	5172	5214	5230	4992	4737	4450	4093	3713	3434	3123	2874	2670	
5	11540	59.9	60.0	42	1	1	2	1125	1981	3739	6434	9374	11706	13049	13344	12941	12066	10957	9843	8735	7669	6576	5882	5290	4976	4896	4981	5194	5255	5277	5068	4794	4433	4068	3773	3446	3151	2901	2674	
5	11558	60.0	60.0	42	1	1	2	1140	1970	3756	6416	9369	11725	12994	13326	12754	12012	10861	9838	8622	7648	6625	5854	5238	4931	4880	4959	5119	5243	5205	5023	4779	4398	4057	3760	3442	3134	2873	2655	
5	11575	60.0	60.0	42	1	1	2	1130	1965	3747	6450	9314	11591	12921	13205	12797	12020	10836	9783	8628	7620	6587	5838	5256	4878	4881	4926	5181	5186	5190	5025	4756	4449	4055	3744	3388	3107	2861	2655	
5	11592	60.0	60.0	42	1	1	2	1116	1975	3743	6413	9292	11621	12834	13249	12752	11963	10825	9753	8583	7580	6566	5842	5196	4896	4897	4970	5119	5178	5155	4995	4706	4390	4053	3693	3430	3126	2866	2653	
5	11609	60.0	60.0	42	1	1	2	1120	1930	3747	6349	9278	11535	12860	13170	12712	11843	10838	9722	8616	7559	6481	5789	5207	4857	4809	4967	5141	5215	5122	4924	4703	4382	4033	3699	3421	3085	2901	2643	
5	11672	94.9	95.0	43	1	0	2	1001	1523	2543	4156	5996	7455	8419	8766	8590	8260	7536	6892	6158	5505	4839	4432	4048	3895	3946	4015	4155	4228	4236	4091	3830	3642	3374	3136	2937	2704	2547	2328	
5	11689	95.0	95.0	43	1	0	2	1015	1504	2564	4187	6026	7476	8405	8735	8616	8217	7566	6947	6215	5521	4839	4428	4062	3858	3932	3990	4174	4256	4181	4080	3895	3620	3358	3138	2939	2721	2488	2336	
5	11751	59.8	60.1	43	1	1	2	1154	1966	3778	6430	9371	11707	12864	13243	12765	11957	10911	9829	8671	7616	6595	5836	5258	4933	4901	4940	5172	5199	5209	5028	4727	4455	4053	3763	3417	3109	2921	2665	
5	11768	59.9	60.0	43	1	1	2	1130	1967	3778	6421	9335	11677	12879	13231	12761	12048	10950	9834	8641	7644	6616	5830	5255	4924	4893	4978	5165	5200	5218	5009	4752	4428	4048	3711	3436	3139	2888	2662	
5	11785	60.0	60.0	43	1	1	2	1134	1965	3753	6410	9332	11609	12920	13293	12821	12018	10888	9812	8662	7585	6583	5808	5257	4938	4864	4953	5169	5222	5171	5012	4744	4399	4056	3736	3445	3149	2892	2619	
5	11803	60.0	60.0	43	1	1	2	1134	1948	3719	6394	9319	11613	12978	13301	12828	11934	10865	9831	8618	7586	6569	5852	5216	4892	4885	4985	5123	5233	5193	5069	4746	4456	4047	3742	3415	3112	2873	2628	
5	11820	60.0	60.0	43	1	1	2	1143	1984	3825	6478	9446	11749	13034	13362	12870	12126	10999	9948	8748	7614	6578	5936	5229	4951	4895	5002	5169	5259	5257	5057	4816	4451	4067	3756	3451	3173	2921	2650	
5	11837	60.0	60.0	43	1	1	2	1144	2008	3790	6437	9438	11808	13096	13392	12942	12146	11058	9923	8743	7721	6670	5885	5308	4981	4916	5029	5232	5279	5249	5066	4750	4450	4103	3751	3466	3144	2929	2670	
5	11854	60.0	60.0	43	1	1	2	1149	1963	3768	6389	9340	11659	12869	13239	12747	12024	10847	9789	8708	7607	6569	5826	5257	4914	4908	4938	5140	5218	5179	5022	4747	4439	4041	3722	3420	3128	2869	2661	
5	11917	95.0	95.0	44	1	0	2	1000	1509	2584	4171	5974	7462	8409	8755	8553	8204	7620	6899	6178	5535	4807	4406	4049	3893	3892	4009	4161	4206	4222	4062	3794	3619	3396	3156	2935	2716	2528	2347	
5	11934	95.0	95.0	44	1	0	2	1022	1495	2580	4159	5984	7434	8416	8809	8571	8224	7585	6892	6208	5506	4861	4445	4059	3860	3958	4002	4208	4202	4196	4052	3824	3629	3344	3154	2910	2700	2533	2377	
5	11997	59.8	60.1	44	1	1	2	1137	1985	3797	6512	9454	11787	13102	13429	12931	12188	11059	9900	8772	7692	6653	5880	5318	4956	4956	5007	5193	5269	5280	5061	4804	4514	4105	3817	3488	3138	2910	2655	
5	12014	60.0	60.0	44	1	1	2	1139	1975	3831	6552	9475	11845	13220	13547	12984	12248	11135	10047	8836	7746	6699	5997	5333	5014	4956	5034	5240	5306	5298	5107	4808	4504	4085	3744	3480	3200	2938	2652	
5	12031	60.0	60.0	44	1	1	2	1137	1988	3834	6501	9480	11841	13277	13465	13009	12249	11048	9942	8803	7765	6680	5915	5322	4990	4953	5080	5295	5321	5274	5087	4853	4472	4132	3785	3456	3154	2902	2680	
5	12049	59.9	60.0	44	1	1	2	1150	1986	3770	6413	9429	11769	13048	13347	12923	12044	11016	9913	8732	7668	6631	5877	5321	4909	4925	5005	5183	5282	5218	5055	4832	4437	4065	3762	3470	3150	2939	2657	
5	12066	60.0	60.0	44	1	1	2	1149	1985	3813	6536	9494	11869	13194	13510	13024	12211	11082	9983	8830	7752	6721	5951	5335	5011	4963	5028	5202	5299	5285	5096	4830	4496	4124	3785	3463	3153	2945	2661	
5	12083	60.0	60.0	44	1	1	2	1125	1993	3810	6556	9416	11828	13131	13488	12968	12145	11058	9951	8738	7716	6672	5934	5340	4978	4990	5063	5222	5265	5281	5066	4841	4503	4080	3786	3457	3171	2905	2679	
5	12100	60.0	60.0	44	1	1	2	1148	2014	3851	6505	9522	11830	13141	13522	12994	12230	11011	9919	8807	7745	6649	5943	5348	4947	4939	5026	5229	5257	5285	5101	4829	4487	4128	3783	3460	3153	2892	2697	
5	12165	95.0	95.1	45	1	0	2	1003	1483	2594	4225	6000	7515	8479	8780	8628	8246	7607	6952	6230	5519	4924	4420	4064	3923	3915	4045	4207	4218	4204	4059	3906	3670	3368	3169	2926	2712	2538	2336	
5	12182	95.0	95.0	45	1	0	2	1012	1496	2596	4167	6011	7517	8417	8833	8618	8269	7633	6930	6147	5536	4876	4437	4085	3912	3943	4021	4215	4220	4184	4070	3852	3625	3418	3161	2931	2714	2517	2362	
5	12245	59.8	60.1	45	1	1	2	1135	1965	3777	6427	9260	11574	12908	13254	12769	11935	10813	9813	8622	7654	6547	5883	5223	4905	4852	4922	5119	5210	5145	5056	4702	4379	4056	3702	3407	3110	2903	2656	
5	12262	59.9	60.0	45	1	1	2	1137	1970	3785	6458	9333	11735	13036	13410	12844	12069	10978	9872	8674	7661	6601	5886	5259	4946	4897	4963	5183	5265	5233	5067	4741	4445	4076	3783	3440	3113	2882	2609	
5	12280	59.9	60.0	45	1	1	2	1134	1950	3762	6427	9375	11621	13021	13279	12808	12010	10922	9831	8673	7651	6566	5885	5242	4922	4905	4925	5198	5301	5187	5077	4775	4416	4071	3764	3432	3130	2913	2640	
5	12297	60.0	60.0	45	1	1	2	1129	1945	3751	6400	9348	11612	12931	13270	12764	11931	10917	9838	8666	7657	6561	5883	5244	4895	4885	4992	5144	5219	5253	5018	4730	4447	4018	3754	3450	3130	2892	2640	
5	12314	59.9	60.0	45	1	1	2	1157	1973	3784	6398	9313	11579	12894	13186	12688	11900	10796	9755	8590	7588	6561	5838	5231	4902	4819	4928	5116	5168	5181	4976	4728	4467	4015	3709	3418	3135	2866	2656	
5	12331	60.0	60.0	45	1	1	2	1123	1945	3769	6402	9335	11576	12872	13272	12785	11929	10890	9739	8609	7593	6580	5831	5199	4915	4810	4949	5110	5203	5172	5025	4701	4387	4033	3704	3428	3119	2864	2672	
5	12349	59.9	60.0	45	1	1	2	1137	1946	3750	6395	9291	11641	12852	13238	12669	11973	10820	9742	8582	7569	6557	5813	5221	4898	4864	4938	5115	5187	5181	4967	4739	4406	4020	3676	3444	3111	2856	2632	
