Well	Time (1/2 s)	Block Temp	Sample Temp	Repetition	PCR Stage	Extension	Scale	B1	B2	B3	B4	B5	B6	B7	B8	B9	B10	B11	B12	B13	B14	B15	B16	B17	B18	B19	B20	B21	B22	B23	B24	B25	B26	B27	B28	B29	B30	B31	B32
7	106	95.1	95.1	1	0	0	2	930	1117	1489	2084	2688	3204	3552	3660	3604	3460	3253	3039	2803	2594	2392	2318	2310	2458	2700	3001	3336	3477	3606	3506	3422	3225	3020	2802	2648	2432	2293	2136	
7	123	95.0	95.0	1	0	0	2	932	1135	1483	2084	2681	3178	3510	3649	3552	3431	3246	3031	2785	2608	2424	2314	2313	2407	2676	2997	3278	3492	3576	3525	3428	3221	2992	2771	2620	2444	2283	2162	
7	140	95.0	95.0	1	0	0	2	915	1108	1480	2035	2653	3165	3502	3582	3548	3427	3231	3023	2772	2578	2383	2300	2334	2424	2677	3001	3305	3454	3542	3509	3356	3187	3000	2805	2598	2443	2290	2124	
7	158	95.0	95.0	1	0	0	2	914	1141	1494	2061	2663	3157	3493	3570	3541	3413	3227	3021	2783	2576	2385	2302	2322	2419	2667	2962	3308	3486	3551	3525	3409	3218	2964	2775	2605	2437	2303	2147	
7	175	95.0	95.0	1	0	0	2	918	1119	1511	2062	2647	3184	3457	3622	3543	3424	3197	3006	2765	2574	2385	2296	2281	2451	2705	2965	3292	3452	3556	3495	3382	3216	2975	2830	2596	2421	2296	2124	
7	192	95.0	95.0	1	0	0	2	924	1098	1478	2040	2650	3146	3456	3584	3548	3380	3220	3023	2778	2575	2376	2293	2295	2411	2671	2969	3265	3466	3552	3495	3386	3191	2974	2781	2620	2426	2259	2124	
7	209	94.9	95.0	1	0	0	2	917	1101	1508	2048	2664	3171	3480	3604	3579	3439	3229	2995	2765	2556	2388	2287	2290	2439	2692	2962	3287	3457	3581	3523	3384	3221	2997	2763	2636	2426	2270	2163	
7	227	95.0	95.0	1	0	0	2	914	1095	1491	2049	2630	3174	3439	3568	3552	3417	3251	3035	2791	2591	2378	2305	2294	2428	2702	2949	3299	3458	3562	3498	3376	3169	2969	2752	2598	2441	2300	2152	
7	244	95.0	95.0	1	0	0	2	913	1110	1487	2056	2655	3120	3493	3588	3543	3403	3220	3023	2768	2561	2376	2312	2308	2436	2669	2943	3273	3469	3525	3503	3383	3198	2952	2789	2622	2440	2296	2137	
7	261	94.9	95.0	1	0	0	2	917	1120	1490	2048	2650	3118	3448	3586	3541	3421	3225	2982	2763	2566	2363	2306	2283	2415	2659	2975	3296	3482	3553	3510	3333	3211	2985	2804	2608	2454	2279	2149	
7	278	95.0	95.0	1	0	0	2	927	1128	1496	2048	2651	3146	3460	3563	3565	3401	3228	3005	2763	2579	2374	2320	2302	2426	2700	2967	3271	3464	3518	3516	3365	3241	2948	2766	2644	2421	2272	2139	
7	296	95.0	95.0	1	0	0	2	929	1117	1474	2046	2638	3159	3483	3596	3566	3407	3218	3007	2761	2573	2388	2277	2276	2418	2672	2965	3302	3454	3556	3472	3357	3198	2995	2776	2617	2419	2300	2121	
7	313	95.0	95.0	1	0	0	2	918	1103	1500	2046	2661	3166	3478	3580	3543	3403	3197	3036	2776	2567	2396	2323	2291	2416	2691	2995	3304	3473	3546	3530	3418	3190	2981	2808	2615	2444	2295	2152	
7	330	95.0	95.0	1	0	0	2	929	1080	1493	2071	2645	3157	3490	3584	3556	3395	3228	3022	2770	2582	2391	2316	2314	2428	2692	2935	3294	3472	3575	3499	3380	3229	2976	2804	2620	2408	2295	2150	
7	347	95.0	95.0	1	0	0	2	933	1101	1495	2049	2630	3155	3499	3617	3559	3422	3221	3009	2759	2557	2377	2310	2291	2428	2678	2965	3292	3499	3548	3510	3377	3204	2989	2809	2625	2438	2307	2154	
7	365	95.0	95.0	1	0	0	2	920	1123	1493	2049	2631	3153	3479	3578	3572	3458	3172	3010	2755	2588	2388	2342	2307	2420	2693	2999	3308	3491	3580	3531	3379	3237	2978	2812	2616	2466	2322	2131	
7	382	95.0	95.0	1	0	0	2	937	1105	1483	2036	2657	3174	3486	3588	3567	3411	3200	3000	2762	2585	2397	2306	2264	2451	2688	2979	3291	3459	3624	3527	3385	3167	3024	2794	2580	2454	2266	2124	
7	399	95.0	95.0	1	0	0	2	930	1120	1504	2035	2669	3172	3472	3593	3568	3430	3224	3027	2781	2592	2380	2313	2324	2434	2677	3003	3317	3509	3554	3495	3390	3219	3002	2834	2621	2412	2275	2155	
7	416	94.9	95.0	1	0	0	2	925	1110	1511	2061	2611	3145	3484	3617	3550	3450	3214	2998	2805	2592	2389	2330	2318	2414	2678	2966	3308	3500	3550	3511	3405	3249	2996	2805	2608	2427	2298	2153	
7	434	95.0	95.0	1	0	0	2	920	1122	1498	2052	2629	3154	3473	3628	3560	3438	3240	3033	2788	2569	2377	2318	2300	2427	2678	2992	3303	3492	3555	3521	3387	3179	2990	2825	2600	2421	2313	2143	
7	451	95.0	95.0	1	0	0	2	916	1116	1522	2046	2665	3146	3507	3601	3557	3426	3228	3007	2776	2579	2400	2308	2322	2410	2678	2980	3293	3489	3604	3514	3366	3217	2986	2791	2618	2457	2306	2156	
7	468	95.0	95.0	1	0	0	2	937	1128	1488	2049	2680	3190	3479	3617	3561	3451	3238	3012	2770	2626	2388	2313	2330	2424	2688	3009	3312	3513	3586	3535	3406	3234	3026	2807	2625	2448	2287	2139	
7	485	94.9	95.0	1	0	0	2	928	1124	1479	2053	2656	3165	3478	3581	3580	3439	3263	2996	2791	2586	2421	2303	2300	2424	2688	2971	3309	3467	3555	3501	3414	3188	2985	2786	2620	2442	2306	2135	
7	503	94.9	95.0	1	0	0	2	928	1102	1511	2040	2687	3166	3508	3623	3564	3432	3230	3038	2795	2588	2392	2324	2320	2371	2700	2984	3285	3492	3604	3539	3421	3230	2981	2796	2597	2451	2293	2125	
7	520	94.9	95.0	1	0	0	2	923	1112	1494	2057	2674	3153	3498	3613	3548	3431	3232	3026	2764	2560	2399	2362	2308	2440	2695	3000	3325	3500	3590	3510	3374	3212	2985	2802	2642	2459	2286	2172	
7	537	94.9	95.0	1	0	0	2	921	1106	1515	2049	2668	3146	3501	3608	3564	3433	3223	3054	2761	2580	2398	2297	2336	2444	2699	3006	3335	3477	3530	3553	3410	3215	2994	2793	2606	2454	2276	2144	
7	554	94.9	95.0	1	0	0	2	932	1130	1488	2072	2667	3168	3485	3624	3596	3422	3285	3018	2815	2605	2387	2328	2318	2430	2708	2969	3292	3487	3585	3545	3425	3219	3009	2809	2655	2467	2285	2137	
7	572	95.0	95.0	1	0	0	2	928	1116	1504	2065	2674	3203	3532	3654	3568	3444	3266	3049	2802	2600	2370	2292	2339	2428	2698	3011	3341	3512	3567	3534	3426	3229	3019	2845	2621	2429	2317	2137	
7	589	94.9	95.0	1	0	0	2	924	1130	1500	2073	2693	3192	3513	3619	3594	3454	3217	3048	2818	2583	2413	2337	2295	2467	2684	2974	3334	3490	3604	3542	3420	3216	3027	2794	2626	2468	2314	2155	
7	606	95.0	95.0	1	0	0	2	971	1106	1505	2033	2708	3207	3520	3620	3572	3453	3220	3016	2770	2560	2395	2272	2299	2423	2692	3011	3286	3493	3575	3550	3407	3228	3031	2825	2650	2439	2298	2133	
7	623	95.0	95.0	1	0	0	2	921	1114	1494	2042	2632	3189	3499	3600	3584	3436	3262	3028	2804	2574	2416	2315	2303	2429	2684	2970	3302	3520	3560	3524	3448	3204	3017	2850	2634	2465	2234	2149	
7	641	95.0	95.0	1	0	0	2	917	1112	1506	2077	2645	3153	3525	3607	3559	3476	3281	3002	2772	2604	2400	2298	2314	2456	2704	2992	3281	3502	3577	3522	3397	3213	3025	2822	2638	2448	2318	2157	
7	658	95.0	95.0	1	0	0	2	935	1117	1498	2045	2678	3203	3500	3609	3560	3478	3260	3050	2800	2607	2403	2328	2295	2441	2715	2966	3303	3509	3590	3554	3400	3230	3017	2794	2633	2432	2302	2175	
7	675	95.0	95.0	1	0	0	2	937	1121	1502	2057	2670	3212	3468	3583	3572	3465	3255	3022	2805	2595	2408	2301	2334	2413	2698	2998	3336	3484	3594	3539	3407	3238	2984	2823	2641	2464	2325	2153	
7	692	95.0	95.0	1	0	0	2	931	1096	1496	2051	2689	3183	3485	3622	3542	3490	3258	3024	2779	2561	2425	2332	2317	2415	2696	3001	3295	3485	3604	3532	3443	3242	3007	2833	2649	2432	2284	2144	
7	710	95.0	95.0	1	0	0	2	894	1102	1492	2062	2671	3215	3515	3643	3605	3478	3256	3046	2812	2593	2394	2321	2352	2436	2706	3010	3310	3495	3598	3526	3436	3242	3013	2828	2612	2462	2294	2154	
7	727	95.0	95.0	1	0	0	2	929	1116	1499	2059	2672	3173	3539	3651	3563	3487	3265	3050	2779	2628	2408	2330	2313	2432	2687	3002	3325	3513	3592	3567	3445	3260	3035	2829	2651	2436	2301	2153	
7	744	95.0	95.0	1	0	0	2	924	1112	1512	2073	2681	3193	3507	3635	3573	3454	3260	3032	2825	2614	2391	2338	2341	2440	2701	2997	3341	3516	3575	3558	3433	3245	3004	2822	2646	2455	2283	2170	
7	761	94.9	95.0	1	0	0	2	946	1098	1510	2076	2718	3177	3516	3649	3604	3469	3247	3036	2804	2596	2433	2330	2309	2450	2708	2996	3329	3530	3606	3564	3410	3209	3020	2832	2629	2456	2300	2150	
7	779	95.0	95.0	1	0	0	2	918	1107	1494	2043	2655	3194	3515	3654	3580	3459	3270	3044	2789	2602	2413	2318	2334	2467	2689	3005	3327	3473	3583	3554	3398	3223	3016	2832	2636	2456	2292	2153	
7	796	94.9	95.0	1	0	0	2	929	1142	1493	2064	2709	3160	3529	3650	3614	3448	3239	3110	2802	2623	2407	2362	2337	2442	2698	3034	3303	3520	3609	3551	3432	3220	3043	2837	2657	2450	2297	2140	
7	813	95.0	95.0	1	0	0	2	933	1108	1480	2069	2656	3201	3515	3627	3611	3485	3240	3038	2786	2600	2398	2356	2308	2454	2700	3027	3317	3491	3598	3574	3415	3240	3012	2839	2648	2455	2309	2160	
7	830	95.0	95.0	1	0	0	2	941	1122	1511	2065	2688	3219	3519	3610	3581	3480	3290	3064	2797	2595	2434	2344	2295	2439	2708	3000	3296	3488	3571	3524	3423	3227	3008	2815	2618	2456	2300	2174	
7	848	94.9	95.0	1	0	0	2	929	1106	1518	2085	2682	3218	3537	3650	3592	3471	3258	3085	2796	2613	2419	2346	2326	2455	2723	2988	3328	3506	3584	3561	3437	3184	3023	2828	2621	2491	2325	2138	
7	865	95.0	95.0	1	0	0	2	932	1113	1476	2062	2673	3206	3498	3624	3590	3462	3266	3050	2836	2610	2382	2326	2329	2450	2716	3004	3318	3484	3584	3550	3425	3230	3002	2842	2648	2473	2310	2148	
7	882	94.9	95.0	1	0	0	2	929	1124	1481	2075	2666	3218	3516	3629	3590	3492	3283	3035	2808	2640	2425	2324	2316	2465	2714	2995	3309	3515	3593	3553	3423	3227	3015	2843	2628	2460	2308	2144	
7	899	95.0	95.0	1	0	0	2	912	1112	1492	2073	2680	3206	3526	3649	3579	3472	3258	3066	2827	2586	2408	2355	2313	2445	2715	2999	3334	3504	3622	3535	3437	3239	3028	2832	2664	2476	2277	2129	
7	917	95.0	95.0	1	0	0	2	934	1117	1506	2041	2682	3203	3528	3669	3593	3466	3255	3046	2824	2585	2406	2337	2319	2450	2717	3028	3318	3505	3615	3562	3457	3258	3017	2831	2653	2468	2306	2146	
7	934	95.0	95.0	1	0	0	2	919	1112	1540	2057	2676	3197	3514	3643	3624	3471	3280	3048	2805	2577	2416	2312	2321	2454	2704	3023	3302	3529	3578	3545	3423	3237	3007	2807	2629	2488	2329	2167	
7	951	95.0	95.0	1	0	0	2	915	1133	1491	2074	2710	3219	3541	3665	3618	3488	3285	3060	2832	2612	2441	2334	2326	2458	2719	3029	3350	3503	3583	3569	3406	3257	2997	2852	2619	2458	2310	2210	
7	968	95.0	95.0	1	0	0	2	941	1111	1507	2068	2675	3188	3525	3677	3614	3473	3295	3070	2810	2618	2411	2371	2353	2457	2731	3007	3338	3492	3619	3546	3425	3225	3028	2813	2682	2456	2308	2157	
7	986	95.0	95.0	1	0	0	2	938	1122	1500	2059	2688	3196	3521	3677	3644	3456	3280	3010	2824	2612	2416	2354	2324	2456	2698	2999	3310	3513	3606	3534	3423	3238	3012	2812	2674	2468	2317	2155	
7	1003	95.0	95.0	1	0	0	2	911	1140	1489	2085	2674	3226	3533	3660	3634	3501	3276	3036	2827	2610	2437	2333	2336	2452	2709	3010	3317	3540	3568	3610	3417	3235	3065	2848	2647	2458	2311	2147	
7	1020	95.0	95.0	1	0	0	2	943	1134	1505	2078	2686	3202	3535	3663	3636	3501	3297	3046	2835	2612	2430	2354	2323	2455	2717	2992	3286	3495	3625	3565	3432	3249	3002	2815	2643	2449	2326	2136	
7	1037	94.9	95.0	1	0	0	2	933	1102	1510	2084	2699	3203	3521	3654	3640	3475	3258	3100	2813	2645	2405	2348	2351	2462	2715	3016	3323	3536	3592	3548	3417	3260	3033	2833	2661	2475	2303	2186	
7	1055	95.0	95.0	1	0	0	2	946	1112	1498	2066	2652	3207	3540	3676	3644	3505	3278	3057	2832	2601	2407	2343	2331	2437	2706	2995	3337	3540	3616	3582	3413	3267	3032	2818	2672	2444	2347	2177	
7	1072	95.0	95.0	1	0	0	2	946	1130	1500	2073	2700	3257	3541	3688	3616	3493	3292	3039	2831	2620	2411	2321	2310	2446	2711	3016	3372	3513	3647	3547	3444	3228	3022	2834	2632	2474	2324	2166	
7	1089	95.0	95.0	1	0	0	2	918	1110	1522	2082	2723	3245	3540	3682	3604	3472	3288	3071	2824	2605	2456	2332	2332	2469	2736	2999	3326	3554	3586	3555	3417	3284	3018	2832	2669	2455	2291	2140	
7	1106	95.0	95.0	1	0	0	2	927	1125	1500	2085	2726	3207	3531	3656	3616	3495	3282	3064	2856	2629	2424	2334	2342	2449	2716	2992	3330	3537	3625	3579	3406	3250	3025	2843	2660	2453	2323	2154	
7	1124	95.0	95.0	1	0	0	2	937	1105	1517	2072	2690	3206	3458	3694	3603	3488	3279	3078	2822	2609	2410	2335	2374	2455	2704	3002	3337	3511	3632	3568	3405	3246	3022	2824	2638	2457	2336	2166	
7	1141	95.0	95.0	1	0	0	2	916	1116	1480	2086	2713	3215	3538	3675	3605	3451	3311	3050	2819	2611	2415	2340	2337	2446	2708	2980	3333	3491	3605	3533	3427	3222	3004	2824	2634	2451	2306	2151	
7	1158	95.0	95.0	1	0	0	2	933	1121	1505	2090	2715	3227	3519	3678	3646	3492	3294	3074	2824	2636	2420	2354	2324	2452	2701	3020	3337	3505	3639	3565	3414	3254	3017	2835	2650	2468	2317	2166	
7	1175	95.0	95.0	1	0	0	2	937	1110	1495	2081	2704	3217	3539	3651	3637	3489	3262	3079	2846	2619	2423	2354	2342	2453	2730	3028	3351	3494	3589	3583	3452	3266	3030	2845	2634	2450	2307	2168	
7	1193	95.0	95.0	1	0	0	2	929	1084	1516	2068	2689	3192	3542	3658	3614	3530	3288	3068	2821	2612	2431	2356	2359	2453	2707	3012	3326	3525	3595	3580	3432	3236	3022	2827	2633	2472	2298	2174	
7	1210	95.0	95.0	1	0	0	2	933	1115	1518	2064	2692	3175	3556	3673	3614	3495	3264	3027	2846	2617	2432	2333	2325	2458	2719	2986	3329	3528	3604	3571	3447	3250	3030	2881	2671	2468	2349	2149	
7	1227	95.0	95.0	1	0	0	2	940	1116	1537	2068	2743	3243	3568	3696	3631	3514	3277	3064	2810	2605	2447	2344	2326	2435	2720	2999	3344	3538	3586	3554	3432	3266	3024	2805	2623	2466	2276	2169	
7	1244	95.0	95.0	1	0	0	2	919	1088	1504	2086	2699	3246	3537	3683	3630	3501	3315	3077	2851	2605	2424	2347	2329	2452	2730	3018	3336	3517	3605	3528	3470	3238	3056	2832	2649	2460	2325	2156	
7	1262	95.0	95.0	1	0	0	2	934	1117	1522	2069	2684	3231	3536	3682	3634	3531	3287	3076	2798	2609	2446	2341	2341	2459	2718	3017	3343	3541	3622	3570	3417	3251	3018	2816	2639	2484	2290	2160	
7	1279	95.0	95.0	1	0	0	2	941	1117	1502	2074	2683	3283	3560	3666	3611	3482	3290	3068	2811	2633	2428	2313	2344	2460	2721	3012	3339	3518	3638	3541	3398	3266	2999	2808	2614	2464	2301	2179	
7	1325	95.0	95.0	1	1	0	2	944	1129	1511	2101	2677	3230	3580	3672	3616	3489	3300	3063	2840	2638	2416	2371	2352	2466	2706	3028	3333	3494	3625	3571	3389	3247	3045	2830	2658	2483	2319	2162	
7	1389	59.9	60.2	1	1	1	2	1013	1427	2232	3359	4707	5648	6220	6330	6080	5776	5279	4820	4384	3927	3525	3249	3115	3130	3404	3774	4151	4402	4529	4470	4255	3996	3666	3394	3122	2895	2637	2468	
7	1406	59.9	60.0	1	1	1	2	1025	1410	2251	3436	4718	5727	6323	6427	6212	5854	5353	4945	4451	3984	3574	3292	3146	3165	3422	3801	4138	4452	4542	4443	4297	4025	3698	3407	3151	2866	2674	2471	
7	1423	59.9	60.0	1	1	1	2	1011	1418	2249	3417	4746	5736	6224	6396	6161	5849	5354	4902	4377	3934	3553	3267	3093	3166	3422	3744	4129	4386	4539	4491	4233	3960	3665	3381	3143	2874	2644	2469	
7	1440	59.9	60.0	1	1	1	2	1022	1402	2243	3453	4740	5737	6256	6352	6170	5862	5327	4894	4398	3954	3538	3274	3126	3136	3415	3760	4164	4419	4484	4428	4256	3960	3649	3376	3148	2867	2659	2474	
7	1458	60.0	60.0	1	1	1	2	1029	1411	2238	3417	4748	5728	6255	6399	6163	5802	5335	4881	4407	3971	3502	3263	3112	3160	3406	3733	4127	4365	4549	4436	4268	3969	3679	3388	3116	2909	2660	2490	
7	1475	59.9	60.0	1	1	1	2	1016	1410	2266	3427	4717	5698	6296	6369	6188	5802	5341	4873	4432	3982	3526	3289	3130	3128	3430	3763	4146	4396	4559	4482	4303	3987	3693	3379	3144	2899	2677	2473	
7	1492	60.0	60.0	1	1	1	2	1042	1405	2251	3444	4753	5716	6289	6401	6196	5831	5342	4926	4398	3957	3559	3280	3129	3163	3409	3776	4149	4403	4539	4450	4288	4018	3704	3408	3129	2872	2686	2484	
7	1555	95.2	95.0	2	1	0	2	931	1092	1517	2084	2697	3207	3562	3662	3615	3441	3258	3033	2820	2611	2449	2341	2324	2433	2694	2979	3280	3510	3596	3544	3397	3195	3008	2835	2644	2452	2296	2157	
7	1572	95.0	95.0	2	1	0	2	930	1113	1499	2068	2666	3160	3485	3604	3576	3422	3234	3012	2762	2583	2385	2312	2288	2407	2680	2961	3272	3431	3530	3511	3374	3183	2984	2784	2603	2435	2265	2125	
7	1633	59.8	60.2	2	1	1	2	1012	1395	2188	3348	4580	5591	6080	6221	5962	5696	5169	4783	4262	3820	3455	3194	3054	3089	3338	3658	4066	4294	4443	4392	4200	3917	3605	3322	3056	2825	2603	2441	
7	1650	60.0	60.0	2	1	1	2	1005	1411	2173	3375	4612	5597	6102	6251	5998	5644	5192	4814	4277	3871	3438	3209	3041	3136	3348	3713	4077	4356	4491	4358	4179	3965	3616	3361	3097	2834	2633	2454	
7	1667	59.9	60.0	2	1	1	2	1001	1394	2219	3328	4594	5548	6146	6267	6004	5672	5210	4809	4292	3902	3457	3188	3050	3099	3338	3670	4136	4346	4454	4406	4188	3955	3603	3325	3086	2836	2629	2431	
7	1685	60.0	60.0	2	1	1	2	1015	1393	2213	3373	4636	5609	6132	6283	6066	5684	5226	4751	4321	3881	3467	3247	3066	3108	3396	3709	4106	4321	4434	4408	4233	3952	3646	3360	3084	2840	2648	2452	
7	1702	59.9	60.0	2	1	1	2	1012	1398	2214	3343	4574	5575	6077	6212	5982	5645	5192	4761	4293	3865	3452	3206	3057	3069	3323	3676	4084	4303	4431	4370	4155	3912	3636	3328	3079	2837	2606	2462	
7	1719	59.9	60.0	2	1	1	2	1016	1409	2187	3336	4588	5591	6095	6226	5990	5722	5179	4741	4277	3857	3462	3210	3035	3121	3314	3717	4103	4308	4479	4367	4219	3905	3600	3323	3093	2839	2645	2394	
7	1736	60.0	60.0	2	1	1	2	1024	1399	2213	3367	4634	5580	6144	6269	5994	5666	5209	4720	4273	3885	3436	3201	3067	3097	3338	3672	4105	4330	4468	4383	4211	3935	3629	3326	3062	2836	2642	2459	
7	1799	95.0	95.0	3	1	0	2	942	1124	1495	2057	2720	3209	3550	3661	3600	3490	3269	3046	2827	2613	2403	2303	2320	2419	2672	2983	3306	3451	3541	3532	3377	3205	3002	2784	2614	2450	2285	2140	
7	1816	95.0	95.0	3	1	0	2	926	1113	1487	2019	2656	3201	3492	3615	3595	3471	3234	3033	2800	2608	2373	2326	2309	2440	2681	2971	3267	3458	3514	3465	3384	3214	2986	2828	2596	2411	2264	2128	
7	1877	59.8	60.2	3	1	1	2	1022	1391	2181	3345	4576	5533	6098	6197	5970	5652	5212	4749	4248	3864	3452	3207	3051	3111	3321	3698	4064	4321	4443	4360	4196	3945	3585	3314	3076	2836	2637	2414	
7	1894	59.9	60.0	3	1	1	2	1006	1400	2166	3381	4596	5572	6081	6105	5975	5674	5168	4670	4249	3845	3471	3189	3050	3112	3327	3658	4040	4294	4395	4341	4187	3878	3592	3339	3097	2786	2613	2428	
7	1911	60.0	60.0	3	1	1	2	1025	1399	2193	3351	4588	5518	6093	6253	6019	5633	5176	4776	4317	3872	3479	3201	3040	3093	3339	3689	4084	4329	4433	4396	4214	3891	3598	3323	3067	2803	2632	2440	
7	1929	59.9	60.0	3	1	1	2	1025	1400	2182	3363	4583	5583	6110	6208	6037	5623	5185	4785	4293	3884	3443	3198	3041	3087	3322	3656	4023	4295	4450	4314	4190	3930	3613	3352	3058	2808	2613	2423	
7	1946	60.0	60.0	3	1	1	2	1015	1408	2217	3376	4614	5588	6124	6247	5999	5647	5230	4712	4284	3851	3444	3190	3059	3071	3345	3700	4091	4291	4410	4337	4147	3928	3604	3327	3077	2830	2622	2447	
7	1963	60.0	60.0	3	1	1	2	1018	1420	2212	3365	4600	5568	6152	6235	6018	5702	5199	4793	4306	3853	3447	3207	3072	3091	3331	3686	4066	4297	4406	4360	4226	3915	3607	3320	3058	2783	2601	2433	
7	1980	60.0	60.0	3	1	1	2	1014	1411	2197	3352	4588	5582	6132	6247	6009	5702	5228	4764	4321	3874	3436	3211	3054	3092	3362	3661	4087	4294	4429	4391	4181	3938	3612	3326	3091	2836	2615	2452	
7	2045	95.0	95.1	4	1	0	2	929	1112	1495	2076	2696	3179	3524	3584	3588	3463	3237	3024	2788	2571	2416	2310	2303	2427	2685	2927	3289	3455	3540	3505	3378	3173	2987	2807	2593	2396	2280	2096	
7	2062	95.0	95.0	4	1	0	2	930	1112	1492	2055	2660	3134	3462	3600	3542	3403	3224	2967	2770	2577	2385	2282	2258	2391	2609	2933	3215	3446	3525	3480	3325	3146	2935	2749	2596	2404	2277	2113	
7	2125	59.8	60.1	4	1	1	2	999	1380	2202	3344	4564	5541	6044	6186	5967	5645	5196	4725	4260	3865	3428	3188	3106	3073	3329	3642	4025	4317	4403	4339	4180	3888	3617	3323	3058	2810	2609	2419	
7	2142	59.9	60.0	4	1	1	2	1009	1389	2215	3348	4567	5536	6019	6164	5971	5631	5145	4764	4269	3875	3410	3214	3020	3075	3319	3648	4011	4277	4472	4335	4110	3893	3605	3331	3052	2810	2606	2433	
7	2160	59.9	60.0	4	1	1	2	1000	1400	2210	3350	4601	5556	6087	6182	5928	5664	5233	4716	4296	3846	3451	3175	3047	3072	3327	3633	4032	4314	4407	4399	4142	3890	3615	3336	3033	2797	2607	2458	
7	2177	59.9	60.0	4	1	1	2	1015	1392	2214	3344	4610	5534	6102	6234	5966	5666	5253	4749	4283	3845	3453	3213	3063	3084	3321	3657	4028	4330	4446	4354	4181	3914	3649	3322	3092	2810	2605	2412	
7	2194	59.9	60.0	4	1	1	2	1008	1397	2209	3317	4566	5542	6054	6245	5990	5657	5160	4721	4264	3852	3445	3180	3027	3068	3342	3603	4076	4280	4411	4372	4185	3899	3599	3322	3048	2807	2604	2435	
7	2211	60.0	60.0	4	1	1	2	1023	1394	2196	3332	4590	5539	6048	6247	5978	5688	5253	4763	4261	3840	3474	3197	3035	3073	3322	3636	4060	4279	4409	4337	4162	3924	3607	3287	3048	2802	2626	2416	
7	2229	60.0	60.0	4	1	1	2	1022	1384	2182	3368	4557	5553	6069	6171	5970	5648	5131	4725	4249	3817	3394	3183	3025	3036	3323	3634	4048	4269	4432	4351	4132	3939	3601	3333	3034	2812	2597	2406	
7	2291	95.2	95.0	5	1	0	2	918	1111	1490	2072	2688	3186	3516	3604	3546	3434	3272	3020	2776	2565	2399	2309	2282	2438	2650	2933	3263	3496	3540	3464	3386	3178	2947	2813	2603	2430	2266	2146	
7	2308	95.0	95.0	5	1	0	2	945	1106	1494	2060	2686	3164	3450	3610	3547	3428	3241	2995	2758	2568	2366	2312	2304	2401	2646	2939	3240	3390	3529	3494	3311	3154	2952	2780	2567	2395	2260	2099	
7	2371	59.7	60.1	5	1	1	2	1008	1377	2206	3302	4540	5481	6056	6190	5919	5609	5136	4741	4258	3810	3405	3191	3008	3068	3280	3666	4017	4281	4457	4358	4134	3877	3608	3326	3051	2795	2602	2421	
7	2388	59.9	60.0	5	1	1	2	1000	1372	2191	3323	4582	5492	6024	6132	5879	5625	5153	4724	4222	3873	3416	3158	3018	3029	3300	3601	4039	4254	4373	4291	4154	3869	3586	3292	3046	2810	2580	2383	
7	2406	59.9	60.0	5	1	1	2	1008	1427	2188	3348	4609	5517	6095	6158	5990	5661	5161	4746	4251	3860	3414	3184	3004	3063	3311	3639	4034	4280	4394	4364	4166	3909	3560	3284	3048	2799	2633	2421	
7	2423	60.0	60.0	5	1	1	2	1013	1375	2195	3367	4615	5569	6057	6191	6006	5649	5182	4755	4277	3830	3437	3199	3044	3097	3321	3654	4026	4278	4367	4326	4196	3912	3573	3338	3036	2807	2642	2413	
7	2440	60.0	60.0	5	1	1	2	1005	1413	2216	3336	4567	5532	6028	6128	5947	5626	5171	4674	4231	3833	3427	3146	3036	3063	3312	3624	4037	4261	4325	4322	4147	3886	3569	3297	3028	2795	2600	2386	
7	2457	59.9	60.0	5	1	1	2	1019	1398	2200	3353	4564	5544	6065	6157	5959	5639	5137	4771	4275	3858	3426	3205	3041	3051	3309	3643	4042	4304	4392	4332	4136	3895	3583	3318	3074	2799	2601	2424	
7	2475	60.0	60.0	5	1	1	2	1018	1401	2197	3355	4560	5553	6077	6178	5951	5623	5189	4673	4256	3819	3421	3167	3033	3063	3337	3626	4008	4243	4393	4317	4131	3871	3536	3313	3055	2790	2581	2417	
7	2539	95.1	95.1	6	1	0	2	916	1110	1501	2051	2653	3154	3482	3584	3537	3423	3233	3010	2784	2551	2382	2300	2289	2404	2670	2928	3236	3419	3508	3462	3326	3138	2962	2755	2578	2412	2270	2107	
7	2556	95.0	95.0	6	1	0	2	925	1106	1501	2041	2631	3139	3439	3607	3530	3424	3218	2946	2746	2533	2348	2278	2273	2401	2624	2916	3231	3408	3497	3472	3318	3170	2928	2744	2589	2396	2256	2090	
7	2619	59.7	60.1	6	1	1	2	989	1395	2202	3324	4530	5453	6005	6150	5896	5608	5145	4705	4234	3820	3429	3172	3003	3058	3315	3613	4013	4250	4370	4318	4156	3861	3550	3286	3043	2776	2599	2427	
7	2636	60.0	60.0	6	1	1	2	996	1374	2167	3316	4550	5483	6019	6131	5890	5622	5148	4708	4217	3818	3392	3153	3023	3045	3278	3635	4017	4269	4381	4337	4112	3879	3577	3271	3034	2781	2590	2434	
7	2654	60.0	60.0	6	1	1	2	1011	1404	2216	3326	4563	5507	6032	6172	5922	5633	5134	4718	4242	3824	3399	3170	3012	3113	3299	3635	3997	4240	4355	4321	4172	3862	3574	3298	3042	2806	2571	2380	
7	2671	60.0	60.0	6	1	1	2	1041	1383	2207	3352	4536	5474	6026	6145	5944	5586	5139	4728	4236	3830	3406	3151	3028	3088	3296	3636	3985	4243	4319	4299	4129	3878	3579	3296	3037	2789	2598	2410	
7	2688	60.0	60.0	6	1	1	2	1025	1381	2184	3334	4547	5514	6059	6148	5951	5644	5142	4694	4273	3824	3391	3145	3012	3029	3285	3635	4011	4252	4386	4315	4110	3857	3549	3293	3033	2782	2595	2428	
7	2705	59.9	60.0	6	1	1	2	1024	1375	2160	3341	4573	5538	6020	6165	5942	5580	5175	4684	4227	3798	3434	3150	3017	3044	3281	3652	4006	4264	4356	4285	4138	3881	3593	3283	3021	2791	2602	2379	
7	2723	60.0	60.0	6	1	1	2	1016	1392	2201	3321	4540	5566	5999	6145	5930	5564	5165	4696	4248	3848	3428	3188	3015	3034	3309	3644	4026	4277	4393	4291	4147	3869	3585	3312	3064	2777	2615	2421	
7	2787	95.0	95.1	7	1	0	2	932	1103	1519	2065	2699	3178	3506	3588	3557	3420	3205	2982	2773	2576	2384	2303	2276	2396	2651	2941	3186	3402	3486	3426	3309	3102	2915	2757	2552	2413	2261	2073	
7	2804	95.0	95.0	7	1	0	2	924	1112	1484	2037	2634	3142	3460	3554	3525	3409	3201	2976	2754	2542	2335	2290	2280	2381	2606	2925	3129	3393	3495	3417	3296	3140	2939	2752	2558	2379	2253	2110	
7	2867	59.8	60.1	7	1	1	2	1006	1394	2177	3293	4540	5470	5967	6142	5937	5563	5093	4689	4236	3784	3389	3140	3018	3048	3282	3613	4027	4251	4340	4268	4088	3896	3542	3273	3049	2787	2584	2379	
7	2885	60.0	60.0	7	1	1	2	1005	1380	2182	3320	4536	5496	6007	6130	5902	5598	5122	4704	4188	3816	3414	3193	3036	3027	3267	3655	3993	4242	4390	4290	4106	3878	3583	3262	3021	2770	2580	2405	
7	2902	60.0	60.0	7	1	1	2	1012	1408	2186	3321	4520	5500	5991	6144	5908	5594	5119	4696	4207	3814	3393	3127	3019	3056	3296	3612	4005	4250	4353	4272	4119	3881	3508	3292	3026	2798	2594	2368	
7	2919	59.9	60.0	7	1	1	2	1015	1415	2182	3316	4548	5518	6044	6173	5939	5600	5168	4742	4213	3820	3422	3166	3021	3052	3312	3638	3998	4267	4314	4343	4095	3851	3544	3304	3022	2810	2592	2370	
7	2936	60.0	60.0	7	1	1	2	1005	1396	2161	3320	4492	5468	5969	6103	5917	5598	5138	4702	4243	3781	3406	3173	2994	3021	3293	3589	3969	4243	4388	4273	4107	3845	3555	3257	3027	2760	2566	2412	
7	2954	59.9	60.0	7	1	1	2	983	1409	2188	3318	4520	5485	5972	6112	5900	5580	5109	4701	4207	3809	3386	3157	2972	3047	3287	3624	4000	4240	4360	4301	4118	3841	3502	3274	3019	2784	2575	2401	
7	2971	60.0	60.0	7	1	1	2	1005	1386	2192	3347	4526	5486	6031	6083	5917	5566	5104	4707	4219	3793	3427	3160	3006	3009	3292	3617	3960	4244	4340	4298	4116	3821	3577	3241	3017	2785	2576	2374	
7	3035	95.1	95.1	8	1	0	2	922	1119	1503	2060	2648	3140	3451	3553	3507	3395	3219	3005	2744	2568	2387	2266	2257	2379	2645	2910	3238	3376	3489	3408	3333	3136	2936	2742	2570	2360	2267	2104	
7	3053	95.0	95.0	8	1	0	2	914	1115	1487	2027	2652	3126	3465	3538	3504	3396	3186	2995	2761	2546	2378	2271	2263	2387	2589	2884	3160	3405	3474	3451	3265	3132	2919	2707	2551	2392	2248	2105	
7	3115	59.8	60.1	8	1	1	2	988	1370	2160	3272	4504	5432	5928	6099	5856	5480	5024	4648	4143	3776	3391	3148	2954	3029	3266	3568	3961	4206	4362	4243	4075	3827	3517	3232	3023	2774	2579	2384	
7	3133	59.9	60.0	8	1	1	2	1008	1391	2156	3277	4513	5474	5951	6103	5880	5582	5094	4690	4214	3778	3417	3181	2952	3049	3287	3645	3976	4222	4321	4306	4112	3838	3554	3282	3028	2780	2567	2393	
7	3150	59.9	60.0	8	1	1	2	1017	1386	2181	3313	4533	5489	5967	6084	5899	5584	5108	4673	4203	3778	3368	3150	3007	3034	3249	3599	3991	4211	4336	4313	4084	3811	3514	3246	3015	2782	2581	2426	
7	3167	60.0	60.0	8	1	1	2	1023	1369	2157	3304	4570	5511	6000	6079	5892	5581	5144	4684	4213	3839	3383	3152	3004	3047	3273	3585	3997	4240	4398	4259	4099	3866	3544	3264	3006	2807	2603	2410	
7	3184	60.0	60.0	8	1	1	2	1027	1384	2150	3293	4520	5480	5988	6053	5900	5563	5094	4628	4198	3843	3373	3148	2975	3047	3317	3577	3975	4208	4337	4253	4058	3815	3529	3268	3039	2759	2591	2376	
7	3202	60.0	60.0	8	1	1	2	1011	1390	2160	3296	4491	5429	5988	6062	5886	5517	5100	4668	4246	3817	3390	3128	2986	3014	3274	3585	3954	4216	4324	4299	4061	3817	3549	3267	2983	2764	2592	2390	
7	3219	60.0	60.0	8	1	1	2	1001	1374	2159	3310	4542	5471	5989	6122	5829	5567	5132	4660	4209	3795	3393	3140	2996	3003	3275	3602	3961	4240	4335	4277	4074	3854	3531	3266	3003	2765	2565	2377	
7	3281	95.0	95.0	9	1	0	2	926	1119	1489	2030	2634	3129	3434	3548	3533	3408	3200	2938	2736	2555	2350	2282	2265	2363	2622	2896	3201	3365	3476	3394	3286	3147	2895	2722	2549	2379	2238	2077	
7	3299	95.0	95.0	9	1	0	2	945	1097	1481	2026	2602	3144	3420	3542	3531	3366	3156	2962	2742	2535	2334	2274	2237	2372	2617	2916	3222	3402	3486	3388	3267	3119	2889	2720	2548	2354	2259	2074	
7	3361	59.9	60.1	9	1	1	2	1001	1370	2156	3284	4470	5381	5909	6044	5856	5534	5077	4627	4204	3757	3356	3145	2956	3024	3260	3590	3976	4205	4328	4252	4041	3765	3521	3248	2992	2776	2535	2369	
7	3379	60.0	60.0	9	1	1	2	1000	1389	2122	3275	4462	5439	5905	6016	5840	5483	5064	4624	4187	3727	3360	3115	2969	3028	3249	3538	3944	4201	4300	4228	4033	3779	3477	3241	3005	2762	2565	2383	
7	3396	60.0	60.0	9	1	1	2	1006	1380	2185	3265	4464	5499	5956	6021	5828	5516	5056	4632	4184	3810	3380	3146	2961	3023	3288	3594	3953	4198	4304	4260	4079	3856	3503	3250	3026	2722	2559	2389	
7	3413	60.0	60.0	9	1	1	2	1019	1382	2173	3291	4536	5447	5949	6057	5849	5536	5059	4692	4185	3786	3377	3139	2976	3039	3268	3582	3942	4226	4339	4265	4091	3832	3504	3255	2994	2765	2566	2359	
7	3430	60.0	60.0	9	1	1	2	1014	1380	2166	3273	4500	5413	5906	6051	5831	5537	5006	4640	4155	3759	3385	3124	2969	2981	3269	3548	3952	4189	4346	4216	4075	3772	3495	3211	3018	2747	2527	2380	
7	3448	60.0	60.0	9	1	1	2	1000	1376	2181	3262	4517	5462	5980	6099	5847	5541	5081	4686	4189	3798	3352	3134	2983	3042	3262	3561	3959	4183	4312	4235	4045	3821	3502	3237	3009	2729	2573	2355	
7	3465	60.0	60.0	9	1	1	2	1020	1392	2170	3273	4526	5410	5917	6046	5825	5547	5049	4654	4193	3744	3390	3112	2973	3014	3253	3606	3951	4185	4325	4199	4064	3786	3522	3212	2981	2764	2553	2385	
7	3530	95.1	95.1	10	1	0	2	916	1115	1483	2015	2605	3106	3437	3542	3492	3368	3171	2948	2732	2517	2345	2258	2246	2376	2584	2859	3197	3324	3436	3414	3270	3117	2880	2705	2529	2380	2227	2089	
7	3547	95.0	95.0	10	1	0	2	916	1102	1484	2014	2601	3101	3398	3493	3469	3342	3181	2874	2704	2534	2329	2226	2240	2336	2574	2882	3158	3340	3426	3384	3253	3062	2868	2698	2526	2357	2201	2081	
7	3610	59.8	60.1	10	1	1	2	1003	1380	2157	3204	4426	5400	5840	5998	5782	5470	5047	4589	4141	3730	3335	3101	2932	2994	3226	3553	3959	4116	4311	4206	4042	3806	3514	3251	2994	2746	2567	2349	
7	3627	59.9	60.0	10	1	1	2	994	1381	2151	3259	4466	5368	5896	5982	5800	5539	5019	4576	4158	3741	3329	3115	2967	3006	3223	3544	3908	4165	4288	4216	4039	3754	3494	3180	2964	2742	2533	2381	
7	3644	60.0	60.0	10	1	1	2	1007	1390	2191	3278	4449	5399	5919	5966	5785	5492	5054	4615	4164	3748	3371	3111	2964	3002	3262	3484	3919	4155	4291	4233	4060	3789	3487	3236	2972	2726	2558	2372	
7	3661	59.9	60.0	10	1	1	2	1017	1384	2169	3250	4466	5418	5919	6024	5830	5521	5053	4603	4142	3762	3389	3098	2962	3009	3219	3548	3968	4176	4320	4195	4038	3781	3536	3237	2995	2734	2509	2375	
7	3679	59.9	60.0	10	1	1	2	1003	1369	2149	3266	4453	5373	5896	5970	5803	5450	5005	4601	4114	3719	3353	3096	2943	2987	3245	3542	3914	4165	4273	4262	4050	3815	3519	3198	2999	2753	2540	2365	
7	3696	60.0	60.0	10	1	1	2	1006	1383	2182	3256	4515	5376	5908	6016	5832	5495	5023	4596	4106	3734	3373	3130	2965	2993	3245	3531	3946	4184	4285	4230	4055	3809	3475	3235	2995	2743	2527	2339	
7	3713	59.9	60.0	10	1	1	2	998	1379	2126	3235	4448	5336	5856	5969	5776	5435	5035	4575	4154	3712	3342	3089	2945	2971	3224	3528	3930	4172	4272	4175	4039	3777	3500	3214	2955	2730	2499	2372	
7	3778	95.1	95.1	11	1	0	2	914	1095	1488	2019	2623	3109	3404	3519	3493	3358	3191	2951	2745	2540	2355	2248	2222	2349	2598	2883	3133	3372	3421	3375	3275	3106	2881	2706	2525	2336	2209	2084	
7	3795	95.0	95.0	11	1	0	2	925	1097	1482	2001	2599	3086	3370	3539	3436	3351	3136	2916	2694	2493	2313	2227	2254	2356	2622	2859	3181	3310	3408	3366	3237	3064	2874	2681	2510	2333	2235	2103	
7	3858	59.8	60.1	11	1	1	2	1008	1408	2116	3263	4404	5389	5835	6004	5741	5460	4989	4533	4153	3684	3319	3066	2929	2958	3268	3521	3882	4155	4243	4215	3959	3775	3476	3190	2963	2685	2508	2366	
7	3875	59.9	60.0	11	1	1	2	1000	1378	2128	3210	4414	5343	5838	5943	5742	5442	4981	4545	4104	3721	3308	3048	2959	2969	3226	3527	3878	4142	4276	4185	4037	3736	3470	3207	2967	2735	2523	2358	
7	3892	59.9	60.0	11	1	1	2	1000	1383	2143	3269	4457	5339	5860	5996	5786	5436	5059	4607	4121	3752	3344	3093	2966	2980	3212	3550	3913	4168	4288	4193	4015	3754	3500	3190	2951	2724	2538	2358	
7	3909	60.0	60.0	11	1	1	2	1026	1385	2139	3268	4475	5382	5914	5957	5775	5440	5005	4606	4132	3725	3341	3115	2981	2986	3199	3552	3897	4158	4252	4178	3988	3788	3498	3199	2989	2730	2522	2330	
7	3927	60.0	60.0	11	1	1	2	1007	1357	2159	3292	4484	5367	5888	6016	5810	5444	5047	4594	4130	3718	3310	3108	2958	2998	3229	3532	3927	4167	4232	4213	4038	3786	3500	3222	2945	2713	2548	2336	
7	3944	60.0	60.0	11	1	1	2	994	1374	2158	3226	4417	5306	5861	5964	5745	5461	5018	4585	4143	3775	3341	3118	2959	2968	3196	3535	3891	4158	4283	4207	3998	3790	3416	3176	2999	2709	2525	2333	
7	3961	60.0	60.0	11	1	1	2	998	1391	2143	3262	4421	5393	5871	5976	5754	5472	4996	4615	4139	3736	3333	3124	2942	2971	3225	3516	3914	4135	4252	4194	4030	3793	3493	3206	2962	2727	2540	2356	
7	4024	95.1	95.0	12	1	0	2	937	1094	1476	2004	2594	3082	3407	3496	3439	3366	3145	2946	2682	2524	2332	2255	2228	2346	2553	2872	3170	3331	3418	3346	3263	3089	2899	2714	2532	2360	2204	2080	
7	4041	95.0	95.0	12	1	0	2	908	1098	1456	2009	2601	3081	3375	3504	3440	3317	3140	2936	2695	2518	2312	2239	2246	2349	2567	2863	3151	3327	3402	3352	3241	3058	2861	2664	2522	2354	2177	2051	
7	4104	59.9	60.1	12	1	1	2	999	1368	2136	3236	4448	5301	5823	5970	5756	5418	5009	4560	4117	3701	3320	3112	2935	2975	3262	3545	3895	4143	4237	4175	4009	3792	3462	3196	2982	2707	2534	2350	
7	4121	59.9	60.0	12	1	1	2	1001	1386	2134	3244	4464	5326	5845	6011	5767	5416	5005	4591	4113	3726	3337	3079	2913	2980	3178	3515	3883	4124	4268	4193	4044	3771	3486	3212	2962	2728	2524	2348	
7	4138	60.0	60.0	12	1	1	2	1011	1373	2139	3234	4401	5351	5884	5947	5793	5465	5018	4540	4132	3706	3343	3055	2952	3001	3194	3517	3896	4164	4245	4162	3996	3728	3453	3194	2971	2727	2525	2347	
7	4155	60.0	60.0	12	1	1	2	1028	1384	2149	3251	4422	5335	5828	5959	5782	5448	5012	4583	4071	3728	3335	3109	2925	2970	3207	3494	3903	4160	4241	4215	4024	3752	3468	3190	2967	2715	2528	2352	
7	4173	59.9	60.0	12	1	1	2	1018	1377	2165	3240	4464	5379	5876	5965	5736	5441	4988	4548	4122	3756	3295	3072	2961	2953	3202	3514	3930	4136	4267	4226	4036	3758	3495	3188	2959	2737	2533	2379	
7	4190	60.0	60.0	12	1	1	2	1025	1364	2140	3263	4412	5317	5836	5930	5708	5440	4987	4537	4113	3696	3306	3042	2921	2980	3238	3518	3868	4127	4229	4163	3984	3761	3434	3213	2965	2718	2539	2360	
7	4207	60.0	60.0	12	1	1	2	1024	1375	2125	3241	4418	5331	5847	5944	5717	5433	4977	4528	4065	3698	3287	3061	2934	2974	3205	3502	3910	4156	4234	4180	4023	3758	3465	3190	2970	2678	2505	2341	
7	4269	95.0	95.0	13	1	0	2	914	1106	1500	2008	2622	3091	3387	3498	3459	3339	3145	2947	2699	2500	2357	2242	2258	2334	2569	2844	3142	3340	3422	3344	3251	3096	2884	2705	2510	2343	2200	2092	
7	4286	95.0	95.0	13	1	0	2	929	1107	1484	2009	2594	3098	3384	3511	3435	3317	3132	2925	2701	2499	2333	2242	2242	2349	2583	2849	3149	3308	3414	3374	3262	3069	2855	2698	2499	2337	2212	2052	
7	4349	59.8	60.1	13	1	1	2	1022	1364	2123	3243	4401	5323	5814	5895	5734	5407	4984	4499	4119	3693	3309	3097	2930	2966	3210	3506	3915	4106	4211	4165	4027	3788	3460	3160	2962	2684	2504	2349	
7	4366	59.9	60.0	13	1	1	2	1005	1375	2115	3252	4395	5381	5856	5928	5713	5413	4987	4546	4117	3740	3297	3099	2966	2940	3188	3511	3923	4136	4224	4163	4027	3756	3450	3247	2975	2715	2505	2345	
7	4383	59.9	60.0	13	1	1	2	1014	1378	2129	3249	4444	5356	5839	5919	5717	5391	4997	4582	4114	3723	3307	3072	2960	2946	3212	3508	3896	4121	4228	4180	3987	3755	3493	3200	2979	2716	2481	2382	
7	4401	60.0	60.0	13	1	1	2	1010	1373	2167	3228	4465	5384	5871	5955	5794	5437	5041	4544	4118	3727	3321	3100	2936	2956	3220	3525	3860	4121	4289	4183	4023	3777	3477	3215	2973	2720	2542	2339	
7	4418	60.0	60.0	13	1	1	2	1000	1381	2140	3234	4362	5310	5870	5908	5748	5410	4967	4584	4113	3697	3306	3084	2917	2962	3193	3527	3880	4100	4205	4183	3988	3737	3420	3184	2889	2725	2540	2346	
7	4435	60.0	60.0	13	1	1	2	1007	1354	2140	3259	4418	5322	5899	5988	5765	5446	5038	4550	4102	3693	3294	3089	2952	2969	3205	3548	3883	4134	4244	4196	3974	3766	3448	3213	2954	2713	2539	2349	
7	4452	60.0	60.0	13	1	1	2	1001	1382	2143	3274	4413	5373	5842	5981	5770	5433	4990	4585	4115	3710	3311	3060	2929	2985	3219	3506	3887	4128	4229	4153	3996	3767	3489	3197	2973	2707	2553	2339	
7	4515	95.0	95.0	14	1	0	2	918	1091	1463	2018	2599	3071	3369	3515	3437	3326	3150	2909	2701	2518	2298	2224	2245	2348	2547	2858	3139	3309	3414	3341	3216	3055	2835	2694	2515	2374	2182	2053	
7	4532	95.0	95.0	14	1	0	2	932	1068	1464	2013	2580	3074	3357	3469	3442	3291	3105	2877	2710	2473	2306	2229	2243	2317	2550	2828	3140	3298	3383	3352	3188	3052	2862	2668	2498	2321	2194	2051	
7	4595	59.9	60.1	14	1	1	2	1003	1355	2120	3223	4430	5315	5805	5870	5668	5423	4985	4526	4088	3681	3276	3056	2946	2974	3176	3498	3877	4074	4210	4176	3993	3767	3448	3177	2966	2686	2512	2327	
7	4612	59.9	60.0	14	1	1	2	998	1386	2127	3178	4409	5328	5767	5926	5728	5412	4974	4534	4046	3700	3307	3051	2913	2981	3199	3528	3885	4096	4220	4168	3988	3735	3442	3188	2940	2689	2530	2328	
7	4630	60.0	60.0	14	1	1	2	1001	1376	2144	3226	4442	5361	5842	5899	5732	5417	4997	4558	4111	3724	3336	3097	2923	2936	3188	3501	3903	4092	4230	4143	4036	3774	3469	3202	2950	2702	2524	2311	
7	4647	60.0	60.0	14	1	1	2	1001	1383	2136	3226	4397	5312	5823	5921	5729	5388	4926	4566	4109	3712	3323	3052	2930	2968	3206	3517	3853	4149	4193	4177	3984	3763	3445	3156	2958	2688	2538	2339	
7	4664	60.0	60.0	14	1	1	2	1040	1363	2124	3216	4406	5292	5777	5911	5720	5407	4937	4525	4076	3738	3307	3046	2912	2937	3156	3523	3862	4081	4203	4162	3984	3725	3433	3175	2933	2706	2527	2360	
7	4681	60.0	60.0	14	1	1	2	997	1379	2149	3239	4428	5305	5811	5953	5720	5429	4973	4579	4094	3692	3291	3074	2935	2988	3208	3504	3903	4135	4208	4154	4029	3753	3403	3176	2951	2723	2511	2353	
7	4699	60.0	60.0	14	1	1	2	996	1377	2138	3249	4411	5316	5808	5960	5748	5452	4987	4504	4066	3696	3284	3060	2927	2966	3206	3506	3894	4123	4231	4138	3977	3753	3456	3192	2955	2689	2523	2376	
7	4763	95.1	95.1	15	1	0	2	922	1113	1469	1984	2599	3047	3387	3473	3402	3310	3117	2958	2685	2483	2285	2220	2219	2356	2560	2817	3112	3342	3361	3321	3208	3052	2872	2650	2491	2345	2170	2076	
7	4780	95.0	95.0	15	1	0	2	916	1089	1473	1994	2572	3069	3327	3473	3430	3306	3100	2921	2661	2476	2332	2245	2203	2296	2577	2825	3094	3271	3396	3331	3194	2993	2846	2654	2502	2327	2151	2060	
7	4843	59.8	60.1	15	1	1	2	1004	1383	2106	3195	4340	5268	5751	5919	5701	5397	4908	4501	4058	3685	3316	3067	2934	2960	3204	3499	3876	4085	4200	4161	3958	3735	3412	3185	2933	2728	2522	2327	
7	4860	59.9	60.0	15	1	1	2	1007	1380	2130	3209	4399	5267	5813	5895	5738	5366	4965	4516	4094	3702	3292	3045	2909	2973	3200	3491	3860	4108	4204	4117	3988	3752	3454	3159	2921	2690	2503	2314	
7	4878	59.9	60.0	15	1	1	2	992	1384	2131	3251	4425	5323	5792	5881	5691	5426	4979	4534	4060	3683	3316	3079	2931	2942	3172	3507	3860	4112	4244	4153	3960	3705	3440	3209	2911	2693	2518	2310	
7	4895	59.9	60.0	15	1	1	2	994	1368	2113	3184	4376	5271	5769	5960	5695	5386	4977	4539	4079	3690	3286	3069	2936	2935	3182	3490	3880	4086	4207	4139	4020	3718	3420	3179	2923	2692	2504	2324	
7	4912	60.0	60.0	15	1	1	2	981	1355	2124	3187	4426	5270	5770	5879	5720	5352	4927	4567	4050	3656	3298	3063	2891	2952	3176	3473	3876	4074	4248	4188	3956	3714	3427	3196	2876	2685	2496	2325	
7	4929	59.9	60.0	15	1	1	2	996	1391	2116	3209	4377	5319	5778	5891	5696	5374	4968	4544	4078	3672	3244	3070	2920	2954	3171	3510	3840	4099	4155	4146	3980	3725	3451	3155	2929	2718	2503	2329	
7	4947	60.0	60.0	15	1	1	2	998	1349	2108	3226	4362	5335	5774	5921	5707	5377	4941	4524	4054	3683	3287	3074	2900	2920	3171	3484	3871	4069	4180	4144	3945	3715	3454	3158	2917	2670	2523	2328	
7	5011	95.0	95.1	16	1	0	2	924	1091	1467	2004	2560	3067	3379	3494	3421	3297	3108	2892	2670	2488	2318	2227	2195	2325	2548	2804	3108	3296	3372	3335	3198	3064	2852	2629	2510	2330	2180	2049	
7	5028	95.0	95.0	16	1	0	2	928	1098	1479	1974	2582	3058	3344	3450	3405	3314	3059	2891	2692	2488	2271	2210	2220	2330	2552	2819	3110	3277	3348	3324	3180	3018	2833	2644	2478	2300	2190	2037	
7	5091	59.8	60.1	16	1	1	2	1020	1357	2130	3194	4342	5261	5722	5846	5644	5333	4907	4487	4053	3626	3244	3038	2894	2928	3175	3481	3823	4080	4189	4110	3947	3717	3419	3181	2918	2677	2493	2332	
7	5108	60.0	60.0	16	1	1	2	996	1369	2097	3193	4352	5224	5789	5864	5663	5347	4920	4507	4051	3651	3284	3061	2896	2936	3135	3483	3815	4081	4190	4104	3941	3699	3395	3144	2919	2709	2496	2314	
7	5126	60.0	60.0	16	1	1	2	997	1379	2133	3245	4383	5260	5801	5909	5687	5386	4943	4521	4043	3676	3291	3068	2861	2976	3197	3496	3834	4105	4183	4122	3972	3698	3429	3195	2925	2704	2513	2317	
7	5143	60.0	60.0	16	1	1	2	1008	1377	2137	3221	4404	5250	5759	5866	5649	5418	4943	4508	4113	3662	3293	3038	2920	2940	3142	3494	3865	4083	4209	4123	3967	3730	3426	3135	2921	2691	2491	2337	
7	5160	60.0	60.0	16	1	1	2	994	1368	2128	3209	4366	5291	5784	5905	5701	5380	4926	4552	4078	3663	3301	3050	2923	2968	3179	3495	3881	4066	4187	4134	3980	3717	3424	3181	2915	2686	2496	2338	
7	5177	59.9	60.0	16	1	1	2	984	1370	2132	3206	4346	5265	5762	5844	5708	5354	4895	4531	4034	3697	3283	3029	2903	2929	3181	3487	3852	4081	4192	4137	3982	3715	3440	3152	2903	2678	2499	2322	
7	5195	60.0	60.0	16	1	1	2	996	1379	2117	3188	4376	5306	5789	5880	5652	5366	4946	4540	4059	3675	3301	3056	2926	2932	3166	3469	3851	4098	4167	4130	3962	3724	3438	3159	2941	2696	2531	2343	
7	5257	95.0	95.0	17	1	0	2	920	1103	1464	2026	2588	3058	3384	3462	3458	3306	3139	2914	2648	2488	2312	2243	2243	2312	2563	2834	3130	3315	3392	3312	3230	3044	2844	2718	2488	2322	2188	2044	
7	5274	95.0	95.0	17	1	0	2	919	1096	1469	1985	2521	3042	3360	3481	3400	3286	3097	2904	2701	2500	2312	2227	2202	2298	2539	2806	3100	3259	3360	3315	3225	3030	2813	2686	2493	2321	2163	2048	
7	5337	59.7	60.1	17	1	1	2	993	1358	2131	3152	4335	5263	5729	5867	5643	5358	4954	4486	4072	3662	3240	3056	2896	2924	3190	3443	3843	4066	4193	4123	3976	3704	3406	3161	2924	2696	2521	2332	
7	5354	60.0	60.0	17	1	1	2	1002	1361	2123	3251	4356	5292	5756	5911	5670	5336	4924	4492	4088	3676	3263	3070	2901	2968	3148	3485	3839	4077	4192	4111	3948	3715	3462	3175	2909	2682	2516	2346	
7	5372	59.9	60.0	17	1	1	2	984	1372	2123	3216	4365	5302	5744	5884	5703	5385	4938	4502	4079	3669	3287	3064	2908	2970	3180	3453	3837	4051	4218	4126	3934	3730	3433	3164	2925	2695	2538	2306	
7	5389	60.0	60.0	17	1	1	2	971	1354	2119	3221	4376	5292	5776	5902	5692	5337	4888	4554	4062	3677	3302	3055	2919	2958	3177	3481	3888	4106	4214	4116	3988	3701	3457	3154	2933	2694	2497	2284	
7	5406	60.0	60.0	17	1	1	2	999	1364	2129	3200	4348	5246	5737	5883	5676	5407	4923	4479	4011	3670	3262	3028	2914	2914	3158	3486	3848	4099	4203	4134	3966	3726	3390	3163	2911	2678	2474	2335	
7	5423	60.0	60.0	17	1	1	2	1015	1365	2114	3192	4382	5288	5728	5822	5659	5323	4914	4508	4069	3645	3291	3059	2914	2953	3136	3501	3874	4041	4178	4109	3952	3716	3401	3146	2911	2670	2488	2304	
7	5441	60.0	60.0	17	1	1	2	1022	1365	2139	3238	4350	5271	5795	5876	5631	5334	4903	4512	4089	3665	3303	3034	2915	2942	3183	3484	3820	4067	4212	4126	3965	3671	3428	3166	2910	2706	2499	2313	
7	5505	95.0	95.1	18	1	0	2	929	1108	1468	1967	2574	3028	3376	3439	3420	3289	3111	2915	2676	2488	2303	2222	2199	2312	2559	2810	3111	3251	3392	3333	3203	3017	2836	2660	2495	2312	2190	2038	
7	5522	95.0	95.0	18	1	0	2	911	1091	1485	1991	2565	3040	3354	3491	3417	3304	3105	2889	2706	2497	2305	2231	2215	2328	2564	2821	3104	3285	3377	3315	3183	3062	2852	2662	2438	2320	2164	2059	
7	5585	59.8	60.1	18	1	1	2	992	1376	2109	3215	4349	5285	5748	5849	5650	5311	4958	4484	4053	3675	3274	3034	2911	2958	3186	3445	3835	4063	4163	4123	3971	3721	3442	3150	2935	2682	2467	2340	
7	5603	59.9	60.0	18	1	1	2	1000	1352	2094	3210	4335	5252	5754	5898	5640	5349	4944	4484	4057	3697	3264	3043	2916	2925	3162	3497	3846	4099	4193	4102	3949	3706	3398	3151	2957	2688	2495	2321	
7	5620	60.0	60.0	18	1	1	2	1006	1368	2127	3208	4393	5252	5808	5889	5665	5324	4928	4508	4058	3672	3280	3089	2909	2929	3141	3464	3857	4117	4189	4157	3993	3710	3429	3160	2899	2678	2530	2320	
7	5637	59.9	60.0	18	1	1	2	996	1360	2136	3232	4365	5259	5768	5891	5693	5317	4927	4499	4080	3645	3280	3097	2908	2965	3200	3483	3843	4075	4200	4119	3955	3714	3424	3117	2940	2691	2502	2318	
7	5654	60.0	60.0	18	1	1	2	1012	1358	2114	3206	4356	5270	5787	5880	5713	5340	4900	4512	4041	3670	3275	3026	2895	2936	3172	3509	3844	4054	4202	4096	3960	3719	3440	3152	2911	2688	2504	2341	
7	5672	60.0	60.0	18	1	1	2	1005	1379	2106	3199	4362	5264	5773	5863	5672	5376	4912	4496	4054	3672	3274	3084	2901	2915	3150	3488	3836	4095	4191	4126	3934	3752	3395	3144	2963	2695	2471	2340	
7	5689	60.0	60.0	18	1	1	2	1009	1369	2125	3194	4355	5254	5792	5914	5683	5381	4997	4504	4058	3678	3225	3062	2916	2917	3157	3488	3831	4049	4169	4105	3933	3753	3398	3159	2906	2697	2486	2323	
7	5753	95.1	95.1	19	1	0	2	914	1100	1462	1996	2575	3051	3332	3500	3438	3296	3114	2884	2685	2494	2288	2219	2214	2312	2575	2842	3080	3292	3371	3315	3197	3043	2855	2668	2501	2290	2163	2058	
7	5771	95.0	95.0	19	1	0	2	916	1085	1454	1993	2553	3039	3335	3454	3415	3301	3059	2881	2649	2464	2271	2205	2204	2297	2532	2785	3070	3271	3346	3285	3196	3030	2826	2635	2479	2305	2186	2047	
7	5833	59.8	60.1	19	1	1	2	1020	1365	2076	3171	4328	5256	5742	5855	5654	5369	4920	4497	4018	3629	3265	3016	2901	2911	3179	3498	3835	4062	4183	4076	3959	3693	3411	3152	2899	2702	2456	2301	
7	5851	59.9	60.0	19	1	1	2	1007	1356	2110	3178	4337	5242	5766	5837	5672	5336	4899	4482	4041	3631	3247	3036	2880	2932	3116	3448	3823	4043	4185	4094	3944	3709	3411	3130	2891	2652	2509	2297	
7	5868	59.9	60.0	19	1	1	2	989	1390	2132	3221	4367	5271	5783	5893	5669	5357	4981	4541	4057	3722	3309	3066	2910	2917	3171	3521	3841	4128	4168	4129	3951	3691	3378	3161	2936	2674	2492	2320	
7	5885	59.9	60.0	19	1	1	2	1010	1370	2146	3214	4399	5310	5759	5834	5631	5351	4900	4504	4078	3632	3276	3034	2921	2932	3158	3452	3833	4072	4247	4142	3969	3746	3428	3179	2919	2644	2468	2289	
7	5902	59.9	60.0	19	1	1	2	1001	1360	2109	3200	4363	5271	5757	5897	5667	5347	4936	4512	4037	3622	3275	3022	2917	2932	3148	3456	3875	4086	4218	4159	3942	3692	3423	3157	2896	2668	2508	2306	
7	5920	60.0	60.0	19	1	1	2	1003	1364	2108	3204	4344	5237	5766	5907	5651	5297	4868	4503	4033	3661	3279	3035	2882	2924	3142	3455	3829	4072	4181	4129	3983	3704	3389	3168	2928	2672	2512	2322	
7	5937	59.9	60.0	19	1	1	2	995	1360	2138	3178	4349	5253	5696	5827	5628	5276	4873	4510	4029	3642	3272	3044	2884	2941	3150	3427	3826	4029	4154	4098	3932	3670	3408	3160	2891	2667	2525	2298	
7	6001	95.1	95.1	20	1	0	2	914	1085	1464	1982	2579	3032	3338	3488	3445	3289	3100	2896	2647	2480	2282	2216	2185	2299	2557	2805	3102	3262	3350	3331	3188	3015	2817	2659	2498	2324	2148	2043	
7	6019	95.0	95.0	20	1	0	2	910	1109	1462	1969	2545	3043	3314	3435	3391	3312	3108	2870	2652	2443	2279	2208	2199	2293	2505	2803	3104	3258	3354	3291	3178	3010	2800	2664	2440	2313	2168	2031	
7	6081	59.7	60.1	20	1	1	2	994	1365	2115	3199	4321	5247	5750	5873	5674	5347	4889	4509	4061	3689	3252	3014	2904	2949	3181	3446	3865	4077	4156	4116	3955	3647	3435	3160	2923	2677	2488	2333	
7	6099	59.9	60.0	20	1	1	2	992	1370	2106	3189	4343	5247	5762	5862	5660	5343	4934	4519	4053	3658	3252	3035	2882	2950	3171	3452	3825	4060	4198	4115	3978	3723	3398	3163	2880	2701	2491	2297	
7	6116	59.9	60.0	20	1	1	2	995	1368	2119	3189	4368	5254	5729	5910	5706	5364	4951	4499	4057	3671	3286	3054	2909	2939	3164	3476	3903	4083	4185	4117	3922	3723	3412	3178	2918	2688	2498	2333	
7	6133	59.9	60.0	20	1	1	2	1004	1367	2121	3194	4359	5296	5760	5806	5682	5336	4951	4544	4061	3675	3245	3032	2908	2919	3146	3476	3808	4101	4201	4157	3950	3715	3444	3158	2913	2687	2485	2336	
7	6150	60.0	60.0	20	1	1	2	1006	1365	2095	3173	4392	5291	5728	5867	5705	5365	4911	4545	4068	3643	3296	3019	2879	2922	3170	3445	3833	4085	4193	4093	3891	3716	3397	3155	2965	2708	2482	2300	
7	6168	59.9	60.0	20	1	1	2	996	1372	2118	3184	4347	5224	5732	5838	5637	5338	4861	4484	4030	3647	3299	3040	2884	2892	3147	3451	3836	4089	4155	4096	3915	3713	3424	3131	2907	2647	2506	2329	
7	6185	60.0	60.0	20	1	1	2	995	1369	2123	3195	4418	5282	5791	5900	5653	5340	4952	4514	4074	3659	3264	3029	2928	2931	3193	3470	3847	4095	4242	4155	3990	3711	3437	3194	2962	2689	2484	2327	
7	6249	95.2	95.1	21	1	0	2	906	1096	1462	1984	2556	3060	3353	3474	3413	3308	3095	2904	2671	2465	2309	2215	2205	2297	2535	2782	3120	3284	3350	3282	3153	2991	2866	2668	2470	2310	2157	2034	
7	6267	95.0	95.0	21	1	0	2	940	1098	1481	1988	2615	3042	3306	3420	3404	3307	3126	2882	2668	2482	2296	2210	2210	2329	2549	2795	3109	3264	3331	3281	3156	3024	2808	2655	2488	2261	2162	2019	
7	6328	59.8	60.2	21	1	1	2	984	1367	2111	3164	4337	5238	5767	5869	5607	5357	4884	4444	4072	3654	3286	3028	2886	2943	3171	3457	3843	4102	4158	4141	3955	3721	3376	3137	2928	2706	2483	2317	
7	6345	60.0	60.0	21	1	1	2	1016	1382	2113	3181	4340	5273	5731	5855	5693	5327	4905	4475	4049	3680	3273	3036	2876	2915	3154	3517	3815	4053	4180	4137	3937	3703	3423	3157	2909	2687	2485	2312	
7	6362	60.0	60.0	21	1	1	2	1004	1360	2117	3222	4389	5256	5776	5879	5712	5386	4944	4474	4065	3647	3291	3039	2896	2937	3173	3488	3841	4096	4226	4119	3991	3716	3449	3181	2940	2672	2518	2326	
7	6379	60.0	60.0	21	1	1	2	996	1367	2127	3192	4340	5287	5731	5897	5708	5328	4904	4520	4067	3669	3260	3026	2880	2910	3180	3461	3852	4064	4199	4111	4003	3698	3394	3160	2896	2688	2514	2329	
7	6397	59.9	60.0	21	1	1	2	1011	1369	2134	3196	4360	5250	5751	5838	5654	5321	4918	4487	4038	3656	3283	3067	2940	2902	3157	3486	3832	4056	4210	4095	3920	3749	3407	3146	2927	2647	2500	2335	
7	6414	60.0	60.0	21	1	1	2	1004	1366	2136	3190	4355	5280	5754	5894	5680	5333	4896	4527	4052	3654	3278	3041	2922	2909	3164	3491	3814	4050	4185	4122	3949	3708	3394	3141	2923	2656	2519	2322	
7	6431	60.0	60.0	21	1	1	2	994	1380	2120	3192	4373	5220	5754	5838	5683	5346	4903	4466	4035	3667	3254	3059	2907	2915	3172	3460	3839	4067	4179	4124	3985	3724	3403	3163	2925	2697	2512	2312	
7	6494	95.1	95.0	22	1	0	2	912	1094	1483	2013	2559	3073	3350	3478	3366	3316	3115	2902	2697	2522	2311	2226	2215	2321	2555	2831	3115	3287	3374	3313	3223	3047	2843	2643	2494	2292	2169	2029	
7	6511	95.0	95.0	22	1	0	2	916	1103	1453	1990	2559	3043	3320	3466	3397	3307	3084	2909	2657	2480	2320	2218	2180	2302	2571	2809	3105	3295	3344	3333	3200	3017	2832	2657	2482	2308	2152	2020	
7	6574	59.8	60.1	22	1	1	2	1000	1349	2120	3200	4338	5218	5721	5822	5599	5304	4881	4496	4028	3646	3253	3032	2890	2936	3149	3470	3824	4071	4180	4100	3941	3688	3405	3136	2898	2654	2511	2302	
7	6591	59.9	60.0	22	1	1	2	1008	1358	2104	3159	4345	5254	5730	5851	5640	5326	4916	4496	4038	3650	3296	3027	2872	2910	3160	3452	3823	4070	4171	4089	3937	3674	3384	3142	2900	2664	2521	2321	
7	6608	59.9	60.0	22	1	1	2	992	1366	2134	3200	4396	5281	5760	5873	5667	5407	4946	4479	4093	3701	3285	3076	2909	2918	3164	3475	3873	4099	4209	4138	3999	3750	3384	3168	2926	2671	2509	2327	
7	6625	60.0	60.0	22	1	1	2	1018	1357	2137	3216	4377	5315	5778	5915	5679	5401	4965	4493	4074	3661	3291	3049	2907	2926	3171	3452	3868	4085	4200	4118	3985	3688	3427	3158	2928	2718	2510	2317	
7	6643	60.0	60.0	22	1	1	2	1000	1362	2130	3186	4374	5223	5730	5822	5632	5306	4898	4500	4036	3631	3279	3014	2886	2900	3164	3454	3807	4044	4172	4125	3928	3701	3416	3091	2893	2679	2504	2308	
7	6660	60.0	60.0	22	1	1	2	1005	1350	2118	3197	4376	5260	5673	5853	5659	5314	4859	4463	4022	3654	3268	3036	2886	2942	3138	3450	3776	4059	4166	4086	3942	3696	3420	3116	2910	2676	2481	2327	
7	6677	59.9	60.0	22	1	1	2	995	1359	2128	3205	4330	5228	5760	5799	5645	5384	4876	4467	4029	3662	3261	3039	2876	2884	3140	3449	3836	4057	4181	4104	3913	3680	3431	3131	2900	2665	2480	2313	
7	6740	95.3	95.0	23	1	0	2	926	1114	1478	1996	2578	3065	3343	3425	3458	3307	3104	2926	2689	2494	2342	2218	2191	2308	2561	2799	3118	3275	3374	3313	3174	3085	2822	2641	2464	2292	2171	2047	
7	6757	95.0	95.0	23	1	0	2	915	1094	1476	1958	2565	3029	3335	3438	3431	3293	3114	2869	2655	2435	2324	2200	2193	2304	2536	2798	3125	3257	3328	3317	3154	3038	2849	2658	2458	2304	2160	2037	
7	6820	59.8	60.1	23	1	1	2	1003	1361	2108	3176	4304	5249	5698	5838	5615	5309	4819	4460	4049	3642	3275	3012	2894	2943	3132	3437	3798	4046	4173	4081	3910	3673	3423	3072	2879	2665	2492	2336	
7	6837	59.9	60.0	23	1	1	2	1002	1359	2104	3189	4392	5292	5744	5864	5619	5386	4872	4526	4032	3655	3241	3029	2911	2930	3140	3476	3840	4039	4171	4111	3960	3677	3376	3171	2886	2692	2478	2340	
7	6854	60.0	60.0	23	1	1	2	995	1364	2125	3173	4351	5205	5723	5852	5620	5306	4943	4516	4008	3663	3250	3019	2902	2932	3167	3435	3858	4070	4152	4110	3917	3681	3351	3123	2897	2685	2502	2323	
7	6872	59.9	60.0	23	1	1	2	1002	1355	2132	3178	4410	5252	5753	5874	5664	5369	4902	4533	4030	3648	3264	3065	2899	2944	3169	3483	3893	4105	4189	4101	3973	3696	3428	3186	2888	2689	2489	2310	
7	6889	59.9	60.0	23	1	1	2	1009	1358	2121	3226	4365	5275	5780	5917	5660	5333	4864	4510	4090	3608	3256	3071	2876	2916	3129	3467	3803	4042	4185	4113	3924	3676	3416	3139	2882	2663	2483	2327	
7	6906	59.9	60.0	23	1	1	2	1014	1367	2126	3179	4384	5236	5722	5868	5656	5376	4885	4492	4022	3650	3259	3016	2888	2911	3165	3469	3813	4074	4198	4104	3908	3680	3426	3151	2888	2666	2482	2313	
7	6923	60.0	60.0	23	1	1	2	1026	1357	2143	3160	4314	5236	5733	5847	5600	5330	4854	4456	4017	3667	3262	3032	2863	2922	3151	3458	3830	4047	4178	4096	3935	3692	3408	3175	2884	2668	2471	2313	
7	6986	95.1	95.0	24	1	0	2	932	1086	1452	1986	2574	3054	3343	3440	3390	3295	3081	2901	2668	2481	2288	2225	2201	2320	2525	2791	3129	3263	3360	3302	3182	3043	2807	2616	2480	2308	2154	2028	
7	7003	95.0	95.0	24	1	0	2	904	1082	1445	1984	2538	3036	3317	3464	3375	3272	3046	2876	2645	2444	2299	2233	2190	2294	2520	2799	3060	3220	3322	3257	3163	3000	2786	2612	2454	2311	2155	2017	
7	7066	59.8	60.1	24	1	1	2	1006	1372	2101	3161	4319	5215	5630	5820	5630	5270	4878	4450	4015	3589	3263	3009	2882	2873	3159	3452	3794	4014	4105	4054	3889	3680	3356	3163	2877	2644	2461	2301	
7	7083	59.9	60.0	24	1	1	2	986	1356	2095	3174	4354	5176	5728	5784	5581	5329	4852	4495	4003	3629	3233	3010	2880	2901	3108	3430	3821	4022	4138	4101	3938	3713	3370	3122	2890	2666	2478	2272	
7	7100	59.9	60.0	24	1	1	2	993	1366	2097	3156	4317	5186	5710	5839	5665	5332	4899	4460	4044	3612	3295	3027	2894	2916	3149	3440	3808	4018	4150	4099	3910	3660	3400	3125	2900	2660	2501	2313	
7	7118	60.0	60.0	24	1	1	2	1004	1364	2115	3179	4293	5194	5716	5792	5600	5324	4890	4419	3989	3611	3280	3020	2896	2912	3094	3414	3794	4035	4142	4067	3922	3670	3339	3128	2879	2683	2458	2302	
7	7135	59.9	60.0	24	1	1	2	1005	1352	2105	3156	4317	5241	5743	5832	5635	5293	4857	4443	4032	3637	3257	2993	2888	2941	3152	3439	3823	4045	4152	4065	3878	3672	3403	3145	2881	2663	2501	2298	
7	7152	59.9	60.0	24	1	1	2	992	1344	2126	3189	4315	5253	5726	5852	5616	5325	4896	4522	4054	3581	3249	3040	2891	2911	3159	3457	3819	4061	4157	4070	3914	3668	3400	3151	2891	2657	2513	2316	
7	7169	60.0	60.0	24	1	1	2	1003	1365	2123	3160	4329	5189	5651	5825	5574	5252	4876	4463	4034	3584	3269	3003	2913	2916	3143	3452	3796	4013	4146	4128	3904	3650	3375	3128	2881	2637	2462	2299	
7	7234	95.1	95.1	25	1	0	2	928	1097	1464	1975	2551	3016	3331	3458	3401	3294	3082	2900	2655	2512	2309	2219	2204	2325	2553	2820	3052	3230	3348	3328	3177	3030	2812	2624	2471	2304	2179	2032	
7	7251	95.0	95.0	25	1	0	2	914	1092	1455	1988	2538	2997	3318	3416	3370	3249	3068	2853	2659	2468	2278	2195	2198	2312	2546	2823	3074	3231	3328	3243	3142	2955	2809	2617	2475	2280	2164	2003	
7	7314	59.8	60.1	25	1	1	2	999	1362	2103	3140	4280	5174	5681	5652	5579	5276	4865	4458	4006	3608	3260	3015	2905	2917	3087	3434	3786	4016	4122	4100	3920	3650	3410	3108	2887	2630	2449	2288	
7	7331	59.9	60.0	25	1	1	2	985	1359	2096	3165	4262	5180	5713	5806	5613	5302	4853	4451	4005	3612	3248	3001	2886	2907	3121	3437	3803	4040	4169	4094	3896	3665	3347	3130	2906	2675	2470	2282	
7	7349	60.0	60.0	25	1	1	2	996	1351	2116	3186	4304	5222	5710	5818	5652	5280	4862	4476	4020	3638	3253	2995	2882	2892	3169	3410	3785	4021	4127	4068	3907	3636	3379	3159	2890	2627	2479	2274	
7	7366	60.0	60.0	25	1	1	2	975	1370	2128	3181	4368	5243	5740	5820	5628	5311	4863	4481	4044	3652	3282	3026	2879	2913	3165	3454	3826	4046	4149	4123	3940	3661	3396	3129	2914	2688	2446	2291	
7	7383	60.0	60.0	25	1	1	2	989	1383	2106	3166	4300	5176	5699	5835	5602	5251	4893	4466	3987	3632	3234	3006	2865	2909	3122	3447	3805	4014	4121	4071	3901	3686	3413	3138	2905	2668	2476	2290	
7	7400	60.0	60.0	25	1	1	2	987	1362	2098	3162	4298	5208	5730	5795	5623	5268	4898	4464	4010	3627	3258	3007	2893	2927	3162	3420	3795	4041	4154	4097	3883	3682	3416	3118	2892	2688	2468	2282	
7	7418	60.0	60.0	25	1	1	2	989	1354	2096	3171	4318	5178	5672	5861	5589	5263	4826	4452	4004	3628	3246	2963	2868	2936	3114	3453	3774	4016	4162	4089	3895	3657	3365	3131	2880	2659	2468	2284	
7	7480	95.1	95.0	26	1	0	2	946	1066	1463	1997	2557	3025	3348	3465	3411	3291	3081	2899	2666	2452	2286	2228	2195	2293	2516	2803	3060	3268	3334	3281	3233	3011	2827	2624	2455	2307	2151	2018	
7	7497	95.0	95.0	26	1	0	2	955	1102	1454	1969	2535	3015	3290	3458	3408	3254	3068	2856	2655	2456	2242	2213	2166	2294	2515	2800	3081	3233	3307	3275	3179	3011	2792	2612	2442	2274	2122	2018	
7	7560	59.9	60.1	26	1	1	2	988	1342	2104	3132	4268	5210	5672	5814	5576	5272	4829	4408	4031	3602	3233	3003	2860	2901	3125	3376	3789	3984	4136	4051	3916	3610	3378	3131	2883	2635	2472	2280	
7	7577	59.9	60.0	26	1	1	2	998	1380	2094	3146	4300	5161	5608	5763	5597	5259	4836	4445	3990	3641	3257	2995	2866	2923	3092	3414	3760	4071	4111	4074	3891	3651	3364	3106	2894	2660	2482	2289	
7	7595	59.9	60.0	26	1	1	2	1012	1378	2114	3170	4327	5297	5766	5842	5664	5296	4889	4476	4041	3653	3246	3044	2874	2924	3139	3422	3818	4033	4152	4066	3930	3669	3389	3132	2888	2680	2493	2321	
7	7612	60.0	60.0	26	1	1	2	991	1360	2114	3168	4329	5232	5736	5779	5582	5287	4894	4459	4059	3606	3249	3000	2884	2912	3106	3447	3785	4041	4150	4090	3920	3646	3407	3146	2870	2653	2458	2289	
7	7629	60.0	60.0	26	1	1	2	1001	1345	2107	3186	4323	5233	5687	5856	5615	5324	4880	4477	4017	3645	3244	3003	2871	2905	3136	3419	3802	4035	4147	4089	3928	3683	3405	3123	2885	2652	2483	2290	
7	7646	60.0	60.0	26	1	1	2	1001	1345	2090	3163	4305	5212	5686	5798	5618	5267	4876	4432	4035	3622	3254	3026	2884	2890	3101	3441	3800	4042	4140	4051	3915	3672	3389	3129	2938	2648	2452	2288	
7	7664	60.0	60.0	26	1	1	2	978	1363	2072	3182	4309	5173	5710	5787	5609	5297	4820	4472	3969	3608	3223	2989	2861	2893	3108	3394	3822	4018	4114	4042	3877	3648	3371	3104	2873	2662	2476	2277	
7	7726	95.1	95.0	27	1	0	2	923	1098	1467	1990	2559	3017	3338	3438	3407	3284	3051	2911	2653	2475	2289	2213	2190	2314	2525	2804	3117	3230	3309	3263	3164	3007	2796	2628	2463	2298	2162	2027	
7	7743	95.0	95.0	27	1	0	2	918	1099	1458	1980	2530	3017	3312	3394	3380	3234	3060	2845	2659	2472	2274	2207	2162	2288	2494	2796	3057	3227	3286	3270	3140	2994	2796	2617	2435	2285	2172	2021	
7	7806	59.8	60.1	27	1	1	2	999	1372	2095	3163	4286	5185	5660	5780	5585	5279	4860	4402	4000	3626	3230	3007	2861	2898	3141	3424	3779	4034	4143	4093	3888	3648	3384	3129	2887	2654	2460	2323	
7	7823	60.0	60.0	27	1	1	2	1031	1322	2108	3171	4304	5213	5699	5821	5596	5270	4862	4442	4038	3616	3220	3007	2878	2905	3142	3407	3798	3996	4134	4091	3901	3624	3377	3121	2915	2622	2457	2322	
7	7841	60.0	60.0	27	1	1	2	1002	1355	2106	3157	4321	5223	5678	5838	5651	5266	4882	4442	4027	3619	3284	3026	2879	2933	3151	3445	3793	4030	4159	4080	3900	3686	3395	3118	2890	2647	2469	2309	
7	7858	60.0	60.0	27	1	1	2	992	1356	2103	3154	4284	5206	5672	5768	5578	5303	4853	4458	3970	3606	3255	3017	2872	2898	3121	3445	3759	3998	4124	4068	3927	3664	3340	3108	2893	2644	2445	2299	
7	7875	60.0	60.0	27	1	1	2	995	1355	2099	3144	4320	5187	5677	5808	5583	5286	4859	4427	4015	3620	3243	3004	2900	2873	3149	3421	3777	4030	4152	4048	3901	3650	3408	3094	2860	2645	2473	2288	
7	7892	60.0	60.0	27	1	1	2	986	1367	2088	3149	4307	5247	5673	5815	5549	5268	4859	4449	4036	3625	3251	3017	2876	2904	3104	3422	3809	4020	4131	4089	3911	3660	3391	3084	2894	2654	2476	2287	
7	7910	60.0	60.0	27	1	1	2	976	1365	2120	3167	4328	5180	5704	5822	5604	5277	4865	4450	4052	3588	3244	3018	2869	2929	3141	3420	3823	4024	4136	4076	3920	3679	3382	3119	2912	2650	2505	2306	
7	7974	95.1	95.1	28	1	0	2	922	1097	1499	1992	2566	3046	3293	3396	3380	3280	3074	2904	2636	2464	2286	2253	2192	2320	2526	2802	3083	3256	3331	3279	3150	3037	2804	2622	2468	2288	2147	2023	
7	7991	95.0	95.0	28	1	0	2	913	1102	1480	1962	2552	2996	3303	3459	3398	3265	3059	2881	2646	2460	2288	2226	2190	2297	2519	2765	3094	3230	3319	3285	3172	3030	2800	2629	2492	2281	2157	2039	
7	8054	59.8	60.1	28	1	1	2	991	1359	2076	3158	4297	5221	5669	5809	5557	5250	4819	4463	3996	3627	3219	2994	2889	2912	3141	3437	3779	4031	4114	4093	3869	3662	3355	3158	2884	2646	2466	2293	
7	8071	60.0	60.0	28	1	1	2	1005	1351	2078	3180	4335	5218	5690	5863	5628	5323	4864	4487	4007	3611	3261	2982	2864	2910	3112	3437	3831	4025	4164	4089	3917	3687	3396	3150	2913	2648	2456	2306	
7	8089	59.9	60.0	28	1	1	2	1000	1339	2100	3165	4330	5293	5743	5862	5640	5335	4912	4501	4017	3671	3276	3025	2875	2917	3176	3448	3779	4032	4140	4087	3939	3676	3365	3158	2905	2696	2462	2337	
7	8106	59.9	60.0	28	1	1	2	979	1376	2101	3183	4274	5197	5695	5792	5607	5291	4896	4436	4047	3609	3262	2997	2881	2927	3124	3420	3771	4022	4144	4092	3911	3639	3366	3102	2879	2700	2435	2283	
7	8123	60.0	60.0	28	1	1	2	993	1350	2106	3183	4300	5176	5705	5767	5601	5259	4848	4452	3996	3592	3235	3007	2853	2899	3082	3435	3803	3986	4141	4061	3890	3658	3378	3137	2895	2632	2488	2310	
7	8141	60.0	60.0	28	1	1	2	998	1359	2101	3180	4306	5211	5726	5834	5601	5346	4833	4448	4025	3669	3248	3009	2873	2923	3131	3428	3819	4013	4139	4123	3877	3703	3388	3121	2885	2629	2464	2266	
7	8158	60.0	60.0	28	1	1	2	1012	1354	2134	3208	4310	5281	5726	5790	5613	5328	4831	4468	4016	3623	3245	3015	2865	2906	3132	3432	3808	4037	4158	4081	3920	3732	3388	3138	2923	2638	2427	2291	
7	8220	95.2	95.0	29	1	0	2	918	1106	1437	1996	2534	3023	3309	3470	3455	3313	3076	2873	2659	2471	2299	2216	2197	2281	2554	2812	3088	3268	3305	3273	3170	3006	2793	2625	2461	2296	2128	2017	
7	8238	95.0	95.0	29	1	0	2	903	1093	1460	1969	2548	3009	3321	3437	3375	3248	3049	2856	2658	2467	2303	2187	2182	2288	2553	2779	3063	3226	3302	3250	3129	2978	2786	2615	2459	2286	2177	2006	
7	8300	59.8	60.1	29	1	1	2	989	1358	2092	3154	4292	5177	5659	5740	5615	5259	4857	4437	4003	3603	3244	3004	2846	2892	3093	3426	3812	4018	4114	4059	3895	3659	3383	3057	2889	2649	2450	2308	
7	8318	59.9	60.0	29	1	1	2	1000	1351	2085	3148	4310	5182	5646	5798	5592	5316	4881	4426	4012	3616	3226	2984	2870	2901	3141	3453	3779	4034	4088	4058	3892	3662	3374	3145	2902	2645	2481	2298	
7	8335	59.9	60.0	29	1	1	2	999	1357	2136	3141	4307	5244	5705	5833	5624	5330	4884	4419	4050	3618	3255	3012	2886	2899	3124	3406	3796	4008	4136	4090	3906	3656	3392	3139	2926	2649	2474	2269	
7	8352	60.0	60.0	29	1	1	2	998	1348	2108	3178	4320	5228	5697	5816	5594	5328	4903	4489	4007	3614	3298	3003	2877	2967	3114	3412	3815	4016	4177	4098	3892	3688	3372	3141	2883	2644	2474	2325	
7	8369	60.0	60.0	29	1	1	2	1016	1353	2121	3144	4320	5202	5710	5792	5562	5288	4876	4467	4030	3620	3255	3022	2874	2928	3130	3436	3805	4032	4167	4097	3920	3704	3385	3099	2912	2645	2499	2290	
7	8387	60.0	60.0	29	1	1	2	999	1348	2077	3198	4280	5200	5752	5836	5595	5286	4875	4464	3998	3630	3228	3022	2846	2910	3107	3480	3758	4008	4131	4090	3891	3657	3400	3113	2864	2648	2479	2286	
7	8404	60.0	60.0	29	1	1	2	993	1344	2097	3146	4251	5148	5662	5762	5597	5263	4837	4403	3982	3613	3213	2994	2866	2885	3109	3438	3730	4037	4108	4081	3904	3676	3378	3102	2858	2647	2468	2281	
7	8468	95.1	95.1	30	1	0	2	905	1083	1460	1964	2539	3012	3305	3436	3365	3281	3119	2864	2648	2491	2308	2198	2192	2302	2534	2780	3063	3231	3341	3281	3149	3019	2794	2619	2450	2294	2176	2011	
7	8486	95.0	95.0	30	1	0	2	929	1081	1457	1962	2537	2983	3272	3424	3386	3257	3057	2850	2638	2455	2262	2171	2156	2293	2514	2770	3084	3224	3321	3274	3139	2972	2803	2607	2414	2283	2158	1982	
7	8548	59.7	60.1	30	1	1	2	998	1344	2078	3170	4327	5188	5626	5766	5567	5270	4840	4411	3981	3615	3246	3012	2842	2885	3103	3424	3769	4011	4138	4042	3886	3659	3373	3082	2885	2660	2485	2298	
7	8566	59.9	60.0	30	1	1	2	1020	1354	2101	3180	4336	5168	5688	5761	5583	5289	4859	4421	3995	3595	3220	2994	2857	2898	3104	3438	3774	4004	4108	4067	3872	3691	3374	3121	2885	2645	2433	2290	
7	8583	60.0	60.0	30	1	1	2	1005	1340	2114	3161	4314	5234	5673	5769	5633	5297	4868	4465	4017	3629	3260	3026	2846	2908	3104	3455	3816	4026	4108	4078	3894	3659	3371	3125	2873	2668	2475	2300	
7	8600	60.0	60.0	30	1	1	2	1002	1380	2102	3153	4274	5196	5653	5811	5577	5286	4864	4467	3993	3602	3246	3014	2872	2913	3113	3413	3799	4065	4127	4064	3895	3669	3391	3127	2831	2645	2482	2292	
7	8617	59.9	60.0	30	1	1	2	987	1346	2113	3155	4334	5209	5616	5800	5586	5283	4875	4438	4008	3603	3244	2989	2878	2915	3158	3417	3791	4017	4108	4080	3908	3657	3365	3148	2867	2645	2437	2303	
7	8635	59.9	60.0	30	1	1	2	999	1380	2115	3165	4283	5201	5703	5802	5576	5267	4846	4496	4019	3633	3213	3028	2874	2878	3104	3411	3796	4036	4140	4074	3907	3667	3384	3106	2844	2650	2487	2287	
7	8652	60.0	60.0	30	1	1	2	985	1352	2115	3183	4324	5168	5646	5799	5570	5255	4811	4412	3990	3616	3224	2993	2854	2873	3116	3431	3796	4004	4126	4055	3858	3647	3360	3092	2897	2610	2468	2293	
7	8715	95.0	95.0	31	1	0	2	924	1092	1451	1995	2564	3013	3318	3419	3382	3255	3042	2884	2624	2450	2288	2210	2193	2293	2512	2772	3068	3237	3298	3286	3142	2972	2773	2628	2446	2289	2130	1997	
7	8732	95.0	95.0	31	1	0	2	914	1087	1453	1974	2539	2988	3316	3432	3351	3263	3067	2857	2620	2463	2280	2192	2170	2289	2531	2788	3047	3232	3301	3265	3152	2970	2786	2629	2430	2293	2139	2031	
7	8795	59.8	60.1	31	1	1	2	985	1352	2096	3182	4262	5182	5607	5759	5567	5265	4839	4425	3979	3594	3248	2997	2864	2877	3140	3405	3759	4020	4124	4042	3904	3633	3385	3153	2862	2655	2461	2276	
7	8812	59.9	60.0	31	1	1	2	989	1354	2099	3164	4298	5147	5628	5761	5534	5257	4821	4419	3960	3597	3216	2984	2861	2896	3099	3423	3755	3978	4118	4060	3882	3653	3354	3097	2864	2623	2486	2279	
7	8829	60.0	60.0	31	1	1	2	989	1370	2088	3155	4354	5202	5678	5803	5579	5317	4827	4440	3989	3639	3280	3005	2867	2916	3119	3406	3802	3979	4120	4070	3883	3660	3390	3133	2886	2653	2476	2289	
7	8846	60.0	60.0	31	1	1	2	969	1349	2104	3186	4285	5212	5701	5783	5611	5313	4834	4481	3985	3654	3216	3045	2874	2919	3132	3429	3789	4010	4101	4060	3844	3661	3356	3129	2872	2650	2489	2286	
7	8864	60.0	60.0	31	1	1	2	991	1352	2117	3124	4312	5144	5654	5733	5551	5279	4833	4419	3971	3633	3212	3005	2841	2914	3118	3420	3732	3986	4136	4072	3876	3579	3314	3116	2871	2620	2441	2286	
7	8881	60.0	60.0	31	1	1	2	981	1366	2073	3158	4285	5168	5618	5776	5555	5267	4805	4431	4018	3608	3268	3000	2834	2886	3131	3455	3769	3997	4089	4035	3872	3632	3336	3089	2891	2631	2452	2281	
7	8898	59.9	60.0	31	1	1	2	993	1355	2104	3139	4283	5162	5653	5771	5566	5286	4795	4437	3972	3611	3267	2995	2850	2895	3113	3424	3755	4009	4108	4042	3922	3628	3376	3124	2889	2628	2487	2281	
7	8961	95.0	95.0	32	1	0	2	898	1098	1454	1951	2537	2991	3298	3458	3382	3276	3080	2876	2630	2438	2297	2186	2186	2282	2530	2795	3061	3236	3326	3250	3134	2982	2811	2587	2448	2271	2166	2035	
7	8978	95.0	95.0	32	1	0	2	919	1088	1453	1981	2536	3003	3301	3401	3352	3242	3063	2822	2629	2442	2283	2182	2188	2291	2513	2771	3041	3176	3304	3257	3129	2986	2765	2591	2468	2293	2137	1993	
7	9041	59.8	60.1	32	1	1	2	992	1360	2088	3143	4231	5184	5663	5771	5591	5246	4829	4443	4018	3605	3255	2992	2840	2906	3138	3400	3788	4013	4101	4054	3890	3651	3402	3107	2868	2619	2457	2296	
7	9058	59.9	60.0	32	1	1	2	989	1356	2064	3183	4283	5216	5703	5768	5597	5292	4871	4409	3999	3604	3235	2995	2865	2903	3118	3401	3788	4056	4113	4060	3903	3645	3367	3136	2850	2657	2474	2297	
7	9075	59.9	60.0	32	1	1	2	1042	1355	2093	3168	4289	5229	5687	5755	5585	5310	4847	4479	4054	3641	3262	3008	2863	2907	3129	3415	3784	3991	4133	4044	3883	3614	3341	3122	2891	2692	2450	2282	
7	9092	59.9	60.0	32	1	1	2	1006	1359	2121	3151	4305	5145	5642	5767	5585	5268	4822	4423	3983	3639	3245	2999	2852	2895	3128	3389	3767	4016	4105	4039	3873	3641	3321	3082	2868	2644	2457	2273	
7	9110	60.0	60.0	32	1	1	2	1000	1359	2095	3148	4258	5189	5660	5770	5601	5294	4832	4497	4007	3601	3223	2983	2846	2910	3084	3378	3733	3969	4111	4077	3855	3657	3335	3103	2849	2647	2452	2283	
7	9127	59.9	60.0	32	1	1	2	996	1356	2110	3159	4307	5169	5629	5782	5576	5257	4818	4419	4003	3597	3231	2986	2850	2885	3125	3433	3772	3972	4096	4039	3858	3654	3320	3104	2861	2650	2436	2292	
7	9144	59.9	60.0	32	1	1	2	970	1361	2094	3125	4248	5189	5678	5779	5593	5230	4817	4404	3981	3571	3208	3020	2865	2865	3114	3400	3787	3966	4090	4012	3879	3642	3370	3100	2832	2650	2439	2265	
7	9209	95.1	95.1	33	1	0	2	915	1099	1454	1979	2544	3021	3281	3427	3424	3264	3059	2848	2640	2458	2274	2212	2182	2278	2536	2773	3041	3220	3298	3249	3134	2977	2767	2608	2436	2260	2131	2033	
7	9226	95.0	95.0	33	1	0	2	916	1096	1444	1962	2525	3004	3286	3372	3344	3233	3042	2874	2633	2441	2280	2207	2178	2305	2518	2791	3055	3223	3301	3249	3132	2951	2772	2609	2433	2259	2127	2023	
7	9289	59.8	60.1	33	1	1	2	981	1362	2092	3161	4290	5185	5665	5788	5571	5223	4800	4441	3976	3618	3235	3000	2844	2904	3122	3440	3756	4022	4131	4058	3886	3663	3379	3104	2874	2635	2442	2269	
7	9306	59.9	60.0	33	1	1	2	997	1346	2101	3157	4271	5185	5656	5780	5562	5248	4831	4467	4018	3625	3211	3020	2854	2866	3096	3407	3780	4037	4107	4078	3899	3649	3354	3106	2896	2642	2476	2281	
7	9323	60.0	60.0	33	1	1	2	990	1361	2076	3140	4281	5201	5665	5770	5554	5229	4825	4437	3978	3624	3198	3032	2829	2867	3105	3402	3775	4027	4110	4054	3928	3645	3330	3110	2861	2635	2507	2276	
7	9340	59.9	60.0	33	1	1	2	999	1334	2069	3128	4266	5157	5600	5759	5537	5248	4823	4426	3977	3574	3237	2987	2852	2871	3087	3396	3763	3965	4085	4045	3866	3620	3374	3063	2848	2634	2443	2300	
7	9358	60.0	60.0	33	1	1	2	983	1348	2075	3167	4278	5124	5635	5748	5546	5214	4819	4430	3957	3608	3236	3019	2849	2898	3091	3409	3766	3984	4109	4046	3842	3627	3362	3083	2871	2628	2460	2259	
7	9375	60.0	60.0	33	1	1	2	1007	1339	2092	3153	4302	5146	5623	5757	5577	5261	4804	4420	3994	3614	3230	2999	2875	2889	3105	3426	3778	3999	4134	4026	3891	3630	3370	3095	2880	2615	2462	2278	
7	9392	59.9	60.0	33	1	1	2	991	1336	2123	3152	4277	5166	5672	5734	5556	5210	4858	4430	3992	3575	3235	2995	2868	2887	3133	3379	3756	4014	4094	4012	3820	3635	3323	3090	2870	2655	2436	2256	
7	9455	95.2	95.0	34	1	0	2	874	1074	1452	1946	2523	3009	3293	3397	3356	3245	3074	2851	2634	2455	2275	2212	2154	2279	2482	2753	3044	3240	3306	3243	3122	2975	2798	2606	2459	2256	2156	2030	
7	9472	95.0	95.0	34	1	0	2	914	1095	1452	1978	2520	3001	3285	3403	3355	3234	3062	2852	2624	2448	2247	2182	2161	2293	2511	2796	3032	3228	3280	3272	3130	2981	2767	2610	2425	2275	2139	2011	
7	9535	59.8	60.1	34	1	1	2	992	1336	2084	3155	4267	5120	5607	5730	5527	5220	4815	4439	3966	3593	3216	3001	2850	2870	3118	3405	3763	3988	4107	4010	3871	3620	3327	3109	2909	2633	2440	2281	
7	9552	60.0	60.0	34	1	1	2	1006	1352	2084	3130	4280	5199	5624	5769	5561	5264	4801	4410	3971	3630	3261	2996	2855	2903	3082	3411	3791	3999	4112	4036	3879	3649	3409	3127	2884	2588	2448	2288	
7	9569	60.0	60.0	34	1	1	2	999	1353	2070	3141	4299	5192	5703	5773	5619	5278	4862	4429	4008	3636	3255	3041	2870	2889	3132	3405	3826	4045	4142	4059	3881	3670	3364	3118	2860	2668	2456	2306	
7	9587	59.9	60.0	34	1	1	2	997	1344	2082	3145	4300	5188	5676	5717	5559	5270	4797	4406	3983	3592	3218	2995	2848	2896	3114	3439	3802	4023	4128	4046	3899	3644	3389	3101	2858	2662	2465	2278	
7	9604	60.0	60.0	34	1	1	2	999	1363	2115	3141	4334	5174	5693	5764	5628	5282	4885	4422	3975	3652	3240	2996	2888	2876	3140	3418	3799	4037	4116	4098	3900	3663	3355	3153	2914	2646	2458	2273	
7	9621	60.0	60.0	34	1	1	2	985	1341	2118	3140	4299	5244	5645	5802	5616	5278	4832	4390	4020	3613	3234	3029	2866	2876	3115	3421	3766	4006	4148	4090	3880	3614	3387	3128	2896	2643	2468	2267	
7	9638	60.0	60.0	34	1	1	2	992	1362	2090	3145	4283	5157	5596	5766	5571	5253	4833	4436	3985	3618	3243	3007	2866	2925	3105	3411	3796	3974	4156	4039	3878	3616	3379	3068	2874	2636	2468	2274	
7	9701	95.0	95.0	35	1	0	2	898	1091	1467	1952	2568	3039	3308	3423	3376	3256	3071	2892	2649	2463	2266	2224	2180	2303	2524	2791	3044	3238	3321	3290	3163	2988	2802	2624	2430	2300	2151	2031	
7	9718	95.0	95.0	35	1	0	2	901	1101	1466	1988	2534	3020	3291	3422	3355	3272	3047	2878	2625	2459	2269	2206	2185	2242	2492	2775	3025	3212	3298	3245	3101	2968	2781	2598	2459	2267	2140	1987	
7	9781	59.8	60.1	35	1	1	2	984	1356	2101	3146	4284	5161	5660	5720	5563	5249	4835	4434	3959	3610	3233	2965	2848	2904	3148	3377	3748	4012	4102	4018	3828	3626	3381	3119	2835	2651	2465	2291	
7	9798	59.9	60.0	35	1	1	2	991	1334	2092	3118	4309	5159	5634	5772	5533	5221	4847	4443	3988	3627	3230	2996	2878	2869	3132	3392	3735	3998	4135	4073	3903	3623	3371	3085	2868	2641	2453	2258	
7	9815	59.9	60.0	35	1	1	2	992	1350	2120	3139	4324	5150	5662	5698	5564	5269	4838	4401	3993	3624	3198	3000	2852	2864	3112	3420	3742	4018	4112	4061	3867	3665	3332	3089	2830	2638	2427	2290	
7	9833	59.9	60.0	35	1	1	2	992	1365	2124	3131	4314	5194	5681	5770	5545	5303	4840	4416	4002	3610	3207	2991	2836	2911	3101	3436	3767	3995	4120	4053	3902	3640	3361	3095	2845	2640	2444	2304	
7	9850	60.0	60.0	35	1	1	2	984	1349	2084	3117	4299	5196	5679	5738	5540	5316	4792	4450	4009	3592	3214	3005	2823	2884	3122	3422	3782	4005	4123	4059	3859	3645	3359	3109	2871	2624	2462	2260	
7	9867	60.0	60.0	35	1	1	2	975	1355	2063	3137	4279	5172	5621	5743	5556	5200	4821	4411	3954	3586	3220	2988	2838	2880	3089	3400	3740	3998	4069	4014	3884	3647	3325	3102	2878	2613	2466	2273	
7	9884	59.9	60.0	35	1	1	2	1024	1340	2091	3134	4291	5115	5669	5756	5599	5236	4832	4421	4004	3583	3199	2992	2865	2849	3102	3413	3770	4011	4078	4084	3888	3631	3371	3115	2868	2621	2446	2283	
7	9947	95.3	95.0	36	1	0	2	935	1078	1454	1980	2557	3028	3338	3409	3398	3254	3068	2893	2643	2451	2280	2194	2184	2292	2535	2768	3083	3223	3310	3268	3141	2981	2778	2600	2474	2262	2150	2026	
7	9964	95.0	95.0	36	1	0	2	917	1105	1439	1930	2536	2979	3295	3401	3348	3252	3064	2829	2608	2467	2255	2161	2175	2249	2494	2736	3064	3184	3263	3230	3107	2944	2809	2568	2434	2267	2117	1985	
7	10027	59.8	60.1	36	1	1	2	1004	1359	2078	3148	4273	5131	5595	5707	5556	5275	4834	4401	3959	3605	3226	3002	2887	2889	3104	3410	3753	4018	4121	4025	3872	3599	3369	3106	2866	2613	2441	2242	
7	10044	59.9	60.0	36	1	1	2	981	1365	2072	3135	4314	5205	5672	5784	5571	5288	4859	4395	4031	3593	3265	3016	2843	2859	3146	3411	3801	3999	4148	4041	3925	3685	3376	3103	2868	2613	2481	2292	
7	10062	60.0	60.0	36	1	1	2	1001	1357	2093	3172	4312	5159	5666	5785	5594	5282	4837	4432	3992	3653	3235	2994	2876	2868	3120	3434	3776	3969	4074	4041	3862	3599	3338	3098	2854	2618	2444	2285	
7	10079	59.9	60.0	36	1	1	2	986	1356	2106	3170	4271	5203	5673	5816	5588	5251	4855	4426	3977	3603	3213	2982	2880	2876	3117	3427	3758	3985	4156	4035	3887	3618	3391	3086	2874	2636	2469	2278	
7	10096	59.9	60.0	36	1	1	2	995	1345	2121	3149	4268	5184	5675	5740	5579	5275	4869	4413	3988	3603	3225	3003	2877	2900	3133	3407	3761	3964	4173	4039	3874	3651	3369	3104	2832	2673	2474	2281	
7	10113	60.0	60.0	36	1	1	2	1004	1316	2064	3133	4272	5171	5628	5730	5529	5231	4769	4417	3973	3582	3229	2976	2856	2877	3095	3388	3758	3945	4094	4059	3869	3588	3353	3128	2835	2642	2470	2278	
7	10131	60.0	60.0	36	1	1	2	985	1354	2087	3165	4241	5176	5631	5781	5524	5226	4839	4395	3949	3606	3221	2976	2830	2873	3085	3377	3748	3949	4066	4066	3857	3620	3339	3103	2847	2632	2458	2267	
7	10193	95.2	95.0	37	1	0	2	913	1084	1445	2005	2546	3003	3335	3426	3353	3269	3041	2859	2649	2475	2295	2202	2191	2243	2527	2763	3044	3203	3298	3270	3134	2983	2790	2604	2465	2313	2138	2013	
7	10210	95.0	95.0	37	1	0	2	915	1098	1461	1972	2524	2985	3304	3394	3382	3246	3067	2885	2650	2435	2252	2193	2188	2300	2478	2762	3032	3242	3294	3243	3139	2972	2763	2622	2439	2260	2148	2004	
7	10273	59.8	60.1	37	1	1	2	994	1337	2085	3153	4253	5137	5616	5735	5541	5220	4838	4365	4000	3588	3206	2968	2816	2888	3059	3389	3761	3974	4129	4034	3891	3658	3364	3129	2851	2660	2448	2279	
7	10290	59.9	60.0	37	1	1	2	999	1343	2099	3143	4289	5207	5626	5791	5540	5237	4820	4433	3986	3606	3236	3002	2870	2851	3100	3455	3748	4019	4091	4082	3907	3655	3318	3107	2878	2649	2466	2269	
7	10308	59.9	60.0	37	1	1	2	990	1354	2112	3195	4289	5194	5699	5780	5588	5274	4849	4436	4010	3624	3261	2975	2879	2900	3120	3418	3762	4000	4127	4040	3897	3634	3358	3107	2858	2647	2474	2310	
7	10325	60.0	60.0	37	1	1	2	997	1394	2088	3151	4254	5156	5657	5796	5597	5270	4824	4452	3989	3637	3241	2991	2855	2894	3117	3409	3801	4004	4089	4056	3915	3636	3357	3025	2841	2634	2448	2272	
7	10342	60.0	60.0	37	1	1	2	987	1338	2133	3164	4308	5183	5655	5733	5582	5310	4838	4464	4008	3623	3218	2979	2857	2898	3113	3448	3791	4014	4118	4064	3877	3643	3350	3076	2879	2637	2469	2306	
7	10359	59.9	60.0	37	1	1	2	1002	1352	2094	3158	4305	5142	5638	5776	5527	5241	4820	4397	3975	3588	3221	3031	2828	2908	3107	3458	3748	3966	4118	4038	3868	3682	3339	3090	2873	2626	2451	2284	
7	10377	60.0	60.0	37	1	1	2	989	1367	2088	3194	4279	5177	5671	5751	5634	5241	4865	4432	3988	3569	3198	2976	2814	2893	3110	3388	3774	4007	4116	4049	3879	3632	3340	3100	2877	2638	2441	2282	
7	10439	95.2	95.0	38	1	0	2	926	1088	1451	1955	2559	2997	3314	3437	3343	3279	3091	2827	2647	2452	2277	2201	2165	2268	2499	2752	3039	3203	3291	3225	3156	2998	2770	2578	2439	2286	2133	1996	
7	10456	95.0	95.0	38	1	0	2	912	1094	1470	1973	2543	3013	3268	3396	3348	3307	3063	2882	2657	2445	2285	2196	2177	2272	2528	2748	3059	3205	3308	3241	3149	2966	2782	2604	2469	2267	2140	2006	
7	10519	59.9	60.1	38	1	1	2	1000	1355	2091	3148	4325	5129	5713	5772	5561	5292	4862	4441	3958	3637	3217	2994	2856	2895	3108	3427	3777	4004	4109	4072	3861	3633	3389	3091	2828	2639	2459	2296	
7	10536	60.0	60.0	38	1	1	2	1002	1358	2102	3133	4282	5167	5608	5755	5531	5240	4831	4444	3972	3603	3196	3021	2880	2875	3104	3349	3751	3997	4080	4043	3848	3624	3353	3092	2852	2633	2447	2267	
7	10554	60.0	60.0	38	1	1	2	1002	1361	2124	3186	4265	5188	5666	5785	5538	5251	4839	4440	4040	3596	3247	2985	2864	2866	3108	3421	3752	4003	4057	4059	3860	3654	3355	3105	2862	2649	2465	2301	
7	10571	59.9	60.0	38	1	1	2	994	1353	2101	3147	4274	5207	5687	5781	5560	5241	4884	4420	3960	3583	3204	2982	2860	2904	3122	3411	3750	3989	4092	4024	3888	3664	3348	3083	2843	2646	2458	2277	
7	10588	59.9	60.0	38	1	1	2	1014	1362	2086	3172	4348	5171	5686	5744	5584	5282	4847	4446	3981	3583	3229	3010	2844	2898	3094	3406	3770	3984	4077	4040	3884	3617	3393	3075	2871	2666	2490	2288	
7	10605	60.0	60.0	38	1	1	2	982	1355	2101	3160	4312	5178	5652	5776	5618	5252	4840	4405	3988	3606	3228	2998	2891	2911	3119	3405	3763	3992	4136	4035	3851	3637	3376	3094	2840	2643	2442	2278	
7	10623	60.0	60.0	38	1	1	2	1002	1343	2100	3149	4313	5210	5678	5767	5576	5251	4834	4468	3968	3621	3224	2985	2857	2886	3083	3426	3772	4001	4121	4035	3890	3607	3374	3096	2844	2639	2456	2277	
7	10687	95.1	95.1	39	1	0	2	925	1097	1465	1973	2556	3069	3304	3401	3373	3219	3057	2851	2649	2461	2299	2212	2198	2297	2501	2783	3054	3251	3297	3246	3137	2950	2753	2629	2458	2259	2157	2017	
7	10705	95.0	95.0	39	1	0	2	912	1088	1402	1953	2550	3014	3288	3416	3361	3255	3079	2828	2644	2459	2270	2183	2172	2277	2515	2768	3068	3201	3280	3246	3140	2999	2754	2577	2460	2262	2143	2016	
7	10765	59.8	60.2	39	1	1	2	1007	1359	2096	3144	4235	5182	5641	5746	5553	5217	4803	4405	3987	3587	3214	2999	2862	2885	3097	3435	3757	4001	4066	4032	3880	3614	3363	3123	2870	2657	2450	2260	
7	10783	59.9	60.0	39	1	1	2	992	1359	2100	3161	4277	5154	5663	5787	5588	5304	4843	4449	3970	3590	3264	2975	2840	2923	3111	3427	3785	3986	4104	4060	3903	3646	3385	3093	2890	2638	2466	2286	
7	10800	59.9	60.0	39	1	1	2	1012	1360	2101	3177	4348	5244	5728	5805	5626	5303	4859	4477	4068	3618	3246	3015	2862	2900	3125	3397	3802	4021	4140	4062	3904	3656	3380	3114	2883	2661	2477	2316	
7	10817	60.0	60.0	39	1	1	2	998	1354	2111	3172	4284	5168	5682	5773	5576	5305	4843	4465	3980	3602	3236	2990	2854	2882	3112	3429	3786	3992	4091	4060	3882	3637	3344	3088	2871	2607	2441	2259	
7	10834	59.9	60.0	39	1	1	2	997	1375	2120	3192	4300	5151	5676	5827	5619	5330	4890	4476	4020	3640	3250	2995	2895	2910	3118	3420	3760	4022	4149	4044	3901	3638	3371	3116	2880	2666	2473	2280	
7	10852	60.0	60.0	39	1	1	2	992	1358	2109	3135	4258	5147	5649	5758	5555	5253	4872	4434	3991	3617	3222	2996	2853	2895	3122	3365	3790	3982	4069	4074	3849	3642	3366	3056	2854	2616	2488	2281	
7	10869	59.9	60.0	39	1	1	2	1009	1381	2097	3139	4262	5174	5611	5733	5576	5249	4833	4431	4003	3592	3233	3002	2866	2885	3103	3408	3742	3974	4126	4066	3872	3661	3334	3086	2874	2626	2451	2273	
7	10933	95.1	95.1	40	1	0	2	904	1096	1454	1964	2535	3022	3355	3419	3417	3260	3087	2885	2651	2475	2304	2182	2193	2249	2535	2760	3079	3211	3315	3241	3155	2967	2774	2608	2451	2283	2152	2041	
7	10951	95.0	95.0	40	1	0	2	912	1098	1457	1947	2538	3003	3284	3424	3350	3260	3080	2856	2663	2425	2257	2183	2229	2277	2509	2817	3061	3218	3301	3251	3152	2986	2786	2625	2435	2284	2133	2024	
7	11013	59.8	60.1	40	1	1	2	1005	1343	2097	3153	4277	5173	5648	5789	5576	5263	4864	4425	3988	3582	3220	3014	2854	2891	3128	3431	3768	4014	4104	4046	3861	3634	3363	3097	2861	2632	2479	2281	
7	11031	59.9	60.0	40	1	1	2	1006	1346	2118	3149	4312	5196	5658	5739	5594	5261	4893	4425	3989	3620	3251	3007	2856	2872	3100	3437	3726	3976	4138	4036	3890	3649	3371	3079	2885	2653	2449	2299	
7	11048	59.9	60.0	40	1	1	2	1000	1369	2116	3184	4315	5226	5714	5822	5600	5279	4871	4443	4032	3632	3261	3001	2870	2901	3155	3431	3778	3994	4122	4073	3918	3628	3365	3133	2884	2665	2464	2265	
7	11065	60.0	60.0	40	1	1	2	1003	1368	2106	3182	4327	5215	5693	5775	5596	5306	4856	4479	4010	3617	3254	3014	2898	2881	3105	3378	3772	3941	4158	4045	3901	3641	3382	3079	2868	2643	2469	2277	
7	11082	59.9	60.0	40	1	1	2	1002	1369	2103	3153	4315	5205	5642	5791	5540	5232	4843	4447	4025	3685	3236	2978	2836	2893	3099	3397	3768	3976	4106	4056	3861	3631	3349	3108	2873	2626	2448	2286	
7	11100	60.0	60.0	40	1	1	2	989	1362	2117	3129	4278	5139	5670	5770	5563	5269	4832	4427	3948	3619	3233	2990	2837	2882	3116	3402	3776	3982	4093	4000	3848	3626	3340	3093	2862	2643	2442	2267	
7	11117	60.0	60.0	40	1	1	2	1002	1381	2099	3153	4265	5173	5684	5756	5556	5256	4834	4449	3991	3609	3229	3010	2850	2885	3091	3412	3762	3980	4097	4066	3852	3636	3344	3107	2849	2637	2454	2286	
