Well	Time (1/2 s)	Block Temp	Sample Temp	Repetition	PCR Stage	Extension	Scale	B1	B2	B3	B4	B5	B6	B7	B8	B9	B10	B11	B12	B13	B14	B15	B16	B17	B18	B19	B20	B21	B22	B23	B24	B25	B26	B27	B28	B29	B30	B31	B32
9	105	95.1	95.1	1	0	0	2	920	1112	1499	2061	2670	3192	3489	3591	3531	3400	3230	2988	2755	2550	2368	2286	2277	2406	2668	2958	3284	3436	3540	3489	3349	3182	2974	2774	2582	2419	2267	2099	
9	122	95.0	95.0	1	0	0	2	934	1109	1482	2004	2664	3105	3426	3547	3503	3385	3206	3003	2764	2521	2358	2295	2263	2406	2659	2928	3245	3398	3504	3468	3335	3164	2936	2790	2567	2405	2282	2128	
9	139	95.0	95.0	1	0	0	2	896	1111	1468	2021	2609	3125	3418	3525	3488	3368	3199	2968	2751	2570	2358	2251	2280	2397	2633	2887	3265	3424	3493	3475	3298	3151	2948	2763	2593	2385	2267	2103	
9	156	94.9	95.0	1	0	0	2	936	1097	1477	2021	2573	3113	3405	3559	3485	3367	3180	2940	2741	2543	2345	2275	2258	2391	2644	2927	3251	3417	3489	3484	3355	3148	2922	2746	2567	2401	2175	2116	
9	174	95.0	95.0	1	0	0	2	921	1102	1476	2000	2614	3109	3402	3540	3462	3373	3157	2955	2746	2533	2332	2260	2265	2422	2635	2903	3216	3402	3557	3447	3355	3147	2942	2744	2581	2398	2226	2121	
9	191	95.0	95.0	1	0	0	2	922	1101	1477	2052	2599	3091	3416	3532	3492	3352	3161	2944	2708	2506	2346	2286	2272	2405	2646	2911	3196	3426	3509	3412	3295	3145	2957	2744	2577	2393	2263	2138	
9	208	94.9	95.0	1	0	0	2	916	1093	1480	2024	2577	3090	3413	3487	3483	3356	3135	2940	2709	2540	2350	2252	2291	2384	2637	2940	3224	3421	3502	3466	3297	3134	2918	2730	2552	2373	2227	2071	
9	225	95.0	95.0	1	0	0	2	914	1095	1449	2019	2601	3088	3398	3518	3451	3373	3127	2980	2715	2536	2351	2255	2263	2418	2687	2959	3219	3403	3477	3437	3321	3110	2953	2740	2563	2387	2282	2110	
9	243	95.0	95.0	1	0	0	2	923	1118	1479	1986	2602	3092	3404	3521	3483	3330	3191	2955	2740	2524	2358	2263	2256	2367	2644	2935	3254	3431	3506	3440	3285	3145	2950	2759	2562	2390	2260	2093	
9	260	94.9	95.0	1	0	0	2	925	1098	1479	2000	2602	3091	3410	3525	3436	3353	3145	2940	2725	2554	2321	2267	2250	2382	2640	2915	3240	3402	3468	3429	3323	3120	2954	2731	2558	2402	2255	2098	
9	277	94.9	95.0	1	0	0	2	924	1105	1491	2008	2582	3124	3395	3526	3453	3336	3168	2947	2703	2528	2320	2255	2261	2381	2644	2919	3232	3395	3479	3470	3288	3164	2955	2726	2576	2396	2260	2088	
9	294	94.9	95.0	1	0	0	2	915	1093	1470	2038	2569	3115	3396	3526	3434	3345	3178	2955	2715	2522	2349	2273	2245	2402	2615	2926	3216	3415	3492	3462	3343	3152	2926	2746	2586	2365	2251	2100	
9	312	95.0	95.0	1	0	0	2	916	1112	1474	1998	2594	3088	3421	3527	3469	3362	3137	2958	2727	2530	2374	2254	2266	2406	2636	2934	3244	3416	3505	3452	3348	3149	2950	2760	2582	2388	2239	2101	
9	329	95.0	95.0	1	0	0	2	919	1120	1470	2008	2612	3117	3417	3510	3483	3356	3183	2962	2713	2524	2341	2261	2266	2393	2618	2916	3229	3422	3500	3451	3348	3155	2938	2757	2580	2372	2242	2089	
9	346	95.0	95.0	1	0	0	2	906	1116	1467	2019	2596	3110	3408	3513	3489	3375	3140	2953	2723	2529	2338	2279	2265	2385	2601	2946	3222	3424	3504	3433	3337	3146	2942	2749	2566	2397	2273	2097	
9	363	95.0	95.0	1	0	0	2	934	1123	1471	2029	2618	3070	3412	3528	3473	3377	3149	2953	2693	2520	2337	2289	2222	2436	2611	2928	3255	3400	3478	3439	3342	3142	2962	2736	2572	2409	2263	2099	
9	381	95.0	95.0	1	0	0	2	937	1088	1480	2021	2601	3114	3434	3517	3459	3352	3161	2970	2700	2542	2331	2278	2284	2363	2637	2938	3252	3433	3516	3476	3374	3166	2950	2741	2581	2400	2266	2098	
9	398	94.9	95.0	1	0	0	2	930	1114	1487	2012	2599	3090	3404	3528	3470	3370	3181	2976	2748	2542	2342	2269	2275	2386	2613	2953	3241	3446	3501	3460	3333	3175	2943	2725	2585	2376	2281	2120	
9	415	94.9	95.0	1	0	0	2	923	1113	1490	2006	2611	3103	3414	3554	3474	3375	3161	2993	2717	2539	2372	2303	2273	2410	2653	2946	3237	3426	3479	3465	3339	3159	2952	2759	2565	2386	2239	2124	
9	432	94.9	95.0	1	0	0	2	918	1104	1484	2030	2607	3128	3395	3539	3488	3388	3155	2950	2743	2535	2337	2282	2278	2390	2655	2934	3224	3406	3488	3477	3356	3166	2926	2774	2584	2402	2258	2138	
9	450	95.0	95.0	1	0	0	2	926	1100	1491	2032	2612	3105	3415	3549	3494	3385	3156	2968	2717	2543	2355	2284	2294	2379	2636	2965	3252	3424	3519	3469	3356	3142	2931	2757	2561	2412	2211	2136	
9	467	94.9	95.0	1	0	0	2	923	1122	1488	2011	2602	3102	3399	3557	3483	3415	3162	2950	2756	2528	2362	2271	2275	2397	2639	2931	3253	3400	3513	3473	3332	3152	2968	2757	2590	2409	2275	2108	
9	484	94.9	95.0	1	0	0	2	927	1100	1484	2022	2604	3121	3407	3550	3476	3372	3191	2971	2730	2529	2362	2290	2293	2399	2666	2941	3240	3449	3520	3504	3372	3192	2937	2747	2567	2430	2236	2137	
9	501	94.9	95.0	1	0	0	2	918	1104	1468	2012	2640	3106	3397	3532	3484	3394	3201	2996	2734	2534	2382	2317	2285	2400	2649	2952	3278	3419	3550	3500	3316	3144	2946	2752	2594	2430	2266	2121	
9	519	95.0	95.0	1	0	0	2	917	1119	1483	2014	2609	3106	3424	3530	3505	3366	3176	2997	2740	2545	2365	2272	2299	2400	2704	2916	3281	3430	3520	3489	3346	3167	2921	2757	2570	2410	2249	2113	
9	536	94.9	95.0	1	0	0	2	931	1102	1460	2004	2621	3132	3420	3582	3488	3341	3170	2990	2745	2536	2379	2276	2266	2404	2661	2941	3240	3415	3520	3496	3336	3154	2938	2734	2571	2392	2273	2116	
9	553	94.9	95.0	1	0	0	2	932	1099	1480	1989	2627	3106	3422	3562	3514	3403	3180	3005	2736	2588	2371	2298	2290	2397	2662	2935	3264	3438	3507	3470	3386	3180	2952	2785	2530	2423	2257	2112	
9	570	95.0	95.0	1	0	0	2	923	1114	1493	2030	2606	3117	3422	3540	3481	3401	3160	2980	2746	2543	2392	2284	2287	2411	2629	2942	3246	3463	3502	3454	3369	3142	2931	2800	2595	2410	2287	2095	
9	588	94.9	95.0	1	0	0	2	954	1108	1496	2024	2626	3145	3449	3553	3477	3411	3207	2989	2740	2565	2360	2296	2315	2419	2637	2942	3308	3426	3495	3497	3345	3109	2965	2780	2607	2408	2258	2106	
9	605	95.0	95.0	1	0	0	2	919	1130	1484	2021	2652	3149	3441	3545	3496	3411	3194	2942	2747	2554	2372	2249	2279	2415	2664	2940	3246	3449	3557	3481	3367	3207	2944	2758	2610	2419	2261	2128	
9	622	95.0	95.0	1	0	0	2	931	1112	1471	2031	2635	3109	3450	3586	3530	3447	3182	2975	2764	2553	2365	2262	2310	2403	2678	2931	3277	3433	3528	3482	3343	3177	2963	2755	2589	2412	2279	2125	
9	639	95.0	95.0	1	0	0	2	917	1091	1479	2054	2608	3109	3429	3572	3499	3384	3215	3007	2758	2581	2370	2313	2321	2400	2652	2934	3254	3441	3520	3466	3344	3144	2930	2761	2591	2417	2265	2110	
9	657	95.0	95.0	1	0	0	2	920	1114	1462	2029	2645	3116	3428	3591	3520	3386	3176	2999	2781	2552	2371	2293	2299	2388	2646	2963	3260	3406	3552	3478	3345	3162	2923	2745	2582	2399	2277	2105	
9	674	95.0	95.0	1	0	0	2	932	1122	1500	2062	2637	3143	3432	3544	3534	3402	3173	3021	2750	2567	2340	2279	2267	2385	2648	2970	3267	3455	3551	3475	3364	3180	2976	2753	2559	2443	2282	2131	
9	691	95.0	95.0	1	0	0	2	934	1110	1487	2034	2624	3134	3469	3558	3519	3376	3199	2989	2759	2550	2397	2270	2248	2389	2671	2940	3238	3440	3472	3459	3352	3194	2964	2725	2601	2406	2282	2128	
9	708	95.0	95.0	1	0	0	2	903	1082	1473	2038	2619	3109	3457	3564	3514	3398	3165	2999	2761	2569	2358	2301	2309	2427	2654	2930	3239	3479	3543	3482	3340	3172	2938	2788	2568	2424	2262	2144	
9	726	95.0	95.0	1	0	0	2	926	1108	1479	2023	2614	3143	3427	3571	3494	3394	3184	2976	2764	2558	2384	2276	2288	2384	2689	2946	3280	3431	3548	3450	3323	3169	2971	2778	2596	2416	2267	2128	
9	743	95.0	95.0	1	0	0	2	939	1131	1486	2041	2625	3145	3434	3601	3527	3375	3224	2986	2753	2580	2377	2268	2307	2388	2665	2965	3260	3459	3532	3488	3359	3165	2957	2742	2610	2448	2284	2125	
9	760	95.0	95.0	1	0	0	2	921	1107	1476	2042	2631	3144	3433	3584	3504	3412	3163	2958	2743	2552	2349	2285	2308	2385	2654	2934	3243	3427	3545	3501	3374	3214	2959	2766	2589	2450	2269	2137	
9	777	95.0	95.0	1	0	0	2	951	1120	1485	2036	2639	3166	3456	3530	3536	3399	3226	2972	2756	2545	2368	2312	2280	2402	2661	2960	3287	3452	3509	3488	3331	3179	2955	2765	2609	2412	2290	2129	
9	795	95.0	95.0	1	0	0	2	933	1111	1478	2010	2640	3148	3452	3578	3540	3383	3186	3000	2762	2572	2390	2300	2282	2421	2684	2968	3260	3441	3526	3481	3331	3186	2974	2784	2582	2430	2245	2100	
9	812	95.0	95.0	1	0	0	2	927	1112	1493	2043	2635	3166	3454	3582	3526	3389	3198	2992	2794	2566	2371	2307	2286	2410	2664	2970	3245	3432	3501	3446	3366	3171	2950	2768	2583	2406	2257	2129	
9	829	95.0	95.0	1	0	0	2	921	1114	1489	2032	2666	3150	3455	3604	3536	3382	3200	2981	2769	2574	2386	2315	2329	2407	2680	2970	3224	3446	3514	3501	3339	3181	2931	2754	2599	2402	2262	2107	
9	846	94.9	95.0	1	0	0	2	916	1118	1482	2046	2636	3137	3437	3588	3518	3419	3188	2978	2764	2563	2366	2303	2340	2380	2670	2945	3223	3422	3567	3483	3384	3170	2990	2754	2591	2390	2295	2120	
9	864	95.0	95.0	1	0	0	2	924	1102	1471	2060	2635	3148	3441	3583	3525	3424	3216	2980	2758	2566	2377	2311	2294	2414	2663	2931	3283	3469	3543	3475	3349	3220	2951	2770	2569	2421	2298	2136	
9	881	95.0	95.0	1	0	0	2	925	1085	1487	2045	2627	3137	3464	3602	3526	3392	3214	2997	2781	2530	2380	2311	2277	2408	2665	2944	3259	3485	3558	3494	3340	3205	2953	2786	2610	2404	2276	2120	
9	898	95.0	95.0	1	0	0	2	918	1113	1504	2033	2619	3129	3418	3592	3523	3412	3208	2999	2796	2566	2387	2289	2291	2444	2668	2941	3273	3435	3531	3481	3377	3155	2994	2795	2600	2418	2272	2150	
9	915	95.0	95.0	1	0	0	2	931	1112	1488	2052	2632	3148	3486	3599	3547	3442	3227	2995	2793	2602	2365	2291	2314	2435	2687	2972	3258	3458	3539	3496	3378	3208	2965	2781	2593	2422	2281	2111	
9	933	95.0	95.0	1	0	0	2	922	1118	1493	2053	2635	3115	3488	3600	3527	3410	3187	2998	2785	2584	2377	2292	2322	2402	2647	2976	3300	3442	3536	3483	3380	3188	2999	2795	2603	2421	2272	2138	
9	950	95.0	95.0	1	0	0	2	934	1112	1486	2029	2645	3112	3486	3578	3524	3442	3242	2962	2782	2570	2364	2284	2299	2408	2668	2936	3255	3409	3529	3465	3360	3177	2944	2785	2583	2415	2273	2124	
9	967	95.0	95.0	1	0	0	2	940	1108	1497	2069	2631	3146	3468	3589	3529	3441	3219	2998	2776	2568	2367	2266	2305	2422	2665	2953	3276	3456	3542	3500	3422	3162	2978	2769	2615	2437	2290	2152	
9	984	95.0	95.0	1	0	0	2	912	1114	1473	2047	2650	3184	3454	3584	3540	3440	3220	3039	2761	2537	2368	2282	2283	2396	2688	2961	3224	3451	3527	3471	3329	3158	2975	2788	2580	2388	2279	2129	
9	1002	95.0	95.0	1	0	0	2	939	1113	1491	2059	2636	3166	3489	3608	3541	3446	3199	3022	2768	2586	2399	2298	2300	2424	2659	2973	3250	3471	3542	3518	3365	3199	2991	2784	2562	2418	2285	2123	
9	1019	94.9	95.0	1	0	0	2	928	1109	1499	2055	2643	3173	3436	3610	3528	3465	3223	2983	2809	2574	2399	2290	2305	2412	2675	2952	3272	3456	3542	3489	3386	3209	2964	2760	2626	2412	2290	2135	
9	1036	94.9	95.0	1	0	0	2	947	1111	1502	2046	2658	3144	3476	3584	3569	3422	3224	3012	2796	2575	2384	2317	2314	2417	2653	2955	3296	3440	3545	3472	3374	3213	2960	2784	2598	2432	2241	2108	
9	1053	95.0	95.0	1	0	0	2	922	1110	1489	2035	2657	3189	3480	3603	3565	3406	3205	2999	2789	2572	2392	2293	2287	2407	2654	2980	3246	3458	3516	3490	3351	3183	2984	2790	2614	2414	2284	2123	
9	1071	95.0	95.0	1	0	0	2	928	1098	1494	2053	2648	3130	3462	3593	3567	3452	3199	3023	2777	2598	2387	2310	2315	2423	2681	2982	3257	3460	3542	3472	3385	3191	2982	2761	2608	2410	2308	2142	
9	1088	94.9	95.0	1	0	0	2	926	1110	1486	2049	2641	3124	3452	3591	3558	3427	3217	3029	2800	2567	2360	2286	2301	2429	2642	2993	3279	3460	3525	3501	3373	3225	2982	2777	2604	2403	2276	2149	
9	1105	95.0	95.0	1	0	0	2	907	1101	1480	2015	2648	3176	3480	3566	3539	3464	3196	2997	2804	2572	2382	2308	2304	2408	2661	3000	3249	3444	3574	3499	3377	3192	2992	2760	2611	2456	2263	2122	
9	1122	94.9	95.0	1	0	0	2	922	1123	1466	2066	2658	3154	3494	3584	3537	3427	3214	3023	2769	2581	2386	2296	2321	2393	2638	2982	3251	3448	3572	3475	3405	3187	2959	2789	2603	2425	2287	2112	
9	1140	95.0	95.0	1	0	0	2	932	1122	1484	2041	2662	3148	3488	3593	3550	3426	3210	3023	2776	2590	2367	2317	2314	2419	2692	2958	3290	3475	3577	3498	3356	3200	2951	2786	2625	2402	2298	2106	
9	1157	95.0	95.0	1	0	0	2	916	1129	1473	2019	2655	3143	3475	3602	3556	3445	3221	2992	2762	2597	2383	2299	2242	2420	2698	2987	3277	3482	3533	3506	3352	3192	2974	2794	2624	2422	2272	2120	
9	1174	95.0	95.0	1	0	0	2	928	1111	1479	2040	2669	3129	3454	3601	3554	3418	3229	2997	2767	2582	2407	2303	2274	2433	2667	2953	3305	3428	3517	3509	3370	3187	2973	2787	2602	2426	2285	2133	
9	1191	94.9	95.0	1	0	0	2	933	1121	1477	2053	2665	3134	3461	3585	3555	3452	3209	2981	2775	2577	2380	2277	2282	2402	2663	2949	3269	3441	3547	3504	3372	3157	2968	2762	2573	2426	2262	2124	
9	1209	94.9	95.0	1	0	0	2	932	1113	1477	2042	2646	3155	3494	3613	3541	3414	3244	2994	2778	2550	2358	2300	2307	2430	2693	2963	3255	3453	3534	3473	3340	3186	2974	2784	2595	2420	2261	2144	
9	1226	95.0	95.0	1	0	0	2	928	1126	1493	2048	2662	3183	3500	3617	3557	3464	3221	3036	2769	2578	2393	2304	2309	2461	2657	2958	3283	3428	3578	3503	3388	3187	3003	2782	2602	2426	2300	2116	
9	1243	95.0	95.0	1	0	0	2	933	1091	1494	2044	2655	3157	3467	3601	3589	3421	3238	2986	2787	2572	2369	2320	2301	2432	2685	2974	3302	3421	3558	3490	3350	3206	2979	2788	2618	2418	2275	2151	
9	1260	95.0	95.0	1	0	0	2	929	1110	1486	2034	2692	3142	3493	3624	3534	3412	3301	3060	2781	2595	2365	2325	2306	2436	2662	2978	3255	3457	3573	3519	3375	3186	2958	2787	2592	2427	2247	2148	
9	1278	95.0	95.0	1	0	0	2	924	1112	1498	2033	2641	3153	3448	3595	3557	3383	3240	2992	2743	2586	2363	2297	2270	2409	2677	2951	3284	3448	3535	3482	3373	3174	2979	2776	2614	2420	2279	2129	
9	1295	95.0	95.0	1	0	0	2	921	1102	1485	2065	2659	3166	3494	3604	3575	3418	3203	3036	2788	2586	2373	2318	2305	2429	2659	2944	3282	3447	3527	3524	3363	3172	2986	2785	2628	2434	2286	2133	
9	1324	95.0	95.0	1	1	0	2	918	1109	1488	2022	2668	3176	3484	3629	3555	3426	3276	2993	2814	2597	2404	2312	2312	2437	2688	2973	3258	3485	3545	3517	3360	3212	2994	2779	2625	2408	2282	2132	
9	1388	59.9	60.2	1	1	1	2	1017	1390	2200	3366	4626	5578	6117	6252	6031	5731	5225	4782	4299	3871	3504	3199	3024	3097	3360	3697	4108	4377	4464	4380	4254	3941	3620	3343	3101	2809	2648	2442	
9	1405	59.9	60.0	1	1	1	2	1020	1430	2214	3392	4663	5628	6141	6310	6079	5753	5290	4834	4343	3941	3513	3203	3057	3123	3390	3709	4114	4389	4455	4398	4218	3973	3622	3358	3093	2876	2628	2444	
9	1422	59.9	60.0	1	1	1	2	1014	1398	2226	3402	4672	5622	6149	6269	6074	5727	5219	4828	4341	3945	3482	3220	3087	3109	3349	3674	4097	4344	4485	4401	4212	3962	3645	3345	3117	2864	2614	2442	
9	1439	59.9	60.0	1	1	1	2	1023	1365	2195	3373	4615	5638	6129	6291	6048	5709	5279	4806	4332	3874	3502	3227	3063	3097	3379	3705	4135	4359	4477	4404	4210	3940	3625	3357	3088	2828	2660	2446	
9	1457	60.0	60.0	1	1	1	2	1015	1419	2217	3398	4573	5621	6171	6264	6055	5707	5200	4791	4269	3866	3457	3217	3102	3118	3373	3691	4079	4351	4440	4377	4192	3932	3619	3356	3064	2859	2627	2436	
9	1474	59.9	60.0	1	1	1	2	993	1388	2228	3375	4643	5613	6099	6281	6052	5679	5214	4799	4316	3852	3458	3198	3064	3104	3363	3690	4131	4312	4480	4415	4254	3948	3616	3349	3090	2808	2625	2407	
9	1491	59.9	60.0	1	1	1	2	1013	1388	2237	3365	4619	5580	6134	6266	6061	5696	5220	4765	4328	3864	3448	3197	3080	3108	3345	3690	4062	4348	4459	4396	4211	3933	3637	3325	3070	2838	2631	2471	
9	1554	95.2	95.0	2	1	0	2	919	1114	1489	2043	2654	3180	3503	3604	3546	3457	3235	3012	2778	2581	2397	2283	2291	2414	2646	2949	3291	3439	3538	3474	3370	3190	2951	2761	2590	2426	2249	2115	
9	1571	95.0	95.0	2	1	0	2	939	1107	1495	2024	2646	3146	3473	3573	3531	3412	3180	2977	2743	2554	2380	2274	2279	2415	2648	2957	3264	3417	3478	3486	3320	3165	2928	2768	2584	2417	2244	2118	
9	1632	59.8	60.2	2	1	1	2	982	1396	2175	3297	4501	5426	6000	6144	5927	5591	5142	4702	4232	3835	3398	3165	3030	3065	3325	3628	4033	4260	4362	4292	4185	3895	3562	3290	3024	2786	2608	2429	
9	1649	60.0	60.0	2	1	1	2	1006	1414	2167	3329	4551	5517	6055	6159	5893	5620	5144	4683	4243	3850	3429	3198	3012	3068	3316	3639	4057	4273	4435	4326	4180	3888	3601	3304	3049	2805	2607	2416	
9	1666	59.9	60.0	2	1	1	2	1018	1401	2178	3289	4547	5519	6033	6123	5912	5608	5141	4689	4227	3842	3443	3181	3049	3063	3283	3640	4018	4312	4436	4331	4157	3912	3589	3312	3082	2790	2597	2427	
9	1683	60.0	60.0	2	1	1	2	1012	1408	2178	3323	4535	5495	6047	6144	5947	5599	5107	4700	4219	3824	3431	3199	3006	3069	3332	3653	4030	4328	4402	4343	4147	3898	3565	3308	3073	2828	2595	2420	
9	1701	59.9	60.0	2	1	1	2	1014	1391	2186	3320	4508	5490	6008	6156	5926	5605	5106	4682	4244	3794	3424	3143	3031	3075	3296	3612	4031	4258	4354	4318	4098	3874	3592	3301	2992	2756	2604	2411	
9	1718	59.9	60.0	2	1	1	2	1022	1374	2158	3328	4572	5470	6004	6138	5857	5610	5143	4666	4257	3787	3429	3140	2990	3078	3291	3648	3994	4277	4435	4311	4192	3895	3601	3312	3058	2813	2601	2380	
9	1735	60.0	60.0	2	1	1	2	1005	1395	2172	3326	4525	5524	6027	6135	5942	5579	5107	4695	4237	3796	3427	3158	3045	3068	3294	3635	3999	4241	4367	4342	4099	3906	3572	3317	3086	2800	2584	2416	
9	1798	95.0	95.0	3	1	0	2	912	1120	1488	2051	2650	3173	3501	3592	3564	3439	3214	3028	2805	2569	2372	2305	2275	2390	2633	2934	3250	3419	3544	3508	3348	3161	2982	2765	2577	2426	2256	2119	
9	1815	95.0	95.0	3	1	0	2	939	1106	1508	2035	2655	3186	3460	3615	3596	3416	3213	3000	2767	2576	2378	2317	2290	2381	2639	2947	3242	3430	3528	3435	3341	3127	2966	2749	2588	2393	2281	2109	
9	1876	59.8	60.2	3	1	1	2	1010	1410	2154	3298	4502	5468	5982	6081	5870	5580	5121	4649	4213	3771	3396	3139	2976	3033	3305	3645	3995	4220	4362	4315	4102	3860	3546	3303	3011	2787	2575	2382	
9	1893	59.9	60.0	3	1	1	2	1013	1391	2162	3308	4497	5483	5960	6120	5883	5561	5115	4662	4225	3778	3400	3168	3006	3060	3263	3609	3983	4272	4351	4302	4141	3870	3570	3298	3040	2786	2615	2416	
9	1910	60.0	60.0	3	1	1	2	1006	1387	2159	3292	4515	5445	6004	6092	5900	5569	5166	4717	4213	3805	3381	3183	2981	3049	3281	3620	4031	4252	4360	4311	4118	3840	3587	3276	3035	2809	2589	2377	
9	1928	59.9	60.0	3	1	1	2	1019	1390	2186	3347	4570	5493	6009	6185	5956	5591	5150	4700	4247	3838	3422	3178	3021	3040	3297	3621	3996	4270	4408	4365	4120	3865	3568	3292	3056	2808	2609	2425	
9	1945	59.9	60.0	3	1	1	2	1013	1392	2187	3306	4505	5450	5986	6101	5864	5542	5140	4669	4218	3825	3387	3194	3027	3070	3263	3595	4042	4207	4378	4332	4140	3872	3548	3280	3021	2760	2595	2432	
9	1962	60.0	60.0	3	1	1	2	1046	1370	2189	3300	4520	5483	5954	6112	5918	5577	5138	4697	4212	3809	3418	3175	3009	3025	3289	3652	3996	4266	4379	4347	4128	3862	3572	3276	3059	2780	2588	2382	
9	1979	59.9	60.0	3	1	1	2	1012	1399	2158	3291	4519	5476	5956	6100	5883	5574	5081	4674	4163	3828	3381	3148	3013	3065	3307	3591	4061	4268	4362	4308	4096	3830	3574	3297	3022	2778	2582	2400	
9	2044	95.0	95.1	4	1	0	2	919	1108	1500	2031	2637	3158	3482	3619	3534	3430	3241	3003	2771	2579	2382	2284	2288	2386	2648	2929	3242	3401	3491	3445	3307	3181	2960	2776	2581	2377	2262	2106	
9	2061	95.0	95.0	4	1	0	2	931	1107	1481	2029	2633	3126	3457	3587	3516	3405	3201	2998	2727	2555	2356	2282	2301	2377	2645	2917	3235	3370	3508	3451	3323	3162	2943	2758	2566	2427	2256	2118	
9	2124	59.8	60.1	4	1	1	2	1018	1378	2139	3315	4482	5443	5912	6071	5825	5583	5145	4682	4161	3787	3395	3128	3021	3046	3285	3594	4018	4245	4349	4278	4092	3851	3584	3226	3049	2788	2591	2421	
9	2141	60.0	60.0	4	1	1	2	1017	1384	2174	3293	4448	5447	5984	6116	5849	5564	5074	4653	4227	3812	3363	3150	3020	3044	3282	3612	3975	4248	4351	4280	4124	3864	3581	3285	2997	2772	2572	2382	
9	2158	59.9	60.0	4	1	1	2	1002	1391	2156	3288	4518	5449	5960	6073	5867	5578	5097	4673	4209	3786	3377	3162	2987	3034	3310	3623	3974	4252	4335	4258	4117	3855	3558	3271	3019	2773	2567	2421	
9	2176	59.9	60.0	4	1	1	2	1028	1390	2154	3274	4513	5502	5950	6044	5881	5520	5135	4710	4218	3806	3395	3148	3000	3031	3279	3597	4022	4213	4345	4298	4107	3833	3583	3275	3026	2796	2617	2377	
9	2193	60.0	60.0	4	1	1	2	1008	1405	2168	3291	4552	5471	6004	6077	5903	5555	5122	4702	4211	3827	3415	3191	3027	3046	3278	3619	4030	4212	4386	4306	4097	3855	3568	3298	3030	2778	2594	2416	
9	2210	60.0	60.0	4	1	1	2	1015	1394	2202	3296	4507	5411	5952	6094	5826	5603	5104	4665	4176	3791	3380	3148	2985	3041	3284	3594	4021	4231	4310	4259	4149	3873	3535	3214	3013	2762	2579	2419	
9	2227	60.0	60.0	4	1	1	2	1015	1398	2168	3306	4521	5432	5957	6085	5883	5545	5101	4686	4191	3781	3394	3160	3013	3015	3296	3580	3968	4269	4353	4285	4114	3855	3536	3295	3007	2790	2580	2407	
9	2290	95.2	95.0	5	1	0	2	903	1105	1492	2039	2655	3167	3471	3582	3532	3422	3180	3011	2744	2545	2379	2280	2265	2380	2657	2920	3172	3380	3524	3435	3307	3142	2932	2725	2579	2381	2258	2110	
9	2307	95.0	95.0	5	1	0	2	914	1108	1473	2021	2641	3132	3416	3562	3487	3396	3209	2989	2736	2541	2362	2285	2267	2391	2653	2903	3190	3374	3481	3434	3279	3121	2943	2730	2570	2380	2209	2088	
9	2370	59.7	60.1	5	1	1	2	1016	1361	2176	3304	4525	5409	5930	6072	5836	5494	5064	4639	4202	3780	3372	3135	2984	3045	3268	3580	4005	4235	4343	4265	4079	3815	3551	3263	3058	2744	2586	2397	
9	2387	60.0	60.0	5	1	1	2	1019	1393	2182	3263	4456	5403	5920	6078	5884	5540	5117	4642	4199	3780	3373	3149	3014	3024	3271	3605	4011	4239	4331	4298	4079	3821	3531	3265	3002	2774	2551	2391	
9	2405	60.0	60.0	5	1	1	2	1015	1384	2156	3292	4487	5452	5936	6038	5868	5524	5053	4660	4187	3796	3394	3127	3005	2983	3271	3596	3985	4232	4339	4250	4071	3870	3534	3265	2989	2772	2556	2383	
9	2422	60.0	60.0	5	1	1	2	1005	1390	2147	3278	4510	5446	5970	6097	5897	5550	5104	4669	4245	3777	3388	3168	2985	3078	3262	3579	3985	4231	4398	4266	4095	3852	3556	3320	3043	2785	2567	2426	
9	2439	60.0	60.0	5	1	1	2	1013	1386	2171	3290	4525	5455	5976	6073	5857	5577	5121	4601	4211	3782	3420	3159	3000	3040	3322	3610	3974	4223	4345	4313	4100	3864	3571	3267	3014	2760	2567	2388	
9	2456	59.9	60.0	5	1	1	2	1015	1371	2142	3306	4506	5463	6001	6068	5819	5547	5098	4674	4178	3801	3398	3150	3031	3041	3288	3556	3979	4221	4338	4274	4121	3829	3534	3265	3025	2753	2572	2366	
9	2474	60.0	60.0	5	1	1	2	1009	1377	2169	3268	4492	5388	5919	6063	5854	5529	5068	4674	4199	3788	3361	3151	2984	3025	3265	3608	3951	4196	4373	4287	4084	3900	3562	3257	3041	2776	2567	2384	
9	2538	95.1	95.1	6	1	0	2	911	1105	1488	2050	2629	3120	3429	3560	3542	3404	3208	2961	2739	2524	2353	2274	2265	2399	2604	2891	3219	3389	3460	3423	3273	3093	2936	2737	2554	2363	2218	2123	
9	2555	95.0	95.0	6	1	0	2	940	1100	1489	2031	2624	3078	3426	3542	3490	3376	3168	2959	2728	2558	2370	2274	2256	2360	2613	2920	3188	3365	3485	3399	3283	3108	2901	2739	2557	2374	2240	2098	
9	2618	59.7	60.1	6	1	1	2	998	1372	2167	3229	4422	5382	5870	5980	5811	5522	5067	4637	4134	3727	3368	3121	2968	3019	3239	3558	3972	4214	4278	4242	4068	3805	3520	3240	3009	2753	2545	2394	
9	2635	60.0	60.0	6	1	1	2	1007	1369	2155	3277	4485	5394	5884	6022	5855	5537	5053	4636	4171	3796	3384	3159	2995	2995	3257	3567	3933	4173	4310	4229	4073	3834	3532	3300	2992	2748	2589	2371	
9	2653	60.0	60.0	6	1	1	2	1013	1391	2157	3266	4475	5456	5899	6067	5827	5560	5055	4610	4192	3765	3355	3124	2979	3035	3263	3613	3985	4233	4302	4274	4077	3815	3530	3268	2978	2766	2560	2381	
9	2670	60.0	60.0	6	1	1	2	1022	1387	2164	3310	4525	5458	6001	6052	5883	5490	5132	4684	4198	3744	3391	3163	2989	3029	3302	3601	3982	4233	4314	4285	4115	3872	3533	3289	3013	2767	2577	2390	
9	2687	60.0	60.0	6	1	1	2	1078	1379	2164	3291	4443	5476	5980	6090	5871	5538	5082	4623	4165	3767	3346	3158	2988	3035	3272	3647	3969	4227	4323	4273	4087	3822	3552	3249	3004	2779	2560	2380	
9	2704	59.9	60.0	6	1	1	2	1021	1388	2140	3286	4499	5416	5950	6020	5849	5521	5070	4634	4183	3747	3372	3161	2980	3058	3251	3576	3984	4233	4310	4237	4094	3832	3547	3216	3009	2745	2557	2396	
9	2722	60.0	60.0	6	1	1	2	1009	1392	2160	3228	4473	5395	5950	6068	5807	5519	5061	4635	4153	3758	3341	3112	2972	3012	3230	3554	3976	4187	4316	4249	4093	3834	3521	3248	2984	2748	2564	2416	
9	2786	95.0	95.1	7	1	0	2	923	1115	1485	2052	2601	3153	3459	3545	3525	3376	3184	2992	2761	2554	2351	2282	2256	2385	2609	2924	3190	3396	3486	3395	3303	3096	2918	2754	2556	2400	2236	2066	
9	2803	95.0	95.0	7	1	0	2	918	1103	1486	2020	2605	3116	3410	3567	3475	3356	3203	2976	2740	2554	2360	2260	2237	2373	2599	2893	3194	3360	3456	3418	3243	3118	2888	2693	2536	2364	2203	2098	
9	2866	59.8	60.1	7	1	1	2	999	1374	2173	3249	4430	5394	5906	6009	5816	5472	5063	4593	4131	3778	3323	3147	2979	3014	3256	3565	3937	4223	4280	4252	4071	3809	3496	3225	2981	2784	2564	2369	
9	2883	59.9	60.0	7	1	1	2	1012	1357	2154	3233	4433	5348	5874	5971	5796	5459	5006	4622	4132	3729	3326	3119	2951	3016	3173	3563	3946	4188	4283	4234	4019	3780	3499	3210	2977	2739	2553	2392	
9	2901	59.9	60.0	7	1	1	2	992	1376	2146	3302	4470	5365	5915	6006	5833	5522	5071	4640	4174	3757	3355	3121	2940	2984	3249	3558	3972	4184	4328	4250	4079	3794	3506	3272	2987	2768	2566	2406	
9	2918	59.9	60.0	7	1	1	2	1009	1376	2164	3288	4454	5446	5949	6077	5791	5513	5090	4598	4156	3767	3376	3136	2976	3055	3251	3557	3943	4210	4305	4223	4042	3827	3538	3263	3001	2775	2549	2356	
9	2935	60.0	60.0	7	1	1	2	1022	1390	2161	3289	4452	5384	5882	6019	5788	5463	5017	4623	4169	3756	3350	3121	2977	3006	3270	3526	3945	4169	4283	4262	4048	3829	3500	3233	2996	2747	2534	2364	
9	2952	60.0	60.0	7	1	1	2	1008	1378	2141	3248	4456	5390	5925	6032	5798	5491	5069	4612	4190	3765	3333	3088	2948	3003	3252	3554	3912	4137	4280	4239	4091	3782	3460	3257	2994	2750	2538	2376	
9	2970	60.0	60.0	7	1	1	2	996	1390	2168	3294	4443	5397	5874	6056	5806	5494	5052	4603	4205	3726	3347	3115	2933	2959	3203	3530	3994	4194	4310	4243	4067	3778	3520	3257	2996	2740	2566	2364	
9	3034	95.3	95.0	8	1	0	2	918	1105	1490	2009	2644	3124	3415	3525	3500	3344	3158	2995	2746	2542	2366	2274	2255	2372	2584	2883	3197	3312	3480	3405	3270	3111	2905	2705	2555	2335	2216	2088	
9	3051	95.0	95.0	8	1	0	2	933	1096	1477	1992	2638	3108	3399	3520	3489	3373	3156	2968	2714	2514	2335	2253	2255	2364	2575	2874	3159	3325	3403	3391	3240	3093	2874	2701	2530	2374	2221	2063	
9	3114	59.7	60.2	8	1	1	2	998	1377	2128	3229	4351	5329	5876	6001	5726	5439	5016	4574	4156	3732	3350	3111	2983	3000	3218	3512	3884	4177	4238	4195	4052	3787	3493	3208	2957	2747	2550	2358	
9	3132	59.9	60.0	8	1	1	2	996	1390	2120	3261	4465	5383	5864	5972	5761	5463	4984	4619	4143	3738	3370	3090	2942	2988	3281	3535	3901	4165	4305	4218	3996	3812	3500	3221	2982	2745	2524	2355	
9	3149	60.0	60.0	8	1	1	2	1022	1372	2141	3271	4435	5348	5889	5950	5775	5484	5029	4605	4145	3734	3367	3117	2956	2983	3246	3577	3924	4179	4310	4235	4041	3791	3483	3227	3008	2732	2547	2375	
9	3166	60.0	60.0	8	1	1	2	1003	1381	2164	3270	4448	5373	5879	6056	5762	5454	4991	4592	4148	3774	3343	3110	2932	2989	3225	3561	3951	4172	4279	4189	4053	3798	3465	3211	2972	2732	2550	2351	
9	3183	60.0	60.0	8	1	1	2	994	1369	2133	3272	4430	5452	5915	5994	5759	5447	5035	4614	4150	3738	3310	3118	2941	2993	3246	3532	3948	4166	4289	4229	4024	3834	3514	3218	2974	2739	2556	2374	
9	3201	60.0	60.0	8	1	1	2	1004	1380	2141	3282	4415	5386	5870	5975	5782	5486	4999	4586	4124	3737	3354	3120	2940	3005	3211	3535	3935	4193	4294	4202	4088	3794	3457	3200	2972	2767	2553	2374	
9	3218	60.0	60.0	8	1	1	2	1006	1370	2150	3234	4430	5326	5866	5975	5756	5450	5048	4597	4124	3729	3334	3098	2954	3004	3251	3547	3898	4157	4270	4246	4021	3791	3508	3245	2952	2691	2527	2365	
9	3280	95.2	95.0	9	1	0	2	926	1096	1489	2051	2625	3101	3426	3528	3442	3382	3192	2971	2715	2543	2320	2260	2258	2332	2588	2836	3161	3320	3398	3364	3273	3105	2848	2671	2518	2362	2206	2063	
9	3298	95.0	95.0	9	1	0	2	912	1100	1461	1986	2596	3049	3390	3482	3465	3299	3150	2939	2698	2534	2317	2241	2248	2344	2585	2867	3132	3279	3402	3370	3252	3053	2853	2667	2525	2324	2234	2057	
9	3360	59.8	60.2	9	1	1	2	998	1374	2123	3184	4368	5274	5809	5885	5681	5307	4950	4550	4126	3706	3296	3084	2923	2972	3183	3515	3904	4109	4214	4161	3973	3778	3453	3194	2956	2708	2525	2336	
9	3378	60.0	60.0	9	1	1	2	1021	1371	2139	3227	4455	5307	5808	5961	5710	5391	5006	4589	4126	3712	3373	3055	2929	2947	3221	3546	3883	4141	4272	4196	4025	3775	3481	3191	2966	2721	2526	2345	
9	3395	60.0	60.0	9	1	1	2	1008	1380	2120	3264	4397	5335	5879	5942	5762	5477	5002	4551	4131	3737	3353	3085	2941	2959	3236	3550	3930	4141	4290	4190	4008	3775	3484	3197	2963	2742	2560	2360	
9	3412	60.0	60.0	9	1	1	2	1021	1371	2127	3235	4437	5319	5830	5973	5744	5421	5028	4537	4118	3693	3323	3131	2925	3001	3196	3531	3904	4140	4261	4241	4013	3768	3479	3222	2965	2733	2529	2340	
9	3429	60.0	60.0	9	1	1	2	1022	1377	2140	3248	4424	5354	5786	5977	5766	5445	4998	4564	4109	3730	3352	3096	2946	3017	3188	3546	3893	4117	4241	4199	4001	3766	3458	3216	2959	2740	2527	2361	
9	3447	60.0	60.0	9	1	1	2	1007	1377	2142	3215	4416	5325	5831	5964	5741	5439	4966	4595	4121	3725	3306	3109	2954	2961	3244	3524	3919	4111	4245	4213	4014	3757	3464	3176	2953	2701	2520	2356	
9	3464	60.0	60.0	9	1	1	2	985	1361	2142	3180	4366	5389	5806	5923	5714	5414	4941	4575	4136	3687	3266	3059	2957	2978	3230	3509	3880	4135	4258	4164	4042	3771	3476	3196	2941	2742	2521	2356	
9	3528	95.3	95.0	10	1	0	2	929	1110	1484	1988	2599	3065	3401	3501	3418	3318	3115	2936	2692	2492	2333	2252	2225	2335	2568	2859	3125	3315	3390	3371	3253	3075	2888	2664	2544	2347	2204	2059	
9	3546	95.0	95.0	10	1	0	2	915	1109	1468	1998	2559	3052	3352	3480	3429	3314	3096	2925	2687	2500	2307	2206	2229	2325	2554	2851	3125	3319	3412	3347	3253	3031	2845	2658	2506	2329	2171	2064	
9	3609	59.8	60.1	10	1	1	2	992	1372	2118	3170	4362	5229	5740	5857	5714	5350	4959	4530	4046	3664	3279	3050	2906	2928	3177	3502	3827	4091	4188	4138	4026	3718	3437	3200	2938	2711	2518	2325	
9	3626	59.9	60.0	10	1	1	2	1004	1349	2115	3234	4363	5269	5764	5916	5697	5381	4937	4537	4068	3690	3287	3072	2909	2969	3204	3490	3920	4097	4216	4186	4004	3772	3472	3180	2913	2715	2506	2348	
9	3643	59.9	60.0	10	1	1	2	992	1372	2137	3226	4380	5320	5792	5920	5735	5385	4966	4552	4056	3676	3322	3088	2912	2934	3179	3518	3890	4115	4218	4165	3990	3744	3456	3192	2934	2728	2553	2350	
9	3660	59.9	60.0	10	1	1	2	1009	1376	2109	3181	4392	5331	5761	5940	5733	5399	4969	4541	4074	3706	3298	3050	2932	2953	3183	3507	3867	4127	4202	4174	3967	3767	3436	3204	2967	2671	2504	2314	
9	3677	60.0	60.0	10	1	1	2	988	1376	2142	3247	4400	5322	5831	5907	5769	5404	4947	4540	4084	3733	3337	3083	2948	2956	3207	3523	3858	4114	4214	4157	4011	3750	3493	3175	2940	2717	2515	2351	
9	3695	60.0	60.0	10	1	1	2	1006	1366	2117	3208	4412	5334	5816	5927	5691	5425	4958	4520	4093	3684	3311	3070	2948	2960	3202	3501	3900	4124	4241	4165	4023	3758	3449	3166	2945	2716	2532	2325	
9	3712	59.9	60.0	10	1	1	2	1010	1370	2133	3206	4401	5279	5814	5905	5701	5408	4958	4508	4109	3670	3309	3049	2918	2966	3173	3492	3881	4110	4226	4149	3955	3769	3420	3199	2945	2665	2539	2346	
9	3776	95.2	95.0	11	1	0	2	916	1091	1493	2002	2583	3109	3379	3493	3454	3322	3145	2899	2712	2496	2336	2233	2215	2351	2547	2853	3129	3300	3404	3327	3232	3051	2861	2692	2513	2319	2185	2058	
9	3794	95.0	95.0	11	1	0	2	904	1104	1473	2011	2565	3011	3327	3470	3460	3306	3110	2926	2686	2503	2304	2216	2219	2339	2579	2843	3122	3298	3382	3288	3233	3033	2850	2648	2462	2309	2186	2063	
9	3856	59.7	60.2	11	1	1	2	1003	1365	2125	3203	4343	5254	5726	5895	5644	5360	4961	4540	4095	3671	3264	3043	2931	2917	3173	3457	3881	4120	4188	4139	3965	3734	3429	3144	2917	2677	2532	2346	
9	3874	59.9	60.0	11	1	1	2	998	1357	2121	3210	4336	5258	5751	5870	5709	5392	4900	4521	4058	3710	3290	3078	2921	2942	3201	3510	3874	4081	4190	4152	3973	3726	3431	3196	2937	2691	2506	2339	
9	3891	60.0	60.0	11	1	1	2	1047	1352	2133	3220	4392	5289	5859	5908	5717	5387	4950	4542	4080	3693	3314	3059	2955	2936	3200	3556	3856	4107	4235	4203	3937	3773	3445	3198	2944	2691	2489	2291	
9	3908	60.0	60.0	11	1	1	2	1003	1360	2131	3183	4372	5270	5799	5887	5683	5388	4962	4490	4106	3697	3307	3039	2932	2963	3206	3485	3876	4132	4247	4174	3979	3727	3412	3162	2957	2694	2523	2326	
9	3925	60.0	60.0	11	1	1	2	1017	1374	2130	3207	4409	5260	5775	5869	5657	5385	4942	4547	4062	3692	3287	3055	2970	2923	3174	3486	3877	4109	4189	4172	3990	3710	3415	3177	2907	2688	2522	2327	
9	3943	60.0	60.0	11	1	1	2	1016	1370	2120	3180	4316	5319	5764	5877	5705	5392	4930	4540	4078	3645	3302	3045	2921	2944	3149	3445	3869	4074	4215	4122	4050	3764	3458	3167	2955	2697	2499	2325	
9	3960	60.0	60.0	11	1	1	2	1015	1366	2141	3222	4377	5316	5798	5949	5706	5385	4921	4559	4078	3663	3304	3071	2932	2973	3154	3500	3850	4095	4232	4153	3979	3734	3458	3168	2924	2715	2523	2335	
9	4023	95.1	95.0	12	1	0	2	920	1108	1484	2018	2587	3063	3360	3498	3455	3322	3135	2917	2689	2487	2300	2254	2214	2299	2549	2829	3137	3267	3381	3336	3201	3058	2846	2671	2549	2319	2172	2052	
9	4040	95.0	95.0	12	1	0	2	917	1091	1486	1996	2564	3034	3331	3456	3424	3311	3075	2900	2709	2481	2317	2225	2212	2313	2546	2801	3092	3289	3360	3336	3175	3054	2806	2653	2506	2327	2203	2033	
9	4103	59.8	60.1	12	1	1	2	994	1358	2124	3185	4342	5243	5736	5843	5662	5347	4900	4521	4033	3649	3287	3058	2907	2939	3178	3467	3845	4052	4256	4130	3975	3721	3456	3147	2946	2717	2517	2321	
9	4120	59.9	60.0	12	1	1	2	1001	1375	2112	3199	4373	5287	5756	5862	5637	5351	4912	4504	4125	3693	3295	3059	2916	2937	3168	3469	3900	4109	4212	4121	3943	3710	3452	3147	2883	2717	2523	2321	
9	4137	60.0	60.0	12	1	1	2	1025	1369	2104	3217	4400	5269	5788	5901	5700	5412	4950	4520	4077	3640	3279	3039	2894	2950	3190	3523	3818	4074	4204	4116	3984	3714	3451	3166	2927	2691	2516	2332	
9	4154	60.0	60.0	12	1	1	2	1012	1378	2107	3197	4372	5282	5793	5905	5699	5371	4940	4522	4090	3713	3300	3052	2955	2922	3221	3495	3853	4100	4223	4158	3959	3738	3444	3187	2984	2674	2527	2340	
9	4172	59.9	60.0	12	1	1	2	1002	1388	2118	3170	4380	5287	5740	5875	5676	5388	4949	4516	4083	3714	3295	3067	2907	2950	3176	3528	3820	4080	4209	4142	3993	3690	3460	3157	2930	2680	2534	2312	
9	4189	60.0	60.0	12	1	1	2	1001	1351	2111	3193	4351	5284	5787	5879	5687	5373	4913	4510	4090	3669	3296	3049	2884	2953	3184	3472	3873	4135	4200	4141	3973	3744	3454	3164	2937	2707	2462	2327	
9	4206	60.0	60.0	12	1	1	2	1007	1353	2114	3180	4372	5268	5754	5898	5630	5383	4919	4501	4062	3661	3272	3056	2911	2933	3160	3451	3844	4092	4217	4125	3936	3721	3421	3183	2920	2685	2483	2319	
9	4268	95.2	95.0	13	1	0	2	899	1097	1485	1989	2608	3080	3370	3489	3441	3340	3134	2920	2683	2482	2335	2254	2224	2325	2549	2836	3132	3297	3361	3328	3206	3061	2833	2661	2483	2320	2191	2050	
9	4285	95.0	95.0	13	1	0	2	905	1105	1453	1995	2539	3013	3313	3450	3393	3297	3111	2883	2684	2501	2281	2224	2211	2316	2549	2821	3064	3268	3323	3347	3219	3043	2829	2654	2472	2317	2183	2057	
9	4348	59.7	60.2	13	1	1	2	1009	1357	2115	3182	4354	5213	5758	5836	5668	5350	4886	4504	4033	3641	3278	3068	2914	2918	3166	3474	3895	4115	4188	4144	3978	3715	3426	3151	2935	2682	2520	2328	
9	4365	59.9	60.0	13	1	1	2	1004	1375	2102	3163	4315	5225	5725	5826	5611	5318	4930	4488	4061	3670	3258	3015	2927	2936	3145	3436	3829	4037	4185	4120	3952	3698	3411	3131	2908	2686	2485	2330	
9	4382	59.9	60.0	13	1	1	2	1000	1369	2094	3203	4338	5254	5720	5857	5689	5357	4874	4514	4048	3644	3287	3037	2886	2932	3184	3481	3857	4099	4159	4112	3942	3709	3409	3170	2934	2681	2518	2301	
9	4400	60.0	60.0	13	1	1	2	995	1356	2127	3217	4402	5249	5747	5836	5710	5348	4945	4558	4044	3681	3284	3059	2914	2952	3187	3495	3864	4124	4206	4149	3964	3736	3427	3163	2926	2706	2527	2302	
9	4417	60.0	60.0	13	1	1	2	1003	1372	2120	3186	4351	5259	5785	5892	5700	5387	4946	4525	4061	3668	3279	3046	2907	2972	3184	3494	3879	4112	4224	4167	3975	3745	3423	3168	2957	2714	2491	2333	
9	4434	60.0	60.0	13	1	1	2	996	1379	2116	3204	4331	5247	5695	5833	5684	5358	4940	4488	4023	3654	3300	3055	2923	2940	3177	3475	3803	4128	4249	4158	3996	3715	3436	3181	2931	2687	2507	2327	
9	4451	60.0	60.0	13	1	1	2	992	1373	2118	3209	4334	5258	5730	5800	5706	5308	4918	4439	4081	3679	3277	3033	2892	2925	3146	3491	3870	4051	4189	4134	3973	3716	3407	3139	2924	2696	2520	2321	
9	4514	95.2	95.0	14	1	0	2	934	1104	1458	1994	2558	3053	3348	3486	3417	3334	3113	2945	2679	2481	2313	2208	2236	2313	2579	2838	3124	3290	3376	3310	3234	3057	2834	2652	2490	2302	2216	2015	
9	4531	95.0	95.0	14	1	0	2	926	1086	1466	2000	2548	3021	3335	3421	3411	3286	3107	2872	2694	2460	2272	2192	2214	2288	2536	2805	3088	3265	3321	3320	3185	3012	2807	2643	2445	2298	2185	2061	
9	4594	59.8	60.2	14	1	1	2	1003	1380	2090	3168	4295	5229	5714	5826	5639	5298	4873	4472	4028	3636	3249	3049	2864	2938	3150	3477	3856	4069	4184	4119	3955	3693	3409	3159	2909	2709	2499	2329	
9	4611	59.9	60.0	14	1	1	2	1001	1356	2122	3157	4348	5244	5716	5833	5650	5365	4911	4465	4026	3637	3243	3017	2889	2908	3152	3462	3849	4061	4133	4116	3937	3726	3433	3128	2918	2695	2515	2329	
9	4628	59.9	60.0	14	1	1	2	1028	1354	2112	3165	4351	5278	5746	5883	5698	5369	4986	4493	4081	3675	3290	3070	2925	2962	3158	3514	3875	4115	4191	4136	3980	3730	3400	3164	2961	2716	2520	2320	
9	4646	60.0	60.0	14	1	1	2	1005	1374	2110	3163	4338	5286	5749	5893	5609	5372	4935	4544	4080	3629	3287	3055	2898	2938	3145	3497	3827	4096	4202	4137	3976	3720	3425	3136	2964	2678	2500	2324	
9	4663	60.0	60.0	14	1	1	2	1010	1384	2125	3192	4363	5221	5753	5820	5651	5309	4906	4465	4036	3661	3283	3019	2902	2903	3172	3445	3837	4082	4170	4112	3935	3720	3403	3134	2897	2674	2490	2309	
9	4680	60.0	60.0	14	1	1	2	1006	1365	2110	3160	4322	5199	5725	5843	5638	5307	4870	4457	4073	3654	3236	3028	2877	2923	3134	3472	3832	4079	4196	4111	3923	3675	3384	3138	2906	2685	2501	2296	
9	4697	60.0	60.0	14	1	1	2	1014	1365	2095	3161	4338	5258	5709	5840	5682	5314	4896	4490	4032	3621	3250	3029	2884	2938	3155	3472	3819	4026	4191	4152	3959	3662	3405	3157	2906	2661	2477	2316	
9	4762	95.2	95.0	15	1	0	2	919	1095	1461	1993	2536	3039	3326	3436	3411	3276	3071	2872	2677	2492	2278	2215	2232	2300	2538	2798	3102	3229	3351	3299	3200	3005	2814	2634	2477	2302	2170	2057	
9	4779	95.0	95.0	15	1	0	2	920	1098	1476	1974	2548	3019	3297	3432	3390	3275	3108	2870	2668	2471	2291	2213	2214	2300	2525	2781	3095	3261	3344	3281	3161	2995	2818	2621	2467	2286	2171	2044	
9	4842	59.6	60.2	15	1	1	2	1002	1342	2108	3153	4266	5169	5696	5821	5610	5326	4891	4455	4003	3668	3258	2989	2905	2889	3134	3463	3810	4041	4144	4091	3916	3663	3413	3154	2882	2679	2461	2308	
9	4859	59.9	60.0	15	1	1	2	996	1346	2113	3157	4308	5189	5657	5786	5590	5270	4896	4449	4027	3636	3247	3036	2849	2907	3151	3431	3814	4042	4148	4058	3916	3657	3394	3114	2900	2656	2488	2288	
9	4876	60.0	60.0	15	1	1	2	998	1358	2098	3151	4289	5180	5647	5811	5581	5264	4842	4465	4010	3612	3274	3009	2882	2907	3157	3456	3823	4052	4153	4118	3944	3676	3395	3126	2896	2675	2480	2311	
9	4894	60.0	60.0	15	1	1	2	992	1360	2100	3183	4346	5250	5679	5862	5640	5301	4888	4489	4041	3658	3264	3039	2902	2956	3144	3429	3819	4062	4204	4120	3945	3716	3352	3144	2926	2677	2490	2318	
9	4911	60.0	60.0	15	1	1	2	1003	1348	2082	3173	4316	5249	5709	5826	5651	5358	4904	4485	4022	3640	3241	3033	2888	2940	3134	3479	3832	4087	4200	4085	3929	3673	3396	3151	2896	2656	2444	2305	
9	4928	60.0	60.0	15	1	1	2	1020	1362	2110	3164	4331	5201	5701	5829	5564	5337	4919	4502	4026	3619	3241	3018	2871	2921	3157	3464	3816	4028	4169	4124	3925	3714	3409	3144	2929	2674	2518	2287	
9	4945	60.0	60.0	15	1	1	2	1010	1351	2116	3157	4321	5198	5677	5786	5554	5313	4894	4452	4047	3621	3233	3024	2834	2906	3150	3437	3826	4008	4145	4090	3911	3671	3408	3121	2880	2646	2488	2309	
9	5010	95.3	95.0	16	1	0	2	900	1102	1478	1996	2549	3047	3349	3465	3403	3272	3115	2892	2667	2477	2329	2216	2205	2315	2570	2813	3090	3264	3366	3337	3223	3029	2808	2623	2483	2320	2179	2062	
9	5027	95.0	95.0	16	1	0	2	922	1089	1450	1920	2528	2983	3283	3448	3369	3225	3079	2866	2640	2460	2282	2193	2178	2294	2516	2779	3042	3245	3344	3290	3158	3028	2802	2590	2458	2279	2177	2049	
9	5090	59.7	60.2	16	1	1	2	1010	1345	2102	3142	4283	5193	5653	5812	5577	5319	4857	4448	4004	3619	3251	3018	2891	2909	3160	3468	3803	4047	4176	4107	3933	3731	3376	3160	2889	2652	2485	2295	
9	5107	60.0	60.0	16	1	1	2	1007	1345	2090	3180	4303	5196	5723	5798	5610	5285	4869	4446	4026	3637	3271	3019	2904	2941	3160	3446	3849	4070	4163	4107	3919	3686	3403	3107	2906	2662	2494	2316	
9	5124	60.0	60.0	16	1	1	2	1000	1353	2106	3182	4293	5238	5691	5852	5616	5312	4845	4506	4024	3644	3263	3007	2875	2917	3155	3480	3818	4072	4165	4129	3904	3703	3380	3155	2878	2649	2492	2325	
9	5142	59.9	60.0	16	1	1	2	1015	1363	2095	3184	4318	5217	5705	5779	5622	5321	4888	4441	4024	3646	3297	3059	2867	2940	3167	3433	3822	4047	4180	4126	3919	3700	3421	3153	2906	2670	2492	2348	
9	5159	60.0	60.0	16	1	1	2	1002	1366	2103	3179	4310	5235	5688	5818	5619	5336	4843	4479	4021	3655	3275	3014	2881	2901	3135	3470	3818	4067	4163	4065	3923	3722	3414	3135	2898	2666	2479	2316	
9	5176	60.0	60.0	16	1	1	2	995	1339	2087	3176	4323	5219	5703	5829	5585	5286	4878	4504	4026	3670	3243	3015	2909	2893	3128	3423	3782	4014	4153	4108	3910	3695	3391	3124	2927	2677	2477	2293	
9	5193	60.0	60.0	16	1	1	2	1012	1353	2096	3187	4326	5186	5690	5832	5578	5312	4823	4456	4048	3637	3242	3047	2864	2920	3155	3440	3812	4013	4147	4109	3837	3685	3413	3122	2897	2688	2464	2310	
9	5256	95.3	95.0	17	1	0	2	920	1090	1454	1988	2568	3070	3353	3427	3399	3241	3076	2861	2683	2450	2290	2211	2223	2322	2511	2821	3120	3273	3327	3297	3170	3017	2824	2658	2472	2319	2163	2020	
9	5273	95.0	95.0	17	1	0	2	915	1114	1464	1989	2507	2991	3323	3420	3363	3212	3054	2878	2668	2459	2270	2213	2204	2278	2516	2776	3072	3234	3322	3252	3178	3007	2774	2635	2448	2291	2141	2021	
9	5336	59.7	60.1	17	1	1	2	1005	1363	2087	3128	4274	5108	5612	5742	5570	5226	4822	4441	3964	3623	3227	2991	2873	2905	3114	3425	3760	4022	4131	4078	3914	3664	3383	3112	2878	2641	2511	2288	
9	5353	60.0	60.0	17	1	1	2	1001	1362	2088	3160	4285	5173	5658	5784	5575	5294	4829	4443	4006	3620	3248	3032	2871	2912	3143	3424	3803	4014	4140	4108	3939	3664	3412	3130	2889	2668	2492	2295	
9	5371	59.9	60.0	17	1	1	2	996	1370	2093	3158	4314	5179	5737	5800	5598	5260	4873	4462	4042	3617	3238	3049	2892	2875	3163	3434	3831	4030	4174	4092	3906	3676	3378	3157	2896	2669	2499	2290	
9	5388	60.0	60.0	17	1	1	2	1003	1362	2088	3179	4322	5188	5700	5784	5587	5273	4886	4443	4016	3620	3247	3028	2897	2875	3137	3444	3811	4036	4125	4084	3916	3651	3411	3165	2900	2644	2494	2300	
9	5405	60.0	60.0	17	1	1	2	1001	1352	2111	3184	4315	5251	5760	5807	5592	5327	4882	4493	4038	3644	3263	3017	2877	2907	3143	3433	3795	4011	4154	4087	3934	3646	3415	3172	2896	2661	2502	2326	
9	5422	59.9	60.0	17	1	1	2	1005	1361	2107	3214	4285	5208	5666	5811	5582	5330	4893	4464	4015	3626	3263	3024	2872	2916	3156	3445	3814	4035	4155	4137	3907	3671	3384	3140	2911	2676	2437	2308	
9	5440	60.0	60.0	17	1	1	2	995	1361	2098	3171	4305	5172	5704	5803	5606	5245	4875	4457	4038	3577	3241	3029	2878	2909	3141	3433	3784	4040	4157	4060	3922	3653	3402	3114	2884	2646	2485	2326	
9	5504	95.3	95.0	18	1	0	2	917	1121	1461	1970	2535	3027	3309	3415	3364	3258	3058	2876	2607	2451	2266	2209	2194	2324	2514	2795	3103	3205	3315	3238	3143	2987	2802	2588	2463	2308	2140	2008	
9	5521	95.0	95.0	18	1	0	2	917	1093	1456	1977	2533	3010	3293	3382	3329	3266	3054	2888	2638	2431	2280	2201	2202	2253	2515	2753	3069	3227	3314	3257	3149	2989	2789	2623	2480	2298	2146	2018	
9	5584	59.8	60.1	18	1	1	2	988	1357	2079	3128	4277	5138	5659	5767	5532	5255	4834	4440	3961	3617	3222	2986	2872	2903	3119	3415	3771	4070	4121	4070	3899	3672	3387	3096	2916	2654	2483	2273	
9	5601	59.9	60.0	18	1	1	2	999	1338	2090	3180	4291	5164	5695	5773	5540	5271	4873	4459	4049	3588	3218	2993	2871	2902	3110	3459	3813	4022	4165	4067	3900	3613	3369	3125	2869	2599	2492	2284	
9	5619	60.0	60.0	18	1	1	2	998	1346	2122	3139	4295	5209	5666	5811	5644	5336	4882	4413	4026	3609	3242	3003	2868	2911	3145	3449	3805	4043	4169	4117	3936	3674	3382	3142	2906	2639	2464	2274	
9	5636	60.0	60.0	18	1	1	2	1008	1357	2095	3155	4307	5207	5719	5794	5594	5332	4889	4440	4010	3640	3263	3034	2864	2881	3148	3430	3857	4070	4134	4087	3931	3666	3395	3136	2901	2671	2479	2301	
9	5653	60.0	60.0	18	1	1	2	1002	1352	2095	3161	4320	5170	5680	5780	5604	5283	4852	4454	3981	3647	3255	2989	2860	2927	3133	3430	3821	4092	4173	4044	3889	3653	3376	3095	2860	2684	2476	2294	
9	5670	60.0	60.0	18	1	1	2	994	1362	2101	3159	4321	5194	5676	5853	5589	5271	4891	4493	4015	3608	3248	3028	2876	2905	3123	3454	3790	4050	4192	4085	3954	3682	3363	3105	2877	2654	2505	2303	
9	5688	59.9	60.0	18	1	1	2	991	1366	2117	3147	4273	5215	5672	5780	5599	5285	4873	4459	4032	3639	3264	3010	2894	2886	3140	3434	3820	4023	4124	4073	3917	3658	3366	3145	2890	2642	2487	2302	
9	5752	95.3	95.0	19	1	0	2	916	1098	1442	1977	2514	3041	3315	3435	3379	3277	3118	2877	2675	2465	2283	2206	2206	2285	2506	2784	3123	3207	3334	3279	3159	2961	2788	2608	2464	2302	2172	2007	
9	5769	95.0	95.0	19	1	0	2	911	1103	1459	1953	2522	3045	3281	3420	3367	3248	3016	2862	2632	2427	2278	2187	2188	2272	2528	2764	3083	3240	3301	3275	3159	2974	2780	2627	2452	2269	2175	2033	
9	5832	59.7	60.2	19	1	1	2	1010	1349	2074	3175	4254	5145	5616	5773	5524	5265	4822	4445	3997	3602	3224	3000	2881	2932	3137	3427	3773	4027	4149	4036	3887	3650	3349	3104	2886	2663	2489	2318	
9	5850	59.9	60.0	19	1	1	2	1004	1344	2095	3126	4273	5179	5647	5787	5532	5231	4855	4408	3994	3608	3261	3002	2855	2906	3118	3442	3766	4007	4085	4058	3860	3673	3361	3097	2864	2657	2484	2297	
9	5867	59.9	60.0	19	1	1	2	992	1365	2079	3174	4306	5245	5678	5820	5570	5345	4872	4461	4029	3620	3252	3039	2856	2887	3144	3423	3787	4013	4148	4087	3914	3701	3390	3141	2908	2676	2493	2318	
9	5884	59.9	60.0	19	1	1	2	996	1361	2086	3144	4293	5142	5648	5821	5581	5303	4844	4455	4025	3620	3234	3017	2870	2894	3159	3458	3796	4041	4148	4066	3914	3680	3388	3110	2885	2633	2502	2316	
9	5901	59.9	60.0	19	1	1	2	994	1356	2092	3175	4301	5218	5672	5812	5553	5277	4854	4457	3984	3632	3284	3009	2875	2863	3115	3451	3791	4030	4140	4058	3913	3657	3351	3130	2841	2669	2478	2314	
9	5919	60.0	60.0	19	1	1	2	999	1376	2121	3147	4329	5171	5657	5772	5587	5283	4868	4425	3995	3597	3241	3000	2869	2918	3195	3452	3790	4056	4151	4124	3900	3660	3382	3108	2904	2640	2476	2283	
9	5936	60.0	60.0	19	1	1	2	999	1362	2067	3166	4343	5201	5673	5797	5567	5323	4873	4467	3988	3612	3227	3029	2876	2926	3132	3415	3808	4007	4152	4074	3858	3696	3400	3124	2873	2659	2452	2303	
9	6000	95.3	95.0	20	1	0	2	922	1084	1472	1989	2535	3009	3311	3415	3392	3293	3043	2864	2679	2454	2274	2206	2212	2294	2514	2752	3095	3270	3338	3278	3175	2950	2802	2631	2482	2292	2165	2018	
9	6018	95.0	95.0	20	1	0	2	911	1104	1455	1967	2540	3006	3315	3419	3345	3228	3037	2861	2621	2448	2242	2197	2184	2299	2496	2788	3098	3225	3292	3266	3131	2978	2774	2594	2451	2282	2157	2020	
9	6080	59.6	60.3	20	1	1	2	987	1352	2087	3145	4291	5160	5660	5760	5574	5308	4856	4449	4056	3604	3211	2989	2842	2932	3148	3466	3782	4034	4140	4093	3881	3642	3381	3123	2885	2692	2474	2300	
9	6098	60.0	60.0	20	1	1	2	995	1344	2078	3143	4293	5155	5646	5757	5592	5226	4846	4434	3975	3623	3248	3005	2872	2868	3128	3439	3820	3990	4138	4103	3906	3671	3371	3098	2881	2640	2484	2267	
9	6115	59.9	60.0	20	1	1	2	997	1356	2077	3161	4296	5182	5695	5792	5601	5291	4851	4465	4046	3612	3241	3032	2881	2925	3139	3456	3822	4044	4183	4114	3898	3687	3390	3133	2885	2665	2475	2297	
9	6132	60.0	60.0	20	1	1	2	984	1368	2111	3136	4310	5182	5675	5883	5622	5253	4871	4447	3982	3605	3226	3002	2884	2916	3134	3430	3791	3997	4120	4048	3919	3656	3345	3116	2893	2649	2478	2284	
9	6149	60.0	60.0	20	1	1	2	998	1368	2084	3128	4272	5144	5687	5726	5549	5247	4839	4466	3973	3585	3222	3019	2882	2894	3101	3419	3818	3998	4097	4080	3906	3680	3342	3100	2879	2667	2464	2308	
9	6167	59.9	60.0	20	1	1	2	1032	1353	2091	3144	4270	5207	5641	5758	5547	5301	4888	4418	3988	3631	3242	3031	2866	2877	3110	3407	3822	4009	4139	4065	3883	3683	3390	3129	2886	2669	2471	2308	
9	6184	59.9	60.0	20	1	1	2	1004	1338	2102	3125	4290	5185	5632	5785	5580	5262	4846	4411	4004	3631	3235	3036	2860	2899	3118	3433	3810	4024	4145	4050	3894	3663	3379	3130	2892	2653	2457	2293	
9	6248	95.3	95.0	21	1	0	2	921	1081	1443	1953	2543	3015	3341	3409	3384	3277	3053	2858	2663	2471	2262	2219	2174	2273	2505	2784	3040	3244	3337	3261	3134	3006	2798	2632	2444	2304	2160	2036	
9	6266	95.0	95.0	21	1	0	2	897	1119	1450	1979	2524	2996	3280	3390	3375	3230	3039	2886	2638	2450	2281	2201	2196	2285	2526	2759	3054	3211	3312	3289	3168	2965	2799	2602	2473	2264	2162	2014	
9	6326	59.8	60.3	21	1	1	2	987	1346	2088	3134	4281	5146	5688	5761	5526	5260	4837	4418	4009	3597	3228	3014	2874	2890	3144	3451	3767	4030	4108	4083	3898	3663	3353	3106	2867	2624	2476	2292	
9	6344	60.0	60.0	21	1	1	2	1009	1359	2094	3142	4272	5136	5688	5734	5563	5254	4808	4449	4011	3634	3199	3008	2877	2893	3142	3439	3774	4025	4155	4082	3895	3661	3384	3099	2892	2655	2465	2283	
9	6361	60.0	60.0	21	1	1	2	992	1361	2083	3129	4302	5187	5683	5812	5560	5262	4880	4452	4023	3610	3197	3022	2878	2919	3116	3425	3788	4034	4117	4090	3873	3644	3367	3122	2858	2635	2483	2281	
9	6378	59.9	60.0	21	1	1	2	994	1364	2081	3133	4267	5192	5676	5767	5576	5249	4844	4483	3969	3611	3238	2993	2849	2896	3096	3407	3778	4005	4164	4108	3916	3656	3371	3127	2906	2665	2462	2267	
9	6395	60.0	60.0	21	1	1	2	997	1331	2091	3163	4263	5158	5670	5766	5586	5264	4826	4456	3995	3615	3241	3025	2873	2889	3111	3444	3788	4017	4128	4001	3884	3619	3336	3112	2857	2617	2488	2285	
9	6413	60.0	60.0	21	1	1	2	991	1361	2107	3170	4330	5204	5670	5742	5580	5271	4859	4447	3994	3664	3249	3001	2851	2897	3129	3419	3801	4034	4138	4069	3910	3648	3393	3120	2864	2660	2478	2302	
9	6430	60.0	60.0	21	1	1	2	995	1356	2091	3171	4309	5152	5643	5796	5552	5262	4835	4444	4016	3627	3259	3007	2846	2886	3111	3419	3795	3987	4160	4111	3917	3678	3395	3120	2879	2656	2449	2309	
9	6492	95.2	95.0	22	1	0	2	900	1075	1431	1967	2559	3005	3277	3408	3388	3227	3039	2881	2650	2462	2272	2189	2226	2272	2526	2770	3058	3227	3307	3304	3174	3026	2778	2604	2432	2282	2158	2007	
9	6510	95.0	95.0	22	1	0	2	922	1098	1469	1980	2526	3000	3280	3402	3383	3260	3053	2854	2654	2439	2286	2206	2196	2285	2522	2767	3094	3244	3316	3261	3154	2982	2784	2613	2452	2308	2131	2022	
9	6573	59.8	60.1	22	1	1	2	997	1362	2105	3124	4252	5132	5635	5740	5517	5214	4851	4423	3987	3575	3241	2981	2865	2911	3127	3402	3783	4008	4134	4076	3914	3642	3394	3125	2864	2623	2472	2282	
9	6590	59.9	60.0	22	1	1	2	997	1365	2089	3139	4264	5137	5631	5781	5560	5232	4830	4434	3976	3581	3212	2995	2837	2920	3100	3405	3784	4025	4153	3996	3853	3649	3384	3153	2869	2639	2464	2289	
9	6607	59.9	60.0	22	1	1	2	1006	1361	2083	3144	4309	5177	5647	5775	5532	5293	4837	4448	3992	3601	3226	2992	2876	2907	3125	3397	3801	3994	4145	4066	3905	3670	3362	3113	2872	2653	2480	2312	
9	6624	60.0	60.0	22	1	1	2	986	1353	2086	3151	4287	5146	5675	5795	5585	5278	4828	4423	3994	3615	3236	3009	2861	2904	3099	3450	3783	4012	4142	4084	3895	3678	3370	3086	2898	2635	2462	2312	
9	6642	59.9	60.0	22	1	1	2	994	1350	2095	3146	4287	5168	5634	5763	5518	5238	4800	4393	3980	3611	3217	3000	2875	2899	3108	3403	3802	3982	4080	4051	3900	3624	3369	3117	2851	2675	2467	2286	
9	6659	60.0	60.0	22	1	1	2	995	1353	2086	3124	4262	5158	5637	5768	5580	5276	4824	4428	3965	3611	3252	2967	2803	2912	3114	3450	3813	4026	4159	4073	3873	3656	3349	3116	2917	2662	2474	2296	
9	6676	59.9	60.0	22	1	1	2	995	1344	2088	3142	4304	5163	5660	5788	5504	5262	4830	4432	3965	3580	3207	3018	2879	2889	3107	3404	3774	4023	4092	4035	3902	3639	3356	3119	2859	2636	2454	2272	
9	6739	95.3	95.0	23	1	0	2	914	1086	1457	1977	2543	2982	3300	3411	3370	3259	3055	2843	2650	2478	2278	2186	2165	2301	2516	2747	3047	3240	3297	3232	3132	2991	2774	2629	2434	2292	2125	2024	
9	6756	95.0	95.0	23	1	0	2	913	1078	1437	1972	2526	3000	3304	3419	3366	3254	3071	2841	2645	2430	2246	2207	2187	2283	2497	2758	3027	3170	3286	3281	3146	2967	2787	2604	2459	2257	2147	2013	
9	6819	59.8	60.1	23	1	1	2	981	1333	2051	3115	4247	5131	5630	5739	5528	5230	4842	4411	3952	3578	3202	2984	2854	2891	3097	3415	3751	3990	4116	4059	3880	3668	3374	3122	2865	2667	2485	2270	
9	6836	60.0	60.0	23	1	1	2	996	1371	2060	3114	4252	5130	5619	5746	5516	5212	4865	4385	3994	3573	3253	3009	2829	2907	3109	3401	3747	4014	4113	4068	3876	3638	3355	3081	2853	2634	2477	2269	
9	6853	60.0	60.0	23	1	1	2	998	1360	2088	3158	4264	5158	5675	5775	5565	5232	4829	4416	3993	3568	3225	2982	2873	2889	3135	3441	3822	4024	4142	4100	3923	3645	3374	3135	2904	2664	2463	2276	
9	6870	60.0	60.0	23	1	1	2	997	1354	2065	3127	4264	5148	5627	5743	5512	5236	4845	4397	3974	3602	3225	2981	2885	2887	3080	3408	3775	3990	4128	4053	3898	3667	3377	3093	2857	2644	2467	2298	
9	6888	59.9	60.0	23	1	1	2	997	1353	2115	3135	4311	5172	5672	5805	5571	5258	4813	4411	3994	3603	3211	2981	2849	2848	3102	3426	3764	3951	4136	4033	3896	3633	3364	3114	2861	2633	2475	2270	
9	6905	59.9	60.0	23	1	1	2	987	1361	2098	3160	4223	5177	5581	5705	5519	5202	4829	4391	3962	3593	3208	3005	2848	2868	3103	3390	3772	3978	4083	4016	3872	3644	3360	3120	2871	2645	2428	2262	
9	6922	60.0	60.0	23	1	1	2	999	1340	2089	3157	4250	5136	5632	5712	5557	5241	4840	4418	3948	3580	3271	2997	2837	2901	3132	3393	3754	3993	4140	4065	3861	3669	3347	3115	2878	2664	2440	2265	
9	6985	95.1	95.0	24	1	0	2	931	1099	1448	1953	2510	2980	3286	3395	3340	3223	3060	2863	2651	2431	2278	2182	2234	2292	2500	2788	3046	3216	3273	3288	3128	2983	2822	2612	2437	2286	2136	2017	
9	7002	95.0	95.0	24	1	0	2	931	1078	1448	1949	2511	3021	3279	3405	3320	3244	3020	2853	2620	2424	2268	2161	2167	2276	2480	2747	3045	3188	3273	3257	3095	2960	2773	2595	2442	2258	2139	2014	
9	7065	59.8	60.1	24	1	1	2	1006	1347	2101	3132	4241	5112	5616	5720	5521	5228	4820	4364	3941	3608	3208	2962	2826	2851	3108	3391	3752	3988	4088	4052	3874	3668	3349	3097	2882	2608	2435	2276	
9	7082	59.9	60.0	24	1	1	2	1015	1346	2092	3130	4264	5106	5601	5716	5515	5216	4785	4402	3909	3595	3226	2947	2833	2866	3077	3407	3757	3968	4089	4041	3841	3653	3333	3105	2863	2627	2449	2257	
9	7099	59.9	60.0	24	1	1	2	990	1344	2074	3139	4296	5186	5619	5731	5556	5250	4813	4448	3989	3618	3221	2986	2864	2888	3126	3419	3747	3998	4100	4015	3896	3635	3367	3160	2855	2612	2445	2287	
9	7116	60.0	60.0	24	1	1	2	1001	1339	2079	3146	4238	5135	5616	5765	5528	5227	4809	4435	3948	3604	3249	3007	2857	2908	3090	3417	3805	3984	4092	4045	3884	3665	3358	3093	2838	2619	2457	2290	
9	7134	60.0	60.0	24	1	1	2	1007	1348	2073	3146	4245	5164	5640	5712	5564	5226	4789	4397	3989	3547	3196	2979	2828	2908	3096	3442	3744	3967	4061	4066	3875	3661	3368	3092	2868	2657	2452	2297	
9	7151	59.9	60.0	24	1	1	2	1002	1355	2081	3128	4292	5159	5694	5750	5517	5210	4847	4396	4000	3604	3222	3033	2871	2881	3128	3375	3788	4004	4157	4060	3897	3622	3344	3118	2864	2645	2443	2301	
9	7168	60.0	60.0	24	1	1	2	1016	1346	2085	3133	4262	5119	5596	5736	5549	5229	4822	4397	3996	3641	3230	2957	2809	2907	3094	3417	3759	3984	4122	4047	3884	3626	3324	3082	2879	2612	2497	2287	
9	7233	95.1	95.1	25	1	0	2	935	1083	1442	1961	2519	2985	3279	3392	3299	3227	3052	2837	2602	2451	2265	2188	2186	2263	2495	2756	3039	3247	3264	3232	3154	2963	2775	2600	2445	2277	2128	1997	
9	7250	95.0	95.0	25	1	0	2	924	1063	1448	1958	2491	2977	3256	3386	3325	3230	3006	2818	2617	2437	2254	2188	2161	2256	2488	2757	3037	3178	3253	3258	3100	2955	2788	2569	2425	2280	2136	1985	
9	7313	59.8	60.1	25	1	1	2	1000	1306	2083	3123	4192	5067	5579	5696	5463	5245	4784	4403	3959	3589	3229	2972	2819	2876	3092	3361	3787	3976	4060	4028	3860	3612	3343	3120	2850	2623	2446	2273	
9	7330	59.9	60.0	25	1	1	2	1018	1318	2110	3139	4213	5081	5577	5710	5473	5214	4749	4400	3923	3563	3222	2954	2841	2864	3082	3381	3758	3972	4088	3981	3836	3640	3325	3114	2900	2606	2459	2276	
9	7347	59.9	60.0	25	1	1	2	989	1353	2076	3150	4284	5155	5621	5741	5441	5214	4817	4396	4004	3571	3237	3008	2854	2864	3107	3391	3766	3979	4113	4033	3858	3632	3364	3114	2850	2661	2477	2267	
9	7365	60.0	60.0	25	1	1	2	989	1358	2064	3144	4270	5158	5622	5734	5553	5256	4823	4411	3978	3577	3258	2987	2868	2853	3096	3408	3753	4009	4078	4016	3880	3631	3368	3110	2870	2597	2465	2271	
9	7382	60.0	60.0	25	1	1	2	993	1336	2080	3103	4254	5114	5614	5728	5517	5233	4787	4412	3954	3603	3225	2986	2810	2885	3129	3416	3764	4000	4062	4042	3852	3628	3328	3072	2876	2627	2446	2289	
9	7399	60.0	60.0	25	1	1	2	996	1372	2091	3154	4250	5121	5606	5687	5537	5269	4799	4441	3976	3577	3227	2977	2836	2858	3071	3380	3738	3987	4102	4041	3889	3594	3376	3113	2863	2656	2494	2286	
9	7416	59.9	60.0	25	1	1	2	993	1349	2084	3131	4220	5111	5638	5711	5486	5194	4792	4394	4016	3581	3214	2970	2868	2889	3109	3358	3756	3974	4104	4005	3870	3646	3365	3100	2872	2630	2440	2277	
9	7479	95.1	95.0	26	1	0	2	911	1100	1446	1971	2496	2984	3260	3410	3361	3230	3060	2845	2616	2472	2274	2186	2189	2262	2467	2763	3049	3207	3301	3241	3130	2978	2769	2577	2438	2261	2139	1987	
9	7496	95.0	95.0	26	1	0	2	943	1076	1428	1957	2489	2977	3252	3369	3326	3210	3070	2855	2609	2450	2260	2189	2135	2308	2514	2746	3050	3212	3267	3217	3117	2972	2763	2598	2415	2262	2130	2011	
9	7559	59.9	60.1	26	1	1	2	989	1348	2068	3093	4193	5093	5594	5726	5485	5257	4746	4402	3930	3574	3240	2992	2860	2879	3075	3388	3788	3967	4092	4023	3850	3613	3350	3112	2854	2616	2438	2273	
9	7576	59.9	60.0	26	1	1	2	999	1340	2096	3135	4260	5173	5633	5765	5516	5198	4791	4437	3972	3574	3211	2960	2833	2888	3084	3374	3803	3992	4109	4069	3867	3631	3358	3073	2872	2593	2463	2241	
9	7593	59.9	60.0	26	1	1	2	993	1326	2082	3105	4269	5119	5622	5735	5531	5212	4798	4360	3944	3594	3235	3002	2820	2868	3098	3394	3766	3994	4083	4093	3841	3622	3362	3109	2840	2637	2446	2280	
9	7611	59.9	60.0	26	1	1	2	1018	1357	2108	3116	4263	5135	5616	5689	5545	5194	4782	4384	3930	3616	3204	2972	2852	2880	3077	3378	3752	4020	4126	4032	3899	3626	3346	3066	2868	2652	2464	2273	
9	7628	60.0	60.0	26	1	1	2	1006	1345	2073	3114	4255	5107	5635	5735	5528	5197	4803	4408	3981	3559	3224	2975	2831	2858	3100	3381	3751	3980	4094	4034	3870	3603	3323	3114	2866	2622	2442	2280	
9	7645	60.0	60.0	26	1	1	2	1000	1358	2077	3113	4279	5138	5615	5715	5519	5206	4796	4419	3981	3594	3188	2935	2862	2858	3102	3396	3745	3990	4085	4060	3861	3638	3374	3110	2836	2654	2416	2270	
9	7662	60.0	60.0	26	1	1	2	1002	1350	2075	3129	4260	5105	5619	5677	5482	5182	4811	4366	3965	3568	3211	2978	2834	2877	3084	3393	3734	3960	4087	4060	3868	3606	3337	3075	2835	2628	2436	2322	
9	7725	95.1	95.0	27	1	0	2	917	1095	1452	1972	2544	3019	3292	3428	3377	3228	3078	2850	2616	2475	2286	2181	2194	2290	2513	2798	3037	3222	3294	3238	3124	2976	2766	2612	2448	2268	2172	2001	
9	7742	95.0	95.0	27	1	0	2	912	1096	1428	1943	2494	2975	3265	3400	3304	3241	3011	2824	2630	2427	2256	2173	2168	2240	2468	2750	3047	3203	3242	3259	3108	2951	2727	2578	2420	2272	2118	2002	
9	7805	59.8	60.1	27	1	1	2	1000	1330	2077	3126	4207	5135	5548	5687	5528	5218	4788	4367	3949	3635	3208	2963	2826	2877	3107	3424	3767	3960	4086	4003	3854	3653	3316	3116	2845	2633	2439	2248	
9	7822	59.9	60.0	27	1	1	2	989	1361	2069	3121	4239	5123	5580	5685	5533	5211	4786	4355	3948	3560	3183	3002	2831	2871	3070	3388	3762	3986	4087	4028	3834	3646	3328	3074	2833	2629	2456	2256	
9	7840	60.0	60.0	27	1	1	2	1015	1341	2082	3103	4240	5181	5636	5727	5526	5250	4816	4401	3969	3561	3240	2983	2821	2909	3083	3405	3737	3973	4089	4037	3863	3607	3341	3074	2858	2612	2434	2288	
9	7857	60.0	60.0	27	1	1	2	998	1332	2087	3150	4280	5147	5620	5820	5562	5251	4839	4441	3986	3610	3235	2988	2846	2908	3098	3427	3794	3964	4102	4030	3868	3639	3345	3091	2855	2646	2486	2292	
9	7874	60.0	60.0	27	1	1	2	1000	1362	2095	3162	4263	5141	5654	5697	5506	5265	4810	4400	3944	3581	3208	2984	2854	2868	3110	3390	3762	4008	4099	4073	3858	3650	3363	3088	2863	2641	2434	2267	
9	7891	60.0	60.0	27	1	1	2	1004	1358	2088	3138	4215	5148	5597	5662	5520	5220	4808	4401	3945	3556	3198	2950	2852	2868	3116	3393	3757	3975	4080	4000	3888	3620	3376	3074	2847	2627	2448	2286	
9	7909	60.0	60.0	27	1	1	2	988	1370	2092	3107	4256	5105	5618	5699	5503	5186	4804	4357	3962	3535	3184	2974	2861	2872	3114	3411	3781	3947	4083	4029	3881	3606	3364	3066	2845	2612	2446	2256	
9	7973	95.1	95.1	28	1	0	2	921	1092	1447	1983	2517	2966	3269	3384	3324	3217	3051	2844	2641	2431	2264	2181	2174	2259	2488	2738	3056	3202	3268	3234	3109	2938	2764	2594	2434	2267	2146	2001	
9	7990	95.0	95.0	28	1	0	2	919	1086	1432	1968	2498	2960	3267	3411	3333	3247	3022	2835	2644	2451	2272	2204	2186	2261	2487	2759	3059	3190	3287	3243	3136	2921	2778	2610	2435	2274	2124	2006	
9	8053	59.7	60.2	28	1	1	2	1013	1333	2092	3107	4220	5117	5609	5748	5520	5207	4791	4394	3958	3566	3172	2977	2862	2860	3095	3425	3720	3978	4074	4062	3884	3635	3357	3091	2879	2626	2443	2279	
9	8070	59.9	60.0	28	1	1	2	984	1373	2064	3094	4236	5117	5586	5719	5479	5191	4799	4408	3988	3580	3199	2960	2821	2858	3081	3399	3754	3963	4075	4031	3849	3609	3359	3068	2860	2630	2388	2296	
9	8088	59.9	60.0	28	1	1	2	996	1354	2071	3145	4247	5124	5587	5667	5481	5204	4820	4408	3945	3563	3226	3005	2834	2868	3092	3391	3762	3976	4089	4038	3838	3635	3348	3078	2863	2630	2445	2280	
9	8105	60.0	60.0	28	1	1	2	1004	1350	2093	3119	4221	5136	5599	5718	5542	5247	4806	4400	3953	3576	3188	2982	2813	2866	3095	3387	3776	3945	4080	4029	3905	3625	3343	3097	2832	2614	2429	2267	
9	8122	60.0	60.0	28	1	1	2	992	1355	2087	3114	4267	5123	5577	5683	5502	5258	4802	4386	3989	3576	3205	2939	2870	2876	3087	3406	3750	3994	4061	4013	3880	3649	3352	3100	2883	2622	2434	2274	
9	8139	59.9	60.0	28	1	1	2	986	1352	2098	3137	4248	5144	5564	5740	5538	5203	4778	4381	3967	3564	3222	2990	2848	2874	3112	3418	3778	3990	4073	4001	3867	3612	3348	3106	2851	2629	2450	2285	
9	8157	60.0	60.0	28	1	1	2	991	1344	2077	3132	4293	5103	5590	5720	5528	5207	4814	4418	3959	3579	3206	2975	2830	2888	3145	3380	3723	3976	4166	4079	3872	3604	3364	3090	2868	2612	2433	2300	
9	8219	95.2	95.0	29	1	0	2	917	1093	1433	1942	2543	2977	3284	3406	3328	3255	3041	2836	2612	2426	2288	2181	2168	2261	2480	2736	3072	3175	3300	3238	3136	2932	2718	2590	2434	2272	2122	2019	
9	8236	95.0	95.0	29	1	0	2	918	1112	1406	1933	2509	2987	3250	3365	3305	3217	3044	2832	2623	2430	2241	2180	2144	2233	2495	2751	3026	3185	3248	3222	3117	2961	2770	2583	2422	2278	2123	1995	
9	8299	59.7	60.2	29	1	1	2	994	1330	2060	3104	4232	5051	5577	5646	5492	5193	4741	4374	3912	3579	3178	2965	2823	2856	3079	3382	3772	3944	4085	4020	3853	3593	3317	3073	2821	2626	2449	2269	
9	8317	59.9	60.0	29	1	1	2	980	1333	2092	3106	4285	5125	5596	5715	5511	5243	4804	4363	3954	3550	3187	2987	2837	2870	3112	3409	3776	3972	4081	4045	3878	3642	3372	3085	2832	2620	2446	2255	
9	8334	60.0	60.0	29	1	1	2	1000	1340	2078	3108	4258	5141	5557	5717	5528	5203	4792	4399	3965	3608	3223	2978	2857	2857	3061	3400	3736	3998	4076	4029	3902	3654	3343	3092	2840	2611	2440	2287	
9	8351	59.9	60.0	29	1	1	2	997	1336	2109	3147	4275	5191	5639	5727	5538	5239	4826	4393	3983	3578	3236	2996	2850	2905	3070	3392	3790	3980	4118	4039	3857	3638	3349	3094	2881	2625	2448	2283	
9	8368	60.0	60.0	29	1	1	2	999	1357	2075	3117	4273	5138	5565	5711	5553	5249	4781	4407	3981	3559	3219	2968	2844	2869	3110	3387	3737	3966	4140	4052	3864	3617	3351	3070	2863	2659	2453	2262	
9	8386	60.0	60.0	29	1	1	2	1002	1372	2070	3126	4268	5109	5628	5704	5543	5191	4793	4387	3932	3552	3213	2955	2876	2847	3096	3419	3716	3940	4060	4013	3867	3590	3342	3092	2838	2625	2429	2272	
9	8403	60.0	60.0	29	1	1	2	989	1349	2095	3141	4240	5147	5611	5705	5503	5249	4755	4406	3958	3580	3220	2977	2858	2849	3104	3410	3768	4034	4094	4045	3864	3622	3326	3120	2838	2653	2467	2274	
9	8467	95.3	95.0	30	1	0	2	918	1084	1454	1946	2503	2972	3299	3420	3314	3225	3040	2833	2650	2430	2251	2193	2183	2277	2500	2748	3042	3224	3271	3254	3137	2975	2766	2624	2432	2294	2137	2006	
9	8485	95.0	95.0	30	1	0	2	917	1094	1432	1959	2533	2972	3261	3357	3335	3213	3024	2795	2589	2445	2246	2171	2183	2278	2489	2759	3015	3187	3271	3223	3125	2952	2756	2593	2427	2252	2133	1997	
9	8547	59.6	60.2	30	1	1	2	986	1352	2065	3103	4212	5119	5568	5661	5482	5197	4763	4356	3959	3559	3166	2947	2831	2862	3089	3373	3754	3960	4052	3989	3834	3610	3324	3079	2840	2624	2433	2281	
9	8565	59.9	60.0	30	1	1	2	989	1347	2059	3122	4203	5106	5583	5704	5572	5210	4798	4409	3924	3595	3207	2993	2823	2872	3092	3384	3762	3968	4058	3994	3857	3596	3344	3100	2877	2612	2445	2270	
9	8582	60.0	60.0	30	1	1	2	1006	1351	2081	3136	4237	5122	5606	5727	5457	5183	4769	4400	3965	3575	3233	3006	2851	2885	3093	3388	3753	3972	4076	4032	3875	3632	3361	3072	2830	2621	2437	2279	
9	8599	60.0	60.0	30	1	1	2	984	1340	2058	3123	4250	5123	5646	5694	5528	5236	4791	4420	3946	3556	3186	2961	2826	2849	3089	3389	3750	3964	4107	4009	3868	3584	3349	3050	2874	2644	2458	2254	
9	8616	59.9	60.0	30	1	1	2	995	1345	2092	3110	4260	5134	5627	5701	5538	5216	4789	4413	3957	3575	3199	2977	2835	2860	3129	3381	3711	3975	4053	4004	3854	3628	3337	3076	2853	2622	2449	2318	
9	8634	59.9	60.0	30	1	1	2	986	1354	2073	3125	4236	5112	5600	5666	5514	5226	4787	4352	3949	3538	3223	2972	2808	2840	3111	3387	3771	3963	4083	4023	3877	3640	3350	3099	2875	2628	2464	2282	
9	8651	60.0	60.0	30	1	1	2	1006	1349	2075	3137	4264	5104	5630	5752	5484	5212	4792	4420	3927	3573	3204	2983	2821	2862	3070	3404	3770	3963	4086	4007	3885	3614	3349	3072	2862	2621	2438	2257	
9	8713	95.2	95.0	31	1	0	2	916	1081	1442	1949	2536	2979	3269	3385	3365	3264	3045	2863	2617	2464	2255	2182	2184	2234	2505	2746	3040	3205	3284	3238	3121	3006	2751	2601	2460	2270	2154	1986	
9	8731	95.0	95.0	31	1	0	2	915	1103	1456	1908	2489	2952	3242	3363	3325	3200	3024	2827	2589	2420	2237	2147	2168	2263	2494	2742	3023	3190	3242	3204	3098	2935	2762	2582	2418	2250	2101	1984	
9	8793	59.7	60.2	31	1	1	2	988	1338	2058	3096	4200	5119	5545	5640	5475	5178	4772	4345	3949	3557	3194	2957	2809	2838	3080	3364	3691	3960	4068	4021	3799	3594	3328	3066	2864	2630	2438	2262	
9	8811	59.9	60.0	31	1	1	2	995	1342	2067	3111	4209	5103	5538	5705	5450	5180	4748	4364	3951	3538	3197	2964	2808	2845	3077	3350	3726	3939	4027	3982	3836	3600	3307	3097	2854	2627	2422	2255	
9	8828	60.0	60.0	31	1	1	2	992	1344	2094	3165	4236	5120	5645	5684	5496	5192	4802	4401	3970	3572	3205	2993	2831	2858	3068	3397	3744	3963	4079	4044	3858	3627	3345	3077	2872	2649	2448	2308	
9	8845	59.9	60.0	31	1	1	2	1011	1342	2089	3098	4277	5084	5581	5695	5553	5240	4780	4404	3960	3550	3222	2990	2821	2851	3133	3391	3793	3998	4105	4040	3852	3644	3331	3081	2864	2637	2415	2266	
9	8862	59.9	60.0	31	1	1	2	985	1358	2064	3100	4238	5088	5564	5718	5483	5194	4785	4356	3928	3560	3224	2970	2834	2866	3090	3390	3713	3958	4087	4017	3863	3626	3341	3090	2826	2615	2469	2293	
9	8880	60.0	60.0	31	1	1	2	984	1359	2070	3125	4231	5121	5634	5707	5493	5221	4791	4380	3959	3575	3233	2950	2866	2888	3120	3408	3786	3970	4102	4050	3833	3596	3370	3097	2869	2617	2472	2287	
9	8897	60.0	60.0	31	1	1	2	988	1339	2078	3102	4208	5119	5557	5702	5492	5175	4759	4369	3937	3537	3169	2976	2816	2859	3061	3384	3734	3987	4068	4024	3822	3612	3317	3067	2857	2608	2438	2260	
9	8959	95.2	95.0	32	1	0	2	916	1101	1447	1994	2525	2970	3294	3376	3340	3255	3052	2859	2628	2430	2269	2165	2172	2255	2512	2773	3024	3208	3268	3236	3135	2966	2773	2606	2454	2285	2151	1997	
9	8977	95.0	95.0	32	1	0	2	932	1078	1421	1940	2513	2976	3239	3361	3316	3184	3008	2800	2626	2420	2225	2152	2136	2260	2483	2755	3038	3206	3273	3200	3076	2933	2750	2594	2427	2265	2130	1989	
9	9040	59.8	60.1	32	1	1	2	980	1349	2068	3083	4216	5042	5547	5656	5451	5158	4694	4349	3896	3549	3191	2992	2786	2841	3092	3375	3692	3935	4038	4015	3841	3635	3310	3075	2808	2629	2415	2234	
9	9057	60.0	60.0	32	1	1	2	981	1350	2094	3125	4236	5100	5620	5720	5508	5216	4827	4357	3948	3543	3194	2953	2829	2857	3087	3399	3712	3947	4058	3988	3878	3638	3351	3061	2868	2638	2442	2257	
9	9074	60.0	60.0	32	1	1	2	986	1356	2077	3101	4228	5128	5623	5687	5531	5189	4806	4400	3942	3572	3174	2965	2813	2868	3093	3389	3728	3981	4092	4007	3845	3620	3327	3080	2855	2610	2498	2265	
9	9091	59.9	60.0	32	1	1	2	992	1342	2081	3124	4261	5120	5578	5694	5485	5201	4805	4370	3945	3578	3214	2982	2841	2870	3101	3361	3729	3974	4051	4005	3886	3620	3306	3084	2887	2609	2440	2272	
9	9109	60.0	60.0	32	1	1	2	993	1350	2078	3115	4230	5094	5541	5655	5533	5175	4804	4397	3962	3548	3180	2977	2829	2880	3088	3418	3704	3972	4062	4036	3872	3605	3315	3073	2834	2620	2453	2273	
9	9126	59.9	60.0	32	1	1	2	998	1338	2093	3124	4234	5126	5581	5664	5460	5219	4775	4383	3987	3565	3195	2988	2787	2910	3075	3409	3737	3924	4073	3973	3844	3621	3319	3104	2850	2583	2414	2260	
9	9143	60.0	60.0	32	1	1	2	1015	1343	2073	3111	4227	5092	5578	5656	5498	5133	4764	4363	3888	3554	3187	2969	2832	2876	3047	3349	3736	3975	4045	4023	3852	3611	3345	3076	2835	2627	2438	2247	
9	9208	95.1	95.1	33	1	0	2	918	1096	1467	1939	2516	3010	3288	3407	3338	3244	3056	2856	2600	2432	2268	2162	2158	2270	2506	2741	3027	3216	3257	3221	3124	2933	2774	2585	2427	2272	2135	1995	
9	9225	95.0	95.0	33	1	0	2	901	1073	1433	1955	2500	2980	3255	3339	3318	3213	3010	2841	2601	2408	2227	2187	2160	2249	2484	2759	2985	3205	3265	3196	3066	2940	2737	2557	2415	2251	2105	1994	
9	9288	59.8	60.1	33	1	1	2	1007	1341	2070	3101	4183	5079	5550	5646	5485	5202	4747	4332	3900	3546	3190	2960	2840	2827	3053	3370	3768	3932	4037	4019	3828	3603	3346	3059	2835	2607	2443	2272	
9	9305	60.0	60.0	33	1	1	2	1003	1355	2058	3099	4207	5041	5560	5661	5492	5173	4771	4347	3933	3561	3220	2933	2840	2861	3076	3373	3728	3939	4032	4044	3828	3607	3295	3081	2862	2603	2432	2270	
9	9322	60.0	60.0	33	1	1	2	993	1326	2086	3114	4196	5101	5576	5696	5477	5186	4794	4384	3959	3574	3203	2992	2821	2892	3052	3370	3782	3926	4060	4003	3841	3588	3317	3107	2835	2622	2425	2265	
9	9339	60.0	60.0	33	1	1	2	991	1353	2080	3127	4231	5131	5600	5684	5527	5223	4806	4391	3977	3579	3218	2944	2822	2864	3099	3381	3743	3970	4071	3989	3851	3617	3301	3063	2852	2611	2435	2262	
9	9357	60.0	60.0	33	1	1	2	1004	1362	2070	3093	4194	5074	5550	5653	5460	5171	4758	4371	3938	3580	3168	2934	2792	2844	3113	3368	3716	3976	4066	3998	3858	3609	3333	3088	2818	2627	2455	2268	
9	9374	60.0	60.0	33	1	1	2	995	1357	2077	3095	4235	5114	5597	5677	5487	5217	4792	4397	3928	3571	3199	2953	2856	2849	3068	3368	3722	3966	4069	4035	3814	3646	3316	3091	2853	2644	2467	2299	
9	9391	60.0	60.0	33	1	1	2	988	1361	2064	3107	4210	5087	5556	5692	5501	5175	4784	4349	3972	3567	3183	2962	2820	2851	3105	3384	3730	3972	4048	4012	3812	3595	3305	3069	2828	2617	2441	2283	
9	9454	95.2	95.0	34	1	0	2	916	1071	1446	1963	2515	2950	3273	3372	3362	3243	3030	2820	2616	2442	2243	2185	2150	2259	2481	2791	3035	3246	3255	3218	3128	2967	2760	2587	2401	2285	2144	1970	
9	9471	95.0	95.0	34	1	0	2	905	1096	1440	1946	2515	2962	3242	3367	3332	3212	3014	2811	2612	2411	2242	2162	2176	2267	2500	2733	3019	3202	3277	3197	3121	2929	2745	2579	2418	2281	2120	1995	
9	9534	59.8	60.1	34	1	1	2	996	1345	2061	3105	4260	5100	5575	5669	5520	5190	4761	4371	3944	3575	3176	2951	2846	2857	3042	3373	3719	3954	4108	4009	3823	3609	3327	3054	2849	2651	2442	2254	
9	9551	59.9	60.0	34	1	1	2	1005	1368	2048	3116	4237	5103	5570	5651	5496	5223	4775	4371	3934	3554	3212	2982	2874	2861	3086	3376	3733	3947	4075	3988	3844	3597	3344	3084	2865	2641	2432	2239	
9	9568	60.0	60.0	34	1	1	2	995	1345	2095	3147	4216	5120	5677	5718	5466	5279	4809	4387	3985	3577	3197	2955	2832	2856	3099	3398	3730	3978	4068	4003	3865	3603	3321	3093	2862	2625	2446	2280	
9	9585	59.9	60.0	34	1	1	2	995	1329	2068	3143	4250	5139	5607	5697	5529	5256	4783	4386	3956	3522	3195	2992	2841	2867	3106	3358	3756	4008	4072	3980	3860	3616	3337	3092	2847	2608	2458	2273	
9	9603	59.9	60.0	34	1	1	2	1011	1336	2082	3113	4236	5137	5574	5683	5503	5186	4796	4371	3959	3510	3182	2974	2835	2864	3089	3373	3751	3959	4085	4000	3859	3601	3339	3080	2834	2620	2482	2254	
9	9620	60.0	60.0	34	1	1	2	1011	1352	2078	3116	4267	5110	5545	5713	5520	5251	4846	4364	3951	3585	3176	2978	2852	2860	3087	3384	3727	3968	4091	4012	3833	3634	3333	3071	2843	2600	2437	2253	
9	9637	60.0	60.0	34	1	1	2	994	1349	2064	3101	4252	5139	5583	5669	5489	5211	4794	4388	3898	3588	3217	2987	2817	2860	3093	3391	3726	3953	4073	4043	3833	3640	3348	3062	2838	2633	2457	2276	
9	9700	95.0	95.0	35	1	0	2	909	1101	1458	1954	2508	2975	3294	3423	3340	3228	3019	2839	2617	2426	2254	2160	2180	2286	2479	2761	3033	3178	3286	3249	3113	2963	2751	2604	2409	2276	2133	2006	
9	9717	95.0	95.0	35	1	0	2	907	1083	1403	1955	2503	2956	3272	3364	3322	3208	3014	2801	2633	2443	2247	2164	2158	2258	2500	2754	3020	3182	3242	3224	3129	2920	2720	2569	2416	2269	2142	1970	
9	9780	59.8	60.1	35	1	1	2	994	1330	2058	3096	4191	5058	5543	5618	5434	5179	4780	4367	3927	3546	3162	2960	2842	2861	3060	3356	3705	3946	4037	3983	3841	3601	3301	3058	2843	2595	2414	2246	
9	9797	59.9	60.0	35	1	1	2	986	1365	2068	3091	4226	5126	5594	5716	5477	5208	4766	4392	3961	3567	3220	2970	2841	2865	3107	3414	3731	3954	4073	4026	3824	3604	3309	3119	2848	2620	2438	2248	
9	9814	59.9	60.0	35	1	1	2	991	1335	2086	3110	4259	5147	5645	5771	5522	5203	4822	4383	3945	3594	3188	2931	2848	2850	3070	3418	3720	3977	4104	4033	3831	3661	3344	3096	2866	2633	2451	2284	
9	9832	60.0	60.0	35	1	1	2	990	1358	2081	3081	4201	5086	5606	5700	5536	5233	4820	4313	3935	3575	3208	2963	2840	2846	3110	3367	3759	3989	4089	3987	3843	3643	3341	3080	2827	2622	2454	2313	
9	9849	59.9	60.0	35	1	1	2	1002	1358	2094	3115	4232	5124	5586	5686	5507	5192	4811	4402	3939	3568	3219	2974	2828	2856	3115	3392	3733	3985	4093	4010	3857	3595	3360	3088	2861	2600	2433	2279	
9	9866	60.0	60.0	35	1	1	2	994	1356	2048	3120	4253	5113	5536	5631	5487	5190	4765	4383	3912	3560	3206	2952	2830	2852	3096	3379	3708	3969	4055	3963	3847	3640	3346	3047	2832	2613	2423	2275	
9	9883	60.0	60.0	35	1	1	2	994	1341	2071	3110	4273	5100	5601	5684	5481	5190	4784	4375	3924	3578	3201	2967	2825	2857	3087	3393	3689	3972	4064	4000	3827	3582	3311	3063	2874	2601	2420	2224	
9	9946	95.3	95.0	36	1	0	2	910	1110	1466	1996	2517	3016	3256	3434	3352	3232	3026	2863	2623	2444	2266	2159	2166	2232	2488	2736	3050	3215	3280	3252	3135	2956	2751	2594	2419	2288	2131	1990	
9	9963	95.0	95.0	36	1	0	2	903	1086	1421	1934	2540	2986	3282	3360	3340	3211	3034	2815	2617	2429	2242	2194	2146	2250	2456	2747	3043	3189	3271	3203	3130	2954	2747	2594	2449	2252	2153	2010	
9	10026	59.8	60.1	36	1	1	2	971	1348	2070	3128	4205	5066	5544	5638	5463	5159	4758	4379	3928	3547	3205	2988	2810	2868	3085	3393	3695	3947	4050	3968	3817	3564	3341	3077	2799	2620	2409	2267	
9	10043	59.9	60.0	36	1	1	2	989	1346	2058	3125	4222	5115	5561	5713	5531	5196	4758	4389	3953	3557	3211	2964	2843	2840	3116	3416	3756	3928	4078	3998	3861	3650	3331	3066	2852	2626	2441	2286	
9	10060	59.9	60.0	36	1	1	2	989	1348	2104	3132	4249	5108	5622	5708	5522	5219	4855	4389	3969	3580	3228	2979	2861	2888	3091	3403	3723	3992	4039	4020	3868	3639	3366	3065	2826	2607	2458	2300	
9	10078	59.9	60.0	36	1	1	2	1012	1358	2072	3113	4259	5098	5592	5677	5490	5187	4785	4408	3965	3577	3208	2967	2855	2890	3091	3415	3756	3921	4085	4028	3897	3628	3330	3070	2815	2643	2441	2253	
9	10095	59.9	60.0	36	1	1	2	1001	1339	2066	3120	4278	5172	5595	5705	5511	5226	4780	4395	4002	3568	3213	2974	2829	2852	3109	3408	3766	3985	4058	4041	3849	3600	3344	3119	2844	2638	2466	2278	
9	10112	60.0	60.0	36	1	1	2	1009	1339	2059	3122	4209	5066	5559	5667	5511	5181	4804	4364	3929	3579	3209	2967	2823	2853	3077	3337	3712	3938	4077	3996	3843	3588	3307	3083	2833	2606	2428	2251	
9	10129	60.0	60.0	36	1	1	2	1000	1369	2059	3108	4197	5107	5576	5735	5498	5178	4736	4386	3962	3580	3208	2941	2822	2855	3101	3347	3738	3995	4081	4014	3798	3619	3310	3039	2859	2610	2430	2261	
9	10192	95.2	95.0	37	1	0	2	930	1106	1432	1966	2526	2978	3320	3385	3339	3255	3036	2887	2602	2454	2270	2178	2165	2279	2504	2764	3053	3195	3277	3251	3116	2978	2787	2586	2411	2246	2119	1974	
9	10209	95.0	95.0	37	1	0	2	940	1097	1449	1956	2504	3006	3260	3382	3293	3229	3021	2837	2592	2460	2249	2167	2143	2276	2493	2744	2996	3214	3264	3218	3120	2948	2756	2564	2439	2270	2143	2000	
9	10272	59.8	60.1	37	1	1	2	999	1356	2081	3111	4209	5110	5612	5669	5483	5178	4764	4370	3954	3574	3200	2994	2815	2854	3093	3381	3752	3969	4100	4025	3845	3619	3343	3062	2861	2612	2472	2300	
9	10289	59.9	60.0	37	1	1	2	1032	1363	2076	3126	4190	5081	5590	5664	5556	5196	4794	4388	3967	3526	3186	2976	2849	2871	3081	3361	3750	3977	4064	4014	3879	3608	3352	3103	2841	2606	2440	2257	
9	10307	60.0	60.0	37	1	1	2	1004	1363	2125	3124	4254	5120	5588	5737	5529	5210	4750	4416	3933	3609	3224	2948	2824	2888	3090	3400	3746	3990	4074	4048	3850	3628	3363	3096	2879	2639	2455	2263	
9	10324	59.9	60.0	37	1	1	2	1022	1357	2087	3145	4261	5131	5584	5728	5536	5203	4799	4395	3963	3590	3216	2972	2838	2871	3136	3381	3735	3953	4072	4021	3866	3614	3372	3061	2874	2633	2452	2252	
9	10341	60.0	60.0	37	1	1	2	1004	1362	2131	3133	4245	5141	5687	5751	5523	5249	4813	4404	3961	3585	3228	2982	2865	2933	3113	3402	3764	3986	4094	4034	3893	3634	3355	3095	2865	2608	2457	2299	
9	10358	59.9	60.0	37	1	1	2	983	1393	2082	3128	4224	5139	5625	5763	5506	5207	4811	4430	3975	3586	3208	2996	2865	2889	3093	3378	3748	3977	4062	4021	3853	3629	3324	3074	2843	2642	2435	2252	
9	10376	60.0	60.0	37	1	1	2	1003	1357	2078	3104	4231	5120	5576	5715	5491	5221	4817	4398	3968	3588	3217	2985	2848	2860	3096	3356	3727	3962	4051	4002	3867	3629	3316	3037	2837	2640	2478	2268	
9	10438	95.2	95.0	38	1	0	2	920	1094	1487	1959	2530	2970	3272	3384	3343	3251	3052	2849	2628	2426	2272	2173	2164	2256	2503	2767	3033	3201	3304	3226	3135	2940	2776	2576	2388	2265	2144	2003	
9	10455	95.0	95.0	38	1	0	2	913	1104	1462	1982	2494	3010	3236	3382	3370	3221	3062	2838	2666	2452	2283	2158	2171	2281	2470	2757	3043	3172	3301	3199	3105	2952	2747	2584	2420	2266	2132	1970	
9	10518	59.9	60.1	38	1	1	2	1020	1366	2089	3128	4208	5101	5577	5667	5503	5213	4767	4384	3947	3529	3230	2979	2857	2882	3061	3372	3736	3950	4068	3988	3824	3621	3328	3082	2857	2597	2434	2272	
9	10535	59.9	60.0	38	1	1	2	1007	1372	2102	3124	4260	5111	5613	5710	5531	5230	4781	4415	3976	3587	3223	2981	2840	2881	3091	3413	3723	3972	4076	4046	3851	3636	3356	3046	2865	2640	2458	2282	
9	10553	59.9	60.0	38	1	1	2	1009	1366	2095	3138	4292	5148	5642	5740	5550	5262	4845	4468	3984	3590	3213	3044	2871	2900	3109	3428	3796	3988	4143	4045	3885	3649	3355	3077	2859	2637	2441	2270	
9	10570	59.9	60.0	38	1	1	2	1013	1359	2090	3115	4275	5104	5609	5721	5523	5210	4788	4426	4005	3640	3213	3007	2858	2888	3109	3393	3748	4012	4076	4016	3853	3629	3319	3115	2842	2615	2433	2263	
9	10587	59.9	60.0	38	1	1	2	1024	1379	2081	3113	4284	5182	5665	5770	5573	5243	4813	4429	3973	3610	3228	2997	2847	2889	3117	3422	3788	3987	4118	4051	3856	3675	3333	3086	2882	2607	2447	2266	
9	10604	60.0	60.0	38	1	1	2	993	1368	2127	3152	4269	5145	5568	5713	5533	5249	4840	4411	3948	3594	3224	3023	2866	2876	3092	3383	3739	3971	4067	4027	3837	3603	3356	3058	2869	2649	2393	2263	
9	10622	60.0	60.0	38	1	1	2	1030	1372	2085	3116	4283	5105	5573	5695	5527	5193	4836	4423	3987	3592	3209	2985	2887	2878	3105	3415	3751	3952	4097	4036	3840	3615	3378	3112	2843	2621	2461	2279	
9	10686	95.1	95.1	39	1	0	2	931	1105	1457	1947	2539	2995	3275	3412	3357	3259	3058	2865	2655	2424	2281	2208	2178	2303	2532	2726	3049	3203	3257	3244	3123	2987	2762	2591	2411	2260	2156	2000	
9	10703	95.0	95.0	39	1	0	2	916	1110	1457	1955	2506	2997	3269	3419	3349	3200	3040	2817	2615	2459	2279	2185	2141	2296	2517	2732	3012	3206	3253	3204	3106	2986	2787	2602	2422	2238	2134	1994	
9	10764	59.8	60.2	39	1	1	2	1008	1365	2092	3187	4261	5088	5572	5712	5565	5219	4816	4371	3960	3620	3196	3013	2850	2860	3128	3380	3737	3974	4105	4012	3861	3627	3347	3104	2824	2647	2456	2275	
9	10781	59.9	60.0	39	1	1	2	1013	1379	2106	3166	4262	5141	5652	5690	5533	5252	4820	4438	3959	3619	3212	2987	2877	2877	3099	3412	3776	3971	4076	4050	3858	3620	3362	3096	2848	2624	2473	2274	
9	10799	60.0	60.0	39	1	1	2	1024	1364	2104	3174	4245	5148	5570	5724	5472	5198	4804	4420	3960	3607	3192	2977	2858	2885	3083	3370	3781	3981	4054	4019	3856	3615	3353	3083	2847	2622	2459	2269	
9	10816	60.0	60.0	39	1	1	2	1026	1383	2131	3184	4338	5173	5687	5762	5544	5254	4831	4388	3995	3598	3208	3025	2853	2898	3154	3391	3782	4001	4099	4029	3872	3695	3331	3105	2850	2640	2446	2295	
9	10833	59.9	60.0	39	1	1	2	997	1363	2098	3147	4308	5129	5658	5732	5627	5265	4869	4462	3993	3589	3235	3005	2884	2871	3144	3395	3760	3950	4086	4028	3874	3651	3344	3104	2869	2640	2443	2237	
9	10850	60.0	60.0	39	1	1	2	989	1381	2091	3125	4224	5173	5611	5740	5557	5283	4812	4436	3992	3618	3264	3011	2876	2874	3090	3374	3784	3971	4095	4079	3873	3644	3346	3083	2874	2659	2430	2262	
9	10868	59.9	60.0	39	1	1	2	1018	1364	2128	3141	4310	5152	5676	5755	5573	5224	4852	4419	3991	3624	3258	3017	2845	2902	3110	3388	3768	3969	4127	4015	3874	3644	3358	3106	2886	2595	2457	2283	
9	10932	95.3	95.0	40	1	0	2	926	1117	1472	1987	2545	3010	3313	3441	3344	3251	3076	2861	2680	2491	2236	2208	2182	2286	2541	2744	3021	3160	3289	3256	3149	2971	2751	2603	2466	2263	2161	1992	
9	10949	95.0	95.0	40	1	0	2	948	1099	1454	1958	2523	2993	3284	3408	3350	3281	3060	2865	2645	2453	2227	2196	2163	2240	2489	2780	3014	3194	3305	3230	3109	2941	2764	2580	2411	2244	2132	1996	
9	11012	59.7	60.2	40	1	1	2	1025	1378	2086	3130	4260	5149	5580	5738	5512	5242	4853	4418	3964	3577	3209	2956	2871	2903	3124	3407	3788	3940	4108	4047	3889	3630	3361	3133	2845	2628	2468	2262	
9	11030	59.9	60.0	40	1	1	2	1022	1378	2106	3163	4265	5125	5610	5723	5538	5229	4850	4404	3989	3646	3237	3003	2890	2862	3142	3415	3757	3995	4034	4042	3842	3642	3324	3100	2851	2633	2444	2295	
9	11047	59.9	60.0	40	1	1	2	1029	1387	2117	3196	4271	5139	5596	5765	5526	5270	4837	4434	4034	3630	3258	3034	2870	2897	3116	3391	3776	3957	4086	4061	3893	3665	3380	3062	2833	2660	2455	2276	
9	11064	60.0	60.0	40	1	1	2	1011	1409	2116	3168	4307	5190	5681	5782	5595	5279	4870	4444	4012	3651	3255	3032	2864	2887	3125	3434	3790	4036	4129	4051	3913	3616	3364	3111	2880	2647	2468	2270	
9	11081	59.9	60.0	40	1	1	2	1019	1389	2109	3163	4306	5194	5649	5746	5522	5232	4847	4445	4006	3631	3212	3020	2880	2865	3107	3408	3770	4007	4089	4027	3851	3637	3371	3088	2873	2629	2436	2285	
9	11099	60.0	60.0	40	1	1	2	1024	1387	2130	3160	4241	5152	5640	5740	5546	5266	4861	4429	4009	3609	3227	3003	2864	2909	3136	3420	3817	3975	4089	4008	3835	3647	3352	3098	2857	2646	2464	2273	
9	11116	60.0	60.0	40	1	1	2	996	1384	2101	3164	4271	5159	5628	5751	5553	5244	4842	4457	3998	3575	3230	3010	2882	2863	3159	3420	3788	3984	4102	4023	3857	3625	3348	3118	2853	2616	2469	2286	
