Well	Time (1/2 s)	Block Temp	Sample Temp	Repetition	PCR Stage	Extension	Scale	B1	B2	B3	B4	B5	B6	B7	B8	B9	B10	B11	B12	B13	B14	B15	B16	B17	B18	B19	B20	B21	B22	B23	B24	B25	B26	B27	B28	B29	B30	B31	B32
77	107	95.1	95.1	1	0	0	2	938	1065	1332	1782	2313	2717	3010	3140	3101	3061	2836	2739	2524	2331	2194	2076	2117	2212	2433	2699	2955	3127	3186	3157	3028	2903	2695	2526	2371	2201	2081	1951	
77	124	95.0	95.0	1	0	0	2	936	1048	1363	1786	2294	2700	3012	3042	3095	2947	2806	2690	2463	2342	2196	2106	2115	2214	2424	2680	2968	3113	3187	3113	2986	2866	2688	2503	2327	2179	2089	1951	
77	141	95.0	95.0	1	0	0	2	927	1064	1354	1767	2267	2730	2974	3106	3052	2983	2830	2656	2483	2338	2200	2135	2102	2209	2434	2706	3000	3107	3193	3154	3014	2868	2675	2514	2360	2177	2108	1978	
77	159	95.0	95.0	1	0	0	2	939	1058	1363	1753	2275	2700	2983	3082	3069	3003	2832	2660	2515	2309	2198	2086	2123	2203	2412	2691	2968	3079	3192	3113	3019	2884	2674	2531	2345	2203	2084	1946	
77	176	95.0	95.0	1	0	0	2	929	1069	1353	1765	2229	2737	2968	3075	3066	2986	2837	2665	2489	2340	2176	2093	2138	2190	2415	2694	2944	3108	3183	3157	3009	2856	2671	2496	2344	2201	2106	1976	
77	193	95.0	95.0	1	0	0	2	929	1059	1344	1753	2270	2700	3010	3067	3073	2975	2825	2683	2500	2322	2178	2095	2116	2199	2403	2685	2972	3084	3181	3112	3001	2867	2680	2483	2340	2202	2077	1945	
77	210	95.0	95.0	1	0	0	2	925	1059	1339	1768	2280	2752	2988	3099	3062	2989	2829	2680	2487	2302	2187	2110	2102	2207	2426	2687	2934	3060	3180	3092	2980	2857	2665	2526	2368	2202	2090	1934	
77	228	94.9	95.0	1	0	0	2	951	1053	1367	1773	2272	2715	2970	3088	3075	2988	2843	2674	2487	2303	2161	2098	2114	2210	2434	2693	2941	3111	3165	3111	2997	2875	2675	2509	2343	2194	2085	1933	
77	245	95.0	95.0	1	0	0	2	931	1058	1361	1758	2262	2726	2966	3076	3063	2970	2825	2682	2488	2305	2190	2096	2102	2183	2409	2682	2940	3077	3195	3100	2999	2861	2684	2490	2352	2171	2095	1950	
77	262	94.9	95.0	1	0	0	2	940	1067	1351	1790	2267	2691	2946	3058	3078	2990	2813	2693	2464	2337	2170	2104	2103	2205	2409	2684	2959	3021	3170	3113	3005	2866	2711	2522	2333	2178	2100	1967	
77	279	95.0	95.0	1	0	0	2	936	1058	1357	1763	2260	2710	2942	3071	3089	3009	2832	2645	2501	2322	2181	2106	2110	2205	2390	2693	2967	3081	3146	3132	2997	2882	2689	2486	2333	2215	2095	1940	
77	297	95.0	95.0	1	0	0	2	926	1065	1356	1775	2283	2694	2976	3053	3034	2969	2841	2646	2474	2305	2189	2116	2109	2214	2400	2676	2956	3038	3146	3094	2960	2841	2636	2495	2352	2182	2083	1953	
77	314	95.0	95.0	1	0	0	2	940	1109	1445	1793	2294	2734	2997	3087	3112	3048	2840	2671	2487	2327	2206	2108	2135	2196	2461	2706	2989	3096	3213	3142	2999	2895	2687	2500	2345	2192	2117	1963	
77	331	95.0	95.0	1	0	0	2	933	1086	1438	1764	2273	2729	2968	3067	3120	3012	2854	2689	2512	2319	2201	2112	2111	2239	2423	2700	2964	3146	3197	3159	2998	2873	2681	2514	2384	2202	2086	1976	
77	348	95.0	95.0	1	0	0	2	933	1074	1430	1770	2274	2739	2979	3113	3087	3024	2836	2678	2477	2322	2174	2118	2111	2227	2411	2679	2985	3122	3195	3132	3042	2906	2665	2494	2381	2195	2073	1962	
77	366	94.9	95.0	1	0	0	2	954	1068	1408	1749	2269	2724	2981	3074	3104	2986	2845	2667	2494	2326	2189	2095	2175	2223	2421	2701	2981	3066	3190	3112	3038	2900	2676	2511	2362	2173	2121	1955	
77	383	95.0	95.0	1	0	0	2	934	1081	1422	1770	2275	2749	2995	3105	3063	2975	2833	2691	2488	2316	2189	2117	2121	2228	2406	2694	2962	3104	3203	3123	3005	2864	2698	2511	2365	2154	2115	1981	
77	400	95.0	95.0	1	0	0	2	943	1079	1441	1777	2287	2713	3024	3112	3094	2997	2843	2678	2486	2329	2208	2134	2114	2204	2426	2694	2968	3112	3202	3143	3014	2900	2695	2534	2332	2202	2114	1984	
77	417	95.0	95.0	1	0	0	2	929	1081	1425	1786	2285	2747	3025	3081	3096	3022	2858	2672	2501	2352	2187	2116	2108	2216	2432	2713	2971	3111	3187	3126	2989	2881	2715	2507	2363	2205	2089	1980	
77	435	94.9	95.0	1	0	0	2	941	1070	1419	1782	2288	2718	2989	3129	3110	2986	2845	2709	2508	2307	2187	2091	2128	2246	2431	2681	2980	3095	3196	3130	3015	2901	2686	2524	2358	2228	2077	1966	
77	452	95.0	95.0	1	0	0	2	941	1089	1434	1763	2275	2749	2997	3101	3053	3049	2855	2675	2518	2341	2206	2116	2120	2227	2433	2713	2981	3109	3190	3178	3031	2930	2724	2520	2373	2216	2111	1970	
77	469	95.0	95.0	1	0	0	2	917	1077	1440	1788	2286	2751	3004	3099	3111	2982	2852	2683	2526	2343	2182	2139	2103	2224	2421	2708	3025	3094	3166	3164	3010	2926	2699	2534	2393	2221	2095	1955	
77	486	95.0	95.0	1	0	0	2	936	1102	1419	1774	2294	2756	3005	3098	3104	3006	2846	2697	2478	2339	2196	2113	2114	2217	2402	2685	2961	3101	3186	3144	3013	2888	2704	2530	2384	2219	2090	1975	
77	504	94.9	95.0	1	0	0	2	924	1082	1432	1771	2293	2726	3015	3122	3084	3018	2856	2678	2519	2344	2199	2102	2117	2230	2432	2713	2975	3085	3183	3140	3010	2895	2674	2516	2384	2226	2109	1966	
77	521	95.0	95.0	1	0	0	2	943	1075	1420	1783	2317	2747	3005	3085	3089	3008	2860	2700	2510	2329	2200	2122	2138	2238	2409	2703	2983	3138	3203	3136	3027	2896	2731	2531	2363	2211	2090	1986	
77	538	94.9	95.0	1	0	0	2	933	1084	1434	1777	2314	2757	2999	3122	3143	3009	2857	2712	2523	2329	2191	2113	2118	2219	2421	2717	3006	3133	3191	3122	3038	2903	2708	2528	2402	2231	2106	1966	
77	555	94.9	95.0	1	0	0	2	929	1104	1442	1768	2288	2734	3017	3117	3135	3034	2856	2716	2472	2328	2221	2142	2123	2206	2429	2705	2982	3120	3209	3133	3021	2910	2698	2542	2382	2213	2096	1974	
77	573	95.0	95.0	1	0	0	2	914	1089	1439	1785	2285	2723	3016	3116	3120	2994	2858	2686	2513	2317	2205	2135	2136	2208	2426	2691	2981	3136	3227	3158	3044	2885	2684	2549	2367	2209	2076	1975	
77	590	94.9	95.0	1	0	0	2	925	1097	1429	1794	2284	2731	3024	3097	3119	3006	2881	2688	2507	2321	2229	2136	2117	2210	2410	2698	2999	3116	3175	3131	3013	2884	2723	2515	2384	2248	2106	1966	
77	607	95.0	95.0	1	0	0	2	933	1072	1422	1799	2311	2751	3004	3104	3102	3019	2875	2692	2539	2327	2193	2132	2124	2214	2420	2708	2959	3115	3214	3168	3031	2904	2708	2530	2389	2204	2128	1953	
77	624	95.0	95.0	1	0	0	2	938	1072	1416	1782	2307	2746	3013	3125	3128	3003	2839	2703	2519	2327	2227	2092	2124	2208	2456	2676	3007	3166	3236	3144	3040	2934	2696	2527	2392	2238	2089	1978	
77	642	94.9	95.0	1	0	0	2	932	1089	1414	1788	2308	2767	3022	3108	3135	3040	2896	2702	2534	2349	2205	2114	2157	2199	2441	2726	3025	3146	3218	3153	3049	2916	2729	2530	2409	2219	2104	1986	
77	659	95.0	95.0	1	0	0	2	932	1104	1428	1816	2294	2750	3027	3124	3083	3017	2848	2720	2543	2343	2217	2134	2130	2225	2446	2663	3018	3132	3220	3123	3065	2905	2706	2542	2359	2208	2099	1969	
77	676	95.0	95.0	1	0	0	2	928	1100	1409	1747	2295	2786	3043	3147	3132	3022	2894	2699	2509	2357	2213	2123	2141	2208	2437	2723	2996	3143	3223	3151	3060	2911	2712	2537	2362	2212	2099	2002	
77	693	95.0	95.0	1	0	0	2	949	1109	1420	1802	2299	2756	3024	3147	3142	3039	2872	2738	2528	2352	2197	2145	2137	2217	2424	2730	3035	3104	3209	3139	3060	2873	2712	2544	2373	2229	2115	1960	
77	711	95.0	95.0	1	0	0	2	930	1103	1465	1778	2321	2770	3055	3115	3121	3015	2900	2679	2517	2321	2216	2117	2127	2217	2445	2698	2964	3147	3201	3130	3037	2932	2706	2520	2384	2235	2089	1971	
77	728	95.0	95.0	1	0	0	2	931	1100	1446	1786	2306	2728	3016	3127	3134	3040	2860	2712	2539	2335	2209	2116	2119	2221	2414	2727	2984	3126	3180	3148	3024	2896	2703	2535	2377	2207	2106	1960	
77	745	94.9	95.0	1	0	0	2	942	1114	1432	1751	2295	2762	3010	3110	3098	3007	2843	2697	2502	2352	2202	2125	2121	2232	2410	2713	2975	3109	3184	3147	3018	2888	2683	2527	2374	2216	2099	1977	
77	762	94.9	95.0	1	0	0	2	938	1097	1415	1749	2298	2748	3010	3110	3126	3020	2895	2716	2511	2349	2182	2129	2162	2228	2440	2725	2997	3151	3176	3189	2997	2916	2706	2515	2356	2196	2105	1971	
77	780	95.0	95.0	1	0	0	2	941	1121	1418	1794	2298	2745	3015	3119	3122	3025	2873	2686	2487	2367	2251	2112	2123	2236	2427	2712	3020	3137	3185	3146	3062	2906	2716	2537	2360	2248	2128	1978	
77	797	94.9	95.0	1	0	0	2	927	1105	1428	1794	2286	2757	3002	3113	3128	3010	2853	2713	2493	2368	2197	2109	2121	2220	2454	2689	2985	3116	3180	3157	3033	2930	2713	2562	2386	2207	2140	1965	
77	814	94.9	95.0	1	0	0	2	953	1102	1434	1800	2305	2743	3014	3106	3129	3031	2895	2675	2499	2328	2196	2123	2120	2242	2418	2697	2967	3123	3186	3133	3061	2893	2700	2542	2348	2233	2080	1968	
77	831	94.9	95.0	1	0	0	2	935	1105	1406	1780	2313	2729	3017	3132	3137	2998	2849	2708	2528	2334	2201	2158	2129	2208	2459	2710	3023	3126	3219	3152	3020	2911	2695	2541	2370	2223	2109	1977	
77	849	94.9	95.0	1	0	0	2	921	1110	1412	1804	2272	2732	3032	3123	3124	3030	2871	2708	2510	2385	2231	2131	2136	2228	2454	2712	2999	3140	3228	3175	3025	2897	2719	2530	2356	2214	2090	1964	
77	866	94.9	95.0	1	0	0	2	935	1098	1426	1764	2295	2755	3006	3116	3096	3007	2870	2725	2507	2356	2235	2172	2127	2224	2419	2705	2992	3140	3246	3144	3026	2907	2721	2523	2406	2195	2094	1986	
77	883	94.9	95.0	1	0	0	2	949	1120	1437	1788	2283	2780	3005	3145	3111	3022	2876	2720	2528	2372	2216	2113	2139	2208	2445	2729	2995	3139	3246	3153	3025	2885	2688	2535	2353	2218	2087	1970	
77	900	95.0	95.0	1	0	0	2	941	1090	1428	1805	2300	2776	3038	3138	3113	2999	2892	2724	2527	2330	2196	2115	2131	2232	2392	2741	3022	3145	3210	3194	3034	2897	2721	2519	2387	2224	2079	2036	
77	918	95.0	95.0	1	0	0	2	949	1094	1429	1801	2323	2762	3047	3131	3141	3050	2872	2715	2516	2410	2246	2141	2150	2251	2448	2749	3006	3106	3204	3166	3050	2906	2719	2542	2380	2227	2109	1982	
77	935	95.0	95.0	1	0	0	2	941	1097	1442	1776	2322	2759	3051	3170	3144	3036	2868	2694	2519	2353	2215	2128	2137	2208	2431	2731	3002	3144	3212	3170	3048	2917	2707	2490	2356	2231	2105	1983	
77	952	95.0	95.0	1	0	0	2	923	1106	1431	1810	2298	2714	3019	3123	3133	3052	2873	2718	2517	2347	2205	2141	2118	2255	2438	2718	3005	3146	3225	3155	3050	2910	2736	2542	2367	2210	2100	1976	
77	969	95.0	95.0	1	0	0	2	936	1103	1438	1782	2286	2750	3024	3147	3146	3056	2883	2712	2518	2324	2219	2124	2128	2222	2410	2714	2999	3143	3196	3160	3034	2898	2730	2527	2396	2256	2096	1971	
77	987	95.0	95.0	1	0	0	2	935	1137	1435	1774	2318	2745	3035	3133	3132	3042	2883	2729	2495	2351	2214	2125	2127	2225	2428	2706	3000	3156	3196	3141	3048	2904	2710	2527	2381	2238	2088	1967	
77	1004	95.0	95.0	1	0	0	2	923	1089	1448	1791	2307	2748	3013	3160	3132	3013	2876	2721	2515	2357	2212	2148	2142	2248	2443	2735	3007	3129	3219	3178	3050	2916	2748	2521	2398	2212	2109	1969	
77	1021	95.0	95.0	1	0	0	2	932	1089	1442	1776	2329	2731	3053	3113	3137	3025	2875	2707	2508	2381	2224	2140	2131	2227	2451	2721	3001	3125	3176	3166	3055	2926	2719	2541	2372	2219	2107	1973	
77	1038	95.0	95.0	1	0	0	2	943	1086	1448	1816	2296	2771	3059	3154	3164	3079	2869	2712	2542	2317	2200	2090	2148	2229	2436	2721	2996	3134	3193	3138	3028	2905	2705	2534	2408	2208	2125	1989	
77	1056	94.9	95.0	1	0	0	2	919	1079	1438	1759	2290	2746	3053	3139	3117	3049	2873	2739	2536	2351	2219	2113	2102	2231	2434	2690	2957	3137	3203	3157	3012	2912	2695	2547	2389	2213	2130	1982	
77	1073	95.0	95.0	1	0	0	2	950	1095	1454	1791	2313	2768	3022	3122	3145	3043	2876	2732	2531	2338	2249	2144	2149	2260	2420	2712	3002	3150	3197	3164	3048	2891	2656	2557	2383	2224	2112	1992	
77	1090	95.0	95.0	1	0	0	2	941	1079	1470	1798	2316	2798	3032	3155	3129	3038	2856	2693	2524	2339	2235	2158	2105	2213	2439	2734	2979	3090	3217	3186	3060	2880	2703	2553	2398	2212	2114	1972	
77	1107	95.0	95.0	1	0	0	2	920	1089	1465	1792	2321	2788	3023	3145	3128	3080	2900	2744	2533	2350	2227	2142	2158	2204	2478	2739	3002	3138	3184	3162	3055	2906	2724	2540	2404	2221	2089	1978	
77	1125	95.0	95.0	1	0	0	2	941	1082	1471	1814	2325	2773	2988	3152	3155	3049	2884	2738	2547	2361	2231	2128	2138	2225	2431	2707	3021	3169	3232	3159	3088	2902	2758	2538	2373	2222	2137	1978	
77	1142	95.0	95.0	1	0	0	2	942	1086	1473	1796	2313	2758	3054	3132	3137	3050	2876	2725	2544	2337	2216	2136	2118	2228	2451	2721	2998	3154	3212	3149	3052	2909	2724	2538	2378	2245	2120	1945	
77	1159	95.0	95.0	1	0	0	2	945	1080	1475	1801	2336	2780	3062	3176	3149	3063	2863	2715	2526	2371	2199	2143	2154	2255	2440	2734	3010	3138	3214	3176	3065	2913	2720	2536	2406	2238	2108	1968	
77	1176	94.9	95.0	1	0	0	2	928	1072	1467	1799	2327	2796	3039	3144	3162	3047	2899	2733	2540	2348	2196	2129	2198	2226	2412	2719	3016	3163	3220	3150	3061	2916	2736	2534	2408	2246	2117	1980	
77	1194	95.0	95.0	1	0	0	2	940	1091	1472	1796	2295	2763	3046	3151	3163	3088	2890	2742	2536	2352	2223	2135	2183	2225	2455	2719	2999	3137	3238	3175	3064	2863	2717	2539	2373	2246	2096	1990	
77	1211	95.0	95.0	1	0	0	2	956	1073	1458	1802	2301	2811	3059	3156	3155	3070	2890	2711	2511	2356	2220	2116	2146	2223	2417	2738	3002	3134	3219	3126	3029	2885	2696	2525	2380	2220	2114	1974	
77	1228	95.0	95.0	1	0	0	2	933	1078	1479	1794	2312	2785	3044	3172	3155	3041	2900	2738	2524	2349	2220	2133	2157	2233	2457	2739	3011	3136	3239	3130	3075	2899	2713	2546	2404	2248	2105	1990	
77	1245	95.0	95.0	1	0	0	2	946	1078	1480	1778	2330	2781	3031	3141	3151	3023	2894	2708	2525	2375	2221	2111	2111	2241	2437	2697	2978	3129	3232	3173	3031	2900	2691	2513	2384	2211	2097	1973	
77	1263	94.9	95.0	1	0	0	2	930	1088	1484	1802	2332	2770	3034	3145	3162	3058	2861	2753	2529	2391	2222	2155	2139	2230	2464	2727	3001	3131	3252	3153	3081	2916	2705	2524	2414	2239	2118	1967	
77	1280	95.0	95.0	1	0	0	2	940	1068	1482	1793	2302	2794	3045	3137	3159	3021	2883	2741	2525	2353	2216	2114	2145	2221	2465	2726	3007	3149	3215	3157	3059	2924	2705	2527	2380	2216	2087	1966	
77	1326	94.9	95.0	1	1	0	2	940	1080	1476	1811	2296	2773	3036	3129	3145	3063	2882	2728	2513	2370	2240	2149	2129	2218	2414	2713	2975	3134	3228	3152	3028	2917	2720	2537	2396	2215	2100	1990	
77	1390	59.9	60.1	1	1	1	2	1027	1267	1904	2817	3896	4750	5244	5369	5216	4936	4610	4254	3843	3477	3174	2971	2813	2847	3050	3337	3725	3905	4031	3938	3766	3539	3264	3005	2808	2568	2415	2252	
77	1407	59.9	60.0	1	1	1	2	1024	1274	1914	2809	3893	4775	5264	5354	5234	4959	4610	4261	3834	3451	3174	2927	2840	2866	3044	3344	3738	3894	3986	3939	3703	3546	3268	2966	2786	2572	2397	2237	
77	1424	60.0	60.0	1	1	1	2	1011	1264	1924	2791	3856	4746	5212	5299	5199	4928	4589	4228	3817	3480	3162	2914	2825	2821	3013	3344	3664	3822	3964	3904	3686	3509	3247	2985	2778	2530	2394	2209	
77	1442	59.9	60.0	1	1	1	2	1009	1276	1870	2776	3814	4769	5196	5277	5174	4907	4547	4182	3795	3480	3152	2944	2804	2811	3031	3333	3690	3869	3962	3884	3706	3492	3237	2964	2777	2547	2390	2223	
77	1459	60.0	60.0	1	1	1	2	1008	1273	1917	2791	3839	4750	5188	5253	5199	4878	4516	4185	3815	3485	3131	2909	2823	2799	3029	3337	3640	3861	3942	3884	3713	3509	3228	3005	2758	2548	2397	2219	
77	1476	60.0	60.0	1	1	1	2	1038	1268	1899	2791	3874	4745	5195	5296	5199	4900	4543	4176	3827	3453	3137	2910	2770	2824	2960	3333	3665	3822	3952	3887	3700	3522	3244	3003	2766	2550	2381	2225	
77	1493	60.0	60.0	1	1	1	2	1010	1292	1900	2798	3831	4718	5198	5280	5146	4885	4542	4193	3783	3413	3111	2889	2779	2821	3015	3312	3699	3845	3969	3848	3728	3511	3213	2999	2758	2539	2395	2225	
77	1556	95.0	95.1	2	1	0	2	941	1076	1497	1820	2336	2743	3047	3124	3158	3046	2892	2707	2515	2342	2213	2101	2142	2206	2401	2719	2987	3078	3191	3155	3013	2902	2695	2497	2378	2204	2099	1946	
77	1573	95.0	95.0	2	1	0	2	926	1072	1456	1786	2303	2734	3045	3095	3103	3037	2860	2691	2502	2318	2210	2096	2113	2197	2413	2707	2940	3100	3163	3130	3012	2845	2664	2496	2371	2193	2073	1964	
77	1634	59.9	60.1	2	1	1	2	1032	1265	1916	2817	3826	4733	5196	5290	5185	4952	4592	4226	3792	3473	3133	2902	2780	2837	3016	3354	3722	3896	3993	3880	3751	3564	3229	2985	2804	2539	2396	2239	
77	1651	60.0	60.0	2	1	1	2	1007	1274	1882	2767	3809	4754	5126	5230	5113	4884	4512	4202	3770	3444	3118	2893	2780	2784	3005	3354	3692	3856	3943	3833	3681	3500	3235	2995	2757	2521	2387	2208	
77	1668	59.9	60.0	2	1	1	2	1017	1272	1890	2791	3846	4729	5185	5212	5152	4881	4489	4171	3797	3416	3095	2883	2766	2796	3015	3263	3682	3838	3947	3875	3660	3505	3246	2973	2772	2540	2357	2208	
77	1686	59.9	60.0	2	1	1	2	1021	1288	1884	2785	3840	4696	5159	5227	5131	4889	4529	4164	3792	3404	3108	2868	2771	2787	2970	3294	3657	3825	3920	3866	3712	3479	3214	2956	2755	2504	2371	2218	
77	1703	59.9	60.0	2	1	1	2	1011	1266	1893	2756	3800	4650	5096	5194	5091	4852	4483	4158	3721	3412	3090	2877	2766	2788	2982	3332	3617	3814	3930	3856	3682	3512	3226	2954	2725	2508	2379	2176	
77	1720	60.0	60.0	2	1	1	2	981	1271	1880	2777	3808	4671	5068	5190	5103	4876	4475	4122	3771	3385	3118	2866	2792	2775	2990	3283	3605	3792	3948	3852	3665	3474	3226	2951	2740	2529	2376	2201	
77	1737	60.0	60.0	2	1	1	2	1017	1253	1875	2793	3804	4675	5126	5179	5102	4828	4490	4107	3762	3404	3064	2840	2773	2803	2948	3240	3663	3803	3949	3829	3643	3499	3220	2932	2730	2518	2375	2206	
77	1800	95.0	95.0	3	1	0	2	933	1089	1478	1782	2302	2764	3076	3129	3131	3038	2896	2705	2519	2347	2208	2148	2139	2181	2409	2699	2928	3107	3175	3116	2996	2872	2674	2486	2352	2197	2096	1949	
77	1817	95.0	95.0	3	1	0	2	941	1084	1485	1790	2299	2750	3017	3085	3114	3055	2890	2683	2501	2324	2189	2093	2121	2203	2388	2669	2938	3101	3183	3101	2992	2846	2701	2495	2340	2197	2093	1954	
77	1878	59.9	60.1	3	1	1	2	998	1282	1888	2793	3851	4790	5196	5310	5208	4896	4563	4216	3772	3459	3155	2871	2809	2808	2993	3370	3683	3878	3972	3897	3734	3551	3285	2986	2781	2567	2402	2250	
77	1895	59.9	60.0	3	1	1	2	998	1250	1902	2773	3814	4668	5147	5244	5139	4870	4513	4187	3803	3387	3096	2869	2756	2768	2981	3329	3682	3835	3938	3869	3681	3539	3240	2975	2760	2557	2391	2201	
77	1913	60.0	60.0	3	1	1	2	1018	1268	1897	2769	3780	4680	5101	5206	5088	4844	4489	4116	3767	3396	3116	2831	2770	2792	2983	3287	3654	3831	3917	3830	3662	3492	3225	2961	2730	2546	2374	2186	
77	1930	60.0	60.0	3	1	1	2	1012	1284	1902	2766	3870	4694	5115	5240	5116	4814	4499	4150	3767	3403	3097	2879	2758	2771	2993	3317	3634	3779	3955	3839	3635	3477	3227	2977	2736	2525	2376	2215	
77	1947	60.0	60.0	3	1	1	2	1018	1286	1874	2763	3786	4695	5133	5171	5075	4841	4473	4152	3774	3404	3085	2868	2798	2775	2946	3306	3628	3814	3938	3819	3651	3465	3209	2953	2741	2520	2371	2224	
77	1964	59.9	60.0	3	1	1	2	1031	1264	1881	2767	3801	4688	5090	5174	5109	4870	4470	4109	3743	3398	3100	2869	2763	2785	2943	3319	3631	3821	3905	3840	3712	3490	3202	2948	2725	2535	2400	2182	
77	1982	60.0	60.0	3	1	1	2	1019	1274	1913	2771	3780	4669	5111	5175	5105	4837	4457	4110	3735	3386	3109	2857	2769	2803	2975	3277	3648	3830	3924	3848	3719	3469	3201	2954	2722	2537	2364	2224	
77	2046	94.9	95.1	4	1	0	2	937	1061	1457	1784	2284	2764	3047	3111	3108	3011	2867	2721	2530	2340	2213	2107	2105	2204	2429	2707	2935	3080	3159	3101	2966	2832	2658	2528	2351	2194	2065	1967	
77	2063	95.0	95.0	4	1	0	2	943	1081	1453	1794	2288	2731	3010	3095	3088	2997	2857	2674	2488	2308	2213	2100	2108	2183	2409	2668	2929	3056	3145	3085	2960	2865	2649	2464	2325	2188	2096	1910	
77	2126	59.9	60.1	4	1	1	2	1007	1295	1892	2765	3826	4720	5173	5259	5190	4911	4495	4154	3816	3445	3086	2898	2818	2822	3018	3302	3690	3848	3955	3880	3706	3514	3221	2975	2778	2551	2393	2238	
77	2143	59.9	60.0	4	1	1	2	1005	1281	1894	2769	3777	4688	5117	5185	5082	4876	4474	4164	3755	3397	3107	2855	2752	2768	2974	3306	3630	3839	3932	3823	3662	3468	3196	2943	2741	2512	2377	2218	
77	2161	59.9	60.0	4	1	1	2	1019	1273	1872	2744	3780	4670	5046	5188	5054	4798	4451	4138	3740	3344	3128	2881	2735	2771	2969	3287	3633	3826	3873	3807	3644	3445	3198	2928	2718	2506	2365	2180	
77	2178	60.0	60.0	4	1	1	2	1028	1267	1905	2753	3791	4649	5075	5168	5064	4843	4443	4093	3727	3418	3061	2837	2757	2774	2959	3281	3624	3795	3888	3827	3681	3458	3196	2949	2736	2530	2353	2159	
77	2195	59.9	60.0	4	1	1	2	1010	1259	1874	2757	3782	4628	5102	5222	5081	4833	4486	4107	3754	3389	3126	2844	2761	2791	2955	3284	3634	3792	3894	3841	3658	3484	3214	2949	2716	2516	2375	2222	
77	2212	60.0	60.0	4	1	1	2	1007	1291	1886	2775	3763	4647	5111	5191	5063	4784	4412	4088	3732	3378	3071	2844	2751	2817	2972	3272	3621	3791	3920	3805	3644	3430	3203	2962	2747	2499	2356	2210	
77	2230	60.0	60.0	4	1	1	2	1014	1263	1873	2720	3746	4623	5086	5166	5062	4786	4439	4128	3696	3366	3057	2820	2723	2739	2979	3222	3660	3791	3886	3786	3651	3458	3168	2945	2702	2485	2356	2178	
77	2292	95.1	95.1	5	1	0	2	931	1076	1480	1799	2296	2734	3025	3123	3117	3001	2858	2682	2501	2339	2214	2106	2121	2215	2431	2710	2954	3068	3178	3082	2963	2827	2685	2492	2336	2177	2062	1904	
77	2309	95.0	95.0	5	1	0	2	953	1060	1453	1767	2284	2723	2994	3087	3076	3007	2835	2691	2503	2320	2186	2103	2089	2189	2396	2701	2947	3029	3154	3088	2973	2805	2668	2474	2308	2174	2067	1939	
77	2372	59.9	60.1	5	1	1	2	1009	1279	1893	2771	3835	4694	5135	5219	5136	4896	4500	4143	3769	3415	3129	2863	2773	2817	2978	3279	3654	3838	3924	3857	3670	3493	3224	2965	2747	2528	2373	2176	
77	2390	59.9	60.0	5	1	1	2	1011	1259	1855	2731	3794	4643	5069	5177	5072	4833	4461	4095	3696	3384	3079	2846	2711	2761	2970	3240	3586	3797	3921	3844	3646	3445	3187	2945	2718	2510	2339	2199	
77	2407	59.9	60.0	5	1	1	2	1011	1251	1873	2744	3785	4591	5089	5167	5094	4845	4463	4114	3712	3385	3068	2869	2747	2754	3006	3287	3631	3804	3885	3812	3668	3476	3160	2932	2738	2487	2368	2196	
77	2424	60.0	60.0	5	1	1	2	1005	1264	1881	2711	3777	4637	5028	5116	5046	4789	4442	4141	3718	3378	3074	2848	2755	2740	2940	3287	3588	3782	3892	3843	3647	3450	3153	2939	2729	2482	2353	2182	
77	2441	59.9	60.0	5	1	1	2	1010	1248	1889	2795	3785	4614	5035	5160	5041	4780	4425	4110	3697	3360	3091	2839	2743	2745	2936	3263	3596	3769	3878	3800	3627	3455	3155	2901	2710	2502	2325	2183	
77	2459	60.0	60.0	5	1	1	2	1018	1275	1873	2741	3766	4630	5064	5181	4987	4754	4437	4068	3736	3407	3067	2845	2759	2762	2935	3270	3612	3758	3863	3813	3656	3431	3213	2927	2716	2492	2352	2157	
77	2476	59.9	60.0	5	1	1	2	994	1261	1861	2744	3756	4595	5042	5152	5068	4807	4465	4086	3727	3361	3079	2853	2719	2732	2959	3258	3598	3782	3877	3831	3641	3422	3176	2937	2729	2495	2390	2190	
77	2540	95.0	95.1	6	1	0	2	939	1087	1478	1766	2304	2734	2972	3104	3117	3003	2848	2674	2488	2318	2188	2123	2100	2188	2389	2663	2906	3079	3147	3070	2976	2837	2643	2467	2336	2183	2079	1938	
77	2558	95.0	95.0	6	1	1	2	928	1092	1441	1759	2256	2697	2993	3060	3084	3004	2824	2694	2472	2315	2188	2090	2081	2182	2390	2616	2884	3044	3136	3067	2962	2825	2642	2471	2321	2168	2072	1935	
77	2620	59.9	60.1	6	1	1	2	1007	1276	1899	2773	3805	4710	5144	5295	5115	4840	4459	4142	3787	3377	3087	2875	2747	2781	2982	3340	3684	3839	3935	3856	3682	3514	3236	2937	2744	2530	2373	2173	
77	2638	59.9	60.0	6	1	1	2	1024	1253	1877	2740	3763	4634	5054	5176	5067	4792	4458	4088	3734	3348	3073	2850	2730	2769	2970	3277	3589	3806	3871	3810	3622	3439	3172	2944	2702	2495	2344	2182	
77	2655	60.0	60.0	6	1	1	2	1012	1249	1876	2739	3767	4621	5047	5122	5058	4770	4420	4094	3700	3388	3083	2806	2718	2774	2977	3277	3593	3777	3892	3826	3643	3446	3168	2916	2694	2505	2325	2199	
77	2672	59.9	60.0	6	1	1	2	1006	1284	1849	2744	3748	4597	5021	5138	5036	4766	4393	4073	3707	3349	3090	2842	2712	2754	2922	3275	3588	3745	3855	3783	3630	3400	3212	2925	2695	2483	2328	2205	
77	2689	60.0	60.0	6	1	1	2	1017	1270	1889	2742	3744	4610	5056	5140	5052	4788	4470	4079	3723	3333	3056	2813	2724	2738	2945	3245	3581	3796	3863	3816	3650	3450	3206	2901	2730	2497	2347	2189	
77	2707	60.0	60.0	6	1	1	2	1008	1252	1879	2710	3770	4623	5055	5118	5054	4770	4435	4079	3671	3374	3043	2825	2742	2754	2940	3258	3577	3785	3886	3800	3600	3423	3160	2899	2700	2503	2317	2193	
77	2724	60.0	60.0	6	1	1	2	1012	1245	1869	2726	3760	4580	5050	5165	4992	4745	4411	4059	3697	3362	3081	2872	2749	2785	2898	3237	3603	3742	3882	3775	3629	3431	3148	2923	2698	2492	2346	2142	
77	2788	94.9	95.1	7	1	0	2	927	1098	1467	1765	2309	2724	2987	3095	3096	2992	2860	2692	2481	2352	2173	2078	2109	2203	2375	2653	2899	3070	3126	3071	2963	2858	2645	2465	2346	2169	2066	1933	
77	2806	95.0	95.0	7	1	1	2	926	1091	1451	1760	2272	2730	2988	3084	3075	2988	2830	2655	2494	2306	2194	2116	2094	2155	2385	2637	2914	3053	3121	3088	2972	2829	2626	2495	2330	2180	2068	1936	
77	2868	59.9	60.1	7	1	1	2	1010	1260	1865	2749	3806	4688	5102	5201	5097	4782	4466	4146	3769	3404	3114	2845	2768	2781	3004	3300	3606	3809	3910	3831	3708	3514	3217	2937	2709	2521	2346	2193	
77	2886	59.9	60.0	7	1	1	2	987	1257	1875	2715	3759	4598	5052	5104	5036	4777	4419	4065	3713	3380	3063	2839	2735	2743	2930	3235	3612	3775	3842	3818	3638	3420	3170	2889	2693	2497	2341	2185	
77	2903	60.0	60.0	7	1	1	2	1008	1247	1871	2733	3738	4597	4982	5102	4997	4731	4428	4083	3669	3346	3061	2809	2731	2739	2948	3258	3568	3746	3845	3783	3599	3402	3134	2901	2673	2492	2348	2168	
77	2920	60.0	60.0	7	1	1	2	1007	1246	1858	2721	3777	4553	5010	5132	5036	4723	4425	4064	3676	3322	3041	2821	2737	2742	2964	3247	3599	3767	3841	3794	3631	3428	3158	2897	2691	2488	2359	2190	
77	2937	60.0	60.0	7	1	1	2	1011	1270	1886	2728	3752	4569	4998	5069	5019	4757	4409	4054	3730	3344	3053	2791	2762	2764	2944	3227	3603	3749	3860	3782	3620	3446	3114	2924	2714	2492	2332	2155	
77	2955	59.9	60.0	7	1	1	2	1013	1255	1862	2734	3755	4560	4987	5093	5002	4757	4385	4064	3672	3352	3032	2824	2746	2720	2957	3207	3608	3770	3860	3791	3602	3432	3139	2908	2697	2480	2334	2233	
77	2972	60.0	60.0	7	1	1	2	1007	1268	1868	2693	3763	4533	4977	5061	4938	4717	4360	4050	3643	3346	3049	2831	2707	2713	2945	3223	3569	3726	3877	3770	3611	3392	3118	2909	2713	2454	2311	2182	
77	3036	95.1	95.1	8	1	0	2	943	1067	1445	1791	2297	2693	2949	3071	3079	2976	2834	2666	2502	2325	2179	2088	2100	2155	2366	2608	2933	3010	3092	3091	2911	2805	2642	2457	2301	2143	2039	1936	
77	3054	95.0	95.0	8	1	1	2	938	1080	1445	1786	2258	2725	2950	3046	3056	3001	2814	2638	2435	2344	2163	2079	2107	2166	2377	2655	2897	3044	3116	3048	2954	2805	2643	2446	2311	2174	2050	1916	
77	3117	59.9	60.1	8	1	1	2	998	1272	1897	2727	3772	4663	5071	5163	5124	4818	4452	4126	3760	3408	3102	2838	2739	2769	2948	3289	3639	3801	3872	3842	3638	3447	3204	2952	2760	2512	2386	2200	
77	3134	59.9	60.0	8	1	1	2	1009	1250	1860	2706	3711	4548	5050	5087	5016	4725	4395	4034	3645	3322	3052	2806	2690	2710	2942	3235	3574	3739	3841	3732	3606	3404	3165	2876	2691	2497	2334	2167	
77	3151	59.9	60.0	8	1	1	2	1011	1258	1869	2692	3703	4556	4997	5103	5004	4675	4377	4064	3670	3323	3040	2785	2697	2727	2935	3228	3551	3741	3812	3716	3601	3404	3104	2879	2684	2488	2333	2175	
77	3168	60.0	60.0	8	1	1	2	1018	1246	1870	2714	3742	4528	4988	5079	4982	4752	4349	4046	3672	3352	3042	2795	2694	2753	2926	3244	3569	3736	3834	3780	3608	3403	3126	2885	2696	2472	2354	2193	
77	3186	59.9	60.0	8	1	1	2	1026	1258	1860	2708	3672	4563	5002	5019	4936	4710	4381	4047	3616	3327	3019	2782	2720	2713	2927	3208	3557	3734	3803	3738	3560	3383	3130	2896	2666	2484	2328	2163	
77	3203	59.9	60.0	8	1	1	2	1015	1255	1848	2680	3669	4584	4948	5060	4987	4714	4343	3995	3684	3308	3028	2802	2690	2733	2903	3194	3574	3712	3829	3719	3604	3408	3132	2922	2692	2512	2332	2162	
77	3220	60.0	60.0	8	1	1	2	1015	1258	1840	2683	3703	4521	4929	5070	4910	4717	4361	4029	3604	3319	3085	2761	2699	2717	2879	3217	3522	3755	3814	3757	3583	3391	3153	2897	2640	2482	2328	2190	
77	3283	94.9	95.0	9	1	0	2	940	1059	1446	1769	2254	2707	2999	3065	3084	2951	2822	2629	2462	2343	2162	2083	2085	2197	2356	2628	2900	3026	3109	3065	2917	2822	2631	2460	2290	2144	2037	1903	
77	3300	95.0	95.0	9	1	1	2	934	1075	1403	1747	2259	2700	2943	3020	3012	2919	2797	2621	2449	2261	2137	2087	2058	2153	2359	2557	2848	3008	3077	3032	2930	2752	2623	2414	2287	2136	2035	1898	
77	3363	60.0	60.1	9	1	1	2	990	1262	1845	2687	3745	4552	5016	5132	5017	4739	4412	4049	3731	3312	3068	2800	2725	2743	2945	3211	3558	3744	3880	3784	3603	3427	3143	2872	2696	2464	2334	2168	
77	3380	59.9	60.0	9	1	1	2	1014	1280	1869	2697	3696	4529	4963	5097	5002	4717	4394	4016	3657	3343	3069	2791	2702	2740	2915	3233	3522	3720	3847	3750	3575	3397	3141	2950	2662	2460	2333	2165	
77	3397	60.0	60.0	9	1	1	2	999	1240	1862	2686	3718	4520	4936	5071	4965	4713	4368	4004	3664	3328	2997	2795	2680	2735	2900	3186	3578	3684	3810	3704	3569	3382	3130	2885	2663	2456	2324	2160	
77	3414	60.0	60.0	9	1	1	2	1007	1256	1864	2687	3700	4526	4936	5028	4958	4683	4351	4030	3628	3311	3021	2778	2695	2702	2887	3176	3532	3702	3804	3730	3570	3369	3152	2870	2684	2475	2322	2152	
77	3432	60.0	60.0	9	1	1	2	1021	1237	1847	2755	3684	4518	4962	5052	4942	4669	4347	3996	3641	3328	2979	2792	2704	2727	2916	3197	3524	3694	3799	3714	3550	3418	3147	2885	2680	2453	2321	2146	
77	3449	59.9	60.0	9	1	1	2	1021	1258	1852	2674	3674	4493	4945	5038	4906	4636	4318	3958	3625	3261	3032	2783	2697	2685	2923	3182	3515	3682	3804	3708	3535	3388	3120	2844	2673	2454	2295	2163	
77	3466	60.0	60.0	9	1	1	2	996	1262	1871	2674	3665	4494	4917	4968	4909	4668	4336	3990	3597	3266	2981	2738	2682	2731	2883	3195	3505	3683	3795	3689	3534	3373	3091	2848	2650	2456	2325	2155	
77	3531	94.9	95.1	10	1	0	2	933	1068	1432	1754	2264	2685	2976	3045	3042	2948	2810	2661	2461	2285	2137	2104	2081	2151	2346	2635	2864	3000	3072	3012	2936	2780	2608	2425	2298	2152	2037	1908	
77	3548	95.0	95.0	10	1	1	2	930	1046	1413	1744	2210	2687	2945	3033	3050	2926	2781	2616	2437	2265	2157	2064	2042	2167	2321	2613	2849	2984	3045	3020	2938	2769	2590	2430	2268	2133	2025	1912	
77	3611	60.0	60.1	10	1	1	2	1001	1255	1877	2706	3760	4587	5048	5144	5003	4771	4438	4083	3693	3334	3078	2839	2739	2786	2937	3241	3611	3757	3845	3797	3640	3442	3178	2912	2718	2517	2303	2145	
77	3628	59.9	60.0	10	1	1	2	1005	1241	1836	2679	3674	4542	4947	5057	4910	4696	4354	4024	3626	3309	3025	2788	2710	2736	2910	3174	3554	3680	3812	3758	3574	3418	3111	2872	2674	2488	2320	2154	
77	3645	60.0	60.0	10	1	1	2	1006	1252	1864	2668	3665	4501	4924	4974	4887	4665	4326	3996	3653	3272	3036	2766	2707	2724	2909	3210	3537	3687	3777	3707	3548	3414	3111	2876	2655	2458	2300	2152	
77	3663	60.0	60.0	10	1	1	2	1000	1248	1834	2679	3709	4520	4940	5049	4926	4672	4277	4011	3643	3246	2995	2787	2696	2683	2883	3208	3545	3682	3785	3688	3542	3368	3093	2852	2656	2463	2310	2138	
77	3680	59.9	60.0	10	1	1	2	1010	1253	1865	2682	3649	4499	4921	5009	4914	4705	4285	3972	3643	3304	3037	2759	2694	2683	2902	3197	3540	3671	3734	3697	3535	3364	3113	2871	2658	2439	2314	2131	
77	3697	59.9	60.0	10	1	1	2	999	1238	1825	2672	3646	4464	4925	4948	4897	4624	4354	3965	3641	3274	2981	2790	2693	2684	2851	3201	3503	3698	3792	3712	3547	3366	3112	2866	2652	2456	2304	2146	
77	3714	60.0	60.0	10	1	1	2	1027	1239	1837	2683	3698	4485	4932	4987	4907	4651	4312	3958	3641	3282	2975	2781	2693	2697	2892	3179	3495	3717	3762	3686	3578	3330	3079	2880	2650	2452	2269	2121	
77	3779	94.9	95.1	11	1	0	2	922	1074	1425	1750	2253	2713	2929	3044	3042	2948	2786	2651	2464	2241	2168	2067	2042	2155	2363	2591	2846	2972	3089	3010	2888	2827	2593	2412	2283	2150	2014	1915	
77	3796	95.0	95.0	11	1	0	2	928	1064	1422	1734	2233	2674	2935	3019	3018	2914	2788	2600	2433	2246	2153	2078	2074	2148	2353	2596	2842	2975	3048	2996	2875	2774	2559	2417	2253	2142	2032	1892	
77	3859	60.0	60.1	11	1	1	2	1001	1246	1869	2705	3745	4583	5006	5131	5035	4770	4415	4040	3714	3333	3068	2855	2727	2757	2944	3276	3563	3803	3876	3798	3599	3438	3201	2877	2690	2481	2347	2159	
77	3876	59.9	60.0	11	1	1	2	1004	1246	1865	2681	3651	4488	4893	5024	4912	4693	4380	4033	3589	3310	3001	2809	2694	2706	2880	3189	3526	3694	3802	3732	3581	3380	3133	2868	2669	2453	2287	2187	
77	3893	59.9	60.0	11	1	1	2	1013	1247	1836	2667	3676	4539	4937	5007	4907	4677	4317	4006	3627	3283	3003	2793	2680	2714	2882	3201	3517	3702	3793	3706	3560	3364	3120	2887	2660	2458	2296	2132	
77	3910	60.0	60.0	11	1	1	2	1004	1267	1840	2643	3652	4526	4953	5021	4893	4654	4331	3938	3614	3257	2971	2783	2688	2724	2913	3177	3536	3672	3745	3694	3537	3366	3108	2880	2636	2481	2306	2132	
77	3928	60.0	60.0	11	1	1	2	1004	1242	1827	2678	3662	4493	4933	5005	4900	4633	4311	4016	3619	3247	2991	2758	2638	2720	2885	3181	3505	3693	3775	3725	3506	3358	3107	2885	2675	2405	2305	2148	
77	3945	60.0	60.0	11	1	1	2	1024	1248	1850	2688	3672	4485	4939	4992	4910	4679	4316	3975	3584	3262	2960	2792	2669	2672	2895	3167	3481	3691	3770	3686	3523	3375	3094	2840	2662	2438	2298	2154	
77	3962	60.0	60.0	11	1	1	2	1005	1235	1832	2665	3652	4535	4911	5015	4874	4643	4303	3942	3622	3265	3007	2795	2672	2674	2891	3188	3528	3677	3751	3712	3546	3360	3121	2885	2634	2434	2299	2132	
77	4025	95.1	95.1	12	1	0	2	934	1072	1416	1770	2234	2698	2951	3077	3000	2938	2814	2600	2449	2300	2139	2056	2063	2140	2335	2590	2829	2961	3063	3014	2898	2784	2595	2414	2287	2119	2034	1900	
77	4042	95.0	95.0	12	1	0	2	925	1064	1424	1734	2235	2676	2938	3030	2983	2900	2751	2579	2433	2260	2162	2054	2034	2160	2330	2590	2815	2960	2995	2994	2868	2735	2585	2424	2269	2124	1991	1909	
77	4105	59.9	60.1	12	1	1	2	1007	1245	1859	2686	3705	4561	5002	5074	4995	4718	4350	4028	3652	3328	3054	2845	2710	2736	2913	3194	3508	3693	3807	3740	3585	3415	3125	2899	2685	2473	2363	2152	
77	4122	59.9	60.0	12	1	1	2	1007	1253	1819	2688	3644	4482	4904	4985	4916	4640	4284	3976	3587	3306	3004	2819	2657	2720	2921	3146	3518	3661	3766	3694	3504	3357	3111	2856	2647	2468	2305	2144	
77	4139	59.9	60.0	12	1	1	2	1012	1248	1832	2648	3643	4455	4890	4960	4893	4636	4241	3945	3622	3287	2968	2748	2645	2740	2886	3120	3492	3669	3744	3700	3556	3346	3048	2855	2626	2372	2304	2145	
77	4157	60.0	60.0	12	1	1	2	1003	1265	1836	2649	3608	4480	4916	5010	4901	4654	4299	3943	3580	3265	2989	2788	2684	2697	2888	3181	3519	3659	3794	3694	3532	3318	3105	2852	2644	2428	2294	2166	
77	4174	60.0	60.0	12	1	1	2	1007	1250	1841	2649	3637	4486	4931	5009	4855	4584	4249	3934	3570	3258	2970	2771	2675	2702	2879	3152	3521	3649	3752	3681	3538	3356	3102	2871	2645	2440	2273	2134	
77	4191	60.0	60.0	12	1	1	2	1001	1239	1833	2646	3635	4471	4926	4951	4903	4629	4298	3946	3639	3259	2936	2782	2661	2687	2871	3168	3492	3661	3786	3691	3529	3361	3070	2872	2648	2426	2309	2140	
77	4208	60.0	60.0	12	1	1	2	1003	1237	1832	2639	3612	4442	4860	4980	4841	4657	4294	3931	3571	3270	2987	2736	2648	2695	2873	3147	3478	3660	3738	3685	3496	3324	3077	2855	2639	2413	2252	2133	
77	4270	95.0	95.0	13	1	0	2	922	1067	1408	1746	2260	2673	2934	3020	3060	2958	2775	2601	2459	2304	2121	2065	2056	2150	2376	2577	2852	2976	3057	3026	2886	2790	2585	2402	2256	2116	1997	1922	
77	4287	95.0	95.0	13	1	0	2	919	1059	1403	1758	2248	2658	2929	3012	3006	2898	2764	2602	2423	2295	2068	2052	2060	2142	2345	2593	2832	2976	3059	3001	2853	2770	2575	2410	2265	2125	1987	1880	
77	4350	59.8	60.1	13	1	1	2	1006	1262	1857	2715	3744	4582	4986	5117	5026	4741	4412	4050	3658	3367	3019	2796	2711	2719	2910	3215	3549	3686	3842	3755	3621	3394	3162	2912	2670	2488	2316	2171	
77	4367	59.9	60.0	13	1	1	2	1000	1262	1864	2679	3686	4446	4895	5006	4928	4651	4310	3959	3621	3280	3004	2776	2678	2688	2867	3191	3496	3680	3802	3675	3538	3364	3081	2853	2637	2440	2282	2156	
77	4385	60.0	60.0	13	1	1	2	999	1230	1850	2672	3633	4483	4898	4975	4906	4618	4253	3975	3583	3263	2957	2758	2634	2699	2871	3148	3532	3668	3832	3688	3545	3358	3078	2829	2647	2427	2282	2151	
77	4402	60.0	60.0	13	1	1	2	1013	1238	1841	2664	3627	4451	4868	4968	4879	4602	4253	3947	3581	3258	2960	2767	2652	2684	2864	3138	3535	3678	3736	3681	3523	3336	3090	2817	2612	2451	2259	2141	
77	4419	60.0	60.0	13	1	1	2	1005	1239	1834	2643	3649	4473	4891	5016	4891	4622	4283	3959	3616	3261	2965	2764	2654	2673	2836	3161	3492	3666	3736	3692	3507	3351	3087	2855	2615	2438	2316	2158	
77	4436	60.0	60.0	13	1	1	2	1003	1248	1827	2658	3628	4491	4859	4941	4852	4607	4292	3984	3583	3279	2980	2757	2653	2731	2876	3147	3486	3642	3773	3691	3573	3304	3074	2833	2621	2433	2282	2127	
77	4454	60.0	60.0	13	1	1	2	1010	1249	1809	2644	3623	4450	4874	4971	4858	4594	4267	3924	3563	3250	2981	2777	2638	2681	2848	3161	3469	3651	3725	3666	3546	3345	3072	2848	2643	2446	2274	2112	
77	4516	95.0	95.0	14	1	0	2	927	1059	1416	1741	2239	2663	2915	3048	3035	2905	2767	2620	2431	2277	2128	2059	2040	2143	2352	2548	2841	2953	3039	3004	2875	2751	2611	2398	2251	2103	2015	1905	
77	4533	95.0	95.0	14	1	0	2	926	1082	1400	1735	2218	2658	2887	2998	3044	2922	2779	2601	2427	2259	2122	2019	2035	2111	2292	2564	2823	2934	3041	2967	2874	2753	2545	2385	2263	2104	2013	1877	
77	4596	59.9	60.1	14	1	1	2	1001	1247	1868	2700	3721	4540	4982	5109	4970	4708	4403	4034	3693	3322	3036	2827	2716	2707	2918	3184	3556	3731	3853	3771	3583	3378	3129	2903	2670	2456	2296	2147	
77	4613	59.9	60.0	14	1	1	2	1016	1225	1845	2657	3650	4452	4882	5020	4882	4602	4301	3934	3581	3245	2966	2764	2659	2663	2897	3173	3505	3667	3752	3665	3531	3360	3094	2868	2614	2437	2305	2120	
77	4631	60.0	60.0	14	1	1	2	991	1228	1823	2613	3608	4401	4864	4933	4835	4632	4207	3938	3568	3205	2958	2750	2638	2640	2815	3156	3466	3632	3743	3664	3459	3327	3065	2825	2639	2432	2276	2123	
77	4648	60.0	60.0	14	1	1	2	996	1240	1833	2615	3625	4425	4841	4949	4856	4554	4269	3924	3568	3258	2974	2733	2616	2668	2853	3113	3468	3642	3736	3662	3484	3328	3053	2828	2620	2410	2273	2133	
77	4665	60.0	60.0	14	1	1	2	1009	1240	1809	2661	3597	4393	4856	4939	4823	4565	4225	3922	3569	3253	2942	2748	2631	2664	2857	3122	3460	3654	3722	3649	3498	3307	3078	2820	2598	2412	2298	2141	
77	4682	60.0	60.0	14	1	1	2	1002	1240	1814	2662	3604	4445	4862	4908	4835	4616	4287	3957	3598	3256	2969	2728	2640	2664	2823	3141	3458	3655	3700	3684	3478	3324	3033	2838	2624	2427	2285	2129	
77	4700	60.0	60.0	14	1	1	2	1004	1240	1828	2652	3651	4486	4858	4934	4863	4596	4262	3938	3605	3228	2956	2773	2637	2650	2861	3148	3490	3640	3736	3682	3520	3333	3043	2844	2650	2429	2284	2126	
77	4764	95.1	95.1	15	1	0	2	894	1073	1417	1756	2229	2651	2910	3000	3019	2916	2774	2624	2451	2272	2144	2040	2073	2115	2323	2586	2809	2988	3019	3014	2856	2750	2591	2401	2246	2123	2041	1909	
77	4781	95.0	95.0	15	1	0	2	931	1076	1401	1743	2212	2659	2893	2992	2937	2922	2732	2578	2429	2264	2139	2043	2022	2122	2304	2580	2844	2929	3021	3004	2865	2739	2551	2381	2262	2123	1992	1890	
77	4844	59.8	60.1	15	1	1	2	1002	1244	1850	2702	3704	4506	4977	5009	4977	4712	4348	4024	3617	3332	2984	2805	2662	2693	2894	3167	3548	3694	3807	3727	3565	3401	3112	2849	2648	2472	2336	2148	
77	4862	59.9	60.0	15	1	1	2	1010	1233	1811	2651	3641	4504	4898	4991	4888	4660	4283	3994	3579	3257	2954	2763	2669	2687	2867	3136	3500	3655	3740	3683	3508	3349	3079	2833	2650	2455	2296	2132	
77	4879	59.9	60.0	15	1	1	2	1014	1248	1824	2617	3620	4392	4824	4933	4827	4537	4239	3915	3560	3243	2950	2760	2610	2679	2840	3136	3418	3637	3725	3658	3514	3296	3056	2813	2606	2418	2285	2114	
77	4896	59.9	60.0	15	1	1	2	1009	1233	1819	2613	3573	4416	4808	4935	4811	4581	4271	3911	3555	3221	2957	2758	2636	2639	2848	3137	3475	3616	3731	3654	3501	3298	3061	2812	2611	2402	2279	2121	
77	4913	60.0	60.0	15	1	1	2	1029	1239	1821	2615	3610	4436	4846	4890	4837	4575	4234	3917	3539	3230	2927	2735	2638	2669	2819	3140	3434	3617	3714	3643	3530	3324	3066	2833	2617	2394	2260	2114	
77	4931	60.0	60.0	15	1	1	2	999	1241	1846	2646	3584	4362	4830	4880	4819	4570	4225	3918	3534	3245	2925	2748	2637	2655	2822	3137	3448	3593	3728	3664	3498	3316	3049	2812	2587	2428	2272	2116	
77	4948	60.0	60.0	15	1	1	2	1011	1246	1830	2632	3617	4400	4822	4932	4837	4538	4228	3922	3573	3201	2974	2721	2637	2626	2816	3126	3454	3633	3742	3684	3514	3292	3050	2830	2593	2405	2267	2101	
77	5012	95.0	95.1	16	1	0	2	931	1069	1411	1759	2229	2669	2925	2992	3018	2876	2727	2582	2400	2263	2113	2039	2048	2130	2327	2572	2830	2946	3021	2961	2837	2734	2548	2428	2233	2106	1993	1876	
77	5030	95.0	95.0	16	1	0	2	945	1073	1387	1748	2201	2608	2850	2976	2966	2875	2744	2570	2408	2239	2103	2034	2029	2119	2297	2528	2844	2926	3005	2954	2840	2711	2540	2395	2257	2080	2008	1885	
77	5092	59.8	60.1	16	1	1	2	1012	1236	1862	2669	3652	4480	4914	5033	4896	4635	4291	4026	3609	3272	2996	2771	2713	2691	2857	3172	3491	3695	3781	3690	3536	3357	3116	2865	2662	2439	2299	2144	
77	5109	59.9	60.0	16	1	1	2	1008	1255	1812	2613	3606	4415	4831	4949	4864	4596	4298	3945	3586	3240	2965	2736	2660	2667	2867	3148	3463	3658	3705	3646	3516	3293	3068	2829	2622	2433	2282	2129	
77	5127	59.9	60.0	16	1	1	2	1002	1258	1814	2629	3603	4394	4833	4900	4894	4557	4268	3905	3592	3258	2950	2735	2624	2657	2831	3130	3442	3642	3736	3701	3498	3311	3040	2834	2606	2422	2289	2122	
77	5144	60.0	60.0	16	1	1	2	1009	1235	1810	2644	3612	4378	4818	4902	4823	4539	4244	3895	3560	3208	2934	2722	2681	2657	2814	3129	3485	3630	3714	3679	3487	3307	3029	2794	2604	2393	2249	2150	
77	5161	60.0	60.0	16	1	1	2	1003	1237	1817	2626	3624	4412	4820	4910	4815	4585	4254	3905	3577	3212	2939	2736	2628	2643	2847	3106	3436	3633	3729	3639	3472	3275	3050	2795	2602	2417	2244	2119	
77	5178	59.9	60.0	16	1	1	2	1002	1246	1804	2670	3609	4402	4836	4933	4844	4590	4253	3926	3552	3243	2969	2761	2640	2687	2844	3132	3473	3633	3725	3689	3500	3283	3062	2816	2598	2408	2278	2103	
77	5196	60.0	60.0	16	1	1	2	1008	1238	1834	2618	3588	4445	4817	4899	4844	4560	4210	3884	3520	3216	2938	2730	2646	2662	2844	3129	3437	3603	3710	3615	3484	3327	3058	2822	2607	2420	2262	2113	
77	5258	95.0	95.0	17	1	0	2	902	1059	1408	1736	2266	2653	2917	2991	3025	2961	2780	2607	2444	2249	2143	2044	2061	2141	2309	2574	2828	2946	3031	2985	2845	2731	2584	2388	2258	2120	2051	1879	
77	5276	95.0	95.0	17	1	0	2	926	1065	1395	1741	2218	2615	2872	2994	2989	2880	2735	2596	2408	2254	2102	2050	2029	2118	2303	2605	2795	2913	3030	2952	2872	2737	2547	2413	2240	2099	2005	1865	
77	5338	59.7	60.1	17	1	1	2	1025	1237	1828	2660	3646	4438	4901	4984	4886	4671	4330	3986	3584	3304	2973	2784	2689	2694	2861	3180	3501	3689	3749	3696	3529	3371	3108	2842	2660	2455	2293	2137	
77	5356	59.9	60.0	17	1	1	2	996	1233	1833	2646	3640	4465	4869	4926	4856	4596	4256	3905	3558	3240	3010	2723	2651	2644	2852	3133	3432	3643	3720	3664	3494	3329	3070	2815	2590	2399	2286	2115	
77	5373	59.9	60.0	17	1	1	2	1023	1219	1829	2610	3651	4388	4824	4914	4825	4564	4215	3901	3555	3199	2943	2717	2626	2663	2825	3130	3460	3622	3677	3625	3498	3288	3048	2773	2598	2397	2273	2138	
77	5390	60.0	60.0	17	1	1	2	994	1216	1807	2628	3588	4385	4854	4926	4822	4586	4261	3900	3538	3275	2952	2735	2627	2665	2836	3145	3456	3625	3710	3638	3514	3317	3034	2827	2609	2429	2273	2106	
77	5407	59.9	60.0	17	1	1	2	1000	1252	1817	2613	3593	4406	4791	4883	4806	4567	4231	3914	3545	3213	2942	2722	2613	2645	2797	3158	3431	3592	3724	3648	3458	3296	3056	2823	2600	2391	2272	2101	
77	5425	60.0	60.0	17	1	1	2	979	1231	1821	2634	3572	4386	4809	4892	4808	4513	4242	3912	3543	3233	2955	2690	2629	2663	2846	3090	3457	3613	3742	3628	3480	3286	3056	2803	2584	2398	2252	2098	
77	5442	60.0	60.0	17	1	1	2	1008	1252	1831	2629	3593	4386	4811	4903	4827	4550	4228	3877	3525	3224	2908	2707	2640	2616	2853	3113	3418	3614	3708	3657	3472	3309	3018	2819	2604	2422	2262	2111	
77	5506	95.0	95.1	18	1	0	2	927	1067	1390	1729	2207	2632	2889	2972	2976	2896	2754	2581	2418	2218	2101	2012	2023	2113	2319	2570	2795	2909	2961	2942	2844	2723	2537	2427	2239	2074	2009	1876	
77	5524	95.0	95.0	18	1	0	2	923	1076	1371	1714	2192	2654	2850	2991	2960	2865	2759	2575	2389	2216	2102	2025	2038	2108	2302	2524	2802	2905	2999	2935	2828	2722	2554	2390	2252	2083	1986	1853	
77	5586	59.8	60.1	18	1	1	2	1010	1239	1839	2655	3633	4424	4895	4937	4916	4598	4269	3938	3591	3338	2982	2744	2669	2681	2862	3158	3420	3661	3771	3672	3539	3350	3080	2840	2624	2441	2296	2118	
77	5604	59.9	60.0	18	1	1	2	1005	1245	1818	2628	3604	4386	4823	4922	4813	4553	4258	3917	3549	3234	2948	2726	2618	2679	2823	3128	3447	3603	3699	3648	3477	3302	3054	2832	2611	2421	2268	2109	
77	5621	60.0	60.0	18	1	1	2	1001	1238	1839	2661	3588	4426	4770	4916	4782	4550	4236	3896	3529	3209	2937	2726	2628	2658	2815	3116	3451	3602	3720	3622	3434	3315	3052	2790	2625	2419	2283	2107	
77	5638	59.9	60.0	18	1	1	2	1002	1241	1810	2625	3590	4414	4819	4931	4815	4611	4225	3896	3557	3242	2934	2734	2597	2639	2819	3099	3457	3610	3733	3618	3501	3296	3017	2794	2606	2421	2261	2125	
77	5655	60.0	60.0	18	1	1	2	1004	1268	1822	2630	3613	4449	4787	4926	4838	4561	4244	3934	3568	3248	2949	2738	2616	2658	2863	3151	3474	3613	3728	3642	3527	3284	3035	2799	2618	2417	2276	2106	
77	5673	60.0	60.0	18	1	1	2	1017	1212	1801	2602	3609	4362	4813	4890	4823	4567	4196	3919	3539	3216	2938	2704	2615	2627	2811	3110	3444	3612	3676	3658	3464	3270	2999	2783	2597	2401	2254	2105	
77	5690	60.0	60.0	18	1	1	2	997	1225	1840	2634	3601	4420	4793	4913	4791	4574	4229	3916	3526	3201	2929	2723	2621	2651	2815	3122	3443	3589	3696	3645	3483	3274	3028	2800	2610	2423	2248	2119	
77	5754	95.1	95.1	19	1	0	2	924	1066	1409	1727	2211	2659	2889	3023	2998	2885	2749	2562	2413	2245	2112	2027	2017	2133	2303	2573	2835	2922	2984	2965	2863	2718	2570	2328	2255	2085	1996	1890	
77	5772	95.0	95.0	19	1	0	2	947	1062	1381	1739	2202	2617	2883	2973	2969	2888	2728	2598	2375	2245	2120	2030	2048	2115	2316	2549	2787	2940	3000	2962	2837	2700	2567	2381	2245	2090	1988	1873	
77	5835	59.9	60.1	19	1	1	2	1000	1225	1814	2648	3664	4404	4873	4976	4830	4602	4263	3955	3581	3255	3004	2761	2650	2660	2858	3160	3486	3649	3745	3677	3528	3342	3105	2804	2610	2422	2266	2120	
77	5852	59.9	60.0	19	1	1	2	1008	1232	1826	2635	3601	4420	4812	4975	4834	4583	4204	3919	3539	3248	2995	2748	2652	2656	2831	3123	3475	3636	3739	3654	3500	3287	3057	2816	2612	2400	2275	2112	
77	5869	60.0	60.0	19	1	1	2	1016	1261	1824	2619	3584	4396	4880	4888	4809	4564	4208	3915	3514	3221	2910	2729	2622	2669	2804	3128	3450	3592	3699	3656	3479	3308	3060	2802	2600	2403	2276	2105	
77	5886	59.9	60.0	19	1	1	2	989	1228	1827	2613	3581	4382	4818	4878	4798	4530	4180	3928	3550	3215	2954	2725	2633	2631	2832	3102	3424	3629	3655	3641	3467	3280	3072	2784	2600	2433	2253	2127	
77	5904	60.0	60.0	19	1	1	2	1010	1240	1825	2611	3563	4405	4784	4860	4730	4549	4190	3866	3515	3189	2927	2781	2619	2648	2832	3103	3420	3610	3642	3581	3441	3325	3032	2790	2617	2354	2257	2105	
77	5921	60.0	60.0	19	1	1	2	996	1232	1792	2584	3574	4364	4779	4845	4761	4510	4226	3865	3540	3168	2902	2712	2605	2619	2845	3111	3436	3584	3696	3606	3474	3304	3040	2783	2580	2407	2259	2102	
77	5938	59.9	60.0	19	1	1	2	1006	1220	1806	2624	3601	4414	4809	4910	4773	4536	4231	3905	3547	3235	2948	2707	2617	2630	2786	3137	3416	3617	3723	3629	3501	3279	3060	2808	2594	2396	2283	2107	
77	6003	95.0	95.1	20	1	0	2	934	1049	1384	1744	2194	2645	2896	2968	2976	2874	2710	2551	2413	2260	2125	2010	2028	2123	2314	2553	2808	2948	3003	2960	2816	2721	2562	2387	2236	2092	1989	1881	
77	6020	95.0	95.0	20	1	0	2	924	1084	1390	1733	2213	2626	2857	2978	2970	2867	2724	2576	2392	2213	2137	2025	2024	2089	2325	2558	2781	2914	2988	2944	2857	2728	2543	2363	2245	2108	1987	1869	
77	6083	59.8	60.1	20	1	1	2	990	1240	1814	2648	3612	4451	4860	4966	4868	4601	4263	3927	3587	3231	2946	2730	2662	2655	2847	3133	3467	3639	3727	3677	3522	3337	3045	2812	2608	2412	2260	2127	
77	6100	59.9	60.0	20	1	1	2	995	1234	1825	2648	3634	4400	4822	4912	4852	4545	4229	3890	3569	3237	2947	2748	2624	2662	2815	3116	3452	3636	3717	3613	3466	3308	3038	2803	2598	2394	2278	2118	
77	6117	60.0	60.0	20	1	1	2	1008	1240	1821	2625	3573	4382	4812	4877	4767	4554	4235	3884	3498	3194	2947	2716	2609	2641	2839	3113	3393	3596	3684	3672	3464	3279	3034	2813	2570	2404	2283	2107	
77	6134	59.9	60.0	20	1	1	2	998	1226	1813	2579	3567	4400	4780	4856	4788	4553	4196	3861	3561	3237	2928	2724	2607	2614	2808	3092	3408	3622	3659	3632	3467	3301	3033	2802	2605	2384	2268	2109	
77	6152	59.9	60.0	20	1	1	2	1012	1234	1820	2618	3609	4409	4822	4870	4757	4558	4169	3889	3541	3208	2934	2720	2617	2627	2832	3104	3421	3634	3702	3640	3457	3287	3055	2798	2571	2393	2246	2112	
77	6169	59.9	60.0	20	1	1	2	996	1235	1828	2616	3573	4340	4804	4893	4783	4562	4193	3883	3536	3204	2957	2707	2616	2607	2813	3125	3423	3584	3658	3578	3489	3304	3054	2804	2559	2409	2260	2085	
77	6186	60.0	60.0	20	1	1	2	1011	1252	1820	2612	3563	4377	4759	4859	4777	4489	4196	3852	3535	3172	2905	2645	2623	2641	2816	3108	3437	3595	3643	3639	3467	3306	3048	2791	2616	2415	2257	2092	
77	6251	95.0	95.1	21	1	0	2	922	1059	1403	1743	2200	2634	2874	2969	2975	2890	2746	2576	2393	2248	2124	2031	2023	2110	2280	2550	2825	2956	2966	2954	2819	2725	2538	2386	2258	2110	1969	1864	
77	6268	95.0	95.0	21	1	0	2	921	1062	1387	1713	2196	2591	2886	2968	2946	2897	2691	2566	2401	2238	2090	2035	2027	2108	2286	2509	2789	2891	3022	2925	2850	2713	2540	2388	2224	2081	1975	1860	
77	6329	59.9	60.1	21	1	1	2	999	1246	1818	2601	3588	4381	4791	4898	4816	4543	4200	3863	3549	3235	2950	2699	2612	2644	2845	3154	3452	3610	3678	3650	3468	3339	3057	2811	2590	2405	2240	2118	
77	6346	60.0	60.0	21	1	1	2	1022	1229	1800	2605	3636	4412	4831	4916	4868	4557	4246	3907	3538	3257	2916	2730	2639	2676	2844	3142	3452	3631	3715	3673	3498	3293	3040	2817	2620	2411	2246	2137	
77	6363	60.0	60.0	21	1	1	2	1002	1240	1848	2657	3567	4414	4834	4873	4856	4580	4276	3900	3553	3204	2993	2709	2630	2664	2813	3107	3426	3620	3710	3642	3511	3286	3014	2805	2616	2413	2262	2136	
77	6381	60.0	60.0	21	1	1	2	1010	1230	1816	2623	3579	4364	4792	4898	4791	4520	4176	3924	3550	3209	2932	2737	2640	2662	2811	3137	3440	3593	3724	3608	3467	3288	3027	2806	2589	2423	2253	2088	
77	6398	59.9	60.0	21	1	1	2	1001	1263	1837	2619	3562	4393	4816	4869	4770	4538	4233	3886	3553	3218	2901	2730	2604	2643	2816	3117	3400	3605	3691	3602	3476	3271	3036	2781	2601	2404	2244	2112	
77	6415	60.0	60.0	21	1	1	2	994	1256	1792	2625	3582	4411	4777	4846	4778	4458	4220	3843	3504	3230	2932	2736	2619	2622	2828	3117	3413	3596	3712	3620	3474	3287	3005	2801	2617	2416	2239	2102	
77	6432	60.0	60.0	21	1	1	2	995	1224	1843	2598	3581	4384	4803	4824	4818	4538	4235	3896	3540	3224	2898	2735	2616	2619	2843	3128	3420	3616	3710	3639	3453	3288	3018	2793	2581	2395	2258	2134	
77	6495	95.0	95.0	22	1	0	2	914	1086	1387	1733	2228	2649	2899	2968	2949	2892	2756	2628	2409	2246	2127	2027	2046	2125	2309	2576	2815	2944	3034	2966	2878	2745	2545	2396	2240	2091	1985	1879	
77	6512	95.0	95.0	22	1	0	2	922	1076	1376	1717	2212	2620	2867	2972	2971	2895	2719	2529	2418	2232	2110	2025	2036	2118	2289	2536	2821	2947	2969	2933	2810	2708	2565	2378	2226	2082	1979	1877	
77	6575	59.9	60.1	22	1	1	2	991	1249	1805	2637	3620	4403	4818	4925	4809	4586	4262	3902	3567	3217	2916	2728	2648	2654	2811	3116	3462	3581	3697	3648	3488	3298	3041	2808	2594	2423	2262	2100	
77	6592	60.0	60.0	22	1	1	2	1000	1252	1826	2606	3575	4424	4791	4913	4829	4615	4258	3938	3592	3226	2937	2739	2637	2660	2875	3122	3454	3617	3713	3636	3481	3329	3027	2851	2615	2413	2296	2117	
77	6609	60.0	60.0	22	1	1	2	994	1231	1840	2629	3550	4381	4747	4890	4806	4559	4189	3856	3573	3215	2937	2705	2600	2647	2798	3101	3423	3582	3695	3643	3454	3304	3041	2780	2597	2369	2244	2101	
77	6627	59.9	60.0	22	1	1	2	1000	1231	1832	2624	3594	4388	4788	4897	4783	4559	4212	3874	3497	3215	2950	2708	2609	2610	2828	3106	3469	3577	3686	3650	3452	3286	3033	2795	2575	2395	2278	2109	
77	6644	60.0	60.0	22	1	1	2	999	1236	1805	2611	3573	4350	4792	4861	4754	4553	4222	3917	3560	3188	2905	2706	2591	2662	2812	3113	3439	3595	3666	3668	3493	3282	3032	2783	2570	2424	2261	2116	
77	6661	59.9	60.0	22	1	1	2	999	1245	1809	2617	3564	4368	4766	4867	4778	4540	4227	3908	3497	3182	2915	2677	2612	2657	2801	3097	3386	3606	3658	3633	3483	3265	3042	2765	2621	2380	2308	2106	
77	6678	60.0	60.0	22	1	1	2	1003	1237	1772	2612	3588	4366	4791	4860	4711	4500	4171	3828	3511	3201	2947	2700	2594	2622	2786	3096	3405	3541	3680	3554	3450	3270	3016	2802	2582	2367	2240	2082	
77	6741	95.0	95.1	23	1	0	2	920	1063	1361	1727	2213	2603	2895	2963	2986	2894	2740	2566	2379	2240	2114	2008	2039	2100	2313	2532	2809	2914	3017	2945	2819	2709	2526	2356	2248	2080	2002	1868	
77	6758	95.0	95.0	23	1	0	2	914	1074	1376	1726	2211	2608	2867	2956	2961	2873	2713	2550	2398	2220	2093	2005	2036	2083	2270	2514	2749	2915	2968	2896	2824	2676	2522	2381	2241	2087	1978	1873	
77	6821	59.9	60.1	23	1	1	2	1006	1235	1845	2626	3605	4437	4784	4901	4796	4537	4235	3911	3526	3253	2944	2744	2641	2630	2839	3105	3490	3600	3677	3621	3486	3308	3035	2833	2620	2408	2247	2088	
77	6838	59.9	60.0	23	1	1	2	992	1231	1805	2680	3579	4376	4809	4887	4792	4545	4228	3909	3526	3205	2946	2728	2592	2641	2802	3116	3419	3587	3709	3618	3459	3268	3047	2820	2574	2363	2263	2113	
77	6855	60.0	60.0	23	1	1	2	996	1245	1816	2611	3582	4392	4819	4912	4780	4561	4230	3918	3540	3218	2941	2709	2623	2635	2820	3117	3465	3587	3704	3640	3490	3327	3040	2815	2611	2412	2270	2097	
77	6873	59.9	60.0	23	1	1	2	1002	1234	1820	2601	3538	4332	4752	4872	4754	4490	4172	3873	3528	3218	2906	2688	2586	2625	2839	3112	3405	3560	3651	3579	3434	3251	3039	2806	2584	2407	2275	2097	
77	6890	59.9	60.0	23	1	1	2	1001	1235	1835	2606	3562	4327	4807	4819	4787	4554	4171	3856	3499	3215	2936	2698	2620	2600	2802	3068	3448	3602	3677	3620	3424	3270	3023	2753	2557	2409	2234	2070	
77	6907	59.9	60.0	23	1	1	2	996	1226	1813	2597	3596	4335	4767	4870	4750	4519	4180	3865	3512	3156	2912	2686	2594	2634	2792	3086	3400	3569	3675	3620	3472	3268	2998	2763	2574	2404	2249	2108	
77	6924	60.0	60.0	23	1	1	2	999	1225	1804	2577	3511	4343	4769	4838	4721	4532	4193	3822	3467	3153	2912	2696	2574	2617	2802	3091	3429	3543	3692	3587	3428	3272	3029	2746	2566	2381	2206	2081	
77	6987	95.0	95.0	24	1	0	2	920	1079	1366	1744	2209	2612	2857	2975	2942	2865	2732	2564	2381	2236	2116	2027	2028	2106	2280	2533	2776	2906	2948	2929	2813	2696	2533	2381	2230	2074	1981	1872	
77	7004	95.0	95.0	24	1	0	2	930	1042	1379	1722	2198	2622	2856	2940	2935	2849	2693	2572	2376	2195	2105	2008	2000	2099	2281	2536	2809	2915	2980	2946	2836	2707	2514	2387	2207	2065	1979	1856	
77	7067	59.9	60.1	24	1	1	2	997	1237	1797	2587	3584	4355	4758	4884	4782	4532	4252	3903	3546	3190	2935	2704	2606	2610	2805	3133	3437	3607	3696	3639	3482	3278	3026	2804	2596	2418	2263	2124	
77	7084	59.9	60.0	24	1	1	2	998	1261	1813	2629	3618	4366	4805	4882	4783	4544	4204	3930	3531	3194	2919	2727	2602	2618	2793	3108	3448	3555	3733	3644	3430	3288	3063	2785	2600	2399	2258	2118	
77	7101	59.9	60.0	24	1	1	2	1000	1215	1805	2600	3549	4333	4751	4844	4750	4482	4190	3876	3485	3195	2898	2704	2597	2634	2793	3067	3396	3568	3620	3583	3473	3254	2987	2779	2571	2371	2251	2100	
77	7119	59.9	60.0	24	1	1	2	1008	1244	1812	2628	3541	4360	4758	4852	4768	4536	4187	3853	3533	3208	2932	2687	2596	2641	2813	3125	3382	3589	3659	3624	3434	3240	2983	2769	2590	2380	2255	2092	
77	7136	59.9	60.0	24	1	1	2	987	1249	1806	2597	3559	4375	4781	4868	4765	4548	4217	3875	3510	3198	2889	2712	2593	2620	2824	3130	3414	3600	3682	3567	3459	3255	3019	2786	2585	2407	2251	2132	
77	7153	59.9	60.0	24	1	1	2	989	1244	1788	2614	3533	4366	4798	4910	4777	4552	4184	3868	3524	3214	2914	2726	2636	2635	2822	3103	3435	3543	3698	3626	3484	3316	3044	2790	2603	2397	2219	2110	
77	7170	60.0	60.0	24	1	1	2	1010	1212	1803	2585	3541	4361	4725	4818	4700	4492	4165	3838	3490	3171	2917	2698	2597	2625	2774	3077	3404	3537	3638	3583	3464	3244	2972	2758	2552	2363	2228	2084	
77	7235	95.0	95.1	25	1	0	2	940	1057	1360	1729	2174	2630	2877	2991	2968	2870	2718	2580	2392	2224	2118	2006	2028	2100	2301	2516	2808	2923	3004	2909	2831	2710	2529	2374	2225	2086	1994	1860	
77	7252	95.0	95.0	25	1	0	2	919	1054	1372	1705	2184	2611	2852	2970	2938	2868	2697	2563	2377	2220	2106	2008	1998	2091	2277	2529	2779	2918	2977	2942	2792	2676	2500	2372	2207	2097	1976	1865	
77	7315	59.9	60.1	25	1	1	2	999	1238	1828	2602	3567	4371	4830	4887	4751	4575	4206	3848	3522	3207	2921	2728	2610	2632	2828	3162	3417	3616	3708	3636	3448	3273	3031	2823	2605	2408	2270	2095	
77	7332	59.9	60.0	25	1	1	2	999	1226	1817	2604	3601	4370	4771	4862	4775	4524	4213	3891	3554	3183	2920	2718	2618	2609	2830	3119	3443	3604	3680	3620	3479	3282	3028	2798	2603	2396	2259	2080	
77	7350	60.0	60.0	25	1	1	2	1012	1218	1823	2612	3581	4392	4770	4872	4721	4538	4209	3861	3520	3176	2931	2715	2600	2632	2796	3102	3415	3596	3680	3603	3450	3273	3015	2767	2587	2395	2260	2115	
77	7367	60.0	60.0	25	1	1	2	988	1236	1816	2600	3564	4321	4735	4822	4735	4507	4220	3874	3510	3189	2924	2692	2581	2634	2821	3125	3436	3586	3641	3604	3459	3268	3023	2806	2590	2387	2253	2087	
77	7384	60.0	60.0	25	1	1	2	997	1212	1832	2595	3526	4359	4747	4825	4716	4496	4173	3827	3521	3201	2892	2706	2589	2609	2802	3075	3411	3559	3638	3604	3440	3261	3007	2787	2579	2377	2236	2100	
77	7401	59.9	60.0	25	1	1	2	1007	1286	1797	2572	3571	4350	4761	4823	4771	4556	4162	3822	3525	3184	2905	2698	2597	2642	2813	3094	3400	3539	3657	3581	3422	3253	3004	2741	2581	2365	2222	2083	
77	7419	60.0	60.0	25	1	1	2	1000	1236	1802	2573	3567	4350	4768	4823	4766	4462	4196	3845	3486	3177	2892	2711	2601	2624	2804	3086	3402	3580	3643	3609	3446	3261	3004	2789	2600	2392	2233	2090	
77	7481	95.0	95.0	26	1	0	2	934	1064	1411	1727	2237	2648	2866	2981	2963	2880	2694	2585	2400	2245	2098	2034	2015	2132	2281	2539	2785	2921	2980	2931	2834	2712	2528	2376	2259	2075	1984	1861	
77	7498	95.0	95.0	26	1	0	2	933	1045	1349	1720	2188	2585	2857	2966	2925	2844	2749	2546	2382	2235	2092	1988	2019	2038	2284	2506	2768	2883	2966	2884	2814	2718	2492	2376	2217	2073	1988	1853	
77	7561	60.0	60.1	26	1	1	2	1003	1215	1817	2614	3578	4352	4777	4849	4731	4502	4193	3893	3541	3175	2935	2736	2617	2659	2794	3110	3431	3622	3641	3600	3503	3288	3038	2788	2632	2376	2276	2114	
77	7578	59.9	60.0	26	1	1	2	993	1232	1832	2620	3583	4383	4822	4894	4801	4548	4205	3851	3540	3223	2956	2707	2613	2658	2792	3083	3424	3603	3704	3586	3466	3257	3045	2798	2585	2412	2226	2100	
77	7596	60.0	60.0	26	1	1	2	994	1228	1823	2620	3590	4408	4818	4868	4791	4558	4211	3853	3545	3222	2914	2699	2612	2660	2800	3089	3472	3581	3672	3610	3441	3283	3017	2790	2609	2433	2284	2104	
77	7613	60.0	60.0	26	1	1	2	1000	1242	1792	2635	3537	4372	4745	4860	4735	4519	4148	3855	3507	3201	2907	2686	2611	2636	2821	3102	3405	3564	3619	3601	3450	3259	3023	2777	2587	2392	2283	2072	
77	7630	60.0	60.0	26	1	1	2	996	1251	1781	2574	3555	4323	4744	4846	4756	4495	4159	3853	3513	3184	2898	2687	2595	2592	2784	3068	3399	3547	3627	3590	3419	3261	3004	2787	2561	2364	2254	2062	
77	7647	59.9	60.0	26	1	1	2	994	1236	1823	2593	3578	4354	4781	4849	4776	4507	4179	3841	3495	3184	2927	2705	2586	2666	2813	3069	3408	3559	3666	3595	3441	3250	2999	2774	2558	2362	2230	2109	
77	7665	60.0	60.0	26	1	1	2	998	1247	1806	2600	3563	4315	4737	4814	4775	4484	4158	3846	3483	3195	2917	2699	2604	2617	2788	3072	3398	3549	3668	3579	3435	3235	3014	2773	2561	2399	2261	2097	
77	7727	95.0	95.0	27	1	0	2	920	1065	1360	1732	2197	2652	2872	2950	2960	2857	2706	2552	2326	2228	2110	2015	2019	2111	2294	2576	2794	2896	2948	2938	2827	2693	2545	2351	2223	2077	1974	1859	
77	7744	95.0	95.0	27	1	0	2	931	1054	1355	1708	2190	2613	2839	2935	2948	2840	2697	2552	2401	2225	2100	2007	2029	2091	2268	2528	2820	2883	2977	2920	2796	2677	2494	2370	2210	2078	1968	1884	
77	7807	59.9	60.1	27	1	1	2	997	1230	1809	2613	3605	4396	4794	4826	4816	4538	4211	3870	3563	3193	2944	2726	2619	2622	2826	3076	3441	3592	3702	3613	3444	3274	3034	2798	2581	2398	2266	2115	
77	7825	60.0	60.0	27	1	1	2	1013	1272	1808	2590	3620	4394	4803	4907	4744	4531	4224	3915	3537	3210	2939	2713	2617	2644	2826	3097	3395	3573	3672	3631	3493	3255	3038	2807	2610	2384	2238	2108	
77	7842	59.9	60.0	27	1	1	2	1001	1233	1829	2641	3568	4373	4750	4850	4772	4557	4192	3896	3529	3200	2919	2721	2607	2640	2783	3081	3418	3561	3702	3614	3448	3284	3037	2776	2596	2395	2234	2110	
77	7859	60.0	60.0	27	1	1	2	994	1236	1824	2607	3565	4352	4802	4830	4718	4482	4199	3857	3514	3223	2910	2703	2585	2604	2811	3093	3420	3586	3667	3607	3461	3235	2983	2775	2570	2376	2252	2081	
77	7876	60.0	60.0	27	1	1	2	1012	1230	1813	2622	3576	4397	4749	4877	4789	4482	4206	3859	3522	3197	2921	2689	2593	2600	2805	3082	3414	3564	3673	3599	3418	3281	3048	2792	2567	2381	2257	2084	
77	7894	60.0	60.0	27	1	1	2	991	1242	1807	2597	3557	4316	4762	4854	4734	4507	4193	3859	3507	3199	2912	2696	2584	2605	2817	3102	3397	3528	3635	3606	3461	3263	3009	2750	2613	2373	2239	2108	
77	7911	60.0	60.0	27	1	1	2	990	1232	1814	2622	3553	4339	4818	4873	4766	4522	4209	3867	3523	3191	2939	2717	2579	2626	2811	3082	3427	3569	3707	3588	3434	3283	3025	2774	2567	2401	2219	2084	
77	7975	95.0	95.1	28	1	0	2	918	1048	1372	1745	2190	2613	2863	2948	2971	2878	2720	2561	2390	2213	2110	2006	2012	2106	2275	2553	2783	2889	3005	2924	2828	2700	2513	2344	2200	2075	2010	1854	
77	7993	95.0	95.0	28	1	0	2	939	1053	1354	1741	2190	2609	2879	2928	2969	2869	2713	2554	2387	2230	2099	2017	2013	2082	2265	2515	2781	2902	2992	2954	2807	2714	2526	2355	2233	2101	1987	1835	
77	8055	59.9	60.1	28	1	1	2	991	1226	1804	2609	3547	4379	4778	4853	4774	4559	4205	3864	3516	3231	2895	2704	2616	2609	2820	3096	3443	3565	3704	3584	3455	3278	3043	2806	2599	2382	2222	2099	
77	8073	59.9	60.0	28	1	1	2	1006	1242	1823	2634	3599	4425	4785	4866	4751	4534	4176	3925	3544	3226	2927	2724	2636	2628	2811	3096	3412	3549	3680	3634	3429	3268	3015	2789	2612	2365	2250	2123	
77	8090	59.9	60.0	28	1	1	2	1014	1250	1789	2608	3562	4367	4770	4861	4734	4527	4191	3874	3502	3205	2912	2731	2596	2616	2774	3145	3426	3567	3665	3629	3448	3283	3033	2799	2572	2374	2230	2105	
77	8107	59.9	60.0	28	1	1	2	994	1227	1804	2636	3560	4368	4793	4799	4719	4516	4185	3837	3494	3213	2910	2682	2634	2577	2763	3085	3464	3552	3673	3627	3430	3270	3017	2779	2572	2366	2258	2077	
77	8124	59.9	60.0	28	1	1	2	989	1234	1808	2612	3572	4323	4762	4838	4721	4477	4192	3861	3506	3185	2900	2688	2601	2608	2805	3095	3406	3559	3665	3589	3412	3274	2999	2775	2581	2375	2220	2097	
77	8142	60.0	60.0	28	1	1	2	999	1232	1825	2592	3558	4313	4738	4860	4744	4487	4162	3850	3513	3210	2891	2668	2603	2611	2768	3082	3440	3563	3652	3584	3423	3282	3019	2780	2591	2358	2240	2043	
77	8159	59.9	60.0	28	1	1	2	1016	1213	1802	2604	3559	4338	4737	4831	4757	4529	4175	3877	3518	3181	2911	2720	2591	2624	2806	3084	3425	3557	3647	3602	3430	3240	3014	2797	2623	2399	2254	2080	
77	8221	95.1	95.1	29	1	0	2	909	1048	1372	1734	2213	2614	2903	2965	2956	2840	2730	2568	2372	2240	2041	1984	2024	2090	2255	2536	2780	2895	2963	2895	2811	2690	2532	2361	2228	2086	1989	1844	
77	8239	95.0	95.0	29	1	0	2	925	1056	1370	1729	2181	2606	2850	2978	2958	2864	2722	2584	2377	2227	2093	2020	2008	2098	2280	2507	2794	2901	2954	2953	2832	2690	2526	2356	2237	2084	1983	1883	
77	8302	59.9	60.1	29	1	1	2	995	1215	1782	2632	3554	4367	4779	4860	4752	4524	4185	3860	3506	3159	2889	2666	2631	2638	2815	3102	3418	3617	3692	3608	3421	3293	3019	2772	2597	2376	2224	2119	
77	8319	60.0	60.0	29	1	1	2	986	1226	1785	2642	3568	4375	4825	4887	4822	4548	4204	3879	3518	3197	2889	2710	2629	2644	2829	3106	3422	3600	3661	3621	3440	3277	3031	2798	2591	2402	2242	2093	
77	8336	59.9	60.0	29	1	1	2	998	1216	1818	2613	3583	4372	4750	4906	4808	4526	4200	3858	3564	3196	2893	2703	2599	2608	2814	3047	3403	3587	3647	3604	3481	3286	3014	2802	2579	2415	2242	2097	
77	8353	60.0	60.0	29	1	1	2	974	1234	1821	2621	3561	4352	4722	4876	4755	4499	4196	3892	3496	3190	2918	2692	2592	2629	2797	3086	3438	3576	3638	3582	3403	3241	3004	2753	2607	2386	2244	2084	
77	8371	60.0	60.0	29	1	1	2	1001	1224	1809	2596	3537	4377	4727	4820	4786	4528	4176	3846	3489	3166	2946	2700	2598	2635	2800	3091	3442	3599	3647	3588	3448	3257	3030	2766	2570	2384	2242	2081	
77	8388	60.0	60.0	29	1	1	2	1011	1224	1820	2608	3579	4353	4778	4867	4757	4482	4171	3856	3517	3180	2898	2712	2606	2616	2812	3107	3397	3574	3676	3577	3428	3288	2983	2769	2552	2364	2241	2087	
77	8405	59.9	60.0	29	1	1	2	1006	1243	1785	2613	3548	4363	4718	4814	4720	4490	4126	3851	3507	3187	2906	2665	2605	2614	2783	3085	3419	3523	3650	3495	3448	3250	3000	2783	2562	2356	2229	2080	
77	8470	94.9	95.1	30	1	0	2	915	1057	1367	1734	2196	2585	2848	2939	2949	2880	2735	2565	2373	2217	2103	2002	2021	2090	2280	2517	2804	2889	2964	2898	2814	2680	2509	2379	2226	2071	1979	1833	
77	8487	95.0	95.0	30	1	0	2	925	1053	1359	1717	2181	2595	2863	2947	2946	2864	2687	2559	2376	2205	2087	1994	2009	2068	2278	2490	2769	2897	2957	2922	2798	2677	2510	2357	2206	2083	1941	1864	
77	8550	59.9	60.1	30	1	1	2	997	1234	1803	2594	3516	4335	4714	4823	4710	4533	4201	3844	3508	3163	2896	2675	2558	2597	2796	3082	3393	3577	3665	3573	3413	3268	3012	2792	2561	2381	2229	2086	
77	8567	59.9	60.0	30	1	1	2	990	1227	1801	2609	3591	4358	4785	4854	4753	4561	4208	3881	3546	3210	2909	2714	2588	2652	2811	3120	3433	3575	3681	3600	3421	3256	3019	2802	2641	2406	2256	2083	
77	8584	60.0	60.0	30	1	1	2	1009	1229	1806	2611	3585	4335	4770	4822	4751	4505	4152	3873	3505	3171	2901	2684	2586	2587	2784	3083	3387	3571	3653	3579	3407	3243	3003	2772	2566	2396	2247	2092	
77	8601	60.0	60.0	30	1	1	2	995	1230	1785	2593	3523	4366	4763	4874	4721	4507	4172	3866	3497	3174	2910	2675	2579	2636	2801	3071	3408	3533	3665	3590	3430	3265	3005	2795	2542	2370	2245	2108	
77	8619	59.9	60.0	30	1	1	2	985	1225	1830	2614	3547	4312	4782	4822	4733	4447	4171	3871	3506	3181	2888	2699	2592	2626	2818	3095	3408	3545	3684	3580	3421	3241	3021	2783	2558	2380	2242	2090	
77	8636	60.0	60.0	30	1	1	2	1007	1247	1794	2663	3546	4366	4726	4846	4778	4524	4189	3863	3496	3179	2900	2713	2606	2600	2827	3130	3371	3539	3664	3591	3433	3266	3005	2760	2570	2380	2244	2094	
77	8653	60.0	60.0	30	1	1	2	1002	1226	1826	2613	3551	4338	4703	4844	4761	4482	4157	3840	3527	3178	2903	2714	2625	2620	2788	3065	3397	3564	3651	3603	3443	3265	2995	2796	2568	2365	2240	2066	
77	8716	95.0	95.0	31	1	0	2	919	1055	1374	1711	2193	2584	2874	2979	2928	2839	2756	2554	2420	2214	2090	2039	1988	2073	2305	2538	2782	2910	2952	2936	2792	2705	2537	2356	2199	2083	1967	1878	
77	8733	95.0	95.0	31	1	0	2	919	1044	1355	1729	2212	2604	2830	2932	2922	2871	2710	2549	2380	2230	2072	1982	2014	2094	2268	2525	2749	2894	2961	2918	2805	2678	2508	2358	2194	2079	1940	1850	
77	8796	60.0	60.1	31	1	1	2	1001	1237	1828	2621	3523	4310	4735	4850	4766	4463	4181	3867	3504	3202	2894	2692	2628	2607	2795	3065	3407	3560	3660	3587	3444	3274	3031	2806	2566	2392	2257	2092	
77	8813	59.9	60.0	31	1	1	2	985	1243	1800	2610	3571	4361	4749	4821	4784	4540	4232	3871	3523	3194	2900	2729	2595	2641	2804	3099	3426	3560	3668	3611	3440	3290	3021	2807	2588	2346	2259	2090	
77	8830	60.0	60.0	31	1	1	2	987	1233	1804	2608	3568	4394	4801	4852	4773	4523	4214	3865	3521	3249	2920	2699	2621	2639	2837	3098	3419	3555	3657	3625	3454	3293	3010	2817	2563	2367	2242	2086	
77	8847	60.0	60.0	31	1	1	2	999	1229	1812	2574	3539	4310	4737	4837	4692	4497	4159	3872	3486	3186	2907	2693	2608	2635	2791	3094	3380	3563	3654	3567	3433	3241	3016	2769	2572	2373	2220	2084	
77	8865	60.0	60.0	31	1	1	2	1007	1239	1794	2572	3564	4379	4743	4875	4704	4520	4191	3835	3494	3191	2912	2674	2598	2636	2787	3083	3389	3563	3657	3584	3425	3281	2999	2783	2569	2371	2227	2087	
77	8882	60.0	60.0	31	1	1	2	998	1232	1820	2616	3582	4303	4773	4836	4740	4502	4168	3805	3506	3151	2910	2715	2582	2614	2791	3054	3383	3533	3625	3553	3428	3233	2986	2801	2591	2344	2213	2089	
77	8899	59.9	60.0	31	1	1	2	991	1239	1789	2619	3560	4343	4762	4823	4778	4510	4180	3859	3543	3189	2924	2703	2610	2646	2755	3098	3399	3579	3652	3621	3416	3294	3016	2817	2564	2400	2248	2068	
77	8962	94.9	95.0	32	1	0	2	927	1058	1367	1720	2182	2626	2859	2976	2930	2891	2713	2543	2355	2216	2086	2028	2016	2086	2277	2528	2790	2908	2964	2910	2807	2701	2514	2364	2213	2085	1984	1868	
77	8979	95.0	95.0	32	1	0	2	913	1049	1361	1699	2203	2599	2856	2904	2943	2829	2704	2538	2377	2221	2077	2008	2009	2094	2279	2512	2783	2879	2939	2911	2816	2663	2521	2371	2222	2065	1960	1842	
77	9042	59.9	60.1	32	1	1	2	999	1252	1819	2618	3605	4376	4756	4851	4744	4548	4192	3879	3514	3213	2923	2681	2596	2645	2785	3060	3446	3577	3695	3602	3475	3275	3029	2785	2561	2416	2230	2106	
77	9059	59.9	60.0	32	1	1	2	1008	1237	1830	2627	3576	4387	4816	4871	4812	4554	4260	3933	3546	3213	2925	2718	2621	2681	2833	3085	3436	3591	3686	3625	3463	3287	3041	2814	2595	2386	2236	2085	
77	9076	59.9	60.0	32	1	1	2	982	1238	1820	2636	3542	4347	4779	4841	4780	4537	4182	3852	3544	3215	2934	2716	2626	2615	2802	3101	3416	3542	3677	3601	3391	3210	3018	2779	2596	2383	2237	2094	
77	9094	60.0	60.0	32	1	1	2	974	1223	1825	2584	3573	4317	4744	4799	4754	4505	4167	3815	3488	3207	2888	2712	2586	2609	2774	3086	3412	3557	3635	3575	3418	3238	2981	2747	2601	2350	2238	2080	
77	9111	60.0	60.0	32	1	1	2	1003	1225	1840	2612	3551	4327	4741	4818	4689	4498	4123	3831	3519	3196	2896	2700	2604	2607	2773	3077	3380	3533	3615	3613	3456	3236	2972	2746	2524	2359	2230	2081	
77	9128	60.0	60.0	32	1	1	2	1006	1231	1785	2594	3554	4372	4781	4813	4749	4475	4139	3856	3499	3191	2889	2682	2585	2637	2781	3056	3448	3552	3684	3587	3438	3254	3011	2774	2606	2366	2226	2092	
77	9145	59.9	60.0	32	1	1	2	996	1224	1802	2604	3516	4306	4742	4860	4736	4481	4146	3854	3478	3198	2905	2682	2603	2594	2804	3067	3370	3550	3649	3582	3415	3245	3006	2758	2569	2372	2237	2098	
77	9210	95.0	95.1	33	1	0	2	920	1048	1362	1726	2204	2604	2859	2945	2925	2889	2752	2572	2368	2236	2114	2013	2017	2081	2297	2513	2782	2911	2987	2974	2791	2730	2524	2358	2238	2080	1963	1870	
77	9227	95.0	95.0	33	1	0	2	908	1057	1356	1719	2176	2602	2838	2928	2947	2854	2681	2547	2369	2224	2092	1994	2009	2083	2261	2524	2762	2916	2964	2908	2785	2689	2505	2378	2230	2053	1970	1828	
77	9290	60.0	60.1	33	1	1	2	1013	1244	1817	2571	3536	4290	4710	4829	4714	4512	4161	3847	3475	3192	2899	2673	2580	2636	2807	3088	3421	3566	3654	3603	3432	3280	3002	2780	2539	2381	2244	2101	
77	9307	59.9	60.0	33	1	1	2	1004	1248	1811	2623	3546	4365	4755	4889	4784	4536	4182	3897	3536	3193	2941	2706	2605	2602	2801	3086	3439	3536	3692	3607	3494	3260	2998	2782	2573	2384	2253	2042	
77	9324	60.0	60.0	33	1	1	2	993	1238	1819	2626	3576	4343	4752	4838	4768	4522	4190	3845	3509	3178	2930	2719	2598	2608	2789	3076	3413	3600	3683	3592	3427	3228	3028	2777	2577	2365	2228	2100	
77	9342	59.9	60.0	33	1	1	2	997	1234	1785	2604	3548	4356	4763	4824	4699	4503	4207	3821	3509	3181	2914	2686	2579	2623	2759	3077	3361	3546	3644	3601	3431	3244	3009	2738	2568	2368	2212	2084	
77	9359	60.0	60.0	33	1	1	2	1004	1248	1808	2610	3542	4343	4711	4818	4673	4479	4172	3839	3527	3172	2903	2674	2559	2613	2799	3100	3394	3559	3611	3570	3432	3231	2993	2772	2547	2375	2202	2117	
77	9376	59.9	60.0	33	1	1	2	1011	1230	1793	2579	3535	4297	4743	4856	4753	4468	4148	3861	3492	3200	2911	2689	2589	2625	2828	3093	3408	3596	3659	3573	3431	3220	3012	2782	2584	2380	2256	2083	
77	9393	59.9	60.0	33	1	1	2	1012	1231	1805	2607	3540	4307	4711	4848	4681	4434	4180	3802	3509	3163	2911	2710	2590	2602	2803	3098	3381	3571	3654	3559	3452	3257	2985	2775	2538	2363	2242	2076	
77	9456	95.0	95.1	34	1	0	2	931	1087	1370	1721	2196	2622	2872	2947	2965	2817	2728	2558	2377	2241	2100	2022	2001	2096	2297	2525	2773	2916	2972	2947	2852	2684	2506	2362	2225	2084	1970	1866	
77	9473	95.0	95.0	34	1	0	2	923	1056	1320	1730	2180	2644	2849	2916	2951	2862	2699	2565	2396	2230	2100	2016	2028	2093	2260	2500	2769	2879	2988	2900	2801	2693	2506	2341	2193	2069	1945	1840	
77	9536	60.0	60.1	34	1	1	2	997	1248	1796	2576	3548	4309	4715	4852	4769	4541	4130	3856	3521	3179	2913	2685	2590	2616	2786	3057	3388	3579	3668	3578	3408	3252	3007	2773	2581	2386	2229	2073	
77	9553	60.0	60.0	34	1	1	2	1002	1257	1792	2628	3588	4410	4790	4860	4776	4578	4211	3865	3547	3188	2950	2726	2592	2624	2825	3108	3424	3564	3702	3577	3443	3265	3027	2784	2596	2419	2260	2077	
77	9570	59.9	60.0	34	1	1	2	998	1225	1798	2611	3553	4327	4709	4825	4732	4508	4194	3872	3491	3175	2896	2672	2584	2638	2827	3093	3390	3527	3697	3576	3385	3236	3005	2783	2578	2364	2233	2069	
77	9588	60.0	60.0	34	1	1	2	1005	1232	1809	2588	3560	4372	4751	4802	4747	4521	4205	3888	3502	3193	2938	2711	2631	2585	2790	3077	3404	3552	3640	3649	3432	3235	3027	2774	2553	2377	2237	2085	
77	9605	60.0	60.0	34	1	1	2	1000	1241	1809	2619	3515	4362	4749	4819	4768	4487	4167	3858	3489	3190	2927	2690	2590	2608	2771	3059	3403	3552	3666	3612	3397	3279	3001	2748	2578	2384	2239	2069	
77	9622	59.9	60.0	34	1	1	2	992	1255	1794	2618	3541	4303	4726	4802	4717	4500	4186	3809	3527	3184	2923	2674	2586	2614	2784	3067	3383	3563	3649	3542	3428	3260	3006	2776	2541	2357	2233	2081	
77	9639	60.0	60.0	34	1	1	2	996	1233	1797	2615	3540	4316	4763	4806	4720	4496	4175	3811	3507	3184	2903	2699	2560	2580	2789	3093	3400	3537	3641	3605	3446	3215	2983	2742	2548	2406	2243	2089	
77	9702	94.9	95.0	35	1	0	2	931	1046	1366	1744	2185	2610	2859	2932	2940	2866	2737	2551	2361	2213	2107	2005	2016	2080	2272	2533	2759	2906	2947	2936	2829	2652	2510	2346	2227	2052	1970	1853	
77	9719	95.0	95.0	35	1	0	2	917	1063	1353	1729	2198	2599	2829	2943	2950	2836	2734	2567	2386	2238	2093	1999	2013	2095	2249	2527	2785	2878	2971	2943	2804	2694	2503	2352	2224	2085	1954	1857	
77	9782	60.0	60.1	35	1	1	2	992	1227	1810	2596	3556	4353	4693	4843	4728	4480	4213	3877	3448	3197	2896	2702	2589	2604	2794	3078	3394	3550	3678	3578	3429	3279	3021	2772	2607	2363	2228	2078	
77	9799	59.9	60.0	35	1	1	2	1007	1221	1821	2625	3599	4401	4823	4868	4789	4566	4180	3912	3536	3237	2945	2750	2608	2642	2826	3086	3454	3575	3630	3639	3434	3271	3018	2767	2571	2404	2257	2107	
77	9817	60.0	60.0	35	1	1	2	985	1224	1802	2613	3518	4365	4762	4829	4729	4511	4178	3856	3505	3183	2914	2702	2604	2586	2812	3083	3402	3552	3681	3567	3438	3283	3016	2764	2569	2377	2222	2103	
77	9834	59.9	60.0	35	1	1	2	1005	1235	1810	2598	3544	4328	4752	4824	4730	4514	4170	3845	3476	3189	2899	2676	2612	2586	2772	3098	3378	3552	3647	3563	3419	3231	3009	2791	2573	2357	2234	2069	
77	9851	60.0	60.0	35	1	1	2	993	1212	1808	2619	3549	4333	4767	4769	4677	4474	4152	3827	3492	3142	2898	2670	2582	2607	2805	3056	3400	3538	3651	3586	3416	3255	2979	2772	2585	2371	2238	2079	
77	9868	60.0	60.0	35	1	1	2	991	1226	1813	2633	3527	4335	4736	4786	4757	4494	4156	3872	3525	3153	2912	2666	2596	2580	2796	3089	3405	3553	3666	3604	3432	3269	3006	2762	2582	2382	2229	2068	
77	9886	59.9	60.0	35	1	1	2	1008	1227	1792	2614	3537	4340	4746	4795	4748	4455	4127	3842	3504	3188	2865	2661	2612	2594	2780	3069	3374	3516	3614	3586	3435	3252	2973	2776	2551	2360	2220	2075	
77	9948	95.1	95.1	36	1	0	2	931	1057	1360	1725	2205	2609	2875	2953	2947	2824	2706	2564	2344	2238	2082	1980	2011	2075	2264	2527	2750	2902	2935	2899	2803	2713	2521	2346	2207	2082	1991	1847	
77	9965	95.0	95.0	36	1	0	2	928	1049	1345	1729	2165	2611	2839	2911	2947	2881	2701	2568	2374	2209	2054	1983	2004	2073	2244	2525	2752	2852	2965	2922	2804	2700	2492	2351	2204	2040	1956	1831	
77	10028	59.9	60.1	36	1	1	2	988	1227	1797	2594	3550	4344	4751	4835	4724	4511	4186	3892	3500	3185	2891	2698	2607	2624	2806	3087	3392	3537	3663	3593	3446	3266	3027	2785	2587	2410	2248	2072	
77	10045	59.9	60.0	36	1	1	2	1006	1242	1822	2648	3564	4374	4774	4892	4813	4558	4196	3908	3588	3188	2925	2709	2641	2639	2823	3102	3425	3598	3677	3599	3460	3275	3011	2794	2578	2378	2261	2084	
77	10063	60.0	60.0	36	1	1	2	1002	1250	1778	2624	3529	4296	4780	4862	4774	4530	4182	3849	3488	3200	2881	2694	2565	2626	2785	3101	3427	3562	3645	3589	3466	3265	2980	2792	2582	2353	2248	2095	
77	10080	59.9	60.0	36	1	1	2	1002	1235	1797	2594	3518	4360	4720	4824	4754	4459	4161	3854	3487	3183	2938	2680	2607	2618	2782	3079	3392	3577	3698	3534	3430	3261	2971	2763	2576	2368	2237	2096	
77	10097	59.9	60.0	36	1	1	2	998	1218	1831	2579	3542	4337	4721	4811	4730	4480	4175	3826	3494	3181	2883	2702	2601	2592	2788	3060	3404	3562	3598	3580	3444	3248	2998	2772	2557	2354	2223	2046	
77	10114	60.0	60.0	36	1	1	2	1002	1221	1790	2599	3531	4386	4704	4812	4694	4458	4179	3820	3501	3183	2908	2659	2608	2618	2791	3065	3376	3550	3650	3611	3432	3243	3030	2778	2538	2371	2223	2102	
77	10132	60.0	60.0	36	1	1	2	995	1222	1805	2600	3553	4358	4753	4838	4733	4494	4185	3832	3501	3174	2905	2692	2586	2612	2801	3070	3398	3549	3636	3562	3447	3275	3001	2768	2585	2371	2221	2095	
77	10194	95.0	95.1	37	1	0	2	929	1036	1343	1727	2228	2596	2891	2942	2968	2864	2724	2551	2392	2222	2118	2010	2028	2082	2308	2516	2744	2890	2969	2869	2822	2718	2540	2388	2229	2047	1971	1852	
77	10211	95.0	95.0	37	1	0	2	927	1047	1342	1711	2174	2619	2849	2954	2978	2841	2724	2534	2398	2224	2090	1995	2005	2087	2251	2507	2778	2883	2957	2924	2804	2712	2517	2322	2225	2064	1960	1845	
77	10274	59.9	60.1	37	1	1	2	999	1217	1805	2623	3519	4358	4728	4825	4715	4515	4150	3876	3502	3193	2907	2700	2604	2605	2813	3080	3399	3555	3669	3585	3460	3243	2998	2772	2581	2360	2248	2077	
77	10292	59.9	60.0	37	1	1	2	992	1235	1823	2594	3557	4368	4770	4871	4753	4576	4209	3906	3524	3180	2946	2719	2608	2643	2826	3084	3424	3592	3712	3612	3452	3271	2954	2774	2575	2372	2239	2112	
77	10309	59.9	60.0	37	1	1	2	993	1235	1791	2620	3529	4354	4729	4861	4817	4514	4162	3878	3534	3198	2910	2691	2605	2599	2769	3085	3368	3552	3622	3569	3402	3264	2979	2772	2571	2387	2238	2086	
77	10326	60.0	60.0	37	1	1	2	1019	1217	1804	2641	3585	4336	4774	4854	4751	4483	4183	3883	3495	3180	2891	2714	2598	2613	2782	3089	3382	3567	3669	3605	3425	3248	2997	2789	2585	2377	2237	2111	
77	10343	60.0	60.0	37	1	1	2	1017	1253	1805	2585	3536	4321	4750	4839	4747	4484	4151	3862	3501	3158	2903	2700	2597	2600	2791	3100	3393	3532	3651	3586	3416	3283	3018	2787	2559	2366	2253	2086	
77	10361	59.9	60.0	37	1	1	2	992	1250	1802	2602	3527	4366	4730	4817	4739	4500	4192	3840	3511	3210	2929	2681	2612	2605	2813	3079	3401	3569	3686	3592	3456	3266	3013	2718	2569	2379	2256	2097	
77	10378	60.0	60.0	37	1	1	2	1009	1246	1800	2621	3584	4311	4746	4838	4774	4511	4201	3855	3483	3193	2918	2674	2603	2632	2799	3056	3387	3550	3644	3579	3435	3270	3034	2786	2548	2358	2245	2076	
77	10440	95.0	95.1	38	1	0	2	930	1081	1371	1721	2188	2608	2831	2962	2979	2849	2719	2563	2423	2231	2102	2027	2036	2073	2283	2512	2797	2919	2978	2931	2781	2668	2523	2329	2219	2073	1938	1846	
77	10458	95.0	95.0	38	1	1	2	920	1049	1365	1725	2215	2587	2838	2937	2959	2868	2690	2549	2388	2219	2086	2030	2029	2071	2276	2527	2784	2885	2969	2931	2791	2674	2503	2359	2187	2088	1975	1844	
77	10520	60.0	60.1	38	1	1	2	1012	1245	1814	2594	3543	4318	4721	4766	4742	4495	4168	3844	3502	3153	2889	2696	2566	2624	2817	3080	3378	3531	3644	3568	3410	3248	3007	2762	2550	2360	2246	2070	
77	10538	59.9	60.0	38	1	1	2	1017	1225	1824	2626	3587	4394	4797	4885	4797	4534	4205	3856	3509	3263	2906	2700	2596	2647	2801	3112	3396	3614	3664	3611	3457	3311	3011	2763	2588	2382	2228	2100	
77	10555	60.0	60.0	38	1	1	2	995	1236	1815	2593	3559	4311	4749	4836	4749	4492	4147	3864	3514	3168	2896	2707	2593	2615	2801	3055	3374	3560	3619	3562	3416	3251	2993	2764	2560	2364	2188	2073	
77	10572	59.9	60.0	38	1	1	2	981	1220	1820	2585	3541	4298	4729	4852	4721	4478	4192	3821	3480	3176	2914	2679	2597	2588	2812	3034	3360	3535	3659	3599	3405	3258	3022	2770	2577	2366	2274	2068	
77	10589	60.0	60.0	38	1	1	2	1006	1252	1796	2574	3510	4309	4752	4819	4738	4522	4186	3826	3496	3181	2904	2672	2598	2570	2798	3137	3412	3549	3658	3558	3434	3253	3019	2762	2563	2358	2231	2068	
77	10607	59.9	60.0	38	1	1	2	1011	1242	1808	2599	3535	4325	4724	4823	4753	4543	4200	3845	3499	3211	2905	2708	2605	2607	2799	3068	3380	3562	3616	3583	3427	3229	3002	2790	2561	2382	2223	2108	
77	10624	60.0	60.0	38	1	1	2	994	1228	1808	2596	3550	4339	4736	4828	4745	4508	4171	3827	3509	3203	2883	2664	2576	2616	2795	3062	3398	3567	3649	3566	3428	3265	3003	2781	2544	2367	2219	2065	
77	10688	95.0	95.1	39	1	0	2	928	1066	1358	1715	2197	2630	2890	2964	2944	2878	2752	2574	2377	2233	2080	2042	2015	2077	2260	2515	2804	2879	2984	2916	2809	2661	2520	2327	2196	2064	1987	1831	
77	10706	95.0	95.0	39	1	1	2	934	1051	1344	1719	2211	2582	2858	2941	2939	2875	2742	2537	2371	2221	2094	2007	2005	2090	2266	2517	2761	2879	2971	2928	2800	2693	2495	2340	2209	2073	1948	1857	
77	10766	59.8	60.2	39	1	1	2	1010	1220	1804	2561	3516	4285	4722	4791	4736	4467	4144	3865	3475	3169	2888	2700	2572	2614	2778	3088	3377	3518	3613	3594	3471	3244	2997	2765	2552	2342	2219	2057	
77	10784	59.9	60.0	39	1	1	2	1004	1240	1834	2644	3570	4468	4819	4945	4838	4585	4237	3869	3538	3255	2967	2747	2628	2642	2832	3121	3468	3606	3722	3606	3494	3282	3069	2790	2590	2368	2244	2093	
77	10801	59.9	60.0	39	1	1	2	1017	1259	1809	2616	3549	4350	4798	4866	4794	4496	4228	3875	3495	3176	2917	2727	2613	2631	2806	3068	3389	3549	3685	3596	3434	3241	2997	2794	2575	2374	2272	2104	
77	10818	60.0	60.0	39	1	1	2	1021	1227	1826	2613	3576	4348	4765	4844	4760	4523	4157	3851	3508	3210	2936	2699	2585	2626	2797	3080	3395	3565	3655	3577	3411	3241	2985	2772	2609	2373	2226	2073	
77	10835	59.9	60.0	39	1	1	2	989	1241	1809	2617	3565	4341	4739	4834	4727	4506	4195	3847	3489	3225	2912	2701	2596	2624	2816	3053	3369	3569	3672	3606	3422	3247	2982	2772	2560	2377	2248	2085	
77	10853	60.0	60.0	39	1	1	2	1005	1230	1805	2630	3560	4387	4781	4845	4741	4548	4167	3838	3494	3206	2915	2692	2612	2628	2812	3089	3386	3578	3640	3574	3425	3230	2992	2770	2559	2373	2260	2118	
77	10870	60.0	60.0	39	1	1	2	1008	1239	1785	2629	3520	4320	4765	4835	4739	4488	4156	3843	3479	3150	2900	2697	2570	2589	2762	3076	3365	3585	3635	3571	3465	3259	3012	2774	2539	2349	2224	2067	
77	10934	95.1	95.1	40	1	0	2	925	1060	1367	1732	2215	2644	2867	2943	2975	2861	2705	2574	2396	2230	2100	2002	2018	2097	2270	2546	2768	2874	2950	2936	2824	2696	2552	2379	2221	2098	1987	1851	
77	10952	95.0	95.0	40	1	1	2	935	1052	1358	1743	2190	2615	2862	2948	2954	2850	2709	2554	2377	2237	2098	2004	2003	2073	2276	2510	2759	2902	2970	2954	2815	2694	2524	2374	2206	2081	1943	1843	
77	11015	60.0	60.1	40	1	1	2	1002	1254	1820	2637	3545	4353	4757	4875	4745	4482	4182	3853	3515	3206	2906	2683	2601	2623	2812	3084	3404	3560	3711	3564	3422	3259	2998	2753	2643	2360	2225	2105	
77	11032	60.0	60.0	40	1	1	2	1005	1246	1828	2646	3596	4396	4827	4919	4802	4575	4186	3918	3557	3249	2991	2742	2638	2671	2816	3097	3433	3592	3689	3644	3469	3307	3054	2792	2566	2382	2236	2082	
77	11049	59.9	60.0	40	1	1	2	1019	1256	1825	2632	3601	4392	4786	4870	4809	4539	4220	3897	3532	3246	2933	2717	2635	2611	2842	3090	3420	3596	3677	3598	3460	3296	3031	2805	2592	2381	2235	2100	
77	11066	60.0	60.0	40	1	1	2	1002	1243	1825	2601	3552	4368	4768	4841	4783	4546	4184	3880	3530	3161	2923	2698	2613	2637	2820	3078	3372	3552	3671	3570	3420	3272	3013	2780	2579	2357	2233	2089	
77	11084	59.9	60.0	40	1	1	2	1006	1246	1832	2617	3546	4340	4734	4838	4767	4489	4154	3841	3494	3161	2897	2695	2610	2588	2792	3085	3403	3555	3643	3580	3431	3257	3019	2774	2543	2344	2215	2046	
77	11101	60.0	60.0	40	1	1	2	1024	1244	1832	2605	3573	4331	4749	4827	4738	4526	4147	3831	3510	3199	2898	2713	2595	2618	2786	3074	3419	3569	3640	3589	3407	3260	3012	2779	2580	2350	2230	2107	
77	11118	59.9	60.0	40	1	1	2	986	1224	1826	2597	3550	4320	4761	4797	4734	4490	4188	3858	3498	3182	2883	2662	2583	2624	2762	3059	3388	3545	3646	3598	3416	3228	2997	2787	2553	2365	2247	2097	
