Well	Time (1/2 s)	Block Temp	Sample Temp	Repetition	PCR Stage	Extension	Scale	B1	B2	B3	B4	B5	B6	B7	B8	B9	B10	B11	B12	B13	B14	B15	B16	B17	B18	B19	B20	B21	B22	B23	B24	B25	B26	B27	B28	B29	B30	B31	B32
104	105	95.1	95.1	1	0	0	2	929	1045	1337	1791	2300	2780	3043	3178	3123	3013	2911	2715	2532	2356	2203	2114	2112	2226	2435	2743	2970	3139	3226	3170	3043	2900	2693	2538	2361	2207	2052	1956	
104	123	95.0	95.0	1	0	0	2	927	1057	1318	1772	2287	2763	3029	3164	3106	3011	2880	2699	2507	2342	2194	2124	2134	2221	2452	2741	2991	3167	3215	3156	3028	2892	2675	2543	2387	2200	2088	1973	
104	140	95.0	95.0	1	0	0	2	935	1048	1324	1775	2284	2747	3027	3164	3095	3007	2852	2694	2534	2317	2220	2147	2110	2249	2425	2726	2994	3135	3198	3162	3010	2883	2696	2515	2351	2225	2068	2001	
104	157	95.0	95.0	1	0	0	2	935	1052	1320	1779	2312	2754	3029	3126	3087	2990	2849	2680	2509	2320	2188	2113	2128	2218	2425	2755	2975	3109	3192	3151	3018	2874	2703	2545	2361	2186	2066	1952	
104	174	95.0	95.0	1	0	0	2	935	1044	1325	1784	2300	2739	3010	3091	3109	3001	2840	2690	2488	2328	2167	2132	2096	2181	2459	2696	2953	3145	3194	3110	3033	2858	2706	2522	2366	2206	2094	1957	
104	192	95.0	95.0	1	0	0	2	946	1042	1329	1764	2278	2738	3004	3135	3115	3009	2856	2690	2489	2344	2197	2117	2106	2221	2421	2698	2974	3135	3207	3131	2997	2855	2678	2532	2344	2195	2080	1961	
104	209	94.9	95.0	1	0	0	2	926	1062	1304	1802	2265	2754	3001	3170	3093	3004	2846	2672	2514	2335	2186	2111	2105	2213	2427	2742	2983	3113	3166	3144	3011	2856	2682	2483	2352	2179	2065	1978	
104	226	95.0	95.0	1	0	0	2	935	1060	1327	1748	2258	2718	2982	3099	3077	2992	2847	2680	2486	2334	2202	2092	2096	2211	2425	2700	2953	3139	3155	3124	2993	2842	2673	2499	2352	2185	2050	1961	
104	243	95.0	95.0	1	0	0	2	927	1072	1374	1785	2325	2751	3022	3189	3142	3004	2897	2707	2530	2372	2180	2135	2103	2229	2484	2751	3001	3127	3210	3149	3034	2917	2689	2544	2367	2206	2077	1986	
104	261	94.9	95.0	1	0	0	2	939	1068	1477	1784	2310	2752	2999	3182	3101	3000	2886	2678	2508	2348	2208	2111	2103	2241	2461	2717	2987	3105	3197	3172	3016	2888	2697	2549	2373	2214	2089	1954	
104	278	95.0	95.0	1	0	0	2	942	1070	1448	1747	2296	2781	3051	3153	3131	3012	2864	2742	2517	2334	2214	2139	2112	2237	2425	2747	2964	3176	3196	3147	3060	2887	2731	2518	2360	2207	2090	1974	
104	295	94.9	95.0	1	0	0	2	935	1057	1440	1788	2282	2766	3019	3141	3128	2992	2913	2719	2520	2307	2191	2117	2102	2253	2461	2749	2952	3109	3199	3104	3032	2884	2737	2550	2353	2239	2092	1971	
104	312	95.0	95.0	1	0	0	2	921	1053	1448	1772	2307	2786	3043	3140	3121	3028	2913	2692	2502	2350	2171	2147	2136	2237	2433	2727	2984	3153	3220	3165	3016	2887	2716	2533	2375	2210	2065	1956	
104	330	95.0	95.0	1	0	0	2	925	1061	1451	1783	2330	2737	3009	3179	3105	3018	2899	2700	2529	2334	2193	2135	2108	2221	2496	2719	2984	3157	3200	3127	3037	2876	2712	2556	2340	2205	2112	1958	
104	347	95.0	95.0	1	0	0	2	929	1069	1452	1795	2283	2752	3020	3160	3133	3022	2872	2720	2518	2351	2199	2145	2122	2226	2454	2747	3003	3149	3230	3106	3063	2919	2723	2566	2362	2212	2092	1960	
104	364	95.0	95.0	1	0	0	2	929	1052	1475	1774	2285	2731	3034	3153	3098	3020	2883	2705	2516	2353	2179	2138	2137	2220	2432	2747	2963	3165	3216	3157	3038	2889	2732	2536	2373	2236	2085	1964	
104	381	95.0	95.0	1	0	0	2	933	1065	1467	1782	2306	2758	2996	3169	3103	3034	2877	2721	2512	2323	2184	2105	2131	2251	2425	2738	2977	3153	3197	3132	3004	2910	2710	2535	2345	2215	2096	1951	
104	399	95.0	95.0	1	0	0	2	932	1064	1450	1770	2291	2779	3030	3140	3153	3043	2891	2706	2539	2322	2196	2124	2099	2221	2421	2720	2978	3147	3203	3165	3031	2876	2708	2547	2356	2207	2080	2001	
104	416	94.9	95.0	1	0	0	2	953	1064	1439	1782	2299	2765	3045	3124	3097	3009	2890	2682	2513	2343	2199	2135	2104	2228	2439	2722	2950	3138	3195	3132	3024	2900	2705	2539	2344	2205	2086	1959	
104	433	95.0	95.0	1	0	0	2	925	1049	1455	1780	2325	2772	2992	3154	3119	3014	2873	2692	2503	2328	2173	2128	2129	2218	2430	2727	2981	3136	3233	3136	3008	2870	2695	2538	2368	2205	2077	1973	
104	450	95.0	95.0	1	0	0	2	939	1068	1443	1793	2318	2756	3019	3142	3115	3064	2880	2705	2522	2349	2210	2149	2137	2220	2451	2730	2973	3168	3214	3164	3039	2940	2709	2523	2383	2207	2072	1979	
104	468	95.0	95.0	1	0	0	2	943	1068	1458	1773	2299	2772	3058	3158	3115	3047	2885	2712	2511	2328	2197	2139	2114	2239	2449	2745	2995	3181	3218	3182	3027	2880	2738	2515	2398	2212	2108	2000	
104	485	94.9	95.0	1	0	0	2	934	1082	1470	1776	2308	2750	3044	3165	3120	3038	2912	2696	2514	2336	2184	2123	2127	2255	2429	2735	2997	3161	3232	3174	3065	2898	2709	2550	2370	2192	2075	1964	
104	502	94.9	95.0	1	0	0	2	924	1059	1444	1763	2293	2754	3027	3159	3114	3007	2898	2698	2511	2341	2173	2127	2128	2228	2418	2693	2974	3155	3204	3132	3038	2879	2691	2542	2364	2224	2085	1957	
104	519	95.0	95.0	1	0	0	2	936	1068	1457	1775	2305	2680	3030	3137	3117	3002	2890	2696	2509	2349	2200	2122	2124	2210	2450	2733	3032	3120	3209	3173	3023	2918	2727	2529	2368	2203	2089	1972	
104	537	94.9	95.0	1	0	0	2	931	1068	1457	1776	2302	2755	3004	3163	3109	3043	2906	2700	2542	2353	2216	2136	2113	2251	2462	2714	2989	3140	3218	3159	3051	2904	2720	2540	2346	2211	2080	1963	
104	554	94.9	95.0	1	0	0	2	930	1066	1457	1764	2324	2768	3018	3184	3137	3061	2900	2665	2499	2341	2196	2120	2152	2231	2467	2783	2975	3156	3212	3167	3059	2888	2715	2535	2331	2250	2082	1981	
104	571	95.0	95.0	1	0	0	2	940	1046	1451	1787	2293	2730	3014	3163	3095	3024	2879	2693	2526	2339	2191	2144	2113	2220	2436	2720	2986	3140	3187	3169	3027	2896	2710	2531	2339	2203	2091	1947	
104	588	94.9	95.0	1	0	0	2	933	1093	1441	1761	2310	2753	3041	3149	3128	3033	2890	2694	2525	2362	2198	2085	2120	2211	2446	2747	2981	3136	3196	3148	3067	2876	2713	2540	2369	2223	2080	1954	
104	606	95.0	95.0	1	0	0	2	933	1057	1428	1794	2295	2738	3023	3154	3092	3024	2892	2715	2511	2332	2192	2134	2128	2232	2429	2740	2947	3156	3216	3140	3041	2867	2717	2540	2372	2194	2090	1969	
104	623	95.0	95.0	1	0	0	2	928	1068	1443	1788	2290	2762	3037	3159	3122	3033	2866	2723	2515	2356	2203	2132	2128	2239	2475	2717	2981	3147	3218	3165	3027	2888	2721	2538	2365	2219	2093	1967	
104	640	95.0	95.0	1	0	0	2	911	1066	1423	1775	2318	2720	3026	3168	3066	3035	2904	2687	2503	2395	2188	2118	2128	2192	2449	2736	2985	3144	3176	3148	3018	2897	2732	2534	2351	2206	2096	1943	
104	657	95.0	95.0	1	0	0	2	929	1065	1433	1789	2291	2761	3028	3152	3184	3005	2915	2719	2491	2358	2187	2139	2117	2223	2446	2720	3009	3125	3211	3147	3020	2867	2726	2520	2402	2224	2097	1961	
104	675	95.0	95.0	1	0	0	2	929	1065	1431	1788	2293	2727	3019	3195	3140	3003	2907	2699	2499	2349	2206	2124	2134	2241	2476	2733	3006	3161	3212	3168	3041	2919	2715	2532	2427	2227	2076	1970	
104	692	95.0	95.0	1	0	0	2	932	1078	1437	1787	2282	2753	3031	3181	3110	3049	2906	2715	2517	2367	2208	2125	2118	2238	2434	2712	2993	3134	3206	3168	3057	2871	2713	2549	2347	2214	2105	1969	
104	709	95.0	95.0	1	0	0	2	927	1081	1448	1771	2309	2771	3042	3162	3140	3047	2922	2713	2515	2332	2180	2159	2112	2231	2437	2723	2991	3158	3228	3153	3031	2885	2732	2529	2410	2216	2104	1970	
104	726	95.0	95.0	1	0	0	2	928	1057	1435	1797	2297	2753	3029	3187	3143	3039	2906	2724	2542	2357	2214	2135	2132	2225	2457	2752	2991	3163	3183	3207	3051	2882	2693	2534	2363	2223	2090	1973	
104	743	95.0	95.0	1	0	0	2	935	1075	1430	1780	2310	2755	3064	3146	3124	3009	2898	2709	2501	2346	2210	2126	2104	2222	2453	2757	2994	3167	3187	3146	3028	2905	2707	2544	2323	2208	2068	1972	
104	761	94.9	95.0	1	0	0	2	937	1094	1442	1777	2298	2775	3032	3177	3140	3043	2901	2706	2522	2356	2221	2138	2101	2240	2457	2734	2969	3147	3198	3162	3064	2894	2709	2549	2376	2219	2094	1989	
104	778	95.0	95.0	1	0	0	2	922	1079	1456	1767	2322	2780	3055	3186	3132	3037	2896	2705	2514	2363	2192	2125	2130	2240	2451	2753	2977	3131	3217	3155	3004	2899	2699	2564	2376	2236	2119	2005	
104	795	95.0	95.0	1	0	0	2	923	1079	1449	1773	2329	2791	2998	3184	3126	3031	2896	2730	2528	2342	2231	2144	2115	2257	2454	2737	2994	3146	3218	3175	3048	2896	2720	2552	2368	2213	2106	1961	
104	812	95.0	95.0	1	0	0	2	946	1084	1426	1801	2310	2766	2998	3183	3138	3018	2930	2728	2539	2387	2222	2129	2098	2243	2428	2743	2969	3163	3205	3147	3059	2863	2705	2550	2395	2211	2083	1965	
104	830	95.0	95.0	1	0	0	2	931	1087	1416	1788	2310	2796	3032	3177	3156	3063	2901	2713	2529	2368	2230	2138	2117	2230	2479	2737	2984	3161	3213	3180	3056	2878	2699	2565	2376	2228	2079	1974	
104	847	94.9	95.0	1	0	0	2	934	1089	1434	1796	2322	2759	3003	3156	3141	3058	2889	2706	2512	2381	2266	2125	2133	2227	2470	2760	2972	3132	3212	3190	3032	2876	2751	2548	2373	2200	2095	1991	
104	864	95.0	95.0	1	0	0	2	936	1089	1429	1784	2326	2742	3058	3184	3146	3036	2903	2712	2533	2350	2207	2147	2155	2234	2426	2743	3010	3136	3198	3174	3021	2910	2723	2549	2361	2204	2094	1986	
104	881	95.0	95.0	1	0	0	2	935	1117	1425	1813	2293	2780	3034	3184	3183	3045	2928	2714	2522	2381	2188	2147	2141	2231	2455	2744	3003	3130	3200	3146	3030	2874	2742	2519	2348	2218	2088	1977	
104	899	95.0	95.0	1	0	0	2	924	1108	1411	1784	2301	2741	3061	3200	3170	3030	2954	2740	2514	2339	2211	2151	2137	2243	2460	2742	3005	3145	3208	3139	3044	2911	2749	2534	2377	2221	2084	1962	
104	916	95.0	95.0	1	0	0	2	935	1076	1410	1783	2281	2771	3038	3157	3141	3045	2898	2713	2532	2346	2218	2142	2154	2258	2426	2739	2988	3148	3238	3158	3069	2905	2710	2565	2358	2218	2098	1953	
104	933	95.0	95.0	1	0	0	2	925	1077	1412	1784	2270	2727	3060	3147	3164	3052	2906	2736	2506	2361	2199	2128	2133	2216	2433	2746	2984	3171	3235	3184	3036	2917	2703	2546	2384	2219	2086	1963	
104	950	95.0	95.0	1	0	0	2	947	1093	1407	1791	2319	2774	3048	3165	3164	3048	2918	2715	2508	2380	2188	2116	2131	2246	2424	2750	2972	3120	3246	3174	3026	2894	2742	2527	2388	2229	2077	1964	
104	968	95.0	95.0	1	0	0	2	951	1093	1399	1823	2310	2764	3069	3192	3151	3051	2919	2716	2532	2375	2214	2124	2122	2227	2440	2749	2979	3171	3241	3181	3054	2911	2728	2536	2350	2195	2126	1973	
104	985	95.0	95.0	1	0	0	2	896	1110	1406	1789	2321	2781	3049	3198	3179	3075	2980	2716	2557	2386	2209	2168	2114	2233	2460	2737	3016	3198	3232	3170	3075	2896	2735	2556	2370	2230	2076	1986	
104	1002	95.0	95.0	1	0	0	2	935	1096	1411	1791	2326	2790	3042	3209	3160	3045	2925	2753	2527	2399	2204	2155	2118	2214	2476	2752	3023	3136	3205	3209	3029	2915	2743	2560	2381	2242	2092	1984	
104	1019	94.9	95.0	1	0	0	2	944	1097	1417	1787	2313	2784	3064	3196	3185	3030	2865	2697	2534	2392	2209	2148	2138	2248	2436	2736	2998	3165	3187	3188	3046	2934	2709	2563	2372	2234	2101	1967	
104	1037	94.9	95.0	1	0	0	2	932	1096	1396	1804	2305	2789	3056	3193	3171	3043	2919	2735	2555	2395	2226	2122	2123	2270	2464	2757	3000	3164	3216	3151	3040	2921	2704	2550	2374	2243	2111	1958	
104	1054	95.0	95.0	1	0	0	2	933	1097	1409	1798	2312	2773	3048	3211	3171	3070	2920	2724	2530	2358	2203	2161	2120	2231	2475	2724	3030	3176	3196	3176	3056	2894	2728	2547	2363	2247	2089	1975	
104	1071	95.0	95.0	1	0	0	2	933	1113	1402	1782	2329	2787	3057	3215	3142	3058	2950	2730	2535	2377	2220	2162	2131	2249	2454	2760	2985	3150	3179	3145	3038	2898	2716	2534	2377	2207	2097	1985	
104	1088	94.9	95.0	1	0	0	2	927	1118	1410	1789	2322	2756	3072	3167	3153	3038	2882	2746	2535	2373	2178	2145	2130	2229	2487	2768	2988	3142	3245	3154	3045	2914	2688	2545	2387	2257	2063	1954	
104	1106	95.0	95.0	1	0	0	2	932	1088	1421	1790	2291	2773	3047	3198	3149	3029	2902	2755	2539	2378	2163	2142	2131	2246	2446	2761	2993	3153	3228	3184	3048	2921	2724	2546	2361	2236	2105	1988	
104	1123	94.9	95.0	1	0	0	2	934	1097	1420	1775	2317	2759	3048	3167	3141	3045	2920	2718	2538	2345	2193	2178	2133	2234	2441	2738	2993	3171	3212	3185	3039	2882	2703	2551	2376	2210	2106	1972	
104	1140	95.0	95.0	1	0	0	2	945	1089	1410	1785	2296	2789	3051	3190	3165	3089	2914	2750	2543	2368	2211	2173	2137	2233	2459	2745	3015	3162	3201	3167	3032	2898	2713	2541	2379	2240	2088	1950	
104	1157	95.0	95.0	1	0	0	2	932	1101	1436	1791	2332	2760	3043	3220	3156	3061	2932	2732	2523	2372	2211	2157	2121	2226	2456	2728	3006	3182	3243	3198	3052	2886	2730	2535	2361	2224	2081	1976	
104	1175	95.0	95.0	1	0	0	2	920	1102	1420	1759	2323	2762	3075	3169	3136	3032	2913	2749	2523	2382	2215	2144	2143	2222	2457	2767	2981	3183	3183	3159	3032	2907	2749	2572	2383	2232	2094	1978	
104	1192	95.0	95.0	1	0	0	2	932	1082	1447	1776	2314	2794	3059	3218	3125	3027	2881	2746	2537	2368	2215	2158	2153	2240	2480	2713	2983	3176	3215	3172	3082	2917	2723	2554	2402	2224	2098	1989	
104	1209	94.9	95.0	1	0	0	2	933	1086	1409	1789	2335	2777	3054	3216	3143	3070	2905	2744	2514	2383	2216	2136	2150	2221	2486	2707	2974	3173	3229	3165	3046	2922	2746	2532	2356	2205	2098	1982	
104	1226	95.0	95.0	1	0	0	2	951	1086	1423	1788	2303	2735	3068	3173	3138	3048	2916	2731	2527	2350	2223	2151	2122	2229	2470	2703	3022	3136	3205	3174	3055	2902	2704	2534	2368	2209	2090	1982	
104	1244	95.0	95.0	1	0	0	2	935	1088	1428	1774	2340	2782	3040	3224	3174	3017	2888	2733	2519	2373	2224	2147	2133	2236	2454	2754	3015	3166	3205	3185	3046	2896	2714	2568	2394	2200	2122	1974	
104	1261	95.0	95.0	1	0	0	2	917	1111	1441	1795	2302	2795	3033	3209	3174	3080	2915	2733	2529	2382	2238	2158	2122	2233	2450	2728	3019	3196	3229	3156	3057	2906	2711	2524	2377	2235	2106	1996	
104	1278	95.0	95.0	1	0	0	2	936	1096	1389	1798	2313	2784	3034	3199	3180	3021	2917	2728	2530	2367	2229	2154	2144	2236	2473	2715	3008	3165	3199	3163	3048	2914	2733	2544	2371	2216	2091	1976	
104	1295	95.0	95.0	1	0	0	2	942	1093	1426	1805	2311	2759	3062	3183	3170	3037	2900	2753	2545	2367	2236	2127	2137	2230	2441	2749	2996	3128	3240	3197	3066	2904	2759	2546	2389	2229	2107	1994	
104	1324	95.0	95.0	1	1	0	2	932	1089	1412	1797	2334	2747	3053	3199	3145	3077	2940	2737	2550	2367	2224	2150	2134	2255	2432	2780	2979	3155	3241	3187	3061	2915	2702	2550	2373	2222	2103	1984	
104	1388	59.9	60.2	1	1	1	2	1011	1259	1864	2775	3862	4769	5226	5377	5196	4983	4638	4236	3812	3485	3145	2932	2791	2801	3057	3376	3729	3967	3972	3951	3770	3571	3267	3016	2778	2602	2425	2250	
104	1405	59.9	60.0	1	1	1	2	1012	1246	1816	2740	3797	4665	5147	5320	5142	4864	4533	4162	3782	3451	3069	2897	2781	2796	3013	3373	3615	3870	3949	3859	3673	3493	3239	2984	2758	2525	2349	2217	
104	1423	59.9	60.0	1	1	1	2	995	1230	1835	2719	3786	4653	5109	5247	5107	4839	4505	4163	3739	3414	3067	2883	2744	2769	3002	3314	3637	3821	3930	3877	3658	3455	3206	2958	2721	2523	2349	2218	
104	1440	59.9	60.0	1	1	1	2	1010	1235	1843	2704	3779	4634	5106	5245	5064	4801	4488	4095	3736	3350	3062	2873	2740	2799	2964	3329	3597	3829	3892	3829	3632	3445	3233	2962	2723	2475	2348	2182	
104	1457	60.0	60.0	1	1	1	2	1014	1236	1830	2702	3752	4590	5092	5246	5053	4820	4498	4093	3715	3413	3059	2876	2735	2760	2997	3311	3602	3820	3930	3821	3664	3445	3190	2943	2724	2492	2327	2186	
104	1474	59.9	60.0	1	1	1	2	1013	1262	1835	2740	3762	4618	5069	5238	5070	4806	4510	4115	3700	3367	3070	2913	2731	2778	2961	3292	3629	3810	3923	3848	3676	3471	3223	2977	2712	2496	2349	2205	
104	1492	60.0	60.0	1	1	1	2	1026	1260	1825	2705	3714	4630	5018	5170	5123	4836	4476	4105	3725	3356	3065	2856	2716	2792	2977	3254	3601	3825	3901	3819	3643	3453	3191	2952	2720	2485	2321	2193	
104	1554	95.2	95.0	2	1	0	2	926	1090	1409	1757	2260	2698	2961	3113	3043	2958	2826	2636	2481	2281	2137	2086	2068	2178	2368	2667	2877	3059	3122	3079	2914	2802	2644	2483	2310	2181	2070	1923	
104	1571	95.0	95.0	2	1	0	2	928	1075	1401	1746	2246	2673	2952	3066	3061	2960	2823	2630	2453	2318	2128	2091	2066	2194	2386	2661	2904	3050	3112	3088	2952	2825	2679	2480	2342	2138	2045	1909	
104	1632	59.8	60.2	2	1	1	2	998	1213	1840	2724	3722	4673	5133	5260	5099	4799	4531	4145	3773	3424	3095	2877	2776	2793	3006	3324	3644	3870	3944	3854	3668	3502	3233	2966	2726	2534	2345	2192	
104	1649	60.0	60.0	2	1	1	2	1005	1228	1812	2700	3725	4527	5007	5132	5036	4732	4388	4063	3667	3345	3017	2804	2686	2716	2940	3297	3562	3779	3869	3823	3601	3407	3179	2953	2696	2489	2331	2168	
104	1667	59.9	60.0	2	1	1	2	1008	1238	1804	2659	3734	4534	5029	5122	5003	4718	4385	4031	3678	3323	2997	2811	2686	2735	2964	3266	3555	3757	3841	3781	3592	3398	3164	2904	2682	2462	2305	2195	
104	1684	60.0	60.0	2	1	1	2	1010	1239	1805	2690	3687	4547	4936	5158	4977	4737	4376	4012	3659	3327	3004	2810	2689	2736	2930	3264	3559	3767	3826	3804	3584	3408	3135	2909	2664	2459	2292	2175	
104	1701	59.9	60.0	2	1	1	2	996	1232	1801	2668	3655	4554	4969	5075	4953	4684	4410	4019	3648	3330	3004	2838	2697	2727	2906	3272	3541	3756	3813	3740	3579	3398	3131	2904	2694	2487	2329	2166	
104	1718	59.9	60.0	2	1	1	2	1015	1238	1801	2663	3706	4520	4971	5116	4959	4696	4416	4034	3641	3298	3001	2801	2659	2739	2944	3214	3540	3720	3814	3759	3599	3400	3146	2900	2694	2462	2313	2156	
104	1736	60.0	60.0	2	1	1	2	1017	1232	1804	2686	3695	4518	5004	5132	4999	4718	4413	4016	3661	3314	2993	2837	2677	2721	2919	3236	3554	3746	3818	3767	3618	3389	3160	2883	2662	2457	2316	2128	
104	1798	95.0	95.0	3	1	0	2	899	1090	1404	1755	2247	2710	2956	3109	3044	2964	2822	2648	2452	2287	2149	2069	2064	2166	2359	2654	2912	3042	3098	3058	2935	2824	2653	2439	2292	2168	2039	1924	
104	1816	95.0	95.0	3	1	0	2	929	1074	1382	1745	2246	2687	2924	3068	3063	2946	2820	2620	2458	2258	2141	2088	2075	2173	2380	2634	2880	3038	3095	3065	2916	2790	2632	2463	2285	2154	2009	1945	
104	1876	59.8	60.2	3	1	1	2	1018	1228	1842	2802	3841	4718	5160	5381	5213	4915	4550	4191	3808	3443	3087	2907	2790	2815	3040	3381	3650	3870	3937	3886	3716	3499	3260	2988	2742	2537	2373	2216	
104	1894	59.9	60.0	3	1	1	2	1006	1247	1822	2749	3803	4708	5129	5299	5119	4853	4504	4155	3773	3385	3104	2879	2776	2750	2966	3311	3639	3854	3909	3817	3635	3451	3227	2949	2740	2523	2355	2198	
104	1911	60.0	60.0	3	1	1	2	1013	1235	1864	2742	3798	4685	5118	5260	5124	4836	4497	4152	3751	3434	3105	2874	2736	2806	2986	3308	3603	3816	3923	3824	3643	3435	3211	2963	2705	2475	2337	2191	
104	1928	59.9	60.0	3	1	1	2	1036	1234	1810	2753	3747	4582	5112	5256	5084	4806	4517	4155	3735	3389	3061	2854	2709	2815	2944	3275	3585	3799	3881	3782	3636	3451	3162	2944	2684	2537	2326	2188	
104	1945	59.9	60.0	3	1	1	2	993	1245	1820	2668	3715	4593	5051	5214	5099	4756	4462	4097	3693	3374	3050	2844	2742	2777	2963	3289	3550	3789	3899	3797	3637	3421	3172	2939	2725	2485	2368	2187	
104	1963	60.0	60.0	3	1	1	2	1018	1241	1816	2698	3747	4605	5056	5216	5011	4735	4406	4071	3696	3367	3030	2843	2719	2726	2948	3262	3569	3762	3843	3792	3600	3427	3112	2860	2693	2482	2325	2168	
104	1980	60.0	60.0	3	1	1	2	1006	1248	1830	2681	3724	4593	5016	5229	5028	4688	4397	4070	3704	3360	3062	2862	2712	2761	2913	3297	3565	3767	3908	3787	3608	3387	3141	2900	2676	2463	2329	2155	
104	2044	95.0	95.1	4	1	0	2	925	1076	1405	1781	2288	2699	2983	3124	3075	2945	2831	2682	2511	2301	2164	2073	2104	2174	2389	2630	2906	3039	3085	3023	2911	2839	2636	2444	2292	2149	2038	1912	
104	2062	95.0	95.0	4	1	0	2	930	1081	1405	1722	2272	2704	2945	3047	3042	2914	2820	2619	2459	2292	2148	2059	2061	2145	2376	2656	2877	3030	3090	3062	2924	2816	2610	2436	2301	2159	2028	1912	
104	2125	59.8	60.1	4	1	1	2	1005	1254	1854	2776	3820	4729	5210	5316	5206	4940	4558	4172	3826	3454	3118	2902	2782	2813	3031	3360	3641	3884	3938	3858	3728	3492	3202	2924	2744	2542	2364	2202	
104	2142	59.9	60.0	4	1	1	2	1006	1254	1850	2744	3796	4662	5128	5270	5113	4808	4513	4134	3784	3409	3069	2879	2769	2743	2980	3289	3631	3829	3921	3857	3616	3445	3208	2955	2713	2525	2323	2205	
104	2159	59.9	60.0	4	1	1	2	1004	1248	1851	2728	3753	4654	5112	5235	5108	4836	4499	4151	3732	3361	3088	2894	2729	2749	2992	3287	3616	3825	3878	3837	3642	3405	3179	2959	2715	2520	2364	2177	
104	2176	59.9	60.0	4	1	1	2	1013	1251	1832	2721	3752	4637	5099	5270	5095	4835	4516	4150	3723	3392	3063	2848	2751	2784	2986	3319	3624	3784	3887	3801	3621	3436	3212	2916	2706	2504	2310	2201	
104	2194	59.9	60.0	4	1	1	2	1016	1225	1838	2731	3766	4639	5064	5268	5121	4782	4486	4120	3699	3374	3053	2860	2734	2772	2976	3290	3598	3819	3879	3849	3643	3429	3183	2919	2689	2493	2328	2171	
104	2211	60.0	60.0	4	1	1	2	1004	1255	1822	2711	3750	4601	5078	5228	5066	4809	4473	4117	3701	3378	3023	2861	2718	2749	2949	3276	3589	3713	3860	3783	3616	3409	3168	2930	2685	2463	2362	2182	
104	2228	60.0	60.0	4	1	1	2	1003	1236	1840	2719	3755	4576	5078	5201	5046	4784	4474	4107	3703	3406	3027	2839	2732	2758	2953	3277	3596	3777	3844	3804	3610	3404	3176	2900	2692	2505	2320	2178	
104	2290	95.2	95.0	5	1	0	2	936	1084	1394	1753	2276	2730	2975	3111	3070	2972	2843	2671	2465	2289	2156	2040	2099	2195	2393	2648	2890	3038	3100	3036	2921	2804	2647	2460	2286	2171	2031	1916	
104	2308	95.0	95.0	5	1	0	2	938	1060	1393	1764	2239	2675	2949	3071	3074	2944	2799	2632	2462	2308	2128	2095	2060	2164	2386	2641	2878	3045	3103	3052	2927	2806	2625	2474	2274	2147	2024	1900	
104	2371	59.7	60.1	5	1	1	2	1014	1241	1861	2760	3805	4718	5173	5340	5196	4894	4557	4184	3805	3463	3110	2868	2772	2778	3001	3353	3666	3868	3932	3887	3700	3476	3256	2999	2753	2534	2377	2228	
104	2388	59.9	60.0	5	1	1	2	1019	1232	1834	2746	3826	4638	5124	5342	5092	4797	4515	4114	3749	3411	3068	2882	2710	2764	2987	3322	3601	3792	3893	3836	3642	3446	3197	2959	2701	2470	2322	2164	
104	2405	60.0	60.0	5	1	1	2	1010	1246	1829	2719	3767	4646	5115	5243	5066	4832	4496	4112	3729	3385	3080	2879	2743	2774	2972	3268	3610	3812	3855	3840	3646	3417	3174	2941	2709	2496	2353	2162	
104	2422	60.0	60.0	5	1	1	2	1007	1249	1816	2716	3747	4590	5090	5226	5114	4751	4437	4100	3727	3352	3081	2899	2750	2768	2940	3300	3573	3804	3857	3782	3633	3423	3182	2966	2689	2480	2309	2184	
104	2440	60.0	60.0	5	1	1	2	998	1253	1808	2727	3744	4625	5071	5208	5086	4809	4504	4114	3697	3382	3054	2843	2701	2773	2915	3283	3613	3787	3882	3786	3598	3440	3192	2905	2679	2481	2333	2197	
104	2457	59.9	60.0	5	1	1	2	1017	1237	1826	2739	3760	4617	5052	5188	5068	4767	4472	4100	3717	3377	3052	2837	2764	2751	2967	3261	3559	3768	3846	3817	3590	3421	3186	2917	2664	2485	2325	2185	
104	2474	60.0	60.0	5	1	1	2	1017	1263	1832	2719	3739	4610	5035	5222	5053	4793	4434	4110	3687	3360	3021	2801	2711	2770	2905	3261	3562	3750	3864	3809	3613	3394	3150	2922	2680	2474	2340	2173	
104	2539	95.1	95.1	6	1	0	2	942	1079	1397	1750	2227	2677	2940	3093	3069	2955	2795	2667	2443	2303	2152	2073	2083	2152	2358	2621	2860	3010	3082	3026	2937	2786	2613	2448	2292	2134	2042	1904	
104	2556	95.0	95.0	6	1	0	2	914	1062	1394	1741	2252	2677	2934	3063	3033	2940	2781	2616	2436	2285	2125	2063	2068	2165	2368	2632	2864	3055	3056	3016	2926	2798	2613	2430	2270	2132	2019	1902	
104	2619	59.7	60.1	6	1	1	2	993	1236	1874	2758	3855	4706	5159	5329	5201	4901	4576	4220	3796	3455	3121	2921	2766	2806	2982	3329	3644	3828	3919	3848	3680	3478	3239	2971	2741	2534	2373	2210	
104	2636	60.0	60.0	6	1	1	2	1008	1237	1836	2705	3784	4599	5075	5300	5083	4779	4485	4130	3706	3358	3058	2869	2719	2745	2961	3287	3584	3797	3874	3841	3618	3399	3181	2959	2710	2488	2296	2214	
104	2653	60.0	60.0	6	1	1	2	1009	1248	1820	2716	3752	4619	5117	5235	5085	4797	4457	4084	3692	3401	3034	2867	2729	2758	2985	3280	3580	3816	3861	3804	3621	3407	3167	2925	2702	2488	2339	2192	
104	2670	60.0	60.0	6	1	1	2	997	1248	1801	2718	3737	4640	5081	5187	5141	4798	4515	4134	3708	3386	3075	2828	2736	2776	2973	3302	3593	3793	3851	3800	3602	3440	3198	2908	2704	2484	2321	2164	
104	2688	60.0	60.0	6	1	1	2	1013	1260	1829	2707	3750	4621	5048	5205	5089	4776	4418	4093	3703	3351	3053	2858	2720	2782	2977	3249	3569	3760	3824	3783	3610	3395	3176	2890	2686	2486	2292	2172	
104	2705	59.9	60.0	6	1	1	2	1017	1237	1812	2734	3747	4601	5014	5172	5087	4755	4437	4097	3682	3357	3032	2848	2695	2713	2953	3264	3536	3765	3814	3802	3608	3438	3148	2936	2697	2459	2298	2169	
104	2722	60.0	60.0	6	1	1	2	1012	1237	1824	2699	3767	4606	5067	5213	5072	4771	4436	4083	3682	3373	3051	2844	2703	2741	2949	3264	3581	3753	3839	3784	3635	3434	3178	2927	2682	2500	2343	2153	
104	2787	95.0	95.1	7	1	0	2	929	1066	1393	1749	2234	2673	2904	3057	3008	2912	2803	2628	2421	2274	2145	2054	2060	2165	2331	2601	2858	2989	3060	3032	2926	2745	2597	2411	2272	2130	2018	1905	
104	2804	95.0	95.0	7	1	0	2	938	1052	1399	1730	2279	2651	2904	3044	3043	2918	2837	2624	2452	2293	2146	2089	2039	2155	2351	2620	2891	3032	3074	3018	2879	2801	2589	2457	2282	2153	2018	1882	
104	2867	59.8	60.1	7	1	1	2	1005	1245	1812	2751	3779	4673	5108	5275	5127	4879	4539	4167	3762	3400	3086	2892	2751	2805	2987	3347	3585	3829	3864	3854	3662	3451	3249	2945	2710	2515	2336	2252	
104	2884	60.0	60.0	7	1	1	2	1007	1247	1808	2715	3772	4600	5096	5229	5067	4795	4482	4122	3748	3379	3051	2878	2723	2760	2964	3250	3577	3754	3838	3815	3618	3409	3184	2896	2687	2481	2332	2177	
104	2901	59.9	60.0	7	1	1	2	1001	1235	1815	2685	3726	4647	5074	5192	5031	4756	4447	4059	3702	3376	3027	2764	2704	2760	2932	3259	3537	3760	3842	3799	3608	3405	3182	2901	2682	2484	2287	2167	
104	2918	59.9	60.0	7	1	1	2	1001	1228	1832	2697	3751	4623	5040	5176	5023	4770	4442	4020	3668	3339	3032	2831	2712	2743	2917	3302	3518	3760	3845	3755	3638	3372	3124	2918	2674	2475	2281	2176	
104	2936	60.0	60.0	7	1	1	2	1005	1247	1860	2687	3747	4616	5050	5226	4984	4783	4430	4058	3725	3328	3032	2824	2690	2742	2938	3264	3539	3757	3827	3807	3576	3425	3159	2912	2666	2458	2296	2152	
104	2953	60.0	60.0	7	1	1	2	1027	1228	1810	2707	3722	4559	5020	5168	5009	4741	4455	4080	3696	3376	3020	2838	2692	2724	2925	3251	3549	3777	3807	3752	3595	3381	3150	2889	2710	2477	2287	2123	
104	2970	60.0	60.0	7	1	1	2	1008	1245	1817	2704	3779	4555	5023	5179	5055	4728	4432	4071	3675	3349	3056	2833	2712	2761	2905	3229	3569	3752	3829	3744	3624	3361	3135	2902	2651	2490	2293	2165	
104	3035	95.1	95.1	8	1	0	2	939	1058	1385	1759	2251	2686	2932	3084	3022	2941	2794	2615	2437	2261	2145	2075	2041	2139	2343	2604	2848	2996	3073	3041	2929	2789	2624	2446	2273	2146	2018	1919	
104	3052	95.0	95.0	8	1	0	2	934	1058	1398	1729	2224	2630	2911	3022	3020	2901	2781	2606	2473	2255	2130	2056	2067	2160	2340	2616	2821	2982	3033	2997	2869	2736	2578	2416	2241	2124	2000	1889	
104	3115	59.8	60.1	8	1	1	2	1018	1238	1840	2745	3787	4656	5107	5346	5133	4802	4539	4186	3751	3401	3133	2876	2731	2763	2979	3299	3597	3829	3886	3831	3655	3457	3203	2923	2706	2510	2339	2187	
104	3132	59.9	60.0	8	1	1	2	1018	1254	1804	2705	3732	4637	5046	5177	5020	4740	4422	4048	3645	3390	3025	2847	2714	2758	2951	3244	3538	3774	3797	3738	3576	3396	3146	2905	2670	2488	2333	2185	
104	3149	60.0	60.0	8	1	1	2	995	1243	1832	2687	3719	4562	4976	5154	4992	4733	4390	4028	3697	3340	3021	2833	2675	2698	2909	3217	3550	3722	3850	3724	3610	3350	3120	2896	2652	2461	2301	2130	
104	3167	60.0	60.0	8	1	1	2	1001	1240	1801	2673	3700	4543	5033	5132	5007	4723	4425	4069	3662	3333	3013	2814	2695	2715	2924	3225	3519	3705	3808	3741	3522	3352	3133	2856	2647	2443	2301	2141	
104	3184	60.0	60.0	8	1	1	2	997	1222	1832	2721	3714	4569	5060	5151	4960	4753	4424	4043	3630	3352	3024	2814	2684	2766	2918	3223	3544	3741	3814	3763	3590	3383	3116	2884	2693	2459	2292	2155	
104	3201	60.0	60.0	8	1	1	2	1020	1232	1814	2626	3716	4611	5008	5165	4968	4694	4402	4056	3670	3333	3003	2841	2689	2726	2899	3225	3535	3730	3821	3746	3570	3369	3114	2873	2661	2428	2296	2152	
104	3218	60.0	60.0	8	1	1	2	1001	1271	1820	2688	3693	4532	4988	5154	4973	4693	4417	4041	3674	3296	2999	2812	2677	2703	2894	3258	3551	3723	3787	3712	3580	3348	3107	2907	2684	2430	2294	2133	
104	3281	95.0	95.0	9	1	0	2	925	1061	1371	1738	2246	2652	2891	3028	3040	2924	2781	2664	2442	2284	2138	2053	2044	2142	2339	2586	2825	2986	3040	3012	2885	2757	2574	2395	2250	2112	2002	1890	
104	3298	95.0	95.0	9	1	0	2	932	1053	1370	1718	2220	2653	2901	3022	2980	2906	2762	2611	2433	2257	2119	2057	2053	2146	2347	2580	2796	2999	3009	3008	2845	2725	2558	2398	2236	2115	2007	1898	
104	3361	59.9	60.1	9	1	1	2	1021	1220	1811	2720	3780	4670	5114	5223	5104	4846	4515	4098	3742	3387	3068	2894	2756	2764	2986	3278	3601	3840	3872	3812	3643	3448	3175	2926	2685	2498	2333	2193	
104	3378	60.0	60.0	9	1	1	2	1008	1224	1825	2669	3751	4555	5020	5149	4995	4765	4419	4044	3667	3343	3026	2808	2689	2732	2905	3246	3560	3719	3797	3749	3566	3375	3110	2901	2646	2443	2310	2163	
104	3395	60.0	60.0	9	1	1	2	1000	1219	1820	2684	3670	4524	4973	5140	5020	4702	4391	4040	3664	3331	3021	2801	2692	2719	2905	3243	3507	3747	3769	3709	3574	3348	3086	2895	2652	2444	2285	2144	
104	3413	60.0	60.0	9	1	1	2	1002	1235	1806	2676	3694	4526	4998	5116	4973	4684	4371	4015	3652	3305	2999	2817	2691	2718	2891	3229	3528	3748	3788	3727	3527	3417	3116	2879	2649	2476	2295	2151	
104	3430	60.0	60.0	9	1	1	2	1000	1229	1803	2697	3675	4502	4934	5092	4962	4698	4359	3975	3661	3291	2982	2821	2666	2711	2908	3216	3507	3717	3826	3717	3552	3332	3101	2880	2653	2449	2291	2129	
104	3447	60.0	60.0	9	1	1	2	1011	1223	1796	2634	3680	4492	4922	5099	4909	4640	4369	3991	3614	3282	2995	2781	2646	2717	2884	3231	3471	3695	3761	3675	3568	3303	3054	2840	2641	2422	2262	2125	
104	3464	60.0	60.0	9	1	1	2	1003	1234	1802	2653	3652	4502	4946	5074	4928	4656	4359	3995	3603	3307	2981	2795	2648	2677	2854	3213	3483	3693	3750	3727	3522	3360	3087	2861	2632	2431	2274	2108	
104	3529	95.1	95.1	10	1	0	2	967	1065	1394	1714	2215	2674	2899	3051	3006	2880	2774	2589	2397	2279	2099	2050	2021	2137	2320	2558	2802	2965	3033	3000	2866	2749	2564	2417	2252	2087	1994	1900	
104	3546	95.0	95.0	10	1	0	2	923	1056	1380	1724	2216	2623	2862	2985	2995	2869	2755	2604	2399	2238	2092	2036	2036	2124	2311	2589	2799	2950	3010	2964	2813	2728	2517	2388	2234	2124	2019	1858	
104	3609	59.8	60.1	10	1	1	2	993	1257	1823	2725	3810	4678	5126	5295	5125	4854	4527	4131	3752	3383	3122	2889	2781	2784	2978	3316	3613	3847	3879	3821	3610	3464	3161	2936	2706	2484	2339	2197	
104	3626	59.9	60.0	10	1	1	2	1005	1231	1826	2686	3676	4520	5013	5120	4998	4696	4397	4042	3702	3314	3026	2823	2674	2699	2914	3262	3489	3711	3786	3723	3551	3387	3129	2893	2630	2471	2311	2166	
104	3644	60.0	60.0	10	1	1	2	1005	1247	1813	2683	3643	4515	4943	5096	4972	4674	4350	4030	3658	3246	3003	2810	2660	2693	2888	3235	3521	3700	3776	3679	3555	3320	3111	2879	2637	2422	2286	2137	
104	3661	59.9	60.0	10	1	1	2	994	1221	1817	2652	3693	4493	4937	5106	4963	4667	4357	3979	3627	3307	2943	2819	2656	2704	2889	3198	3517	3692	3744	3723	3547	3352	3063	2838	2618	2430	2290	2105	
104	3678	60.0	60.0	10	1	1	2	1011	1244	1806	2663	3666	4522	4926	5052	4929	4652	4341	4023	3652	3310	2996	2745	2675	2700	2882	3185	3493	3681	3714	3719	3542	3341	3121	2840	2642	2397	2259	2143	
104	3695	60.0	60.0	10	1	1	2	1022	1218	1801	2684	3640	4496	4902	5057	4928	4672	4320	3999	3633	3295	2974	2774	2699	2703	2846	3195	3464	3707	3773	3652	3517	3324	3072	2853	2621	2440	2273	2143	
104	3713	59.9	60.0	10	1	1	2	998	1243	1794	2665	3634	4476	4881	5086	4858	4641	4345	3955	3607	3289	2979	2759	2678	2652	2863	3189	3475	3695	3768	3678	3542	3316	3074	2856	2613	2439	2264	2129	
104	3777	95.1	95.1	11	1	0	2	940	1057	1365	1739	2175	2624	2911	3018	2984	2865	2767	2596	2419	2251	2128	2040	2040	2108	2308	2589	2793	2943	3021	2944	2858	2707	2545	2378	2233	2101	1977	1868	
104	3794	95.0	95.0	11	1	0	2	916	1046	1390	1704	2179	2646	2886	2989	2962	2872	2744	2601	2390	2250	2092	2034	2046	2127	2320	2596	2810	2924	3037	2980	2846	2737	2550	2402	2235	2122	1982	1866	
104	3857	59.8	60.1	11	1	1	2	997	1236	1810	2740	3776	4646	5077	5246	5109	4847	4520	4117	3734	3409	3109	2846	2750	2768	2908	3287	3602	3773	3888	3793	3608	3425	3170	2930	2690	2495	2321	2195	
104	3874	59.9	60.0	11	1	1	2	984	1244	1813	2659	3724	4546	4978	5120	5014	4687	4415	4057	3669	3348	2985	2814	2691	2727	2906	3212	3523	3722	3796	3754	3545	3350	3122	2884	2648	2439	2286	2133	
104	3892	59.9	60.0	11	1	1	2	1007	1232	1811	2628	3657	4499	4995	5050	4950	4664	4379	3983	3641	3295	2998	2788	2654	2700	2878	3183	3528	3681	3736	3680	3540	3330	3102	2861	2673	2435	2254	2127	
104	3909	60.0	60.0	11	1	1	2	1001	1227	1796	2661	3686	4494	4952	5081	4959	4636	4407	4011	3571	3312	3048	2773	2677	2685	2902	3206	3497	3682	3777	3692	3547	3348	3108	2875	2629	2443	2297	2138	
104	3926	60.0	60.0	11	1	1	2	984	1225	1797	2641	3689	4489	4917	5084	4917	4628	4369	3977	3613	3298	2977	2776	2642	2700	2857	3143	3484	3668	3773	3662	3533	3319	3098	2817	2618	2437	2282	2128	
104	3943	60.0	60.0	11	1	1	2	1001	1221	1796	2622	3644	4469	4888	5054	4914	4648	4318	4001	3575	3263	2961	2766	2652	2686	2857	3190	3454	3634	3745	3692	3506	3301	3062	2816	2616	2439	2259	2124	
104	3961	60.0	60.0	11	1	1	2	1002	1238	1782	2656	3635	4437	4888	5054	4897	4639	4363	3956	3576	3287	2948	2785	2647	2688	2845	3175	3473	3678	3720	3691	3527	3331	3085	2837	2610	2424	2259	2132	
104	4023	95.1	95.0	12	1	0	2	928	1053	1373	1741	2202	2646	2896	3023	3007	2911	2761	2585	2375	2241	2106	2056	2031	2134	2309	2585	2805	2986	3001	2956	2851	2722	2535	2417	2242	2093	1964	1889	
104	4040	95.0	95.0	12	1	0	2	920	1055	1370	1725	2191	2599	2865	2976	2976	2863	2697	2601	2395	2227	2077	2034	2024	2110	2299	2594	2797	2940	2991	2960	2853	2683	2538	2402	2233	2085	1991	1855	
104	4103	59.8	60.1	12	1	1	2	987	1234	1810	2705	3770	4646	5058	5241	5065	4784	4496	4122	3714	3401	3053	2871	2733	2770	2950	3288	3592	3792	3857	3793	3625	3429	3164	2900	2672	2483	2317	2182	
104	4120	59.9	60.0	12	1	1	2	998	1212	1812	2706	3724	4590	4987	5175	5020	4732	4434	4061	3666	3337	3002	2835	2712	2727	2919	3217	3562	3691	3827	3744	3557	3400	3112	2902	2640	2431	2299	2156	
104	4138	60.0	60.0	12	1	1	2	1008	1229	1783	2656	3676	4522	4935	5133	4948	4690	4368	3979	3647	3335	3025	2822	2676	2693	2887	3209	3509	3704	3773	3733	3557	3312	3079	2887	2627	2430	2247	2107	
104	4155	60.0	60.0	12	1	1	2	1004	1244	1815	2676	3649	4493	4967	5121	4963	4646	4354	4018	3644	3277	3000	2793	2667	2694	2884	3204	3503	3714	3756	3667	3540	3332	3108	2870	2647	2430	2281	2127	
104	4172	59.9	60.0	12	1	1	2	997	1213	1797	2649	3649	4501	4947	5088	4907	4697	4381	4034	3631	3262	3000	2783	2686	2708	2890	3219	3526	3697	3740	3694	3520	3337	3092	2845	2608	2426	2285	2115	
104	4189	60.0	60.0	12	1	1	2	1001	1224	1824	2639	3663	4511	4916	5077	4958	4672	4316	3979	3607	3307	2996	2775	2625	2692	2887	3191	3480	3692	3769	3666	3467	3375	3071	2835	2641	2415	2249	2131	
104	4207	60.0	60.0	12	1	1	2	996	1248	1804	2633	3652	4467	4885	5052	4913	4608	4332	3923	3571	3288	2966	2785	2635	2672	2884	3183	3450	3653	3737	3678	3512	3320	3056	2811	2641	2406	2278	2130	
104	4268	95.2	95.0	13	1	0	2	962	1064	1382	1729	2205	2649	2933	3042	2987	2903	2768	2596	2399	2262	2097	2044	2028	2116	2312	2568	2738	2941	3030	2948	2862	2718	2547	2400	2228	2110	1986	1853	
104	4286	95.0	95.0	13	1	0	2	926	1053	1380	1696	2195	2613	2891	2959	2964	2874	2729	2580	2377	2239	2103	2045	2016	2095	2328	2544	2805	2951	3002	2957	2858	2682	2566	2391	2236	2069	1973	1876	
104	4348	59.7	60.2	13	1	1	2	1008	1245	1832	2713	3684	4556	4994	5151	5017	4716	4434	4058	3712	3360	2990	2820	2695	2712	2937	3253	3519	3735	3853	3743	3588	3390	3143	2875	2673	2461	2316	2150	
104	4366	59.9	60.0	13	1	1	2	1000	1228	1791	2704	3729	4575	5018	5169	5010	4736	4413	4060	3692	3353	3012	2794	2698	2745	2899	3215	3546	3718	3810	3704	3535	3357	3132	2880	2669	2460	2286	2142	
104	4383	59.9	60.0	13	1	1	2	1010	1263	1804	2646	3681	4543	4968	5090	4936	4669	4383	3989	3619	3324	2989	2800	2659	2671	2868	3180	3484	3709	3742	3657	3544	3327	3088	2851	2658	2460	2251	2115	
104	4400	60.0	60.0	13	1	1	2	996	1227	1810	2672	3686	4524	4967	5107	4924	4643	4313	4012	3606	3244	2967	2786	2638	2681	2880	3217	3485	3693	3732	3713	3531	3304	3117	2829	2621	2433	2266	2127	
104	4417	60.0	60.0	13	1	1	2	1004	1230	1794	2658	3668	4459	4888	5047	4931	4624	4348	3948	3597	3257	2961	2795	2650	2693	2868	3196	3472	3662	3730	3665	3505	3292	3046	2847	2638	2401	2269	2139	
104	4435	60.0	60.0	13	1	1	2	997	1217	1827	2671	3630	4445	4923	5068	4898	4651	4340	3976	3616	3234	2957	2787	2639	2694	2879	3205	3471	3672	3738	3689	3501	3273	3084	2798	2593	2419	2282	2149	
104	4452	60.0	60.0	13	1	1	2	1016	1230	1776	2645	3640	4455	4880	5019	4862	4612	4289	3914	3584	3252	2944	2756	2644	2662	2845	3152	3401	3646	3719	3620	3484	3303	3065	2810	2623	2400	2274	2113	
104	4514	95.2	95.0	14	1	0	2	925	1060	1360	1714	2228	2620	2911	3020	2977	2901	2742	2544	2393	2257	2131	2028	2010	2096	2297	2568	2824	2902	2993	2968	2849	2690	2536	2382	2229	2103	1942	1856	
104	4532	95.0	95.0	14	1	0	2	933	1056	1362	1708	2201	2626	2884	2984	2969	2848	2718	2537	2375	2248	2103	2020	2045	2131	2309	2546	2787	2916	3007	2933	2827	2716	2553	2372	2227	2078	1959	1851	
104	4594	59.8	60.2	14	1	1	2	987	1226	1817	2664	3704	4508	4970	5159	4985	4700	4379	4006	3663	3346	2991	2793	2690	2713	2906	3225	3498	3770	3805	3720	3561	3333	3112	2880	2608	2461	2305	2159	
104	4612	59.9	60.0	14	1	1	2	998	1228	1815	2654	3669	4517	4965	5094	4962	4680	4395	4025	3672	3292	3033	2808	2654	2699	2890	3206	3505	3723	3777	3741	3562	3340	3085	2858	2642	2427	2303	2146	
104	4629	60.0	60.0	14	1	1	2	997	1215	1781	2659	3688	4529	4963	5119	4924	4701	4386	4054	3642	3308	2954	2793	2684	2692	2901	3212	3459	3689	3742	3706	3514	3318	3090	2864	2646	2411	2262	2140	
104	4646	60.0	60.0	14	1	1	2	1000	1233	1764	2676	3638	4480	4911	5045	4845	4630	4324	3964	3617	3296	2970	2800	2656	2683	2860	3204	3464	3666	3724	3669	3506	3311	3061	2822	2638	2405	2268	2117	
104	4663	60.0	60.0	14	1	1	2	1003	1218	1800	2663	3622	4508	4897	5014	4904	4607	4315	3936	3576	3291	2936	2789	2638	2700	2840	3181	3428	3642	3717	3701	3446	3287	3078	2825	2587	2398	2252	2128	
104	4681	60.0	60.0	14	1	1	2	993	1242	1781	2625	3644	4461	4917	5041	4868	4606	4315	3933	3589	3256	2970	2750	2642	2705	2853	3136	3490	3673	3745	3641	3486	3296	3066	2805	2605	2391	2268	2102	
104	4698	60.0	60.0	14	1	1	2	995	1210	1793	2617	3663	4476	4854	5059	4870	4591	4274	3906	3572	3255	2942	2764	2634	2700	2833	3166	3460	3657	3720	3638	3451	3259	3060	2838	2575	2400	2233	2135	
104	4763	95.1	95.1	15	1	0	2	918	1049	1358	1746	2199	2615	2896	3005	2952	2881	2750	2574	2419	2224	2083	2025	2020	2087	2303	2554	2774	2914	2971	2933	2823	2682	2538	2383	2209	2083	1965	1859	
104	4780	95.0	95.0	15	1	0	2	924	1046	1349	1697	2185	2588	2837	2979	2967	2849	2696	2555	2356	2236	2062	2043	2002	2108	2292	2553	2735	2940	2965	2938	2802	2665	2528	2399	2192	2078	1953	1857	
104	4843	59.8	60.1	15	1	1	2	1017	1227	1776	2606	3654	4466	4929	5099	4888	4603	4329	3991	3636	3277	2988	2792	2670	2678	2909	3181	3498	3665	3765	3682	3503	3349	3098	2845	2642	2408	2277	2117	
104	4860	59.9	60.0	15	1	1	2	997	1218	1783	2636	3654	4453	4874	5030	4883	4605	4333	3953	3582	3280	2957	2780	2643	2667	2873	3166	3435	3638	3743	3673	3513	3300	3076	2816	2612	2417	2258	2108	
104	4877	59.9	60.0	15	1	1	2	989	1235	1801	2648	3645	4474	4910	5084	4906	4686	4344	3980	3561	3273	2971	2765	2653	2682	2883	3177	3450	3685	3687	3666	3484	3289	3060	2826	2621	2404	2264	2125	
104	4894	60.0	60.0	15	1	1	2	994	1216	1773	2673	3608	4477	4907	5067	4854	4625	4328	3973	3594	3249	2943	2756	2639	2672	2865	3186	3441	3675	3728	3662	3442	3314	3070	2838	2616	2414	2243	2128	
104	4912	60.0	60.0	15	1	1	2	1023	1222	1775	2632	3636	4455	4851	5028	4884	4614	4279	3915	3580	3262	2969	2743	2643	2670	2832	3140	3430	3656	3712	3646	3500	3268	3056	2813	2596	2402	2274	2091	
104	4929	59.9	60.0	15	1	1	2	986	1228	1787	2622	3624	4481	4859	5032	4868	4542	4329	3913	3565	3246	2970	2741	2616	2668	2857	3156	3473	3642	3697	3642	3475	3274	3060	2846	2616	2394	2236	2112	
104	4946	60.0	60.0	15	1	1	2	1006	1236	1768	2612	3626	4394	4840	5029	4849	4572	4275	3916	3565	3244	2959	2738	2631	2698	2842	3154	3407	3614	3658	3669	3462	3300	3060	2808	2648	2389	2274	2105	
104	5011	95.0	95.1	16	1	0	2	930	1078	1354	1736	2190	2619	2882	2999	2949	2804	2746	2550	2382	2219	2084	2017	2023	2104	2300	2536	2777	2916	2954	2934	2810	2689	2532	2365	2192	2058	1973	1847	
104	5028	95.0	95.0	16	1	0	2	926	1067	1326	1706	2203	2621	2844	2978	2959	2856	2755	2577	2390	2220	2084	2032	1998	2097	2278	2547	2762	2916	2966	2945	2829	2686	2538	2366	2226	2038	1953	1834	
104	5091	59.8	60.1	16	1	1	2	982	1215	1769	2627	3641	4483	4884	5015	4887	4632	4327	3976	3596	3261	2919	2764	2639	2688	2889	3193	3478	3672	3753	3645	3518	3305	3053	2838	2613	2427	2274	2148	
104	5108	60.0	60.0	16	1	1	2	989	1224	1787	2625	3603	4457	4850	4994	4836	4560	4266	3922	3559	3231	2951	2764	2595	2646	2840	3155	3432	3641	3706	3669	3477	3289	3050	2842	2556	2413	2252	2096	
104	5125	60.0	60.0	16	1	1	2	988	1236	1770	2633	3604	4439	4882	4999	4858	4569	4273	3925	3584	3247	2944	2751	2625	2663	2861	3121	3442	3648	3741	3637	3484	3292	3047	2825	2586	2413	2241	2116	
104	5142	59.9	60.0	16	1	1	2	984	1221	1785	2603	3580	4449	4871	5037	4812	4589	4290	3963	3567	3223	2934	2739	2623	2659	2828	3116	3435	3645	3688	3638	3482	3268	3036	2815	2598	2381	2248	2118	
104	5160	60.0	60.0	16	1	1	2	1002	1223	1767	2616	3621	4407	4857	4960	4834	4595	4261	3929	3576	3219	2919	2779	2638	2656	2837	3149	3453	3619	3697	3621	3475	3255	3041	2828	2606	2361	2241	2123	
104	5177	59.9	60.0	16	1	1	2	986	1222	1800	2632	3564	4386	4848	4973	4850	4521	4241	3926	3555	3226	2939	2741	2648	2620	2824	3115	3406	3637	3683	3602	3445	3254	3057	2804	2576	2376	2246	2109	
104	5194	60.0	60.0	16	1	1	2	991	1209	1779	2624	3607	4413	4830	4983	4795	4576	4211	3938	3542	3260	2920	2733	2624	2650	2841	3146	3426	3621	3720	3634	3460	3273	3032	2793	2606	2385	2214	2091	
104	5257	95.0	95.0	17	1	0	2	928	1037	1361	1718	2163	2629	2880	3016	2976	2881	2742	2578	2418	2235	2081	2032	1995	2092	2314	2549	2794	2938	2981	2929	2847	2687	2533	2356	2225	2062	1942	1876	
104	5274	95.0	95.0	17	1	0	2	923	1043	1348	1710	2182	2557	2850	2963	2944	2833	2719	2535	2405	2252	2069	1989	2005	2117	2288	2525	2776	2892	2934	2929	2822	2680	2509	2357	2223	2053	1934	1850	
104	5337	59.7	60.1	17	1	1	2	994	1218	1809	2625	3652	4496	4885	5041	4882	4607	4311	3980	3576	3287	2964	2761	2623	2657	2853	3194	3472	3677	3737	3675	3489	3305	3066	2826	2623	2414	2271	2105	
104	5354	60.0	60.0	17	1	1	2	1004	1223	1767	2604	3603	4388	4823	4969	4845	4581	4277	3906	3518	3192	2931	2743	2612	2635	2828	3142	3417	3642	3681	3643	3473	3275	3014	2781	2582	2382	2273	2116	
104	5371	59.9	60.0	17	1	1	2	1006	1214	1771	2650	3588	4417	4818	4983	4853	4550	4278	3903	3542	3236	2928	2709	2636	2627	2837	3160	3427	3634	3734	3639	3473	3269	3039	2816	2588	2387	2232	2092	
104	5388	60.0	60.0	17	1	1	2	1005	1215	1772	2602	3604	4389	4796	4984	4803	4564	4254	3937	3569	3210	2941	2734	2616	2639	2820	3165	3388	3597	3677	3629	3394	3268	3021	2793	2603	2347	2230	2079	
104	5406	60.0	60.0	17	1	1	2	996	1238	1769	2610	3520	4408	4757	4971	4836	4560	4255	3926	3541	3200	2885	2725	2587	2663	2835	3143	3389	3598	3674	3643	3466	3246	3015	2807	2589	2365	2238	2086	
104	5423	60.0	60.0	17	1	1	2	996	1218	1756	2577	3560	4374	4819	4950	4838	4541	4203	3876	3512	3195	2916	2709	2607	2599	2812	3109	3417	3610	3656	3614	3436	3235	2995	2805	2579	2380	2222	2077	
104	5440	60.0	60.0	17	1	1	2	1005	1207	1777	2622	3564	4297	4779	4930	4767	4502	4179	3862	3506	3207	2908	2688	2584	2631	2802	3108	3400	3598	3705	3604	3404	3217	3004	2778	2585	2368	2244	2082	
104	5505	95.0	95.1	18	1	0	2	919	1061	1349	1694	2196	2632	2870	2982	2941	2870	2739	2539	2348	2213	2058	2026	1991	2089	2279	2567	2758	2909	2956	2936	2786	2705	2551	2368	2201	2080	1956	1862	
104	5522	95.0	95.0	18	1	0	2	923	1055	1346	1702	2181	2612	2805	2945	2905	2809	2698	2536	2362	2213	2080	1997	1992	2101	2289	2550	2776	2928	2950	2862	2817	2672	2490	2373	2205	2057	1949	1870	
104	5585	59.8	60.1	18	1	1	2	1005	1214	1792	2616	3603	4447	4845	5038	4918	4588	4323	3946	3564	3283	2945	2793	2651	2674	2854	3165	3441	3669	3719	3672	3544	3301	3078	2812	2598	2400	2238	2113	
104	5602	59.9	60.0	18	1	1	2	998	1218	1777	2620	3562	4411	4781	4928	4783	4565	4266	3888	3548	3232	2922	2728	2592	2684	2837	3132	3406	3623	3679	3612	3482	3247	3045	2789	2590	2413	2219	2078	
104	5619	60.0	60.0	18	1	1	2	986	1216	1762	2560	3612	4364	4788	4924	4779	4499	4263	3902	3501	3192	2914	2723	2605	2625	2808	3128	3406	3594	3666	3624	3431	3242	3007	2799	2578	2380	2223	2087	
104	5636	60.0	60.0	18	1	1	2	1002	1216	1781	2587	3562	4360	4829	4947	4734	4546	4214	3933	3503	3242	2932	2716	2593	2657	2836	3108	3372	3591	3695	3607	3449	3270	3004	2784	2560	2352	2213	2098	
104	5654	60.0	60.0	18	1	1	2	997	1227	1796	2609	3583	4409	4782	4972	4824	4531	4185	3875	3566	3197	2900	2719	2619	2608	2828	3110	3383	3569	3696	3615	3440	3259	3008	2787	2575	2387	2231	2080	
104	5671	60.0	60.0	18	1	1	2	1010	1194	1754	2595	3598	4381	4764	4899	4780	4529	4264	3836	3528	3237	2896	2728	2618	2644	2802	3125	3373	3606	3621	3612	3433	3220	3011	2777	2590	2364	2224	2095	
104	5688	59.9	60.0	18	1	1	2	996	1220	1767	2613	3574	4397	4795	4962	4794	4552	4242	3860	3557	3256	2918	2719	2610	2637	2847	3122	3396	3606	3672	3637	3482	3264	3026	2801	2562	2394	2219	2102	
104	5753	95.1	95.1	19	1	0	2	922	1048	1337	1701	2176	2612	2887	2970	2976	2841	2701	2549	2376	2220	2092	2023	2008	2087	2295	2523	2769	2935	2952	2918	2815	2661	2471	2361	2212	2067	1944	1844	
104	5770	95.0	95.0	19	1	0	2	929	1056	1340	1705	2163	2605	2821	2944	2924	2812	2716	2536	2354	2223	2069	2011	1986	2082	2272	2545	2713	2889	2956	2905	2801	2665	2534	2360	2222	2075	1936	1834	
104	5833	59.8	60.1	19	1	1	2	998	1223	1791	2607	3609	4441	4850	4986	4845	4542	4234	3918	3546	3255	2953	2754	2628	2655	2832	3127	3436	3616	3686	3676	3482	3311	3033	2810	2596	2397	2242	2098	
104	5850	59.9	60.0	19	1	1	2	992	1223	1749	2637	3598	4404	4845	4983	4799	4520	4209	3910	3550	3244	2909	2713	2620	2641	2844	3146	3405	3597	3686	3628	3487	3247	2990	2796	2594	2361	2210	2092	
104	5867	59.9	60.0	19	1	1	2	991	1218	1795	2600	3560	4336	4785	4974	4811	4498	4228	3874	3520	3217	2925	2728	2588	2649	2821	3088	3392	3583	3651	3629	3446	3273	3031	2819	2547	2381	2237	2096	
104	5885	59.9	60.0	19	1	1	2	995	1233	1757	2568	3563	4368	4792	4923	4756	4478	4216	3897	3518	3209	2903	2706	2554	2596	2813	3109	3389	3591	3665	3594	3461	3232	3022	2785	2541	2367	2226	2070	
104	5902	59.9	60.0	19	1	1	2	999	1213	1807	2582	3588	4346	4791	4954	4794	4542	4244	3862	3532	3178	2907	2726	2623	2631	2796	3115	3401	3628	3649	3568	3398	3238	3054	2756	2569	2381	2210	2091	
104	5919	60.0	60.0	19	1	1	2	1014	1208	1770	2580	3543	4349	4726	4936	4769	4510	4216	3894	3539	3235	2905	2715	2592	2639	2807	3094	3400	3614	3637	3593	3426	3225	3010	2797	2561	2384	2203	2065	
104	5936	60.0	60.0	19	1	1	2	989	1199	1781	2561	3524	4362	4786	4878	4789	4495	4202	3886	3488	3184	2892	2711	2560	2619	2817	3116	3391	3567	3621	3600	3400	3240	2983	2787	2549	2394	2224	2077	
104	6001	95.1	95.1	20	1	0	2	932	1054	1361	1707	2183	2589	2874	2969	2969	2843	2735	2583	2369	2201	2099	2014	2020	2101	2293	2570	2757	2891	2982	2948	2813	2685	2524	2351	2241	2101	1960	1822	
104	6018	95.0	95.0	20	1	0	2	914	1047	1339	1705	2179	2581	2856	2969	2943	2855	2711	2530	2345	2234	2077	2005	1991	2095	2292	2538	2751	2912	2959	2917	2788	2653	2518	2353	2195	2042	1942	1855	
104	6081	59.7	60.1	20	1	1	2	992	1197	1782	2609	3602	4359	4823	4962	4804	4546	4242	3879	3560	3217	2895	2726	2611	2602	2828	3120	3412	3615	3676	3614	3484	3250	3063	2796	2589	2376	2218	2104	
104	6098	60.0	60.0	20	1	1	2	986	1234	1763	2593	3549	4424	4838	4956	4827	4558	4253	3901	3513	3224	2928	2731	2635	2642	2806	3124	3413	3584	3668	3617	3476	3255	3007	2782	2595	2385	2209	2100	
104	6115	59.9	60.0	20	1	1	2	1002	1227	1759	2596	3570	4380	4813	4928	4809	4570	4224	3885	3532	3200	2926	2704	2612	2633	2811	3133	3416	3592	3650	3636	3468	3238	3029	2800	2574	2377	2225	2068	
104	6133	59.9	60.0	20	1	1	2	993	1209	1757	2616	3556	4383	4775	4896	4806	4510	4234	3877	3494	3166	2906	2698	2634	2631	2793	3085	3449	3619	3652	3585	3444	3258	3021	2783	2570	2361	2218	2096	
104	6150	60.0	60.0	20	1	1	2	988	1214	1774	2587	3559	4339	4770	4933	4799	4501	4197	3877	3507	3186	2901	2729	2606	2616	2806	3091	3416	3586	3694	3600	3459	3214	3042	2808	2558	2371	2206	2072	
104	6167	59.9	60.0	20	1	1	2	994	1223	1766	2584	3539	4349	4750	4938	4783	4510	4227	3883	3505	3146	2857	2718	2577	2631	2794	3108	3376	3569	3680	3589	3427	3224	2994	2824	2562	2374	2229	2091	
104	6184	59.9	60.0	20	1	1	2	981	1210	1770	2566	3534	4351	4751	4881	4741	4491	4221	3875	3497	3205	2904	2700	2618	2616	2799	3111	3401	3587	3638	3583	3413	3182	3018	2801	2568	2348	2202	2069	
104	6249	95.2	95.1	21	1	0	2	923	1052	1341	1714	2200	2622	2830	2925	2920	2874	2719	2551	2373	2193	2086	2016	1991	2081	2280	2521	2805	2904	2960	2910	2785	2704	2512	2348	2188	2076	1948	1857	
104	6266	95.0	95.0	21	1	0	2	925	1052	1339	1664	2172	2586	2836	2988	2934	2814	2726	2556	2350	2218	2066	1991	1981	2081	2271	2516	2748	2851	2927	2896	2765	2652	2518	2356	2179	2075	1928	1849	
104	6327	59.8	60.2	21	1	1	2	1001	1219	1764	2603	3572	4379	4789	4961	4788	4500	4223	3848	3495	3216	2911	2704	2625	2636	2832	3126	3398	3597	3693	3601	3419	3267	3047	2806	2564	2378	2216	2086	
104	6344	60.0	60.0	21	1	1	2	983	1223	1774	2610	3542	4408	4845	4905	4791	4524	4272	3891	3506	3215	2924	2720	2586	2640	2841	3130	3397	3601	3655	3609	3476	3298	3021	2804	2559	2381	2276	2101	
104	6362	60.0	60.0	21	1	1	2	1000	1215	1788	2581	3564	4381	4773	4925	4762	4555	4231	3906	3526	3217	2896	2714	2613	2635	2791	3126	3385	3575	3679	3610	3397	3243	3018	2786	2562	2371	2217	2094	
104	6379	60.0	60.0	21	1	1	2	994	1211	1763	2608	3563	4394	4834	4938	4786	4521	4228	3874	3492	3194	2926	2702	2597	2632	2838	3109	3374	3543	3687	3598	3432	3224	3013	2779	2579	2390	2228	2099	
104	6396	60.0	60.0	21	1	1	2	990	1234	1774	2601	3580	4343	4736	4928	4767	4527	4255	3906	3513	3216	2914	2700	2588	2637	2824	3113	3405	3612	3649	3591	3416	3256	3003	2786	2575	2394	2212	2112	
104	6413	60.0	60.0	21	1	1	2	1028	1218	1766	2585	3548	4348	4791	4908	4723	4485	4198	3837	3493	3185	2906	2705	2591	2625	2788	3108	3396	3571	3674	3605	3434	3257	3016	2797	2583	2382	2220	2087	
104	6431	60.0	60.0	21	1	1	2	1004	1213	1770	2605	3548	4334	4799	4951	4755	4521	4201	3869	3518	3197	2899	2719	2598	2614	2816	3131	3414	3576	3692	3594	3424	3227	2991	2790	2581	2401	2202	2082	
104	6493	95.1	95.0	22	1	0	2	925	1044	1345	1728	2194	2627	2883	2996	2924	2858	2677	2564	2393	2222	2096	2037	2001	2092	2279	2538	2772	2902	2964	2935	2810	2677	2541	2381	2215	2061	1970	1853	
104	6510	95.0	95.0	22	1	0	2	914	1034	1325	1689	2157	2556	2836	2939	2944	2812	2717	2530	2358	2193	2078	2000	1978	2057	2297	2515	2765	2873	2944	2923	2782	2668	2492	2319	2192	2052	1968	1857	
104	6573	59.8	60.1	22	1	1	2	989	1195	1762	2555	3586	4399	4828	4937	4792	4486	4223	3930	3503	3204	2906	2707	2593	2656	2795	3154	3408	3619	3688	3584	3442	3279	3001	2795	2570	2345	2205	2086	
104	6590	59.9	60.0	22	1	1	2	1005	1216	1784	2603	3561	4366	4822	4966	4772	4534	4243	3889	3511	3216	2895	2741	2611	2633	2803	3125	3412	3581	3662	3587	3449	3244	3025	2781	2570	2352	2238	2089	
104	6608	59.9	60.0	22	1	1	2	999	1221	1762	2621	3581	4334	4781	4937	4760	4526	4266	3869	3515	3196	2933	2713	2625	2634	2822	3129	3377	3620	3671	3599	3409	3243	3010	2795	2561	2382	2224	2092	
104	6625	60.0	60.0	22	1	1	2	993	1212	1765	2579	3549	4370	4780	4902	4759	4545	4213	3845	3521	3188	2967	2695	2580	2644	2799	3128	3372	3570	3661	3636	3425	3228	3030	2778	2540	2391	2230	2088	
104	6642	59.9	60.0	22	1	1	2	1018	1203	1762	2571	3570	4329	4759	4935	4806	4499	4157	3848	3539	3232	2889	2692	2576	2635	2804	3073	3360	3595	3668	3592	3424	3265	3022	2766	2565	2377	2230	2077	
104	6659	60.0	60.0	22	1	1	2	995	1212	1764	2587	3531	4339	4780	4903	4730	4480	4201	3826	3511	3170	2878	2703	2578	2618	2799	3107	3375	3579	3648	3593	3432	3219	2983	2753	2523	2358	2232	2079	
104	6677	59.9	60.0	22	1	1	2	999	1215	1764	2572	3573	4354	4758	4915	4770	4506	4222	3827	3490	3193	2902	2708	2575	2589	2802	3108	3382	3537	3656	3570	3369	3220	3020	2770	2551	2366	2221	2073	
104	6739	95.3	95.0	23	1	0	2	916	1045	1350	1708	2188	2615	2833	2990	2920	2841	2723	2541	2378	2212	2059	2011	2017	2072	2248	2532	2756	2888	2941	2948	2816	2701	2478	2347	2205	2067	1936	1844	
104	6756	95.0	95.0	23	1	0	2	916	1041	1355	1700	2159	2595	2831	2973	2906	2852	2693	2505	2376	2231	2064	2009	1980	2084	2277	2514	2750	2893	2921	2911	2797	2649	2515	2351	2178	2068	1941	1852	
104	6819	59.8	60.1	23	1	1	2	995	1220	1755	2576	3558	4355	4737	4922	4734	4487	4223	3879	3522	3226	2916	2731	2587	2603	2795	3113	3364	3569	3642	3593	3423	3268	3033	2759	2574	2366	2231	2077	
104	6836	60.0	60.0	23	1	1	2	995	1211	1761	2577	3544	4374	4752	4954	4716	4508	4215	3850	3523	3216	2874	2703	2588	2627	2819	3122	3356	3589	3660	3626	3407	3255	3009	2723	2557	2378	2197	2088	
104	6854	60.0	60.0	23	1	1	2	1018	1215	1769	2594	3529	4330	4783	4924	4767	4469	4222	3852	3510	3183	2886	2712	2576	2636	2799	3127	3395	3586	3644	3579	3446	3238	2996	2780	2547	2349	2210	2096	
104	6871	59.9	60.0	23	1	1	2	992	1218	1782	2566	3524	4356	4793	4919	4812	4461	4218	3866	3518	3191	2912	2698	2572	2619	2826	3105	3389	3606	3636	3577	3455	3199	3026	2798	2552	2356	2230	2093	
104	6888	59.9	60.0	23	1	1	2	972	1201	1775	2568	3540	4334	4733	4880	4744	4487	4181	3831	3508	3210	2864	2685	2589	2591	2802	3102	3381	3587	3633	3563	3421	3234	3022	2743	2577	2338	2197	2066	
104	6905	59.9	60.0	23	1	1	2	939	1184	1758	2588	3551	4344	4774	4923	4757	4496	4222	3884	3454	3186	2876	2708	2593	2600	2819	3088	3390	3565	3625	3592	3394	3227	3019	2754	2564	2347	2201	2082	
104	6923	60.0	60.0	23	1	1	2	989	1200	1782	2566	3552	4327	4752	4906	4736	4473	4229	3913	3517	3186	2915	2713	2584	2626	2798	3106	3400	3538	3594	3592	3439	3224	3010	2771	2568	2350	2223	2123	
104	6985	95.1	95.0	24	1	0	2	913	1040	1356	1695	2178	2603	2842	2948	2930	2831	2715	2560	2378	2198	2089	1996	2013	2066	2283	2553	2719	2890	2927	2909	2808	2673	2522	2349	2208	2063	1947	1855	
104	7002	95.0	95.0	24	1	0	2	918	1044	1337	1704	2148	2572	2820	2944	2900	2802	2669	2530	2369	2197	2029	2008	1978	2079	2265	2515	2756	2864	2936	2866	2776	2662	2500	2320	2174	2018	1919	1814	
104	7065	59.8	60.1	24	1	1	2	1017	1213	1769	2558	3564	4372	4789	4896	4794	4525	4192	3850	3507	3181	2901	2705	2592	2632	2829	3089	3399	3591	3647	3607	3436	3233	3026	2806	2550	2376	2219	2085	
104	7083	59.9	60.0	24	1	1	2	992	1224	1762	2599	3556	4330	4756	4887	4741	4520	4224	3897	3525	3191	2890	2722	2591	2624	2794	3116	3408	3592	3643	3568	3402	3258	3001	2764	2570	2325	2226	2096	
104	7100	59.9	60.0	24	1	1	2	1009	1219	1742	2606	3531	4371	4748	4961	4741	4527	4232	3868	3482	3195	2902	2694	2601	2626	2825	3108	3380	3537	3619	3596	3484	3206	2987	2793	2561	2354	2229	2063	
104	7117	60.0	60.0	24	1	1	2	997	1206	1744	2546	3577	4309	4721	4898	4668	4507	4165	3860	3479	3200	2898	2710	2543	2614	2796	3096	3314	3555	3635	3547	3396	3198	3011	2777	2538	2350	2222	2087	
104	7134	60.0	60.0	24	1	1	2	982	1217	1741	2578	3520	4326	4691	4871	4760	4462	4187	3888	3506	3196	2870	2729	2618	2613	2809	3094	3363	3549	3648	3598	3406	3224	2991	2746	2535	2369	2204	2082	
104	7152	59.9	60.0	24	1	1	2	981	1218	1764	2566	3522	4324	4721	4886	4763	4474	4192	3832	3504	3189	2879	2682	2592	2646	2773	3090	3368	3552	3639	3559	3397	3225	3022	2758	2526	2368	2205	2069	
104	7169	60.0	60.0	24	1	1	2	989	1219	1769	2588	3548	4352	4737	4887	4783	4526	4177	3853	3511	3180	2872	2731	2599	2585	2801	3082	3375	3581	3642	3568	3431	3245	2988	2766	2577	2342	2207	2075	
104	7233	95.1	95.1	25	1	0	2	912	1037	1326	1692	2196	2609	2861	2972	2920	2836	2684	2547	2341	2223	2060	2003	2006	2071	2278	2510	2761	2856	2940	2852	2775	2639	2476	2357	2197	2053	1959	1831	
104	7251	95.0	95.0	25	1	0	2	913	1051	1332	1690	2162	2578	2835	2933	2920	2811	2681	2542	2353	2202	2056	1998	1977	2092	2263	2478	2744	2864	2907	2890	2795	2626	2495	2331	2159	2056	1932	1835	
104	7313	59.8	60.1	25	1	1	2	990	1196	1738	2571	3560	4328	4756	4938	4753	4530	4205	3895	3506	3150	2897	2696	2619	2625	2822	3080	3388	3553	3635	3564	3403	3252	2986	2750	2547	2380	2232	2091	
104	7331	59.9	60.0	25	1	1	2	976	1217	1762	2592	3592	4359	4777	4896	4799	4550	4200	3837	3513	3198	2895	2726	2584	2618	2800	3102	3362	3569	3641	3578	3399	3268	2990	2803	2560	2324	2232	2080	
104	7348	60.0	60.0	25	1	1	2	997	1218	1759	2588	3527	4349	4780	4920	4754	4468	4209	3864	3496	3175	2885	2703	2582	2599	2770	3078	3384	3542	3620	3571	3412	3224	2982	2764	2563	2356	2228	2065	
104	7365	60.0	60.0	25	1	1	2	1006	1216	1790	2569	3518	4311	4730	4881	4719	4494	4183	3838	3509	3166	2891	2688	2578	2607	2814	3098	3367	3544	3640	3561	3397	3202	3000	2749	2510	2364	2216	2072	
104	7382	60.0	60.0	25	1	1	2	1002	1220	1747	2570	3531	4327	4707	4854	4729	4457	4159	3815	3459	3192	2886	2709	2540	2604	2766	3092	3367	3508	3643	3587	3386	3243	3017	2770	2525	2349	2211	2043	
104	7400	60.0	60.0	25	1	1	2	977	1211	1759	2576	3504	4329	4696	4864	4713	4424	4161	3866	3494	3179	2892	2694	2581	2639	2768	3018	3355	3552	3591	3576	3421	3214	2995	2773	2513	2368	2186	2074	
104	7417	59.9	60.0	25	1	1	2	993	1206	1766	2571	3537	4312	4726	4872	4737	4456	4152	3834	3483	3161	2858	2689	2561	2593	2790	3081	3361	3556	3609	3575	3407	3189	2968	2761	2535	2391	2187	2072	
104	7479	95.1	95.0	26	1	0	2	925	1050	1337	1708	2170	2594	2839	2981	2926	2845	2719	2556	2370	2204	2080	2006	1976	2086	2249	2537	2723	2891	2913	2900	2796	2649	2483	2334	2199	2056	1951	1841	
104	7497	95.0	95.0	26	1	0	2	908	1035	1315	1696	2149	2563	2821	2939	2915	2825	2679	2535	2347	2168	2056	1978	1994	2073	2235	2510	2688	2885	2940	2858	2744	2622	2496	2298	2145	2036	1920	1825	
104	7560	59.9	60.1	26	1	1	2	1007	1190	1748	2581	3513	4353	4773	4901	4705	4486	4199	3897	3509	3178	2892	2708	2585	2599	2796	3087	3364	3529	3624	3595	3379	3221	2958	2748	2557	2380	2206	2075	
104	7577	59.9	60.0	26	1	1	2	1009	1222	1756	2613	3561	4342	4788	4940	4842	4558	4215	3909	3528	3200	2894	2713	2592	2647	2810	3104	3405	3578	3672	3600	3424	3230	2998	2795	2567	2370	2213	2085	
104	7594	59.9	60.0	26	1	1	2	997	1200	1757	2566	3508	4325	4738	4851	4710	4475	4208	3867	3486	3150	2871	2720	2587	2599	2787	3101	3365	3549	3590	3578	3402	3214	2963	2772	2528	2342	2188	2059	
104	7611	59.9	60.0	26	1	1	2	999	1216	1757	2591	3506	4341	4746	4905	4745	4492	4203	3824	3496	3182	2866	2685	2579	2587	2784	3096	3408	3554	3631	3581	3401	3239	2995	2772	2535	2376	2202	2070	
104	7629	60.0	60.0	26	1	1	2	988	1190	1748	2563	3515	4378	4729	4899	4766	4464	4192	3830	3521	3193	2892	2691	2586	2586	2785	3085	3388	3560	3631	3565	3408	3211	2968	2750	2516	2390	2211	2073	
104	7646	60.0	60.0	26	1	1	2	1000	1208	1739	2557	3526	4311	4740	4839	4694	4438	4160	3833	3490	3155	2862	2704	2554	2598	2791	3099	3355	3528	3625	3523	3400	3202	2965	2749	2556	2406	2193	2053	
104	7663	60.0	60.0	26	1	1	2	977	1221	1759	2587	3501	4327	4760	4905	4701	4476	4184	3845	3472	3149	2883	2696	2596	2572	2770	3096	3349	3558	3667	3550	3389	3240	2995	2749	2547	2393	2188	2055	
104	7726	95.1	95.0	27	1	0	2	918	1055	1331	1698	2162	2596	2812	2942	2932	2831	2727	2553	2360	2207	2061	2013	2005	2074	2257	2508	2752	2876	2961	2864	2776	2658	2505	2363	2204	2061	1938	1841	
104	7743	95.0	95.0	27	1	0	2	927	1046	1318	1698	2183	2576	2822	2932	2920	2813	2679	2532	2347	2182	2039	2003	1995	2073	2288	2509	2740	2893	2922	2907	2746	2662	2469	2380	2176	2072	1955	1854	
104	7806	59.8	60.1	27	1	1	2	997	1235	1754	2569	3526	4303	4753	4930	4732	4519	4209	3855	3480	3203	2901	2694	2561	2610	2784	3108	3374	3596	3652	3579	3429	3228	3007	2749	2566	2360	2216	2101	
104	7823	60.0	60.0	27	1	1	2	995	1218	1818	2640	3575	4357	4811	4931	4763	4523	4213	3874	3471	3196	2892	2703	2573	2604	2810	3132	3406	3608	3645	3590	3411	3211	3011	2781	2549	2362	2230	2061	
104	7840	60.0	60.0	27	1	1	2	985	1203	1751	2556	3559	4376	4766	4908	4741	4474	4201	3858	3481	3224	2892	2688	2574	2617	2794	3092	3342	3522	3657	3574	3421	3213	2989	2761	2550	2350	2188	2081	
104	7857	60.0	60.0	27	1	1	2	1016	1217	1754	2578	3501	4336	4765	4876	4729	4490	4212	3848	3507	3179	2892	2715	2562	2604	2788	3094	3377	3554	3618	3560	3410	3210	3007	2776	2567	2339	2220	2093	
104	7875	60.0	60.0	27	1	1	2	991	1213	1761	2555	3537	4340	4764	4853	4743	4473	4174	3871	3480	3169	2904	2688	2578	2617	2779	3084	3328	3552	3635	3554	3405	3200	3010	2759	2515	2351	2193	2048	
104	7892	60.0	60.0	27	1	1	2	994	1203	1772	2588	3547	4299	4728	4850	4707	4443	4151	3848	3452	3156	2868	2682	2557	2594	2815	3066	3341	3560	3584	3592	3393	3209	2992	2765	2545	2350	2201	2064	
104	7909	60.0	60.0	27	1	1	2	970	1212	1767	2596	3517	4305	4724	4858	4707	4480	4204	3838	3429	3179	2877	2682	2563	2584	2762	3073	3359	3544	3632	3608	3419	3203	2964	2755	2573	2342	2207	2101	
104	7974	95.1	95.1	28	1	0	2	906	1060	1318	1705	2163	2598	2864	2929	2903	2831	2695	2559	2349	2209	2056	1992	2003	2069	2253	2506	2742	2850	2921	2844	2774	2668	2524	2348	2201	2045	1931	1844	
104	7991	95.0	95.0	28	1	0	2	917	1036	1338	1697	2135	2576	2834	2915	2924	2831	2696	2527	2351	2210	2046	1959	1990	2070	2257	2500	2735	2851	2906	2877	2759	2650	2497	2326	2166	2073	1936	1854	
104	8054	59.8	60.1	28	1	1	2	982	1214	1746	2554	3523	4321	4690	4897	4706	4491	4193	3862	3508	3172	2875	2693	2567	2604	2810	3116	3371	3545	3657	3579	3414	3225	2977	2754	2559	2362	2208	2063	
104	8071	60.0	60.0	28	1	1	2	990	1217	1784	2594	3556	4384	4777	4947	4774	4496	4228	3869	3518	3221	2905	2693	2573	2633	2840	3119	3390	3603	3665	3581	3442	3265	2989	2761	2577	2358	2213	2117	
104	8088	59.9	60.0	28	1	1	2	1008	1210	1755	2596	3530	4348	4769	4881	4755	4509	4200	3888	3501	3186	2892	2695	2592	2581	2789	3100	3395	3552	3625	3575	3390	3243	3001	2778	2536	2367	2232	2054	
104	8105	60.0	60.0	28	1	1	2	1008	1204	1767	2576	3513	4309	4736	4877	4719	4482	4184	3804	3443	3178	2887	2685	2588	2555	2800	3097	3358	3574	3629	3552	3370	3239	2995	2756	2530	2372	2218	2047	
104	8123	60.0	60.0	28	1	1	2	993	1239	1746	2586	3520	4347	4738	4845	4726	4469	4182	3827	3490	3177	2884	2668	2543	2619	2769	3070	3374	3560	3632	3570	3374	3215	2991	2769	2529	2396	2200	2072	
104	8140	59.9	60.0	28	1	1	2	982	1221	1751	2602	3516	4306	4727	4877	4732	4478	4188	3812	3462	3155	2929	2706	2576	2607	2798	3075	3351	3561	3614	3566	3414	3240	3017	2679	2548	2335	2183	2068	
104	8157	60.0	60.0	28	1	1	2	990	1220	1763	2584	3552	4325	4713	4890	4752	4447	4216	3853	3485	3169	2890	2699	2580	2617	2799	3104	3350	3545	3630	3546	3427	3201	2962	2776	2545	2339	2196	2080	
104	8220	95.2	95.0	29	1	0	2	919	1045	1345	1710	2170	2585	2852	2978	2948	2849	2735	2542	2332	2204	2066	2011	1968	2088	2283	2540	2769	2898	2944	2906	2801	2675	2504	2333	2224	2064	1950	1842	
104	8237	95.0	95.0	29	1	0	2	944	1033	1316	1702	2162	2553	2832	2949	2886	2822	2694	2533	2327	2173	2074	1996	1985	2082	2241	2500	2733	2868	2926	2878	2761	2642	2460	2314	2188	2030	1931	1832	
104	8300	59.8	60.1	29	1	1	2	990	1210	1779	2550	3518	4319	4690	4907	4750	4487	4171	3844	3506	3166	2868	2686	2572	2601	2770	3084	3374	3580	3612	3584	3424	3224	3010	2761	2559	2366	2207	2085	
104	8317	59.9	60.0	29	1	1	2	996	1217	1765	2621	3551	4368	4766	4968	4787	4512	4242	3896	3524	3214	2914	2727	2633	2602	2842	3113	3388	3566	3645	3613	3406	3259	2996	2777	2551	2398	2202	2065	
104	8334	60.0	60.0	29	1	1	2	989	1215	1759	2608	3532	4351	4728	4879	4753	4474	4232	3857	3508	3219	2932	2754	2600	2596	2809	3068	3384	3592	3619	3603	3431	3253	3017	2761	2555	2389	2205	2094	
104	8352	60.0	60.0	29	1	1	2	1019	1220	1757	2576	3534	4296	4732	4886	4724	4466	4217	3818	3491	3186	2860	2664	2567	2616	2782	3090	3375	3549	3599	3565	3385	3212	3001	2763	2537	2364	2189	2050	
104	8369	60.0	60.0	29	1	1	2	993	1218	1765	2542	3553	4340	4750	4834	4712	4475	4187	3853	3511	3189	2894	2706	2532	2567	2802	3064	3314	3564	3651	3563	3404	3200	2992	2766	2539	2367	2198	2056	
104	8386	60.0	60.0	29	1	1	2	966	1192	1764	2550	3514	4350	4720	4880	4694	4442	4196	3870	3495	3158	2886	2696	2538	2568	2769	3098	3357	3546	3588	3552	3388	3203	2965	2725	2530	2338	2214	2064	
104	8403	60.0	60.0	29	1	1	2	1011	1207	1739	2561	3566	4302	4733	4885	4728	4466	4175	3814	3473	3168	2872	2664	2558	2622	2762	3086	3365	3566	3601	3546	3393	3186	3000	2765	2560	2332	2196	2065	
104	8468	95.1	95.1	30	1	0	2	925	1034	1320	1688	2161	2560	2819	2938	2910	2813	2700	2532	2349	2181	2043	2021	1985	2067	2232	2516	2739	2871	2947	2891	2770	2638	2477	2319	2185	2053	1944	1833	
104	8485	95.0	95.0	30	1	0	2	914	1033	1316	1696	2173	2589	2800	2964	2955	2797	2673	2537	2360	2203	2053	2001	1971	2061	2258	2473	2735	2852	2927	2849	2775	2640	2466	2350	2188	2046	1920	1840	
104	8548	59.7	60.1	30	1	1	2	986	1219	1748	2543	3513	4307	4739	4845	4712	4456	4193	3818	3518	3191	2885	2699	2596	2596	2785	3054	3376	3550	3612	3560	3420	3216	2988	2748	2584	2340	2191	2084	
104	8565	59.9	60.0	30	1	1	2	986	1209	1765	2617	3579	4368	4780	4902	4811	4507	4212	3899	3500	3219	2928	2722	2589	2648	2789	3115	3380	3588	3685	3603	3420	3255	3001	2810	2541	2361	2221	2093	
104	8582	60.0	60.0	30	1	1	2	988	1226	1757	2592	3521	4343	4760	4911	4754	4489	4178	3845	3501	3168	2881	2698	2591	2613	2769	3074	3377	3550	3638	3577	3396	3207	2989	2767	2538	2375	2211	2068	
104	8600	60.0	60.0	30	1	1	2	997	1208	1760	2541	3501	4330	4770	4878	4733	4464	4188	3820	3487	3170	2883	2680	2582	2611	2762	3103	3374	3548	3622	3551	3396	3225	2983	2761	2529	2359	2192	2065	
104	8617	59.9	60.0	30	1	1	2	984	1209	1756	2597	3549	4292	4750	4888	4780	4481	4223	3833	3494	3203	2857	2711	2584	2611	2794	3064	3364	3616	3646	3581	3411	3219	2965	2776	2539	2364	2209	2062	
104	8634	59.9	60.0	30	1	1	2	985	1163	1751	2573	3566	4342	4732	4892	4694	4448	4168	3853	3437	3159	2848	2662	2561	2547	2797	3072	3354	3558	3619	3546	3407	3214	2968	2760	2539	2324	2228	2055	
104	8651	60.0	60.0	30	1	1	2	990	1193	1753	2568	3542	4331	4706	4882	4735	4441	4160	3846	3462	3165	2851	2695	2594	2599	2774	3060	3342	3530	3591	3535	3378	3195	2992	2784	2524	2322	2184	2064	
104	8714	95.0	95.0	31	1	0	2	941	1029	1312	1664	2159	2568	2829	2964	2910	2833	2712	2533	2380	2195	2063	2025	2014	2098	2246	2522	2757	2901	2919	2879	2787	2662	2479	2357	2183	2076	1928	1826	
104	8731	95.0	95.0	31	1	0	2	929	1031	1306	1662	2167	2564	2765	2924	2899	2787	2664	2507	2368	2205	2057	1971	1977	2059	2250	2487	2719	2868	2901	2873	2779	2611	2497	2301	2173	2039	1968	1829	
104	8794	59.8	60.1	31	1	1	2	988	1200	1741	2542	3498	4310	4684	4847	4707	4449	4187	3852	3493	3172	2862	2681	2574	2603	2770	3082	3333	3531	3609	3553	3397	3192	2994	2747	2543	2349	2201	2098	
104	8811	59.9	60.0	31	1	1	2	992	1225	1764	2589	3533	4361	4793	4940	4752	4488	4208	3873	3502	3202	2919	2720	2576	2594	2797	3102	3431	3589	3646	3571	3440	3208	2981	2780	2528	2351	2210	2075	
104	8828	60.0	60.0	31	1	1	2	990	1233	1747	2557	3512	4330	4707	4870	4758	4440	4151	3854	3497	3149	2901	2694	2571	2588	2790	3063	3383	3539	3619	3552	3419	3219	2978	2751	2564	2363	2195	2073	
104	8846	60.0	60.0	31	1	1	2	992	1212	1759	2570	3505	4312	4712	4892	4727	4465	4174	3833	3476	3190	2873	2713	2564	2628	2771	3081	3359	3554	3633	3538	3381	3209	2978	2744	2566	2344	2211	2070	
104	8863	59.9	60.0	31	1	1	2	1008	1214	1777	2543	3504	4292	4726	4852	4720	4430	4126	3824	3482	3175	2831	2678	2582	2590	2780	3096	3351	3545	3580	3521	3367	3149	2983	2773	2536	2341	2198	2077	
104	8880	60.0	60.0	31	1	1	2	1004	1208	1770	2586	3515	4289	4684	4876	4700	4483	4142	3769	3461	3136	2875	2678	2552	2563	2781	3078	3335	3530	3608	3565	3380	3174	2964	2743	2545	2330	2190	2075	
104	8897	60.0	60.0	31	1	1	2	980	1215	1777	2575	3507	4306	4691	4848	4682	4419	4190	3816	3475	3177	2842	2691	2558	2591	2786	3077	3361	3525	3582	3561	3408	3195	2974	2730	2520	2352	2195	2090	
104	8960	95.0	95.0	32	1	0	2	917	1045	1350	1692	2155	2569	2800	2930	2916	2819	2696	2534	2357	2209	2065	2032	1982	2080	2265	2505	2686	2875	2926	2867	2765	2668	2493	2340	2185	2051	1923	1828	
104	8977	95.0	95.0	32	1	0	2	910	1036	1332	1712	2142	2546	2817	2934	2912	2809	2673	2512	2339	2173	2040	1983	1984	2082	2229	2516	2696	2829	2909	2894	2725	2644	2477	2299	2162	2036	1913	1809	
104	9040	59.8	60.1	32	1	1	2	981	1218	1747	2581	3485	4319	4681	4859	4686	4447	4174	3802	3454	3180	2864	2666	2570	2564	2783	3067	3342	3542	3628	3545	3379	3194	2952	2782	2526	2328	2196	2059	
104	9057	60.0	60.0	32	1	1	2	1006	1207	1755	2582	3520	4373	4753	4928	4750	4485	4196	3861	3532	3204	2909	2704	2575	2613	2784	3081	3373	3575	3616	3566	3409	3215	2975	2792	2553	2355	2200	2081	
104	9075	59.9	60.0	32	1	1	2	987	1214	1766	2572	3519	4317	4768	4858	4738	4482	4191	3839	3521	3148	2868	2685	2557	2603	2769	3066	3354	3571	3640	3560	3392	3185	2984	2739	2549	2381	2177	2059	
104	9092	59.9	60.0	32	1	1	2	969	1219	1757	2563	3509	4312	4685	4908	4714	4463	4185	3823	3495	3156	2877	2705	2577	2593	2769	3067	3374	3559	3605	3536	3417	3206	2994	2726	2524	2343	2204	2057	
104	9109	60.0	60.0	32	1	1	2	971	1228	1754	2531	3520	4298	4671	4887	4681	4490	4139	3817	3420	3165	2836	2684	2571	2579	2772	3068	3338	3539	3592	3517	3400	3204	2964	2751	2542	2335	2189	2045	
104	9126	59.9	60.0	32	1	1	2	984	1208	1726	2581	3492	4282	4739	4864	4710	4469	4178	3800	3462	3151	2829	2664	2568	2582	2756	3069	3297	3536	3601	3568	3389	3186	2986	2728	2526	2350	2211	2076	
104	9144	59.9	60.0	32	1	1	2	982	1214	1734	2548	3495	4254	4726	4838	4695	4449	4140	3832	3473	3146	2856	2693	2572	2601	2774	3085	3326	3552	3620	3551	3388	3203	2973	2748	2468	2351	2212	2066	
104	9208	95.1	95.1	33	1	0	2	915	1044	1325	1726	2162	2568	2811	2964	2906	2824	2690	2515	2352	2184	2060	1994	1975	2067	2244	2527	2732	2871	2918	2881	2768	2648	2491	2320	2166	2037	1927	1844	
104	9225	95.0	95.0	33	1	0	2	941	1041	1320	1708	2145	2547	2795	2904	2875	2763	2658	2522	2356	2189	2032	1976	1969	2055	2257	2492	2722	2893	2871	2880	2793	2619	2473	2314	2156	2038	1929	1826	
104	9288	59.8	60.1	33	1	1	2	1014	1211	1736	2545	3520	4264	4702	4838	4693	4473	4178	3793	3486	3145	2851	2656	2549	2610	2776	3052	3336	3520	3578	3540	3356	3192	2969	2740	2535	2347	2176	2040	
104	9305	60.0	60.0	33	1	1	2	984	1223	1754	2585	3494	4357	4783	4897	4786	4462	4222	3858	3527	3174	2889	2701	2575	2635	2782	3100	3353	3545	3656	3571	3381	3210	3011	2752	2569	2330	2209	2055	
104	9323	60.0	60.0	33	1	1	2	975	1221	1746	2580	3531	4305	4746	4889	4717	4469	4159	3827	3486	3192	2854	2686	2560	2596	2787	3085	3374	3576	3621	3543	3374	3186	2972	2714	2536	2339	2203	2059	
104	9340	59.9	60.0	33	1	1	2	989	1225	1747	2583	3543	4362	4722	4876	4721	4491	4157	3869	3482	3172	2868	2683	2566	2598	2782	3078	3322	3548	3628	3522	3389	3225	2963	2767	2532	2328	2207	2071	
104	9357	60.0	60.0	33	1	1	2	997	1179	1762	2608	3509	4280	4722	4852	4710	4461	4140	3831	3469	3138	2867	2675	2578	2613	2791	3050	3344	3539	3593	3502	3362	3199	2932	2705	2541	2335	2186	2043	
104	9374	60.0	60.0	33	1	1	2	994	1206	1747	2575	3494	4340	4692	4899	4700	4448	4178	3835	3448	3183	2873	2678	2537	2580	2778	3078	3339	3520	3570	3515	3371	3177	3002	2740	2520	2335	2192	2057	
104	9392	59.9	60.0	33	1	1	2	987	1224	1804	2583	3551	4325	4733	4921	4714	4482	4161	3835	3480	3149	2884	2674	2543	2588	2773	3086	3370	3545	3617	3546	3408	3207	2969	2758	2522	2344	2198	2060	
104	9454	95.2	95.0	34	1	0	2	926	1042	1336	1708	2150	2580	2794	2973	2896	2801	2683	2556	2357	2207	2060	2002	1993	2088	2266	2536	2699	2868	2912	2890	2767	2648	2518	2341	2197	2038	1938	1831	
104	9471	95.0	95.0	34	1	0	2	926	1033	1306	1692	2169	2546	2744	2892	2883	2811	2670	2534	2333	2208	2039	2005	1988	2060	2284	2489	2717	2841	2900	2865	2760	2631	2463	2313	2171	2025	1919	1793	
104	9534	59.8	60.1	34	1	1	2	1002	1212	1751	2564	3499	4297	4664	4829	4657	4399	4165	3807	3452	3135	2853	2665	2536	2585	2769	3053	3351	3519	3609	3543	3368	3157	2950	2716	2519	2340	2181	2066	
104	9551	59.9	60.0	34	1	1	2	983	1215	1797	2567	3525	4353	4730	4892	4767	4511	4224	3848	3498	3184	2876	2699	2602	2607	2789	3092	3354	3528	3632	3577	3412	3209	2983	2772	2523	2368	2198	2057	
104	9569	60.0	60.0	34	1	1	2	1005	1211	1737	2551	3515	4288	4693	4872	4694	4442	4174	3777	3451	3161	2881	2667	2562	2589	2742	3055	3329	3491	3570	3499	3384	3172	2980	2749	2518	2335	2178	2056	
104	9586	59.9	60.0	34	1	1	2	1005	1215	1777	2577	3531	4302	4745	4861	4689	4481	4171	3815	3463	3148	2830	2698	2547	2590	2796	3047	3348	3556	3564	3544	3400	3208	2987	2744	2536	2304	2187	2058	
104	9603	59.9	60.0	34	1	1	2	963	1204	1751	2572	3517	4352	4694	4879	4712	4440	4188	3833	3472	3191	2884	2668	2561	2598	2809	3062	3333	3541	3603	3535	3413	3195	2971	2701	2534	2327	2219	2076	
104	9620	60.0	60.0	34	1	1	2	973	1217	1741	2554	3470	4260	4686	4846	4706	4410	4089	3787	3484	3175	2835	2655	2546	2571	2775	3043	3322	3514	3608	3517	3398	3201	2989	2747	2532	2320	2200	2073	
104	9638	60.0	60.0	34	1	1	2	1006	1203	1747	2546	3508	4243	4672	4812	4726	4410	4169	3830	3457	3120	2834	2688	2522	2600	2751	3079	3298	3518	3573	3530	3378	3167	2943	2715	2498	2335	2221	2062	
104	9700	95.0	95.0	35	1	0	2	938	1034	1327	1700	2154	2621	2815	2963	2898	2825	2687	2541	2335	2194	2051	2017	1963	2072	2257	2490	2715	2877	2899	2866	2768	2623	2498	2335	2188	2041	1912	1801	
104	9718	95.0	95.0	35	1	0	2	904	1057	1334	1695	2157	2585	2781	2876	2876	2798	2673	2503	2320	2189	2064	1995	1998	2057	2231	2466	2698	2854	2883	2893	2755	2642	2482	2312	2186	2053	1940	1815	
104	9780	59.8	60.1	35	1	1	2	976	1202	1751	2557	3481	4291	4663	4835	4673	4471	4133	3807	3445	3173	2875	2652	2565	2573	2764	3063	3336	3511	3634	3580	3388	3182	2952	2743	2528	2333	2209	2051	
104	9798	59.9	60.0	35	1	1	2	1004	1195	1755	2572	3543	4300	4720	4930	4749	4488	4154	3835	3477	3190	2889	2666	2569	2608	2795	3082	3388	3566	3595	3568	3420	3226	2984	2798	2517	2348	2182	2052	
104	9815	59.9	60.0	35	1	1	2	998	1197	1732	2556	3489	4290	4732	4860	4690	4431	4139	3829	3448	3129	2857	2670	2566	2611	2752	3058	3360	3502	3584	3530	3366	3174	2950	2718	2544	2324	2174	2048	
104	9832	59.9	60.0	35	1	1	2	993	1212	1734	2577	3473	4267	4711	4832	4693	4467	4112	3813	3481	3124	2850	2664	2533	2576	2768	3058	3323	3523	3582	3559	3371	3202	2956	2723	2515	2342	2228	2025	
104	9849	59.9	60.0	35	1	1	2	998	1200	1753	2556	3539	4274	4742	4840	4738	4433	4129	3804	3463	3162	2873	2703	2568	2588	2766	3072	3338	3534	3647	3531	3402	3189	2996	2738	2543	2352	2196	2070	
104	9867	60.0	60.0	35	1	1	2	993	1195	1758	2525	3493	4252	4690	4832	4685	4431	4172	3778	3458	3163	2859	2638	2530	2569	2749	3067	3322	3510	3583	3534	3384	3189	2968	2715	2492	2338	2215	2049	
104	9884	59.9	60.0	35	1	1	2	991	1238	1740	2565	3510	4293	4693	4818	4673	4435	4164	3790	3473	3096	2837	2671	2548	2549	2763	3069	3316	3519	3596	3515	3369	3197	2966	2744	2537	2330	2168	2062	
104	9946	95.3	95.0	36	1	0	2	925	1042	1328	1720	2151	2582	2814	2946	2926	2819	2712	2536	2363	2206	2079	2000	1991	2072	2233	2532	2733	2892	2924	2850	2753	2641	2472	2339	2174	2046	1943	1806	
104	9964	95.0	95.0	36	1	0	2	911	1021	1316	1709	2157	2563	2798	2945	2879	2808	2677	2505	2341	2166	2060	1996	1980	2079	2253	2495	2713	2850	2901	2872	2714	2628	2469	2313	2174	2038	1916	1831	
104	10027	59.8	60.1	36	1	1	2	995	1232	1758	2550	3489	4274	4714	4840	4719	4438	4157	3810	3464	3132	2879	2679	2543	2604	2780	3071	3365	3536	3611	3522	3373	3147	2980	2717	2535	2342	2211	2077	
104	10044	59.9	60.0	36	1	1	2	995	1199	1770	2581	3549	4358	4729	4918	4759	4498	4248	3880	3511	3169	2857	2700	2575	2591	2766	3085	3379	3548	3628	3585	3384	3185	2982	2755	2575	2349	2189	2052	
104	10061	59.9	60.0	36	1	1	2	1001	1215	1753	2584	3533	4327	4701	4887	4711	4456	4175	3803	3508	3152	2880	2684	2578	2595	2786	3061	3336	3531	3624	3532	3370	3197	2957	2733	2536	2353	2179	2031	
104	10078	59.9	60.0	36	1	1	2	993	1221	1775	2591	3522	4289	4681	4804	4674	4443	4144	3797	3473	3157	2849	2681	2543	2599	2755	3077	3332	3509	3583	3517	3375	3204	2975	2755	2500	2328	2166	2065	
104	10096	59.9	60.0	36	1	1	2	979	1224	1755	2556	3505	4298	4712	4830	4678	4448	4131	3784	3441	3158	2852	2677	2563	2607	2752	3053	3328	3514	3604	3519	3406	3194	2949	2760	2525	2354	2183	2086	
104	10113	60.0	60.0	36	1	1	2	987	1197	1775	2563	3506	4319	4730	4855	4689	4471	4121	3789	3466	3161	2884	2692	2571	2589	2747	3044	3350	3470	3595	3584	3417	3193	2974	2736	2528	2332	2192	2084	
104	10130	60.0	60.0	36	1	1	2	973	1216	1753	2541	3527	4302	4718	4857	4650	4415	4139	3825	3485	3132	2836	2663	2584	2594	2739	3083	3338	3503	3616	3532	3378	3205	2959	2732	2549	2329	2164	2051	
104	10192	95.2	95.0	37	1	0	2	912	1012	1324	1708	2172	2580	2810	2953	2904	2834	2709	2509	2347	2199	2066	1975	1979	2060	2230	2492	2701	2860	2898	2869	2759	2650	2489	2288	2169	2052	1947	1821	
104	10210	95.0	95.0	37	1	0	2	916	1023	1321	1725	2163	2566	2826	2938	2886	2750	2688	2532	2345	2182	2023	2029	1970	2049	2228	2514	2706	2863	2880	2854	2687	2648	2468	2319	2173	2055	1924	1829	
104	10273	59.8	60.1	37	1	1	2	1000	1207	1737	2541	3523	4273	4689	4848	4702	4439	4174	3801	3501	3167	2871	2703	2575	2601	2780	3059	3349	3560	3626	3550	3426	3186	2986	2762	2518	2360	2183	2086	
104	10290	59.9	60.0	37	1	1	2	991	1212	1748	2585	3566	4358	4744	4889	4764	4467	4205	3830	3520	3203	2894	2684	2619	2626	2769	3063	3373	3527	3656	3589	3408	3187	3012	2743	2553	2353	2217	2074	
104	10307	60.0	60.0	37	1	1	2	995	1220	1746	2566	3523	4305	4702	4921	4698	4462	4160	3810	3462	3149	2865	2702	2578	2592	2759	3060	3326	3570	3588	3525	3371	3214	2970	2743	2530	2387	2160	2061	
104	10324	59.9	60.0	37	1	1	2	993	1205	1773	2572	3519	4315	4734	4852	4734	4501	4167	3821	3463	3183	2904	2692	2567	2606	2783	3093	3358	3541	3586	3539	3407	3198	2972	2760	2558	2336	2199	2062	
104	10342	60.0	60.0	37	1	1	2	988	1221	1728	2577	3506	4287	4704	4862	4679	4442	4151	3800	3489	3154	2873	2666	2557	2581	2786	3051	3389	3516	3605	3538	3422	3177	2963	2734	2551	2339	2166	2068	
104	10359	59.9	60.0	37	1	1	2	979	1207	1777	2563	3549	4322	4710	4825	4712	4479	4142	3837	3466	3160	2884	2693	2541	2583	2766	3056	3312	3532	3572	3553	3392	3185	2978	2765	2501	2314	2149	2069	
104	10376	60.0	60.0	37	1	1	2	1009	1215	1760	2577	3498	4320	4698	4882	4708	4454	4205	3802	3502	3127	2855	2672	2579	2596	2757	3082	3328	3529	3641	3530	3399	3182	2977	2726	2520	2324	2214	2052	
104	10439	95.2	95.0	38	1	0	2	920	1041	1308	1702	2151	2576	2812	2935	2915	2810	2698	2523	2369	2186	2068	1984	1969	2037	2249	2503	2716	2846	2907	2889	2787	2644	2475	2321	2186	2043	1922	1816	
104	10456	95.0	95.0	38	1	0	2	918	1036	1295	1699	2132	2560	2797	2906	2908	2794	2687	2484	2325	2189	2036	2004	1967	2070	2234	2497	2704	2849	2902	2854	2775	2605	2474	2312	2177	2067	1920	1841	
104	10519	59.9	60.1	38	1	1	2	985	1229	1787	2561	3522	4323	4722	4871	4724	4462	4181	3823	3481	3170	2819	2655	2572	2610	2774	3081	3362	3523	3618	3554	3405	3207	2974	2755	2514	2333	2194	2067	
104	10536	60.0	60.0	38	1	1	2	980	1215	1778	2597	3560	4349	4725	4933	4743	4461	4176	3873	3499	3198	2907	2712	2569	2603	2762	3078	3355	3567	3646	3547	3408	3236	2993	2761	2544	2375	2237	2053	
104	10553	59.9	60.0	38	1	1	2	993	1216	1763	2586	3553	4336	4731	4857	4752	4480	4187	3852	3480	3208	2882	2702	2573	2587	2798	3060	3340	3562	3649	3524	3368	3196	2987	2733	2528	2337	2213	2066	
104	10570	59.9	60.0	38	1	1	2	983	1212	1757	2550	3505	4308	4712	4839	4709	4474	4151	3819	3463	3136	2865	2693	2544	2588	2753	3069	3366	3528	3577	3526	3368	3187	2975	2744	2537	2350	2167	2057	
104	10588	59.9	60.0	38	1	1	2	998	1211	1740	2558	3504	4296	4709	4811	4694	4422	4173	3835	3479	3164	2879	2692	2532	2595	2797	3075	3339	3521	3591	3538	3308	3197	2959	2763	2532	2332	2209	2048	
104	10605	60.0	60.0	38	1	1	2	978	1216	1756	2567	3510	4321	4749	4830	4704	4449	4188	3819	3490	3162	2881	2687	2560	2588	2793	3109	3320	3513	3585	3529	3340	3182	2985	2715	2536	2335	2182	2078	
104	10622	60.0	60.0	38	1	1	2	991	1213	1759	2533	3506	4252	4695	4788	4700	4413	4168	3794	3464	3136	2874	2662	2557	2577	2759	3060	3300	3533	3614	3502	3386	3207	2989	2714	2509	2319	2188	2046	
104	10687	95.1	95.1	39	1	0	2	930	1028	1330	1699	2152	2574	2829	2933	2912	2847	2696	2512	2357	2202	2062	2006	1977	2084	2231	2490	2749	2861	2907	2861	2772	2612	2487	2324	2178	2069	1930	1840	
104	10704	95.0	95.0	39	1	0	2	920	1028	1307	1684	2143	2593	2806	2932	2898	2791	2669	2507	2337	2180	2053	2017	1979	2068	2258	2492	2740	2870	2895	2863	2767	2641	2470	2327	2171	2053	1914	1827	
104	10765	59.8	60.2	39	1	1	2	994	1231	1744	2573	3483	4302	4701	4819	4690	4458	4133	3847	3470	3178	2875	2676	2544	2605	2773	3050	3346	3538	3609	3550	3371	3166	3000	2737	2541	2346	2178	2068	
104	10782	59.9	60.0	39	1	1	2	1002	1200	1724	2567	3519	4307	4802	4906	4762	4461	4164	3870	3528	3180	2884	2722	2574	2612	2796	3104	3360	3557	3604	3563	3401	3215	3000	2736	2552	2358	2215	2074	
104	10799	60.0	60.0	39	1	1	2	996	1195	1763	2580	3524	4342	4774	4865	4772	4484	4183	3833	3479	3179	2899	2686	2569	2603	2776	3084	3355	3575	3610	3549	3364	3242	3000	2744	2562	2348	2200	2045	
104	10816	60.0	60.0	39	1	1	2	999	1206	1765	2574	3495	4307	4685	4855	4731	4413	4158	3818	3493	3166	2854	2695	2566	2570	2761	3077	3326	3527	3624	3565	3375	3190	2938	2749	2516	2345	2193	2051	
104	10834	59.9	60.0	39	1	1	2	1001	1219	1762	2576	3478	4279	4690	4882	4673	4435	4169	3806	3421	3148	2861	2658	2564	2600	2727	3074	3321	3520	3583	3531	3361	3189	2944	2779	2515	2333	2166	2036	
104	10851	60.0	60.0	39	1	1	2	996	1206	1730	2561	3517	4270	4682	4824	4713	4431	4170	3833	3463	3164	2869	2668	2553	2606	2763	3056	3307	3540	3600	3538	3375	3176	2982	2733	2492	2341	2198	2066	
104	10868	59.9	60.0	39	1	1	2	999	1221	1761	2569	3510	4310	4731	4876	4697	4481	4161	3799	3469	3157	2867	2671	2543	2582	2756	3083	3330	3514	3581	3518	3366	3185	2956	2748	2517	2369	2186	2059	
104	10933	95.1	95.1	40	1	0	2	923	1028	1323	1704	2150	2579	2814	2947	2901	2801	2693	2548	2344	2212	2048	1990	1989	2067	2218	2522	2714	2847	2913	2862	2752	2649	2527	2338	2178	2045	1934	1871	
104	10950	95.0	95.0	40	1	0	2	926	1000	1325	1699	2136	2572	2785	2914	2871	2819	2655	2528	2345	2192	2054	1993	1957	2070	2241	2487	2730	2837	2893	2855	2758	2604	2467	2329	2162	2020	1896	1816	
104	11013	59.8	60.1	40	1	1	2	1006	1222	1786	2564	3516	4317	4722	4896	4731	4456	4170	3842	3457	3171	2871	2717	2572	2577	2759	3065	3350	3534	3633	3553	3411	3190	2973	2724	2549	2363	2221	2077	
104	11030	59.9	60.0	40	1	1	2	1009	1239	1801	2599	3558	4336	4777	4972	4797	4526	4231	3841	3493	3204	2872	2709	2599	2600	2786	3082	3365	3563	3643	3574	3392	3226	3002	2786	2537	2365	2173	2060	
104	11047	59.9	60.0	40	1	1	2	996	1226	1751	2616	3570	4378	4768	4889	4792	4515	4179	3860	3510	3205	2851	2708	2593	2632	2773	3124	3337	3577	3638	3565	3390	3213	2952	2797	2546	2389	2214	2090	
104	11065	60.0	60.0	40	1	1	2	1000	1208	1756	2573	3546	4355	4737	4885	4718	4473	4188	3823	3488	3173	2859	2673	2572	2606	2802	3080	3337	3552	3600	3538	3401	3208	2962	2729	2504	2329	2172	2059	
104	11082	59.9	60.0	40	1	1	2	979	1219	1750	2561	3522	4296	4714	4836	4735	4462	4204	3820	3458	3199	2832	2668	2565	2589	2788	3060	3321	3502	3614	3514	3387	3190	2980	2745	2503	2348	2190	2049	
104	11099	60.0	60.0	40	1	1	2	1003	1212	1787	2562	3507	4351	4705	4841	4691	4464	4196	3832	3493	3173	2854	2711	2576	2584	2780	3090	3319	3549	3572	3531	3388	3196	2954	2743	2570	2318	2189	2078	
104	11116	60.0	60.0	40	1	1	2	978	1204	1777	2569	3479	4337	4698	4872	4721	4443	4193	3850	3513	3144	2876	2714	2546	2586	2771	3061	3340	3540	3612	3537	3397	3187	2962	2738	2549	2321	2202	2088	
