Well	Time (1/2 s)	Block Temp	Sample Temp	Repetition	PCR Stage	Extension	Scale	B1	B2	B3	B4	B5	B6	B7	B8	B9	B10	B11	B12	B13	B14	B15	B16	B17	B18	B19	B20	B21	B22	B23	B24	B25	B26	B27	B28	B29	B30	B31	B32
56	105	95.1	95.1	1	0	0	2	938	1090	1407	1829	2282	2748	3000	3134	3108	2995	2844	2686	2473	2282	2208	2083	2086	2204	2437	2671	2869	3040	3136	3076	2969	2835	2627	2519	2332	2174	2054	1943	
56	123	95.0	95.0	1	0	0	2	940	1077	1374	1836	2318	2735	2991	3096	3076	2988	2846	2652	2479	2312	2179	2108	2091	2204	2420	2654	2905	3008	3107	3044	2937	2791	2635	2455	2301	2160	2080	1951	
56	140	95.0	95.0	1	0	0	2	933	1086	1386	1799	2311	2732	2970	3079	3058	2967	2840	2620	2448	2284	2181	2097	2072	2197	2401	2623	2882	3049	3078	3027	2927	2817	2647	2483	2332	2181	2060	1934	
56	157	95.0	95.0	1	0	0	2	929	1091	1397	1828	2269	2744	2957	3074	3083	2955	2794	2622	2491	2276	2137	2089	2096	2188	2400	2653	2857	3002	3084	3050	2925	2825	2617	2461	2322	2171	2053	1954	
56	174	95.0	95.0	1	0	0	2	948	1085	1363	1812	2287	2701	2968	3061	3048	2922	2813	2629	2469	2277	2171	2066	2076	2197	2388	2620	2856	3026	3077	3014	2935	2811	2607	2472	2311	2173	2046	1952	
56	192	95.0	95.0	1	0	0	2	937	1099	1398	1796	2288	2688	2951	3084	3068	2972	2807	2636	2485	2299	2148	2091	2082	2198	2393	2651	2883	3038	3100	3029	2910	2794	2635	2478	2278	2175	2056	1930	
56	209	94.9	95.0	1	0	0	2	935	1077	1389	1798	2287	2713	2968	3052	3036	2928	2819	2649	2447	2293	2152	2064	2076	2197	2388	2656	2874	3000	3081	3023	2920	2786	2630	2478	2300	2185	2040	1933	
56	226	95.0	95.0	1	0	0	2	924	1087	1371	1805	2295	2709	2936	3034	3057	2946	2849	2618	2462	2298	2145	2077	2100	2190	2410	2626	2880	3044	3061	3042	2920	2793	2635	2458	2279	2184	2049	1963	
56	243	95.0	95.0	1	0	0	2	933	1085	1369	1798	2288	2719	2960	3074	3018	2958	2836	2612	2435	2277	2158	2062	2087	2197	2390	2639	2894	3020	3078	3037	2938	2796	2624	2452	2317	2205	2044	1952	
56	261	94.9	95.0	1	0	0	2	937	1108	1398	1796	2272	2697	3009	3057	3035	2943	2793	2612	2423	2276	2163	2064	2080	2202	2373	2627	2825	3035	3074	3025	2908	2800	2619	2499	2308	2172	2036	1942	
56	278	95.0	95.0	1	0	0	2	939	1088	1367	1795	2275	2686	2994	3054	3053	2915	2810	2621	2436	2285	2129	2074	2065	2188	2376	2634	2865	3024	3055	3071	2929	2788	2641	2484	2281	2190	2063	1946	
56	295	94.9	95.0	1	0	0	2	937	1094	1401	1797	2302	2717	2945	3065	3046	2963	2803	2596	2455	2312	2163	2082	2094	2185	2392	2661	2844	3032	3085	2971	2904	2819	2613	2463	2294	2165	2041	1962	
56	312	95.0	95.0	1	0	0	2	935	1111	1378	1805	2261	2698	3007	3077	3064	2952	2822	2629	2453	2287	2174	2065	2080	2177	2390	2620	2875	3019	3075	3016	2932	2790	2593	2434	2274	2148	2070	1934	
56	330	95.0	95.0	1	0	0	2	950	1068	1380	1805	2281	2702	2964	3063	3040	2939	2795	2632	2440	2284	2157	2062	2091	2180	2389	2620	2867	3016	3108	3034	2909	2838	2610	2459	2281	2160	2041	1939	
56	347	95.0	95.0	1	0	0	2	935	1086	1387	1816	2286	2707	2904	3027	3072	2962	2792	2621	2454	2274	2162	2101	2074	2180	2393	2618	2834	3005	3102	3078	2924	2809	2617	2430	2302	2174	2050	1928	
56	364	95.0	95.0	1	0	0	2	963	1084	1377	1813	2278	2695	2949	3053	3048	2943	2781	2622	2455	2270	2153	2111	2076	2193	2401	2632	2817	3026	3071	3040	2903	2806	2598	2472	2280	2140	2053	1935	
56	381	95.0	95.0	1	0	0	2	915	1081	1385	1810	2273	2711	2968	3060	3052	2953	2805	2612	2466	2273	2168	2083	2099	2211	2394	2644	2883	3008	3046	3022	2906	2821	2599	2476	2331	2159	2028	1937	
56	399	95.0	95.0	1	0	0	2	944	1080	1395	1776	2271	2714	2936	3031	3036	2942	2816	2604	2433	2272	2136	2085	2092	2203	2405	2632	2865	3044	3070	3030	2947	2794	2611	2470	2318	2171	2048	1956	
56	416	94.9	95.0	1	0	0	2	931	1084	1391	1774	2317	2702	2933	3049	3040	2948	2792	2624	2462	2277	2168	2082	2053	2168	2377	2609	2885	2989	3088	2998	2925	2808	2610	2436	2307	2192	2052	1942	
56	433	95.0	95.0	1	0	0	2	920	1082	1365	1771	2276	2667	2942	3070	3017	2923	2804	2645	2435	2297	2142	2071	2098	2165	2382	2633	2863	3029	3074	3000	2898	2800	2623	2458	2297	2173	2061	1939	
56	450	95.0	95.0	1	0	0	2	935	1091	1382	1808	2279	2722	2925	3068	3023	2948	2808	2622	2436	2262	2143	2070	2099	2185	2370	2598	2870	3016	3068	3049	2844	2805	2635	2459	2284	2169	2069	1911	
56	468	95.0	95.0	1	0	0	2	942	1070	1382	1785	2281	2684	2978	3060	3035	2925	2822	2632	2425	2288	2166	2069	2087	2197	2390	2616	2855	3031	3057	3023	2917	2791	2594	2453	2285	2166	2060	1912	
56	485	94.9	95.0	1	0	0	2	943	1068	1357	1777	2292	2695	2953	3067	3031	2953	2827	2611	2432	2320	2142	2094	2076	2186	2377	2579	2866	3011	3068	3018	2917	2782	2629	2480	2316	2181	2041	1937	
56	502	94.9	95.0	1	0	0	2	945	1080	1380	1795	2266	2700	2926	3037	3052	2917	2818	2612	2472	2298	2152	2088	2083	2198	2377	2640	2828	3001	3069	3032	2884	2783	2598	2466	2313	2173	2055	1927	
56	519	95.0	95.0	1	0	0	2	942	1089	1369	1780	2305	2699	2969	3049	3079	2948	2812	2640	2429	2281	2158	2055	2085	2201	2393	2604	2796	2989	3067	3025	2907	2789	2622	2448	2289	2176	2050	1917	
56	537	94.9	95.0	1	0	0	2	946	1075	1382	1803	2286	2699	2947	3045	3003	2961	2829	2611	2442	2274	2147	2058	2069	2167	2422	2620	2846	3031	3075	3039	2894	2805	2641	2445	2314	2179	2041	1945	
56	554	94.9	95.0	1	0	0	2	956	1073	1358	1821	2289	2698	2931	3075	3041	2924	2817	2630	2462	2283	2190	2077	2089	2199	2389	2621	2852	3031	3095	3017	2905	2797	2605	2478	2306	2167	2048	1945	
56	571	95.0	95.0	1	0	0	2	947	1080	1383	1795	2268	2708	2934	3061	3089	2940	2794	2628	2473	2281	2189	2081	2082	2190	2390	2630	2867	3008	3085	3076	2873	2818	2655	2466	2292	2179	2031	1924	
56	588	94.9	95.0	1	0	0	2	925	1091	1384	1800	2276	2697	2983	3081	3069	2953	2826	2631	2490	2279	2148	2084	2044	2191	2388	2625	2843	3018	3084	3032	2935	2789	2617	2514	2262	2168	2037	1946	
56	606	95.0	95.0	1	0	0	2	941	1073	1358	1787	2279	2736	2915	3045	3051	2920	2820	2617	2475	2276	2136	2107	2089	2175	2387	2615	2845	2999	3027	3038	2919	2800	2619	2454	2310	2186	2058	1916	
56	623	95.0	95.0	1	0	0	2	939	1077	1362	1773	2292	2676	2980	3051	3069	2933	2813	2628	2457	2311	2153	2052	2086	2189	2389	2610	2866	3018	3052	3016	2915	2797	2615	2477	2284	2158	2025	1940	
56	640	95.0	95.0	1	0	0	2	927	1091	1367	1808	2258	2681	2928	3049	3038	2947	2809	2639	2440	2292	2149	2079	2058	2173	2379	2625	2848	3009	3063	3040	2923	2778	2601	2468	2317	2157	2043	1945	
56	657	95.0	95.0	1	0	0	2	946	1075	1372	1814	2301	2698	2943	3078	3056	2937	2808	2614	2436	2309	2190	2073	2080	2182	2398	2597	2858	3009	3060	3016	2911	2758	2642	2477	2279	2174	2043	1954	
56	675	95.0	95.0	1	0	0	2	942	1090	1357	1810	2284	2706	2959	3074	3038	2937	2838	2610	2467	2298	2136	2089	2090	2206	2390	2639	2854	2991	3080	3028	2923	2768	2599	2471	2288	2167	2056	1914	
56	692	95.0	95.0	1	0	0	2	942	1069	1373	1811	2297	2709	2962	3056	3065	2912	2805	2643	2463	2288	2145	2129	2040	2190	2374	2638	2864	3007	3065	3012	2936	2806	2614	2448	2291	2177	2056	1928	
56	709	95.0	95.0	1	0	0	2	940	1084	1388	1790	2277	2721	2968	3078	3041	2972	2823	2625	2442	2288	2137	2088	2086	2207	2416	2650	2865	3035	3063	3011	2929	2793	2606	2491	2276	2192	2046	1948	
56	726	95.0	95.0	1	0	0	2	940	1079	1369	1791	2290	2705	2974	3067	3060	2939	2823	2620	2465	2336	2163	2083	2099	2189	2412	2638	2849	3032	3093	3037	2931	2791	2641	2495	2270	2174	2064	1958	
56	743	95.0	95.0	1	0	0	2	951	1085	1379	1796	2300	2717	2951	3083	3059	2941	2838	2639	2491	2286	2162	2066	2099	2213	2381	2622	2838	3010	3090	3026	2933	2829	2616	2471	2303	2195	2063	1941	
56	761	94.9	95.0	1	0	0	2	952	1087	1398	1800	2270	2703	2960	3077	3058	2941	2802	2645	2458	2309	2131	2084	2109	2189	2374	2627	2874	3019	3064	3014	2930	2803	2629	2460	2296	2178	2054	1960	
56	778	95.0	95.0	1	0	0	2	946	1098	1389	1800	2284	2716	2947	3060	3058	2939	2833	2619	2471	2287	2160	2084	2115	2198	2412	2617	2847	3007	3079	3019	2896	2799	2606	2469	2333	2180	2063	1931	
56	795	95.0	95.0	1	0	0	2	932	1085	1380	1783	2285	2735	2952	3059	3045	2947	2835	2626	2481	2296	2157	2107	2062	2180	2405	2636	2852	3009	3083	3015	2944	2801	2614	2436	2295	2155	2058	1938	
56	812	95.0	95.0	1	0	0	2	958	1046	1367	1800	2291	2682	2963	3054	3058	2944	2817	2622	2447	2270	2149	2074	2095	2204	2374	2624	2850	3035	3069	3029	2896	2819	2649	2454	2308	2164	2052	1952	
56	830	95.0	95.0	1	0	0	2	930	1081	1358	1817	2307	2725	2994	3093	3086	2940	2832	2650	2473	2299	2162	2068	2090	2190	2389	2624	2846	3003	3066	3031	2914	2796	2638	2453	2270	2170	2090	1945	
56	847	94.9	95.0	1	0	0	2	936	1091	1366	1808	2285	2716	2980	3098	3044	2977	2825	2630	2487	2326	2169	2110	2077	2195	2402	2632	2841	3018	3086	3028	2942	2816	2625	2449	2314	2166	2057	1950	
56	864	95.0	95.0	1	0	0	2	960	1068	1362	1794	2287	2739	2999	3081	3094	2974	2818	2636	2485	2300	2178	2094	2092	2170	2385	2619	2874	3051	3067	3050	2948	2773	2631	2468	2308	2208	2037	1942	
56	881	95.0	95.0	1	0	0	2	932	1109	1374	1813	2271	2731	3006	3069	3050	2973	2841	2644	2451	2288	2164	2099	2072	2194	2360	2646	2852	3038	3096	3001	2914	2781	2604	2446	2319	2177	2062	1949	
56	899	95.0	95.0	1	0	0	2	931	1085	1379	1803	2271	2712	2975	3104	3073	2941	2788	2629	2458	2299	2162	2093	2109	2179	2401	2617	2884	2991	3098	3024	2908	2794	2621	2459	2292	2174	2068	1934	
56	916	95.0	95.0	1	0	0	2	941	1074	1380	1813	2307	2734	2967	3072	3059	2976	2813	2634	2470	2327	2161	2076	2064	2188	2379	2639	2857	3066	3073	3034	2940	2797	2602	2445	2298	2197	2056	1942	
56	933	95.0	95.0	1	0	0	2	948	1079	1388	1796	2283	2720	2961	3094	3036	2960	2812	2621	2485	2297	2169	2081	2112	2196	2397	2609	2842	2998	3085	3013	2908	2775	2601	2444	2301	2163	2055	1945	
56	950	95.0	95.0	1	0	0	2	937	1086	1387	1804	2304	2698	3005	3070	3075	2973	2837	2628	2487	2312	2203	2094	2108	2171	2407	2637	2863	3025	3064	3048	2944	2786	2611	2464	2291	2180	2062	1930	
56	968	95.0	95.0	1	0	0	2	936	1076	1371	1789	2303	2723	2962	3082	3076	2959	2845	2669	2505	2294	2174	2103	2091	2195	2388	2612	2871	3024	3074	3037	2900	2798	2648	2468	2308	2168	2045	1952	
56	985	95.0	95.0	1	0	0	2	949	1078	1375	1811	2294	2710	2988	3101	3069	2948	2845	2633	2473	2292	2164	2093	2086	2198	2396	2638	2866	3026	3082	3035	2891	2792	2612	2449	2321	2154	2058	1919	
56	1002	95.0	95.0	1	0	0	2	927	1133	1376	1820	2294	2717	2999	3101	3065	2968	2797	2649	2494	2312	2179	2100	2113	2215	2405	2615	2849	3014	3076	3051	2913	2798	2588	2459	2313	2188	2059	1953	
56	1019	94.9	95.0	1	0	0	2	923	1081	1393	1804	2299	2717	2998	3059	3055	2970	2838	2638	2484	2304	2173	2078	2084	2204	2393	2587	2876	3044	3106	3046	2918	2788	2645	2449	2324	2166	2068	1956	
56	1037	94.9	95.0	1	0	0	2	943	1077	1383	1819	2295	2693	2956	3077	3068	2962	2801	2638	2436	2282	2162	2092	2073	2169	2393	2627	2870	3033	3081	3062	2912	2780	2599	2456	2310	2181	2060	1957	
56	1054	95.0	95.0	1	0	0	2	943	1093	1355	1823	2292	2694	2975	3101	3072	2952	2825	2635	2459	2304	2167	2084	2092	2206	2377	2616	2852	3002	3063	3037	2941	2804	2628	2474	2296	2166	2041	1931	
56	1071	95.0	95.0	1	0	0	2	933	1073	1394	1792	2292	2734	2955	3089	3039	2974	2811	2641	2469	2314	2151	2106	2098	2193	2405	2606	2895	3022	3099	3049	2890	2776	2629	2472	2304	2187	2047	1928	
56	1088	94.9	95.0	1	0	0	2	926	1091	1372	1804	2315	2706	2984	3073	3048	2981	2836	2642	2466	2320	2189	2089	2114	2202	2385	2664	2837	3040	3056	3013	2917	2784	2615	2469	2299	2169	2080	1935	
56	1106	95.0	95.0	1	0	0	2	942	1114	1377	1798	2281	2729	2948	3079	3068	2954	2841	2645	2489	2300	2184	2110	2089	2183	2385	2639	2865	3019	3073	3018	2895	2812	2660	2511	2308	2197	2045	1929	
56	1123	94.9	95.0	1	0	0	2	940	1080	1353	1802	2293	2720	2938	3057	3080	2957	2824	2668	2443	2324	2171	2049	2073	2199	2401	2638	2884	3009	3061	3053	2900	2779	2625	2501	2311	2151	2050	1901	
56	1140	95.0	95.0	1	0	0	2	940	1088	1394	1839	2299	2747	2944	3067	3036	2979	2860	2617	2470	2310	2154	2100	2100	2189	2418	2634	2852	3012	3074	3002	2904	2822	2623	2485	2325	2175	2050	1935	
56	1157	95.0	95.0	1	0	0	2	923	1085	1390	1805	2288	2733	3020	3075	3074	2969	2833	2656	2474	2281	2198	2118	2094	2222	2421	2643	2862	3034	3088	3029	2912	2796	2601	2488	2343	2169	2078	1950	
56	1175	95.0	95.0	1	0	0	2	953	1070	1366	1822	2315	2727	2979	3102	3098	2959	2818	2652	2454	2282	2180	2100	2109	2193	2390	2613	2840	3005	3093	3038	2904	2809	2619	2454	2334	2176	2052	1949	
56	1192	95.0	95.0	1	0	0	2	939	1086	1395	1806	2279	2727	2984	3081	3098	2976	2838	2640	2443	2265	2174	2102	2097	2207	2424	2630	2846	3047	3086	3060	2910	2810	2613	2472	2338	2173	2053	1967	
56	1209	94.9	95.0	1	0	0	2	949	1093	1370	1810	2332	2713	2949	3073	3082	2970	2838	2652	2488	2306	2168	2106	2084	2182	2377	2647	2858	3008	3061	3032	2948	2818	2632	2490	2319	2182	2039	1939	
56	1226	95.0	95.0	1	0	0	2	938	1080	1370	1830	2296	2759	2965	3091	3086	2967	2824	2630	2484	2293	2171	2108	2084	2180	2371	2623	2883	3014	3051	3030	2892	2769	2624	2457	2292	2162	2059	1959	
56	1244	95.0	95.0	1	0	0	2	942	1078	1380	1816	2288	2724	2955	3075	3056	2974	2862	2639	2469	2283	2199	2129	2105	2186	2378	2631	2863	3022	3091	3028	2922	2774	2658	2467	2301	2175	2033	1941	
56	1261	95.0	95.0	1	0	0	2	939	1080	1377	1823	2304	2749	2994	3059	3055	3013	2835	2643	2464	2306	2150	2084	2065	2194	2386	2641	2858	2995	3072	3009	2923	2815	2623	2481	2292	2166	2041	1961	
56	1278	95.0	95.0	1	0	0	2	941	1081	1398	1814	2298	2723	2989	3093	3043	2931	2866	2640	2498	2303	2162	2057	2079	2196	2398	2635	2827	3022	3063	3040	2895	2795	2623	2480	2321	2188	2065	1935	
56	1295	95.0	95.0	1	0	0	2	939	1094	1357	1795	2314	2758	2950	3094	3079	2939	2836	2653	2497	2314	2150	2100	2116	2204	2367	2630	2870	3041	3082	3025	2921	2764	2626	2463	2313	2166	2028	1934	
56	1324	95.0	95.0	1	1	0	2	941	1079	1369	1812	2290	2735	2935	3078	3069	2945	2802	2651	2444	2291	2168	2083	2094	2187	2400	2608	2856	3039	3054	3006	2894	2774	2613	2491	2303	2157	2046	1946	
56	1388	59.9	60.2	1	1	1	2	1027	1319	1968	2862	3893	4674	5114	5248	5141	4838	4450	4047	3733	3406	3097	2849	2742	2749	2963	3283	3554	3753	3869	3755	3623	3428	3182	2924	2694	2511	2358	2230	
56	1405	59.9	60.0	1	1	1	2	1033	1332	1937	2800	3846	4648	5067	5215	5078	4760	4495	4034	3713	3346	3039	2832	2735	2782	2966	3225	3549	3726	3803	3765	3576	3420	3122	2920	2704	2498	2350	2191	
56	1423	59.9	60.0	1	1	1	2	1056	1333	1940	2842	3845	4678	5087	5197	5063	4765	4455	4083	3719	3347	3081	2825	2744	2799	2969	3239	3513	3736	3816	3741	3592	3425	3148	2902	2689	2498	2332	2189	
56	1440	59.9	60.0	1	1	1	2	1029	1329	1936	2831	3858	4650	5106	5230	5054	4812	4485	4059	3719	3352	3016	2840	2713	2782	2946	3241	3511	3734	3827	3730	3594	3414	3135	2934	2698	2540	2348	2192	
56	1457	60.0	60.0	1	1	1	2	1044	1326	1962	2860	3860	4642	5087	5223	5052	4783	4430	4062	3711	3325	3070	2841	2749	2775	2945	3220	3518	3744	3777	3719	3554	3403	3157	2911	2706	2480	2361	2212	
56	1474	59.9	60.0	1	1	1	2	1045	1338	1939	2836	3851	4671	5100	5169	5059	4768	4425	4083	3687	3364	3087	2846	2731	2744	2935	3288	3555	3742	3788	3740	3588	3408	3115	2903	2700	2518	2325	2188	
56	1492	60.0	60.0	1	1	1	2	1023	1332	1945	2821	3815	4680	5021	5161	5015	4751	4438	4049	3708	3339	3050	2828	2739	2782	2924	3210	3483	3773	3809	3736	3540	3381	3145	2927	2699	2531	2344	2159	
56	1554	95.2	95.0	2	1	0	2	932	1056	1372	1809	2248	2684	2963	3049	3008	2891	2768	2574	2433	2268	2140	2054	2057	2150	2314	2579	2795	2970	2961	2990	2867	2751	2564	2420	2254	2130	1986	1912	
56	1571	95.0	95.0	2	1	0	2	933	1074	1365	1788	2266	2679	2907	3006	2993	2911	2764	2589	2432	2245	2129	2059	2031	2149	2307	2568	2784	2941	2998	2936	2839	2737	2569	2400	2246	2117	2003	1881	
56	1632	59.8	60.2	2	1	1	2	1023	1323	1925	2790	3719	4519	4901	5093	4899	4655	4330	3971	3645	3285	2991	2754	2667	2719	2896	3193	3435	3666	3721	3679	3506	3345	3070	2838	2668	2488	2298	2159	
56	1649	60.0	60.0	2	1	1	2	1022	1326	1916	2809	3760	4511	4979	5108	4953	4625	4376	3986	3640	3308	3009	2787	2685	2695	2894	3204	3449	3638	3739	3706	3518	3361	3059	2859	2632	2460	2311	2155	
56	1667	59.9	60.0	2	1	1	2	1023	1293	1943	2806	3743	4589	4941	5072	4947	4680	4375	4007	3631	3273	3030	2773	2684	2713	2936	3153	3475	3652	3708	3675	3534	3361	3108	2867	2660	2452	2288	2174	
56	1684	60.0	60.0	2	1	1	2	1037	1304	1908	2793	3787	4585	4981	5075	4960	4687	4365	3968	3652	3292	2999	2786	2655	2735	2908	3188	3467	3688	3777	3681	3509	3341	3130	2861	2649	2491	2319	2184	
56	1701	59.9	60.0	2	1	1	2	1017	1315	1955	2801	3787	4553	4962	5085	4969	4649	4345	4013	3582	3309	3005	2811	2686	2718	2925	3211	3464	3668	3716	3712	3541	3368	3112	2894	2640	2481	2339	2164	
56	1718	59.9	60.0	2	1	1	2	1029	1317	1910	2795	3756	4521	5007	5124	4980	4681	4355	4000	3630	3315	2970	2811	2673	2746	2895	3207	3409	3649	3730	3705	3487	3319	3075	2878	2658	2455	2281	2199	
56	1736	60.0	60.0	2	1	1	2	1017	1315	1924	2780	3794	4559	4991	5122	4923	4692	4396	3987	3649	3311	3013	2797	2683	2734	2870	3164	3425	3686	3748	3711	3536	3344	3114	2873	2661	2438	2288	2169	
56	1798	95.0	95.0	3	1	0	2	923	1053	1379	1785	2282	2659	2930	2998	3021	2903	2796	2612	2447	2273	2135	2045	2049	2169	2336	2577	2788	2918	2974	2943	2883	2722	2534	2404	2265	2111	2002	1899	
56	1816	95.0	95.0	3	1	0	2	924	1090	1353	1766	2268	2639	2900	2977	3006	2877	2755	2578	2397	2261	2088	2045	2053	2134	2322	2602	2787	2892	2989	2931	2832	2731	2550	2413	2259	2116	2016	1893	
56	1876	59.8	60.2	3	1	1	2	1033	1315	1891	2754	3741	4511	4936	4975	4885	4606	4345	3901	3591	3245	2986	2746	2657	2686	2865	3164	3369	3639	3707	3642	3496	3345	3084	2850	2602	2443	2289	2146	
56	1894	59.9	60.0	3	1	1	2	1020	1301	1910	2778	3720	4483	4881	5011	4879	4571	4314	3925	3604	3234	2990	2728	2644	2662	2884	3146	3408	3652	3707	3642	3479	3274	3060	2871	2659	2446	2280	2142	
56	1911	60.0	60.0	3	1	1	2	1027	1300	1920	2797	3734	4501	4918	4997	4895	4552	4336	3949	3594	3286	2954	2788	2659	2712	2874	3107	3422	3635	3693	3644	3498	3355	3097	2822	2624	2416	2287	2132	
56	1928	59.9	60.0	3	1	1	2	1028	1308	1918	2787	3719	4490	4891	4945	4862	4576	4267	3933	3633	3275	3008	2782	2667	2668	2876	3131	3431	3638	3714	3651	3475	3323	3094	2872	2616	2437	2290	2154	
56	1945	59.9	60.0	3	1	1	2	1026	1320	1898	2772	3696	4544	4934	5030	4829	4596	4306	3937	3597	3257	3000	2749	2680	2669	2873	3157	3449	3632	3698	3637	3485	3323	3037	2835	2616	2451	2286	2121	
56	1963	60.0	60.0	3	1	1	2	1031	1323	1903	2789	3725	4490	4895	4984	4892	4594	4306	3911	3608	3240	2978	2772	2652	2716	2859	3139	3425	3631	3670	3652	3443	3318	3078	2843	2613	2424	2299	2115	
56	1980	60.0	60.0	3	1	1	2	1013	1358	1925	2766	3742	4543	4911	5028	4877	4635	4278	3936	3618	3258	2985	2769	2646	2695	2906	3145	3431	3625	3707	3662	3460	3309	3078	2843	2621	2455	2303	2152	
56	2044	95.0	95.1	4	1	0	2	947	1080	1348	1778	2263	2677	2923	3020	2993	2923	2806	2605	2424	2235	2135	2022	2028	2141	2336	2552	2768	2928	3017	2978	2818	2706	2535	2420	2212	2117	2007	1895	
56	2062	95.0	95.0	4	1	0	2	933	1068	1351	1810	2234	2655	2904	3001	2991	2926	2754	2558	2412	2243	2124	2053	2054	2105	2321	2552	2757	2908	2966	2925	2847	2704	2541	2395	2243	2108	1995	1906	
56	2125	59.8	60.1	4	1	1	2	1031	1322	1891	2757	3685	4468	4912	4972	4873	4578	4298	3934	3585	3241	2967	2751	2637	2661	2854	3132	3396	3627	3705	3649	3500	3293	3070	2821	2602	2433	2276	2163	
56	2142	59.9	60.0	4	1	1	2	1030	1302	1878	2733	3667	4491	4848	4939	4838	4530	4253	3918	3603	3218	2939	2754	2667	2664	2872	3116	3399	3622	3712	3601	3455	3288	3020	2833	2621	2432	2274	2154	
56	2159	59.9	60.0	4	1	1	2	1018	1304	1878	2767	3685	4477	4899	5017	4881	4585	4297	3949	3571	3233	2936	2753	2650	2674	2857	3142	3460	3613	3667	3616	3499	3294	3052	2815	2655	2438	2268	2137	
56	2176	59.9	60.0	4	1	1	2	1026	1310	1915	2758	3727	4480	4921	5047	4887	4597	4285	3968	3599	3239	3000	2781	2659	2693	2867	3145	3446	3661	3730	3648	3459	3312	3053	2855	2655	2449	2289	2145	
56	2194	59.9	60.0	4	1	1	2	1040	1309	1917	2776	3724	4554	4920	4997	4938	4615	4392	3996	3592	3271	2976	2766	2673	2698	2870	3116	3423	3644	3725	3621	3466	3286	3053	2821	2651	2453	2266	2149	
56	2211	60.0	60.0	4	1	1	2	1031	1336	1915	2751	3724	4521	4904	5049	4892	4647	4299	3950	3623	3270	2999	2749	2693	2685	2885	3122	3417	3662	3712	3612	3440	3302	3076	2821	2624	2434	2265	2133	
56	2228	60.0	60.0	4	1	1	2	998	1323	1916	2784	3731	4528	4935	5006	4904	4603	4360	3928	3587	3271	2991	2784	2643	2714	2863	3180	3436	3627	3692	3643	3496	3304	3070	2823	2644	2451	2293	2167	
56	2290	95.2	95.0	5	1	0	2	919	1059	1351	1786	2254	2688	2942	3033	2954	2896	2773	2562	2413	2237	2128	2048	2040	2097	2300	2569	2772	2897	2967	2932	2816	2715	2533	2400	2246	2103	1992	1901	
56	2308	95.0	95.0	5	1	0	2	940	1080	1368	1764	2243	2630	2910	2968	2983	2859	2721	2606	2416	2245	2102	2036	2004	2123	2280	2547	2737	2912	2930	2923	2813	2720	2508	2378	2251	2094	1997	1911	
56	2371	59.7	60.1	5	1	1	2	1017	1303	1885	2728	3683	4444	4904	4944	4844	4569	4252	3923	3557	3240	2957	2727	2657	2670	2864	3113	3383	3588	3675	3603	3446	3270	3032	2864	2604	2449	2271	2133	
56	2388	59.9	60.0	5	1	1	2	1020	1297	1895	2738	3702	4459	4910	4992	4882	4580	4300	3932	3561	3243	2981	2770	2636	2660	2878	3138	3405	3590	3652	3671	3457	3285	3046	2827	2637	2410	2294	2138	
56	2405	60.0	60.0	5	1	1	2	1030	1332	1893	2748	3730	4498	4930	5033	4877	4587	4262	3926	3579	3259	2949	2751	2674	2692	2871	3154	3431	3628	3699	3646	3483	3319	3043	2845	2616	2436	2279	2148	
56	2422	60.0	60.0	5	1	1	2	1035	1326	1920	2761	3695	4472	4911	4984	4894	4583	4315	3945	3562	3265	2952	2747	2639	2686	2827	3126	3367	3616	3689	3658	3448	3282	3047	2823	2593	2423	2299	2135	
56	2440	60.0	60.0	5	1	1	2	1026	1320	1909	2774	3709	4480	4919	4986	4871	4632	4302	3927	3616	3246	2984	2747	2637	2667	2856	3118	3406	3608	3676	3641	3477	3316	3047	2872	2589	2426	2260	2142	
56	2457	59.9	60.0	5	1	1	2	1015	1314	1908	2789	3701	4486	4909	5006	4879	4603	4320	3920	3607	3236	3016	2756	2648	2707	2874	3135	3407	3620	3695	3610	3469	3269	3052	2838	2601	2444	2281	2162	
56	2474	60.0	60.0	5	1	1	2	1023	1321	1910	2760	3734	4486	4890	5003	4890	4620	4297	3958	3618	3251	2989	2767	2636	2670	2833	3112	3435	3599	3660	3656	3484	3310	3024	2826	2584	2424	2309	2123	
56	2539	95.1	95.1	6	1	0	2	930	1072	1336	1776	2256	2654	2884	2989	2969	2868	2758	2560	2416	2266	2121	2031	2013	2102	2298	2517	2749	2947	2956	2935	2804	2674	2501	2368	2248	2095	1980	1886	
56	2556	95.0	95.0	6	1	0	2	935	1072	1348	1767	2214	2588	2872	2956	2964	2857	2742	2531	2389	2200	2085	2013	2034	2106	2286	2527	2724	2897	2915	2906	2795	2689	2504	2368	2227	2089	1976	1907	
56	2619	59.7	60.1	6	1	1	2	1014	1304	1897	2740	3644	4412	4867	4939	4839	4539	4255	3908	3593	3192	2943	2710	2630	2660	2838	3096	3412	3582	3678	3588	3459	3264	3021	2815	2600	2435	2270	2123	
56	2636	60.0	60.0	6	1	1	2	1026	1316	1899	2738	3682	4412	4857	4921	4849	4555	4260	3894	3562	3201	2954	2715	2642	2635	2843	3118	3372	3577	3641	3578	3427	3248	2978	2819	2604	2400	2264	2115	
56	2653	60.0	60.0	6	1	1	2	1009	1314	1918	2716	3707	4482	4817	5006	4860	4582	4280	3908	3567	3197	2941	2752	2631	2648	2873	3149	3358	3623	3664	3583	3455	3260	3066	2812	2579	2423	2262	2129	
56	2670	60.0	60.0	6	1	1	2	1025	1313	1898	2770	3694	4475	4877	4987	4903	4556	4293	3891	3595	3230	2971	2745	2666	2693	2858	3108	3376	3584	3635	3577	3433	3227	3035	2811	2597	2437	2281	2144	
56	2688	60.0	60.0	6	1	1	2	1014	1309	1876	2743	3662	4484	4890	4966	4859	4593	4273	3927	3560	3274	2955	2722	2633	2655	2837	3118	3375	3592	3660	3580	3440	3272	3065	2763	2601	2409	2261	2126	
56	2705	59.9	60.0	6	1	1	2	1032	1302	1931	2742	3693	4492	4850	4983	4843	4596	4273	3930	3578	3240	2918	2742	2634	2686	2850	3127	3400	3568	3622	3614	3425	3278	3026	2768	2619	2409	2273	2140	
56	2722	60.0	60.0	6	1	1	2	1036	1302	1894	2758	3715	4466	4888	4995	4867	4606	4287	3905	3578	3240	2939	2730	2611	2669	2852	3128	3398	3594	3673	3597	3464	3291	3010	2808	2612	2454	2267	2133	
56	2787	95.0	95.1	7	1	0	2	939	1076	1369	1768	2247	2629	2863	2968	2972	2872	2717	2543	2383	2219	2108	2036	2021	2111	2304	2537	2716	2864	2932	2900	2788	2665	2508	2344	2209	2090	1990	1894	
56	2804	95.0	95.0	7	1	0	2	934	1090	1356	1765	2232	2609	2857	2969	2954	2857	2722	2552	2380	2191	2087	2021	2008	2099	2291	2529	2719	2851	2933	2899	2769	2670	2502	2359	2205	2080	1958	1867	
56	2867	59.8	60.1	7	1	1	2	1019	1301	1892	2711	3687	4406	4848	4944	4863	4516	4250	3833	3550	3210	2931	2728	2646	2668	2830	3122	3388	3535	3637	3569	3396	3232	3004	2794	2575	2398	2248	2102	
56	2884	60.0	60.0	7	1	1	2	1019	1308	1884	2739	3677	4441	4874	4974	4846	4576	4289	3910	3544	3186	2942	2719	2616	2638	2847	3123	3384	3563	3645	3610	3449	3256	3007	2799	2640	2421	2243	2143	
56	2901	59.9	60.0	7	1	1	2	1042	1283	1883	2720	3700	4440	4838	4943	4876	4554	4259	3864	3556	3180	2930	2733	2607	2639	2810	3099	3352	3578	3655	3572	3439	3246	3030	2801	2623	2416	2299	2111	
56	2918	59.9	60.0	7	1	1	2	1019	1314	1896	2759	3693	4434	4897	4965	4808	4584	4267	3919	3598	3221	2966	2718	2621	2602	2836	3108	3349	3583	3646	3606	3429	3280	3050	2805	2611	2428	2237	2133	
56	2936	60.0	60.0	7	1	1	2	1012	1271	1904	2762	3705	4461	4904	4979	4860	4598	4250	3916	3579	3240	2947	2738	2644	2653	2852	3090	3370	3586	3652	3625	3436	3298	3000	2813	2591	2402	2272	2109	
56	2953	60.0	60.0	7	1	1	2	1020	1293	1893	2751	3689	4488	4842	4950	4816	4564	4289	3882	3568	3231	2936	2698	2617	2660	2793	3096	3366	3579	3647	3591	3404	3264	3022	2789	2576	2422	2271	2131	
56	2970	60.0	60.0	7	1	1	2	1029	1295	1896	2712	3661	4401	4877	4954	4857	4577	4270	3886	3592	3241	2937	2730	2616	2663	2827	3100	3372	3572	3634	3571	3415	3253	3057	2806	2596	2386	2266	2101	
56	3035	95.1	95.1	8	1	0	2	929	1069	1350	1805	2242	2606	2851	2997	2975	2849	2715	2577	2387	2227	2135	2000	2012	2096	2305	2524	2734	2873	2941	2897	2736	2678	2504	2359	2235	2068	1977	1878	
56	3052	95.0	95.0	8	1	0	2	922	1059	1339	1761	2212	2597	2874	2962	2933	2848	2719	2542	2371	2198	2084	1998	2012	2115	2276	2527	2713	2853	2912	2890	2746	2643	2469	2340	2195	2069	1965	1850	
56	3115	59.8	60.1	8	1	1	2	1014	1290	1886	2766	3669	4411	4833	4940	4747	4489	4221	3870	3521	3233	2957	2700	2613	2663	2807	3047	3335	3565	3631	3554	3395	3262	3008	2814	2602	2388	2270	2112	
56	3132	59.9	60.0	8	1	1	2	1017	1291	1884	2744	3639	4386	4803	4936	4789	4528	4248	3865	3524	3205	2920	2724	2613	2643	2812	3077	3390	3551	3607	3555	3425	3231	3014	2767	2578	2400	2242	2094	
56	3149	60.0	60.0	8	1	1	2	1026	1294	1881	2726	3649	4414	4837	4922	4824	4552	4244	3809	3554	3206	2946	2729	2622	2640	2844	3081	3314	3547	3591	3589	3412	3264	2967	2782	2574	2401	2234	2119	
56	3167	60.0	60.0	8	1	1	2	1015	1283	1901	2725	3629	4405	4794	4931	4777	4541	4256	3868	3552	3176	2932	2773	2615	2644	2813	3065	3351	3543	3639	3555	3413	3267	3010	2809	2584	2400	2247	2125	
56	3184	60.0	60.0	8	1	1	2	1005	1312	1881	2712	3663	4427	4872	4962	4788	4558	4231	3888	3536	3217	2976	2698	2622	2653	2824	3080	3378	3562	3619	3584	3430	3239	2996	2803	2599	2401	2255	2113	
56	3201	60.0	60.0	8	1	1	2	1018	1289	1880	2743	3676	4445	4838	4913	4800	4569	4225	3867	3504	3195	2938	2691	2586	2640	2787	3077	3351	3551	3624	3585	3402	3262	2965	2784	2584	2379	2251	2113	
56	3218	60.0	60.0	8	1	1	2	1024	1302	1893	2738	3698	4410	4841	4916	4797	4537	4215	3850	3525	3227	2933	2720	2613	2662	2823	3048	3362	3511	3630	3566	3408	3239	3012	2769	2547	2382	2245	2113	
56	3281	95.0	95.0	9	1	0	2	931	1071	1361	1746	2232	2624	2861	2944	2966	2873	2711	2477	2385	2191	2068	2001	2017	2104	2292	2510	2693	2879	2908	2868	2775	2644	2501	2348	2204	2101	1961	1879	
56	3298	95.0	95.0	9	1	0	2	936	1059	1360	1734	2193	2587	2864	2956	2913	2838	2696	2523	2368	2188	2024	1977	1997	2096	2276	2471	2707	2840	2894	2839	2745	2652	2455	2341	2194	2065	1966	1850	
56	3361	59.9	60.1	9	1	1	2	1007	1284	1874	2708	3615	4406	4792	4914	4764	4506	4191	3853	3505	3180	2914	2674	2589	2620	2779	3062	3316	3536	3591	3558	3362	3206	2984	2770	2561	2354	2236	2081	
56	3378	60.0	60.0	9	1	1	2	1023	1287	1890	2685	3611	4378	4808	4861	4740	4513	4214	3822	3512	3185	2893	2705	2593	2589	2783	3058	3294	3530	3607	3505	3388	3216	2966	2741	2550	2362	2225	2100	
56	3395	60.0	60.0	9	1	1	2	1019	1299	1886	2677	3645	4363	4804	4881	4764	4517	4246	3817	3505	3172	2881	2673	2588	2644	2811	3088	3328	3525	3594	3550	3408	3237	2978	2751	2543	2360	2239	2114	
56	3413	60.0	60.0	9	1	1	2	1011	1271	1886	2697	3652	4470	4809	4876	4806	4500	4267	3837	3529	3165	2917	2711	2622	2630	2769	3090	3322	3535	3616	3534	3385	3247	2979	2771	2568	2396	2254	2115	
56	3430	60.0	60.0	9	1	1	2	1024	1286	1893	2700	3704	4399	4859	4874	4794	4482	4206	3840	3547	3178	2924	2701	2585	2636	2792	3063	3338	3561	3596	3572	3382	3231	2965	2789	2547	2386	2265	2094	
56	3447	60.0	60.0	9	1	1	2	1001	1282	1875	2704	3601	4378	4860	4905	4765	4522	4206	3857	3544	3175	2900	2689	2604	2622	2809	3047	3365	3516	3637	3531	3389	3255	2987	2764	2580	2388	2236	2126	
56	3464	60.0	60.0	9	1	1	2	1018	1306	1864	2691	3617	4371	4775	4880	4744	4512	4230	3837	3506	3150	2874	2679	2602	2614	2786	3069	3321	3534	3588	3536	3386	3211	2999	2741	2559	2393	2224	2108	
56	3529	95.1	95.1	10	1	0	2	911	1070	1357	1738	2217	2595	2843	2924	2913	2805	2724	2532	2366	2207	2069	1983	2008	2092	2245	2477	2690	2818	2909	2855	2738	2609	2467	2314	2194	2055	1981	1844	
56	3546	95.0	95.0	10	1	0	2	937	1065	1336	1724	2209	2568	2812	2924	2894	2790	2677	2505	2335	2179	2050	2001	1996	2083	2280	2449	2678	2854	2877	2846	2757	2624	2468	2310	2169	2068	1942	1829	
56	3609	59.8	60.1	10	1	1	2	1014	1291	1875	2683	3603	4348	4775	4840	4709	4479	4199	3804	3486	3154	2872	2669	2585	2614	2801	3030	3284	3534	3609	3515	3359	3187	2979	2729	2554	2386	2222	2088	
56	3626	59.9	60.0	10	1	1	2	1018	1264	1864	2686	3607	4372	4810	4867	4774	4458	4164	3838	3508	3188	2877	2685	2618	2610	2790	3072	3326	3510	3592	3517	3391	3236	2994	2718	2548	2378	2215	2108	
56	3644	60.0	60.0	10	1	1	2	1017	1275	1913	2700	3616	4360	4755	4851	4743	4469	4178	3837	3505	3153	2917	2662	2545	2630	2789	3041	3294	3511	3590	3512	3373	3195	2955	2751	2564	2362	2225	2057	
56	3661	59.9	60.0	10	1	1	2	1020	1293	1875	2695	3617	4371	4771	4849	4735	4453	4223	3816	3486	3160	2895	2693	2556	2617	2787	3043	3324	3500	3599	3505	3358	3205	2952	2772	2532	2364	2233	2079	
56	3678	60.0	60.0	10	1	1	2	1019	1298	1868	2684	3597	4352	4813	4913	4745	4472	4229	3864	3515	3172	2912	2685	2592	2631	2772	3055	3307	3560	3552	3496	3368	3217	2968	2750	2551	2361	2210	2105	
56	3695	60.0	60.0	10	1	1	2	1013	1300	1884	2687	3598	4382	4781	4863	4717	4497	4193	3833	3490	3170	2914	2670	2566	2606	2793	3024	3296	3541	3564	3475	3364	3216	2981	2746	2541	2356	2224	2093	
56	3713	59.9	60.0	10	1	1	2	1014	1277	1879	2697	3610	4385	4775	4821	4755	4510	4159	3800	3458	3134	2912	2677	2573	2591	2775	3077	3291	3528	3555	3488	3372	3199	2938	2763	2543	2385	2239	2068	
56	3777	95.1	95.1	11	1	0	2	927	1073	1350	1750	2190	2609	2837	2934	2901	2824	2692	2508	2378	2210	2065	2017	1987	2062	2257	2476	2689	2803	2904	2838	2758	2634	2465	2350	2192	2057	1945	1841	
56	3794	95.0	95.0	11	1	0	2	942	1077	1327	1740	2176	2596	2814	2923	2885	2836	2683	2513	2337	2200	2060	1981	1990	2057	2272	2454	2669	2816	2861	2837	2744	2623	2453	2324	2158	2040	1955	1843	
56	3857	59.8	60.1	11	1	1	2	1014	1299	1836	2673	3568	4279	4731	4794	4708	4415	4172	3781	3475	3141	2877	2670	2586	2592	2773	3001	3331	3455	3584	3495	3337	3189	2988	2740	2553	2372	2239	2101	
56	3874	59.9	60.0	11	1	1	2	1033	1262	1841	2664	3588	4341	4744	4825	4692	4396	4170	3782	3474	3111	2894	2689	2574	2603	2759	3046	3312	3480	3559	3462	3348	3186	2971	2727	2539	2355	2205	2077	
56	3892	59.9	60.0	11	1	1	2	1003	1279	1832	2692	3571	4351	4759	4832	4709	4448	4138	3812	3493	3161	2911	2694	2598	2607	2784	3047	3286	3497	3548	3466	3374	3178	2950	2738	2529	2350	2189	2112	
56	3909	60.0	60.0	11	1	1	2	1011	1300	1869	2687	3641	4341	4748	4869	4764	4486	4150	3812	3504	3154	2916	2684	2592	2586	2773	3018	3306	3486	3571	3506	3351	3198	2961	2747	2532	2367	2212	2094	
56	3926	60.0	60.0	11	1	1	2	1023	1292	1865	2666	3596	4382	4736	4909	4737	4474	4177	3823	3491	3161	2891	2671	2574	2606	2793	3026	3306	3524	3532	3505	3356	3201	2952	2752	2549	2379	2212	2097	
56	3943	60.0	60.0	11	1	1	2	1009	1293	1847	2688	3644	4346	4778	4818	4750	4472	4148	3824	3445	3152	2858	2687	2564	2641	2757	3052	3278	3457	3566	3492	3341	3191	2866	2750	2528	2376	2247	2057	
56	3961	60.0	60.0	11	1	1	2	1014	1297	1874	2688	3584	4325	4727	4876	4748	4468	4163	3820	3477	3160	2894	2666	2571	2604	2774	3034	3314	3495	3559	3509	3366	3197	2961	2776	2542	2362	2219	2066	
56	4023	95.1	95.0	12	1	0	2	931	1051	1345	1744	2193	2611	2835	2919	2948	2807	2691	2512	2379	2207	2038	1989	1991	2091	2249	2438	2660	2817	2860	2832	2771	2625	2444	2301	2186	2043	1945	1860	
56	4040	95.0	95.0	12	1	0	2	941	1041	1332	1741	2220	2544	2810	2933	2899	2779	2656	2493	2355	2169	2041	1978	1949	2081	2248	2454	2658	2819	2886	2820	2713	2626	2424	2312	2168	2037	1951	1842	
56	4103	59.8	60.1	12	1	1	2	1024	1265	1866	2684	3547	4300	4698	4816	4690	4432	4122	3830	3460	3101	2860	2648	2567	2586	2752	3006	3297	3472	3587	3501	3332	3192	2933	2751	2543	2355	2218	2099	
56	4120	59.9	60.0	12	1	1	2	1004	1264	1866	2676	3570	4310	4710	4850	4709	4436	4149	3781	3458	3153	2865	2660	2562	2610	2752	3026	3286	3513	3562	3494	3339	3188	2934	2714	2545	2365	2224	2070	
56	4138	60.0	60.0	12	1	1	2	1008	1282	1882	2666	3581	4345	4751	4835	4728	4431	4155	3775	3432	3154	2910	2665	2575	2580	2789	3023	3287	3448	3581	3487	3377	3146	2964	2716	2548	2375	2228	2075	
56	4155	60.0	60.0	12	1	1	2	1008	1276	1863	2688	3621	4385	4746	4836	4753	4450	4145	3807	3510	3165	2857	2672	2557	2587	2808	3031	3312	3447	3583	3497	3315	3186	2971	2758	2555	2368	2224	2072	
56	4172	59.9	60.0	12	1	1	2	1010	1285	1862	2686	3612	4354	4712	4808	4712	4472	4158	3819	3466	3136	2866	2669	2572	2587	2794	3019	3276	3473	3525	3484	3348	3178	2975	2728	2510	2341	2235	2084	
56	4189	60.0	60.0	12	1	1	2	1016	1279	1863	2666	3561	4357	4743	4806	4700	4475	4146	3817	3466	3156	2885	2663	2553	2611	2774	3018	3308	3481	3569	3518	3344	3194	2964	2755	2534	2377	2217	2080	
56	4207	60.0	60.0	12	1	1	2	1016	1282	1872	2726	3608	4290	4720	4801	4731	4448	4189	3797	3496	3134	2880	2657	2562	2648	2748	3012	3290	3477	3528	3471	3322	3188	2931	2758	2520	2360	2225	2066	
56	4268	95.2	95.0	13	1	0	2	916	1045	1338	1720	2209	2606	2814	2913	2888	2808	2669	2528	2363	2186	2059	1983	1969	2076	2255	2464	2671	2838	2870	2841	2713	2614	2459	2300	2182	2065	1941	1820	
56	4286	95.0	95.0	13	1	0	2	925	1048	1340	1726	2190	2566	2783	2902	2890	2774	2637	2479	2315	2198	2005	1961	1966	2068	2236	2468	2652	2805	2830	2797	2708	2620	2450	2309	2143	2043	1950	1849	
56	4348	59.7	60.2	13	1	1	2	1009	1277	1843	2659	3574	4277	4672	4783	4692	4389	4137	3787	3476	3102	2844	2636	2548	2607	2778	3019	3296	3470	3530	3521	3307	3184	2940	2730	2539	2346	2190	2099	
56	4366	59.9	60.0	13	1	1	2	1010	1270	1859	2648	3605	4317	4727	4795	4690	4487	4118	3802	3464	3099	2861	2657	2553	2604	2761	3016	3275	3497	3535	3475	3355	3177	2928	2770	2526	2344	2211	2098	
56	4383	59.9	60.0	13	1	1	2	999	1283	1850	2680	3572	4290	4734	4811	4706	4427	4124	3758	3462	3165	2857	2657	2555	2585	2777	3014	3252	3479	3570	3504	3348	3157	2923	2743	2515	2390	2225	2076	
56	4400	60.0	60.0	13	1	1	2	1028	1282	1860	2680	3582	4334	4731	4891	4687	4472	4167	3799	3480	3138	2864	2655	2561	2614	2773	3043	3264	3539	3560	3478	3338	3188	2934	2753	2549	2347	2226	2060	
56	4417	60.0	60.0	13	1	1	2	1008	1286	1859	2646	3599	4380	4731	4879	4725	4475	4134	3783	3457	3159	2880	2642	2526	2615	2783	3033	3282	3455	3534	3494	3369	3166	2931	2728	2522	2352	2250	2063	
56	4435	60.0	60.0	13	1	1	2	1003	1256	1871	2680	3610	4337	4754	4795	4732	4428	4181	3843	3472	3124	2889	2672	2558	2616	2762	3014	3291	3478	3556	3460	3366	3165	2932	2722	2537	2352	2183	2088	
56	4452	60.0	60.0	13	1	1	2	1008	1278	1857	2677	3583	4310	4715	4796	4718	4439	4173	3800	3466	3136	2870	2641	2542	2572	2764	2993	3295	3466	3557	3502	3339	3204	2938	2750	2516	2364	2191	2065	
56	4514	95.2	95.0	14	1	0	2	922	1053	1326	1736	2182	2558	2857	2893	2901	2786	2693	2492	2333	2171	2042	1976	1985	2069	2256	2470	2673	2822	2892	2824	2735	2604	2464	2282	2166	2053	1953	1849	
56	4532	95.0	95.0	14	1	0	2	905	1052	1337	1734	2191	2573	2780	2941	2910	2785	2676	2486	2331	2166	2069	1981	1960	2072	2209	2448	2643	2824	2864	2806	2700	2598	2444	2312	2170	2029	1944	1824	
56	4594	59.8	60.2	14	1	1	2	1011	1280	1862	2656	3557	4293	4692	4815	4691	4424	4110	3760	3462	3140	2833	2665	2562	2547	2766	2980	3282	3488	3575	3507	3340	3213	2926	2713	2508	2347	2201	2066	
56	4612	59.9	60.0	14	1	1	2	1005	1284	1866	2629	3566	4277	4682	4773	4672	4408	4154	3758	3466	3127	2839	2643	2538	2573	2785	3013	3288	3466	3521	3470	3316	3163	2905	2751	2505	2357	2212	2062	
56	4629	60.0	60.0	14	1	1	2	1000	1288	1880	2647	3539	4327	4710	4858	4711	4460	4164	3787	3446	3144	2870	2655	2586	2598	2764	3042	3275	3501	3576	3467	3331	3170	2931	2741	2521	2372	2197	2095	
56	4646	60.0	60.0	14	1	1	2	1010	1292	1917	2679	3590	4334	4734	4802	4671	4451	4166	3798	3477	3153	2871	2666	2543	2601	2776	3014	3309	3475	3541	3503	3349	3175	2946	2688	2521	2346	2212	2082	
56	4663	60.0	60.0	14	1	1	2	1023	1284	1877	2679	3614	4356	4729	4840	4684	4446	4124	3761	3489	3164	2895	2669	2580	2576	2761	3031	3257	3456	3540	3488	3344	3170	2950	2741	2489	2373	2180	2077	
56	4681	60.0	60.0	14	1	1	2	1017	1274	1844	2658	3544	4324	4707	4830	4728	4444	4133	3778	3457	3116	2870	2660	2559	2590	2761	3017	3261	3467	3504	3470	3346	3109	2917	2699	2541	2355	2193	2069	
56	4698	60.0	60.0	14	1	1	2	1028	1285	1853	2669	3589	4346	4698	4815	4679	4446	4130	3734	3438	3129	2854	2672	2509	2581	2761	3030	3280	3469	3560	3482	3312	3146	2930	2688	2538	2360	2181	2057	
56	4763	95.1	95.1	15	1	0	2	914	1060	1345	1723	2170	2573	2817	2916	2899	2794	2670	2476	2335	2168	2048	1973	1967	2046	2218	2448	2654	2802	2834	2800	2744	2591	2449	2279	2136	2025	1917	1815	
56	4780	95.0	95.0	15	1	0	2	914	1060	1370	1717	2164	2561	2792	2893	2864	2767	2654	2466	2331	2182	2029	1989	1948	2064	2252	2457	2640	2793	2838	2782	2716	2600	2442	2292	2174	2044	1939	1825	
56	4843	59.8	60.1	15	1	1	2	1015	1263	1867	2682	3541	4281	4651	4782	4645	4422	4112	3781	3471	3123	2846	2633	2525	2590	2761	3011	3237	3452	3493	3473	3300	3174	2936	2692	2534	2344	2196	2068	
56	4860	59.9	60.0	15	1	1	2	1019	1278	1849	2637	3516	4243	4667	4752	4640	4393	4100	3736	3428	3084	2844	2617	2529	2573	2766	2971	3236	3407	3507	3458	3291	3152	2910	2717	2491	2322	2171	2072	
56	4877	59.9	60.0	15	1	1	2	1014	1262	1837	2640	3528	4328	4685	4782	4684	4378	4106	3787	3447	3124	2847	2660	2520	2581	2731	3019	3240	3449	3546	3484	3368	3135	2953	2721	2496	2321	2189	2047	
56	4894	60.0	60.0	15	1	1	2	989	1324	1848	2679	3579	4326	4726	4824	4697	4432	4130	3765	3474	3153	2853	2643	2557	2596	2765	3032	3258	3449	3524	3472	3358	3168	2925	2734	2530	2342	2218	2064	
56	4912	60.0	60.0	15	1	1	2	995	1281	1867	2693	3564	4337	4669	4826	4680	4490	4156	3799	3452	3113	2846	2669	2546	2576	2754	2978	3284	3454	3546	3474	3326	3162	2873	2731	2525	2344	2209	2082	
56	4929	59.9	60.0	15	1	1	2	1005	1279	1832	2673	3561	4295	4697	4791	4694	4384	4126	3767	3440	3148	2889	2634	2534	2584	2733	3002	3249	3465	3515	3452	3313	3158	2924	2724	2550	2327	2172	2070	
56	4946	60.0	60.0	15	1	1	2	1013	1273	1842	2641	3574	4272	4679	4757	4703	4403	4109	3768	3440	3145	2822	2651	2526	2569	2726	2989	3294	3419	3497	3487	3327	3158	2940	2687	2492	2358	2210	2068	
56	5011	95.0	95.1	16	1	0	2	916	1027	1335	1743	2186	2562	2808	2863	2872	2797	2693	2485	2320	2176	2068	1957	1947	2058	2200	2452	2645	2805	2854	2783	2691	2571	2437	2296	2141	2038	1928	1830	
56	5028	95.0	95.0	16	1	0	2	930	1057	1335	1695	2154	2531	2794	2894	2870	2755	2663	2475	2314	2149	2021	1964	1943	2043	2224	2426	2624	2766	2828	2765	2671	2591	2497	2264	2145	2026	1915	1828	
56	5091	59.8	60.1	16	1	1	2	1006	1274	1842	2652	3529	4244	4621	4741	4569	4320	4069	3734	3433	3110	2840	2630	2516	2564	2754	2988	3230	3433	3484	3428	3265	3144	2934	2686	2513	2316	2178	2045	
56	5108	60.0	60.0	16	1	1	2	1011	1267	1847	2656	3524	4222	4664	4770	4666	4381	4112	3737	3411	3082	2843	2641	2529	2573	2720	2992	3236	3428	3515	3428	3298	3145	2924	2736	2485	2337	2193	2042	
56	5125	60.0	60.0	16	1	1	2	1001	1279	1835	2648	3544	4303	4673	4779	4644	4403	4122	3738	3428	3090	2853	2642	2564	2561	2741	3000	3256	3446	3467	3443	3322	3144	2934	2701	2506	2331	2208	2085	
56	5142	59.9	60.0	16	1	1	2	1015	1288	1877	2681	3557	4334	4705	4812	4685	4434	4164	3773	3446	3128	2857	2671	2513	2543	2812	3013	3237	3443	3522	3477	3342	3185	2910	2706	2529	2350	2191	2044	
56	5160	60.0	60.0	16	1	1	2	1012	1268	1874	2664	3568	4336	4711	4785	4666	4428	4189	3769	3477	3124	2888	2646	2549	2574	2760	3008	3279	3450	3543	3466	3332	3166	2942	2706	2500	2354	2196	2074	
56	5177	59.9	60.0	16	1	1	2	1009	1278	1839	2663	3588	4301	4680	4800	4641	4397	4145	3774	3438	3134	2835	2640	2530	2565	2724	3034	3269	3436	3520	3500	3331	3144	2901	2734	2511	2348	2177	2065	
56	5194	60.0	60.0	16	1	1	2	1030	1267	1840	2670	3530	4281	4696	4771	4682	4408	4107	3771	3424	3079	2852	2659	2506	2599	2740	2987	3223	3431	3528	3444	3284	3133	2913	2723	2506	2332	2174	2085	
56	5257	95.0	95.0	17	1	0	2	923	1066	1342	1748	2171	2558	2774	2894	2881	2794	2657	2451	2323	2173	2065	1984	1975	2063	2235	2449	2637	2797	2846	2804	2703	2593	2398	2276	2145	2045	1936	1825	
56	5274	95.0	95.0	17	1	0	2	898	1063	1313	1737	2157	2548	2788	2860	2882	2761	2675	2469	2345	2160	2058	1942	1974	2048	2200	2410	2672	2825	2841	2762	2709	2594	2420	2301	2137	2005	1917	1834	
56	5337	59.7	60.1	17	1	1	2	1005	1261	1832	2627	3508	4187	4643	4725	4600	4336	4065	3720	3395	3109	2841	2640	2524	2566	2739	2963	3223	3414	3518	3435	3297	3129	2896	2737	2503	2339	2193	2050	
56	5354	60.0	60.0	17	1	1	2	1000	1288	1840	2631	3500	4230	4693	4788	4645	4342	4120	3729	3439	3073	2858	2611	2538	2560	2715	2974	3224	3446	3511	3443	3293	3137	2916	2712	2500	2325	2188	2072	
56	5371	59.9	60.0	17	1	1	2	1003	1279	1879	2646	3548	4313	4692	4773	4644	4392	4136	3763	3416	3124	2850	2636	2535	2578	2743	2990	3278	3472	3531	3431	3297	3191	2900	2725	2514	2331	2217	2058	
56	5388	60.0	60.0	17	1	1	2	1005	1288	1853	2651	3534	4283	4679	4795	4663	4422	4132	3784	3462	3121	2865	2632	2542	2584	2752	3000	3270	3472	3520	3460	3321	3190	2917	2721	2492	2329	2168	2078	
56	5406	60.0	60.0	17	1	1	2	1005	1263	1851	2674	3573	4305	4745	4820	4701	4426	4117	3770	3463	3158	2861	2666	2548	2599	2754	3022	3266	3466	3518	3480	3326	3168	2920	2723	2528	2364	2210	2074	
56	5423	60.0	60.0	17	1	1	2	1027	1286	1854	2664	3537	4282	4676	4760	4619	4364	4088	3773	3427	3101	2825	2633	2558	2569	2736	2978	3245	3416	3477	3451	3320	3168	2893	2692	2514	2341	2194	2076	
56	5440	60.0	60.0	17	1	1	2	1010	1293	1822	2629	3584	4294	4696	4765	4605	4421	4108	3744	3440	3083	2859	2634	2524	2581	2725	3038	3235	3416	3523	3441	3327	3160	2915	2695	2494	2341	2179	2076	
56	5505	95.0	95.1	18	1	0	2	925	1040	1338	1730	2153	2581	2776	2893	2867	2783	2648	2465	2332	2168	2062	1958	1974	2030	2226	2437	2634	2797	2856	2785	2712	2584	2418	2296	2144	2040	1912	1788	
56	5522	95.0	95.0	18	1	0	2	941	1072	1310	1713	2164	2515	2757	2872	2846	2755	2625	2454	2283	2178	2032	1949	1951	2062	2220	2435	2638	2810	2827	2789	2699	2569	2412	2275	2131	2056	1892	1809	
56	5585	59.8	60.1	18	1	1	2	1000	1266	1818	2631	3516	4273	4582	4746	4649	4378	4060	3708	3409	3077	2813	2608	2522	2552	2728	2981	3208	3456	3462	3417	3299	3083	2884	2697	2512	2349	2164	2064	
56	5602	59.9	60.0	18	1	1	2	1011	1281	1841	2634	3528	4274	4680	4733	4628	4391	4100	3760	3420	3117	2822	2651	2541	2568	2723	2991	3221	3440	3518	3446	3300	3125	2879	2694	2504	2352	2164	2071	
56	5619	60.0	60.0	18	1	1	2	1010	1293	1832	2647	3521	4270	4644	4795	4654	4365	4107	3743	3455	3093	2800	2636	2553	2557	2751	2997	3234	3425	3500	3490	3337	3155	2924	2698	2520	2325	2205	2054	
56	5636	60.0	60.0	18	1	1	2	990	1282	1823	2679	3558	4327	4694	4804	4678	4433	4159	3748	3423	3128	2837	2619	2536	2606	2756	3017	3287	3432	3537	3478	3305	3161	2931	2737	2538	2340	2194	2088	
56	5654	60.0	60.0	18	1	1	2	1012	1280	1845	2670	3520	4277	4685	4733	4653	4389	4130	3739	3462	3113	2855	2634	2518	2553	2729	2992	3246	3454	3509	3400	3305	3124	2871	2680	2520	2330	2182	2058	
56	5671	60.0	60.0	18	1	1	2	1024	1270	1852	2661	3587	4242	4676	4726	4652	4412	4109	3755	3424	3107	2868	2643	2540	2578	2693	2996	3252	3426	3522	3436	3299	3133	2908	2691	2497	2308	2196	2060	
56	5688	59.9	60.0	18	1	1	2	1025	1284	1828	2639	3519	4245	4616	4751	4635	4361	4070	3726	3396	3090	2802	2626	2496	2569	2717	2979	3217	3404	3471	3437	3275	3135	2916	2666	2485	2316	2184	2042	
56	5753	95.1	95.1	19	1	0	2	926	1065	1346	1742	2170	2555	2772	2889	2878	2782	2648	2468	2340	2196	2012	1955	1982	2066	2210	2419	2649	2772	2812	2782	2716	2590	2406	2301	2152	2041	1904	1840	
56	5770	95.0	95.0	19	1	0	2	924	1058	1354	1732	2158	2546	2789	2859	2842	2768	2677	2477	2266	2155	2034	1972	1963	2046	2241	2437	2644	2752	2836	2785	2679	2577	2429	2274	2143	2004	1922	1833	
56	5833	59.8	60.1	19	1	1	2	1001	1275	1840	2624	3493	4205	4601	4693	4565	4333	4072	3696	3409	3097	2809	2608	2519	2562	2724	2977	3210	3421	3451	3405	3261	3130	2876	2732	2492	2326	2183	2042	
56	5850	59.9	60.0	19	1	1	2	1018	1267	1840	2646	3543	4259	4664	4749	4648	4405	4076	3716	3454	3071	2852	2629	2537	2563	2723	2956	3265	3476	3511	3413	3304	3132	2921	2701	2517	2338	2176	2072	
56	5867	59.9	60.0	19	1	1	2	1002	1265	1842	2643	3575	4237	4634	4762	4629	4397	4094	3745	3435	3099	2806	2637	2539	2568	2736	2966	3200	3448	3495	3449	3314	3170	2920	2705	2520	2346	2168	2031	
56	5885	59.9	60.0	19	1	1	2	1006	1279	1859	2650	3579	4309	4686	4761	4687	4373	4103	3797	3415	3077	2858	2653	2570	2558	2716	3006	3238	3445	3488	3473	3289	3162	2913	2714	2500	2320	2176	2048	
56	5902	59.9	60.0	19	1	1	2	996	1276	1867	2652	3552	4258	4681	4771	4679	4451	4091	3734	3434	3137	2850	2646	2518	2567	2707	2963	3215	3448	3519	3456	3292	3138	2904	2705	2477	2317	2199	2052	
56	5919	60.0	60.0	19	1	1	2	1003	1271	1824	2677	3548	4248	4697	4728	4652	4370	4108	3736	3430	3103	2830	2634	2526	2566	2720	2998	3272	3455	3509	3440	3281	3124	2930	2698	2498	2334	2195	2044	
56	5936	60.0	60.0	19	1	1	2	1002	1282	1837	2625	3508	4239	4637	4750	4609	4369	4056	3715	3407	3094	2822	2633	2526	2557	2741	2977	3228	3425	3462	3434	3281	3113	2898	2667	2501	2327	2185	2045	
56	6001	95.1	95.1	20	1	0	2	928	1074	1346	1733	2188	2579	2793	2917	2874	2769	2666	2480	2326	2171	2047	1985	1969	2035	2218	2410	2653	2794	2826	2797	2726	2589	2430	2285	2153	2041	1915	1829	
56	6018	95.0	95.0	20	1	0	2	923	1072	1330	1721	2155	2555	2790	2858	2874	2763	2641	2484	2298	2139	2025	1970	1971	2058	2213	2438	2642	2787	2810	2756	2684	2586	2409	2263	2149	2033	1907	1840	
56	6081	59.7	60.1	20	1	1	2	1011	1271	1846	2633	3494	4233	4664	4693	4642	4352	4082	3688	3399	3079	2856	2641	2543	2575	2733	2981	3251	3475	3493	3438	3284	3156	2924	2681	2532	2343	2171	2070	
56	6098	60.0	60.0	20	1	1	2	1009	1291	1849	2647	3525	4250	4631	4759	4628	4409	4067	3729	3424	3099	2817	2612	2516	2575	2741	2996	3236	3447	3505	3447	3319	3170	2917	2718	2485	2358	2189	2046	
56	6115	59.9	60.0	20	1	1	2	1009	1310	1878	2674	3550	4351	4715	4776	4686	4406	4144	3768	3457	3153	2839	2666	2555	2601	2763	3002	3266	3457	3531	3460	3340	3164	2928	2719	2488	2343	2198	2070	
56	6133	59.9	60.0	20	1	1	2	1008	1284	1839	2668	3594	4299	4679	4805	4674	4434	4153	3797	3471	3144	2848	2625	2562	2546	2764	2973	3260	3446	3479	3461	3298	3141	2922	2722	2522	2328	2191	2054	
56	6150	60.0	60.0	20	1	1	2	1007	1280	1870	2642	3516	4329	4681	4752	4644	4399	4125	3728	3442	3117	2869	2627	2520	2586	2754	2997	3251	3441	3499	3446	3304	3132	2918	2702	2494	2310	2162	2074	
56	6167	59.9	60.0	20	1	1	2	1008	1279	1855	2662	3560	4279	4658	4832	4648	4406	4115	3786	3445	3104	2851	2641	2556	2590	2756	3012	3263	3468	3530	3490	3330	3161	2926	2726	2513	2340	2210	2054	
56	6184	59.9	60.0	20	1	1	2	1004	1281	1874	2660	3559	4284	4666	4741	4683	4353	4084	3752	3429	3103	2838	2646	2530	2579	2723	3029	3227	3456	3550	3411	3325	3134	2904	2704	2510	2351	2169	2058	
56	6249	95.2	95.1	21	1	0	2	919	1072	1315	1697	2180	2570	2803	2888	2887	2774	2678	2472	2332	2179	2023	1968	1971	2059	2266	2430	2632	2758	2817	2800	2702	2601	2389	2292	2150	2009	1958	1816	
56	6266	95.0	95.0	21	1	0	2	920	1060	1320	1743	2165	2520	2765	2863	2849	2763	2648	2512	2306	2156	2038	1981	1957	2035	2208	2422	2637	2788	2820	2774	2702	2585	2415	2282	2152	2031	1919	1822	
56	6327	59.8	60.2	21	1	1	2	1005	1265	1835	2646	3539	4263	4662	4710	4616	4380	4067	3726	3431	3093	2805	2625	2509	2552	2734	2989	3258	3435	3519	3451	3280	3143	2905	2706	2470	2344	2166	2072	
56	6344	60.0	60.0	21	1	1	2	1007	1284	1840	2626	3534	4256	4633	4732	4604	4357	4056	3751	3420	3096	2842	2625	2522	2570	2720	2972	3227	3434	3496	3454	3312	3145	2903	2704	2482	2334	2164	2031	
56	6362	60.0	60.0	21	1	1	2	1018	1263	1847	2615	3574	4323	4656	4747	4680	4376	4099	3739	3421	3110	2833	2627	2544	2587	2735	2996	3241	3443	3481	3436	3284	3134	2896	2704	2498	2337	2208	2064	
56	6379	60.0	60.0	21	1	1	2	1022	1287	1851	2671	3587	4275	4721	4784	4712	4437	4140	3766	3439	3119	2834	2638	2537	2581	2748	2985	3249	3467	3522	3472	3289	3130	2933	2723	2512	2344	2190	2077	
56	6396	60.0	60.0	21	1	1	2	1034	1275	1837	2649	3564	4304	4713	4780	4690	4405	4115	3776	3445	3145	2859	2658	2557	2560	2728	2981	3233	3451	3525	3470	3316	3167	2933	2702	2512	2326	2191	2056	
56	6413	60.0	60.0	21	1	1	2	1011	1269	1868	2622	3548	4283	4648	4791	4625	4421	4108	3786	3427	3100	2834	2643	2555	2567	2703	2985	3238	3464	3520	3522	3297	3141	2910	2685	2498	2366	2204	2038	
56	6431	60.0	60.0	21	1	1	2	1019	1278	1854	2670	3542	4283	4671	4722	4660	4363	4118	3753	3417	3140	2825	2618	2534	2545	2754	2998	3249	3409	3492	3443	3314	3146	2937	2690	2522	2322	2175	2080	
56	6493	95.1	95.0	22	1	0	2	915	1071	1338	1733	2184	2555	2797	2874	2877	2776	2664	2474	2310	2171	2049	1991	1948	2075	2216	2431	2630	2792	2877	2799	2679	2588	2419	2279	2152	2042	1913	1808	
56	6510	95.0	95.0	22	1	0	2	922	1085	1356	1707	2135	2506	2768	2881	2868	2767	2634	2470	2310	2148	2032	1984	1949	2053	2208	2425	2623	2796	2823	2776	2696	2549	2430	2288	2130	2014	1908	1824	
56	6573	59.8	60.1	22	1	1	2	1009	1270	1828	2641	3519	4271	4634	4717	4643	4374	4055	3706	3396	3087	2847	2583	2534	2526	2738	3031	3233	3449	3471	3444	3281	3132	2909	2695	2512	2339	2160	2047	
56	6590	59.9	60.0	22	1	1	2	1004	1281	1823	2636	3561	4279	4699	4734	4590	4361	4107	3709	3406	3109	2810	2638	2525	2537	2734	2949	3209	3428	3487	3440	3273	3130	2898	2678	2498	2331	2177	2065	
56	6608	59.9	60.0	22	1	1	2	1008	1274	1859	2671	3565	4296	4716	4760	4663	4384	4111	3775	3428	3132	2832	2665	2531	2560	2767	2988	3246	3446	3516	3460	3308	3144	2894	2707	2534	2345	2175	2069	
56	6625	60.0	60.0	22	1	1	2	1012	1302	1857	2658	3563	4309	4670	4797	4661	4401	4123	3769	3463	3122	2843	2656	2536	2600	2752	2999	3251	3462	3496	3466	3314	3079	2926	2737	2494	2350	2190	2035	
56	6642	59.9	60.0	22	1	1	2	1016	1283	1888	2643	3555	4300	4669	4754	4659	4386	4152	3724	3422	3124	2823	2623	2542	2574	2729	2974	3222	3434	3511	3440	3288	3128	2925	2702	2497	2345	2196	2034	
56	6659	60.0	60.0	22	1	1	2	1010	1267	1842	2638	3512	4274	4652	4766	4624	4385	4099	3745	3432	3084	2840	2640	2530	2580	2734	2976	3231	3432	3516	3475	3305	3137	2912	2711	2507	2326	2174	2056	
56	6677	59.9	60.0	22	1	1	2	1015	1277	1863	2638	3517	4265	4625	4691	4603	4365	4074	3729	3414	3106	2845	2623	2526	2558	2736	2952	3236	3400	3471	3411	3264	3107	2885	2675	2484	2329	2172	2077	
56	6739	95.3	95.0	23	1	0	2	929	1060	1334	1751	2183	2542	2791	2897	2838	2792	2627	2463	2313	2180	2029	1978	1971	2041	2199	2419	2628	2777	2821	2785	2686	2608	2455	2293	2123	2011	1931	1825	
56	6756	95.0	95.0	23	1	0	2	966	1052	1325	1708	2158	2524	2768	2859	2869	2736	2646	2453	2310	2140	2025	1979	1941	2022	2190	2418	2614	2795	2793	2767	2701	2582	2398	2279	2141	1979	1903	1804	
56	6819	59.8	60.1	23	1	1	2	1012	1266	1805	2616	3477	4223	4586	4725	4566	4310	4057	3726	3390	3047	2799	2603	2534	2539	2710	2934	3218	3394	3470	3398	3295	3131	2896	2686	2485	2308	2185	2067	
56	6836	60.0	60.0	23	1	1	2	1006	1272	1835	2636	3516	4212	4640	4671	4579	4375	4039	3709	3378	3051	2808	2625	2504	2574	2696	2969	3241	3388	3464	3428	3269	3120	2901	2705	2500	2314	2185	2055	
56	6854	60.0	60.0	23	1	1	2	1013	1274	1847	2643	3551	4258	4644	4755	4662	4368	4089	3732	3417	3106	2818	2682	2542	2552	2715	2983	3223	3430	3503	3458	3282	3158	2878	2693	2480	2364	2177	2049	
56	6871	59.9	60.0	23	1	1	2	1006	1268	1858	2658	3559	4305	4700	4734	4666	4432	4093	3748	3456	3129	2854	2649	2551	2576	2745	2972	3223	3380	3481	3482	3312	3130	2886	2682	2507	2326	2188	2059	
56	6888	59.9	60.0	23	1	1	2	1028	1275	1836	2661	3514	4250	4653	4738	4584	4357	4092	3695	3422	3083	2844	2645	2536	2568	2738	2955	3234	3409	3476	3443	3305	3120	2885	2707	2504	2283	2177	2042	
56	6905	59.9	60.0	23	1	1	2	1021	1271	1862	2656	3559	4267	4629	4753	4644	4358	4028	3694	3437	3127	2856	2627	2539	2577	2733	2986	3226	3390	3472	3442	3303	3132	2920	2698	2487	2325	2179	2064	
56	6923	60.0	60.0	23	1	1	2	1013	1299	1836	2659	3524	4301	4647	4745	4606	4368	4110	3744	3390	3089	2810	2633	2549	2547	2731	2972	3241	3398	3519	3415	3279	3157	2903	2672	2487	2320	2173	2028	
56	6985	95.1	95.0	24	1	0	2	923	1061	1340	1727	2167	2530	2808	2871	2862	2784	2636	2469	2322	2184	2038	1955	1967	2053	2221	2453	2598	2799	2812	2796	2705	2581	2414	2299	2154	2028	1935	1790	
56	7002	95.0	95.0	24	1	0	2	934	1058	1335	1724	2155	2521	2760	2843	2827	2755	2619	2473	2309	2125	2052	1955	1940	1999	2200	2442	2610	2750	2809	2770	2678	2565	2404	2278	2151	2029	1895	1805	
56	7065	59.8	60.1	24	1	1	2	1004	1270	1817	2603	3511	4243	4562	4712	4600	4347	3999	3709	3394	3056	2820	2643	2502	2554	2732	2981	3197	3414	3489	3438	3285	3112	2891	2677	2496	2326	2170	2024	
56	7083	59.9	60.0	24	1	1	2	1018	1282	1837	2611	3483	4230	4572	4682	4599	4344	4041	3668	3378	3092	2786	2580	2497	2514	2722	2963	3233	3401	3489	3446	3273	3091	2877	2672	2468	2350	2170	2043	
56	7100	59.9	60.0	24	1	1	2	1009	1275	1845	2643	3534	4247	4642	4747	4629	4388	4089	3706	3392	3095	2847	2616	2528	2548	2698	3006	3226	3437	3503	3448	3262	3135	2893	2699	2496	2303	2197	2069	
56	7117	60.0	60.0	24	1	1	2	1006	1263	1850	2638	3535	4285	4686	4745	4644	4381	4068	3719	3416	3089	2820	2640	2554	2558	2739	2969	3194	3388	3465	3451	3288	3110	2905	2689	2486	2309	2170	2044	
56	7134	60.0	60.0	24	1	1	2	1011	1277	1867	2633	3558	4223	4644	4784	4620	4362	4097	3722	3425	3100	2833	2644	2522	2538	2737	3012	3220	3423	3468	3421	3322	3113	2913	2688	2502	2331	2179	2079	
56	7152	59.9	60.0	24	1	1	2	984	1270	1835	2630	3539	4247	4611	4739	4617	4356	4113	3701	3412	3092	2842	2599	2515	2528	2735	2983	3211	3404	3496	3432	3299	3130	2899	2695	2498	2339	2178	2030	
56	7169	60.0	60.0	24	1	1	2	994	1256	1830	2608	3538	4219	4639	4743	4581	4298	4051	3707	3386	3073	2815	2619	2511	2573	2725	2922	3228	3404	3466	3413	3272	3140	2895	2676	2457	2291	2157	2036	
56	7233	95.1	95.1	25	1	0	2	925	1073	1348	1717	2154	2541	2772	2855	2856	2743	2654	2443	2275	2149	2014	1922	1950	2034	2235	2412	2641	2790	2829	2765	2658	2573	2422	2277	2142	2021	1907	1808	
56	7251	95.0	95.0	25	1	0	2	924	1056	1334	1726	2112	2530	2765	2851	2824	2761	2624	2463	2310	2123	2038	1964	1951	2015	2203	2447	2621	2770	2787	2793	2689	2591	2399	2267	2126	2013	1924	1792	
56	7313	59.8	60.1	25	1	1	2	1002	1263	1822	2582	3477	4206	4560	4700	4596	4281	4058	3700	3369	3037	2795	2618	2497	2528	2705	2933	3195	3389	3450	3396	3270	3120	2863	2660	2461	2314	2150	2041	
56	7331	59.9	60.0	25	1	1	2	1018	1278	1832	2608	3496	4210	4570	4697	4537	4332	4060	3664	3387	3052	2821	2610	2515	2558	2690	2960	3198	3428	3484	3381	3259	3102	2888	2657	2459	2311	2160	2043	
56	7348	60.0	60.0	25	1	1	2	1008	1272	1828	2625	3509	4252	4621	4717	4602	4327	4050	3704	3390	3094	2812	2643	2511	2559	2702	2982	3204	3417	3464	3412	3315	3107	2902	2700	2474	2328	2202	2035	
56	7365	60.0	60.0	25	1	1	2	1002	1274	1835	2629	3530	4247	4639	4756	4664	4364	4084	3729	3446	3109	2810	2638	2519	2585	2712	2967	3208	3426	3476	3443	3300	3121	2869	2679	2480	2322	2169	2059	
56	7382	60.0	60.0	25	1	1	2	1001	1270	1861	2669	3540	4268	4639	4724	4631	4368	4038	3745	3425	3098	2822	2611	2526	2572	2717	2942	3227	3459	3486	3430	3271	3123	2905	2692	2471	2314	2166	2035	
56	7400	60.0	60.0	25	1	1	2	1014	1284	1814	2630	3525	4248	4629	4713	4588	4326	4045	3691	3399	3058	2828	2628	2514	2519	2730	2932	3216	3430	3446	3444	3266	3120	2890	2696	2473	2341	2185	2038	
56	7417	59.9	60.0	25	1	1	2	998	1280	1849	2642	3494	4192	4637	4719	4566	4347	4062	3693	3419	3084	2837	2608	2513	2544	2704	2978	3154	3387	3470	3410	3262	3108	2888	2676	2488	2328	2164	2025	
56	7479	95.1	95.0	26	1	0	2	921	1062	1339	1720	2160	2561	2783	2870	2846	2729	2638	2475	2312	2134	2037	1948	1946	2045	2212	2424	2592	2754	2776	2772	2687	2585	2400	2261	2132	2008	1898	1793	
56	7497	95.0	95.0	26	1	0	2	927	1062	1316	1696	2152	2522	2726	2859	2805	2732	2622	2429	2293	2133	2042	1944	1941	2032	2179	2448	2614	2745	2810	2744	2660	2571	2392	2302	2097	2009	1929	1808	
56	7560	59.9	60.1	26	1	1	2	995	1263	1840	2615	3481	4205	4572	4682	4560	4332	4035	3678	3414	3078	2826	2600	2491	2539	2711	2956	3179	3430	3456	3401	3264	3149	2890	2698	2488	2294	2171	2015	
56	7577	59.9	60.0	26	1	1	2	1016	1264	1838	2622	3504	4244	4579	4700	4609	4364	4071	3681	3406	3072	2793	2597	2518	2549	2685	2961	3192	3384	3461	3431	3272	3116	2921	2694	2450	2292	2174	2043	
56	7594	59.9	60.0	26	1	1	2	1010	1294	1821	2643	3564	4240	4636	4733	4590	4340	4044	3747	3387	3081	2816	2598	2489	2536	2711	2948	3179	3338	3480	3410	3283	3127	2886	2701	2488	2323	2194	2020	
56	7611	59.9	60.0	26	1	1	2	1014	1285	1843	2648	3505	4242	4651	4761	4589	4347	4091	3721	3435	3063	2820	2639	2513	2558	2728	2957	3228	3439	3450	3428	3295	3129	2920	2662	2489	2292	2166	2054	
56	7629	60.0	60.0	26	1	1	2	1008	1273	1827	2673	3545	4256	4680	4738	4675	4336	4075	3720	3405	3095	2815	2613	2515	2570	2707	2948	3191	3412	3456	3437	3265	3136	2906	2700	2502	2324	2170	2044	
56	7646	60.0	60.0	26	1	1	2	1009	1282	1836	2630	3545	4218	4644	4734	4600	4345	4046	3735	3402	3103	2811	2625	2492	2541	2698	2963	3183	3402	3469	3418	3270	3116	2903	2654	2455	2286	2185	2035	
56	7663	60.0	60.0	26	1	1	2	1030	1272	1860	2606	3510	4218	4596	4708	4584	4352	4050	3712	3385	3043	2836	2632	2510	2548	2733	2953	3226	3417	3468	3406	3269	3112	2871	2660	2431	2312	2156	2045	
56	7726	95.1	95.0	27	1	0	2	920	1068	1361	1704	2141	2554	2786	2853	2870	2748	2664	2483	2308	2128	2048	1976	1957	2043	2205	2430	2631	2780	2836	2742	2656	2601	2366	2234	2155	2013	1936	1805	
56	7743	95.0	95.0	27	1	0	2	937	1069	1327	1697	2148	2522	2742	2859	2852	2753	2604	2450	2278	2128	2022	1968	1972	2043	2198	2415	2596	2751	2828	2777	2690	2542	2416	2275	2117	2010	1916	1810	
56	7806	59.8	60.1	27	1	1	2	1002	1285	1819	2619	3476	4180	4629	4658	4565	4294	4004	3712	3371	3038	2805	2605	2500	2516	2699	2966	3212	3385	3456	3402	3259	3106	2883	2677	2462	2276	2198	2035	
56	7823	60.0	60.0	27	1	1	2	1024	1277	1824	2611	3533	4227	4551	4637	4582	4302	4016	3687	3377	3062	2824	2586	2517	2534	2696	2965	3214	3386	3425	3425	3267	3111	2858	2670	2477	2320	2180	2025	
56	7840	60.0	60.0	27	1	1	2	1012	1291	1846	2618	3532	4234	4631	4722	4618	4334	4024	3747	3384	3071	2833	2637	2534	2543	2707	2941	3185	3407	3476	3421	3276	3134	2895	2671	2484	2317	2164	2043	
56	7857	60.0	60.0	27	1	1	2	1016	1272	1856	2654	3500	4277	4642	4750	4608	4377	4097	3736	3392	3097	2853	2618	2517	2557	2705	2999	3209	3443	3473	3430	3300	3152	2889	2692	2498	2303	2185	2044	
56	7875	60.0	60.0	27	1	1	2	1006	1266	1842	2641	3532	4235	4665	4750	4628	4366	4079	3734	3421	3099	2818	2639	2515	2537	2757	2984	3223	3432	3511	3428	3283	3141	2884	2664	2492	2361	2181	2049	
56	7892	60.0	60.0	27	1	1	2	1009	1271	1865	2630	3507	4242	4649	4740	4606	4334	4084	3712	3410	3071	2826	2600	2536	2535	2706	2966	3219	3401	3458	3391	3281	3117	2896	2689	2480	2316	2176	2050	
56	7909	60.0	60.0	27	1	1	2	1004	1283	1819	2621	3490	4217	4595	4683	4577	4362	4033	3723	3393	3053	2808	2604	2540	2547	2701	2986	3213	3425	3462	3408	3265	3103	2882	2682	2450	2316	2172	2045	
56	7974	95.1	95.1	28	1	0	2	917	1054	1317	1729	2191	2533	2736	2812	2829	2764	2630	2464	2277	2137	2026	1988	1960	2040	2193	2409	2620	2778	2790	2751	2655	2564	2397	2249	2107	2002	1920	1796	
56	7991	95.0	95.0	28	1	0	2	924	1057	1327	1705	2160	2513	2760	2838	2835	2738	2622	2402	2280	2138	2028	1940	1935	2024	2196	2418	2597	2745	2832	2752	2674	2572	2449	2255	2133	1996	1896	1832	
56	8054	59.8	60.1	28	1	1	2	1005	1277	1813	2582	3489	4193	4577	4681	4553	4299	4039	3699	3391	3069	2820	2604	2506	2559	2693	2958	3184	3383	3466	3413	3258	3084	2872	2671	2497	2318	2149	2019	
56	8071	60.0	60.0	28	1	1	2	1016	1283	1828	2582	3477	4191	4581	4692	4553	4325	4014	3670	3389	3061	2818	2624	2525	2500	2683	2960	3192	3376	3449	3424	3290	3138	2892	2674	2482	2326	2174	2042	
56	8088	59.9	60.0	28	1	1	2	1023	1264	1831	2628	3533	4240	4624	4739	4596	4352	4056	3756	3402	3059	2811	2620	2510	2541	2700	2972	3208	3389	3470	3407	3288	3136	2872	2671	2508	2284	2174	2052	
56	8105	60.0	60.0	28	1	1	2	1017	1274	1853	2640	3542	4246	4653	4721	4624	4375	4088	3754	3404	3085	2827	2640	2510	2556	2710	2947	3188	3399	3506	3407	3261	3109	2904	2676	2501	2310	2162	2045	
56	8123	60.0	60.0	28	1	1	2	1004	1262	1835	2627	3515	4291	4634	4736	4601	4351	4089	3750	3396	3068	2800	2633	2508	2565	2723	2959	3215	3394	3480	3402	3263	3114	2899	2682	2492	2279	2204	2049	
56	8140	59.9	60.0	28	1	1	2	1003	1272	1844	2621	3478	4221	4623	4689	4644	4301	4067	3723	3417	3040	2819	2632	2501	2549	2697	2982	3210	3393	3472	3422	3246	3135	2882	2665	2466	2328	2176	2055	
56	8157	60.0	60.0	28	1	1	2	1018	1261	1847	2632	3523	4240	4607	4690	4560	4296	4049	3679	3390	3085	2781	2603	2532	2541	2691	2964	3209	3390	3467	3421	3276	3120	2888	2710	2468	2327	2166	2041	
56	8220	95.2	95.0	29	1	0	2	931	1054	1339	1726	2148	2564	2776	2899	2841	2751	2645	2465	2277	2152	2049	1960	1980	2024	2211	2432	2635	2778	2812	2787	2665	2571	2419	2277	2142	2016	1897	1818	
56	8237	95.0	95.0	29	1	0	2	922	1064	1346	1706	2146	2505	2768	2848	2812	2728	2620	2409	2279	2146	2023	1941	1928	2024	2209	2410	2606	2731	2824	2751	2661	2548	2398	2255	2115	2005	1933	1795	
56	8300	59.8	60.1	29	1	1	2	1002	1270	1804	2588	3454	4182	4620	4677	4519	4298	4061	3702	3354	3061	2792	2591	2493	2517	2716	2946	3192	3364	3422	3401	3268	3088	2876	2638	2467	2284	2168	2039	
56	8317	59.9	60.0	29	1	1	2	1014	1268	1823	2637	3487	4198	4584	4692	4620	4331	4067	3703	3373	3065	2825	2592	2501	2560	2683	2961	3202	3375	3387	3397	3270	3086	2873	2688	2464	2300	2160	2020	
56	8334	60.0	60.0	29	1	1	2	997	1284	1829	2638	3528	4242	4624	4728	4582	4340	4037	3708	3365	3105	2836	2602	2544	2524	2702	2951	3224	3407	3488	3410	3248	3145	2855	2676	2497	2302	2178	2031	
56	8352	60.0	60.0	29	1	1	2	1017	1244	1851	2646	3532	4270	4677	4757	4622	4398	4137	3733	3408	3113	2825	2613	2533	2571	2736	2953	3221	3411	3465	3459	3308	3113	2911	2688	2484	2322	2177	2040	
56	8369	60.0	60.0	29	1	1	2	1025	1271	1837	2634	3534	4237	4601	4751	4648	4337	4078	3683	3416	3102	2810	2620	2534	2592	2694	2936	3201	3397	3458	3420	3301	3123	2878	2694	2480	2314	2162	2048	
56	8386	60.0	60.0	29	1	1	2	995	1272	1833	2615	3491	4234	4626	4717	4557	4304	4041	3690	3383	3100	2841	2629	2523	2527	2685	2934	3206	3393	3479	3410	3248	3118	2904	2674	2440	2326	2153	2048	
56	8403	60.0	60.0	29	1	1	2	1000	1280	1817	2655	3493	4236	4591	4693	4590	4353	4054	3709	3417	3105	2822	2619	2526	2534	2717	2932	3195	3414	3482	3412	3253	3099	2883	2668	2503	2302	2172	2032	
56	8468	95.1	95.1	30	1	0	2	918	1078	1310	1715	2151	2537	2765	2883	2879	2729	2606	2463	2299	2118	2021	1959	1936	2031	2216	2401	2640	2753	2805	2811	2653	2587	2413	2267	2144	2006	1914	1800	
56	8485	95.0	95.0	30	1	0	2	922	1068	1319	1715	2149	2524	2753	2825	2829	2722	2623	2456	2323	2140	2044	1941	1938	2015	2202	2409	2628	2768	2788	2793	2652	2556	2400	2279	2144	2029	1902	1801	
56	8548	59.7	60.1	30	1	1	2	1010	1277	1833	2587	3487	4225	4593	4701	4570	4310	4029	3686	3374	3073	2813	2578	2499	2532	2708	2920	3182	3360	3380	3370	3253	3111	2876	2683	2511	2323	2147	2029	
56	8565	59.9	60.0	30	1	1	2	1018	1278	1839	2650	3488	4225	4608	4709	4631	4312	4050	3725	3408	3074	2792	2621	2497	2533	2687	2970	3211	3400	3458	3417	3313	3144	2861	2683	2507	2313	2181	2032	
56	8582	60.0	60.0	30	1	1	2	1002	1278	1828	2620	3520	4242	4643	4741	4614	4372	4089	3718	3461	3084	2852	2628	2540	2558	2752	2964	3229	3391	3474	3443	3285	3132	2883	2700	2508	2295	2179	2068	
56	8600	60.0	60.0	30	1	1	2	1010	1277	1863	2643	3524	4299	4605	4768	4637	4341	4117	3747	3401	3098	2864	2632	2525	2527	2683	2951	3250	3418	3508	3434	3302	3162	2889	2698	2474	2333	2177	2052	
56	8617	59.9	60.0	30	1	1	2	1007	1250	1847	2660	3486	4232	4658	4725	4600	4361	4040	3721	3411	3116	2815	2620	2514	2551	2706	2949	3233	3407	3466	3409	3278	3137	2885	2669	2491	2325	2170	2038	
56	8634	59.9	60.0	30	1	1	2	1013	1276	1801	2622	3523	4247	4625	4662	4640	4310	4043	3721	3438	3078	2800	2616	2513	2538	2705	2958	3213	3426	3460	3430	3251	3117	2880	2676	2440	2315	2144	2030	
56	8651	60.0	60.0	30	1	1	2	1011	1260	1834	2643	3512	4249	4594	4669	4551	4315	4061	3760	3395	3074	2802	2613	2490	2549	2701	2947	3215	3394	3452	3411	3262	3101	2869	2675	2491	2309	2168	2027	
56	8714	95.0	95.0	31	1	0	2	916	1050	1328	1727	2130	2519	2790	2848	2830	2747	2633	2420	2331	2125	2010	1964	1937	2048	2188	2420	2623	2747	2819	2770	2680	2576	2425	2271	2104	2022	1896	1816	
56	8731	95.0	95.0	31	1	0	2	924	1057	1325	1733	2130	2511	2759	2846	2862	2738	2615	2435	2311	2104	2020	1940	1910	2012	2208	2413	2606	2727	2797	2776	2682	2556	2429	2255	2106	1989	1903	1839	
56	8794	59.8	60.1	31	1	1	2	987	1277	1845	2601	3461	4172	4558	4656	4567	4308	4030	3698	3388	3059	2812	2595	2457	2540	2674	2952	3162	3370	3452	3395	3236	3092	2891	2658	2450	2297	2133	2036	
56	8811	59.9	60.0	31	1	1	2	1005	1251	1839	2616	3505	4188	4589	4638	4557	4285	4022	3737	3386	3063	2815	2623	2488	2533	2683	2940	3240	3386	3470	3387	3249	3087	2849	2653	2487	2325	2164	2041	
56	8828	60.0	60.0	31	1	1	2	1005	1255	1844	2587	3500	4248	4649	4732	4636	4372	4069	3701	3419	3085	2817	2618	2481	2506	2693	2956	3202	3393	3442	3428	3294	3146	2876	2666	2495	2297	2169	2054	
56	8846	60.0	60.0	31	1	1	2	1024	1266	1830	2640	3524	4279	4617	4741	4605	4339	4100	3716	3400	3064	2799	2642	2494	2533	2701	2969	3170	3394	3454	3418	3235	3128	2855	2696	2481	2311	2187	2035	
56	8863	59.9	60.0	31	1	1	2	1015	1269	1836	2632	3526	4219	4663	4738	4561	4334	4027	3729	3385	3066	2816	2602	2504	2548	2729	2949	3172	3356	3489	3417	3283	3083	2856	2658	2457	2303	2147	2048	
56	8880	60.0	60.0	31	1	1	2	995	1292	1841	2648	3531	4211	4554	4699	4587	4337	4086	3715	3418	3060	2808	2611	2553	2546	2723	2935	3196	3423	3468	3396	3296	3118	2901	2686	2464	2308	2169	2026	
56	8897	60.0	60.0	31	1	1	2	1015	1276	1836	2608	3519	4227	4656	4701	4594	4324	4041	3687	3358	3047	2799	2599	2480	2542	2696	2948	3212	3398	3438	3403	3253	3086	2882	2667	2490	2314	2149	2040	
56	8960	95.0	95.0	32	1	0	2	923	1063	1339	1731	2159	2525	2778	2869	2844	2777	2617	2477	2313	2146	2032	1939	1950	2028	2169	2380	2606	2740	2821	2767	2671	2564	2394	2280	2108	2011	1898	1822	
56	8977	95.0	95.0	32	1	0	2	928	1057	1322	1666	2133	2517	2756	2803	2848	2737	2632	2449	2299	2137	2019	1943	1940	2035	2186	2405	2580	2760	2791	2751	2675	2557	2392	2277	2119	2018	1899	1804	
56	9040	59.8	60.1	32	1	1	2	1006	1272	1833	2573	3478	4197	4579	4678	4558	4284	4062	3685	3367	3042	2839	2606	2497	2553	2691	2963	3203	3385	3489	3403	3243	3138	2869	2647	2481	2297	2154	2039	
56	9057	60.0	60.0	32	1	1	2	989	1277	1831	2632	3503	4210	4608	4703	4581	4330	4052	3685	3357	3060	2776	2608	2505	2533	2693	2942	3201	3380	3439	3426	3260	3094	2894	2674	2484	2305	2156	2048	
56	9075	59.9	60.0	32	1	1	2	1003	1273	1840	2635	3539	4204	4616	4721	4621	4334	4014	3699	3407	3069	2815	2628	2518	2551	2709	2940	3209	3384	3465	3479	3278	3093	2840	2662	2492	2344	2180	2043	
56	9092	59.9	60.0	32	1	1	2	1017	1279	1824	2641	3497	4240	4623	4753	4646	4364	4083	3754	3396	3076	2799	2592	2512	2553	2734	2951	3218	3401	3501	3376	3280	3132	2895	2673	2502	2300	2157	2027	
56	9109	60.0	60.0	32	1	1	2	1002	1273	1841	2625	3507	4246	4632	4693	4572	4315	4032	3732	3396	3069	2816	2592	2534	2545	2685	2953	3202	3372	3424	3408	3257	3113	2873	2644	2452	2299	2148	2014	
56	9126	59.9	60.0	32	1	1	2	1010	1266	1812	2606	3518	4259	4599	4702	4603	4336	4048	3704	3378	3066	2796	2657	2506	2546	2711	2953	3213	3411	3473	3431	3240	3077	2891	2668	2458	2302	2172	2064	
56	9144	59.9	60.0	32	1	1	2	1022	1282	1833	2632	3512	4202	4576	4694	4606	4272	4059	3703	3398	3043	2844	2584	2492	2549	2718	2939	3216	3386	3469	3384	3262	3100	2868	2629	2484	2310	2171	2028	
56	9208	95.1	95.1	33	1	0	2	939	1044	1312	1705	2125	2528	2745	2867	2816	2716	2644	2437	2318	2139	2004	1951	1955	2032	2215	2412	2597	2749	2815	2770	2677	2572	2372	2295	2112	2004	1870	1804	
56	9225	95.0	95.0	33	1	0	2	923	1062	1333	1709	2142	2515	2727	2837	2822	2757	2636	2425	2268	2134	2036	1939	1946	2005	2209	2414	2595	2726	2791	2746	2645	2552	2367	2248	2123	2008	1886	1768	
56	9288	59.8	60.1	33	1	1	2	1014	1252	1819	2588	3474	4196	4568	4636	4561	4307	4019	3674	3380	3052	2786	2601	2495	2530	2716	2937	3200	3366	3466	3366	3223	3099	2876	2650	2461	2294	2149	2051	
56	9305	60.0	60.0	33	1	1	2	1008	1268	1840	2617	3523	4225	4576	4692	4580	4327	4050	3705	3354	3049	2840	2610	2496	2531	2711	2962	3206	3395	3473	3378	3235	3110	2870	2661	2471	2280	2168	2030	
56	9323	60.0	60.0	33	1	1	2	1003	1259	1876	2647	3483	4225	4577	4710	4616	4304	4054	3712	3373	3064	2825	2562	2524	2545	2693	2944	3196	3369	3464	3384	3268	3137	2882	2667	2480	2293	2143	2031	
56	9340	59.9	60.0	33	1	1	2	1009	1279	1850	2659	3523	4246	4639	4735	4675	4331	4091	3742	3407	3092	2823	2604	2534	2540	2728	2971	3204	3400	3473	3416	3258	3121	2864	2671	2476	2314	2174	2039	
56	9357	60.0	60.0	33	1	1	2	1014	1278	1845	2628	3523	4246	4635	4754	4608	4353	4040	3738	3379	3116	2852	2625	2509	2568	2684	2940	3228	3394	3479	3400	3276	3093	2859	2691	2474	2322	2163	2053	
56	9374	60.0	60.0	33	1	1	2	997	1282	1842	2624	3503	4244	4600	4757	4570	4360	4040	3716	3422	3097	2813	2632	2511	2522	2732	2965	3202	3392	3487	3396	3273	3081	2866	2684	2507	2292	2146	2042	
56	9392	59.9	60.0	33	1	1	2	1006	1264	1850	2638	3520	4293	4605	4754	4646	4329	4082	3692	3415	3062	2815	2620	2528	2554	2712	2961	3226	3400	3454	3413	3265	3097	2880	2665	2488	2296	2166	2051	
56	9454	95.2	95.0	34	1	0	2	923	1069	1339	1711	2159	2531	2748	2828	2828	2779	2623	2489	2306	2145	2031	1954	1952	2026	2176	2410	2597	2764	2798	2774	2685	2545	2393	2255	2136	1986	1883	1809	
56	9471	95.0	95.0	34	1	0	2	913	1054	1352	1719	2137	2545	2758	2832	2858	2750	2577	2443	2284	2138	2018	1956	1941	2032	2194	2396	2593	2778	2789	2772	2672	2558	2393	2252	2119	2014	1912	1796	
56	9534	59.8	60.1	34	1	1	2	996	1255	1828	2590	3501	4213	4582	4698	4567	4335	4063	3706	3374	3081	2821	2599	2527	2536	2692	2944	3164	3409	3454	3400	3290	3112	2875	2673	2448	2297	2154	2048	
56	9551	59.9	60.0	34	1	1	2	1006	1275	1816	2623	3502	4202	4604	4622	4614	4332	4055	3705	3371	3104	2815	2619	2497	2548	2663	2949	3190	3377	3455	3392	3241	3091	2880	2643	2478	2295	2171	2040	
56	9569	60.0	60.0	34	1	1	2	1056	1267	1858	2621	3527	4269	4642	4749	4605	4343	4061	3709	3405	3068	2813	2611	2538	2539	2724	2936	3193	3401	3460	3389	3268	3099	2876	2682	2457	2306	2137	2037	
56	9586	59.9	60.0	34	1	1	2	999	1272	1865	2625	3566	4269	4679	4727	4669	4378	4109	3764	3415	3101	2865	2624	2527	2551	2705	2980	3261	3419	3473	3424	3273	3115	2874	2700	2477	2307	2177	2037	
56	9603	59.9	60.0	34	1	1	2	1008	1295	1852	2645	3502	4262	4704	4750	4622	4369	4079	3765	3405	3104	2833	2624	2532	2575	2718	2964	3207	3382	3479	3428	3295	3123	2929	2679	2486	2307	2163	2047	
56	9620	60.0	60.0	34	1	1	2	999	1280	1855	2647	3516	4224	4644	4691	4608	4368	4055	3724	3414	3108	2827	2637	2495	2536	2722	2941	3176	3373	3462	3412	3295	3092	2888	2681	2468	2302	2157	2003	
56	9638	60.0	60.0	34	1	1	2	997	1286	1852	2609	3503	4221	4610	4708	4589	4334	4063	3732	3401	3075	2828	2608	2489	2519	2668	2952	3191	3378	3440	3387	3231	3111	2869	2687	2465	2320	2189	2019	
56	9700	95.0	95.0	35	1	0	2	912	1063	1336	1732	2180	2538	2760	2871	2871	2747	2617	2487	2301	2154	2056	1964	1956	2013	2221	2416	2593	2718	2797	2765	2672	2553	2416	2249	2104	2014	1932	1806	
56	9718	95.0	95.0	35	1	0	2	923	1052	1307	1708	2143	2530	2762	2892	2849	2711	2624	2447	2341	2147	1995	1942	1963	2016	2197	2419	2600	2721	2770	2766	2674	2576	2394	2272	2136	2013	1901	1799	
56	9780	59.8	60.1	35	1	1	2	1020	1265	1805	2596	3507	4247	4602	4724	4615	4348	4067	3736	3394	3071	2818	2641	2518	2522	2702	2915	3185	3373	3458	3399	3267	3069	2878	2678	2484	2301	2168	2034	
56	9798	59.9	60.0	35	1	1	2	1003	1289	1845	2616	3522	4204	4638	4680	4595	4374	4093	3697	3383	3103	2808	2612	2541	2544	2694	2938	3172	3369	3446	3393	3292	3089	2877	2651	2485	2315	2160	2027	
56	9815	59.9	60.0	35	1	1	2	1000	1271	1840	2634	3538	4268	4648	4769	4668	4370	4118	3760	3441	3099	2860	2660	2502	2551	2701	2978	3204	3399	3441	3422	3272	3122	2884	2669	2494	2269	2149	2053	
56	9832	59.9	60.0	35	1	1	2	1008	1262	1837	2696	3519	4311	4710	4810	4704	4397	4117	3774	3424	3082	2820	2634	2569	2557	2713	2974	3221	3417	3444	3424	3303	3124	2924	2674	2488	2326	2165	2048	
56	9849	59.9	60.0	35	1	1	2	1002	1257	1860	2651	3558	4286	4684	4796	4675	4380	4103	3743	3418	3120	2821	2620	2524	2553	2756	2994	3233	3393	3472	3427	3258	3104	2900	2687	2477	2319	2170	2045	
56	9867	60.0	60.0	35	1	1	2	1014	1266	1839	2677	3522	4288	4634	4771	4626	4364	4131	3721	3381	3061	2849	2642	2527	2552	2706	2933	3209	3396	3455	3402	3245	3093	2901	2679	2472	2296	2131	2053	
56	9884	59.9	60.0	35	1	1	2	1018	1257	1853	2603	3545	4257	4641	4710	4588	4333	4097	3772	3413	3106	2825	2616	2516	2558	2714	2963	3200	3384	3484	3397	3281	3116	2870	2680	2480	2322	2168	2037	
56	9946	95.3	95.0	36	1	0	2	923	1070	1317	1720	2188	2582	2804	2902	2881	2778	2657	2458	2302	2172	2016	1959	1949	2042	2196	2421	2645	2746	2803	2765	2655	2545	2429	2281	2136	2000	1910	1803	
56	9964	95.0	95.0	36	1	0	2	935	1040	1327	1708	2160	2543	2782	2876	2859	2762	2625	2474	2324	2139	2026	1937	1956	2013	2192	2424	2601	2753	2781	2766	2659	2533	2394	2224	2108	2010	1903	1790	
56	10027	59.8	60.1	36	1	1	2	996	1266	1834	2641	3552	4280	4650	4750	4628	4413	4096	3698	3440	3091	2866	2643	2526	2549	2713	2951	3208	3380	3462	3398	3300	3093	2861	2679	2481	2285	2158	2031	
56	10044	59.9	60.0	36	1	1	2	1002	1285	1860	2622	3520	4251	4670	4763	4645	4344	4125	3729	3419	3114	2848	2644	2522	2571	2714	2937	3205	3372	3482	3404	3266	3071	2858	2637	2457	2312	2146	2058	
56	10061	59.9	60.0	36	1	1	2	1016	1284	1868	2666	3569	4288	4771	4797	4687	4427	4084	3813	3435	3140	2853	2644	2543	2596	2716	2989	3190	3447	3466	3404	3305	3118	2863	2694	2451	2316	2171	2063	
56	10078	59.9	60.0	36	1	1	2	1008	1272	1842	2662	3571	4296	4698	4841	4733	4444	4176	3776	3476	3118	2841	2648	2542	2568	2741	2977	3200	3380	3499	3423	3282	3110	2875	2698	2511	2303	2176	2037	
56	10096	59.9	60.0	36	1	1	2	1008	1273	1859	2656	3575	4301	4698	4816	4669	4424	4104	3773	3428	3143	2811	2621	2516	2552	2722	2978	3231	3393	3499	3402	3237	3103	2884	2684	2451	2311	2151	2051	
56	10113	60.0	60.0	36	1	1	2	1005	1287	1850	2675	3590	4283	4679	4825	4698	4436	4161	3779	3461	3120	2869	2628	2523	2549	2722	2969	3241	3408	3487	3420	3258	3109	2888	2665	2480	2287	2187	2049	
56	10130	60.0	60.0	36	1	1	2	1020	1298	1872	2669	3555	4298	4679	4783	4692	4413	4126	3740	3461	3109	2837	2668	2520	2565	2734	2953	3206	3426	3473	3411	3285	3115	2859	2682	2463	2297	2182	2067	
56	10192	95.2	95.0	37	1	0	2	925	1068	1341	1721	2161	2606	2823	2919	2902	2815	2681	2526	2358	2177	2039	1957	1994	2064	2226	2407	2617	2779	2807	2767	2672	2551	2367	2246	2139	2014	1908	1811	
56	10210	95.0	95.0	37	1	0	2	932	1103	1332	1755	2180	2621	2797	2909	2905	2813	2668	2507	2359	2175	2060	1960	1980	2044	2228	2448	2643	2768	2788	2770	2660	2565	2440	2263	2141	2038	1896	1816	
56	10273	59.8	60.1	37	1	1	2	1011	1284	1866	2707	3595	4359	4778	4892	4752	4449	4217	3818	3481	3167	2887	2655	2579	2577	2754	2968	3233	3383	3488	3424	3289	3117	2869	2688	2476	2352	2163	2038	
56	10290	59.9	60.0	37	1	1	2	1010	1285	1870	2709	3608	4413	4766	4899	4786	4488	4214	3826	3510	3148	2915	2682	2585	2593	2753	2958	3241	3433	3491	3413	3274	3183	2909	2716	2495	2315	2164	2039	
56	10307	60.0	60.0	37	1	1	2	1014	1292	1917	2732	3645	4441	4806	4920	4772	4518	4190	3833	3529	3193	2909	2689	2578	2581	2814	3007	3201	3443	3506	3451	3290	3153	2881	2679	2497	2324	2184	2052	
56	10324	59.9	60.0	37	1	1	2	1020	1324	1893	2743	3694	4449	4831	4957	4840	4562	4262	3894	3542	3219	2889	2711	2586	2619	2784	3006	3279	3466	3513	3406	3315	3185	2935	2717	2498	2355	2198	2048	
56	10342	60.0	60.0	37	1	1	2	1016	1288	1887	2720	3628	4364	4787	4891	4849	4517	4213	3846	3540	3175	2912	2686	2574	2578	2756	2988	3248	3413	3481	3463	3303	3138	2897	2684	2509	2306	2171	2078	
56	10359	59.9	60.0	37	1	1	2	1035	1296	1881	2720	3609	4399	4828	4937	4777	4500	4244	3887	3515	3191	2910	2677	2600	2592	2756	2990	3245	3436	3510	3424	3286	3130	2892	2697	2485	2346	2155	2040	
56	10376	60.0	60.0	37	1	1	2	1004	1294	1876	2704	3654	4424	4768	4919	4778	4530	4236	3857	3536	3153	2912	2686	2558	2620	2749	2955	3236	3412	3475	3436	3284	3115	2884	2706	2493	2315	2158	2062	
56	10439	95.2	95.0	38	1	0	2	932	1058	1384	1777	2241	2663	2908	2988	2988	2878	2727	2569	2384	2215	2104	2012	1997	2042	2247	2444	2620	2770	2816	2782	2669	2580	2444	2307	2140	2052	1909	1813	
56	10456	95.0	95.0	38	1	0	2	913	1061	1350	1756	2248	2628	2903	2991	2991	2860	2747	2561	2386	2223	2089	1993	1982	2077	2234	2427	2591	2761	2843	2749	2654	2564	2444	2286	2142	2026	1894	1816	
56	10519	59.9	60.1	38	1	1	2	1017	1312	1894	2728	3701	4488	4942	5013	4909	4612	4279	3948	3616	3242	2971	2732	2603	2616	2760	3019	3260	3450	3481	3435	3293	3141	2898	2713	2481	2332	2176	2047	
56	10536	60.0	60.0	38	1	1	2	1022	1270	1903	2736	3709	4504	4963	5041	4925	4650	4324	3946	3614	3246	2957	2750	2620	2624	2771	3032	3246	3452	3525	3417	3313	3129	2911	2709	2485	2331	2176	2042	
56	10553	59.9	60.0	38	1	1	2	1007	1312	1921	2772	3762	4534	4977	5073	4948	4651	4352	3983	3642	3261	2924	2720	2595	2667	2775	3037	3273	3420	3524	3469	3286	3146	2917	2700	2487	2332	2178	2066	
56	10570	59.9	60.0	38	1	1	2	1022	1310	1915	2799	3720	4579	5014	5079	4972	4665	4340	3997	3621	3285	3017	2767	2649	2628	2792	3053	3283	3485	3513	3439	3298	3126	2919	2695	2488	2321	2193	2054	
56	10588	59.9	60.0	38	1	1	2	1004	1278	1929	2771	3741	4525	4984	5062	4999	4661	4338	4009	3631	3257	2999	2740	2645	2642	2787	3018	3278	3428	3488	3411	3323	3154	2890	2701	2516	2317	2195	2042	
56	10605	60.0	60.0	38	1	1	2	1028	1320	1919	2789	3756	4527	4963	5068	4936	4669	4303	3978	3604	3249	2969	2758	2624	2641	2781	3000	3274	3472	3485	3452	3302	3151	2902	2695	2487	2332	2204	2036	
56	10622	60.0	60.0	38	1	1	2	1008	1308	1908	2767	3786	4538	4985	5040	4951	4612	4329	3992	3632	3266	2944	2742	2607	2616	2770	3020	3288	3415	3446	3464	3278	3152	2917	2680	2477	2340	2188	2024	
56	10687	95.1	95.1	39	1	0	2	928	1065	1374	1808	2293	2758	2992	3140	3074	2946	2805	2667	2441	2280	2125	2042	2018	2081	2249	2458	2648	2763	2842	2789	2662	2604	2414	2268	2148	2017	1916	1813	
56	10704	95.0	95.0	39	1	0	2	926	1060	1386	1830	2319	2726	2996	3094	3053	2955	2824	2651	2468	2291	2151	2059	2039	2107	2244	2472	2645	2788	2835	2779	2687	2582	2448	2294	2146	2015	1915	1815	
56	10765	59.8	60.2	39	1	1	2	1023	1310	1953	2858	3868	4719	5167	5244	5173	4826	4532	4133	3741	3331	3086	2819	2689	2705	2835	3055	3295	3495	3559	3472	3284	3156	2909	2718	2530	2353	2183	2064	
56	10782	59.9	60.0	39	1	1	2	1002	1323	1963	2884	3917	4707	5176	5302	5168	4892	4516	4109	3746	3397	3041	2792	2725	2690	2855	3038	3296	3473	3529	3470	3308	3161	2930	2717	2483	2354	2212	2061	
56	10799	60.0	60.0	39	1	1	2	1025	1332	1971	2886	3921	4792	5212	5377	5232	4868	4571	4172	3804	3380	3072	2871	2720	2718	2840	3113	3341	3472	3546	3516	3336	3155	2943	2735	2506	2361	2206	2066	
56	10816	60.0	60.0	39	1	1	2	1028	1320	1981	2905	3966	4785	5300	5405	5227	4954	4634	4172	3808	3418	3161	2871	2735	2759	2851	3095	3336	3505	3541	3486	3314	3164	2927	2743	2535	2368	2201	2080	
56	10834	59.9	60.0	39	1	1	2	995	1314	1970	2926	3940	4773	5244	5323	5205	4919	4625	4196	3798	3435	3106	2875	2722	2716	2883	3060	3322	3472	3540	3469	3313	3182	2941	2736	2538	2345	2181	2053	
56	10851	60.0	60.0	39	1	1	2	1004	1316	1958	2894	3934	4773	5211	5321	5190	4911	4587	4128	3806	3413	3114	2848	2733	2700	2855	3090	3318	3512	3527	3436	3298	3130	2890	2716	2517	2328	2195	2055	
56	10868	59.9	60.0	39	1	1	2	1025	1326	1991	2889	3919	4783	5216	5395	5229	4909	4582	4225	3795	3414	3103	2871	2715	2734	2836	3081	3329	3467	3548	3505	3306	3161	2954	2749	2509	2356	2215	2084	
56	10933	95.1	95.1	40	1	0	2	934	1122	1418	1905	2445	2933	3203	3319	3282	3194	3039	2789	2610	2400	2271	2182	2109	2160	2361	2537	2699	2840	2866	2866	2731	2617	2470	2314	2158	2027	1933	1819	
56	10950	95.0	95.0	40	1	0	2	930	1109	1426	1906	2440	2914	3161	3288	3287	3155	2984	2782	2610	2392	2234	2105	2086	2147	2329	2497	2672	2819	2862	2801	2716	2624	2456	2262	2142	2020	1930	1801	
56	11013	59.8	60.1	40	1	1	2	1030	1344	2054	3020	4150	5014	5575	5651	5534	5182	4795	4366	4003	3580	3222	2981	2813	2802	2927	3143	3370	3527	3562	3485	3344	3202	2948	2724	2521	2356	2187	2091	
56	11030	59.9	60.0	40	1	1	2	1033	1341	2066	3076	4177	5110	5578	5733	5574	5254	4876	4444	4057	3628	3267	3024	2856	2819	2948	3137	3407	3552	3614	3536	3385	3222	2979	2765	2540	2393	2199	2058	
56	11047	59.9	60.0	40	1	1	2	1037	1351	2072	3076	4203	5133	5673	5760	5636	5258	4948	4479	4060	3646	3292	3014	2844	2817	2963	3184	3414	3596	3645	3554	3390	3208	2991	2759	2568	2383	2250	2083	
56	11065	60.0	60.0	40	1	1	2	1032	1354	2071	3094	4201	5140	5648	5765	5634	5345	4957	4477	4080	3647	3349	3036	2861	2830	2959	3147	3399	3580	3645	3562	3376	3212	2967	2754	2556	2364	2205	2084	
56	11082	59.9	60.0	40	1	1	2	1028	1340	2069	3065	4213	5157	5606	5763	5627	5299	4938	4510	4070	3610	3327	3038	2845	2858	2927	3177	3339	3587	3620	3552	3380	3211	2994	2773	2565	2359	2222	2096	
56	11099	60.0	60.0	40	1	1	2	1031	1348	2068	3084	4236	5216	5632	5818	5633	5302	4935	4515	4077	3651	3320	3043	2844	2848	2961	3173	3392	3567	3600	3551	3379	3223	3008	2769	2534	2366	2239	2081	
56	11116	60.0	60.0	40	1	1	2	1027	1370	2049	3062	4207	5155	5640	5785	5646	5329	4906	4439	4038	3648	3296	3006	2856	2840	2948	3171	3366	3554	3596	3546	3375	3197	2997	2770	2543	2396	2220	2064	
