Well	Time (1/2 s)	Block Temp	Sample Temp	Repetition	PCR Stage	Extension	Scale	B1	B2	B3	B4	B5	B6	B7	B8	B9	B10	B11	B12	B13	B14	B15	B16	B17	B18	B19	B20	B21	B22	B23	B24	B25	B26	B27	B28	B29	B30	B31	B32
75	108	94.9	95.1	1	0	0	2	948	1039	1317	1758	2234	2654	2911	3021	3020	2915	2755	2629	2420	2273	2160	2067	2073	2158	2329	2627	2895	3016	3090	3026	2877	2793	2584	2434	2290	2110	2002	1924	
75	125	95.0	95.0	1	0	0	2	947	1046	1345	1750	2220	2649	2884	3001	2991	2922	2767	2619	2429	2272	2123	2062	2069	2134	2336	2580	2879	2988	3064	3017	2913	2790	2573	2433	2283	2145	2036	1894	
75	143	95.0	95.0	1	0	0	2	940	1048	1314	1744	2193	2620	2863	2971	2991	2911	2770	2600	2395	2241	2125	2039	2067	2138	2341	2607	2857	2948	3026	3029	2909	2765	2590	2429	2272	2143	2029	1888	
75	160	95.0	95.0	1	0	0	2	924	1050	1312	1723	2243	2630	2875	2977	2909	2892	2751	2592	2422	2226	2131	2065	2038	2156	2332	2588	2867	2981	3061	3009	2888	2772	2595	2421	2286	2119	2025	1881	
75	177	95.0	95.0	1	0	0	2	939	1019	1330	1714	2210	2612	2885	2955	2980	2868	2766	2575	2410	2245	2132	2052	2043	2134	2303	2586	2896	2995	3027	3017	2861	2761	2582	2404	2276	2158	2007	1886	
75	194	95.0	95.0	1	0	0	2	926	1040	1332	1726	2199	2610	2861	2943	2989	2851	2730	2570	2395	2265	2101	2048	2055	2128	2361	2572	2835	2971	3065	2988	2885	2764	2580	2425	2270	2123	2023	1879	
75	212	95.0	95.0	1	0	0	2	924	1052	1320	1700	2201	2638	2856	2995	2979	2877	2745	2585	2401	2233	2099	2030	2026	2113	2325	2586	2838	2944	3084	2976	2882	2790	2546	2405	2269	2106	2025	1890	
75	229	94.9	95.0	1	0	0	2	924	1048	1333	1713	2191	2631	2909	2995	2964	2888	2763	2568	2396	2250	2138	2030	2040	2172	2322	2571	2853	2967	3066	2999	2918	2768	2596	2438	2286	2113	2024	1893	
75	246	95.0	95.0	1	0	0	2	923	1025	1315	1718	2198	2616	2869	2960	2965	2871	2731	2576	2422	2245	2112	2053	2033	2131	2335	2576	2865	2974	3048	2982	2910	2809	2572	2416	2265	2132	1971	1884	
75	263	95.0	95.0	1	0	0	2	920	1047	1331	1725	2158	2644	2867	2941	2946	2910	2730	2564	2417	2258	2116	2046	2051	2138	2355	2564	2851	2975	3053	2983	2888	2783	2592	2413	2251	2131	2009	1914	
75	281	95.0	95.0	1	0	0	2	923	1029	1294	1683	2214	2611	2844	2936	2965	2858	2720	2557	2389	2245	2109	2041	2030	2124	2324	2567	2845	2947	3017	2984	2896	2738	2543	2434	2257	2123	2030	1908	
75	298	95.0	95.0	1	0	0	2	926	1039	1338	1720	2197	2659	2885	2968	2948	2896	2731	2594	2404	2259	2106	2044	2036	2132	2352	2611	2853	2966	3058	3008	2918	2762	2604	2391	2280	2113	2030	1892	
75	315	95.0	95.0	1	0	0	2	934	1033	1307	1751	2216	2644	2892	2953	2990	2873	2731	2592	2409	2242	2139	2021	2050	2139	2318	2611	2848	2982	3072	3031	2901	2799	2605	2432	2308	2131	2016	1912	
75	332	95.0	95.0	1	0	0	2	918	1048	1309	1710	2190	2592	2846	2938	2975	2896	2710	2571	2413	2215	2117	2042	2041	2130	2323	2579	2832	2980	3041	2984	2873	2743	2577	2414	2279	2110	2002	1907	
75	350	95.0	95.0	1	0	0	2	941	1044	1312	1734	2200	2624	2871	2965	2978	2909	2739	2566	2437	2273	2113	2035	2046	2150	2340	2590	2845	2990	3048	3033	2885	2788	2575	2445	2282	2127	2034	1869	
75	367	94.9	95.0	1	0	0	2	931	1041	1320	1703	2196	2600	2877	2983	2947	2861	2718	2543	2399	2228	2122	2010	2032	2126	2308	2610	2843	2940	3062	2996	2878	2765	2575	2410	2280	2113	2048	1901	
75	384	95.0	95.0	1	0	0	2	929	1034	1316	1715	2216	2619	2889	2988	2970	2909	2744	2589	2391	2243	2088	2035	2057	2130	2322	2585	2849	2954	3009	3006	2876	2764	2589	2414	2295	2131	2029	1876	
75	401	95.0	95.0	1	0	0	2	915	1032	1316	1716	2195	2631	2872	2998	2972	2889	2750	2594	2417	2261	2105	2027	2044	2124	2335	2586	2864	2970	3051	2988	2884	2782	2577	2429	2253	2150	1991	1875	
75	419	95.0	95.0	1	0	0	2	925	1047	1329	1712	2184	2627	2874	2989	2975	2890	2726	2588	2378	2246	2123	2047	2069	2133	2340	2594	2872	2996	3063	2997	2888	2774	2590	2446	2271	2122	2036	1901	
75	436	94.9	95.0	1	0	0	2	921	1064	1319	1727	2213	2641	2892	2977	2986	2866	2750	2595	2402	2251	2120	2050	2071	2150	2338	2597	2853	2980	3073	3017	2876	2745	2602	2410	2299	2166	2013	1893	
75	453	95.0	95.0	1	0	0	2	931	1046	1316	1723	2241	2605	2866	2994	2964	2876	2740	2557	2413	2250	2109	2042	2034	2129	2392	2556	2837	2969	3075	3008	2904	2773	2591	2439	2300	2113	2016	1917	
75	470	95.0	95.0	1	0	0	2	924	1055	1320	1723	2188	2622	2882	3006	2964	2882	2758	2608	2390	2262	2125	2041	2052	2168	2347	2579	2828	2971	3059	3007	2896	2760	2598	2428	2252	2133	2009	1898	
75	488	95.0	95.0	1	0	0	2	924	1047	1336	1734	2192	2637	2854	2969	2981	2901	2743	2578	2405	2264	2140	2053	2049	2128	2351	2593	2880	2963	3049	3014	2938	2779	2604	2420	2284	2147	2025	1891	
75	505	95.0	95.0	1	0	0	2	938	1034	1339	1728	2216	2641	2885	2982	3009	2911	2763	2600	2400	2263	2146	2068	2069	2128	2317	2644	2872	3019	3092	3019	2911	2769	2613	2444	2292	2146	2018	1898	
75	522	95.0	95.0	1	0	0	2	933	1057	1337	1737	2207	2636	2876	2972	2975	2905	2762	2651	2400	2273	2133	2037	2047	2143	2352	2616	2880	3015	3059	3022	2926	2772	2606	2475	2274	2163	2027	1917	
75	539	94.9	95.0	1	0	0	2	920	1052	1339	1710	2190	2667	2912	2999	3003	2901	2714	2594	2402	2235	2135	2039	2065	2132	2340	2583	2864	2970	3081	3008	2891	2776	2570	2444	2305	2127	2018	1908	
75	557	95.0	95.0	1	0	0	2	920	1050	1308	1721	2201	2637	2913	2969	2994	2903	2754	2586	2434	2248	2117	2052	2046	2142	2348	2617	2857	2988	3065	3016	2908	2801	2589	2429	2280	2125	2042	1909	
75	574	95.0	95.0	1	0	0	2	930	1035	1331	1745	2207	2649	2897	2985	2963	2898	2747	2603	2426	2274	2107	2064	2052	2147	2336	2587	2863	2994	3035	3027	2935	2775	2592	2429	2300	2156	2016	1916	
75	591	95.0	95.0	1	0	0	2	927	1047	1354	1720	2195	2611	2875	2990	2987	2868	2735	2602	2390	2236	2106	2035	2047	2142	2336	2598	2863	2994	3092	3006	2898	2773	2587	2418	2271	2154	2034	1923	
75	608	95.0	95.0	1	0	0	2	921	1045	1326	1725	2200	2652	2909	2968	2972	2858	2757	2619	2413	2254	2143	2065	2084	2148	2328	2604	2883	2980	3030	3013	2903	2782	2598	2436	2285	2151	2047	1921	
75	626	95.0	95.0	1	0	0	2	922	1048	1352	1742	2229	2617	2891	2995	2951	2882	2745	2586	2434	2241	2121	2031	2071	2135	2346	2603	2841	2985	3055	2987	2881	2785	2592	2444	2277	2128	2025	1887	
75	643	94.9	95.0	1	0	0	2	922	1028	1321	1715	2225	2641	2903	2983	2999	2926	2750	2610	2408	2257	2129	2064	2047	2139	2305	2595	2886	2989	3070	3025	2919	2790	2605	2446	2275	2130	2050	1920	
75	660	95.0	95.0	1	0	0	2	921	1046	1324	1712	2220	2624	2903	2955	3002	2917	2747	2602	2432	2248	2122	2068	2068	2144	2363	2595	2866	2986	3047	3024	2892	2762	2580	2440	2259	2181	1997	1903	
75	677	95.0	95.0	1	0	0	2	930	1043	1329	1751	2241	2637	2916	3005	2994	2902	2766	2587	2404	2257	2111	2062	2054	2158	2332	2592	2852	2981	3079	3050	2911	2784	2595	2455	2291	2126	2037	1897	
75	695	95.0	95.0	1	0	0	2	933	1040	1316	1727	2194	2645	2882	3027	2988	2913	2777	2593	2408	2255	2152	2044	2059	2158	2330	2581	2867	2989	3080	2995	2906	2775	2611	2431	2277	2144	2021	1898	
75	712	95.0	95.0	1	0	0	2	924	1050	1332	1733	2219	2612	2885	3000	3021	2937	2775	2591	2420	2259	2147	2049	2061	2143	2339	2619	2849	2999	3045	3035	2904	2775	2621	2448	2308	2139	2030	1895	
75	729	95.0	95.0	1	0	0	2	941	1050	1342	1704	2208	2643	2877	3014	2995	2875	2766	2616	2405	2237	2120	2042	2051	2139	2370	2586	2834	2981	3073	3017	2914	2755	2624	2427	2272	2153	2060	1898	
75	746	94.9	95.0	1	0	0	2	922	1075	1324	1758	2207	2642	2915	2980	3008	2912	2770	2602	2413	2275	2144	2053	2060	2162	2344	2588	2844	2978	3070	2998	2912	2798	2603	2435	2277	2148	2030	1910	
75	764	94.9	95.0	1	0	0	2	905	1050	1321	1743	2211	2632	2901	2973	2984	2915	2752	2598	2438	2260	2130	2048	2066	2144	2330	2575	2871	2972	3073	3004	2915	2770	2605	2419	2303	2147	2030	1905	
75	781	95.0	95.0	1	0	0	2	929	1047	1326	1734	2247	2658	2898	2994	3014	2911	2755	2601	2432	2274	2138	2062	2074	2151	2343	2601	2873	3011	3073	3006	2902	2781	2594	2449	2277	2149	2031	1922	
75	798	95.0	95.0	1	0	0	2	925	1053	1343	1714	2201	2628	2936	3011	2991	2866	2757	2586	2430	2284	2125	2049	2065	2145	2361	2617	2858	2999	3054	3039	2961	2803	2585	2436	2299	2140	2012	1875	
75	815	94.9	95.0	1	0	0	2	923	1045	1351	1742	2239	2642	2864	2967	3017	2894	2746	2638	2428	2309	2145	2059	2047	2136	2323	2605	2865	2990	3075	3025	2901	2805	2608	2436	2286	2133	2012	1908	
75	833	95.0	95.0	1	0	0	2	944	1032	1314	1743	2213	2643	2924	3030	3012	2960	2766	2630	2449	2277	2136	2086	2046	2140	2357	2594	2837	3015	3063	3037	2919	2788	2601	2479	2275	2148	2056	1897	
75	850	94.9	95.0	1	0	0	2	937	1056	1321	1707	2214	2630	2897	2971	3001	2906	2774	2641	2428	2263	2117	2039	2062	2182	2309	2588	2888	2951	3061	3040	2921	2795	2624	2448	2253	2141	2036	1895	
75	867	94.9	95.0	1	0	0	2	939	1042	1331	1734	2179	2677	2880	3032	2939	2904	2779	2623	2458	2250	2109	2082	2054	2152	2324	2595	2834	2974	3067	3021	2931	2778	2616	2459	2282	2143	2042	1908	
75	884	95.0	95.0	1	0	0	2	934	1037	1317	1714	2230	2638	2894	3014	2986	2921	2742	2625	2430	2242	2139	2047	2067	2150	2316	2585	2869	2970	3055	3018	2904	2783	2580	2421	2271	2134	2041	1908	
75	902	94.9	95.0	1	0	0	2	925	1025	1331	1740	2234	2675	2921	3004	3022	2927	2786	2621	2447	2265	2156	2125	2054	2155	2336	2573	2887	3024	3079	3026	2900	2776	2585	2455	2285	2145	2030	1915	
75	919	94.9	95.0	1	0	0	2	929	1048	1316	1718	2209	2640	2897	2981	3019	2900	2780	2615	2458	2264	2118	2057	2049	2147	2313	2574	2859	2991	3096	3021	2896	2787	2588	2466	2291	2149	2029	1913	
75	936	95.0	95.0	1	0	0	2	941	1051	1316	1735	2240	2667	2918	2997	3034	2912	2769	2615	2427	2273	2130	2059	2069	2154	2362	2593	2867	2985	3089	3038	2898	2814	2603	2440	2314	2137	2009	1923	
75	953	95.0	95.0	1	0	0	2	925	1050	1345	1731	2209	2638	2895	2985	2994	2914	2746	2622	2420	2288	2161	2093	2047	2156	2368	2602	2873	3011	3073	3040	2937	2787	2629	2421	2312	2149	2028	1895	
75	971	95.0	95.0	1	0	0	2	923	1034	1340	1732	2222	2650	2922	2996	3015	2899	2737	2649	2452	2252	2167	2064	2062	2140	2346	2602	2856	2982	3045	3035	2919	2825	2617	2431	2297	2136	2057	1906	
75	988	95.0	95.0	1	0	0	2	931	1046	1307	1738	2216	2644	2877	3002	3023	2887	2769	2633	2451	2249	2158	2041	2084	2163	2354	2580	2876	3003	3070	3010	2923	2806	2613	2435	2286	2120	2054	1909	
75	1005	95.0	95.0	1	0	0	2	922	1058	1315	1715	2220	2641	2904	2998	3008	2934	2748	2608	2430	2271	2128	2029	2062	2141	2333	2601	2864	3022	3032	3026	2890	2789	2622	2424	2301	2165	2045	1918	
75	1022	95.0	95.0	1	0	0	2	949	1045	1322	1732	2218	2672	2900	3005	2997	2904	2765	2606	2444	2270	2148	2036	2057	2125	2350	2633	2848	2988	3076	3040	2903	2765	2595	2418	2296	2139	2037	1900	
75	1040	95.0	95.0	1	0	0	2	928	1045	1311	1723	2221	2647	2900	2981	3018	2902	2764	2616	2436	2284	2132	2063	2077	2139	2328	2582	2851	3000	3095	3004	2907	2794	2587	2415	2301	2157	2023	1923	
75	1057	94.9	95.0	1	0	0	2	925	1039	1316	1738	2232	2642	2919	3001	3008	2940	2763	2625	2436	2273	2154	2056	2057	2161	2337	2585	2863	2992	3076	3010	2913	2798	2600	2435	2285	2137	2027	1920	
75	1074	95.0	95.0	1	0	0	2	929	1058	1306	1737	2236	2615	2888	3002	2993	2882	2786	2641	2410	2240	2122	2042	2054	2149	2348	2588	2857	3027	3063	3006	2889	2752	2602	2426	2296	2139	2031	1897	
75	1091	94.9	95.0	1	0	0	2	909	1067	1321	1735	2200	2651	2894	3020	3010	2920	2767	2597	2410	2258	2151	2068	2049	2175	2340	2591	2848	3002	3071	3010	2891	2766	2600	2431	2269	2149	2028	1927	
75	1109	95.0	95.0	1	0	0	2	952	1059	1331	1743	2220	2640	2942	2984	3013	2929	2768	2603	2441	2270	2147	2069	2096	2163	2357	2620	2881	2997	3086	3019	2900	2809	2606	2422	2288	2156	2025	1924	
75	1126	94.9	95.0	1	0	0	2	942	1052	1331	1701	2238	2670	2916	3040	2999	2913	2764	2618	2440	2273	2159	2059	2068	2150	2340	2608	2866	2968	3093	3001	2929	2767	2596	2424	2284	2141	2021	1939	
75	1143	95.0	95.0	1	0	0	2	932	1041	1334	1737	2216	2640	2909	3038	3042	2927	2784	2598	2427	2284	2138	2049	2076	2162	2331	2644	2862	2983	3091	3021	2900	2766	2591	2465	2292	2133	2027	1884	
75	1160	95.0	95.0	1	0	0	2	933	1042	1332	1736	2219	2655	2920	3009	2980	2946	2765	2655	2436	2276	2147	2073	2058	2147	2355	2592	2866	2976	3098	3008	2939	2766	2590	2451	2295	2141	2035	1914	
75	1178	95.0	95.0	1	0	0	2	935	1048	1343	1709	2201	2635	2895	3024	3019	2906	2764	2617	2455	2271	2147	2069	2074	2159	2336	2614	2867	3005	3076	2993	2897	2769	2614	2473	2283	2146	2046	1924	
75	1195	95.0	95.0	1	0	0	2	936	1051	1357	1706	2235	2653	2929	3001	3001	2922	2761	2624	2447	2286	2133	2057	2088	2157	2322	2631	2849	2986	3070	3031	2925	2792	2603	2440	2264	2135	2034	1920	
75	1212	95.0	95.0	1	0	0	2	934	1049	1326	1739	2230	2664	2916	3014	3026	2948	2771	2596	2471	2301	2131	2046	2077	2114	2352	2628	2870	3006	3097	3043	2957	2792	2612	2426	2272	2158	2022	1903	
75	1229	95.0	95.0	1	0	0	2	937	1047	1329	1735	2215	2658	2928	3006	2996	2917	2766	2603	2442	2280	2161	2065	2054	2149	2348	2606	2866	3003	3065	3028	2904	2772	2619	2443	2289	2139	2044	1904	
75	1247	95.0	95.0	1	0	0	2	927	1049	1341	1724	2254	2651	2930	3033	3028	2925	2783	2623	2440	2282	2123	2062	2051	2190	2382	2624	2858	2995	3103	3028	2922	2779	2604	2441	2278	2133	2031	1867	
75	1264	94.9	95.0	1	0	0	2	921	1037	1315	1747	2224	2657	2922	3002	3015	2934	2784	2620	2459	2284	2159	2048	2069	2131	2334	2603	2864	2989	3073	2990	2889	2769	2593	2424	2276	2123	2015	1893	
75	1281	95.0	95.0	1	0	0	2	929	1062	1323	1722	2225	2654	2943	3009	3006	2918	2765	2616	2435	2290	2131	2058	2072	2138	2360	2620	2913	2999	3074	3072	2906	2789	2610	2435	2287	2154	2030	1924	
75	1327	94.9	95.0	1	1	0	2	921	1054	1324	1729	2223	2694	2930	3020	3012	2926	2746	2617	2438	2274	2154	2051	2079	2168	2338	2604	2873	2984	3069	3002	2942	2763	2617	2442	2301	2128	2020	1919	
75	1391	59.9	60.1	1	1	1	2	1006	1238	1855	2699	3713	4577	4964	5060	5008	4718	4344	4066	3666	3361	3030	2812	2708	2729	2924	3221	3515	3714	3808	3756	3593	3422	3120	2888	2690	2442	2316	2180	
75	1408	59.9	60.0	1	1	1	2	1006	1282	1839	2714	3702	4538	4989	5090	4981	4777	4351	4050	3651	3317	3044	2821	2730	2721	2901	3196	3560	3702	3826	3727	3555	3353	3121	2863	2697	2449	2300	2151	
75	1425	59.9	60.0	1	1	1	2	1033	1267	1851	2672	3723	4533	5027	5083	5000	4715	4378	4040	3673	3309	3024	2791	2691	2730	2914	3210	3529	3741	3770	3736	3558	3360	3110	2872	2653	2450	2335	2163	
75	1443	59.9	60.0	1	1	1	2	1015	1250	1831	2670	3711	4526	4948	5006	4957	4701	4400	4040	3628	3324	3018	2793	2676	2710	2874	3174	3484	3701	3815	3709	3572	3377	3102	2808	2667	2478	2346	2124	
75	1460	60.0	60.0	1	1	1	2	1014	1256	1832	2705	3674	4504	4992	5040	4925	4721	4368	3984	3638	3300	3035	2806	2694	2690	2904	3216	3550	3663	3788	3739	3583	3369	3072	2841	2660	2478	2286	2152	
75	1477	60.0	60.0	1	1	1	2	996	1262	1842	2655	3685	4550	4997	5064	4931	4686	4361	4037	3664	3297	2987	2778	2702	2698	2882	3201	3550	3670	3773	3736	3583	3393	3097	2884	2681	2463	2317	2152	
75	1494	59.9	60.0	1	1	1	2	1017	1242	1833	2674	3671	4510	4929	5034	4967	4658	4323	4048	3655	3298	3004	2819	2677	2715	2897	3157	3529	3681	3782	3734	3591	3347	3080	2856	2648	2445	2312	2120	
75	1557	95.0	95.1	2	1	0	2	930	1030	1322	1703	2230	2640	2872	2981	2977	2852	2730	2581	2424	2262	2128	2030	2039	2126	2295	2539	2809	2958	3016	2955	2876	2721	2553	2398	2263	2116	2006	1873	
75	1635	59.9	60.1	2	1	1	2	1014	1228	1787	2600	3553	4369	4774	4898	4797	4530	4206	3868	3540	3226	2945	2720	2632	2660	2812	3148	3447	3599	3656	3626	3479	3309	3041	2852	2615	2409	2267	2088	
75	1652	59.9	60.0	2	1	1	2	1006	1241	1808	2626	3553	4378	4764	4863	4787	4512	4211	3910	3508	3183	2930	2715	2627	2619	2832	3093	3420	3600	3687	3624	3479	3268	3046	2796	2578	2403	2280	2112	
75	1670	59.9	60.0	2	1	1	2	1002	1212	1788	2610	3555	4368	4793	4875	4769	4467	4232	3918	3545	3228	2923	2717	2616	2630	2802	3097	3442	3600	3657	3625	3462	3303	3060	2811	2608	2408	2233	2108	
75	1687	59.9	60.0	2	1	1	2	1007	1227	1783	2563	3552	4335	4785	4882	4754	4543	4195	3880	3538	3201	2910	2722	2603	2623	2796	3081	3457	3574	3709	3632	3477	3327	3037	2810	2612	2396	2258	2111	
75	1704	59.9	60.0	2	1	1	2	1007	1237	1813	2582	3564	4360	4763	4874	4761	4540	4205	3885	3564	3208	2952	2716	2635	2656	2821	3101	3426	3606	3677	3648	3478	3282	3041	2834	2597	2413	2256	2105	
75	1721	60.0	60.0	2	1	1	2	1004	1239	1784	2633	3546	4392	4789	4834	4824	4536	4232	3884	3530	3210	2910	2720	2617	2644	2796	3140	3422	3583	3685	3629	3468	3235	3018	2832	2605	2417	2247	2103	
75	1739	59.9	60.0	2	1	1	2	969	1245	1793	2621	3570	4370	4765	4896	4780	4507	4229	3894	3540	3241	2930	2712	2637	2628	2811	3155	3444	3577	3687	3615	3456	3269	3036	2804	2589	2360	2255	2089	
75	1801	95.0	95.0	3	1	0	2	921	1008	1300	1714	2185	2612	2891	2973	2960	2877	2738	2563	2405	2228	2126	2042	2041	2116	2316	2578	2831	2910	3009	2955	2816	2695	2549	2393	2272	2095	2001	1855	
75	1879	59.9	60.1	3	1	1	2	986	1236	1773	2589	3571	4358	4749	4839	4752	4505	4161	3845	3507	3160	2916	2720	2591	2633	2798	3078	3386	3562	3694	3656	3451	3263	3016	2754	2617	2382	2242	2110	
75	1896	59.9	60.0	3	1	1	2	1002	1244	1799	2585	3548	4343	4750	4851	4766	4534	4196	3863	3537	3177	2916	2723	2597	2641	2829	3111	3403	3598	3707	3626	3453	3271	3056	2778	2583	2410	2240	2084	
75	1914	60.0	60.0	3	1	1	2	998	1248	1770	2592	3564	4343	4777	4900	4794	4530	4221	3902	3548	3219	2956	2709	2637	2633	2807	3120	3432	3591	3693	3618	3468	3284	3004	2793	2587	2409	2239	2099	
75	1931	60.0	60.0	3	1	1	2	1009	1242	1815	2629	3617	4410	4812	4903	4811	4542	4232	3895	3580	3256	2935	2771	2653	2627	2820	3126	3472	3597	3715	3659	3447	3304	3052	2837	2606	2414	2286	2096	
75	1948	60.0	60.0	3	1	1	2	1005	1239	1794	2646	3617	4420	4800	4921	4818	4573	4231	3900	3572	3237	2922	2750	2632	2640	2826	3131	3458	3630	3736	3653	3490	3284	3070	2807	2598	2404	2259	2059	
75	1965	59.9	60.0	3	1	1	2	1000	1241	1786	2584	3589	4373	4825	4916	4778	4562	4188	3896	3545	3233	2922	2729	2627	2655	2828	3111	3437	3585	3703	3620	3520	3280	3045	2819	2608	2381	2274	2116	
75	1983	60.0	60.0	3	1	1	2	1002	1241	1809	2628	3591	4401	4830	4877	4801	4586	4212	3901	3575	3217	2955	2702	2621	2654	2799	3132	3442	3586	3697	3638	3477	3310	3027	2832	2617	2408	2254	2090	
75	2047	94.9	95.1	4	1	0	2	919	1028	1332	1699	2226	2615	2874	2973	2939	2849	2712	2567	2405	2238	2115	2036	2056	2110	2303	2551	2781	2921	3016	2936	2841	2721	2549	2383	2232	2089	1998	1863	
75	2127	59.9	60.1	4	1	1	2	1003	1232	1825	2610	3560	4338	4746	4867	4742	4505	4195	3892	3511	3183	2941	2701	2634	2617	2803	3103	3435	3616	3678	3613	3460	3269	3024	2833	2587	2402	2248	2090	
75	2145	60.0	60.0	4	1	1	2	1000	1238	1805	2612	3532	4354	4721	4860	4766	4491	4185	3877	3517	3195	2908	2698	2621	2611	2794	3078	3415	3580	3692	3596	3462	3267	3014	2783	2589	2380	2247	2089	
75	2162	60.0	60.0	4	1	1	2	1010	1243	1784	2643	3556	4382	4786	4881	4768	4548	4212	3881	3548	3215	2921	2712	2638	2646	2806	3080	3478	3582	3688	3623	3468	3311	3025	2795	2593	2387	2259	2110	
75	2179	60.0	60.0	4	1	1	2	1015	1234	1802	2604	3627	4405	4803	4888	4835	4607	4260	3882	3564	3250	2965	2741	2641	2674	2823	3139	3468	3592	3665	3654	3487	3297	3060	2808	2630	2414	2263	2121	
75	2196	60.0	60.0	4	1	1	2	1005	1239	1804	2613	3614	4378	4825	4890	4792	4540	4229	3914	3528	3233	2934	2721	2605	2636	2825	3110	3451	3585	3705	3617	3456	3327	3039	2795	2602	2376	2278	2127	
75	2214	60.0	60.0	4	1	1	2	1011	1260	1802	2652	3577	4400	4815	4889	4798	4588	4233	3944	3538	3206	2937	2736	2624	2644	2833	3073	3432	3609	3698	3623	3431	3292	3042	2817	2602	2401	2254	2096	
75	2231	60.0	60.0	4	1	1	2	1014	1207	1816	2587	3563	4381	4801	4915	4780	4542	4241	3897	3533	3208	2904	2700	2592	2683	2854	3095	3412	3567	3659	3610	3497	3280	3003	2803	2598	2394	2242	2119	
75	2293	95.1	95.1	5	1	0	2	927	1030	1315	1721	2178	2609	2849	2943	2920	2871	2688	2546	2373	2231	2102	2001	2008	2097	2282	2525	2779	2914	2976	2908	2794	2694	2553	2376	2247	2060	2000	1860	
75	2373	59.9	60.1	5	1	1	2	1001	1236	1767	2590	3571	4363	4770	4860	4800	4505	4190	3885	3543	3219	2917	2710	2629	2638	2824	3089	3423	3570	3702	3610	3459	3297	3002	2767	2594	2387	2262	2113	
75	2391	59.9	60.0	5	1	1	2	1010	1233	1782	2608	3553	4330	4791	4852	4784	4521	4215	3931	3535	3235	2918	2733	2604	2615	2817	3126	3408	3583	3643	3600	3449	3252	3020	2791	2602	2379	2248	2104	
75	2408	59.9	60.0	5	1	1	2	996	1215	1807	2627	3593	4375	4791	4873	4808	4579	4209	3897	3538	3228	2952	2732	2603	2665	2806	3123	3435	3612	3671	3597	3488	3290	2997	2812	2583	2392	2262	2077	
75	2425	60.0	60.0	5	1	1	2	1002	1232	1812	2647	3593	4391	4816	4901	4745	4543	4188	3905	3544	3197	2900	2726	2616	2661	2822	3069	3433	3589	3681	3588	3437	3310	3016	2784	2581	2388	2271	2072	
75	2442	59.9	60.0	5	1	1	2	974	1249	1802	2637	3575	4359	4795	4946	4754	4546	4222	3876	3508	3204	2974	2742	2605	2636	2804	3131	3403	3537	3700	3626	3459	3263	3013	2807	2559	2386	2261	2100	
75	2460	59.9	60.0	5	1	1	2	995	1267	1783	2611	3546	4356	4780	4858	4775	4520	4196	3851	3557	3160	2865	2717	2614	2629	2810	3084	3397	3567	3658	3597	3465	3256	3019	2759	2593	2397	2245	2082	
75	2477	59.9	60.0	5	1	1	2	1003	1238	1801	2596	3517	4350	4751	4843	4741	4527	4227	3856	3536	3179	2927	2702	2613	2624	2820	3081	3383	3564	3659	3607	3417	3251	3001	2773	2596	2355	2249	2107	
75	2541	95.0	95.1	6	1	0	2	924	1022	1331	1702	2180	2613	2860	2955	2939	2860	2718	2562	2381	2216	2084	1999	2024	2083	2274	2527	2781	2914	3008	2930	2844	2686	2525	2347	2244	2088	1971	1867	
75	2621	59.9	60.1	6	1	1	2	1002	1243	1815	2612	3551	4335	4773	4835	4774	4483	4184	3853	3532	3172	2930	2711	2620	2611	2811	3085	3368	3555	3670	3579	3459	3216	2985	2777	2576	2396	2237	2082	
75	2639	59.9	60.0	6	1	1	2	1000	1234	1802	2615	3571	4329	4747	4869	4733	4500	4193	3876	3542	3216	2912	2688	2604	2611	2827	3088	3388	3549	3652	3589	3431	3265	2962	2821	2573	2367	2214	2121	
75	2656	60.0	60.0	6	1	1	2	996	1243	1784	2588	3617	4397	4808	4889	4802	4543	4221	3895	3571	3215	2947	2724	2608	2655	2827	3092	3433	3564	3674	3629	3433	3286	3000	2808	2594	2388	2244	2124	
75	2673	59.9	60.0	6	1	1	2	994	1223	1818	2624	3584	4405	4805	4876	4809	4543	4230	3881	3522	3247	2909	2707	2633	2640	2832	3071	3401	3539	3668	3580	3450	3283	3013	2795	2592	2421	2261	2100	
75	2690	60.0	60.0	6	1	1	2	994	1217	1800	2592	3565	4385	4769	4892	4804	4563	4226	3870	3515	3172	2928	2730	2631	2644	2813	3120	3391	3570	3679	3622	3428	3267	3028	2776	2583	2367	2243	2109	
75	2708	60.0	60.0	6	1	1	2	1013	1236	1790	2599	3567	4337	4773	4820	4739	4526	4171	3909	3517	3210	2908	2680	2582	2645	2820	3083	3393	3540	3638	3588	3436	3274	2991	2770	2594	2376	2232	2098	
75	2725	60.0	60.0	6	1	1	2	998	1245	1779	2589	3581	4329	4749	4841	4760	4517	4233	3881	3527	3204	2904	2684	2585	2603	2817	3063	3431	3600	3694	3590	3433	3242	3024	2746	2580	2370	2240	2090	
75	2789	94.9	95.1	7	1	0	2	927	1040	1328	1702	2170	2607	2876	2960	2926	2821	2697	2580	2392	2226	2070	2030	2009	2144	2273	2527	2740	2923	2970	2914	2815	2710	2521	2386	2239	2080	1996	1861	
75	2870	59.9	60.1	7	1	1	2	1012	1233	1771	2551	3535	4312	4702	4833	4697	4450	4171	3851	3486	3194	2929	2664	2576	2613	2780	3080	3370	3547	3609	3563	3421	3268	2977	2748	2560	2345	2237	2029	
75	2887	59.9	60.0	7	1	1	2	1020	1220	1832	2626	3519	4343	4716	4888	4759	4491	4162	3835	3536	3197	2924	2686	2589	2633	2792	3065	3385	3616	3626	3604	3404	3256	2996	2771	2557	2379	2208	2093	
75	2904	59.9	60.0	7	1	1	2	998	1235	1796	2597	3598	4346	4771	4893	4753	4548	4204	3887	3544	3201	2953	2715	2603	2622	2793	3141	3416	3576	3665	3602	3466	3284	3003	2776	2594	2389	2231	2069	
75	2921	60.0	60.0	7	1	1	2	1007	1170	1783	2618	3550	4340	4743	4850	4772	4553	4182	3861	3496	3171	2938	2689	2608	2654	2776	3071	3398	3529	3641	3602	3440	3254	3003	2765	2579	2366	2248	2084	
75	2939	60.0	60.0	7	1	1	2	999	1238	1793	2591	3549	4347	4740	4881	4718	4526	4166	3890	3533	3181	2882	2682	2605	2616	2769	3094	3420	3574	3658	3592	3440	3262	3005	2752	2577	2423	2227	2093	
75	2956	60.0	60.0	7	1	1	2	985	1237	1802	2584	3517	4341	4753	4856	4724	4492	4205	3855	3524	3160	2914	2680	2625	2600	2774	3066	3400	3560	3646	3576	3412	3255	2992	2787	2577	2355	2248	2086	
75	2973	60.0	60.0	7	1	1	2	1014	1227	1797	2574	3548	4280	4754	4810	4725	4491	4145	3846	3470	3170	2905	2679	2587	2622	2802	3080	3368	3539	3660	3564	3391	3246	3022	2752	2546	2365	2223	2082	
75	3038	94.9	95.0	8	1	0	2	908	1034	1330	1688	2192	2588	2858	2933	2946	2848	2701	2515	2357	2226	2090	2006	1994	2098	2267	2516	2775	2868	2964	2924	2825	2693	2498	2336	2216	2109	1982	1863	
75	3118	60.0	60.0	8	1	1	2	988	1226	1734	2572	3534	4330	4745	4787	4709	4480	4169	3844	3509	3162	2912	2686	2593	2610	2780	3088	3393	3578	3618	3569	3412	3217	2995	2764	2559	2369	2221	2061	
75	3135	59.9	60.0	8	1	1	2	995	1220	1793	2569	3512	4261	4663	4782	4698	4484	4117	3831	3490	3165	2845	2667	2578	2602	2750	3063	3358	3529	3620	3549	3416	3248	2993	2714	2527	2361	2203	2084	
75	3152	60.0	60.0	8	1	1	2	1000	1235	1782	2611	3558	4376	4777	4840	4759	4475	4160	3856	3517	3161	2921	2696	2613	2619	2807	3108	3403	3562	3623	3587	3424	3265	2956	2740	2574	2373	2237	2089	
75	3169	60.0	60.0	8	1	1	2	1033	1208	1781	2576	3515	4299	4715	4802	4729	4495	4145	3834	3467	3214	2895	2694	2566	2604	2801	3048	3380	3529	3636	3534	3395	3227	2985	2769	2556	2359	2243	2083	
75	3187	60.0	60.0	8	1	1	2	1014	1218	1809	2567	3539	4277	4651	4790	4672	4459	4105	3816	3453	3133	2876	2690	2564	2590	2748	3067	3358	3509	3616	3526	3417	3206	2999	2748	2534	2339	2199	2052	
75	3204	59.9	60.0	8	1	1	2	1000	1232	1797	2574	3521	4357	4755	4817	4721	4446	4156	3887	3487	3157	2918	2700	2583	2572	2779	3068	3326	3561	3669	3549	3420	3226	2986	2740	2574	2378	2228	2091	
75	3221	60.0	60.0	8	1	1	2	993	1230	1790	2575	3515	4327	4710	4845	4694	4458	4155	3830	3461	3179	2870	2683	2565	2599	2757	3050	3391	3547	3588	3562	3372	3234	2981	2719	2561	2363	2216	2053	
75	3284	94.9	95.0	9	1	0	2	929	1039	1302	1703	2164	2577	2813	2914	2940	2823	2672	2500	2362	2176	2093	2008	1969	2065	2269	2467	2740	2875	2944	2899	2781	2645	2513	2346	2186	2066	1957	1847	
75	3364	60.0	60.1	9	1	1	2	987	1237	1756	2560	3465	4250	4656	4716	4670	4399	4155	3782	3484	3166	2870	2657	2543	2588	2753	3042	3354	3510	3637	3499	3394	3166	2966	2748	2538	2334	2238	2069	
75	3381	59.9	60.0	9	1	1	2	988	1228	1765	2546	3483	4276	4684	4757	4665	4437	4080	3810	3456	3163	2889	2678	2555	2604	2776	3067	3357	3525	3606	3510	3374	3208	2953	2725	2511	2361	2227	2066	
75	3398	59.9	60.0	9	1	1	2	1006	1224	1780	2567	3564	4314	4705	4801	4706	4472	4170	3850	3513	3169	2905	2688	2602	2583	2775	3048	3385	3546	3647	3517	3418	3200	2991	2792	2569	2375	2218	2070	
75	3415	60.0	60.0	9	1	1	2	994	1230	1778	2573	3504	4300	4688	4766	4718	4445	4109	3822	3484	3156	2889	2708	2569	2589	2805	3064	3344	3524	3610	3558	3402	3212	2971	2734	2563	2361	2218	2046	
75	3433	60.0	60.0	9	1	1	2	995	1220	1785	2570	3513	4286	4649	4781	4688	4437	4098	3809	3446	3180	2880	2672	2572	2572	2747	3030	3343	3510	3605	3544	3378	3210	2955	2730	2563	2323	2216	2062	
75	3450	59.9	60.0	9	1	1	2	993	1236	1774	2560	3499	4253	4622	4755	4731	4445	4089	3788	3448	3121	2858	2675	2569	2593	2754	3026	3360	3490	3576	3564	3379	3205	2955	2735	2532	2328	2197	2047	
75	3467	60.0	60.0	9	1	1	2	1005	1219	1769	2542	3490	4236	4627	4768	4626	4412	4085	3782	3427	3117	2847	2636	2539	2580	2754	3035	3346	3464	3569	3504	3369	3208	2950	2719	2541	2335	2202	2077	
75	3532	94.9	95.1	10	1	0	2	925	1024	1301	1686	2152	2584	2797	2917	2905	2803	2640	2516	2324	2190	2059	1957	1967	2065	2239	2482	2711	2801	2905	2854	2757	2639	2471	2322	2169	2038	1960	1844	
75	3612	60.0	60.1	10	1	1	2	990	1219	1771	2536	3461	4245	4637	4725	4646	4400	4063	3746	3441	3141	2848	2656	2543	2564	2734	3023	3323	3487	3577	3479	3346	3207	2960	2729	2531	2351	2244	2052	
75	3629	59.9	60.0	10	1	1	2	987	1175	1760	2548	3507	4244	4678	4754	4664	4409	4081	3803	3464	3150	2871	2646	2548	2555	2765	3013	3336	3478	3594	3524	3358	3205	2954	2739	2545	2358	2190	2058	
75	3646	60.0	60.0	10	1	1	2	1006	1231	1783	2580	3544	4285	4711	4803	4708	4485	4148	3841	3458	3169	2882	2665	2547	2600	2774	3063	3343	3492	3621	3574	3387	3212	2979	2750	2540	2341	2228	2095	
75	3664	60.0	60.0	10	1	1	2	1004	1227	1787	2533	3476	4242	4646	4738	4645	4378	4084	3783	3449	3120	2832	2654	2552	2591	2743	3029	3347	3494	3574	3506	3358	3168	2950	2730	2526	2348	2188	2052	
75	3681	60.0	60.0	10	1	1	2	1005	1216	1771	2545	3506	4256	4702	4768	4689	4434	4141	3791	3447	3151	2881	2676	2558	2589	2760	3049	3349	3483	3594	3485	3346	3236	2946	2732	2560	2374	2218	2050	
75	3698	59.9	60.0	10	1	1	2	996	1212	1793	2533	3473	4286	4663	4736	4646	4432	4098	3770	3454	3107	2858	2666	2590	2558	2756	3018	3344	3486	3613	3526	3373	3172	2977	2705	2537	2317	2219	2046	
75	3715	60.0	60.0	10	1	1	2	1006	1243	1771	2531	3474	4252	4701	4729	4637	4440	4080	3774	3436	3114	2861	2699	2567	2569	2738	2991	3391	3456	3554	3498	3368	3211	2964	2741	2539	2352	2200	2051	
75	3780	94.9	95.1	11	1	0	2	927	1021	1307	1688	2138	2565	2804	2892	2870	2821	2630	2509	2344	2186	2045	1985	1982	2078	2228	2498	2728	2831	2896	2834	2716	2666	2461	2300	2159	2024	1945	1827	
75	3860	60.0	60.1	11	1	1	2	965	1199	1769	2534	3465	4263	4602	4720	4621	4382	4101	3799	3428	3117	2850	2615	2533	2580	2740	3010	3297	3480	3571	3505	3359	3172	2917	2728	2517	2400	2214	2038	
75	3877	59.9	60.0	11	1	1	2	993	1227	1764	2560	3479	4280	4614	4785	4625	4409	4121	3810	3448	3149	2862	2682	2560	2577	2776	3022	3318	3532	3563	3512	3374	3185	2956	2748	2553	2316	2207	2055	
75	3894	60.0	60.0	11	1	1	2	1013	1218	1773	2532	3480	4281	4605	4755	4658	4404	4099	3779	3462	3157	2857	2648	2573	2555	2734	3042	3339	3483	3580	3527	3377	3192	2934	2715	2524	2353	2205	2047	
75	3912	60.0	60.0	11	1	1	2	988	1227	1776	2568	3501	4260	4715	4741	4690	4441	4098	3855	3481	3145	2847	2664	2578	2555	2738	3032	3356	3503	3621	3524	3377	3198	2993	2737	2571	2348	2203	2070	
75	3929	60.0	60.0	11	1	1	2	997	1224	1789	2527	3457	4221	4581	4686	4671	4408	4075	3769	3444	3090	2847	2632	2541	2564	2751	3005	3307	3483	3574	3503	3374	3194	2945	2717	2511	2330	2220	2036	
75	3946	60.0	60.0	11	1	1	2	990	1220	1758	2575	3495	4271	4638	4736	4683	4400	4071	3776	3464	3142	2868	2633	2564	2556	2748	3022	3336	3496	3585	3534	3376	3191	2952	2720	2547	2313	2184	2062	
75	3963	60.0	60.0	11	1	1	2	988	1228	1767	2549	3489	4230	4610	4722	4649	4409	4084	3774	3429	3122	2843	2636	2545	2590	2737	2992	3296	3484	3580	3504	3338	3202	2945	2728	2535	2342	2197	2060	
75	4026	95.1	95.1	12	1	0	2	914	1027	1287	1680	2137	2562	2779	2856	2899	2791	2675	2534	2339	2193	2046	1975	1999	2070	2240	2464	2711	2821	2917	2860	2772	2629	2489	2296	2186	2040	1922	1815	
75	4106	59.9	60.1	12	1	1	2	986	1204	1751	2517	3411	4213	4578	4694	4588	4405	4060	3781	3397	3114	2851	2630	2536	2522	2741	3013	3319	3446	3598	3485	3336	3178	2924	2703	2499	2323	2175	2048	
75	4123	59.9	60.0	12	1	1	2	1000	1220	1751	2531	3466	4198	4614	4701	4614	4397	4082	3788	3431	3148	2821	2681	2554	2532	2729	3019	3302	3473	3556	3495	3369	3177	2952	2701	2529	2350	2191	2027	
75	4141	60.0	60.0	12	1	1	2	1000	1225	1765	2567	3462	4288	4700	4733	4641	4389	4103	3823	3466	3178	2894	2649	2577	2572	2747	3010	3336	3478	3586	3548	3364	3169	2962	2714	2531	2337	2206	2032	
75	4158	60.0	60.0	12	1	1	2	991	1213	1769	2564	3475	4232	4693	4760	4646	4436	4064	3770	3474	3189	2888	2643	2559	2569	2732	3060	3311	3457	3578	3576	3378	3221	2961	2732	2538	2328	2205	2048	
75	4175	60.0	60.0	12	1	1	2	1000	1217	1759	2530	3448	4212	4627	4756	4615	4414	4093	3764	3411	3132	2841	2647	2561	2573	2742	3004	3289	3461	3562	3485	3344	3196	2947	2691	2515	2329	2212	2042	
75	4192	60.0	60.0	12	1	1	2	1015	1215	1737	2558	3465	4235	4645	4691	4582	4378	4078	3745	3415	3131	2848	2668	2516	2571	2700	3003	3321	3488	3504	3485	3341	3214	2938	2700	2505	2323	2214	2048	
75	4209	60.0	60.0	12	1	1	2	989	1210	1777	2563	3453	4183	4614	4717	4588	4403	4060	3735	3406	3084	2853	2626	2548	2555	2717	2996	3300	3450	3563	3490	3321	3167	2924	2715	2500	2318	2174	2042	
75	4271	94.9	95.0	13	1	0	2	913	1018	1292	1705	2134	2540	2780	2872	2876	2784	2636	2514	2328	2177	2042	1995	1994	2036	2211	2450	2724	2817	2860	2819	2792	2614	2464	2328	2197	2041	1923	1832	
75	4288	95.0	95.0	13	1	0	2	922	1022	1308	1687	2155	2551	2778	2875	2856	2778	2653	2490	2333	2167	2030	1956	1964	2057	2222	2475	2677	2820	2883	2833	2736	2613	2478	2286	2179	2008	1948	1838	
75	4351	60.0	60.1	13	1	1	2	986	1207	1754	2531	3427	4200	4642	4719	4622	4375	4062	3752	3441	3081	2825	2623	2517	2544	2728	2961	3281	3427	3577	3514	3357	3185	2931	2720	2486	2343	2200	2057	
75	4368	59.9	60.0	13	1	1	2	991	1195	1743	2538	3447	4245	4627	4722	4601	4389	4087	3769	3417	3113	2857	2660	2572	2560	2730	2997	3327	3471	3577	3493	3348	3164	2950	2720	2504	2322	2199	2043	
75	4386	60.0	60.0	13	1	1	2	958	1214	1760	2552	3490	4244	4622	4740	4646	4445	4053	3772	3474	3108	2848	2647	2580	2548	2732	3026	3342	3504	3579	3515	3385	3196	2940	2714	2527	2355	2194	2044	
75	4403	60.0	60.0	13	1	1	2	995	1204	1756	2548	3495	4225	4612	4700	4653	4408	4056	3779	3417	3120	2829	2637	2538	2556	2720	3020	3299	3509	3583	3525	3343	3184	2942	2718	2553	2353	2188	2062	
75	4420	60.0	60.0	13	1	1	2	988	1232	1772	2576	3481	4233	4652	4696	4628	4399	4047	3768	3402	3073	2825	2637	2541	2551	2749	3017	3292	3440	3536	3498	3354	3176	2980	2697	2547	2320	2196	2044	
75	4437	59.9	60.0	13	1	1	2	1003	1209	1771	2515	3440	4232	4584	4736	4568	4396	4038	3784	3410	3103	2852	2632	2502	2539	2720	3015	3289	3474	3567	3488	3320	3169	2902	2699	2507	2295	2189	2056	
75	4455	60.0	60.0	13	1	1	2	1001	1224	1765	2545	3471	4227	4587	4686	4608	4349	4027	3743	3404	3104	2817	2607	2523	2537	2747	2984	3265	3459	3508	3443	3337	3183	2905	2701	2498	2326	2187	2033	
75	4517	95.0	95.0	14	1	0	2	918	1035	1305	1679	2127	2566	2795	2889	2861	2791	2641	2491	2334	2197	2076	1960	1964	2057	2222	2484	2699	2802	2903	2833	2727	2633	2453	2297	2173	2023	1940	1823	
75	4534	95.0	95.0	14	1	0	2	912	1041	1295	1683	2099	2542	2754	2870	2824	2746	2612	2495	2321	2197	2035	1971	1966	2063	2198	2427	2665	2796	2865	2841	2727	2606	2452	2287	2161	1989	1888	1810	
75	4597	60.0	60.1	14	1	1	2	988	1242	1763	2520	3443	4193	4605	4705	4588	4363	4081	3782	3397	3081	2840	2627	2523	2549	2716	2977	3299	3436	3556	3485	3317	3162	2938	2695	2520	2323	2210	2055	
75	4615	59.9	60.0	14	1	1	2	994	1229	1750	2550	3430	4289	4599	4662	4612	4385	4076	3773	3428	3073	2867	2600	2529	2552	2759	2997	3350	3443	3534	3503	3304	3163	2942	2674	2508	2324	2206	2039	
75	4632	60.0	60.0	14	1	1	2	995	1221	1762	2550	3474	4220	4635	4744	4618	4417	4072	3783	3413	3112	2865	2658	2555	2547	2711	3007	3345	3449	3562	3497	3369	3158	2945	2722	2511	2342	2187	2049	
75	4649	60.0	60.0	14	1	1	2	996	1220	1755	2529	3453	4204	4612	4671	4588	4380	4054	3725	3439	3096	2835	2621	2535	2555	2726	2990	3319	3466	3538	3490	3338	3159	2913	2693	2514	2309	2172	2040	
75	4666	59.9	60.0	14	1	1	2	994	1221	1776	2565	3453	4192	4608	4699	4596	4354	4048	3754	3422	3110	2842	2626	2571	2561	2718	2967	3323	3440	3505	3464	3341	3192	2937	2698	2514	2329	2177	2041	
75	4684	59.9	60.0	14	1	1	2	993	1216	1784	2529	3446	4251	4632	4688	4619	4358	4074	3725	3394	3116	2880	2624	2522	2553	2730	3009	3292	3428	3564	3480	3324	3138	2915	2726	2513	2312	2163	2038	
75	4701	60.0	60.0	14	1	1	2	1002	1232	1748	2542	3440	4199	4585	4705	4572	4360	4035	3734	3433	3039	2822	2642	2538	2544	2685	2983	3294	3462	3546	3477	3308	3172	2927	2699	2497	2311	2178	2031	
75	4765	94.9	95.1	15	1	0	2	901	1029	1301	1684	2108	2534	2786	2858	2871	2793	2637	2488	2321	2176	2048	1960	1975	2047	2239	2449	2676	2802	2868	2822	2730	2612	2459	2312	2154	2016	1912	1795	
75	4783	95.0	95.0	15	1	1	2	930	1029	1282	1669	2135	2534	2720	2816	2840	2764	2606	2489	2293	2178	2043	1960	1961	2029	2180	2425	2664	2762	2840	2810	2702	2600	2442	2270	2138	2007	1907	1796	
75	4845	59.9	60.1	15	1	1	2	985	1214	1746	2506	3452	4184	4560	4675	4582	4366	4022	3735	3375	3082	2814	2644	2514	2523	2697	2963	3284	3407	3524	3457	3303	3162	2890	2695	2490	2335	2191	2051	
75	4863	59.9	60.0	15	1	1	2	996	1220	1755	2502	3409	4194	4609	4609	4586	4330	4047	3746	3406	3057	2845	2637	2524	2540	2732	2984	3290	3442	3568	3475	3343	3164	2926	2702	2472	2314	2166	2039	
75	4880	59.9	60.0	15	1	1	2	1004	1215	1794	2541	3463	4224	4612	4739	4634	4385	4037	3756	3447	3119	2895	2638	2576	2599	2774	3021	3323	3496	3569	3489	3327	3186	2946	2717	2502	2327	2193	2047	
75	4897	59.9	60.0	15	1	1	2	1005	1209	1753	2491	3437	4193	4585	4663	4560	4352	4045	3740	3400	3083	2848	2608	2520	2541	2709	2987	3287	3421	3560	3479	3310	3178	2922	2706	2497	2338	2190	2050	
75	4914	59.9	60.0	15	1	1	2	985	1210	1764	2540	3454	4161	4539	4720	4573	4322	4031	3712	3394	3056	2819	2608	2515	2544	2721	2983	3275	3439	3534	3481	3301	3104	2888	2672	2492	2309	2166	2023	
75	4932	60.0	60.0	15	1	1	2	984	1222	1751	2520	3449	4174	4572	4660	4591	4360	4043	3714	3372	3074	2829	2622	2508	2524	2680	2989	3294	3394	3511	3469	3322	3096	2885	2677	2510	2289	2167	2014	
75	4949	60.0	60.0	15	1	1	2	985	1219	1738	2509	3432	4196	4574	4673	4599	4314	4013	3734	3385	3067	2805	2604	2513	2549	2709	2961	3276	3428	3520	3472	3339	3139	2909	2736	2476	2313	2178	2045	
75	5013	94.9	95.1	16	1	0	2	935	1026	1307	1673	2128	2541	2755	2852	2854	2777	2613	2484	2319	2131	2039	1987	1944	2002	2202	2454	2688	2802	2834	2840	2717	2602	2424	2308	2152	2033	1896	1791	
75	5031	95.0	95.0	16	1	1	2	892	1039	1265	1660	2116	2483	2777	2828	2839	2751	2617	2481	2309	2164	2027	1935	1952	2023	2229	2449	2649	2780	2857	2818	2714	2617	2429	2302	2148	2018	1911	1807	
75	5093	60.0	60.1	16	1	1	2	979	1223	1743	2505	3406	4153	4557	4658	4575	4307	4006	3717	3390	3092	2811	2607	2512	2524	2693	2987	3229	3404	3574	3432	3323	3146	2878	2690	2521	2314	2160	2044	
75	5111	59.9	60.0	16	1	1	2	1015	1216	1750	2555	3439	4192	4608	4607	4574	4347	4018	3729	3389	3075	2825	2626	2518	2538	2694	2972	3298	3450	3544	3474	3327	3169	2933	2677	2518	2321	2187	2041	
75	5128	59.9	60.0	16	1	1	2	990	1205	1755	2517	3451	4216	4584	4705	4616	4357	4080	3759	3423	3123	2832	2644	2521	2534	2739	2983	3297	3439	3542	3466	3319	3147	2920	2684	2533	2307	2178	2079	
75	5145	59.9	60.0	16	1	1	2	988	1217	1752	2516	3434	4209	4571	4659	4595	4351	4019	3730	3402	3063	2802	2640	2522	2536	2693	2952	3262	3424	3523	3475	3346	3127	2908	2685	2524	2282	2178	2028	
75	5162	60.0	60.0	16	1	1	2	989	1229	1739	2499	3420	4158	4559	4667	4577	4337	4016	3760	3414	3095	2826	2624	2512	2513	2698	2993	3272	3446	3522	3467	3333	3163	2933	2689	2478	2293	2181	2044	
75	5180	60.0	60.0	16	1	1	2	986	1210	1773	2512	3417	4168	4639	4661	4586	4324	4020	3709	3399	3086	2800	2602	2543	2486	2698	2984	3276	3445	3520	3480	3318	3152	2898	2691	2520	2297	2195	2041	
75	5197	60.0	60.0	16	1	1	2	1000	1235	1737	2538	3414	4144	4546	4633	4539	4281	4017	3735	3381	3091	2776	2596	2501	2499	2692	2979	3284	3393	3484	3444	3275	3110	2885	2687	2481	2291	2176	2019	
75	5259	95.0	95.0	17	1	0	2	919	1020	1315	1650	2112	2515	2758	2858	2860	2743	2642	2463	2305	2137	2051	1970	1963	2053	2193	2450	2657	2825	2859	2831	2723	2604	2413	2286	2142	2014	1911	1808	
75	5277	95.0	95.0	17	1	1	2	930	1023	1277	1660	2124	2458	2772	2826	2839	2738	2605	2481	2291	2141	2034	1915	1948	2036	2233	2440	2671	2802	2821	2800	2693	2605	2421	2287	2112	2022	1923	1806	
75	5339	59.9	60.1	17	1	1	2	978	1206	1750	2518	3408	4219	4568	4648	4541	4279	4014	3707	3391	3060	2806	2604	2520	2524	2691	2999	3300	3415	3518	3441	3288	3190	2883	2677	2511	2321	2145	2048	
75	5357	59.9	60.0	17	1	1	2	994	1207	1743	2490	3438	4210	4548	4684	4568	4313	4039	3711	3402	3060	2813	2626	2560	2540	2713	2969	3290	3410	3497	3459	3314	3134	2888	2698	2496	2292	2167	2032	
75	5374	59.9	60.0	17	1	1	2	995	1204	1754	2515	3445	4184	4565	4715	4598	4391	4045	3723	3390	3086	2834	2619	2553	2562	2731	2982	3272	3437	3520	3485	3321	3128	2891	2717	2486	2322	2147	2036	
75	5391	59.9	60.0	17	1	1	2	986	1209	1762	2524	3424	4212	4616	4697	4592	4325	4049	3707	3390	3099	2844	2622	2543	2524	2720	2967	3285	3434	3516	3470	3351	3148	2905	2684	2509	2304	2154	2043	
75	5408	59.9	60.0	17	1	1	2	989	1229	1757	2533	3422	4192	4598	4682	4573	4379	4022	3725	3393	3099	2824	2601	2525	2551	2714	2977	3295	3430	3533	3463	3359	3163	2925	2691	2508	2299	2211	2012	
75	5426	60.0	60.0	17	1	1	2	987	1210	1758	2506	3449	4154	4559	4652	4559	4305	4016	3698	3373	3055	2817	2603	2514	2508	2701	2969	3300	3438	3477	3447	3309	3158	2914	2688	2482	2328	2178	2022	
75	5443	60.0	60.0	17	1	1	2	996	1227	1754	2523	3418	4205	4582	4653	4565	4321	3980	3716	3351	3076	2827	2606	2504	2538	2710	2969	3274	3414	3493	3444	3310	3130	2925	2678	2514	2313	2160	2020	
75	5507	94.9	95.1	18	1	0	2	910	1030	1295	1680	2112	2510	2756	2876	2852	2787	2608	2453	2297	2161	2056	1952	1943	2039	2222	2464	2674	2797	2868	2825	2746	2559	2454	2307	2164	2002	1944	1809	
75	5525	95.0	95.0	18	1	1	2	921	1042	1276	1666	2133	2514	2731	2851	2841	2742	2630	2487	2285	2146	1993	1962	1943	2041	2201	2398	2673	2782	2860	2805	2696	2581	2429	2312	2138	2007	1875	1800	
75	5588	60.0	60.1	18	1	1	2	986	1228	1746	2513	3396	4118	4506	4626	4502	4310	3968	3709	3379	3084	2814	2614	2498	2525	2692	2994	3234	3424	3490	3452	3301	3124	2892	2694	2488	2293	2182	2018	
75	5605	59.9	60.0	18	1	1	2	998	1209	1743	2502	3447	4167	4605	4675	4599	4306	4027	3754	3390	3048	2821	2599	2547	2506	2754	2994	3291	3438	3541	3467	3291	3182	2918	2698	2503	2295	2193	2025	
75	5622	60.0	60.0	18	1	1	2	984	1205	1752	2532	3446	4233	4593	4631	4629	4373	4072	3749	3381	3119	2844	2651	2481	2567	2719	2963	3280	3446	3568	3494	3313	3137	2919	2687	2493	2306	2200	2036	
75	5639	60.0	60.0	18	1	1	2	991	1225	1754	2496	3392	4170	4619	4679	4540	4315	4007	3739	3416	3042	2808	2597	2503	2557	2708	2972	3279	3437	3515	3449	3307	3107	2924	2704	2483	2293	2180	2038	
75	5657	60.0	60.0	18	1	1	2	977	1219	1743	2487	3440	4186	4541	4668	4544	4351	4011	3725	3429	3092	2802	2602	2537	2531	2701	2960	3247	3396	3503	3441	3323	3114	2893	2662	2465	2280	2180	2049	
75	5674	60.0	60.0	18	1	1	2	985	1212	1730	2520	3421	4161	4594	4687	4557	4312	3973	3728	3361	3071	2808	2636	2525	2525	2666	2959	3249	3435	3502	3463	3325	3165	2913	2682	2496	2298	2170	2001	
75	5691	60.0	60.0	18	1	1	2	996	1218	1779	2510	3408	4139	4562	4676	4534	4304	4000	3726	3394	3064	2806	2604	2502	2532	2693	2952	3252	3417	3497	3440	3273	3117	2920	2675	2481	2297	2136	2027	
75	5756	95.0	95.1	19	1	0	2	926	1029	1306	1638	2124	2507	2735	2875	2852	2738	2607	2499	2283	2149	2038	1935	1943	2011	2189	2432	2660	2819	2875	2806	2696	2600	2404	2256	2162	2013	1856	1783	
75	5773	95.0	95.0	19	1	1	2	942	1055	1284	1669	2101	2518	2734	2806	2809	2722	2596	2472	2293	2152	2049	1953	1962	2004	2173	2423	2647	2812	2851	2806	2703	2563	2457	2266	2153	2023	1926	1805	
75	5836	59.9	60.1	19	1	1	2	995	1203	1757	2497	3423	4142	4541	4689	4603	4307	4040	3722	3361	3077	2795	2641	2517	2516	2704	2993	3276	3404	3555	3444	3301	3133	2915	2706	2460	2302	2182	2053	
75	5853	60.0	60.0	19	1	1	2	998	1200	1747	2505	3412	4173	4551	4623	4527	4304	3985	3717	3376	3069	2814	2608	2520	2552	2705	2991	3242	3426	3494	3402	3325	3117	2878	2689	2488	2271	2181	2038	
75	5870	60.0	60.0	19	1	1	2	1007	1213	1746	2552	3429	4189	4582	4709	4645	4349	4046	3762	3397	3112	2829	2620	2509	2536	2726	3011	3264	3418	3543	3456	3332	3149	2926	2700	2503	2317	2168	2016	
75	5887	59.9	60.0	19	1	1	2	987	1197	1761	2528	3439	4201	4565	4692	4554	4348	4023	3732	3401	3107	2823	2631	2523	2503	2687	2948	3288	3424	3542	3472	3311	3128	2910	2674	2513	2309	2173	2047	
75	5905	60.0	60.0	19	1	1	2	997	1210	1744	2500	3422	4203	4560	4607	4547	4356	4015	3711	3379	3078	2840	2604	2533	2528	2678	2985	3288	3433	3527	3457	3299	3156	2944	2692	2509	2303	2150	2021	
75	5922	60.0	60.0	19	1	1	2	992	1220	1743	2504	3403	4156	4544	4632	4529	4313	3992	3711	3458	3084	2793	2604	2518	2531	2673	2952	3309	3412	3488	3441	3316	3112	2901	2671	2505	2289	2171	2033	
75	5939	60.0	60.0	19	1	1	2	974	1213	1761	2513	3457	4142	4579	4618	4584	4309	4012	3669	3381	3072	2783	2601	2534	2520	2692	2956	3224	3456	3505	3439	3272	3123	2888	2698	2466	2293	2164	2023	
75	6004	95.0	95.1	20	1	0	2	912	1020	1297	1676	2112	2524	2741	2832	2806	2726	2608	2462	2286	2141	2026	1960	1961	2034	2189	2424	2673	2800	2858	2800	2703	2564	2447	2272	2144	2014	1917	1797	
75	6021	95.0	95.0	20	1	1	2	915	1032	1291	1665	2110	2509	2717	2814	2828	2759	2606	2483	2298	2166	2036	1959	1969	2038	2203	2430	2663	2796	2861	2822	2737	2583	2435	2269	2136	1987	1925	1793	
75	6084	59.8	60.1	20	1	1	2	990	1229	1730	2480	3367	4164	4533	4600	4526	4262	3958	3715	3397	3071	2771	2596	2486	2546	2683	2929	3266	3388	3475	3446	3310	3115	2890	2679	2453	2292	2164	2018	
75	6101	59.9	60.0	20	1	1	2	979	1190	1731	2497	3421	4178	4540	4634	4532	4304	3983	3723	3375	3088	2804	2606	2499	2528	2718	2956	3250	3397	3488	3435	3297	3164	2920	2675	2495	2308	2182	2029	
75	6118	60.0	60.0	20	1	1	2	985	1230	1754	2506	3413	4199	4591	4648	4561	4382	4063	3734	3432	3100	2819	2647	2506	2541	2707	3006	3264	3392	3529	3478	3326	3145	2915	2708	2488	2295	2174	2025	
75	6135	59.9	60.0	20	1	1	2	985	1214	1779	2524	3409	4211	4579	4613	4617	4346	3992	3714	3416	3057	2826	2616	2492	2523	2726	2973	3279	3454	3502	3462	3296	3149	2938	2704	2486	2313	2192	2043	
75	6153	59.9	60.0	20	1	1	2	974	1204	1733	2516	3393	4153	4532	4609	4609	4333	4006	3726	3356	3066	2801	2603	2512	2532	2678	2953	3270	3436	3504	3452	3291	3169	2874	2685	2476	2321	2175	2045	
75	6170	59.9	60.0	20	1	1	2	987	1199	1719	2496	3409	4140	4597	4668	4559	4296	3960	3703	3358	3078	2807	2599	2506	2529	2701	2995	3230	3405	3499	3441	3305	3115	2889	2677	2503	2293	2154	2011	
75	6187	59.9	60.0	20	1	1	2	984	1219	1744	2504	3408	4178	4555	4631	4521	4345	4007	3706	3355	3085	2798	2605	2501	2521	2691	2967	3280	3430	3525	3454	3266	3161	2898	2694	2488	2295	2186	2027	
75	6252	95.0	95.1	21	1	0	2	910	1035	1288	1655	2121	2522	2764	2841	2870	2767	2597	2506	2302	2160	2023	1959	1957	2008	2192	2430	2680	2800	2859	2816	2705	2626	2432	2307	2138	2011	1940	1793	
75	6269	95.0	95.0	21	1	1	2	913	1025	1288	1666	2126	2477	2737	2795	2842	2714	2580	2433	2320	2132	2026	1932	1953	2010	2200	2430	2664	2753	2841	2796	2701	2580	2429	2279	2153	2027	1904	1788	
75	6330	59.9	60.1	21	1	1	2	994	1219	1745	2518	3412	4153	4556	4612	4547	4309	3989	3721	3377	3066	2841	2600	2521	2549	2695	2972	3261	3401	3533	3442	3307	3124	2910	2667	2484	2282	2156	2028	
75	6347	60.0	60.0	21	1	1	2	985	1214	1758	2508	3412	4191	4580	4636	4571	4360	4025	3730	3382	3085	2817	2599	2515	2525	2699	2967	3304	3445	3539	3482	3292	3122	2896	2662	2506	2276	2155	2060	
75	6364	60.0	60.0	21	1	1	2	989	1215	1755	2538	3467	4246	4616	4691	4604	4390	4085	3784	3389	3110	2834	2637	2538	2539	2695	2959	3276	3453	3504	3476	3306	3154	2910	2698	2497	2318	2199	2049	
75	6382	60.0	60.0	21	1	1	2	999	1220	1754	2537	3400	4185	4565	4619	4555	4356	4033	3705	3384	3088	2827	2609	2533	2520	2730	2982	3298	3436	3493	3467	3299	3134	2903	2680	2493	2304	2173	1994	
75	6399	59.9	60.0	21	1	1	2	987	1215	1759	2525	3413	4156	4553	4673	4564	4323	4001	3711	3365	3074	2821	2604	2505	2558	2687	2966	3263	3402	3536	3445	3319	3164	2887	2678	2471	2307	2153	2035	
75	6416	60.0	60.0	21	1	1	2	989	1214	1751	2520	3418	4184	4606	4669	4549	4342	4043	3720	3367	3072	2832	2610	2542	2524	2722	2970	3272	3428	3567	3430	3295	3142	2874	2680	2481	2282	2181	2052	
75	6433	60.0	60.0	21	1	1	2	1010	1210	1694	2520	3416	4184	4573	4654	4556	4337	4027	3708	3365	3065	2794	2610	2532	2515	2685	2949	3239	3419	3494	3415	3311	3124	2914	2699	2476	2315	2188	2023	
75	6496	95.0	95.0	22	1	0	2	929	1040	1309	1655	2140	2532	2779	2851	2833	2771	2622	2484	2309	2141	2035	1960	1923	2029	2215	2427	2701	2769	2845	2798	2723	2569	2407	2274	2155	1992	1920	1810	
75	6513	95.0	95.0	22	1	0	2	919	1021	1286	1650	2088	2498	2737	2819	2833	2743	2595	2457	2295	2132	2018	1937	1948	2029	2216	2429	2640	2754	2830	2795	2725	2594	2410	2274	2139	1992	1905	1833	
75	6576	59.9	60.1	22	1	1	2	985	1202	1735	2524	3400	4151	4528	4629	4522	4318	4019	3698	3373	3083	2794	2591	2489	2523	2698	2988	3234	3403	3550	3445	3275	3115	2933	2680	2464	2288	2155	2038	
75	6593	60.0	60.0	22	1	1	2	989	1216	1748	2486	3410	4151	4511	4594	4543	4311	3999	3665	3382	3070	2801	2591	2507	2490	2705	2999	3264	3401	3503	3462	3311	3127	2898	2680	2481	2295	2190	2023	
75	6610	60.0	60.0	22	1	1	2	983	1224	1735	2527	3450	4198	4558	4640	4576	4340	4022	3717	3416	3083	2811	2591	2523	2503	2696	2948	3257	3398	3502	3432	3312	3129	2883	2678	2496	2311	2166	2031	
75	6628	59.9	60.0	22	1	1	2	989	1207	1742	2539	3411	4146	4550	4626	4565	4346	4007	3704	3392	3089	2773	2602	2488	2509	2707	2970	3285	3422	3511	3466	3306	3141	2906	2676	2512	2321	2165	2036	
75	6645	60.0	60.0	22	1	1	2	984	1221	1755	2494	3373	4140	4533	4607	4549	4299	4011	3720	3374	3052	2787	2593	2512	2548	2713	2960	3258	3410	3501	3424	3302	3125	2869	2682	2469	2312	2161	2021	
75	6662	59.9	60.0	22	1	1	2	995	1217	1728	2537	3411	4142	4587	4606	4547	4317	4026	3699	3356	3051	2778	2617	2499	2529	2681	2954	3262	3383	3504	3406	3289	3100	2892	2662	2494	2298	2161	2021	
75	6679	60.0	60.0	22	1	1	2	987	1205	1764	2513	3407	4153	4509	4611	4539	4294	3973	3718	3375	3061	2781	2633	2518	2493	2683	2936	3261	3372	3496	3434	3323	3130	2863	2661	2479	2309	2147	2024	
75	6742	95.0	95.1	23	1	0	2	940	1024	1303	1668	2112	2506	2757	2827	2842	2701	2603	2483	2266	2154	2038	1941	1946	2063	2211	2440	2663	2788	2840	2810	2707	2565	2408	2263	2146	2005	1899	1775	
75	6759	95.0	95.0	23	1	0	2	917	1026	1290	1698	2095	2482	2703	2798	2801	2675	2609	2453	2284	2154	2012	1934	1967	2010	2177	2428	2653	2784	2832	2787	2682	2556	2430	2280	2123	2033	1900	1772	
75	6822	59.9	60.1	23	1	1	2	988	1208	1739	2487	3387	4161	4508	4643	4555	4319	3984	3682	3356	3046	2775	2607	2502	2506	2695	2931	3255	3415	3484	3448	3287	3117	2876	2651	2458	2289	2160	2014	
75	6839	59.9	60.0	23	1	1	2	992	1216	1735	2504	3419	4154	4553	4653	4520	4319	4000	3687	3368	3052	2811	2628	2534	2539	2711	2963	3252	3446	3521	3416	3303	3142	2911	2699	2488	2306	2173	2018	
75	6857	59.9	60.0	23	1	1	2	988	1212	1735	2550	3432	4196	4552	4662	4572	4347	4014	3730	3380	3102	2822	2594	2515	2548	2701	2962	3255	3431	3509	3456	3288	3128	2912	2688	2512	2312	2170	2014	
75	6874	59.9	60.0	23	1	1	2	1010	1228	1731	2527	3399	4159	4549	4589	4583	4295	4004	3691	3345	3062	2787	2588	2508	2514	2701	2963	3221	3418	3518	3462	3300	3118	2904	2665	2485	2296	2147	2031	
75	6891	60.0	60.0	23	1	1	2	980	1201	1741	2518	3389	4145	4533	4617	4521	4313	4017	3702	3380	3051	2802	2578	2531	2535	2682	2959	3244	3400	3503	3434	3282	3110	2913	2673	2477	2294	2171	2047	
75	6908	59.9	60.0	23	1	1	2	978	1199	1733	2485	3382	4120	4492	4612	4522	4315	3964	3668	3355	3061	2759	2583	2501	2502	2648	2947	3228	3408	3469	3446	3252	3136	2856	2672	2476	2270	2155	2011	
75	6926	59.9	60.0	23	1	1	2	986	1221	1743	2489	3422	4152	4516	4576	4472	4266	3968	3679	3319	3062	2788	2603	2507	2517	2665	2920	3237	3386	3502	3438	3284	3090	2880	2664	2479	2275	2125	2014	
75	6988	95.0	95.0	24	1	0	2	913	1033	1301	1661	2111	2500	2728	2837	2737	2742	2617	2464	2290	2132	2003	1940	1946	2004	2178	2437	2682	2753	2849	2785	2700	2575	2404	2284	2145	1990	1913	1787	
75	7068	59.9	60.1	24	1	1	2	991	1197	1757	2479	3369	4169	4488	4634	4516	4293	3973	3670	3362	3055	2801	2583	2481	2515	2680	2957	3219	3390	3501	3443	3314	3139	2922	2651	2482	2298	2124	2013	
75	7085	59.9	60.0	24	1	1	2	980	1214	1748	2480	3377	4124	4544	4587	4518	4302	3971	3655	3362	3051	2792	2609	2491	2512	2666	2942	3239	3361	3511	3416	3266	3129	2850	2677	2458	2304	2170	2027	
75	7103	60.0	60.0	24	1	1	2	989	1209	1753	2501	3421	4160	4599	4616	4560	4350	4040	3701	3380	3067	2804	2613	2547	2531	2694	2970	3256	3403	3512	3468	3276	3125	2907	2687	2477	2284	2180	2046	
75	7120	59.9	60.0	24	1	1	2	986	1196	1720	2518	3412	4170	4525	4614	4505	4308	3991	3708	3374	3064	2786	2590	2513	2506	2690	2957	3240	3402	3470	3421	3289	3114	2868	2679	2442	2297	2144	2004	
75	7137	59.9	60.0	24	1	1	2	994	1227	1743	2498	3384	4156	4500	4648	4515	4311	4018	3700	3350	3038	2810	2580	2500	2487	2673	2938	3222	3428	3464	3427	3298	3117	2863	2652	2489	2265	2147	2043	
75	7154	59.9	60.0	24	1	1	2	986	1214	1728	2526	3354	4133	4525	4624	4568	4331	3992	3694	3338	3041	2791	2611	2502	2509	2675	2897	3269	3386	3465	3432	3277	3125	2898	2692	2457	2296	2175	2001	
75	7172	59.9	60.0	24	1	1	2	999	1213	1731	2516	3389	4153	4517	4626	4522	4261	4012	3678	3376	3072	2796	2603	2507	2500	2673	2928	3246	3399	3502	3431	3236	3115	2896	2688	2463	2288	2175	2024	
75	7236	95.0	95.1	25	1	0	2	926	1026	1286	1648	2092	2489	2737	2820	2867	2733	2593	2463	2294	2128	2034	1945	1947	2029	2188	2416	2662	2779	2830	2797	2708	2568	2389	2270	2140	2002	1896	1800	
75	7253	95.0	95.0	25	1	0	2	945	1027	1299	1632	2090	2480	2735	2782	2778	2706	2573	2463	2245	2134	1993	1932	1925	2010	2176	2397	2610	2754	2804	2781	2658	2565	2403	2224	2115	1990	1889	1790	
75	7316	59.9	60.1	25	1	1	2	995	1192	1723	2501	3370	4086	4534	4617	4481	4272	3984	3657	3340	3064	2815	2612	2504	2497	2675	2954	3257	3396	3477	3418	3301	3107	2868	2647	2446	2294	2144	2020	
75	7334	59.9	60.0	25	1	1	2	987	1196	1737	2556	3377	4105	4557	4624	4477	4260	3979	3696	3331	3038	2767	2581	2509	2488	2674	2935	3241	3393	3462	3406	3281	3085	2850	2644	2454	2276	2163	2011	
75	7351	60.0	60.0	25	1	1	2	987	1204	1739	2513	3404	4135	4563	4664	4556	4311	4039	3683	3407	3080	2830	2640	2542	2496	2693	2975	3272	3420	3499	3420	3321	3115	2886	2653	2471	2292	2178	2047	
75	7368	60.0	60.0	25	1	1	2	981	1198	1736	2496	3380	4098	4527	4597	4536	4307	4014	3698	3365	3046	2801	2594	2474	2510	2675	2950	3251	3427	3485	3412	3264	3123	2873	2669	2473	2302	2115	2022	
75	7385	59.9	60.0	25	1	1	2	986	1206	1736	2518	3429	4105	4492	4581	4536	4286	3961	3656	3385	3060	2761	2594	2491	2516	2656	2956	3242	3358	3479	3435	3249	3113	2884	2660	2447	2278	2172	2006	
75	7403	60.0	60.0	25	1	1	2	981	1201	1739	2491	3376	4082	4536	4636	4486	4270	4009	3687	3333	3038	2793	2592	2488	2531	2683	2910	3211	3372	3473	3416	3240	3113	2893	2673	2490	2278	2164	2021	
75	7420	60.0	60.0	25	1	1	2	976	1207	1744	2489	3414	4136	4556	4596	4537	4336	3980	3664	3361	3069	2784	2569	2492	2534	2689	2970	3233	3430	3502	3448	3264	3124	2873	2674	2476	2288	2163	2023	
75	7482	95.0	95.0	26	1	0	2	911	1033	1296	1654	2088	2510	2741	2840	2853	2738	2599	2456	2293	2155	2031	1933	1921	2014	2179	2420	2639	2748	2833	2776	2677	2577	2453	2284	2129	2019	1907	1794	
75	7499	95.0	95.0	26	1	0	2	900	1032	1272	1644	2103	2489	2701	2795	2852	2744	2589	2439	2288	2140	2012	1956	1909	2012	2181	2404	2624	2752	2819	2776	2664	2585	2411	2238	2137	1968	1900	1766	
75	7562	60.0	60.1	26	1	1	2	973	1201	1727	2498	3356	4109	4490	4602	4497	4289	3976	3664	3365	3048	2792	2566	2496	2542	2677	2936	3210	3402	3458	3406	3253	3119	2874	2649	2466	2275	2154	2023	
75	7580	60.0	60.0	26	1	1	2	986	1220	1737	2503	3405	4145	4529	4605	4520	4328	3983	3657	3380	3057	2779	2603	2497	2507	2684	2944	3250	3389	3503	3428	3290	3104	2876	2671	2486	2305	2136	2023	
75	7597	60.0	60.0	26	1	1	2	1002	1207	1727	2520	3400	4186	4570	4603	4535	4308	3984	3705	3372	3063	2820	2612	2520	2517	2675	2952	3273	3441	3523	3443	3277	3082	2881	2698	2474	2288	2154	1999	
75	7614	60.0	60.0	26	1	1	2	984	1212	1746	2485	3410	4150	4514	4618	4508	4266	3982	3683	3372	3064	2806	2626	2487	2500	2671	2952	3251	3433	3496	3413	3262	3133	2869	2696	2469	2284	2147	2027	
75	7631	59.9	60.0	26	1	1	2	974	1201	1741	2503	3410	4112	4536	4608	4533	4313	3954	3692	3338	3050	2813	2593	2507	2505	2668	2949	3267	3412	3484	3382	3281	3120	2892	2675	2457	2285	2152	2037	
75	7649	60.0	60.0	26	1	1	2	985	1216	1740	2514	3357	4144	4527	4621	4487	4299	3955	3702	3345	3039	2779	2600	2507	2522	2679	2987	3233	3405	3469	3411	3270	3110	2896	2644	2471	2304	2154	2017	
75	7666	60.0	60.0	26	1	1	2	987	1210	1732	2495	3400	4097	4506	4588	4545	4267	3977	3693	3345	3040	2800	2566	2488	2524	2678	2931	3268	3378	3512	3416	3260	3082	2883	2648	2472	2281	2141	2020	
75	7728	95.0	95.0	27	1	0	2	914	1030	1291	1655	2112	2504	2719	2814	2823	2762	2613	2478	2277	2130	2034	1940	1926	1988	2212	2386	2689	2762	2831	2795	2696	2592	2400	2251	2116	2004	1904	1773	
75	7808	59.9	60.1	27	1	1	2	996	1195	1748	2491	3340	4106	4499	4567	4481	4258	3958	3664	3351	3025	2778	2591	2491	2504	2674	2948	3211	3409	3499	3386	3254	3120	2838	2651	2441	2258	2134	2001	
75	7826	60.0	60.0	27	1	1	2	994	1213	1758	2506	3389	4136	4527	4600	4514	4319	4020	3696	3368	3070	2799	2590	2505	2509	2649	2958	3238	3414	3476	3435	3270	3113	2874	2660	2494	2267	2162	2005	
75	7843	59.9	60.0	27	1	1	2	979	1218	1732	2528	3425	4166	4545	4656	4540	4333	4034	3694	3391	3092	2775	2620	2537	2513	2672	2956	3292	3390	3490	3426	3298	3125	2881	2688	2488	2295	2181	2000	
75	7860	59.9	60.0	27	1	1	2	968	1186	1760	2516	3395	4138	4532	4592	4523	4318	3981	3685	3340	3072	2821	2580	2486	2539	2684	2932	3235	3386	3469	3426	3255	3112	2895	2707	2469	2292	2173	2001	
75	7877	59.9	60.0	27	1	1	2	999	1206	1723	2511	3357	4143	4532	4589	4542	4270	3967	3687	3361	3051	2794	2604	2480	2496	2672	2940	3226	3374	3473	3426	3272	3120	2866	2646	2467	2271	2161	2016	
75	7895	59.9	60.0	27	1	1	2	973	1196	1757	2514	3382	4167	4508	4602	4521	4316	3976	3686	3374	3061	2775	2599	2508	2505	2664	2947	3230	3370	3489	3437	3302	3142	2868	2672	2453	2279	2159	2031	
75	7912	60.0	60.0	27	1	1	2	988	1207	1751	2483	3359	4119	4507	4593	4462	4278	4005	3697	3369	3031	2796	2584	2499	2514	2685	2957	3233	3379	3514	3454	3255	3129	2872	2671	2463	2289	2165	2021	
75	7976	95.0	95.1	28	1	0	2	919	1030	1277	1657	2099	2482	2727	2829	2842	2721	2579	2449	2291	2140	2010	1936	1936	2031	2160	2412	2664	2775	2861	2792	2680	2553	2421	2260	2138	1976	1919	1783	
75	8057	60.0	60.0	28	1	1	2	997	1208	1731	2470	3361	4088	4491	4581	4494	4262	3960	3660	3336	3039	2768	2576	2505	2479	2684	2940	3227	3355	3452	3398	3237	3104	2845	2666	2465	2293	2142	2011	
75	8074	59.9	60.0	28	1	1	2	979	1203	1703	2506	3369	4156	4508	4621	4550	4277	3959	3736	3355	3047	2787	2596	2490	2498	2673	2981	3231	3357	3486	3420	3290	3114	2876	2665	2468	2270	2148	2026	
75	8091	59.9	60.0	28	1	1	2	993	1193	1744	2494	3446	4178	4545	4647	4551	4314	3970	3724	3392	3108	2780	2590	2511	2538	2690	2951	3246	3405	3481	3468	3304	3121	2885	2670	2460	2295	2162	2022	
75	8108	60.0	60.0	28	1	1	2	978	1216	1751	2519	3411	4147	4521	4611	4471	4309	4004	3679	3334	3071	2819	2582	2516	2501	2693	2948	3214	3401	3481	3418	3283	3101	2869	2659	2455	2273	2207	1991	
75	8126	60.0	60.0	28	1	1	2	995	1198	1748	2490	3395	4146	4511	4625	4509	4318	3981	3672	3362	3058	2776	2588	2493	2486	2658	2956	3255	3360	3488	3405	3257	3123	2878	2676	2478	2292	2143	2018	
75	8143	60.0	60.0	28	1	1	2	988	1191	1763	2483	3373	4118	4536	4614	4461	4259	3971	3665	3325	3034	2777	2576	2482	2497	2688	2936	3207	3402	3466	3406	3268	3100	2877	2661	2476	2265	2165	2004	
75	8160	59.9	60.0	28	1	1	2	997	1210	1741	2490	3406	4123	4498	4593	4483	4259	3977	3647	3350	3052	2755	2600	2488	2505	2678	2937	3244	3411	3471	3406	3264	3050	2863	2676	2469	2264	2148	2011	
75	8223	95.0	95.1	29	1	0	2	921	1024	1298	1638	2121	2507	2734	2821	2822	2757	2589	2443	2297	2152	2020	1945	1927	1993	2188	2383	2640	2782	2857	2774	2698	2581	2389	2286	2142	1972	1899	1791	
75	8303	60.0	60.0	29	1	1	2	985	1217	1728	2483	3324	4095	4473	4588	4480	4293	3980	3639	3333	3047	2750	2578	2481	2500	2671	2951	3223	3377	3452	3410	3227	3107	2882	2618	2457	2280	2142	1991	
75	8320	60.0	60.0	29	1	1	2	993	1201	1755	2517	3366	4140	4519	4640	4537	4332	4008	3722	3366	3063	2826	2578	2515	2542	2708	2910	3212	3387	3467	3471	3263	3119	2887	2659	2496	2285	2162	2002	
75	8337	59.9	60.0	29	1	1	2	991	1222	1729	2542	3386	4149	4529	4676	4562	4299	3994	3709	3399	3034	2804	2612	2531	2508	2671	2937	3245	3387	3487	3432	3261	3109	2867	2659	2469	2287	2154	2010	
75	8354	60.0	60.0	29	1	1	2	985	1202	1734	2493	3385	4133	4502	4588	4504	4291	3954	3693	3332	3069	2824	2572	2494	2478	2661	2929	3221	3377	3489	3391	3274	3086	2872	2649	2451	2266	2149	2022	
75	8372	60.0	60.0	29	1	1	2	975	1200	1737	2483	3391	4135	4519	4606	4508	4321	3946	3654	3275	3046	2767	2601	2502	2503	2666	2925	3222	3371	3472	3399	3258	3077	2867	2660	2455	2283	2166	2007	
75	8389	60.0	60.0	29	1	1	2	991	1219	1763	2502	3421	4146	4535	4644	4514	4292	3965	3689	3351	3025	2767	2584	2506	2493	2711	2960	3227	3396	3484	3413	3267	3101	2879	2672	2448	2304	2158	2005	
75	8406	59.9	60.0	29	1	1	2	982	1215	1718	2493	3384	4147	4521	4639	4504	4292	3996	3678	3334	3070	2767	2592	2503	2507	2647	2944	3261	3352	3469	3411	3309	3101	2876	2656	2480	2272	2166	2008	
75	8471	94.9	95.1	30	1	0	2	915	1028	1282	1651	2098	2508	2746	2831	2803	2732	2588	2471	2291	2151	2047	1941	1955	1996	2185	2401	2638	2738	2810	2775	2702	2589	2410	2244	2118	2012	1897	1798	
75	8551	59.9	60.1	30	1	1	2	982	1216	1722	2493	3336	4118	4458	4578	4500	4265	3953	3648	3314	3046	2754	2571	2474	2501	2650	2920	3209	3379	3448	3403	3268	3096	2864	2637	2437	2297	2152	2010	
75	8568	60.0	60.0	30	1	1	2	1000	1220	1738	2495	3389	4125	4544	4593	4502	4300	4004	3680	3338	3047	2814	2574	2491	2530	2683	2936	3249	3451	3478	3405	3288	3112	2882	2681	2481	2275	2167	2022	
75	8585	60.0	60.0	30	1	1	2	987	1214	1746	2518	3421	4139	4545	4619	4515	4316	3996	3711	3359	3042	2758	2618	2487	2507	2689	2963	3229	3406	3484	3435	3273	3137	2855	2688	2453	2298	2157	2025	
75	8602	60.0	60.0	30	1	1	2	978	1209	1731	2485	3349	4146	4465	4589	4501	4259	3984	3667	3338	3049	2800	2557	2484	2508	2664	2933	3239	3370	3473	3423	3247	3112	2849	2636	2485	2288	2138	2010	
75	8620	59.9	60.0	30	1	1	2	992	1193	1738	2488	3349	4112	4530	4576	4508	4263	3968	3649	3374	3042	2786	2569	2497	2537	2640	2926	3231	3364	3474	3413	3272	3097	2890	2654	2468	2284	2162	2021	
75	8637	60.0	60.0	30	1	1	2	996	1184	1746	2520	3366	4138	4552	4573	4477	4239	3939	3692	3345	3041	2772	2560	2497	2537	2642	2921	3217	3365	3491	3384	3242	3130	2865	2649	2474	2261	2140	2029	
75	8654	60.0	60.0	30	1	1	2	991	1200	1750	2492	3382	4109	4525	4579	4477	4318	3933	3674	3357	3060	2792	2593	2473	2472	2681	2917	3238	3357	3480	3402	3255	3093	2876	2666	2483	2282	2134	2011	
75	8717	95.0	95.0	31	1	0	2	914	1032	1278	1661	2094	2494	2733	2824	2821	2753	2593	2448	2295	2152	2011	1938	1970	2007	2194	2411	2623	2762	2828	2767	2672	2565	2408	2279	2129	1984	1915	1830	
75	8797	60.0	60.1	31	1	1	2	998	1199	1727	2493	3346	4124	4493	4572	4460	4275	3954	3643	3327	3043	2757	2569	2490	2480	2652	2945	3223	3393	3471	3402	3268	3088	2865	2655	2438	2269	2185	1984	
75	8814	59.9	60.0	31	1	1	2	1012	1195	1720	2512	3391	4097	4495	4606	4488	4311	3915	3668	3351	3009	2782	2568	2495	2483	2657	2928	3220	3403	3454	3371	3260	3119	2871	2665	2465	2273	2159	2001	
75	8831	60.0	60.0	31	1	1	2	980	1210	1758	2521	3443	4131	4527	4659	4523	4316	4031	3699	3388	3067	2802	2602	2515	2536	2696	2934	3235	3416	3497	3411	3315	3116	2876	2680	2471	2290	2146	2008	
75	8849	60.0	60.0	31	1	1	2	980	1193	1747	2473	3393	4093	4440	4604	4497	4257	3975	3676	3295	3057	2797	2583	2471	2469	2662	2914	3232	3376	3471	3398	3230	3072	2852	2637	2472	2288	2173	2008	
75	8866	59.9	60.0	31	1	1	2	982	1198	1758	2516	3365	4130	4494	4557	4497	4255	3979	3684	3357	3019	2778	2572	2512	2509	2657	2926	3224	3365	3458	3354	3243	3112	2862	2640	2455	2280	2144	1985	
75	8883	60.0	60.0	31	1	1	2	998	1214	1734	2490	3398	4102	4499	4589	4536	4239	3983	3672	3362	3042	2792	2577	2477	2491	2676	2940	3230	3343	3461	3438	3271	3085	2870	2641	2471	2250	2123	2019	
75	8900	59.9	60.0	31	1	1	2	991	1203	1749	2513	3388	4138	4513	4598	4556	4245	3944	3685	3341	3027	2807	2648	2484	2492	2643	2966	3235	3384	3436	3443	3263	3083	2848	2657	2454	2274	2148	1998	
75	8963	94.9	95.0	32	1	0	2	932	1025	1297	1654	2110	2480	2717	2801	2797	2731	2560	2437	2270	2139	2036	1941	1936	2027	2180	2390	2593	2734	2803	2764	2660	2581	2393	2252	2118	1985	1886	1783	
75	9043	59.9	60.1	32	1	1	2	992	1210	1720	2483	3371	4108	4507	4566	4489	4291	3986	3671	3354	3023	2788	2547	2480	2503	2636	2911	3232	3357	3478	3377	3250	3099	2865	2645	2459	2254	2165	2009	
75	9060	59.9	60.0	32	1	1	2	972	1206	1749	2480	3362	4113	4526	4597	4498	4306	3991	3705	3333	3045	2775	2591	2490	2488	2662	2942	3222	3374	3492	3405	3286	3106	2891	2646	2448	2241	2152	2005	
75	9077	59.9	60.0	32	1	1	2	975	1224	1758	2495	3397	4153	4553	4631	4542	4292	4009	3710	3354	3085	2812	2612	2489	2534	2712	2982	3254	3392	3500	3431	3305	3076	2862	2654	2469	2292	2163	2009	
75	9095	60.0	60.0	32	1	1	2	983	1220	1736	2511	3385	4182	4521	4623	4530	4292	3982	3680	3359	3022	2805	2572	2498	2489	2676	2930	3234	3392	3483	3398	3255	3112	2889	2641	2482	2261	2137	2017	
75	9112	59.9	60.0	32	1	1	2	985	1203	1771	2485	3371	4124	4544	4590	4528	4273	3981	3691	3317	3034	2775	2595	2497	2522	2693	2900	3244	3389	3474	3410	3289	3100	2881	2655	2453	2273	2162	1999	
75	9129	60.0	60.0	32	1	1	2	998	1209	1711	2474	3359	4076	4462	4620	4456	4225	3917	3662	3310	2995	2750	2574	2470	2469	2632	2921	3217	3366	3426	3405	3261	3072	2833	2616	2424	2236	2162	2020	
75	9146	59.9	60.0	32	1	1	2	989	1214	1710	2494	3339	4085	4498	4615	4500	4239	3979	3641	3336	3036	2766	2573	2521	2471	2664	2936	3247	3373	3470	3401	3243	3072	2850	2653	2460	2270	2162	1997	
75	9211	95.0	95.1	33	1	0	2	926	1018	1286	1656	2085	2483	2730	2822	2828	2724	2592	2438	2273	2128	2032	1921	1939	2010	2183	2400	2637	2732	2821	2788	2673	2545	2408	2253	2104	1998	1896	1779	
75	9291	60.0	60.1	33	1	1	2	983	1188	1743	2484	3332	4098	4465	4542	4511	4239	3925	3662	3343	3010	2740	2574	2462	2464	2658	2920	3186	3390	3482	3388	3272	3088	2823	2654	2478	2280	2135	2010	
75	9308	60.0	60.0	33	1	1	2	976	1198	1754	2497	3366	4171	4520	4609	4519	4318	3968	3704	3409	3082	2798	2588	2486	2484	2680	2944	3264	3441	3486	3400	3242	3110	2857	2663	2477	2287	2145	2001	
75	9325	60.0	60.0	33	1	1	2	979	1218	1760	2499	3433	4172	4538	4625	4525	4349	3986	3681	3403	3070	2823	2607	2510	2512	2701	2959	3248	3411	3514	3403	3259	3110	2857	2662	2470	2300	2157	2008	
75	9343	59.9	60.0	33	1	1	2	988	1204	1735	2494	3340	4143	4515	4576	4515	4270	3969	3682	3353	3052	2804	2583	2488	2493	2658	2931	3220	3382	3468	3380	3243	3087	2862	2660	2464	2293	2170	2026	
75	9360	59.9	60.0	33	1	1	2	986	1204	1734	2490	3394	4165	4509	4571	4500	4292	3959	3664	3395	3055	2796	2594	2487	2522	2678	2944	3247	3401	3504	3442	3246	3100	2891	2667	2439	2288	2140	2019	
75	9377	59.9	60.0	33	1	1	2	986	1209	1735	2496	3357	4135	4526	4573	4506	4253	3947	3629	3330	2991	2767	2556	2485	2498	2641	2932	3208	3357	3433	3408	3244	3084	2850	2620	2444	2290	2185	1987	
75	9394	60.0	60.0	33	1	1	2	987	1211	1724	2498	3352	4103	4488	4586	4474	4272	3929	3638	3333	3054	2758	2567	2468	2459	2673	2943	3196	3351	3452	3391	3283	3068	2842	2646	2455	2267	2134	1990	
75	9457	95.0	95.1	34	1	0	2	929	1021	1268	1635	2082	2456	2742	2808	2808	2746	2569	2451	2283	2125	2017	1952	1937	1999	2184	2405	2634	2744	2791	2768	2685	2583	2406	2215	2128	1991	1906	1790	
75	9537	60.0	60.1	34	1	1	2	1003	1195	1750	2490	3366	4098	4475	4571	4494	4243	3927	3660	3311	3027	2767	2552	2484	2485	2658	2954	3174	3381	3451	3417	3255	3091	2855	2629	2450	2292	2136	1984	
75	9554	59.9	60.0	34	1	1	2	980	1217	1739	2494	3384	4152	4494	4611	4523	4256	3958	3706	3365	3023	2786	2565	2507	2502	2680	2940	3227	3372	3509	3407	3237	3102	2872	2618	2465	2281	2163	2012	
75	9572	59.9	60.0	34	1	1	2	983	1169	1745	2506	3379	4149	4485	4617	4487	4292	3996	3675	3337	3061	2798	2564	2492	2496	2669	2933	3219	3384	3500	3407	3242	3091	2870	2648	2458	2278	2140	1980	
75	9589	60.0	60.0	34	1	1	2	974	1200	1760	2515	3360	4095	4453	4570	4489	4248	3952	3650	3314	3065	2796	2557	2476	2480	2650	2948	3202	3368	3438	3418	3286	3081	2845	2626	2447	2257	2130	2017	
75	9606	60.0	60.0	34	1	1	2	994	1212	1739	2485	3376	4099	4492	4583	4499	4291	3961	3660	3357	3054	2761	2591	2492	2487	2645	2959	3204	3357	3485	3388	3256	3104	2856	2680	2454	2292	2144	2007	
75	9623	59.9	60.0	34	1	1	2	981	1224	1725	2516	3389	4134	4508	4596	4524	4306	3969	3677	3365	3042	2798	2587	2524	2506	2661	2943	3266	3386	3444	3396	3268	3122	2857	2678	2470	2254	2158	2001	
75	9641	60.0	60.0	34	1	1	2	982	1208	1753	2478	3378	4113	4484	4567	4496	4266	3967	3685	3329	3030	2785	2580	2511	2495	2664	2918	3234	3363	3453	3433	3257	3099	2860	2652	2464	2269	2137	2033	
75	9703	94.9	95.0	35	1	0	2	925	1024	1255	1643	2092	2510	2699	2792	2802	2735	2586	2444	2296	2165	2019	1966	1930	1986	2199	2374	2625	2755	2822	2806	2674	2564	2390	2269	2108	1982	1888	1798	
75	9783	60.0	60.1	35	1	1	2	987	1220	1719	2469	3358	4126	4521	4591	4505	4261	3974	3677	3379	3073	2763	2541	2481	2485	2693	2921	3261	3348	3486	3417	3283	3123	2879	2627	2466	2276	2152	1996	
75	9800	60.0	60.0	35	1	1	2	1000	1231	1740	2474	3378	4104	4463	4568	4496	4281	3970	3679	3336	3019	2786	2596	2476	2474	2653	2919	3251	3360	3463	3402	3246	3093	2878	2652	2462	2234	2128	2018	
75	9818	59.9	60.0	35	1	1	2	1002	1207	1759	2526	3414	4159	4559	4603	4572	4311	4028	3683	3350	3078	2784	2575	2497	2520	2697	2948	3229	3385	3501	3448	3284	3086	2869	2650	2469	2305	2156	2020	
75	9835	59.9	60.0	35	1	1	2	982	1221	1748	2474	3392	4121	4520	4594	4525	4283	3994	3703	3345	3092	2794	2583	2483	2481	2663	2958	3231	3375	3508	3419	3248	3118	2833	2652	2442	2280	2174	2002	
75	9852	59.9	60.0	35	1	1	2	992	1213	1757	2471	3383	4121	4484	4579	4498	4285	3951	3689	3320	3018	2769	2594	2484	2496	2655	2966	3224	3396	3471	3394	3277	3093	2858	2634	2438	2261	2200	1990	
75	9869	60.0	60.0	35	1	1	2	992	1210	1729	2499	3358	4134	4468	4595	4537	4266	3958	3723	3316	3070	2780	2597	2488	2483	2676	2925	3227	3341	3454	3398	3273	3094	2844	2639	2474	2295	2145	2016	
75	9887	59.9	60.0	35	1	1	2	988	1202	1747	2492	3392	4110	4517	4617	4513	4222	3999	3710	3346	3045	2779	2602	2452	2515	2653	2916	3224	3392	3466	3412	3295	3088	2860	2650	2472	2273	2169	1999	
75	9949	95.1	95.1	36	1	0	2	915	1029	1291	1666	2129	2507	2711	2816	2788	2765	2584	2451	2345	2121	2023	1939	1942	2013	2188	2398	2627	2726	2803	2772	2682	2572	2388	2235	2102	1993	1893	1796	
75	10029	59.9	60.1	36	1	1	2	961	1199	1727	2501	3345	4089	4519	4579	4506	4267	3954	3645	3341	3038	2792	2570	2452	2491	2658	2948	3239	3403	3486	3408	3249	3103	2854	2639	2459	2291	2144	1994	
75	10047	59.9	60.0	36	1	1	2	1000	1224	1731	2484	3400	4110	4519	4620	4501	4267	3970	3671	3366	3086	2744	2565	2490	2491	2684	2921	3214	3351	3453	3398	3264	3080	2856	2641	2479	2285	2157	1999	
75	10064	59.9	60.0	36	1	1	2	1000	1198	1761	2527	3404	4156	4551	4635	4523	4294	3993	3701	3370	3103	2776	2605	2532	2505	2680	2940	3249	3397	3469	3425	3280	3110	2866	2645	2486	2301	2112	2025	
75	10081	59.9	60.0	36	1	1	2	987	1200	1736	2466	3387	4129	4495	4565	4530	4270	3953	3662	3321	3009	2797	2595	2505	2496	2654	2928	3226	3383	3468	3398	3248	3092	2866	2698	2443	2290	2134	2001	
75	10098	60.0	60.0	36	1	1	2	990	1192	1767	2505	3364	4121	4534	4617	4525	4315	4006	3719	3344	3042	2790	2563	2472	2496	2686	2930	3212	3372	3481	3395	3266	3070	2913	2630	2460	2289	2133	2018	
75	10116	60.0	60.0	36	1	1	2	982	1218	1751	2489	3341	4102	4506	4584	4489	4236	3997	3691	3345	3026	2790	2599	2485	2505	2668	2913	3243	3376	3439	3375	3289	3076	2876	2640	2441	2263	2174	1976	
75	10133	60.0	60.0	36	1	1	2	1007	1220	1736	2490	3369	4171	4456	4578	4490	4267	3970	3664	3346	3072	2772	2586	2485	2514	2669	2942	3231	3373	3452	3379	3270	3101	2864	2648	2464	2271	2144	2008	
75	10195	95.0	95.1	37	1	0	2	909	1038	1295	1663	2109	2489	2713	2829	2810	2720	2592	2448	2280	2113	2025	1934	1940	2009	2182	2399	2635	2778	2798	2759	2706	2554	2428	2260	2111	1989	1893	1814	
75	10275	59.9	60.1	37	1	1	2	989	1209	1732	2488	3377	4102	4516	4616	4496	4262	3964	3680	3323	3035	2770	2595	2501	2505	2657	2918	3232	3400	3455	3402	3263	3089	2867	2628	2473	2285	2124	1980	
75	10293	59.9	60.0	37	1	1	2	990	1217	1750	2499	3370	4103	4491	4585	4489	4277	4014	3703	3360	3070	2783	2600	2488	2512	2707	2934	3189	3366	3461	3403	3244	3120	2861	2650	2470	2279	2140	2020	
75	10310	60.0	60.0	37	1	1	2	1001	1200	1753	2512	3410	4195	4544	4632	4546	4298	3976	3657	3348	3059	2793	2605	2503	2536	2655	2950	3251	3399	3470	3416	3260	3099	2873	2626	2449	2279	2139	2008	
75	10327	60.0	60.0	37	1	1	2	971	1227	1739	2523	3351	4152	4490	4584	4505	4309	3947	3652	3324	3050	2789	2604	2525	2494	2670	2986	3245	3367	3499	3408	3244	3119	2876	2667	2469	2279	2151	2013	
75	10344	60.0	60.0	37	1	1	2	993	1229	1744	2476	3354	4142	4502	4587	4515	4263	3986	3676	3385	3049	2775	2636	2521	2497	2676	2965	3234	3393	3507	3401	3257	3116	2833	2667	2481	2313	2154	2024	
75	10362	60.0	60.0	37	1	1	2	996	1219	1742	2479	3414	4143	4543	4636	4529	4304	3962	3679	3350	3054	2785	2613	2483	2490	2655	2944	3234	3410	3455	3431	3261	3090	2892	2657	2461	2268	2142	2009	
75	10379	60.0	60.0	37	1	1	2	985	1220	1743	2504	3387	4135	4535	4642	4533	4275	3995	3690	3397	3054	2797	2594	2511	2520	2683	2946	3222	3397	3483	3403	3271	3121	2873	2670	2478	2275	2154	2014	
75	10441	95.0	95.1	38	1	0	2	921	1034	1296	1688	2105	2507	2747	2833	2824	2743	2630	2451	2293	2154	2030	1938	1969	2001	2188	2402	2617	2790	2824	2793	2662	2589	2437	2252	2132	1964	1895	1756	
75	10522	60.0	60.1	38	1	1	2	1000	1213	1746	2493	3372	4108	4498	4615	4541	4305	3965	3683	3362	3078	2782	2571	2476	2497	2652	2901	3217	3366	3482	3411	3249	3103	2858	2662	2474	2272	2142	1989	
75	10539	59.9	60.0	38	1	1	2	988	1214	1755	2498	3395	4149	4510	4648	4536	4285	3983	3699	3383	3074	2802	2593	2497	2509	2678	2936	3244	3411	3500	3406	3295	3129	2896	2668	2478	2291	2157	2032	
75	10556	60.0	60.0	38	1	1	2	986	1211	1753	2501	3380	4164	4513	4645	4573	4338	3984	3698	3380	3058	2804	2625	2499	2548	2698	2976	3290	3392	3509	3436	3302	3122	2864	2678	2466	2283	2144	2024	
75	10573	59.9	60.0	38	1	1	2	1004	1208	1748	2491	3402	4118	4477	4608	4512	4266	3936	3680	3339	3049	2778	2585	2477	2511	2641	2962	3231	3385	3451	3391	3239	3120	2853	2700	2483	2277	2151	2001	
75	10591	59.9	60.0	38	1	1	2	992	1221	1774	2519	3370	4091	4473	4595	4512	4298	3965	3644	3332	3033	2790	2568	2445	2531	2665	2916	3199	3352	3469	3410	3239	3089	2845	2650	2506	2275	2142	2009	
75	10608	60.0	60.0	38	1	1	2	994	1222	1754	2515	3399	4114	4530	4610	4500	4331	3978	3664	3347	3002	2815	2618	2508	2474	2685	2921	3207	3401	3512	3394	3253	3112	2881	2651	2470	2290	2168	2012	
75	10625	60.0	60.0	38	1	1	2	990	1216	1723	2496	3393	4142	4534	4621	4515	4220	3961	3686	3371	3026	2811	2596	2474	2518	2682	2942	3223	3331	3445	3408	3292	3087	2852	2626	2465	2252	2150	2006	
75	10690	94.8	95.0	39	1	0	2	923	1040	1287	1659	2096	2525	2718	2818	2795	2721	2610	2434	2260	2135	2047	1943	1949	1993	2177	2406	2640	2774	2811	2751	2673	2542	2406	2264	2141	1974	1916	1780	
75	10768	60.0	60.1	39	1	1	2	1005	1197	1750	2497	3359	4117	4527	4598	4519	4296	3981	3673	3307	3061	2777	2568	2473	2516	2668	2900	3231	3361	3497	3383	3246	3092	2875	2662	2431	2248	2167	2009	
75	10785	59.9	60.0	39	1	1	2	1000	1226	1749	2497	3373	4121	4512	4592	4505	4303	3993	3681	3343	3051	2777	2578	2512	2502	2668	2944	3220	3372	3468	3405	3270	3078	2852	2649	2466	2290	2161	1997	
75	10802	60.0	60.0	39	1	1	2	995	1219	1769	2524	3419	4206	4564	4643	4547	4300	3987	3763	3390	3102	2814	2617	2527	2519	2708	2957	3223	3400	3511	3423	3323	3106	2885	2667	2500	2287	2161	1998	
75	10819	60.0	60.0	39	1	1	2	1000	1233	1743	2512	3325	4153	4546	4633	4546	4327	3991	3683	3352	3080	2781	2588	2495	2532	2679	2949	3222	3390	3476	3448	3278	3102	2873	2655	2464	2288	2159	2034	
75	10837	59.9	60.0	39	1	1	2	992	1234	1738	2485	3378	4111	4517	4622	4512	4258	3957	3664	3345	3035	2808	2606	2495	2496	2652	2932	3214	3368	3461	3401	3250	3120	2893	2674	2456	2297	2120	2000	
75	10854	59.9	60.0	39	1	1	2	996	1228	1752	2512	3386	4131	4525	4636	4515	4339	3976	3710	3359	3048	2770	2581	2504	2511	2669	2933	3231	3401	3493	3409	3273	3109	2885	2619	2451	2275	2146	2032	
75	10871	60.0	60.0	39	1	1	2	995	1227	1766	2513	3391	4103	4537	4644	4524	4297	3966	3705	3344	3042	2814	2594	2511	2501	2695	2946	3228	3384	3471	3436	3292	3087	2908	2629	2486	2256	2159	2010	
75	10936	94.9	95.0	40	1	0	2	918	1029	1301	1676	2122	2486	2762	2818	2806	2739	2607	2472	2294	2164	2030	1963	1944	2003	2196	2412	2653	2772	2823	2777	2662	2575	2382	2264	2114	2012	1886	1769	
75	11016	60.0	60.1	40	1	1	2	1012	1204	1754	2500	3397	4174	4521	4634	4501	4305	3985	3712	3353	3054	2790	2609	2494	2514	2674	2963	3243	3386	3496	3430	3287	3100	2877	2651	2471	2268	2180	2023	
75	11033	60.0	60.0	40	1	1	2	1000	1213	1748	2529	3413	4140	4525	4624	4506	4268	3999	3640	3384	3056	2777	2595	2518	2522	2672	2943	3232	3413	3481	3416	3274	3113	2849	2660	2468	2274	2139	2002	
75	11050	60.0	60.0	40	1	1	2	996	1203	1757	2536	3398	4162	4561	4631	4514	4311	4008	3702	3378	3078	2787	2575	2499	2513	2676	2953	3257	3397	3479	3422	3278	3112	2857	2648	2454	2290	2171	1996	
75	11067	60.0	60.0	40	1	1	2	1007	1232	1762	2510	3392	4127	4524	4585	4552	4314	3990	3698	3349	3079	2806	2605	2496	2524	2700	2942	3208	3376	3497	3394	3274	3103	2900	2660	2453	2281	2145	2006	
75	11085	60.0	60.0	40	1	1	2	1007	1218	1760	2511	3393	4147	4529	4586	4546	4296	3990	3681	3383	3049	2801	2596	2503	2523	2687	2964	3258	3378	3506	3390	3258	3117	2866	2657	2473	2286	2164	2010	
75	11102	60.0	60.0	40	1	1	2	996	1219	1732	2525	3386	4153	4520	4630	4519	4286	4011	3663	3342	3053	2810	2575	2487	2498	2666	2924	3224	3377	3452	3385	3278	3103	2865	2651	2505	2284	2138	2015	
75	11119	59.9	60.0	40	1	1	2	1001	1210	1769	2519	3388	4126	4513	4614	4519	4266	4014	3659	3345	3069	2779	2603	2494	2505	2671	2964	3218	3390	3498	3396	3268	3126	2868	2665	2485	2320	2146	2023	
