Well	Time (1/2 s)	Block Temp	Sample Temp	Repetition	PCR Stage	Extension	Scale	B1	B2	B3	B4	B5	B6	B7	B8	B9	B10	B11	B12	B13	B14	B15	B16	B17	B18	B19	B20	B21	B22	B23	B24	B25	B26	B27	B28	B29	B30	B31	B32
27	108	94.9	95.1	1	0	0	2	934	1145	1550	2120	2722	3298	3596	3761	3711	3583	3375	3165	2866	2644	2484	2400	2405	2566	2836	3119	3415	3600	3700	3618	3501	3306	3108	2879	2704	2486	2374	2212	
27	125	95.0	95.0	1	0	0	2	932	1113	1514	2092	2717	3240	3552	3759	3651	3552	3350	3108	2883	2610	2480	2386	2379	2500	2782	3090	3369	3609	3661	3558	3464	3280	3079	2864	2670	2510	2366	2177	
27	143	95.0	95.0	1	0	0	2	940	1132	1517	2071	2670	3225	3563	3695	3628	3542	3286	3101	2815	2617	2470	2347	2382	2473	2781	3080	3367	3582	3657	3595	3478	3216	3085	2861	2686	2470	2346	2173	
27	160	95.0	95.0	1	0	0	2	940	1125	1507	2066	2680	3242	3510	3665	3656	3481	3284	3109	2832	2595	2465	2356	2331	2495	2749	3059	3377	3569	3590	3569	3444	3286	3098	2865	2671	2486	2338	2170	
27	177	95.0	95.0	1	0	0	2	946	1120	1516	2065	2650	3201	3503	3648	3569	3470	3311	3105	2825	2620	2475	2366	2369	2492	2744	3062	3304	3595	3609	3561	3474	3256	3038	2842	2646	2434	2346	2186	
27	194	95.0	95.0	1	0	0	2	948	1132	1515	2064	2702	3183	3522	3612	3608	3489	3291	3072	2834	2622	2475	2387	2356	2487	2720	3024	3376	3553	3643	3547	3449	3268	3087	2835	2674	2477	2341	2211	
27	212	95.0	95.0	1	0	0	2	933	1140	1525	2056	2666	3174	3504	3656	3592	3495	3277	3032	2808	2602	2496	2361	2365	2500	2734	3054	3368	3552	3636	3544	3464	3308	3086	2852	2663	2432	2315	2179	
27	229	94.9	95.0	1	0	0	2	934	1110	1522	2056	2687	3220	3509	3647	3578	3454	3298	3086	2838	2582	2455	2339	2383	2472	2734	3044	3357	3564	3622	3576	3439	3302	3078	2846	2679	2490	2325	2159	
27	246	95.0	95.0	1	0	0	2	930	1139	1519	2088	2684	3220	3508	3674	3617	3481	3300	3067	2826	2624	2454	2369	2397	2513	2727	3040	3361	3578	3613	3581	3483	3271	3071	2876	2670	2481	2345	2166	
27	263	95.0	95.0	1	0	0	2	943	1135	1493	2072	2680	3195	3511	3689	3608	3471	3274	3058	2845	2587	2463	2351	2372	2465	2729	3048	3345	3532	3624	3596	3435	3263	3066	2869	2670	2473	2323	2177	
27	281	95.0	95.0	1	0	0	2	926	1114	1513	2066	2735	3201	3482	3638	3618	3497	3295	3087	2818	2603	2477	2361	2341	2471	2743	3043	3373	3535	3627	3558	3480	3268	3054	2842	2659	2487	2353	2200	
27	298	95.0	95.0	1	0	0	2	933	1083	1498	2066	2688	3207	3499	3647	3635	3489	3276	3087	2823	2593	2475	2381	2349	2470	2777	3036	3382	3573	3643	3552	3466	3259	3072	2852	2682	2481	2330	2199	
27	315	95.0	95.0	1	0	0	2	921	1110	1534	2054	2691	3209	3492	3614	3598	3488	3278	3072	2849	2584	2483	2348	2384	2517	2751	3041	3369	3565	3627	3579	3466	3254	3099	2828	2667	2485	2329	2194	
27	332	95.0	95.0	1	0	0	2	933	1127	1534	2060	2686	3210	3497	3656	3620	3512	3297	3101	2853	2624	2445	2364	2360	2507	2790	3086	3395	3583	3647	3566	3451	3279	3090	2868	2679	2497	2354	2180	
27	350	95.0	95.0	1	0	0	2	919	1125	1517	2065	2658	3197	3511	3645	3594	3504	3301	3063	2850	2578	2437	2366	2369	2511	2740	3049	3364	3553	3621	3535	3473	3246	3072	2845	2660	2512	2340	2191	
27	367	94.9	95.0	1	0	0	2	942	1120	1527	2070	2671	3211	3520	3658	3603	3497	3297	3087	2836	2604	2472	2391	2347	2515	2777	3028	3374	3574	3612	3571	3490	3263	3057	2871	2652	2501	2316	2175	
27	384	95.0	95.0	1	0	0	2	939	1113	1533	2068	2703	3225	3477	3627	3605	3488	3255	3059	2838	2601	2468	2375	2376	2495	2760	3059	3341	3554	3678	3582	3445	3296	3095	2854	2670	2480	2320	2219	
27	401	95.0	95.0	1	0	0	2	948	1118	1519	2068	2682	3240	3530	3652	3605	3489	3308	3085	2862	2626	2453	2376	2360	2497	2747	3058	3377	3553	3623	3573	3472	3291	3087	2871	2663	2471	2359	2204	
27	419	95.0	95.0	1	0	0	2	937	1112	1517	2065	2668	3245	3505	3632	3611	3505	3308	3093	2837	2639	2452	2389	2355	2489	2758	3053	3343	3564	3658	3546	3508	3292	3086	2897	2659	2496	2315	2198	
27	436	94.9	95.0	1	0	0	2	941	1132	1511	2080	2687	3200	3551	3620	3596	3501	3332	3104	2840	2608	2448	2385	2359	2519	2748	3050	3414	3565	3620	3562	3519	3267	3060	2871	2660	2504	2312	2225	
27	453	95.0	95.0	1	0	0	2	931	1121	1531	2084	2683	3216	3520	3628	3615	3467	3318	3042	2826	2604	2477	2366	2367	2499	2783	3031	3374	3567	3649	3593	3456	3297	3083	2861	2654	2508	2329	2207	
27	470	95.0	95.0	1	0	0	2	945	1123	1504	2083	2693	3235	3546	3638	3611	3496	3305	3100	2806	2621	2483	2378	2376	2505	2783	3086	3354	3549	3642	3574	3486	3288	3116	2833	2691	2495	2362	2218	
27	488	95.0	95.0	1	0	0	2	949	1144	1515	2055	2685	3236	3501	3680	3633	3489	3311	3090	2857	2581	2489	2370	2366	2511	2746	3057	3377	3559	3655	3579	3474	3282	3080	2883	2703	2514	2363	2179	
27	505	95.0	95.0	1	0	0	2	939	1116	1512	2077	2672	3221	3528	3668	3606	3484	3294	3093	2847	2606	2475	2380	2364	2496	2760	3068	3348	3578	3652	3579	3498	3280	3076	2872	2703	2475	2369	2184	
27	522	95.0	95.0	1	0	0	2	939	1120	1515	2048	2714	3211	3510	3687	3645	3529	3329	3129	2853	2610	2486	2396	2364	2515	2771	3039	3370	3586	3636	3572	3492	3304	3071	2868	2686	2514	2342	2183	
27	539	94.9	95.0	1	0	0	2	936	1165	1505	2052	2693	3207	3502	3683	3611	3520	3286	3077	2847	2610	2486	2409	2360	2513	2771	3083	3348	3591	3649	3558	3484	3281	3085	2889	2657	2500	2339	2188	
27	557	95.0	95.0	1	0	0	2	929	1124	1505	2045	2699	3243	3496	3666	3653	3485	3283	3088	2869	2631	2459	2399	2390	2537	2740	3056	3404	3613	3620	3592	3485	3281	3076	2870	2688	2505	2331	2201	
27	574	95.0	95.0	1	0	0	2	933	1141	1509	2058	2706	3236	3540	3631	3620	3491	3333	3105	2855	2591	2486	2389	2374	2531	2773	3038	3384	3592	3646	3596	3524	3283	3101	2863	2688	2480	2353	2207	
27	591	95.0	95.0	1	0	0	2	944	1133	1509	2062	2705	3225	3580	3700	3616	3514	3302	3093	2846	2635	2475	2395	2393	2502	2772	3090	3384	3579	3652	3573	3512	3290	3095	2895	2691	2500	2329	2189	
27	608	95.0	95.0	1	0	0	2	932	1114	1523	2076	2684	3205	3500	3681	3609	3528	3295	3078	2832	2598	2493	2378	2380	2538	2763	3102	3391	3574	3656	3601	3501	3274	3069	2898	2695	2486	2331	2214	
27	626	95.0	95.0	1	0	0	2	946	1119	1529	2082	2695	3238	3558	3673	3655	3498	3314	3090	2855	2616	2496	2372	2382	2528	2770	3112	3363	3541	3637	3577	3478	3297	3069	2907	2660	2477	2364	2189	
27	643	94.9	95.0	1	0	0	2	983	1126	1525	2069	2701	3255	3512	3683	3656	3525	3338	3109	2846	2608	2514	2344	2375	2499	2750	3105	3380	3589	3677	3587	3495	3269	3094	2864	2700	2514	2305	2197	
27	660	95.0	95.0	1	0	0	2	957	1139	1511	2092	2709	3230	3512	3639	3643	3504	3320	3119	2868	2582	2497	2372	2407	2501	2765	3063	3392	3596	3664	3568	3531	3304	3108	2875	2701	2492	2324	2216	
27	677	95.0	95.0	1	0	0	2	944	1120	1551	2078	2717	3217	3565	3690	3653	3509	3319	3121	2856	2612	2465	2378	2393	2517	2764	3097	3365	3597	3656	3628	3488	3290	3104	2889	2684	2491	2334	2196	
27	695	95.0	95.0	1	0	0	2	944	1114	1532	2083	2688	3204	3528	3669	3612	3514	3320	3103	2830	2653	2430	2354	2384	2552	2768	3090	3402	3607	3656	3578	3485	3308	3112	2885	2691	2489	2332	2205	
27	712	95.0	95.0	1	0	0	2	940	1141	1514	2075	2719	3246	3544	3709	3640	3521	3345	3103	2877	2617	2478	2383	2361	2523	2770	3088	3392	3585	3665	3547	3500	3299	3128	2873	2710	2524	2323	2218	
27	729	95.0	95.0	1	0	0	2	934	1133	1503	2083	2656	3255	3526	3663	3648	3496	3344	3101	2861	2632	2484	2373	2395	2489	2752	3083	3377	3557	3654	3562	3496	3287	3059	2892	2681	2496	2357	2200	
27	746	94.9	95.0	1	0	0	2	918	1127	1508	2068	2712	3231	3534	3602	3642	3521	3321	3092	2856	2633	2456	2404	2360	2505	2762	3078	3375	3545	3683	3604	3461	3290	3072	2840	2669	2527	2363	2199	
27	764	94.9	95.0	1	0	0	2	934	1132	1519	2072	2705	3223	3520	3675	3645	3511	3336	3109	2855	2614	2496	2380	2375	2515	2740	3043	3395	3604	3674	3626	3500	3332	3078	2895	2699	2523	2315	2202	
27	781	95.0	95.0	1	0	0	2	932	1114	1526	2080	2681	3239	3542	3701	3631	3507	3352	3108	2876	2642	2494	2402	2398	2510	2769	3079	3349	3590	3613	3568	3490	3303	3103	2877	2682	2511	2364	2234	
27	798	95.0	95.0	1	0	0	2	952	1116	1513	2086	2720	3229	3534	3661	3639	3522	3329	3104	2871	2624	2468	2390	2372	2516	2761	3112	3379	3597	3671	3617	3490	3287	3075	2886	2697	2496	2353	2198	
27	815	94.9	95.0	1	0	0	2	946	1132	1525	2053	2719	3216	3545	3705	3620	3517	3318	3102	2886	2602	2478	2396	2370	2498	2773	3074	3382	3570	3696	3590	3516	3309	3098	2892	2719	2511	2347	2200	
27	833	95.0	95.0	1	0	0	2	932	1125	1531	2087	2712	3244	3535	3686	3629	3530	3327	3098	2842	2627	2482	2401	2379	2527	2752	3090	3356	3624	3646	3578	3487	3311	3100	2877	2695	2499	2414	2182	
27	850	94.9	95.0	1	0	0	2	938	1123	1525	2091	2721	3244	3550	3680	3611	3541	3323	3099	2890	2634	2492	2397	2376	2512	2780	3085	3396	3585	3651	3623	3516	3310	3090	2868	2705	2488	2379	2212	
27	867	94.9	95.0	1	0	0	2	945	1097	1508	2083	2708	3220	3515	3705	3642	3526	3316	3098	2864	2633	2494	2359	2397	2502	2753	3100	3380	3603	3688	3558	3541	3301	3074	2893	2700	2487	2371	2223	
27	884	95.0	95.0	1	0	0	2	932	1127	1522	2076	2683	3205	3528	3722	3646	3534	3328	3102	2868	2637	2485	2378	2369	2546	2756	3064	3397	3567	3667	3601	3476	3295	3091	2881	2706	2497	2339	2205	
27	902	94.9	95.0	1	0	0	2	947	1131	1508	2079	2705	3251	3580	3727	3650	3522	3327	3119	2872	2632	2497	2403	2363	2528	2804	3089	3377	3587	3644	3638	3505	3315	3090	2876	2694	2513	2363	2210	
27	919	94.9	95.0	1	0	0	2	937	1131	1525	2065	2702	3247	3555	3713	3637	3529	3319	3111	2862	2626	2504	2382	2397	2556	2769	3097	3402	3574	3669	3608	3527	3305	3112	2916	2680	2499	2354	2200	
27	936	95.0	95.0	1	0	0	2	935	1121	1524	2077	2715	3239	3526	3724	3655	3538	3310	3126	2852	2639	2484	2383	2373	2520	2776	3070	3388	3595	3689	3568	3500	3295	3091	2880	2680	2512	2360	2192	
27	953	95.0	95.0	1	0	0	2	933	1143	1520	2080	2716	3264	3573	3671	3654	3523	3328	3119	2860	2652	2492	2387	2390	2517	2781	3081	3393	3604	3678	3575	3489	3297	3106	2909	2706	2508	2373	2197	
27	971	95.0	95.0	1	0	0	2	937	1124	1535	2084	2716	3244	3542	3715	3658	3531	3349	3085	2858	2642	2493	2366	2364	2513	2805	3082	3410	3556	3680	3617	3495	3340	3123	2889	2702	2501	2366	2184	
27	988	95.0	95.0	1	0	0	2	931	1120	1514	2079	2742	3246	3527	3696	3634	3548	3340	3105	2878	2620	2474	2376	2358	2484	2802	3098	3405	3605	3649	3612	3505	3318	3124	2854	2686	2509	2376	2194	
27	1005	95.0	95.0	1	0	0	2	936	1114	1525	2055	2688	3247	3524	3695	3627	3527	3324	3073	2875	2633	2493	2378	2367	2508	2760	3064	3396	3608	3657	3606	3508	3305	3061	2865	2704	2499	2345	2192	
27	1022	95.0	95.0	1	0	0	2	945	1124	1534	2073	2729	3225	3539	3653	3673	3547	3314	3125	2898	2606	2477	2397	2403	2516	2779	3081	3432	3574	3654	3612	3493	3314	3123	2868	2705	2511	2348	2224	
27	1040	95.0	95.0	1	0	0	2	937	1115	1526	2051	2744	3266	3542	3721	3691	3521	3331	3132	2847	2632	2519	2406	2369	2527	2749	3090	3364	3563	3653	3597	3508	3295	3093	2876	2700	2519	2337	2199	
27	1057	94.9	95.0	1	0	0	2	947	1118	1522	2058	2724	3255	3547	3720	3645	3558	3332	3130	2865	2625	2492	2359	2406	2504	2772	3067	3361	3581	3663	3583	3518	3318	3089	2861	2682	2510	2340	2206	
27	1074	95.0	95.0	1	0	0	2	931	1108	1517	2073	2702	3282	3560	3735	3639	3525	3336	3113	2884	2650	2481	2390	2394	2496	2773	3090	3391	3593	3664	3595	3491	3282	3096	2886	2698	2495	2352	2197	
27	1091	94.9	95.0	1	0	0	2	938	1132	1541	2104	2715	3294	3560	3696	3638	3525	3366	3119	2866	2694	2484	2374	2371	2508	2776	3087	3367	3575	3639	3618	3492	3296	3125	2907	2708	2523	2342	2205	
27	1109	95.0	95.0	1	0	0	2	936	1130	1506	2077	2704	3247	3538	3699	3668	3574	3344	3117	2846	2645	2494	2386	2360	2519	2777	3066	3390	3603	3686	3596	3521	3313	3105	2893	2698	2508	2298	2185	
27	1126	94.9	95.0	1	0	0	2	923	1130	1520	2073	2696	3264	3544	3707	3672	3550	3351	3112	2880	2633	2485	2425	2404	2562	2786	3063	3398	3597	3641	3583	3496	3308	3121	2899	2739	2474	2346	2236	
27	1143	95.0	95.0	1	0	0	2	942	1131	1522	2074	2739	3296	3533	3719	3642	3590	3346	3134	2868	2623	2497	2424	2386	2500	2801	3069	3402	3579	3673	3619	3496	3303	3089	2876	2706	2514	2368	2190	
27	1160	95.0	95.0	1	0	0	2	950	1150	1520	2082	2718	3273	3577	3756	3651	3539	3352	3102	2880	2624	2506	2401	2376	2537	2794	3103	3379	3598	3645	3598	3459	3301	3104	2872	2711	2516	2357	2188	
27	1178	95.0	95.0	1	0	0	2	936	1122	1544	2065	2703	3236	3555	3727	3653	3570	3319	3130	2865	2602	2458	2392	2384	2499	2796	3092	3381	3557	3655	3582	3509	3311	3096	2882	2659	2471	2348	2205	
27	1195	95.0	95.0	1	0	0	2	926	1128	1526	2065	2724	3268	3558	3678	3638	3527	3362	3114	2867	2652	2479	2384	2397	2500	2765	3095	3377	3594	3665	3578	3486	3322	3080	2897	2712	2518	2333	2190	
27	1212	95.0	95.0	1	0	0	2	939	1122	1512	2079	2717	3246	3585	3668	3639	3537	3363	3170	2886	2638	2470	2399	2376	2539	2760	3114	3351	3579	3669	3608	3500	3305	3121	2887	2711	2493	2341	2192	
27	1229	95.0	95.0	1	0	0	2	932	1112	1523	2086	2703	3254	3541	3698	3698	3581	3292	3101	2878	2641	2489	2392	2401	2487	2762	3074	3394	3548	3640	3558	3473	3296	3093	2879	2660	2516	2340	2201	
27	1247	95.0	95.0	1	0	0	2	941	1129	1505	2091	2705	3254	3575	3700	3679	3544	3334	3130	2874	2629	2497	2397	2393	2540	2767	3089	3371	3617	3664	3578	3525	3305	3090	2872	2703	2503	2344	2218	
27	1264	94.9	95.0	1	0	0	2	944	1119	1532	2063	2699	3270	3532	3694	3651	3523	3328	3128	2837	2647	2506	2359	2419	2537	2767	3082	3391	3567	3678	3601	3503	3317	3097	2863	2678	2512	2347	2193	
27	1281	95.0	95.0	1	0	0	2	939	1129	1530	2090	2699	3270	3564	3728	3629	3539	3330	3133	2910	2641	2503	2392	2391	2537	2756	3097	3403	3598	3676	3594	3503	3335	3100	2890	2679	2526	2354	2185	
27	1327	94.9	95.0	1	1	0	2	963	1123	1530	2069	2710	3266	3564	3714	3653	3537	3356	3107	2900	2611	2528	2415	2379	2507	2758	3084	3352	3596	3674	3585	3496	3305	3090	2895	2713	2524	2352	2212	
27	1391	59.9	60.1	1	1	1	2	1046	1442	2282	3484	4806	5885	6432	6580	6376	5994	5534	5068	4530	4050	3706	3373	3222	3289	3534	3868	4296	4571	4641	4563	4441	4112	3822	3477	3231	2980	2750	2510	
27	1408	59.9	60.0	1	1	1	2	1034	1426	2291	3506	4772	5858	6379	6492	6297	5960	5504	5027	4517	4030	3681	3388	3212	3265	3551	3872	4260	4518	4622	4524	4368	4074	3795	3465	3209	2942	2694	2526	
27	1425	59.9	60.0	1	1	1	2	1050	1430	2257	3475	4779	5852	6335	6548	6309	5963	5495	5070	4500	4023	3704	3383	3200	3270	3493	3841	4256	4516	4618	4525	4391	4086	3816	3482	3186	2943	2728	2523	
27	1443	59.9	60.0	1	1	1	2	1023	1431	2253	3458	4742	5871	6329	6543	6249	5948	5514	5026	4520	4004	3674	3371	3219	3282	3536	3867	4244	4506	4591	4497	4375	4100	3801	3464	3175	2928	2717	2513	
27	1460	60.0	60.0	1	1	1	2	1049	1434	2270	3487	4758	5826	6284	6485	6305	5950	5486	5000	4473	3971	3660	3371	3195	3255	3501	3876	4257	4479	4622	4489	4380	4111	3796	3463	3220	2911	2730	2519	
27	1477	60.0	60.0	1	1	1	2	1038	1442	2242	3501	4788	5828	6368	6501	6256	5934	5490	4973	4481	4029	3640	3395	3206	3260	3511	3847	4202	4534	4600	4503	4357	4107	3796	3432	3144	2920	2741	2495	
27	1494	59.9	60.0	1	1	1	2	1042	1411	2291	3474	4768	5836	6316	6529	6264	5933	5477	5018	4479	4011	3656	3328	3207	3214	3520	3859	4284	4489	4653	4500	4361	4083	3790	3443	3181	2933	2700	2537	
27	1557	95.0	95.1	2	1	0	2	938	1124	1537	2080	2745	3272	3603	3691	3632	3532	3347	3111	2853	2631	2490	2392	2362	2480	2739	3050	3347	3562	3615	3564	3462	3293	3121	2864	2645	2499	2308	2164	
27	1635	59.9	60.1	2	1	1	2	1024	1389	2234	3404	4614	5631	6107	6282	6062	5759	5366	4874	4382	3927	3534	3294	3103	3186	3399	3764	4145	4390	4561	4408	4266	3989	3718	3368	3132	2845	2678	2476	
27	1652	59.9	60.0	2	1	1	2	1029	1396	2206	3345	4691	5650	6166	6305	6097	5802	5354	4870	4389	3912	3584	3255	3156	3186	3414	3762	4149	4430	4518	4430	4292	3959	3688	3400	3185	2878	2673	2465	
27	1670	59.9	60.0	2	1	1	2	1053	1408	2209	3357	4667	5625	6146	6334	6054	5773	5310	4876	4356	3919	3537	3264	3109	3124	3402	3740	4149	4392	4533	4380	4278	3967	3713	3368	3138	2861	2692	2466	
27	1687	59.9	60.0	2	1	1	2	1020	1417	2233	3369	4609	5670	6155	6331	6120	5742	5300	4899	4360	3893	3562	3282	3140	3198	3410	3767	4151	4424	4507	4424	4251	3991	3728	3389	3126	2830	2658	2481	
27	1704	59.9	60.0	2	1	1	2	1041	1404	2228	3386	4602	5662	6157	6277	6078	5769	5318	4852	4380	3891	3523	3335	3127	3154	3386	3777	4142	4414	4512	4455	4292	3984	3700	3370	3117	2889	2678	2492	
27	1721	60.0	60.0	2	1	1	2	1028	1419	2215	3373	4638	5691	6163	6349	6112	5795	5316	4905	4388	3900	3593	3248	3131	3154	3413	3757	4173	4408	4508	4457	4243	3945	3716	3391	3134	2873	2643	2481	
27	1739	59.9	60.0	2	1	1	2	1034	1399	2164	3372	4648	5664	6135	6280	6118	5774	5359	4863	4365	3903	3579	3276	3126	3196	3412	3785	4148	4407	4495	4416	4284	3995	3718	3405	3137	2885	2656	2491	
27	1801	95.0	95.0	3	1	0	2	931	1114	1509	2053	2716	3237	3548	3687	3641	3504	3305	3101	2845	2606	2474	2376	2373	2488	2732	3001	3344	3507	3592	3522	3460	3246	3028	2841	2644	2461	2304	2147	
27	1879	59.9	60.1	3	1	1	2	1025	1376	2178	3313	4613	5548	6100	6222	5993	5727	5232	4808	4280	3853	3521	3241	3124	3125	3368	3769	4091	4385	4451	4382	4189	3970	3634	3380	3105	2837	2669	2432	
27	1896	59.9	60.0	3	1	1	2	1024	1412	2201	3384	4637	5654	6168	6231	6071	5737	5274	4837	4314	3869	3534	3250	3092	3153	3377	3768	4108	4408	4488	4399	4228	4003	3713	3374	3096	2841	2675	2464	
27	1914	60.0	60.0	3	1	1	2	1021	1385	2207	3369	4645	5643	6129	6256	6071	5760	5339	4859	4343	3887	3570	3259	3134	3149	3395	3760	4103	4374	4463	4379	4259	3943	3679	3385	3100	2876	2640	2484	
27	1931	60.0	60.0	3	1	1	2	1024	1386	2185	3348	4635	5622	6120	6307	6075	5757	5303	4852	4383	3927	3552	3249	3110	3167	3406	3733	4130	4383	4448	4397	4274	3984	3675	3399	3119	2817	2678	2472	
27	1948	60.0	60.0	3	1	1	2	1029	1391	2230	3376	4594	5627	6180	6276	6042	5800	5322	4843	4355	3885	3557	3285	3125	3144	3346	3788	4123	4383	4488	4413	4252	3963	3704	3390	3130	2873	2668	2529	
27	1965	59.9	60.0	3	1	1	2	1039	1401	2238	3364	4629	5654	6140	6303	6046	5752	5285	4882	4333	3886	3532	3258	3101	3144	3432	3773	4110	4342	4488	4412	4255	3983	3665	3393	3116	2856	2641	2467	
27	1983	60.0	60.0	3	1	1	2	1014	1410	2196	3367	4622	5669	6140	6308	6055	5771	5286	4849	4368	3915	3541	3275	3102	3181	3414	3742	4150	4380	4476	4393	4256	4018	3690	3386	3118	2892	2657	2463	
27	2047	94.9	95.1	4	1	0	2	931	1127	1549	2088	2677	3211	3562	3680	3616	3526	3320	3066	2837	2620	2465	2359	2349	2507	2683	3017	3284	3480	3568	3524	3438	3218	3047	2821	2634	2465	2298	2172	
27	2127	59.9	60.1	4	1	1	2	1027	1391	2186	3324	4545	5583	6085	6247	6036	5696	5299	4822	4336	3822	3538	3243	3107	3168	3397	3755	4129	4361	4490	4342	4225	3972	3685	3342	3100	2846	2648	2442	
27	2145	60.0	60.0	4	1	1	2	1023	1395	2218	3355	4594	5610	6104	6330	6041	5736	5231	4849	4361	3874	3542	3268	3124	3171	3389	3764	4082	4383	4484	4372	4202	3963	3660	3353	3067	2827	2677	2460	
27	2162	60.0	60.0	4	1	1	2	1017	1399	2229	3353	4618	5636	6137	6279	6057	5736	5275	4850	4346	3866	3556	3269	3095	3149	3425	3750	4104	4403	4483	4378	4277	3992	3644	3353	3119	2867	2659	2480	
27	2179	60.0	60.0	4	1	1	2	1026	1393	2189	3329	4620	5632	6161	6283	6062	5745	5341	4873	4356	3905	3558	3285	3113	3153	3405	3711	4114	4377	4493	4399	4255	3983	3711	3374	3095	2838	2663	2475	
27	2196	60.0	60.0	4	1	1	2	1035	1392	2220	3368	4630	5622	6189	6357	6079	5750	5287	4888	4362	3909	3548	3303	3099	3161	3398	3710	4103	4376	4446	4384	4229	3966	3706	3379	3083	2860	2627	2447	
27	2214	60.0	60.0	4	1	1	2	1018	1383	2197	3354	4654	5631	6133	6275	6053	5743	5252	4824	4348	3906	3556	3237	3147	3163	3387	3756	4141	4356	4467	4369	4184	3969	3645	3352	3110	2822	2644	2466	
27	2231	60.0	60.0	4	1	1	2	1027	1381	2218	3358	4602	5622	6147	6267	6075	5763	5266	4827	4341	3860	3549	3290	3107	3129	3395	3730	4088	4359	4462	4385	4224	3922	3661	3384	3103	2858	2647	2460	
27	2293	95.1	95.1	5	1	0	2	943	1113	1510	2084	2676	3202	3522	3656	3601	3503	3296	3097	2827	2600	2450	2355	2340	2473	2706	2988	3281	3471	3570	3513	3396	3204	3060	2797	2620	2432	2281	2141	
27	2373	59.9	60.1	5	1	1	2	1022	1395	2222	3343	4579	5613	6103	6224	6006	5693	5285	4862	4332	3883	3515	3286	3100	3178	3353	3675	4108	4348	4467	4346	4254	3933	3650	3372	3070	2862	2625	2451	
27	2391	59.9	60.0	5	1	1	2	1027	1408	2195	3357	4604	5625	6071	6288	6058	5698	5274	4848	4344	3896	3589	3262	3089	3151	3356	3794	4112	4366	4480	4380	4270	3932	3677	3363	3080	2851	2632	2463	
27	2408	59.9	60.0	5	1	1	2	1036	1401	2223	3386	4592	5631	6066	6307	6034	5734	5282	4877	4368	3890	3541	3255	3139	3171	3380	3747	4111	4358	4474	4360	4225	3954	3648	3357	3108	2810	2616	2454	
27	2425	60.0	60.0	5	1	1	2	1032	1416	2234	3375	4603	5658	6095	6276	6049	5712	5261	4824	4385	3882	3561	3233	3123	3142	3355	3739	4107	4357	4459	4391	4222	3948	3650	3369	3104	2821	2645	2459	
27	2442	59.9	60.0	5	1	1	2	1023	1414	2239	3365	4638	5642	6103	6275	6059	5749	5326	4809	4312	3892	3554	3256	3100	3156	3382	3703	4088	4351	4461	4365	4212	3933	3683	3355	3119	2860	2636	2459	
27	2460	59.9	60.0	5	1	1	2	1032	1409	2218	3370	4642	5636	6161	6285	6059	5738	5298	4822	4309	3907	3521	3280	3089	3147	3390	3708	4115	4330	4463	4378	4205	3937	3661	3377	3137	2863	2661	2464	
27	2477	59.9	60.0	5	1	1	2	1029	1383	2215	3348	4566	5597	6095	6224	6028	5696	5247	4822	4316	3868	3514	3251	3079	3110	3391	3758	4088	4318	4439	4376	4222	3948	3670	3339	3080	2851	2651	2435	
27	2541	95.0	95.1	6	1	0	2	920	1119	1526	2053	2670	3214	3509	3622	3587	3527	3297	3071	2807	2575	2434	2354	2350	2446	2680	2975	3276	3459	3545	3465	3387	3176	3004	2761	2604	2414	2294	2147	
27	2621	59.9	60.1	6	1	1	2	1018	1394	2178	3318	4578	5593	6086	6233	6013	5694	5254	4765	4297	3837	3545	3258	3089	3127	3372	3722	4093	4321	4464	4370	4214	3929	3668	3357	3086	2832	2668	2452	
27	2639	59.9	60.0	6	1	1	2	1046	1402	2188	3350	4572	5561	6082	6230	5986	5730	5264	4825	4315	3849	3536	3245	3095	3110	3379	3715	4088	4365	4403	4334	4200	3951	3663	3343	3071	2822	2622	2421	
27	2656	60.0	60.0	6	1	1	2	1021	1395	2173	3343	4601	5590	6096	6254	6070	5716	5282	4859	4295	3861	3527	3243	3081	3153	3392	3721	4068	4349	4458	4376	4192	3918	3657	3337	3099	2846	2633	2463	
27	2673	59.9	60.0	6	1	1	2	1022	1410	2212	3348	4632	5643	6138	6274	6042	5699	5262	4840	4360	3870	3540	3241	3090	3151	3388	3701	4080	4382	4477	4364	4212	3960	3706	3340	3074	2850	2648	2455	
27	2690	60.0	60.0	6	1	1	2	1035	1402	2178	3317	4595	5608	6102	6262	5980	5713	5288	4877	4368	3900	3557	3258	3084	3135	3378	3735	4110	4318	4427	4375	4194	3937	3657	3337	3068	2862	2648	2462	
27	2708	60.0	60.0	6	1	1	2	1024	1399	2199	3328	4590	5648	6102	6244	6041	5703	5276	4797	4302	3841	3507	3247	3104	3125	3378	3741	4024	4288	4431	4383	4223	3927	3643	3360	3094	2826	2632	2450	
27	2725	60.0	60.0	6	1	1	2	1021	1406	2198	3363	4585	5595	6085	6223	6040	5766	5248	4828	4279	3892	3554	3256	3072	3106	3378	3724	4090	4357	4427	4361	4240	3934	3640	3353	3062	2819	2623	2429	
27	2789	94.9	95.1	7	1	0	2	930	1111	1491	2051	2656	3204	3452	3658	3580	3463	3293	3010	2818	2577	2453	2324	2324	2427	2688	2978	3238	3460	3509	3464	3362	3163	2975	2789	2562	2422	2288	2125	
27	2870	59.9	60.1	7	1	1	2	1021	1402	2206	3294	4554	5547	6066	6150	6005	5667	5223	4784	4286	3824	3486	3194	3096	3113	3368	3695	4042	4310	4443	4300	4137	3891	3632	3338	3047	2821	2609	2422	
27	2887	59.9	60.0	7	1	1	2	993	1406	2189	3315	4556	5535	6066	6203	5974	5672	5250	4772	4301	3839	3502	3254	3084	3145	3375	3692	4084	4319	4433	4337	4188	3920	3634	3345	3050	2824	2619	2437	
27	2904	59.9	60.0	7	1	1	2	1022	1391	2187	3354	4579	5588	6092	6284	6020	5738	5256	4792	4318	3815	3490	3214	3099	3151	3366	3699	4037	4324	4437	4317	4216	3930	3651	3325	3064	2862	2652	2439	
27	2921	60.0	60.0	7	1	1	2	1038	1389	2199	3326	4577	5583	6101	6276	6027	5730	5291	4780	4335	3863	3541	3221	3074	3128	3362	3739	4075	4382	4456	4346	4186	3945	3613	3363	3093	2852	2612	2467	
27	2939	60.0	60.0	7	1	1	2	1047	1397	2197	3339	4557	5607	6116	6213	6005	5685	5258	4786	4392	3888	3519	3237	3112	3105	3319	3683	4079	4305	4435	4345	4163	3918	3637	3335	3030	2824	2633	2432	
27	2956	60.0	60.0	7	1	1	2	1030	1417	2204	3356	4589	5584	6060	6241	6020	5683	5249	4815	4314	3817	3545	3222	3072	3103	3372	3678	4052	4323	4429	4351	4165	3932	3609	3314	3035	2809	2619	2414	
27	2973	60.0	60.0	7	1	1	2	1029	1403	2209	3341	4626	5560	6067	6200	6000	5681	5232	4777	4318	3848	3494	3261	3064	3120	3348	3672	4088	4312	4400	4304	4226	3928	3636	3344	3084	2843	2613	2437	
27	3038	94.9	95.0	8	1	0	2	928	1123	1488	2060	2660	3158	3489	3606	3574	3446	3244	3035	2781	2569	2410	2328	2287	2439	2680	2967	3266	3450	3512	3392	3342	3171	2964	2771	2594	2402	2258	2107	
27	3118	60.0	60.0	8	1	1	2	1020	1384	2196	3290	4528	5509	6013	6172	5950	5641	5204	4770	4292	3837	3495	3220	3066	3105	3335	3664	4029	4291	4402	4275	4198	3895	3621	3351	3041	2822	2594	2438	
27	3135	59.9	60.0	8	1	1	2	1015	1402	2164	3297	4538	5540	6003	6197	5933	5618	5193	4796	4280	3835	3505	3177	3057	3105	3375	3683	4041	4314	4377	4321	4187	3924	3639	3329	3078	2813	2633	2431	
27	3152	60.0	60.0	8	1	1	2	1024	1377	2193	3317	4517	5540	6033	6186	5949	5605	5216	4760	4273	3825	3483	3207	3048	3124	3328	3716	4050	4300	4427	4294	4147	3898	3627	3336	3072	2819	2623	2445	
27	3169	60.0	60.0	8	1	1	2	1020	1391	2194	3344	4508	5514	6032	6147	5998	5625	5216	4785	4295	3819	3467	3257	3082	3090	3328	3696	4089	4294	4393	4280	4154	3905	3605	3308	3036	2808	2602	2433	
27	3187	60.0	60.0	8	1	1	2	1020	1399	2192	3291	4571	5518	6019	6170	5952	5631	5211	4777	4285	3845	3453	3207	3046	3099	3340	3679	4028	4278	4388	4259	4143	3876	3634	3313	3051	2804	2588	2442	
27	3204	59.9	60.0	8	1	1	2	1032	1391	2195	3298	4526	5576	6018	6142	5954	5670	5246	4776	4261	3803	3487	3205	3075	3140	3335	3632	4029	4282	4381	4296	4158	3902	3621	3350	3090	2819	2600	2416	
27	3221	60.0	60.0	8	1	1	2	1013	1406	2182	3304	4554	5521	6044	6180	5935	5628	5212	4759	4276	3812	3496	3221	3070	3090	3344	3676	4083	4296	4400	4334	4116	3874	3647	3326	3071	2822	2584	2426	
27	3284	94.9	95.0	9	1	0	2	927	1116	1468	2029	2657	3157	3430	3591	3536	3454	3252	3050	2765	2552	2420	2334	2286	2422	2646	2952	3223	3427	3516	3426	3328	3162	2948	2776	2571	2408	2245	2135	
27	3364	60.0	60.1	9	1	1	2	1033	1377	2161	3271	4512	5473	5936	6110	5916	5627	5186	4717	4209	3789	3496	3198	3034	3076	3330	3667	4019	4265	4355	4264	4179	3872	3592	3303	3016	2800	2575	2388	
27	3381	59.9	60.0	9	1	1	2	1032	1401	2174	3278	4468	5478	5952	6095	5950	5609	5147	4705	4236	3813	3422	3202	3042	3083	3307	3638	4016	4244	4383	4268	4164	3880	3573	3311	3032	2785	2559	2407	
27	3398	59.9	60.0	9	1	1	2	1023	1399	2187	3285	4512	5520	5990	6130	5915	5628	5182	4752	4234	3800	3496	3197	3053	3097	3303	3678	4014	4281	4386	4275	4176	3865	3615	3275	3027	2810	2602	2404	
27	3415	60.0	60.0	9	1	1	2	1024	1385	2189	3308	4536	5474	6000	6118	5905	5586	5186	4732	4257	3834	3464	3209	3057	3071	3302	3672	4041	4284	4340	4235	4124	3843	3564	3274	2985	2798	2577	2391	
27	3433	60.0	60.0	9	1	1	2	1023	1394	2169	3295	4537	5490	6011	6149	5956	5633	5215	4753	4252	3804	3467	3200	3056	3126	3336	3673	4029	4265	4372	4256	4162	3886	3601	3312	3067	2807	2589	2427	
27	3450	59.9	60.0	9	1	1	2	1009	1383	2181	3323	4538	5462	6032	6107	5899	5572	5169	4773	4249	3797	3477	3199	3053	3097	3325	3622	4012	4273	4343	4261	4132	3862	3578	3301	3041	2771	2562	2420	
27	3467	60.0	60.0	9	1	1	2	1024	1413	2184	3311	4495	5484	5966	6140	5902	5618	5149	4745	4235	3786	3446	3192	3066	3104	3325	3627	3981	4314	4332	4283	4103	3858	3593	3271	3022	2733	2592	2419	
27	3532	94.9	95.1	10	1	0	2	944	1111	1498	2023	2602	3153	3432	3574	3506	3420	3214	3019	2764	2543	2384	2310	2291	2416	2646	2909	3233	3378	3470	3365	3330	3132	2923	2714	2565	2377	2241	2135	
27	3612	60.0	60.1	10	1	1	2	1016	1374	2151	3264	4526	5430	5902	6082	5818	5540	5117	4660	4222	3755	3439	3176	3034	3066	3285	3631	4006	4229	4342	4261	4101	3860	3530	3246	3017	2779	2591	2387	
27	3629	59.9	60.0	10	1	1	2	1016	1369	2170	3276	4449	5439	5940	6087	5833	5555	5157	4670	4235	3756	3460	3168	3045	3058	3309	3628	3990	4264	4340	4265	4126	3856	3601	3254	2985	2774	2574	2401	
27	3646	60.0	60.0	10	1	1	2	1014	1364	2176	3296	4502	5492	5955	6099	5905	5591	5124	4722	4208	3814	3445	3174	3014	3077	3319	3647	4018	4263	4427	4240	4093	3851	3590	3283	3043	2788	2566	2406	
27	3664	60.0	60.0	10	1	1	2	1038	1374	2168	3301	4484	5473	5974	6073	5864	5616	5152	4710	4235	3760	3448	3159	3020	3072	3293	3628	3969	4244	4323	4240	4084	3824	3572	3279	3010	2766	2606	2413	
27	3681	60.0	60.0	10	1	1	2	1025	1383	2178	3301	4477	5457	5926	6133	5879	5610	5139	4733	4241	3743	3458	3195	3030	3076	3290	3604	4010	4219	4294	4274	4147	3812	3528	3249	3034	2763	2610	2385	
27	3698	59.9	60.0	10	1	1	2	1014	1411	2141	3279	4540	5465	5938	6095	5898	5585	5120	4696	4251	3809	3439	3170	3025	3088	3320	3638	4005	4254	4356	4262	4135	3896	3593	3292	3044	2783	2595	2433	
27	3715	60.0	60.0	10	1	1	2	991	1385	2175	3308	4494	5456	5953	6096	5877	5545	5123	4682	4222	3781	3418	3169	3034	3048	3300	3633	3952	4228	4361	4260	4125	3832	3583	3281	3019	2810	2545	2404	
27	3780	94.9	95.1	11	1	0	2	922	1108	1491	2020	2644	3109	3413	3544	3485	3378	3147	3007	2738	2570	2385	2290	2281	2385	2630	2896	3187	3380	3404	3413	3276	3105	2926	2726	2541	2396	2260	2079	
27	3860	60.0	60.1	11	1	1	2	1022	1369	2144	3284	4443	5443	5858	6052	5840	5503	5094	4678	4177	3764	3399	3141	3013	3029	3292	3620	3968	4239	4346	4250	4070	3858	3554	3248	3017	2774	2561	2388	
27	3877	59.9	60.0	11	1	1	2	1015	1403	2183	3236	4476	5421	5899	6073	5828	5512	5115	4671	4213	3760	3479	3157	3058	3048	3284	3601	3947	4246	4389	4242	4099	3839	3565	3238	2977	2779	2574	2434	
27	3894	60.0	60.0	11	1	1	2	1019	1380	2153	3277	4451	5444	5909	6022	5853	5538	5137	4653	4215	3750	3435	3210	3025	3065	3274	3606	3959	4220	4309	4192	4090	3860	3541	3243	3031	2771	2586	2381	
27	3912	60.0	60.0	11	1	1	2	1023	1364	2160	3275	4471	5443	5894	6118	5840	5551	5135	4677	4184	3791	3417	3161	3010	3054	3303	3641	3958	4162	4342	4201	4078	3837	3582	3246	3003	2764	2584	2408	
27	3929	60.0	60.0	11	1	1	2	1021	1380	2169	3267	4467	5449	5898	6056	5854	5563	5084	4673	4168	3764	3430	3142	3004	3059	3250	3648	3979	4210	4295	4260	4061	3802	3527	3263	3022	2785	2580	2396	
27	3946	60.0	60.0	11	1	1	2	1008	1382	2184	3274	4473	5454	5941	6060	5835	5581	5129	4716	4201	3769	3426	3136	3009	3084	3287	3607	3974	4227	4285	4254	4090	3862	3545	3240	3016	2770	2591	2398	
27	3963	60.0	60.0	11	1	1	2	1024	1379	2175	3251	4486	5424	5912	6060	5837	5558	5127	4682	4172	3748	3414	3147	3023	3029	3293	3622	3981	4219	4274	4237	4073	3828	3556	3253	3019	2759	2592	2388	
27	4026	95.1	95.1	12	1	0	2	919	1103	1484	2010	2604	3137	3445	3534	3504	3370	3184	2998	2766	2531	2382	2299	2260	2400	2637	2938	3202	3366	3443	3419	3291	3133	2910	2733	2547	2380	2228	2080	
27	4106	59.9	60.1	12	1	1	2	1016	1378	2141	3261	4429	5369	5861	5992	5814	5492	5107	4640	4114	3721	3412	3170	2976	3062	3256	3605	3973	4206	4266	4218	4073	3816	3529	3256	3021	2765	2506	2395	
27	4123	59.9	60.0	12	1	1	2	1012	1363	2149	3251	4466	5396	5860	6048	5870	5545	5124	4677	4199	3742	3416	3170	3017	3038	3285	3587	3953	4201	4288	4208	4047	3820	3535	3268	2975	2765	2580	2384	
27	4141	60.0	60.0	12	1	1	2	1017	1378	2166	3278	4469	5440	5900	6070	5861	5556	5128	4655	4204	3755	3425	3164	2984	3063	3289	3652	4008	4197	4311	4235	4085	3808	3532	3236	2964	2759	2554	2398	
27	4158	60.0	60.0	12	1	1	2	1020	1408	2166	3257	4456	5456	5894	6037	5841	5567	5138	4652	4195	3737	3421	3170	3012	3049	3270	3586	4000	4255	4323	4224	4075	3870	3564	3258	3016	2748	2578	2394	
27	4175	60.0	60.0	12	1	1	2	1009	1385	2189	3254	4486	5459	5898	6082	5839	5543	5127	4714	4194	3745	3443	3180	3041	3056	3297	3617	3965	4207	4301	4254	4109	3864	3601	3245	3026	2747	2571	2391	
27	4192	60.0	60.0	12	1	1	2	1020	1423	2157	3283	4488	5429	5931	6081	5821	5535	5070	4637	4204	3719	3449	3177	3030	3071	3293	3612	3968	4195	4284	4227	4060	3843	3592	3267	2980	2738	2542	2380	
27	4209	60.0	60.0	12	1	1	2	1004	1370	2155	3255	4465	5437	5918	6058	5876	5535	5089	4637	4175	3757	3442	3135	3015	3042	3258	3579	3981	4234	4283	4254	4071	3802	3534	3251	3004	2769	2566	2401	
27	4271	94.9	95.0	13	1	0	2	931	1125	1489	2008	2607	3133	3399	3547	3480	3370	3199	2993	2741	2511	2403	2278	2259	2378	2642	2870	3152	3367	3451	3323	3286	3114	2920	2711	2537	2364	2210	2090	
27	4288	95.0	95.0	13	1	0	2	924	1092	1461	2002	2628	3106	3377	3520	3470	3382	3176	2963	2714	2518	2364	2278	2250	2379	2614	2874	3152	3349	3402	3386	3265	3083	2888	2701	2513	2360	2231	2073	
27	4351	60.0	60.1	13	1	1	2	1014	1376	2147	3236	4426	5413	5827	6035	5787	5503	5093	4659	4149	3716	3414	3168	2970	3019	3273	3607	3934	4186	4305	4199	4080	3826	3542	3216	2999	2745	2570	2379	
27	4368	59.9	60.0	13	1	1	2	1020	1392	2140	3250	4432	5421	5907	6017	5825	5508	5063	4637	4173	3755	3419	3099	2986	3042	3275	3628	3964	4217	4301	4198	4104	3796	3560	3229	2993	2764	2584	2362	
27	4386	60.0	60.0	13	1	1	2	1022	1376	2121	3253	4476	5436	5902	6087	5869	5515	5108	4675	4180	3730	3419	3173	3020	3033	3268	3618	3933	4212	4297	4226	4075	3821	3550	3248	3031	2699	2595	2392	
27	4403	60.0	60.0	13	1	1	2	1020	1370	2169	3248	4442	5436	5898	6006	5834	5533	5115	4668	4200	3740	3419	3192	3016	3056	3263	3618	4003	4207	4317	4247	4075	3818	3571	3222	2998	2759	2561	2426	
27	4420	60.0	60.0	13	1	1	2	1033	1381	2155	3266	4464	5420	5870	6028	5865	5544	5114	4697	4199	3771	3450	3170	3006	3071	3279	3603	3931	4171	4282	4201	4051	3840	3537	3230	2996	2770	2595	2351	
27	4437	59.9	60.0	13	1	1	2	1017	1381	2154	3244	4436	5367	5885	6052	5839	5541	5117	4645	4167	3743	3425	3153	2992	3054	3280	3599	3944	4202	4291	4205	4109	3812	3560	3250	3027	2740	2539	2378	
27	4455	60.0	60.0	13	1	1	2	1019	1365	2155	3233	4385	5373	5856	6018	5868	5491	5078	4662	4164	3732	3399	3151	2999	3036	3255	3569	3987	4194	4279	4192	4093	3783	3516	3255	2991	2766	2571	2381	
27	4517	95.0	95.0	14	1	0	2	930	1102	1475	2026	2627	3107	3422	3546	3514	3403	3202	2994	2762	2537	2374	2288	2279	2380	2630	2913	3197	3379	3428	3369	3288	3114	2929	2712	2556	2370	2232	2096	
27	4534	95.0	95.0	14	1	0	2	929	1101	1463	1996	2613	3114	3376	3501	3478	3359	3161	2989	2717	2521	2364	2305	2257	2376	2626	2905	3153	3370	3420	3354	3279	3083	2890	2718	2536	2339	2212	2099	
27	4597	60.0	60.1	14	1	1	2	996	1376	2122	3228	4409	5361	5838	5987	5777	5512	5061	4615	4171	3696	3420	3146	2985	3020	3225	3585	3963	4175	4269	4208	4049	3795	3578	3208	2969	2754	2584	2391	
27	4615	59.9	60.0	14	1	1	2	1008	1371	2140	3232	4464	5390	5850	6028	5796	5498	5098	4678	4171	3720	3418	3160	2998	3049	3286	3608	3985	4205	4278	4178	4095	3808	3527	3252	3009	2743	2532	2382	
27	4632	60.0	60.0	14	1	1	2	1015	1386	2150	3253	4442	5475	5865	6024	5823	5512	5074	4671	4149	3721	3436	3136	2985	3017	3271	3552	3956	4189	4275	4194	4051	3805	3544	3260	2998	2759	2572	2401	
27	4649	60.0	60.0	14	1	1	2	1022	1387	2167	3263	4414	5383	5847	6026	5799	5533	5068	4689	4155	3704	3378	3133	3006	3074	3270	3567	3952	4177	4257	4240	4076	3791	3530	3233	2998	2748	2586	2378	
27	4666	59.9	60.0	14	1	1	2	1011	1388	2150	3248	4478	5418	5889	5995	5801	5522	5077	4656	4171	3702	3399	3161	2944	3037	3276	3658	3941	4168	4287	4206	4055	3824	3496	3235	2944	2775	2559	2400	
27	4684	59.9	60.0	14	1	1	2	1024	1364	2166	3266	4448	5430	5835	6004	5794	5500	5065	4620	4215	3759	3398	3142	2991	3045	3267	3565	3903	4170	4287	4204	3985	3838	3510	3232	2975	2745	2537	2362	
27	4701	60.0	60.0	14	1	1	2	1008	1381	2137	3256	4426	5394	5884	5957	5816	5486	5100	4645	4150	3743	3439	3176	2985	3008	3237	3594	3949	4149	4277	4224	4023	3804	3547	3252	2994	2739	2555	2367	
27	4765	94.9	95.1	15	1	0	2	919	1103	1477	2011	2593	3100	3380	3545	3476	3383	3188	2985	2741	2531	2393	2268	2266	2372	2639	2898	3203	3345	3431	3336	3321	3063	2911	2693	2504	2387	2244	2098	
27	4783	95.0	95.0	15	1	1	2	935	1110	1471	2002	2615	3061	3371	3497	3466	3358	3138	2970	2723	2536	2377	2245	2261	2379	2596	2882	3184	3332	3410	3366	3245	3096	2909	2670	2506	2348	2199	2066	
27	4845	59.9	60.1	15	1	1	2	1019	1369	2127	3208	4406	5308	5788	5986	5745	5408	5044	4572	4124	3725	3397	3125	2999	2997	3256	3564	3917	4139	4272	4174	4053	3797	3513	3238	2999	2732	2542	2388	
27	4863	59.9	60.0	15	1	1	2	1013	1355	2154	3228	4429	5341	5797	5978	5790	5449	4988	4620	4174	3695	3380	3100	2980	2993	3273	3533	3915	4188	4240	4176	4025	3758	3530	3264	2985	2757	2549	2381	
27	4880	59.9	60.0	15	1	1	2	1018	1351	2144	3224	4423	5335	5863	5988	5783	5513	5065	4631	4109	3720	3392	3160	3038	3028	3239	3563	3956	4145	4281	4184	4095	3780	3524	3211	2985	2710	2527	2357	
27	4897	59.9	60.0	15	1	1	2	1008	1384	2157	3238	4438	5412	5811	6032	5825	5506	5062	4631	4154	3721	3409	3148	2980	3003	3238	3564	3909	4191	4264	4186	4055	3823	3554	3235	3004	2727	2538	2350	
27	4914	59.9	60.0	15	1	1	2	1024	1358	2147	3239	4421	5369	5852	5987	5755	5490	5087	4593	4161	3697	3402	3134	2981	3022	3256	3584	3919	4177	4270	4116	4039	3799	3527	3238	2971	2742	2552	2403	
27	4932	60.0	60.0	15	1	1	2	992	1365	2166	3258	4411	5379	5822	6026	5757	5487	5102	4639	4179	3738	3421	3122	2977	3035	3227	3588	3907	4182	4279	4176	4064	3788	3499	3258	2981	2764	2543	2381	
27	4949	60.0	60.0	15	1	1	2	1010	1374	2131	3204	4394	5362	5864	6045	5735	5481	5017	4634	4138	3738	3378	3110	2967	3041	3272	3554	3913	4157	4287	4172	4045	3825	3509	3235	2997	2761	2549	2381	
27	5013	94.9	95.1	16	1	0	2	913	1105	1490	2016	2590	3084	3370	3494	3472	3361	3152	2981	2697	2489	2377	2282	2265	2388	2582	2841	3161	3312	3425	3312	3258	3058	2891	2679	2506	2338	2199	2078	
27	5031	95.0	95.0	16	1	1	2	925	1095	1501	1986	2556	3112	3353	3478	3446	3340	3167	2928	2710	2498	2386	2263	2264	2364	2605	2851	3154	3303	3399	3329	3265	3086	2887	2687	2533	2340	2231	2070	
27	5093	60.0	60.1	16	1	1	2	1032	1365	2128	3215	4393	5316	5784	5947	5756	5391	5033	4607	4169	3663	3348	3119	2981	3022	3224	3578	3888	4134	4253	4169	4029	3776	3509	3202	2949	2714	2556	2377	
27	5111	59.9	60.0	16	1	1	2	1008	1355	2128	3205	4390	5326	5807	5986	5782	5446	5017	4580	4129	3709	3392	3131	2977	3006	3215	3582	3914	4163	4263	4179	4018	3771	3456	3238	2982	2708	2516	2368	
27	5128	59.9	60.0	16	1	1	2	1014	1354	2147	3250	4416	5406	5854	6019	5782	5494	5040	4633	4140	3703	3397	3129	2986	3027	3255	3555	3927	4136	4273	4177	4062	3771	3542	3216	2990	2738	2518	2373	
27	5145	59.9	60.0	16	1	1	2	1028	1378	2135	3212	4404	5358	5820	5978	5777	5468	5048	4625	4151	3729	3408	3148	2968	3024	3224	3578	3896	4163	4253	4181	4041	3771	3502	3185	2952	2736	2514	2384	
27	5162	60.0	60.0	16	1	1	2	1019	1393	2123	3229	4408	5360	5832	5982	5781	5486	5091	4640	4162	3737	3363	3152	2952	3031	3217	3573	3912	4141	4260	4200	4066	3792	3532	3202	2989	2739	2558	2364	
27	5180	60.0	60.0	16	1	1	2	1014	1385	2143	3237	4421	5379	5768	5932	5751	5454	5012	4591	4145	3698	3370	3108	2953	2996	3255	3539	3894	4180	4250	4132	4018	3771	3510	3240	2979	2711	2526	2369	
27	5197	60.0	60.0	16	1	1	2	1022	1370	2166	3217	4399	5366	5801	5941	5759	5467	5047	4606	4144	3725	3337	3094	2988	2991	3213	3564	3889	4157	4258	4183	4032	3763	3474	3212	2977	2751	2513	2381	
27	5259	95.0	95.0	17	1	0	2	936	1100	1468	2003	2590	3101	3363	3496	3470	3356	3175	2971	2706	2494	2352	2292	2254	2374	2613	2891	3150	3345	3383	3353	3248	3085	2872	2690	2497	2363	2212	2068	
27	5277	95.0	95.0	17	1	1	2	935	1100	1472	1961	2582	3067	3323	3501	3414	3326	3137	2921	2696	2489	2349	2293	2244	2375	2573	2849	3131	3302	3400	3329	3231	3038	2908	2684	2507	2326	2193	2082	
27	5339	59.9	60.1	17	1	1	2	1002	1393	2119	3197	4399	5331	5759	5948	5729	5426	4979	4578	4144	3686	3351	3145	2940	3007	3212	3550	3882	4140	4249	4148	3984	3795	3476	3217	3010	2740	2528	2359	
27	5357	59.9	60.0	17	1	1	2	1005	1375	2111	3200	4373	5350	5775	5925	5744	5443	4998	4623	4102	3699	3394	3096	2946	3013	3245	3539	3906	4173	4239	4177	4039	3780	3514	3199	2952	2732	2548	2366	
27	5374	59.9	60.0	17	1	1	2	1001	1368	2130	3228	4395	5329	5809	5964	5740	5406	5042	4642	4156	3677	3380	3100	2978	2971	3209	3568	3912	4132	4237	4144	4048	3754	3520	3163	2954	2760	2543	2366	
27	5391	59.9	60.0	17	1	1	2	1018	1364	2124	3205	4454	5344	5800	5978	5763	5463	5057	4631	4086	3707	3402	3130	2952	2988	3231	3575	3899	4149	4261	4163	4015	3756	3497	3175	2963	2726	2545	2381	
27	5408	59.9	60.0	17	1	1	2	1006	1364	2139	3215	4381	5395	5818	5974	5755	5462	5049	4599	4128	3712	3386	3098	2959	3024	3268	3522	3930	4145	4282	4132	4037	3761	3513	3200	2962	2741	2535	2352	
27	5426	60.0	60.0	17	1	1	2	1030	1372	2134	3224	4413	5318	5815	5965	5748	5440	5032	4623	4142	3685	3381	3133	2985	3020	3228	3550	3903	4166	4250	4186	4036	3754	3490	3234	2927	2728	2563	2373	
27	5443	60.0	60.0	17	1	1	2	1020	1376	2112	3250	4394	5357	5825	5982	5740	5453	5037	4629	4142	3708	3375	3111	2954	3002	3203	3552	3873	4166	4212	4156	4041	3751	3484	3222	2962	2720	2538	2378	
27	5507	94.9	95.1	18	1	0	2	926	1114	1471	1996	2610	3088	3380	3515	3462	3378	3154	2968	2710	2505	2363	2275	2249	2348	2597	2866	3150	3347	3368	3336	3252	3077	2904	2714	2513	2350	2202	2070	
27	5525	95.0	95.0	18	1	1	2	926	1099	1478	1979	2564	3049	3354	3491	3445	3353	3139	2906	2708	2500	2316	2269	2265	2350	2580	2874	3155	3306	3396	3302	3214	3092	2876	2684	2459	2325	2197	2059	
27	5588	60.0	60.1	18	1	1	2	1009	1360	2117	3200	4367	5325	5774	5928	5694	5435	4977	4593	4117	3667	3358	3063	2973	3017	3180	3568	3872	4150	4261	4130	4038	3760	3479	3189	2964	2723	2533	2354	
27	5605	59.9	60.0	18	1	1	2	1018	1371	2097	3187	4342	5357	5786	5942	5687	5429	5009	4576	4120	3736	3350	3125	2986	3050	3248	3580	3899	4119	4219	4132	4019	3728	3466	3195	2980	2716	2541	2372	
27	5622	60.0	60.0	18	1	1	2	1032	1373	2171	3240	4413	5390	5811	6024	5757	5502	5015	4590	4172	3742	3407	3124	2983	3028	3258	3592	3938	4173	4246	4156	4056	3784	3521	3217	2976	2747	2535	2358	
27	5639	60.0	60.0	18	1	1	2	1020	1368	2117	3241	4400	5358	5798	5945	5739	5454	5039	4597	4139	3711	3394	3153	2968	3012	3240	3541	3895	4160	4239	4180	4017	3807	3483	3197	2967	2729	2557	2359	
27	5657	60.0	60.0	18	1	1	2	1057	1364	2133	3247	4423	5334	5790	5908	5749	5505	5044	4608	4130	3693	3379	3099	2953	3039	3184	3581	3928	4167	4228	4157	4057	3766	3494	3227	2952	2720	2514	2361	
27	5674	60.0	60.0	18	1	1	2	1018	1379	2158	3228	4373	5291	5780	5973	5749	5471	5028	4628	4118	3684	3364	3121	2977	2978	3251	3553	3904	4145	4264	4158	4068	3758	3504	3214	2970	2744	2542	2352	
27	5691	60.0	60.0	18	1	1	2	1013	1351	2130	3215	4387	5315	5766	5913	5771	5424	5025	4598	4137	3693	3371	3124	2980	3004	3212	3524	3901	4122	4258	4122	4005	3765	3511	3217	2975	2706	2547	2363	
27	5756	95.0	95.1	19	1	0	2	930	1101	1497	1996	2595	3093	3363	3538	3472	3359	3180	2936	2719	2515	2359	2240	2261	2344	2556	2884	3163	3327	3460	3337	3258	3049	2903	2678	2496	2356	2236	2044	
27	5773	95.0	95.0	19	1	1	2	915	1100	1482	1994	2558	3054	3339	3430	3466	3342	3108	2950	2704	2506	2352	2257	2241	2361	2609	2822	3153	3302	3396	3329	3235	3032	2878	2647	2504	2358	2218	2045	
27	5836	59.9	60.1	19	1	1	2	1002	1381	2118	3173	4343	5313	5750	5918	5725	5443	5026	4616	4163	3672	3354	3092	2982	3028	3251	3572	3862	4152	4261	4152	3995	3737	3479	3211	2952	2723	2526	2336	
27	5853	60.0	60.0	19	1	1	2	1013	1366	2126	3169	4347	5319	5804	5935	5710	5426	5008	4571	4147	3677	3347	3110	2945	3011	3236	3527	3889	4135	4209	4098	4003	3755	3472	3222	2947	2717	2553	2380	
27	5870	60.0	60.0	19	1	1	2	1010	1391	2126	3207	4371	5354	5789	5921	5720	5475	5032	4606	4078	3702	3385	3149	2987	2969	3226	3585	3943	4135	4228	4161	4040	3780	3501	3224	2960	2741	2557	2407	
27	5887	59.9	60.0	19	1	1	2	1026	1359	2125	3242	4399	5348	5798	5958	5786	5438	5001	4620	4160	3684	3364	3108	2969	3018	3192	3550	3896	4182	4256	4145	4020	3743	3539	3206	2974	2737	2552	2370	
27	5905	60.0	60.0	19	1	1	2	1003	1358	2147	3234	4412	5326	5814	5963	5763	5467	5037	4625	4111	3679	3395	3133	2949	3028	3248	3558	3904	4156	4279	4166	4033	3765	3522	3241	2944	2740	2545	2368	
27	5922	60.0	60.0	19	1	1	2	1014	1358	2133	3213	4353	5348	5817	5917	5767	5467	5030	4590	4158	3690	3388	3140	2951	3030	3279	3554	3929	4151	4234	4172	4038	3775	3493	3211	2983	2711	2539	2369	
27	5939	60.0	60.0	19	1	1	2	1008	1365	2126	3249	4397	5323	5740	5936	5733	5434	5051	4588	4089	3701	3380	3085	2945	2952	3211	3543	3903	4165	4227	4131	4008	3739	3477	3177	2960	2685	2529	2358	
27	6004	95.0	95.1	20	1	0	2	937	1106	1460	1989	2563	3075	3361	3494	3472	3357	3107	2949	2725	2490	2361	2253	2237	2351	2579	2872	3118	3290	3390	3319	3213	3066	2884	2666	2480	2329	2167	2063	
27	6021	95.0	95.0	20	1	1	2	917	1102	1481	1971	2569	3044	3349	3465	3422	3298	3123	2956	2716	2492	2352	2270	2252	2318	2595	2873	3145	3349	3405	3296	3182	3052	2867	2672	2501	2328	2210	2053	
27	6084	59.8	60.1	20	1	1	2	1013	1361	2097	3209	4395	5264	5772	5890	5660	5417	5014	4577	4071	3660	3334	3129	2962	3038	3210	3551	3878	4151	4253	4135	3989	3781	3496	3213	2931	2723	2519	2337	
27	6101	59.9	60.0	20	1	1	2	1016	1375	2119	3178	4383	5323	5796	5959	5724	5444	4998	4571	4106	3689	3357	3109	2975	2981	3258	3530	3911	4131	4257	4148	4043	3733	3506	3224	2954	2708	2543	2356	
27	6118	60.0	60.0	20	1	1	2	1003	1366	2146	3223	4413	5315	5819	5929	5791	5459	5041	4586	4118	3670	3362	3109	2972	3005	3231	3569	3949	4116	4235	4135	4031	3741	3491	3190	2960	2736	2542	2372	
27	6135	59.9	60.0	20	1	1	2	1008	1368	2129	3198	4377	5358	5805	5962	5694	5440	5052	4624	4102	3673	3387	3098	2942	3007	3249	3583	3897	4142	4215	4149	4034	3754	3491	3199	2970	2713	2531	2377	
27	6153	59.9	60.0	20	1	1	2	1020	1351	2139	3199	4407	5320	5829	5948	5716	5449	5023	4581	4092	3709	3368	3098	2964	2991	3196	3526	3910	4152	4208	4141	4024	3774	3485	3234	2961	2737	2534	2366	
27	6170	59.9	60.0	20	1	1	2	1019	1374	2127	3215	4361	5337	5775	5957	5718	5456	4983	4594	4134	3678	3351	3091	3013	3006	3230	3550	3908	4148	4207	4152	3994	3755	3491	3171	2962	2723	2515	2359	
27	6187	59.9	60.0	20	1	1	2	1009	1362	2125	3240	4386	5336	5757	5963	5711	5451	4990	4589	4087	3677	3349	3105	2978	3010	3254	3565	3911	4138	4227	4114	3989	3766	3484	3192	2970	2686	2525	2372	
27	6252	95.0	95.1	21	1	0	2	940	1107	1468	2004	2565	3087	3370	3516	3473	3327	3152	2968	2707	2505	2388	2272	2227	2359	2592	2877	3133	3337	3399	3335	3240	3082	2849	2671	2526	2350	2216	2075	
27	6269	95.0	95.0	21	1	1	2	924	1115	1478	1988	2582	3034	3337	3463	3454	3341	3101	2920	2714	2492	2381	2281	2242	2359	2610	2854	3203	3307	3418	3333	3218	3058	2851	2660	2509	2330	2182	2062	
27	6330	59.9	60.1	21	1	1	2	1018	1368	2116	3190	4398	5334	5739	5915	5733	5424	5027	4570	4098	3666	3355	3109	2979	3006	3194	3521	3872	4097	4235	4148	3986	3726	3450	3193	2977	2730	2531	2356	
27	6347	60.0	60.0	21	1	1	2	1007	1385	2140	3216	4373	5358	5751	5904	5759	5463	5049	4630	4128	3686	3399	3101	2963	2992	3219	3537	3897	4098	4189	4185	4067	3781	3497	3171	2958	2718	2528	2360	
27	6364	60.0	60.0	21	1	1	2	1015	1372	2139	3249	4413	5346	5787	5950	5764	5462	5016	4601	4146	3723	3369	3126	2961	2992	3262	3553	3918	4114	4227	4162	4018	3771	3477	3227	2976	2732	2541	2353	
27	6382	60.0	60.0	21	1	1	2	988	1375	2144	3218	4386	5354	5832	5965	5764	5440	5055	4602	4157	3706	3392	3137	2968	3020	3254	3571	3902	4187	4268	4169	4025	3788	3509	3165	3009	2717	2544	2351	
27	6399	59.9	60.0	21	1	1	2	1007	1367	2121	3225	4390	5361	5766	5946	5763	5441	5040	4553	4128	3689	3358	3144	2955	2985	3223	3569	3910	4160	4209	4130	4107	3759	3473	3201	2945	2693	2511	2371	
27	6416	60.0	60.0	21	1	1	2	1028	1358	2130	3222	4388	5349	5812	5940	5775	5418	5037	4579	4141	3691	3383	3086	2957	2998	3245	3552	3906	4087	4248	4121	4009	3727	3467	3186	2953	2744	2502	2333	
27	6433	60.0	60.0	21	1	1	2	1015	1372	2125	3207	4391	5350	5809	5917	5784	5466	5012	4654	4113	3710	3351	3104	2932	3015	3261	3535	3897	4162	4236	4179	4014	3736	3445	3191	2952	2727	2521	2377	
27	6496	95.0	95.0	22	1	0	2	929	1097	1471	2004	2583	3074	3346	3502	3481	3372	3218	2975	2725	2472	2356	2248	2247	2361	2608	2872	3176	3345	3409	3346	3242	3108	2871	2702	2508	2349	2223	2066	
27	6513	95.0	95.0	22	1	0	2	926	1114	1477	1983	2547	3059	3306	3464	3477	3342	3146	2945	2696	2489	2340	2243	2224	2362	2588	2884	3117	3334	3403	3295	3202	3024	2809	2664	2517	2311	2194	2061	
27	6576	59.9	60.1	22	1	1	2	1006	1368	2126	3189	4370	5342	5724	5882	5709	5414	5016	4552	4073	3683	3350	3135	2954	3002	3229	3542	3893	4087	4206	4148	4004	3747	3481	3208	2943	2750	2532	2354	
27	6593	60.0	60.0	22	1	1	2	1006	1357	2131	3189	4362	5332	5754	5911	5717	5435	5020	4584	4116	3674	3366	3115	2964	3019	3206	3560	3916	4161	4262	4159	3998	3733	3474	3194	2969	2729	2522	2352	
27	6610	60.0	60.0	22	1	1	2	1011	1375	2129	3228	4355	5302	5766	5933	5725	5433	5016	4609	4154	3674	3380	3130	2964	3040	3232	3548	3886	4154	4261	4120	4027	3773	3483	3171	2953	2733	2535	2364	
27	6628	59.9	60.0	22	1	1	2	1003	1370	2120	3206	4369	5345	5773	5931	5706	5437	5025	4596	4109	3720	3364	3125	2944	3011	3187	3548	3859	4096	4204	4143	4012	3779	3511	3197	2924	2732	2520	2361	
27	6645	60.0	60.0	22	1	1	2	1026	1353	2129	3212	4422	5360	5817	5904	5740	5394	5000	4584	4114	3693	3386	3118	3003	2997	3186	3544	3884	4127	4220	4169	4004	3774	3507	3186	2959	2716	2543	2354	
27	6662	59.9	60.0	22	1	1	2	1020	1363	2120	3230	4389	5316	5744	5931	5710	5377	5046	4564	4103	3712	3353	3100	2943	2983	3203	3561	3887	4168	4252	4115	4026	3721	3473	3193	2934	2692	2553	2363	
27	6679	60.0	60.0	22	1	1	2	1027	1360	2129	3207	4387	5326	5796	5932	5738	5421	5082	4635	4106	3698	3353	3112	2984	2981	3252	3556	3903	4132	4242	4166	4026	3736	3507	3211	2994	2733	2537	2338	
27	6742	95.0	95.1	23	1	0	2	925	1098	1476	2010	2576	3089	3384	3500	3458	3365	3150	2955	2745	2487	2372	2289	2259	2377	2606	2875	3150	3309	3397	3351	3240	3006	2864	2674	2513	2351	2198	2062	
27	6759	95.0	95.0	23	1	0	2	922	1109	1450	2011	2567	3082	3316	3478	3481	3305	3158	2922	2675	2470	2357	2275	2213	2355	2578	2863	3114	3277	3346	3309	3203	3051	2869	2670	2504	2312	2193	2057	
27	6822	59.9	60.1	23	1	1	2	981	1357	2117	3180	4340	5284	5746	5946	5718	5412	4948	4557	4078	3691	3368	3087	2971	2982	3152	3521	3873	4116	4246	4153	3989	3751	3477	3181	2952	2727	2502	2357	
27	6839	59.9	60.0	23	1	1	2	1021	1359	2132	3155	4368	5294	5761	5935	5707	5426	5015	4585	4104	3702	3374	3075	2963	3008	3196	3541	3877	4124	4221	4149	3987	3730	3489	3194	2977	2692	2527	2375	
27	6857	59.9	60.0	23	1	1	2	1014	1375	2146	3223	4393	5347	5844	5965	5745	5459	5000	4620	4148	3688	3366	3106	2959	2981	3225	3567	3925	4156	4245	4136	3998	3759	3509	3189	2992	2740	2533	2374	
27	6874	59.9	60.0	23	1	1	2	1021	1368	2124	3199	4415	5292	5743	5903	5745	5463	5026	4576	4090	3691	3429	3091	2933	3008	3232	3548	3901	4143	4237	4130	4024	3805	3474	3168	2933	2723	2539	2368	
27	6891	60.0	60.0	23	1	1	2	1016	1370	2122	3242	4379	5337	5788	5939	5692	5417	4974	4594	4124	3699	3361	3100	2968	3010	3211	3544	3894	4164	4211	4121	4030	3749	3469	3180	2961	2700	2535	2377	
27	6908	59.9	60.0	23	1	1	2	1002	1358	2110	3187	4371	5341	5755	5940	5709	5396	4965	4598	4104	3683	3386	3086	2932	2981	3225	3547	3858	4139	4235	4133	4007	3736	3475	3176	2942	2702	2514	2343	
27	6926	59.9	60.0	23	1	1	2	1012	1352	2107	3200	4388	5299	5784	5924	5712	5406	5000	4553	4036	3658	3363	3133	2964	3019	3202	3520	3863	4119	4189	4108	4027	3724	3463	3182	2927	2712	2512	2346	
27	6988	95.0	95.0	24	1	0	2	917	1093	1477	1996	2558	3087	3340	3468	3435	3342	3188	2939	2706	2490	2372	2248	2210	2366	2573	2864	3127	3322	3383	3287	3265	3047	2866	2676	2523	2340	2172	2061	
27	7068	59.9	60.1	24	1	1	2	1016	1381	2097	3210	4310	5284	5706	5888	5699	5364	4994	4524	4097	3657	3311	3106	2939	3008	3228	3533	3882	4101	4217	4085	3990	3722	3485	3210	2938	2720	2505	2340	
27	7085	59.9	60.0	24	1	1	2	1015	1355	2137	3204	4369	5310	5760	5852	5711	5440	4980	4600	4106	3690	3346	3099	2935	2976	3217	3517	3874	4124	4245	4143	3987	3759	3494	3190	2924	2709	2534	2333	
27	7103	60.0	60.0	24	1	1	2	1006	1347	2142	3226	4392	5334	5762	5927	5685	5392	4994	4551	4102	3661	3360	3118	2933	2996	3207	3515	3867	4144	4216	4120	4008	3764	3476	3193	2978	2707	2505	2342	
27	7120	59.9	60.0	24	1	1	2	1009	1365	2127	3211	4376	5304	5792	5868	5705	5413	4995	4534	4085	3654	3349	3092	2937	2988	3192	3536	3912	4095	4197	4152	4026	3743	3462	3162	2942	2703	2502	2330	
27	7137	59.9	60.0	24	1	1	2	1012	1374	2120	3195	4365	5316	5737	5928	5679	5447	5010	4554	4136	3652	3363	3104	2932	2968	3187	3545	3846	4148	4198	4127	3994	3709	3482	3218	2924	2683	2529	2347	
27	7154	59.9	60.0	24	1	1	2	1009	1338	2148	3223	4367	5309	5793	5879	5712	5360	5011	4566	4074	3658	3380	3098	2943	2967	3243	3533	3847	4154	4197	4103	3993	3683	3462	3182	2932	2700	2505	2324	
27	7172	59.9	60.0	24	1	1	2	1006	1361	2116	3188	4356	5313	5731	5909	5682	5384	4983	4595	4089	3680	3336	3022	2960	3008	3192	3524	3841	4098	4220	4113	3972	3736	3456	3179	2922	2702	2504	2326	
27	7236	95.0	95.1	25	1	0	2	937	1106	1456	2000	2567	3088	3337	3485	3450	3336	3148	2982	2721	2489	2360	2268	2244	2369	2596	2852	3108	3282	3377	3302	3229	3050	2870	2692	2523	2349	2164	2060	
27	7253	95.0	95.0	25	1	0	2	925	1100	1471	1967	2553	3052	3314	3429	3424	3345	3091	2894	2692	2492	2340	2234	2211	2332	2581	2820	3112	3274	3366	3292	3199	3006	2832	2666	2472	2313	2167	2067	
27	7316	59.9	60.1	25	1	1	2	1022	1355	2085	3173	4319	5302	5651	5854	5658	5368	4969	4504	4056	3672	3345	3073	2947	3007	3216	3517	3865	4140	4234	4122	3995	3740	3411	3199	2939	2687	2525	2325	
27	7334	59.9	60.0	25	1	1	2	1000	1369	2119	3181	4311	5279	5713	5835	5658	5372	4975	4512	4058	3638	3363	3082	2956	2986	3164	3506	3857	4085	4223	4099	3979	3730	3457	3172	2907	2712	2537	2322	
27	7351	60.0	60.0	25	1	1	2	1013	1363	2110	3200	4389	5307	5781	5896	5691	5420	4989	4543	4100	3684	3348	3095	2920	2995	3202	3546	3909	4145	4187	4158	3969	3729	3468	3199	2944	2714	2515	2365	
27	7368	60.0	60.0	25	1	1	2	1008	1364	2122	3187	4333	5305	5743	5878	5712	5393	4983	4565	4082	3653	3361	3077	2969	2981	3230	3529	3875	4079	4202	4138	3998	3747	3461	3187	2926	2719	2520	2349	
27	7385	59.9	60.0	25	1	1	2	997	1357	2126	3195	4380	5329	5729	5901	5664	5432	4955	4553	4104	3649	3362	3073	2953	3011	3183	3525	3866	4100	4202	4087	3991	3718	3468	3190	2945	2691	2500	2319	
27	7403	60.0	60.0	25	1	1	2	1017	1347	2114	3178	4356	5322	5721	5863	5671	5401	5006	4578	4089	3678	3361	3088	2943	2981	3225	3531	3936	4114	4181	4102	3990	3718	3468	3144	2965	2717	2514	2354	
27	7420	60.0	60.0	25	1	1	2	1020	1369	2123	3168	4372	5264	5754	5927	5689	5374	4940	4565	4089	3661	3364	3070	2935	2963	3184	3536	3890	4117	4206	4113	4008	3737	3479	3153	2966	2694	2475	2356	
27	7482	95.0	95.0	26	1	0	2	920	1112	1467	2015	2574	3075	3344	3478	3427	3377	3142	2912	2695	2512	2346	2262	2257	2369	2552	2845	3117	3332	3338	3294	3241	3069	2851	2655	2494	2338	2207	2053	
27	7499	95.0	95.0	26	1	0	2	908	1095	1463	1978	2534	3046	3305	3466	3381	3301	3086	2916	2688	2460	2357	2264	2216	2313	2619	2820	3112	3269	3344	3288	3204	3005	2858	2658	2459	2324	2176	2003	
27	7562	60.0	60.1	26	1	1	2	1014	1328	2130	3147	4317	5250	5688	5901	5636	5353	4982	4510	4066	3659	3377	3098	2924	2965	3167	3531	3886	4110	4167	4101	3969	3716	3488	3159	2940	2687	2519	2343	
27	7580	60.0	60.0	26	1	1	2	993	1334	2119	3187	4390	5298	5757	5882	5686	5398	4949	4567	4080	3631	3342	3080	2925	2954	3204	3515	3842	4082	4227	4144	3981	3740	3448	3196	2941	2715	2497	2321	
27	7597	60.0	60.0	26	1	1	2	1009	1363	2135	3221	4373	5305	5745	5911	5729	5401	4925	4565	4094	3661	3340	3100	2957	2973	3242	3524	3885	4112	4232	4139	3996	3739	3518	3222	2943	2694	2499	2342	
27	7614	60.0	60.0	26	1	1	2	994	1360	2121	3208	4346	5346	5743	5892	5729	5423	5011	4591	4088	3653	3344	3092	2926	2969	3221	3524	3884	4122	4220	4124	4005	3719	3493	3164	2944	2707	2523	2350	
27	7631	59.9	60.0	26	1	1	2	1008	1351	2120	3191	4364	5331	5770	5941	5681	5424	4988	4571	4073	3693	3369	3092	2960	3010	3212	3526	3864	4080	4218	4123	3995	3757	3474	3183	2910	2703	2522	2354	
27	7649	60.0	60.0	26	1	1	2	1013	1362	2120	3180	4379	5288	5734	5900	5714	5402	4974	4561	4125	3647	3334	3066	2933	2966	3217	3489	3874	4099	4189	4162	4032	3740	3485	3138	2930	2694	2506	2309	
27	7666	60.0	60.0	26	1	1	2	1009	1364	2121	3212	4385	5283	5754	5917	5668	5423	5004	4577	4092	3687	3343	3069	2944	2986	3211	3541	3885	4112	4186	4105	3957	3722	3476	3190	2920	2698	2500	2305	
27	7728	95.0	95.0	27	1	0	2	921	1095	1479	2007	2589	3060	3340	3468	3437	3365	3133	2950	2700	2495	2351	2268	2242	2341	2545	2849	3147	3339	3356	3309	3225	3051	2864	2673	2476	2302	2182	2055	
27	7808	59.9	60.1	27	1	1	2	1014	1350	2102	3182	4309	5256	5739	5866	5654	5400	4906	4538	4082	3662	3345	3068	2926	2973	3157	3502	3846	4079	4181	4121	3994	3740	3445	3181	2910	2693	2515	2330	
27	7826	60.0	60.0	27	1	1	2	1020	1357	2129	3170	4333	5304	5733	5953	5706	5390	4934	4559	4081	3662	3341	3105	2932	3013	3205	3533	3881	4135	4206	4145	3991	3734	3507	3170	2944	2713	2519	2342	
27	7843	59.9	60.0	27	1	1	2	1030	1379	2122	3189	4356	5315	5804	5909	5714	5437	4972	4544	4116	3639	3369	3120	2943	3004	3194	3495	3880	4091	4222	4142	3967	3764	3465	3169	2938	2703	2508	2335	
27	7860	59.9	60.0	27	1	1	2	1019	1368	2109	3233	4381	5288	5734	5950	5744	5411	5024	4564	4104	3657	3368	3102	2942	2982	3224	3505	3870	4136	4233	4127	4006	3746	3472	3179	2950	2720	2512	2336	
27	7877	59.9	60.0	27	1	1	2	1027	1359	2079	3172	4376	5309	5727	5898	5722	5403	5009	4569	4079	3677	3376	3082	2931	2991	3226	3520	3862	4111	4187	4127	4001	3705	3461	3158	2914	2698	2534	2341	
27	7895	59.9	60.0	27	1	1	2	1013	1362	2126	3215	4351	5274	5740	5885	5689	5432	5000	4538	4117	3638	3362	3070	2933	3009	3173	3510	3901	4092	4204	4116	3994	3729	3478	3170	2932	2721	2521	2308	
27	7912	60.0	60.0	27	1	1	2	1003	1358	2115	3203	4345	5290	5745	5870	5684	5405	4958	4575	4095	3676	3378	3087	2956	2976	3220	3539	3890	4090	4221	4128	3980	3706	3456	3199	2935	2714	2505	2324	
27	7976	95.0	95.1	28	1	0	2	929	1105	1493	1970	2553	3085	3359	3506	3431	3315	3117	2912	2697	2481	2362	2257	2236	2337	2565	2848	3103	3310	3378	3281	3203	3015	2841	2661	2522	2323	2215	2053	
27	8057	60.0	60.0	28	1	1	2	1009	1354	2081	3140	4338	5285	5704	5882	5618	5395	4956	4527	4072	3624	3343	3057	2933	2974	3176	3502	3840	4108	4178	4088	3958	3740	3447	3183	2941	2704	2520	2340	
27	8074	59.9	60.0	28	1	1	2	1008	1360	2145	3186	4341	5300	5719	5919	5700	5389	4977	4564	4121	3678	3334	3118	2944	2992	3174	3514	3915	4109	4166	4109	3969	3745	3476	3184	2910	2705	2516	2326	
27	8091	59.9	60.0	28	1	1	2	1000	1365	2120	3188	4344	5243	5770	5931	5711	5412	4988	4608	4137	3673	3367	3094	2954	3004	3211	3534	3838	4113	4210	4140	4017	3735	3457	3167	2933	2722	2527	2347	
27	8108	60.0	60.0	28	1	1	2	978	1376	2136	3223	4370	5320	5774	5919	5696	5438	4958	4577	4115	3693	3346	3075	2952	3011	3221	3542	3886	4122	4191	4121	4008	3723	3472	3185	2943	2709	2540	2382	
27	8126	60.0	60.0	28	1	1	2	1008	1348	2101	3175	4408	5308	5775	5949	5735	5423	4970	4544	4101	3665	3352	3084	2962	2997	3227	3523	3873	4100	4225	4121	4000	3738	3484	3186	2931	2726	2551	2324	
27	8143	60.0	60.0	28	1	1	2	1023	1360	2156	3205	4376	5276	5769	5887	5665	5433	4973	4551	4113	3666	3352	3091	2905	2967	3176	3516	3865	4108	4215	4135	3971	3738	3448	3202	2916	2683	2494	2330	
27	8160	59.9	60.0	28	1	1	2	1027	1346	2111	3198	4381	5357	5739	5921	5664	5412	4976	4539	4106	3668	3377	3106	2964	2999	3223	3532	3872	4095	4207	4091	3957	3736	3476	3197	2954	2696	2510	2333	
27	8223	95.0	95.1	29	1	0	2	924	1092	1475	1998	2566	3077	3359	3515	3484	3316	3158	2957	2721	2495	2376	2277	2240	2353	2580	2855	3124	3289	3387	3311	3206	3079	2838	2682	2507	2355	2185	2064	
27	8303	60.0	60.0	29	1	1	2	1005	1349	2100	3180	4325	5264	5662	5868	5672	5403	4946	4527	4074	3645	3327	3071	2922	2967	3188	3498	3821	4079	4165	4070	3958	3696	3447	3180	2911	2707	2502	2330	
27	8320	60.0	60.0	29	1	1	2	1015	1354	2124	3195	4322	5282	5750	5914	5712	5418	4974	4577	4110	3683	3361	3084	2956	2978	3194	3494	3891	4080	4220	4162	4007	3737	3479	3179	2935	2706	2534	2321	
27	8337	59.9	60.0	29	1	1	2	1010	1366	2133	3164	4349	5337	5774	5921	5715	5398	5001	4582	4113	3709	3362	3095	2951	2998	3204	3525	3873	4110	4234	4102	4031	3764	3493	3152	2926	2676	2526	2338	
27	8354	60.0	60.0	29	1	1	2	995	1394	2121	3188	4378	5294	5758	5915	5672	5370	4951	4570	4095	3665	3370	3100	2944	2972	3229	3498	3886	4108	4202	4110	4022	3721	3478	3163	2929	2705	2498	2353	
27	8372	60.0	60.0	29	1	1	2	1012	1356	2099	3173	4379	5317	5786	5911	5736	5415	5002	4561	4098	3646	3337	3096	2967	2954	3219	3502	3862	4122	4189	4148	4001	3696	3442	3179	2952	2683	2528	2330	
27	8389	60.0	60.0	29	1	1	2	1014	1361	2126	3195	4368	5304	5735	5939	5696	5431	4992	4575	4091	3684	3389	3087	2937	2970	3221	3536	3843	4118	4201	4113	3997	3716	3468	3196	2927	2719	2508	2335	
27	8406	59.9	60.0	29	1	1	2	1000	1372	2112	3222	4390	5320	5745	5841	5709	5406	4992	4562	4098	3673	3342	3088	2948	2978	3214	3461	3880	4083	4202	4096	3982	3730	3470	3164	2902	2700	2518	2367	
27	8471	94.9	95.1	30	1	0	2	936	1095	1477	1999	2540	3051	3319	3494	3423	3345	3130	2964	2706	2500	2349	2264	2230	2318	2547	2840	3144	3286	3344	3320	3193	3027	2846	2673	2444	2270	2170	2044	
27	8551	59.9	60.1	30	1	1	2	995	1357	2107	3187	4324	5265	5744	5888	5643	5385	4970	4549	4081	3642	3342	3091	2910	2956	3179	3488	3824	4116	4175	4096	3981	3719	3433	3204	2955	2714	2503	2369	
27	8568	60.0	60.0	30	1	1	2	1007	1365	2110	3201	4379	5308	5735	5914	5693	5353	4940	4583	4119	3625	3323	3096	2902	3001	3221	3512	3869	4058	4208	4088	3936	3730	3473	3165	2960	2711	2478	2344	
27	8585	60.0	60.0	30	1	1	2	1013	1356	2141	3193	4365	5351	5794	5937	5721	5427	5027	4596	4113	3671	3352	3100	2961	3022	3215	3533	3859	4115	4194	4134	4024	3725	3475	3189	2949	2712	2506	2348	
27	8602	60.0	60.0	30	1	1	2	1015	1380	2141	3224	4402	5305	5740	5977	5729	5432	4975	4576	4081	3717	3365	3103	2952	2935	3196	3524	3873	4113	4198	4118	3964	3788	3461	3160	2908	2676	2504	2343	
27	8620	59.9	60.0	30	1	1	2	1026	1372	2141	3152	4359	5307	5734	5925	5661	5447	4991	4581	4066	3665	3368	3076	2946	2975	3213	3518	3844	4089	4211	4097	4016	3725	3455	3152	2915	2708	2500	2381	
27	8637	60.0	60.0	30	1	1	2	1052	1381	2130	3177	4357	5278	5689	5933	5689	5393	5020	4577	4096	3679	3339	3102	2930	2968	3213	3522	3872	4073	4223	4106	4006	3718	3497	3162	2936	2701	2465	2319	
27	8654	60.0	60.0	30	1	1	2	1001	1361	2115	3159	4370	5280	5744	5915	5633	5407	4953	4560	4110	3633	3312	3089	2930	2971	3191	3522	3862	4113	4200	4086	3981	3696	3454	3191	2904	2683	2470	2340	
27	8717	95.0	95.0	31	1	0	2	924	1088	1459	2020	2565	3072	3340	3496	3420	3333	3139	2970	2672	2498	2360	2257	2235	2341	2568	2845	3106	3308	3378	3261	3216	3039	2858	2662	2488	2304	2178	2046	
27	8797	60.0	60.1	31	1	1	2	1014	1361	2107	3153	4309	5280	5713	5866	5675	5333	4923	4530	4016	3646	3309	3078	2919	2961	3164	3550	3829	4102	4183	4105	3956	3687	3393	3167	2906	2677	2498	2321	
27	8814	59.9	60.0	31	1	1	2	1013	1365	2125	3173	4354	5288	5725	5919	5681	5388	4956	4549	4072	3693	3379	3086	2927	2979	3213	3506	3849	4072	4208	4115	3975	3702	3464	3175	2936	2679	2494	2344	
27	8831	60.0	60.0	31	1	1	2	991	1357	2146	3194	4368	5327	5784	5949	5698	5401	5011	4568	4108	3672	3381	3106	2956	2990	3212	3533	3885	4107	4228	4155	3944	3719	3463	3168	2928	2698	2501	2343	
27	8849	60.0	60.0	31	1	1	2	1022	1361	2123	3196	4366	5325	5816	5960	5714	5445	5026	4570	4131	3689	3360	3111	2949	3004	3228	3508	3864	4121	4216	4103	4009	3749	3480	3151	2929	2685	2511	2343	
27	8866	59.9	60.0	31	1	1	2	1001	1369	2101	3203	4356	5277	5799	5914	5714	5440	4979	4574	4091	3651	3349	3119	2934	2998	3199	3487	3858	4083	4194	4104	3960	3715	3432	3133	2926	2700	2491	2342	
27	8883	60.0	60.0	31	1	1	2	1004	1364	2084	3197	4376	5268	5787	5906	5664	5388	5032	4602	4078	3622	3334	3098	2915	2977	3172	3524	3861	4104	4158	4068	3974	3759	3484	3165	2938	2667	2497	2300	
27	8900	59.9	60.0	31	1	1	2	1020	1368	2117	3201	4353	5294	5738	5915	5717	5392	4971	4552	4064	3652	3356	3109	2970	2997	3213	3504	3841	4110	4206	4083	3982	3714	3493	3155	2894	2661	2510	2337	
27	8963	94.9	95.0	32	1	0	2	927	1099	1472	2008	2593	3094	3380	3498	3473	3335	3174	2954	2694	2512	2367	2282	2225	2347	2569	2852	3119	3272	3361	3303	3205	3045	2855	2662	2504	2340	2195	2047	
27	9043	59.9	60.1	32	1	1	2	1009	1374	2121	3187	4350	5275	5716	5901	5660	5397	5025	4525	4129	3665	3377	3100	2952	2995	3216	3510	3856	4112	4202	4105	3964	3738	3469	3174	2922	2692	2460	2343	
27	9060	59.9	60.0	32	1	1	2	1018	1366	2140	3198	4375	5264	5758	5923	5733	5436	5004	4611	4149	3679	3388	3126	2993	2986	3208	3564	3919	4128	4195	4114	3992	3737	3457	3149	2937	2709	2491	2364	
27	9077	59.9	60.0	32	1	1	2	1018	1367	2132	3227	4398	5339	5804	5968	5759	5468	5028	4612	4097	3686	3367	3156	2947	2982	3208	3518	3903	4105	4200	4116	3972	3740	3478	3176	2947	2688	2531	2336	
27	9095	60.0	60.0	32	1	1	2	1009	1385	2112	3236	4408	5347	5835	5961	5735	5460	5037	4610	4125	3700	3378	3093	3019	2990	3239	3521	3861	4124	4177	4135	3956	3754	3468	3170	2889	2680	2554	2327	
27	9112	59.9	60.0	32	1	1	2	1012	1360	2132	3172	4433	5346	5791	5932	5724	5450	5010	4539	4146	3688	3383	3098	2948	3002	3201	3518	3832	4089	4186	4107	3997	3705	3463	3169	2946	2702	2518	2319	
27	9129	60.0	60.0	32	1	1	2	1016	1352	2145	3190	4392	5320	5796	5961	5734	5423	4975	4532	4105	3663	3357	3120	2977	2980	3183	3499	3837	4086	4171	4088	3936	3716	3438	3172	2910	2683	2499	2311	
27	9146	59.9	60.0	32	1	1	2	1018	1372	2146	3199	4374	5313	5839	5934	5748	5426	4984	4564	4129	3679	3377	3069	2948	2997	3200	3578	3880	4070	4198	4088	4018	3746	3433	3175	2921	2712	2491	2350	
27	9211	95.0	95.1	33	1	0	2	932	1118	1479	2021	2593	3124	3379	3504	3472	3344	3166	2963	2713	2524	2354	2234	2247	2340	2580	2836	3106	3297	3365	3301	3213	3045	2851	2658	2492	2324	2175	2046	
27	9291	60.0	60.1	33	1	1	2	1017	1353	2114	3234	4333	5311	5733	5920	5722	5460	5037	4577	4128	3676	3364	3089	2965	2957	3221	3522	3836	4086	4145	4109	3994	3710	3458	3145	2941	2676	2500	2363	
27	9308	60.0	60.0	33	1	1	2	1006	1363	2130	3220	4428	5324	5833	6003	5745	5477	5067	4605	4158	3714	3383	3132	2965	3026	3232	3501	3864	4091	4205	4080	3983	3732	3446	3153	2918	2693	2482	2341	
27	9325	60.0	60.0	33	1	1	2	1027	1359	2161	3254	4409	5395	5857	5995	5810	5511	5058	4625	4125	3744	3407	3157	2979	3009	3226	3519	3854	4086	4246	4126	4027	3743	3505	3165	2948	2721	2501	2323	
27	9343	59.9	60.0	33	1	1	2	1020	1368	2161	3245	4435	5370	5855	5993	5834	5530	5040	4673	4175	3716	3399	3124	2991	3038	3271	3529	3844	4131	4196	4108	3987	3724	3484	3221	2950	2728	2532	2331	
27	9360	59.9	60.0	33	1	1	2	1021	1372	2150	3246	4415	5405	5862	6051	5832	5450	5050	4631	4168	3731	3444	3136	2967	3006	3253	3519	3872	4112	4231	4100	4021	3725	3470	3179	2928	2696	2513	2322	
27	9377	59.9	60.0	33	1	1	2	1029	1369	2131	3248	4425	5414	5923	6020	5787	5509	5072	4609	4166	3724	3380	3138	2979	3004	3226	3547	3865	4138	4228	4121	3995	3750	3476	3172	2923	2711	2507	2318	
27	9394	60.0	60.0	33	1	1	2	1010	1384	2110	3199	4425	5364	5877	6031	5836	5532	5106	4637	4163	3721	3374	3120	2978	3035	3196	3528	3876	4155	4182	4086	3981	3702	3458	3180	2916	2704	2536	2336	
27	9457	95.0	95.1	34	1	0	2	927	1073	1519	2033	2624	3141	3424	3557	3521	3389	3223	2989	2724	2551	2388	2257	2253	2358	2594	2859	3142	3296	3366	3280	3170	3056	2865	2657	2506	2327	2179	2037	
27	9537	60.0	60.1	34	1	1	2	1016	1374	2159	3238	4461	5439	5901	6083	5899	5565	5145	4674	4203	3792	3439	3161	3004	3006	3228	3558	3912	4101	4254	4107	3989	3746	3470	3179	2918	2690	2506	2352	
27	9554	59.9	60.0	34	1	1	2	1013	1378	2187	3292	4486	5434	5964	6125	5968	5595	5150	4716	4223	3798	3461	3184	3003	3036	3247	3564	3905	4131	4206	4109	3983	3747	3489	3176	2946	2713	2548	2330	
27	9572	59.9	60.0	34	1	1	2	1027	1391	2177	3324	4504	5481	6001	6153	5941	5577	5167	4705	4251	3773	3472	3185	3016	3059	3273	3590	3930	4098	4232	4160	4014	3752	3480	3189	2918	2719	2505	2338	
27	9589	60.0	60.0	34	1	1	2	1006	1375	2185	3213	4525	5485	5960	6122	5931	5604	5177	4738	4258	3799	3459	3167	2942	3036	3277	3581	3928	4128	4252	4116	4008	3770	3479	3206	2968	2721	2527	2349	
27	9606	60.0	60.0	34	1	1	2	1002	1384	2174	3306	4509	5521	5941	6130	5936	5601	5149	4721	4250	3782	3467	3181	3010	3054	3255	3589	3913	4159	4274	4163	4018	3756	3470	3185	2979	2728	2505	2356	
27	9623	59.9	60.0	34	1	1	2	1002	1380	2177	3309	4482	5484	5985	6120	5898	5621	5171	4736	4283	3756	3440	3172	2996	3047	3265	3547	3912	4139	4256	4153	4012	3744	3478	3201	2937	2707	2506	2340	
27	9641	60.0	60.0	34	1	1	2	1011	1363	2158	3313	4505	5431	5916	6078	5883	5578	5158	4713	4231	3770	3449	3141	2996	3033	3283	3547	3883	4136	4208	4115	4027	3740	3470	3158	2935	2674	2550	2337	
27	9703	94.9	95.0	35	1	0	2	935	1109	1487	2066	2645	3222	3506	3675	3568	3468	3270	3060	2808	2583	2413	2299	2303	2395	2611	2873	3164	3318	3402	3270	3263	3010	2847	2652	2501	2327	2175	2058	
27	9783	60.0	60.1	35	1	1	2	1025	1383	2207	3327	4595	5585	6064	6239	6081	5736	5267	4807	4328	3898	3542	3252	3038	3076	3295	3586	3924	4170	4225	4136	4015	3734	3497	3216	2948	2713	2492	2369	
27	9800	60.0	60.0	35	1	1	2	1034	1404	2230	3351	4624	5652	6135	6327	6120	5813	5294	4900	4360	3875	3527	3224	3067	3065	3311	3635	3941	4149	4256	4151	4039	3752	3509	3210	2977	2753	2525	2360	
27	9818	59.9	60.0	35	1	1	2	1024	1413	2234	3419	4611	5675	6187	6355	6095	5824	5331	4882	4375	3899	3560	3241	3118	3110	3314	3615	3927	4178	4259	4150	4040	3724	3446	3203	2943	2721	2520	2346	
27	9835	59.9	60.0	35	1	1	2	1034	1408	2175	3357	4647	5674	6175	6345	6100	5800	5361	4897	4390	3895	3563	3263	3090	3115	3313	3593	3934	4178	4254	4157	4002	3767	3498	3207	2942	2749	2534	2364	
27	9852	59.9	60.0	35	1	1	2	1040	1400	2212	3388	4650	5659	6155	6315	6123	5807	5304	4908	4377	3900	3553	3267	3099	3126	3313	3610	3944	4170	4257	4159	4006	3779	3500	3237	2977	2700	2549	2380	
27	9869	60.0	60.0	35	1	1	2	1044	1405	2216	3350	4612	5690	6158	6354	6118	5765	5353	4839	4381	3890	3566	3258	3097	3109	3326	3614	3973	4180	4227	4149	4048	3791	3535	3210	2984	2709	2553	2349	
27	9887	59.9	60.0	35	1	1	2	1027	1435	2212	3405	4641	5617	6143	6379	6078	5831	5344	4910	4377	3876	3563	3248	3096	3103	3305	3614	3951	4167	4271	4142	4025	3748	3492	3236	2930	2658	2544	2340	
27	9949	95.1	95.1	36	1	0	2	956	1122	1532	2130	2771	3318	3640	3834	3742	3602	3427	3178	2908	2684	2514	2393	2357	2444	2662	2927	3201	3365	3407	3346	3235	3061	2890	2691	2494	2334	2193	2034	
27	10029	59.9	60.1	36	1	1	2	1048	1413	2276	3529	4832	5909	6464	6590	6336	6034	5575	5101	4561	4041	3690	3373	3170	3180	3377	3680	3980	4224	4301	4197	4046	3771	3561	3210	2987	2727	2525	2347	
27	10047	59.9	60.0	36	1	1	2	1044	1441	2320	3546	4865	5922	6450	6664	6444	6111	5637	5123	4610	4065	3727	3428	3191	3194	3392	3710	3961	4251	4289	4192	4047	3782	3551	3216	2990	2743	2522	2397	
27	10064	59.9	60.0	36	1	1	2	1053	1436	2322	3513	4881	5970	6494	6709	6469	6124	5640	5172	4585	4097	3736	3417	3192	3234	3386	3694	4037	4213	4312	4216	4088	3783	3517	3236	2990	2725	2543	2375	
27	10081	59.9	60.0	36	1	1	2	1037	1454	2294	3559	4886	5986	6519	6713	6475	6116	5633	5161	4584	4110	3701	3431	3190	3204	3366	3718	3969	4234	4324	4198	4084	3804	3543	3239	3009	2756	2557	2363	
27	10098	60.0	60.0	36	1	1	2	1046	1456	2294	3563	4899	6005	6511	6742	6471	6132	5612	5154	4592	4107	3744	3425	3224	3223	3384	3693	4038	4217	4343	4198	4111	3776	3571	3235	3009	2716	2591	2393	
27	10116	60.0	60.0	36	1	1	2	1045	1442	2321	3551	4908	5979	6516	6685	6491	6136	5660	5141	4590	4145	3722	3383	3224	3221	3375	3681	4024	4223	4319	4200	4046	3819	3527	3250	2970	2760	2562	2394	
27	10133	60.0	60.0	36	1	1	2	1020	1433	2315	3543	4892	5967	6537	6747	6498	6151	5619	5138	4615	4119	3752	3398	3225	3223	3382	3682	4041	4234	4328	4198	4059	3798	3521	3211	2997	2725	2542	2360	
27	10195	95.0	95.1	37	1	0	2	938	1159	1587	2247	2979	3575	3885	4089	4010	3888	3662	3410	3103	2838	2639	2501	2457	2531	2713	2977	3237	3431	3431	3367	3290	3086	2916	2733	2540	2356	2226	2080	
27	10275	59.9	60.1	37	1	1	2	1073	1474	2428	3767	5230	6437	7014	7254	6955	6600	6104	5547	4940	4388	3986	3640	3415	3331	3539	3790	4118	4361	4384	4293	4116	3873	3572	3310	3020	2805	2577	2421	
27	10293	59.9	60.0	37	1	1	2	1084	1497	2433	3767	5291	6457	7042	7275	7040	6659	6128	5605	4965	4374	3994	3634	3412	3348	3516	3793	4081	4341	4389	4289	4145	3880	3603	3279	3045	2788	2587	2405	
27	10310	60.0	60.0	37	1	1	2	1061	1503	2452	3792	5288	6536	7066	7300	7012	6675	6110	5601	4981	4459	4022	3638	3387	3395	3518	3854	4149	4348	4427	4265	4142	3865	3590	3292	3038	2729	2584	2399	
27	10327	60.0	60.0	37	1	1	2	1055	1501	2459	3805	5253	6505	7090	7298	7054	6688	6095	5549	4991	4408	4012	3647	3405	3384	3535	3807	4100	4346	4395	4307	4131	3896	3590	3268	3015	2768	2570	2393	
27	10344	60.0	60.0	37	1	1	2	1065	1489	2450	3839	5319	6486	7124	7307	7005	6684	6075	5574	4992	4440	4022	3611	3413	3374	3520	3801	4122	4312	4396	4285	4114	3891	3580	3301	3012	2801	2599	2391	
27	10362	60.0	60.0	37	1	1	2	1083	1487	2480	3798	5296	6531	7068	7298	7019	6653	6148	5610	5003	4412	4026	3614	3407	3365	3571	3839	4102	4330	4448	4291	4135	3869	3598	3302	3050	2782	2603	2406	
27	10379	60.0	60.0	37	1	1	2	1061	1492	2425	3791	5295	6509	7049	7320	7047	6627	6139	5607	4979	4404	4020	3625	3401	3368	3550	3798	4120	4301	4383	4265	4139	3877	3602	3265	3025	2770	2546	2412	
27	10441	95.0	95.1	38	1	0	2	957	1188	1714	2408	3216	3929	4307	4466	4446	4276	3972	3693	3344	3088	2836	2681	2598	2644	2831	3069	3329	3445	3518	3440	3340	3144	2949	2737	2555	2411	2230	2088	
27	10522	60.0	60.1	38	1	1	2	1117	1553	2583	4062	5672	7072	7734	7946	7705	7257	6616	6067	5372	4751	4312	3894	3613	3533	3641	3953	4240	4369	4494	4357	4196	3898	3618	3342	3056	2852	2611	2442	
27	10539	59.9	60.0	38	1	1	2	1088	1569	2625	4088	5763	7122	7754	8015	7732	7274	6736	6094	5402	4793	4324	3895	3684	3599	3719	3959	4269	4443	4522	4365	4199	3926	3617	3332	3083	2821	2596	2429	
27	10556	60.0	60.0	38	1	1	2	1074	1553	2605	4104	5817	7186	7848	8089	7747	7391	6794	6141	5481	4825	4356	3943	3674	3598	3739	3979	4258	4489	4519	4354	4233	3944	3661	3358	3091	2826	2641	2453	
27	10573	59.9	60.0	38	1	1	2	1076	1582	2619	4148	5819	7166	7835	7989	7757	7393	6766	6132	5455	4786	4384	3924	3649	3634	3697	3960	4271	4462	4498	4385	4186	3939	3657	3337	3069	2852	2623	2453	
27	10591	59.9	60.0	38	1	1	2	1090	1556	2621	4118	5818	7183	7873	8087	7805	7426	6800	6177	5455	4818	4342	3988	3672	3589	3733	4007	4261	4510	4473	4399	4238	3946	3679	3351	3091	2856	2658	2449	
27	10608	60.0	60.0	38	1	1	2	1074	1585	2588	4170	5797	7186	7832	8017	7817	7380	6775	6137	5430	4837	4366	3957	3666	3607	3720	3956	4275	4476	4494	4362	4181	3938	3637	3354	3088	2832	2635	2434	
27	10625	60.0	60.0	38	1	1	2	1081	1568	2579	4132	5854	7140	7803	8086	7799	7404	6771	6148	5508	4873	4345	3935	3692	3596	3711	3991	4251	4401	4515	4363	4214	3967	3671	3367	3054	2856	2640	2440	
27	10690	94.8	95.0	39	1	0	2	982	1232	1829	2623	3593	4409	4798	5061	4980	4745	4476	4098	3757	3389	3132	2887	2817	2828	2985	3187	3443	3544	3618	3519	3390	3215	3020	2799	2626	2446	2262	2129	
27	10768	60.0	60.1	39	1	1	2	1093	1615	2764	4403	6219	7798	8523	8768	8484	8004	7374	6661	5879	5225	4692	4203	3899	3796	3884	4131	4367	4560	4577	4465	4290	4017	3680	3357	3131	2903	2648	2478	
27	10785	59.9	60.0	39	1	1	2	1086	1623	2776	4453	6377	7805	8565	8884	8543	8114	7417	6773	5984	5228	4774	4256	3924	3820	3912	4156	4424	4607	4596	4466	4313	4017	3690	3414	3130	2870	2690	2474	
27	10802	60.0	60.0	39	1	1	2	1100	1671	2776	4444	6358	7881	8606	8974	8644	8184	7433	6737	5991	5291	4768	4291	3955	3802	3970	4160	4405	4578	4636	4483	4311	4020	3773	3432	3157	2875	2658	2483	
27	10819	60.0	60.0	39	1	1	2	1090	1625	2809	4508	6373	7900	8700	8954	8609	8153	7445	6811	6014	5293	4750	4272	3964	3848	3951	4177	4446	4611	4610	4461	4311	4038	3731	3395	3170	2934	2655	2457	
27	10837	59.9	60.0	39	1	1	2	1094	1630	2824	4499	6366	7913	8675	8941	8662	8139	7435	6841	6057	5315	4765	4301	3961	3850	3926	4154	4443	4575	4635	4482	4312	3990	3744	3440	3168	2864	2665	2507	
27	10854	59.9	60.0	39	1	1	2	1101	1646	2826	4526	6348	7917	8619	8919	8620	8189	7460	6788	5973	5278	4757	4267	3908	3807	3922	4164	4463	4609	4594	4475	4320	4024	3727	3391	3151	2896	2679	2487	
27	10871	60.0	60.0	39	1	1	2	1091	1617	2785	4493	6354	7865	8624	8940	8601	8138	7389	6789	5989	5270	4792	4278	3908	3823	3912	4180	4425	4561	4600	4463	4282	4027	3728	3390	3133	2868	2682	2472	
27	10936	94.9	95.0	40	1	0	2	986	1294	1951	2866	3943	4897	5410	5643	5589	5345	4953	4589	4137	3736	3429	3187	3000	2997	3142	3358	3550	3671	3705	3571	3500	3258	3088	2859	2683	2475	2323	2186	
27	11016	60.0	60.1	40	1	1	2	1111	1679	2965	4842	6824	8573	9386	9649	9309	8831	8075	7384	6498	5662	5066	4567	4176	4022	4089	4294	4572	4717	4743	4567	4409	4150	3845	3463	3215	2968	2702	2518	
27	11033	60.0	60.0	40	1	1	2	1112	1717	2979	4807	6857	8567	9390	9756	9386	8835	8106	7340	6510	5704	5170	4561	4179	4032	4083	4320	4576	4726	4706	4553	4376	4071	3815	3486	3190	2948	2726	2522	
27	11050	60.0	60.0	40	1	1	2	1099	1719	3014	4847	6916	8557	9427	9725	9392	8914	8133	7414	6550	5745	5171	4612	4200	4082	4124	4332	4578	4698	4748	4594	4443	4129	3817	3468	3183	2940	2718	2503	
27	11067	60.0	60.0	40	1	1	2	1114	1700	2992	4882	6926	8570	9422	9754	9423	8896	8157	7374	6498	5739	5190	4614	4229	4045	4192	4302	4568	4755	4742	4613	4405	4113	3805	3500	3221	2944	2712	2518	
27	11085	60.0	60.0	40	1	1	2	1135	1701	3016	4838	6914	8648	9475	9693	9479	8879	8162	7428	6526	5731	5171	4584	4216	4059	4123	4352	4602	4725	4737	4600	4448	4144	3780	3533	3197	2927	2726	2535	
27	11102	60.0	60.0	40	1	1	2	1110	1701	2994	4881	6936	8627	9459	9826	9411	8862	8165	7421	6560	5764	5167	4606	4230	4089	4157	4337	4580	4732	4755	4623	4437	4150	3826	3519	3184	2952	2734	2522	
27	11119	59.9	60.0	40	1	1	2	1112	1702	2997	4861	6914	8520	9458	9760	9477	8865	8108	7334	6530	5752	5115	4619	4199	4059	4160	4300	4550	4734	4750	4565	4404	4129	3809	3479	3176	2939	2724	2523	
