Well	Time (1/2 s)	Block Temp	Sample Temp	Repetition	PCR Stage	Extension	Scale	B1	B2	B3	B4	B5	B6	B7	B8	B9	B10	B11	B12	B13	B14	B15	B16	B17	B18	B19	B20	B21	B22	B23	B24	B25	B26	B27	B28	B29	B30	B31	B32
29	107	95.1	95.1	1	0	0	2	948	1143	1584	2212	2846	3380	3693	3853	3778	3680	3459	3230	2950	2726	2560	2454	2468	2582	2840	3173	3490	3689	3750	3726	3631	3427	3187	2940	2741	2536	2412	2272	
29	124	95.0	95.0	1	0	0	2	936	1136	1557	2139	2807	3323	3673	3850	3746	3633	3479	3207	2942	2682	2564	2462	2429	2587	2843	3190	3494	3663	3728	3712	3597	3398	3201	2950	2759	2586	2409	2254	
29	141	95.0	95.0	1	0	0	2	934	1136	1574	2158	2805	3352	3627	3832	3765	3616	3417	3196	2924	2718	2522	2420	2453	2564	2842	3174	3474	3676	3761	3680	3576	3348	3164	2939	2725	2577	2380	2220	
29	159	95.0	95.0	1	0	0	2	926	1155	1553	2144	2811	3328	3631	3796	3723	3627	3393	3171	2919	2683	2536	2422	2428	2592	2814	3136	3492	3681	3794	3659	3571	3381	3153	2922	2734	2556	2386	2244	
29	176	95.0	95.0	1	0	0	2	944	1149	1560	2157	2790	3337	3660	3781	3727	3614	3425	3170	2912	2684	2552	2415	2420	2556	2848	3157	3453	3692	3786	3692	3560	3385	3155	2958	2739	2533	2376	2247	
29	193	95.0	95.0	1	0	0	2	926	1121	1569	2128	2792	3294	3635	3777	3778	3621	3415	3191	2913	2664	2538	2417	2445	2566	2816	3124	3491	3664	3764	3705	3568	3380	3143	2926	2754	2541	2407	2230	
29	210	95.0	95.0	1	0	0	2	946	1124	1549	2143	2745	3315	3632	3780	3725	3631	3386	3188	2925	2697	2544	2442	2426	2575	2831	3148	3473	3670	3733	3656	3578	3374	3161	2939	2713	2552	2396	2248	
29	228	94.9	95.0	1	0	0	2	946	1141	1534	2155	2814	3317	3576	3780	3711	3610	3394	3180	2941	2712	2541	2465	2429	2574	2855	3146	3499	3672	3738	3689	3615	3380	3158	2918	2739	2535	2386	2217	
29	245	95.0	95.0	1	0	0	2	930	1129	1543	2147	2720	3325	3621	3801	3732	3615	3441	3152	2940	2676	2539	2428	2412	2571	2875	3174	3465	3689	3768	3699	3604	3385	3185	2928	2739	2526	2417	2236	
29	262	94.9	95.0	1	0	0	2	928	1143	1569	2127	2746	3314	3627	3800	3712	3593	3404	3133	2923	2687	2539	2394	2433	2546	2853	3174	3439	3695	3756	3677	3578	3400	3189	2934	2738	2534	2402	2239	
29	279	95.0	95.0	1	0	0	2	934	1117	1550	2113	2780	3327	3621	3784	3745	3605	3410	3189	2940	2662	2546	2430	2422	2558	2861	3190	3486	3688	3748	3691	3600	3400	3142	2938	2775	2551	2373	2270	
29	297	95.0	95.0	1	0	0	2	953	1140	1534	2116	2785	3336	3618	3768	3750	3617	3408	3184	2902	2679	2550	2425	2432	2586	2823	3147	3490	3679	3748	3703	3581	3350	3181	2913	2759	2497	2386	2218	
29	314	95.0	95.0	1	0	0	2	965	1132	1545	2131	2758	3361	3619	3781	3706	3646	3399	3186	2896	2682	2552	2427	2455	2599	2821	3157	3470	3676	3771	3655	3560	3402	3151	2942	2740	2546	2361	2230	
29	331	95.0	95.0	1	0	0	2	946	1141	1547	2107	2756	3344	3646	3788	3734	3621	3416	3173	2911	2690	2536	2429	2439	2552	2833	3153	3480	3653	3750	3704	3586	3402	3179	2928	2740	2567	2392	2237	
29	348	95.0	95.0	1	0	0	2	936	1134	1565	2124	2771	3354	3635	3774	3724	3638	3381	3178	2947	2669	2526	2451	2428	2561	2831	3167	3487	3702	3736	3700	3625	3413	3171	2921	2743	2535	2389	2226	
29	366	94.9	95.0	1	0	0	2	932	1142	1556	2127	2763	3341	3654	3778	3708	3594	3407	3166	2940	2676	2542	2437	2437	2542	2842	3149	3490	3707	3751	3662	3601	3391	3157	2932	2770	2540	2395	2230	
29	383	95.0	95.0	1	0	0	2	941	1140	1552	2134	2775	3334	3605	3775	3767	3623	3416	3174	2919	2676	2550	2437	2429	2584	2845	3154	3470	3687	3750	3686	3562	3398	3170	2946	2769	2539	2402	2233	
29	400	95.0	95.0	1	0	0	2	948	1133	1552	2156	2784	3344	3650	3778	3709	3635	3400	3157	2926	2687	2544	2422	2419	2583	2837	3157	3490	3711	3775	3689	3608	3393	3170	2948	2741	2583	2394	2247	
29	417	95.0	95.0	1	0	0	2	929	1129	1555	2134	2778	3334	3668	3786	3759	3641	3409	3162	2919	2693	2537	2401	2421	2565	2840	3125	3481	3674	3790	3673	3598	3363	3186	2932	2754	2550	2414	2233	
29	435	94.9	95.0	1	0	0	2	931	1172	1553	2116	2772	3358	3662	3751	3754	3631	3430	3189	2931	2668	2535	2455	2433	2595	2819	3157	3498	3689	3795	3706	3615	3373	3159	2949	2755	2573	2416	2283	
29	452	95.0	95.0	1	0	0	2	940	1148	1522	2130	2778	3333	3658	3776	3749	3600	3398	3182	2926	2714	2541	2431	2425	2578	2846	3185	3515	3677	3729	3715	3579	3393	3187	2915	2752	2548	2392	2247	
29	469	95.0	95.0	1	0	0	2	941	1152	1552	2137	2776	3336	3662	3808	3744	3653	3380	3190	2932	2697	2528	2449	2439	2587	2821	3168	3478	3700	3767	3693	3591	3395	3179	2964	2746	2541	2373	2240	
29	486	95.0	95.0	1	0	0	2	938	1151	1546	2126	2809	3340	3677	3818	3735	3626	3426	3191	2929	2709	2560	2450	2431	2569	2842	3166	3472	3698	3764	3707	3609	3397	3179	2983	2767	2536	2403	2241	
29	504	94.9	95.0	1	0	0	2	928	1163	1552	2148	2763	3325	3635	3796	3732	3633	3427	3170	2944	2688	2516	2453	2426	2568	2909	3185	3478	3706	3758	3684	3576	3358	3176	2959	2744	2564	2404	2230	
29	521	95.0	95.0	1	0	0	2	948	1159	1551	2128	2778	3340	3628	3843	3740	3621	3390	3218	2915	2707	2541	2451	2455	2587	2859	3161	3505	3717	3773	3705	3582	3391	3187	2954	2763	2555	2396	2264	
29	538	94.9	95.0	1	0	0	2	949	1143	1559	2135	2772	3340	3667	3822	3722	3646	3480	3209	2912	2711	2538	2439	2421	2628	2861	3184	3508	3706	3767	3719	3613	3365	3192	2949	2756	2562	2415	2228	
29	555	94.9	95.0	1	0	0	2	931	1137	1539	2155	2800	3332	3691	3835	3762	3606	3418	3195	2933	2698	2558	2454	2442	2592	2881	3184	3483	3716	3737	3671	3621	3405	3161	2933	2740	2550	2366	2252	
29	573	95.0	95.0	1	0	0	2	921	1136	1550	2157	2785	3317	3693	3792	3782	3653	3455	3191	2952	2702	2566	2447	2425	2593	2865	3182	3493	3698	3784	3745	3593	3374	3195	2934	2789	2570	2389	2236	
29	590	94.9	95.0	1	0	0	2	942	1094	1555	2155	2773	3351	3628	3814	3761	3658	3424	3228	2940	2686	2538	2480	2444	2598	2867	3174	3475	3712	3770	3701	3604	3409	3226	2956	2734	2565	2419	2271	
29	607	95.0	95.0	1	0	0	2	941	1140	1552	2131	2760	3340	3665	3780	3757	3684	3427	3215	2918	2697	2535	2446	2453	2585	2853	3208	3505	3709	3768	3701	3597	3401	3168	2966	2759	2569	2385	2255	
29	624	95.0	95.0	1	0	0	2	935	1142	1565	2128	2812	3369	3680	3814	3752	3669	3407	3213	2962	2722	2546	2453	2462	2572	2861	3196	3496	3704	3807	3751	3587	3408	3177	2964	2773	2600	2416	2246	
29	642	94.9	95.0	1	0	0	2	936	1127	1553	2163	2782	3340	3666	3791	3745	3634	3429	3181	2955	2694	2568	2464	2438	2579	2864	3172	3484	3704	3812	3674	3609	3426	3187	2954	2785	2536	2395	2243	
29	659	95.0	95.0	1	0	0	2	937	1128	1561	2130	2782	3372	3656	3848	3764	3637	3450	3209	2973	2693	2547	2459	2436	2623	2863	3193	3513	3753	3802	3735	3603	3395	3187	2967	2770	2546	2406	2234	
29	676	95.0	95.0	1	0	0	2	940	1164	1556	2147	2790	3363	3645	3823	3769	3649	3412	3217	2960	2722	2562	2432	2469	2589	2851	3184	3507	3712	3803	3737	3629	3381	3184	2973	2768	2569	2418	2251	
29	693	95.0	95.0	1	0	0	2	939	1144	1552	2166	2832	3327	3659	3853	3777	3617	3428	3229	2931	2727	2568	2471	2436	2599	2867	3171	3491	3754	3799	3725	3617	3418	3189	2971	2783	2578	2415	2260	
29	711	95.0	95.0	1	0	0	2	928	1145	1575	2164	2812	3341	3653	3813	3755	3639	3444	3218	2930	2731	2566	2455	2457	2579	2833	3226	3494	3706	3804	3697	3604	3402	3190	2954	2773	2584	2388	2264	
29	728	95.0	95.0	1	0	0	2	947	1147	1566	2173	2804	3330	3660	3829	3827	3660	3462	3223	2950	2755	2565	2460	2425	2618	2892	3187	3487	3704	3751	3702	3628	3422	3229	2973	2747	2554	2417	2272	
29	745	94.9	95.0	1	0	0	2	940	1143	1552	2161	2796	3380	3659	3867	3770	3651	3450	3210	2987	2678	2555	2469	2440	2577	2892	3221	3470	3725	3805	3736	3622	3382	3217	2957	2788	2564	2403	2245	
29	762	94.9	95.0	1	0	0	2	936	1144	1553	2148	2824	3390	3658	3828	3768	3660	3474	3219	2956	2697	2580	2436	2463	2584	2879	3165	3541	3710	3778	3707	3596	3422	3192	2989	2750	2546	2407	2260	
29	780	95.0	95.0	1	0	0	2	946	1122	1570	2155	2797	3326	3680	3868	3778	3685	3461	3208	2925	2715	2567	2448	2459	2597	2869	3198	3487	3692	3803	3704	3583	3387	3187	2959	2768	2578	2396	2268	
29	797	94.9	95.0	1	0	0	2	943	1145	1610	2126	2790	3371	3672	3818	3795	3691	3449	3218	2960	2710	2589	2461	2471	2594	2899	3195	3523	3719	3792	3711	3636	3409	3191	2967	2772	2576	2415	2236	
29	814	94.9	95.0	1	0	0	2	944	1138	1544	2134	2785	3368	3704	3828	3779	3662	3451	3242	2961	2712	2554	2426	2435	2584	2873	3213	3528	3716	3800	3728	3629	3391	3223	2977	2751	2556	2433	2234	
29	831	94.9	95.0	1	0	0	2	940	1142	1558	2153	2812	3364	3677	3852	3802	3696	3460	3226	2973	2720	2577	2454	2459	2596	2893	3168	3513	3704	3796	3728	3634	3412	3185	2950	2785	2571	2425	2256	
29	849	94.9	95.0	1	0	0	2	944	1153	1558	2167	2793	3372	3675	3822	3760	3674	3466	3231	2942	2698	2519	2455	2435	2612	2881	3211	3531	3691	3787	3709	3619	3393	3189	2965	2789	2568	2437	2263	
29	866	94.9	95.0	1	0	0	2	936	1157	1565	2162	2768	3404	3696	3884	3800	3670	3470	3225	2987	2705	2550	2466	2433	2613	2874	3196	3495	3720	3779	3735	3624	3429	3201	2965	2752	2548	2411	2235	
29	883	94.9	95.0	1	0	0	2	940	1140	1577	2143	2805	3373	3656	3863	3787	3650	3456	3200	2971	2720	2553	2483	2437	2629	2849	3154	3506	3701	3814	3709	3583	3410	3182	2957	2773	2551	2420	2257	
29	900	95.0	95.0	1	0	0	2	941	1146	1563	2149	2811	3367	3687	3845	3781	3665	3432	3212	2965	2703	2576	2480	2479	2566	2871	3177	3518	3718	3769	3767	3617	3408	3217	2968	2747	2559	2333	2271	
29	918	95.0	95.0	1	0	0	2	971	1143	1547	2142	2825	3414	3652	3840	3767	3667	3472	3226	2953	2708	2558	2475	2459	2625	2863	3184	3500	3740	3791	3736	3596	3444	3220	2975	2771	2564	2431	2269	
29	935	95.0	95.0	1	0	0	2	947	1137	1559	2144	2817	3390	3714	3851	3803	3666	3480	3254	2963	2708	2584	2455	2474	2594	2857	3216	3499	3723	3801	3740	3628	3440	3177	2951	2768	2567	2413	2260	
29	952	95.0	95.0	1	0	0	2	948	1154	1547	2173	2817	3389	3738	3859	3767	3676	3443	3244	2952	2710	2556	2452	2452	2607	2868	3208	3509	3714	3820	3698	3625	3408	3202	2993	2762	2545	2440	2279	
29	969	95.0	95.0	1	0	0	2	939	1150	1576	2143	2835	3365	3727	3864	3804	3704	3456	3228	2967	2717	2554	2452	2484	2620	2865	3174	3507	3743	3781	3726	3629	3434	3211	2966	2769	2572	2422	2261	
29	987	95.0	95.0	1	0	0	2	938	1144	1560	2173	2798	3392	3705	3856	3776	3672	3461	3211	2961	2750	2570	2483	2471	2590	2897	3230	3502	3723	3790	3736	3636	3436	3226	2964	2751	2579	2404	2256	
29	1004	95.0	95.0	1	0	0	2	967	1158	1561	2168	2834	3386	3700	3842	3794	3681	3486	3266	2945	2733	2549	2488	2449	2590	2873	3213	3524	3697	3854	3759	3624	3389	3174	2932	2763	2554	2431	2259	
29	1021	95.0	95.0	1	0	0	2	939	1145	1569	2153	2812	3350	3696	3836	3781	3671	3468	3247	2922	2736	2562	2462	2457	2609	2873	3185	3490	3717	3793	3720	3596	3437	3196	2999	2791	2565	2425	2239	
29	1038	95.0	95.0	1	0	0	2	933	1148	1578	2150	2811	3379	3700	3844	3817	3669	3506	3249	2960	2720	2577	2471	2454	2600	2875	3201	3537	3718	3807	3681	3611	3439	3186	2965	2766	2570	2412	2236	
29	1056	94.9	95.0	1	0	0	2	934	1146	1561	2152	2823	3424	3705	3870	3789	3700	3473	3227	2959	2758	2550	2493	2468	2623	2856	3176	3510	3738	3776	3719	3625	3395	3226	2990	2782	2593	2397	2284	
29	1073	95.0	95.0	1	0	0	2	972	1144	1575	2177	2804	3424	3716	3846	3805	3698	3466	3233	2937	2749	2566	2457	2448	2583	2890	3220	3535	3699	3787	3741	3604	3419	3195	3020	2766	2562	2402	2262	
29	1090	95.0	95.0	1	0	0	2	932	1140	1571	2165	2845	3378	3708	3839	3784	3674	3484	3209	2954	2753	2559	2469	2478	2625	2846	3164	3498	3722	3794	3723	3595	3416	3213	2989	2792	2559	2407	2252	
29	1107	95.0	95.0	1	0	0	2	955	1136	1588	2148	2850	3352	3736	3882	3802	3688	3478	3237	2959	2752	2570	2497	2455	2596	2903	3218	3521	3698	3784	3702	3611	3422	3195	2981	2766	2557	2417	2246	
29	1125	95.0	95.0	1	0	0	2	945	1138	1556	2153	2834	3418	3717	3904	3812	3716	3430	3256	2976	2725	2572	2466	2471	2605	2857	3168	3540	3738	3792	3714	3659	3426	3205	2966	2795	2594	2417	2276	
29	1142	95.0	95.0	1	0	0	2	940	1149	1566	2144	2823	3405	3682	3853	3798	3688	3473	3280	2997	2732	2586	2466	2439	2608	2868	3226	3516	3729	3788	3716	3650	3393	3209	2954	2754	2570	2396	2263	
29	1159	95.0	95.0	1	0	0	2	946	1166	1572	2140	2830	3368	3721	3844	3821	3657	3447	3260	2977	2717	2571	2487	2498	2593	2905	3197	3478	3737	3798	3727	3664	3403	3200	2971	2761	2574	2405	2249	
29	1176	94.9	95.0	1	0	0	2	938	1152	1570	2175	2831	3384	3710	3898	3826	3693	3497	3224	2989	2751	2588	2457	2489	2586	2868	3200	3533	3723	3848	3746	3619	3452	3233	2971	2802	2581	2401	2264	
29	1194	95.0	95.0	1	0	0	2	939	1146	1556	2181	2849	3415	3715	3867	3875	3686	3487	3270	2981	2766	2548	2445	2468	2598	2900	3198	3539	3721	3809	3740	3628	3415	3210	2986	2766	2561	2410	2284	
29	1211	95.0	95.0	1	0	0	2	940	1149	1596	2194	2811	3414	3690	3883	3806	3691	3465	3266	3003	2712	2581	2478	2464	2598	2871	3197	3529	3752	3789	3709	3638	3435	3201	2977	2781	2582	2422	2266	
29	1228	95.0	95.0	1	0	0	2	949	1147	1566	2172	2806	3392	3703	3878	3786	3714	3534	3278	2993	2778	2578	2488	2494	2624	2886	3206	3530	3743	3811	3712	3638	3425	3179	2977	2785	2560	2416	2241	
29	1245	95.0	95.0	1	0	0	2	950	1155	1566	2156	2824	3357	3702	3847	3806	3684	3491	3249	2973	2717	2589	2491	2475	2607	2877	3207	3507	3741	3772	3722	3599	3392	3172	2975	2758	2584	2384	2264	
29	1263	94.9	95.0	1	0	0	2	942	1138	1553	2179	2775	3420	3735	3854	3793	3684	3487	3254	2987	2753	2583	2460	2451	2594	2895	3193	3508	3713	3838	3722	3662	3404	3185	2979	2801	2606	2395	2277	
29	1280	95.0	95.0	1	0	0	2	937	1145	1572	2161	2850	3380	3737	3893	3797	3686	3461	3266	2974	2712	2590	2447	2455	2608	2876	3195	3519	3726	3788	3759	3605	3406	3182	2988	2770	2612	2398	2264	
29	1326	94.9	95.0	1	1	0	2	937	1157	1567	2186	2852	3402	3716	3872	3781	3716	3486	3240	2994	2729	2582	2465	2459	2639	2856	3220	3505	3730	3805	3717	3608	3429	3181	2962	2794	2572	2397	2257	
29	1390	59.9	60.1	1	1	1	2	1031	1436	2322	3487	4805	5905	6405	6575	6279	6012	5522	5062	4512	4039	3703	3397	3216	3323	3532	3873	4307	4572	4701	4572	4486	4175	3837	3532	3269	2955	2770	2558	
29	1407	59.9	60.0	1	1	1	2	1036	1434	2288	3496	4825	5861	6373	6550	6278	6042	5517	5081	4539	4098	3693	3409	3255	3297	3560	3917	4319	4593	4732	4607	4423	4154	3849	3537	3223	2964	2783	2556	
29	1424	60.0	60.0	1	1	1	2	1040	1421	2306	3526	4849	5895	6395	6554	6346	6016	5538	5026	4517	4052	3701	3395	3233	3285	3527	3944	4334	4588	4664	4645	4415	4171	3842	3536	3242	2983	2724	2554	
29	1442	59.9	60.0	1	1	1	2	1028	1448	2311	3554	4859	5960	6452	6626	6391	6079	5600	5096	4547	4030	3713	3412	3241	3303	3562	3935	4341	4647	4714	4608	4449	4155	3860	3549	3220	2980	2772	2570	
29	1459	60.0	60.0	1	1	1	2	1022	1430	2316	3556	4885	5944	6464	6590	6405	6076	5569	5082	4529	4058	3723	3403	3260	3321	3576	3939	4367	4662	4722	4612	4452	4166	3855	3555	3236	2982	2759	2559	
29	1476	60.0	60.0	1	1	1	2	1029	1435	2345	3554	4900	5964	6415	6625	6364	6041	5573	5088	4561	4048	3703	3417	3254	3295	3566	3923	4313	4625	4703	4618	4480	4181	3831	3512	3266	2973	2780	2557	
29	1493	60.0	60.0	1	1	1	2	1039	1453	2318	3523	4878	5911	6466	6636	6353	6062	5561	5067	4588	4099	3693	3432	3255	3306	3553	3928	4306	4579	4687	4621	4486	4189	3850	3524	3274	2960	2733	2598	
29	1556	95.0	95.1	2	1	0	2	934	1125	1553	2146	2778	3405	3661	3901	3780	3667	3454	3238	2957	2748	2558	2463	2444	2603	2894	3142	3528	3698	3760	3644	3579	3387	3164	2939	2755	2553	2395	2246	
29	1573	95.0	95.0	2	1	0	2	927	1131	1567	2129	2777	3366	3642	3813	3795	3640	3477	3207	2940	2679	2524	2432	2459	2607	2832	3174	3478	3666	3682	3694	3564	3359	3144	2914	2736	2537	2370	2226	
29	1634	59.9	60.1	2	1	1	2	1035	1439	2292	3452	4804	5858	6384	6534	6319	6014	5463	5012	4478	4021	3696	3268	3221	3286	3526	3891	4290	4577	4726	4574	4447	4143	3858	3492	3248	2934	2748	2536	
29	1651	60.0	60.0	2	1	1	2	1037	1428	2299	3504	4804	5855	6413	6532	6327	5965	5531	5015	4497	4040	3668	3382	3239	3289	3550	3928	4331	4590	4679	4576	4411	4131	3857	3497	3243	2936	2741	2519	
29	1668	59.9	60.0	2	1	1	2	1040	1435	2296	3562	4849	5906	6451	6544	6305	6004	5541	5049	4536	4022	3720	3404	3254	3313	3584	3941	4308	4595	4744	4585	4487	4200	3850	3527	3248	2956	2758	2560	
29	1686	59.9	60.0	2	1	1	2	1022	1446	2336	3496	4848	5910	6401	6583	6383	5975	5542	5115	4573	4032	3668	3370	3250	3299	3575	3898	4347	4632	4700	4603	4453	4165	3863	3581	3272	3004	2738	2594	
29	1703	59.9	60.0	2	1	1	2	1044	1436	2318	3558	4873	5916	6404	6585	6383	6038	5582	5107	4577	4042	3693	3375	3271	3290	3566	3930	4330	4618	4730	4589	4464	4184	3874	3553	3243	2970	2738	2573	
29	1720	60.0	60.0	2	1	1	2	1024	1456	2319	3520	4849	5923	6420	6584	6362	6052	5577	5078	4576	4037	3677	3424	3254	3306	3599	3975	4327	4598	4686	4630	4462	4148	3902	3534	3206	2966	2739	2562	
29	1737	60.0	60.0	2	1	1	2	1040	1487	2342	3507	4829	5957	6434	6617	6327	6081	5600	5064	4528	4026	3726	3409	3268	3276	3568	3929	4340	4574	4715	4592	4430	4136	3841	3501	3235	2996	2758	2558	
29	1800	95.0	95.0	3	1	0	2	929	1140	1553	2133	2809	3408	3705	3878	3783	3715	3455	3222	2959	2720	2537	2452	2465	2558	2845	3157	3500	3712	3753	3711	3566	3370	3176	2965	2742	2571	2398	2241	
29	1817	95.0	95.0	3	1	0	2	933	1139	1547	2143	2791	3363	3633	3830	3785	3625	3394	3194	2948	2715	2546	2433	2459	2573	2838	3163	3470	3647	3704	3649	3560	3368	3156	2929	2735	2528	2366	2238	
29	1878	59.9	60.1	3	1	1	2	1031	1424	2294	3496	4775	5899	6369	6570	6288	5996	5546	5001	4538	4004	3670	3343	3230	3232	3552	3887	4289	4546	4657	4568	4426	4104	3864	3505	3221	2950	2746	2540	
29	1895	59.9	60.0	3	1	1	2	1040	1423	2309	3533	4826	5868	6392	6550	6380	5976	5517	5070	4568	4047	3705	3399	3239	3279	3548	3929	4328	4617	4692	4553	4459	4100	3858	3490	3220	2976	2737	2564	
29	1913	60.0	60.0	3	1	1	2	1037	1441	2287	3510	4865	5880	6373	6556	6314	6028	5530	5057	4516	4031	3730	3432	3243	3291	3549	3931	4349	4612	4686	4593	4471	4117	3816	3552	3233	2929	2748	2549	
29	1930	60.0	60.0	3	1	1	2	1063	1441	2282	3538	4868	5907	6416	6578	6371	6007	5572	5065	4565	4071	3678	3390	3242	3309	3551	3908	4337	4588	4704	4591	4393	4139	3815	3494	3239	2957	2740	2544	
29	1947	60.0	60.0	3	1	1	2	1024	1425	2317	3498	4875	5915	6441	6591	6376	6044	5583	5083	4525	4051	3666	3397	3248	3311	3529	3929	4275	4577	4677	4588	4463	4134	3839	3524	3212	2954	2753	2567	
29	1964	59.9	60.0	3	1	1	2	1034	1433	2315	3538	4863	5949	6427	6583	6357	6019	5529	5079	4535	4066	3693	3395	3238	3317	3565	3920	4314	4590	4729	4628	4439	4164	3842	3542	3192	2958	2761	2559	
29	1982	60.0	60.0	3	1	1	2	1048	1461	2320	3516	4835	5919	6424	6592	6325	6024	5524	5034	4544	4051	3706	3376	3239	3298	3555	3897	4348	4601	4662	4549	4456	4150	3819	3519	3223	2954	2756	2571	
29	2046	94.9	95.1	4	1	0	2	941	1130	1552	2142	2792	3360	3666	3841	3791	3661	3430	3220	2936	2687	2554	2433	2453	2577	2856	3155	3485	3650	3740	3674	3551	3369	3157	2938	2747	2500	2362	2213	
29	2063	95.0	95.0	4	1	0	2	952	1134	1490	2147	2763	3356	3625	3793	3743	3632	3404	3168	2960	2682	2530	2439	2431	2558	2784	3124	3420	3662	3688	3636	3563	3345	3161	2902	2707	2561	2380	2231	
29	2126	59.9	60.1	4	1	1	2	1016	1411	2303	3488	4775	5827	6327	6521	6322	5940	5479	5007	4492	4010	3662	3347	3225	3264	3515	3861	4297	4556	4660	4560	4393	4107	3778	3464	3211	2953	2693	2523	
29	2143	59.9	60.0	4	1	1	2	1042	1427	2286	3496	4804	5890	6437	6558	6328	5973	5514	4989	4494	4026	3717	3373	3236	3249	3557	3901	4255	4567	4637	4560	4410	4094	3800	3479	3225	2929	2723	2537	
29	2161	59.9	60.0	4	1	1	2	1019	1416	2296	3500	4817	5871	6367	6538	6301	6009	5555	5054	4493	4001	3654	3383	3247	3290	3519	3905	4284	4572	4660	4503	4449	4111	3824	3480	3180	2957	2757	2538	
29	2178	60.0	60.0	4	1	1	2	1029	1430	2320	3518	4823	5883	6428	6593	6338	6007	5557	5056	4521	4046	3660	3392	3243	3290	3522	3890	4355	4587	4660	4522	4439	4126	3862	3525	3209	2961	2720	2525	
29	2195	59.9	60.0	4	1	1	2	1025	1473	2314	3516	4858	5920	6383	6565	6325	6041	5546	5044	4530	4060	3676	3373	3220	3304	3537	3917	4290	4567	4692	4548	4439	4135	3832	3465	3219	2943	2734	2539	
29	2212	60.0	60.0	4	1	1	2	1040	1441	2290	3519	4800	5912	6368	6572	6326	6011	5524	5046	4507	4040	3698	3362	3211	3268	3546	3937	4259	4584	4657	4504	4424	4180	3842	3494	3213	2952	2738	2548	
29	2230	60.0	60.0	4	1	1	2	1031	1425	2332	3508	4836	5816	6400	6553	6303	5996	5530	5020	4527	4029	3647	3383	3249	3287	3518	3895	4276	4578	4639	4540	4404	4102	3816	3474	3217	2951	2735	2571	
29	2292	95.1	95.1	5	1	0	2	954	1129	1550	2135	2816	3363	3672	3799	3758	3674	3419	3212	2953	2694	2548	2419	2439	2561	2812	3121	3462	3675	3684	3659	3558	3397	3135	2930	2712	2523	2367	2222	
29	2309	95.0	95.0	5	1	0	2	948	1129	1560	2127	2778	3320	3641	3774	3727	3642	3427	3181	2923	2704	2523	2413	2409	2546	2806	3093	3402	3601	3709	3624	3520	3338	3120	2884	2697	2507	2359	2211	
29	2372	59.9	60.1	5	1	1	2	1021	1422	2289	3494	4791	5815	6286	6515	6269	5923	5433	5033	4471	3986	3636	3365	3216	3270	3535	3841	4241	4554	4638	4512	4376	4074	3794	3477	3197	2947	2711	2510	
29	2390	59.9	60.0	5	1	1	2	1044	1428	2295	3506	4761	5813	6356	6520	6261	5976	5449	5002	4516	3998	3667	3381	3213	3281	3489	3887	4267	4517	4654	4533	4397	4118	3820	3480	3209	2897	2717	2534	
29	2407	59.9	60.0	5	1	1	2	1028	1451	2287	3501	4826	5923	6362	6548	6343	6011	5544	5029	4513	3999	3671	3374	3195	3255	3523	3890	4280	4572	4655	4559	4378	4136	3849	3479	3249	2940	2705	2517	
29	2424	60.0	60.0	5	1	1	2	1042	1445	2294	3507	4790	5884	6360	6523	6307	5971	5538	4983	4482	4067	3650	3337	3238	3276	3506	3909	4287	4548	4644	4565	4404	4135	3839	3485	3207	2962	2730	2536	
29	2441	59.9	60.0	5	1	1	2	1024	1438	2287	3521	4834	5857	6374	6560	6323	5950	5521	5062	4513	4013	3676	3376	3220	3264	3543	3869	4279	4511	4618	4592	4380	4135	3838	3469	3187	2939	2735	2533	
29	2459	60.0	60.0	5	1	1	2	1027	1442	2299	3492	4875	5869	6379	6591	6307	6007	5514	4998	4494	4020	3632	3329	3206	3255	3526	3870	4258	4519	4670	4555	4369	4123	3836	3515	3219	2933	2703	2537	
29	2476	59.9	60.0	5	1	1	2	1034	1427	2287	3517	4803	5888	6395	6553	6307	5942	5485	5022	4499	4018	3640	3375	3190	3259	3527	3893	4307	4521	4624	4506	4378	4123	3810	3436	3186	2950	2753	2532	
29	2540	95.0	95.1	6	1	0	2	930	1138	1550	2140	2756	3311	3687	3810	3747	3613	3398	3147	2923	2659	2543	2416	2403	2536	2793	3104	3376	3632	3691	3597	3518	3378	3111	2903	2712	2524	2352	2185	
29	2558	95.0	95.0	6	1	1	2	937	1145	1544	2136	2746	3288	3626	3760	3691	3618	3396	3158	2905	2660	2510	2397	2414	2522	2770	3121	3413	3598	3680	3598	3530	3318	3111	2876	2714	2541	2365	2191	
29	2620	59.9	60.1	6	1	1	2	1034	1417	2281	3460	4750	5831	6316	6509	6265	5924	5452	4977	4466	3974	3642	3365	3208	3249	3518	3865	4258	4522	4603	4512	4370	4076	3796	3428	3166	2917	2700	2538	
29	2638	59.9	60.0	6	1	1	2	1026	1419	2281	3503	4761	5790	6332	6448	6231	5937	5409	5000	4478	4007	3641	3322	3211	3226	3520	3839	4276	4514	4617	4544	4321	4086	3802	3464	3172	2925	2716	2486	
29	2655	60.0	60.0	6	1	1	2	1021	1439	2271	3480	4767	5825	6342	6531	6266	5971	5474	5008	4474	4011	3624	3334	3207	3249	3486	3854	4243	4522	4603	4491	4389	4096	3798	3452	3208	2929	2730	2508	
29	2672	59.9	60.0	6	1	1	2	1031	1449	2291	3522	4806	5828	6326	6509	6268	5974	5451	5024	4503	4025	3659	3329	3207	3278	3502	3857	4272	4543	4667	4491	4393	4111	3776	3486	3195	2911	2715	2515	
29	2689	60.0	60.0	6	1	1	2	1043	1440	2275	3456	4798	5856	6346	6514	6269	5940	5497	4995	4446	3981	3646	3340	3214	3261	3540	3892	4243	4517	4626	4555	4372	4081	3792	3470	3165	2908	2739	2533	
29	2707	60.0	60.0	6	1	1	2	1029	1413	2285	3472	4810	5798	6371	6512	6264	5952	5480	4988	4526	3991	3676	3346	3214	3229	3529	3861	4245	4470	4608	4542	4382	4089	3772	3459	3215	2923	2741	2517	
29	2724	60.0	60.0	6	1	1	2	1037	1419	2264	3499	4792	5876	6374	6526	6246	5968	5438	4949	4466	3998	3673	3331	3182	3253	3480	3889	4218	4501	4642	4516	4380	4082	3808	3485	3182	2920	2710	2525	
29	2788	94.9	95.1	7	1	0	2	943	1124	1546	2135	2747	3327	3654	3803	3732	3619	3397	3170	2904	2683	2516	2440	2406	2518	2804	3073	3432	3607	3675	3620	3503	3335	3111	2872	2701	2503	2341	2198	
29	2806	95.0	95.0	7	1	1	2	935	1117	1527	2134	2729	3317	3605	3753	3709	3573	3368	3123	2909	2616	2512	2399	2374	2494	2772	3106	3375	3625	3689	3615	3497	3309	3108	2862	2670	2461	2345	2216	
29	2868	59.9	60.1	7	1	1	2	1014	1411	2266	3446	4731	5762	6240	6430	6225	5878	5428	4958	4409	3980	3608	3336	3174	3206	3463	3841	4244	4502	4593	4480	4355	4052	3749	3445	3164	2896	2680	2501	
29	2886	59.9	60.0	7	1	1	2	1024	1422	2291	3440	4743	5796	6241	6428	6196	5917	5445	4964	4417	3953	3594	3371	3199	3225	3485	3843	4187	4493	4547	4480	4374	4038	3777	3450	3191	2962	2680	2499	
29	2903	60.0	60.0	7	1	1	2	1028	1433	2295	3473	4755	5824	6369	6491	6247	5939	5444	5005	4472	3975	3627	3337	3182	3238	3485	3880	4253	4519	4629	4499	4366	4078	3778	3499	3200	2916	2706	2528	
29	2920	60.0	60.0	7	1	1	2	1028	1421	2273	3485	4747	5847	6308	6488	6232	5945	5428	4960	4457	3984	3640	3314	3213	3238	3501	3839	4214	4529	4598	4472	4388	4037	3765	3452	3193	2918	2706	2518	
29	2937	60.0	60.0	7	1	1	2	1019	1438	2285	3498	4746	5828	6329	6506	6253	5932	5448	5029	4483	3994	3605	3338	3173	3235	3471	3822	4211	4536	4604	4501	4338	4047	3771	3464	3186	2934	2709	2529	
29	2955	59.9	60.0	7	1	1	2	1034	1409	2302	3506	4779	5773	6284	6474	6235	5925	5460	4981	4453	3952	3628	3320	3202	3211	3450	3841	4259	4494	4625	4537	4372	4080	3764	3405	3168	2928	2725	2515	
29	2972	60.0	60.0	7	1	1	2	1021	1420	2270	3476	4718	5825	6234	6441	6260	5917	5447	4949	4458	3958	3599	3329	3148	3246	3459	3849	4208	4518	4589	4504	4328	4040	3815	3420	3159	2897	2692	2506	
29	3036	95.1	95.1	8	1	0	2	940	1132	1556	2117	2752	3330	3590	3750	3689	3556	3390	3139	2865	2645	2512	2409	2396	2545	2764	3100	3412	3613	3686	3599	3471	3295	3070	2855	2666	2514	2342	2184	
29	3054	95.0	95.0	8	1	1	2	943	1122	1525	2086	2763	3274	3568	3752	3699	3568	3348	3151	2884	2637	2496	2422	2393	2497	2779	3059	3373	3574	3609	3570	3494	3284	3056	2853	2672	2446	2342	2188	
29	3117	59.9	60.1	8	1	1	2	1029	1405	2241	3453	4695	5751	6252	6377	6174	5861	5407	4900	4395	3967	3618	3372	3165	3225	3464	3857	4214	4471	4598	4462	4338	4047	3762	3417	3143	2884	2705	2508	
29	3134	59.9	60.0	8	1	1	2	1028	1413	2278	3439	4775	5774	6282	6474	6255	5854	5456	4950	4445	3943	3620	3314	3199	3213	3478	3816	4272	4479	4569	4470	4302	4048	3777	3417	3152	2900	2680	2505	
29	3151	59.9	60.0	8	1	1	2	1041	1435	2255	3462	4730	5806	6294	6428	6258	5917	5419	4962	4430	3957	3604	3349	3166	3230	3484	3840	4251	4531	4582	4466	4360	4057	3765	3460	3156	2905	2711	2541	
29	3168	60.0	60.0	8	1	1	2	1022	1429	2282	3490	4756	5802	6307	6470	6235	5881	5419	4962	4431	3965	3603	3342	3181	3187	3462	3870	4250	4477	4586	4476	4307	4041	3786	3438	3161	2917	2697	2524	
29	3186	59.9	60.0	8	1	1	2	1032	1434	2265	3465	4740	5765	6260	6420	6224	5932	5406	4988	4426	3945	3647	3324	3172	3199	3496	3817	4207	4497	4586	4494	4335	4072	3722	3403	3168	2911	2704	2482	
29	3203	59.9	60.0	8	1	1	2	1032	1422	2291	3485	4753	5751	6252	6434	6211	5882	5419	4939	4422	3952	3586	3327	3109	3228	3513	3819	4186	4486	4576	4486	4331	4047	3739	3454	3175	2899	2679	2530	
29	3220	60.0	60.0	8	1	1	2	1017	1423	2251	3447	4745	5720	6244	6416	6205	5883	5395	4944	4413	3955	3619	3320	3164	3201	3500	3851	4221	4419	4566	4503	4325	4050	3793	3414	3176	2892	2682	2509	
29	3283	94.9	95.0	9	1	0	2	924	1123	1529	2147	2732	3290	3615	3766	3704	3565	3377	3176	2888	2643	2478	2413	2392	2528	2755	3073	3385	3596	3659	3566	3475	3272	3091	2856	2684	2478	2338	2174	
29	3300	95.0	95.0	9	1	1	2	938	1127	1534	2121	2724	3242	3556	3719	3677	3547	3343	3144	2873	2629	2497	2382	2425	2476	2740	3072	3421	3584	3628	3542	3476	3290	3083	2857	2655	2474	2352	2163	
29	3363	60.0	60.1	9	1	1	2	1015	1433	2231	3414	4700	5695	6174	6361	6158	5800	5328	4874	4392	3938	3560	3282	3121	3197	3453	3775	4179	4444	4536	4429	4299	3995	3710	3442	3144	2864	2657	2488	
29	3380	59.9	60.0	9	1	1	2	1021	1416	2255	3463	4730	5694	6186	6364	6150	5808	5378	4896	4427	3941	3607	3294	3146	3193	3443	3840	4166	4438	4519	4461	4268	4034	3749	3414	3134	2910	2707	2504	
29	3397	60.0	60.0	9	1	1	2	1033	1407	2259	3470	4707	5779	6197	6368	6179	5883	5354	4911	4462	3949	3599	3319	3140	3215	3454	3809	4241	4466	4569	4456	4330	3993	3699	3436	3125	2893	2702	2482	
29	3414	60.0	60.0	9	1	1	2	1012	1416	2266	3460	4717	5776	6263	6409	6236	5883	5400	4933	4454	3963	3589	3322	3165	3203	3481	3810	4218	4495	4539	4470	4349	4012	3725	3420	3181	2881	2679	2506	
29	3432	60.0	60.0	9	1	1	2	1024	1427	2266	3454	4692	5726	6264	6414	6166	5888	5391	4930	4402	3958	3604	3313	3141	3195	3442	3802	4177	4431	4526	4482	4301	4020	3731	3412	3168	2861	2679	2505	
29	3449	59.9	60.0	9	1	1	2	1032	1407	2261	3438	4733	5788	6226	6370	6156	5825	5418	4895	4377	3922	3573	3304	3160	3229	3430	3790	4170	4480	4534	4440	4325	4033	3721	3438	3160	2860	2672	2480	
29	3466	60.0	60.0	9	1	1	2	1044	1433	2233	3451	4722	5737	6235	6366	6162	5820	5390	4898	4392	3911	3592	3308	3139	3240	3439	3824	4198	4472	4502	4445	4346	4040	3761	3434	3125	2878	2678	2494	
29	3531	94.9	95.1	10	1	0	2	930	1121	1536	2121	2748	3259	3539	3717	3643	3544	3323	3113	2854	2651	2501	2353	2381	2499	2744	3076	3344	3541	3632	3570	3482	3259	3070	2862	2655	2478	2319	2157	
29	3548	95.0	95.0	10	1	1	2	925	1129	1520	2086	2702	3253	3546	3712	3646	3526	3325	3119	2842	2634	2488	2378	2363	2491	2767	3038	3349	3521	3584	3518	3432	3240	3030	2828	2660	2437	2282	2168	
29	3611	60.0	60.1	10	1	1	2	1004	1418	2220	3391	4631	5658	6120	6310	6058	5793	5296	4877	4372	3901	3553	3295	3114	3174	3471	3744	4142	4393	4487	4405	4288	3983	3679	3377	3143	2865	2688	2457	
29	3628	59.9	60.0	10	1	1	2	1014	1388	2266	3416	4660	5680	6123	6285	6129	5788	5341	4873	4309	3900	3562	3304	3116	3200	3419	3801	4222	4402	4491	4376	4271	3992	3714	3380	3127	2849	2651	2454	
29	3645	60.0	60.0	10	1	1	2	1029	1415	2239	3431	4697	5721	6191	6383	6164	5808	5353	4906	4432	3892	3574	3282	3149	3157	3434	3802	4165	4420	4558	4451	4271	4029	3678	3384	3130	2869	2682	2494	
29	3663	60.0	60.0	10	1	1	2	1036	1434	2246	3431	4680	5703	6169	6344	6132	5852	5355	4927	4382	3921	3601	3274	3186	3193	3476	3787	4175	4389	4541	4408	4265	4014	3685	3397	3158	2858	2645	2465	
29	3680	59.9	60.0	10	1	1	2	1020	1412	2263	3422	4656	5715	6190	6321	6105	5771	5346	4883	4377	3892	3571	3276	3141	3178	3434	3812	4180	4454	4524	4389	4270	3984	3695	3396	3119	2863	2650	2489	
29	3697	59.9	60.0	10	1	1	2	1031	1422	2258	3407	4690	5657	6205	6313	6080	5812	5340	4893	4367	3942	3562	3312	3157	3178	3449	3763	4138	4422	4544	4417	4283	3987	3704	3352	3102	2889	2672	2453	
29	3714	60.0	60.0	10	1	1	2	1018	1434	2249	3434	4691	5681	6206	6337	6118	5807	5338	4877	4366	3899	3560	3260	3128	3167	3414	3779	4150	4406	4527	4399	4293	4014	3716	3378	3127	2869	2660	2459	
29	3779	94.9	95.1	11	1	0	2	932	1128	1520	2115	2708	3261	3568	3689	3668	3512	3310	3105	2843	2632	2457	2381	2383	2527	2770	3040	3388	3522	3628	3543	3445	3237	3034	2808	2683	2462	2315	2180	
29	3796	95.0	95.0	11	1	0	2	930	1126	1530	2087	2684	3229	3550	3660	3653	3516	3334	3082	2848	2615	2452	2347	2357	2488	2727	3024	3340	3518	3585	3521	3411	3259	3028	2838	2606	2437	2309	2152	
29	3859	60.0	60.1	11	1	1	2	1021	1410	2238	3412	4621	5655	6123	6348	6032	5767	5293	4817	4293	3878	3539	3286	3160	3158	3415	3737	4138	4412	4495	4409	4254	3993	3650	3371	3134	2880	2651	2463	
29	3876	59.9	60.0	11	1	1	2	1024	1402	2230	3380	4677	5680	6143	6293	6073	5782	5323	4846	4386	3880	3564	3250	3116	3154	3417	3788	4132	4421	4488	4398	4248	3991	3700	3376	3127	2852	2654	2486	
29	3893	59.9	60.0	11	1	1	2	1020	1415	2235	3394	4659	5739	6171	6356	6118	5758	5298	4898	4388	3897	3596	3298	3122	3188	3428	3766	4164	4460	4504	4362	4299	4019	3705	3400	3136	2897	2674	2458	
29	3910	60.0	60.0	11	1	1	2	1012	1421	2244	3444	4662	5688	6170	6372	6096	5814	5356	4840	4402	3898	3555	3296	3123	3216	3454	3780	4159	4437	4507	4399	4314	4005	3714	3364	3124	2880	2641	2472	
29	3928	60.0	60.0	11	1	1	2	1017	1431	2237	3391	4632	5659	6149	6328	6086	5737	5326	4852	4368	3882	3539	3272	3149	3167	3421	3774	4141	4384	4486	4415	4288	3974	3728	3362	3097	2836	2652	2454	
29	3945	60.0	60.0	11	1	1	2	1016	1428	2235	3426	4661	5669	6185	6326	6091	5757	5292	4900	4401	3894	3525	3256	3120	3157	3448	3732	4144	4388	4485	4371	4276	4010	3692	3386	3123	2837	2644	2502	
29	3962	60.0	60.0	11	1	1	2	1034	1399	2257	3401	4668	5660	6133	6332	6097	5797	5340	4899	4356	3877	3551	3286	3136	3188	3390	3754	4135	4413	4529	4421	4291	3971	3691	3399	3141	2864	2661	2473	
29	4025	95.1	95.1	12	1	0	2	926	1133	1522	2090	2755	3243	3539	3681	3620	3513	3331	3128	2879	2616	2448	2352	2367	2473	2710	3003	3338	3549	3610	3516	3437	3255	3026	2797	2637	2467	2317	2160	
29	4042	95.0	95.0	12	1	0	2	933	1124	1528	2076	2704	3272	3529	3660	3637	3486	3323	3087	2799	2609	2479	2365	2311	2472	2734	2993	3316	3520	3580	3531	3381	3263	3030	2807	2617	2457	2307	2162	
29	4105	59.9	60.1	12	1	1	2	1016	1414	2208	3365	4616	5626	6118	6321	6063	5729	5322	4826	4345	3887	3549	3265	3100	3180	3405	3738	4151	4405	4498	4405	4233	4014	3689	3376	3092	2886	2664	2456	
29	4122	59.9	60.0	12	1	1	2	1025	1405	2244	3408	4608	5645	6152	6297	6090	5757	5285	4878	4332	3883	3532	3260	3142	3152	3411	3741	4143	4384	4444	4413	4255	3964	3676	3364	3094	2875	2649	2462	
29	4139	59.9	60.0	12	1	1	2	1027	1417	2240	3433	4684	5636	6138	6320	6111	5785	5296	4869	4342	3883	3570	3291	3118	3189	3440	3774	4128	4382	4481	4379	4239	4014	3710	3390	3111	2871	2667	2467	
29	4157	60.0	60.0	12	1	1	2	1022	1399	2228	3443	4672	5674	6161	6303	6066	5764	5327	4877	4360	3888	3548	3277	3130	3172	3433	3786	4153	4442	4470	4370	4246	3942	3697	3370	3120	2856	2661	2472	
29	4174	60.0	60.0	12	1	1	2	1023	1409	2262	3392	4684	5639	6137	6294	6082	5774	5354	4863	4326	3895	3566	3293	3130	3148	3410	3788	4148	4401	4512	4407	4241	3992	3720	3347	3118	2864	2669	2456	
29	4191	60.0	60.0	12	1	1	2	1024	1432	2239	3404	4678	5716	6197	6293	6121	5814	5334	4874	4384	3901	3559	3265	3137	3190	3407	3780	4121	4424	4503	4409	4278	3981	3699	3359	3107	2859	2651	2441	
29	4208	60.0	60.0	12	1	1	2	1014	1411	2219	3407	4634	5630	6126	6315	6070	5755	5306	4882	4307	3862	3539	3304	3111	3182	3379	3757	4142	4377	4502	4378	4245	3957	3663	3362	3080	2832	2678	2436	
29	4270	95.0	95.0	13	1	0	2	946	1126	1514	2059	2708	3219	3539	3722	3630	3484	3303	3103	2818	2608	2471	2369	2347	2483	2708	3075	3330	3521	3570	3534	3403	3262	3042	2835	2637	2466	2264	2187	
29	4287	95.0	95.0	13	1	0	2	925	1124	1531	2096	2684	3205	3539	3664	3637	3495	3286	3117	2814	2587	2445	2337	2360	2469	2720	3032	3287	3514	3556	3504	3396	3207	3017	2795	2616	2441	2302	2136	
29	4350	59.8	60.1	13	1	1	2	1026	1411	2244	3391	4599	5564	6042	6286	6030	5703	5288	4845	4313	3868	3511	3251	3097	3123	3399	3721	4100	4392	4420	4428	4225	3930	3730	3323	3096	2855	2629	2411	
29	4367	59.9	60.0	13	1	1	2	1026	1415	2253	3383	4617	5648	6090	6280	6066	5731	5320	4844	4340	3904	3529	3197	3115	3127	3393	3723	4120	4370	4485	4362	4241	4000	3702	3367	3057	2817	2640	2490	
29	4385	60.0	60.0	13	1	1	2	1027	1405	2246	3417	4659	5663	6189	6314	6083	5765	5359	4836	4362	3875	3542	3248	3160	3169	3424	3766	4179	4375	4515	4406	4220	3992	3716	3409	3086	2852	2684	2444	
29	4402	60.0	60.0	13	1	1	2	1000	1398	2181	3384	4669	5615	6144	6320	6080	5735	5327	4881	4363	3839	3553	3279	3088	3145	3380	3782	4166	4367	4492	4375	4242	3975	3673	3374	3116	2863	2665	2488	
29	4419	60.0	60.0	13	1	1	2	1032	1406	2246	3391	4625	5629	6123	6262	6032	5745	5298	4828	4326	3873	3528	3246	3116	3163	3393	3732	4082	4379	4469	4389	4262	3989	3675	3341	3086	2841	2663	2462	
29	4436	60.0	60.0	13	1	1	2	1017	1400	2243	3402	4655	5641	6114	6300	6068	5773	5327	4840	4326	3891	3546	3253	3109	3178	3414	3773	4157	4370	4474	4409	4248	3992	3704	3368	3092	2865	2631	2452	
29	4454	60.0	60.0	13	1	1	2	1017	1424	2224	3404	4643	5628	6104	6297	6057	5704	5242	4847	4338	3846	3545	3261	3081	3153	3402	3760	4097	4381	4462	4382	4212	3988	3680	3380	3107	2833	2626	2477	
29	4516	95.0	95.0	14	1	0	2	942	1131	1511	2092	2696	3219	3540	3683	3634	3534	3328	3054	2847	2598	2484	2351	2329	2474	2708	3013	3273	3502	3593	3512	3453	3231	3033	2797	2653	2440	2312	2178	
29	4533	95.0	95.0	14	1	0	2	930	1111	1518	2115	2694	3210	3505	3657	3600	3519	3276	3084	2814	2601	2465	2340	2316	2468	2703	2997	3272	3505	3572	3511	3385	3205	3021	2797	2602	2424	2317	2176	
29	4596	59.9	60.1	14	1	1	2	1052	1398	2207	3368	4596	5624	6027	6264	6037	5721	5319	4843	4333	3863	3500	3219	3094	3127	3392	3728	4120	4368	4449	4349	4219	3989	3669	3366	3079	2837	2650	2489	
29	4613	59.9	60.0	14	1	1	2	1013	1414	2247	3385	4601	5606	6108	6269	6064	5734	5288	4845	4368	3892	3515	3258	3117	3167	3413	3708	4100	4350	4481	4385	4226	3982	3662	3356	3093	2849	2656	2445	
29	4631	60.0	60.0	14	1	1	2	1024	1428	2228	3401	4620	5633	6117	6316	6055	5823	5312	4856	4362	3856	3552	3261	3128	3149	3440	3769	4133	4366	4450	4390	4250	3970	3715	3388	3100	2873	2662	2457	
29	4648	60.0	60.0	14	1	1	2	1032	1386	2254	3396	4613	5642	6095	6292	6041	5715	5252	4842	4325	3863	3544	3287	3108	3137	3411	3735	4121	4352	4466	4369	4281	3973	3698	3335	3101	2810	2647	2456	
29	4665	60.0	60.0	14	1	1	2	1026	1399	2241	3368	4631	5625	6083	6204	6022	5710	5319	4811	4334	3842	3530	3241	3108	3164	3389	3727	4098	4354	4412	4361	4236	3937	3662	3385	3104	2845	2630	2445	
29	4682	60.0	60.0	14	1	1	2	1024	1423	2241	3409	4625	5607	6116	6249	6022	5724	5298	4793	4286	3875	3528	3261	3096	3183	3397	3761	4113	4353	4439	4353	4225	3919	3662	3320	3081	2812	2628	2453	
29	4700	60.0	60.0	14	1	1	2	1019	1412	2226	3369	4618	5650	6124	6245	6038	5729	5291	4831	4318	3850	3491	3234	3090	3155	3393	3744	4118	4336	4451	4380	4187	3954	3657	3364	3083	2828	2616	2451	
29	4764	95.1	95.1	15	1	0	2	939	1112	1512	2084	2692	3203	3530	3658	3643	3552	3270	3058	2812	2569	2457	2344	2354	2482	2724	3017	3274	3483	3581	3502	3444	3192	3019	2790	2637	2467	2265	2144	
29	4781	95.0	95.0	15	1	0	2	942	1134	1521	2049	2654	3223	3512	3640	3605	3491	3300	3051	2825	2546	2440	2331	2319	2472	2714	2987	3267	3472	3559	3487	3405	3207	3011	2804	2612	2419	2271	2135	
29	4844	59.8	60.1	15	1	1	2	1021	1392	2211	3336	4617	5567	6044	6232	5988	5698	5272	4782	4302	3855	3500	3215	3069	3147	3358	3745	4096	4346	4474	4341	4218	3942	3635	3341	3089	2837	2624	2420	
29	4862	59.9	60.0	15	1	1	2	1017	1399	2207	3384	4555	5572	6039	6212	6015	5705	5241	4777	4277	3838	3511	3232	3096	3110	3391	3709	4083	4341	4436	4370	4203	3951	3640	3337	3056	2848	2604	2456	
29	4879	59.9	60.0	15	1	1	2	1027	1398	2222	3387	4648	5617	6077	6282	6067	5746	5246	4816	4304	3838	3556	3263	3108	3154	3402	3726	4145	4341	4481	4357	4239	3971	3663	3338	3067	2860	2657	2443	
29	4896	59.9	60.0	15	1	1	2	1014	1412	2257	3400	4654	5616	6133	6290	6029	5737	5253	4791	4333	3847	3522	3248	3090	3163	3383	3737	4114	4401	4482	4362	4211	3930	3665	3366	3073	2839	2633	2453	
29	4913	60.0	60.0	15	1	1	2	1011	1404	2211	3402	4568	5615	6082	6260	6054	5718	5236	4797	4338	3824	3528	3251	3104	3122	3376	3708	4120	4379	4427	4334	4198	3929	3683	3322	3090	2832	2633	2441	
29	4931	60.0	60.0	15	1	1	2	1033	1398	2244	3389	4602	5607	6061	6251	6030	5665	5257	4753	4287	3839	3497	3223	3102	3123	3394	3713	4116	4305	4468	4382	4210	3912	3652	3345	3058	2836	2638	2420	
29	4948	60.0	60.0	15	1	1	2	1012	1393	2232	3377	4563	5547	6074	6235	6009	5685	5260	4788	4284	3847	3529	3203	3084	3141	3387	3698	4112	4349	4404	4361	4218	3984	3646	3345	3110	2843	2633	2446	
29	5012	95.0	95.1	16	1	0	2	924	1100	1518	2069	2665	3230	3543	3611	3602	3522	3291	3083	2809	2565	2446	2358	2334	2440	2701	2995	3293	3489	3543	3478	3367	3206	2999	2774	2627	2435	2263	2145	
29	5030	95.0	95.0	16	1	0	2	927	1131	1512	2055	2661	3205	3475	3632	3580	3469	3308	3056	2810	2551	2433	2307	2320	2433	2713	2966	3258	3462	3527	3461	3387	3214	2968	2765	2585	2430	2274	2138	
29	5092	59.8	60.1	16	1	1	2	1015	1398	2200	3312	4630	5552	6042	6207	6016	5665	5234	4785	4248	3810	3477	3239	3035	3125	3356	3682	4076	4338	4468	4291	4195	3907	3669	3374	3049	2837	2613	2401	
29	5109	59.9	60.0	16	1	1	2	1022	1391	2225	3353	4580	5539	6085	6205	6005	5657	5263	4780	4308	3848	3537	3202	3085	3118	3361	3697	4091	4352	4421	4342	4216	3921	3624	3356	3053	2842	2619	2430	
29	5127	59.9	60.0	16	1	1	2	1019	1416	2223	3333	4598	5615	6098	6235	6035	5685	5213	4828	4290	3851	3529	3233	3087	3139	3385	3711	4063	4374	4444	4406	4199	3932	3646	3328	3079	2807	2641	2449	
29	5144	60.0	60.0	16	1	1	2	1013	1407	2224	3391	4638	5627	6126	6228	6032	5755	5242	4771	4292	3875	3489	3243	3091	3118	3373	3773	4100	4363	4435	4343	4201	3964	3637	3329	3082	2822	2648	2423	
29	5161	60.0	60.0	16	1	1	2	1029	1411	2221	3360	4600	5611	6024	6220	6015	5677	5303	4814	4300	3860	3519	3208	3072	3114	3385	3732	4054	4356	4427	4339	4234	3903	3610	3347	3059	2825	2666	2429	
29	5178	59.9	60.0	16	1	1	2	1016	1417	2210	3413	4604	5579	6059	6268	6029	5729	5178	4803	4305	3802	3503	3218	3072	3161	3324	3731	4083	4311	4408	4313	4212	3967	3652	3325	3080	2825	2644	2457	
29	5196	60.0	60.0	16	1	1	2	1054	1418	2213	3406	4595	5577	6089	6209	5992	5676	5262	4781	4300	3822	3489	3218	3106	3129	3376	3736	4087	4333	4436	4340	4263	3926	3640	3350	3071	2874	2607	2438	
29	5258	95.0	95.0	17	1	0	2	943	1122	1511	2079	2676	3239	3489	3694	3593	3510	3296	3094	2815	2597	2425	2320	2326	2439	2697	3010	3297	3495	3502	3491	3382	3176	3017	2770	2611	2410	2301	2175	
29	5276	95.0	95.0	17	1	0	2	923	1122	1510	2062	2677	3186	3491	3570	3588	3466	3281	3067	2781	2565	2429	2329	2340	2479	2684	2972	3267	3469	3543	3484	3386	3205	2977	2782	2583	2431	2285	2123	
29	5338	59.7	60.1	17	1	1	2	1014	1386	2228	3349	4582	5590	5992	6200	5978	5632	5227	4766	4262	3844	3522	3198	3064	3110	3348	3707	4043	4327	4454	4336	4235	3918	3608	3337	3052	2830	2637	2438	
29	5356	59.9	60.0	17	1	1	2	1027	1400	2225	3341	4576	5581	6048	6168	5979	5665	5220	4769	4289	3873	3516	3256	3108	3152	3376	3731	4080	4353	4449	4340	4201	3932	3622	3349	3080	2815	2647	2422	
29	5373	59.9	60.0	17	1	1	2	1019	1395	2246	3374	4586	5596	6088	6226	6028	5697	5257	4802	4309	3850	3499	3234	3069	3106	3394	3712	4073	4308	4450	4380	4236	3916	3632	3332	3079	2819	2643	2434	
29	5390	60.0	60.0	17	1	1	2	1000	1417	2250	3381	4580	5577	6083	6261	5997	5693	5273	4809	4308	3843	3528	3191	3072	3137	3390	3698	4104	4338	4410	4330	4205	3946	3657	3320	3092	2818	2612	2428	
29	5407	59.9	60.0	17	1	1	2	1023	1393	2215	3378	4581	5607	6083	6204	6029	5702	5268	4808	4310	3854	3538	3245	3085	3150	3372	3714	4086	4338	4408	4342	4195	3945	3663	3333	3052	2872	2622	2454	
29	5425	60.0	60.0	17	1	1	2	1021	1411	2224	3387	4596	5553	6040	6217	6050	5651	5220	4785	4295	3818	3497	3197	3071	3091	3371	3688	4118	4348	4437	4332	4179	3925	3626	3322	3079	2818	2625	2440	
29	5442	60.0	60.0	17	1	1	2	1028	1418	2241	3346	4610	5567	6074	6228	5943	5664	5218	4831	4297	3818	3512	3189	3093	3105	3358	3733	4075	4345	4431	4341	4215	3927	3634	3308	3082	2802	2649	2445	
29	5506	95.0	95.1	18	1	0	2	902	1116	1506	2075	2690	3229	3488	3633	3588	3530	3288	3054	2795	2571	2419	2353	2336	2453	2707	2947	3283	3427	3533	3476	3367	3180	2996	2786	2586	2419	2268	2138	
29	5524	95.0	95.0	18	1	0	2	925	1114	1520	2075	2672	3205	3501	3607	3566	3448	3268	3045	2799	2589	2487	2322	2326	2471	2670	2999	3275	3445	3533	3469	3356	3209	2988	2764	2576	2412	2289	2126	
29	5586	59.8	60.1	18	1	1	2	1012	1406	2184	3340	4539	5579	6055	6209	5949	5695	5167	4766	4298	3798	3529	3244	3060	3105	3342	3689	4076	4327	4442	4323	4204	3910	3633	3324	3104	2807	2615	2417	
29	5604	59.9	60.0	18	1	1	2	1017	1423	2214	3330	4585	5532	6029	6202	6004	5708	5242	4803	4274	3819	3482	3219	3073	3097	3353	3730	4080	4336	4434	4326	4182	3927	3615	3325	3090	2833	2618	2456	
29	5621	60.0	60.0	18	1	1	2	1021	1373	2235	3395	4591	5570	6104	6193	5997	5710	5253	4817	4341	3861	3506	3253	3114	3160	3359	3724	4125	4344	4453	4346	4190	3949	3640	3318	3069	2818	2649	2449	
29	5638	59.9	60.0	18	1	1	2	1024	1382	2211	3348	4598	5642	6111	6249	5961	5710	5280	4783	4329	3837	3509	3245	3079	3131	3379	3736	4116	4346	4449	4339	4243	3968	3642	3332	3090	2844	2614	2412	
29	5655	60.0	60.0	18	1	1	2	1013	1393	2204	3353	4610	5567	6065	6235	5967	5661	5233	4791	4290	3849	3506	3218	3107	3136	3365	3701	4127	4302	4438	4305	4196	3924	3663	3340	3080	2808	2631	2439	
29	5673	60.0	60.0	18	1	1	2	1014	1404	2252	3349	4575	5567	6025	6236	5974	5725	5250	4747	4304	3805	3484	3233	3075	3130	3366	3688	4102	4338	4463	4317	4193	3956	3621	3316	3040	2793	2628	2428	
29	5690	60.0	60.0	18	1	1	2	1023	1374	2216	3360	4555	5585	6048	6220	5985	5653	5234	4756	4266	3846	3499	3213	3079	3111	3347	3695	4092	4382	4391	4342	4226	3894	3677	3325	3067	2835	2656	2414	
29	5754	95.1	95.1	19	1	0	2	924	1132	1523	2077	2669	3219	3505	3629	3593	3489	3281	3049	2814	2587	2432	2324	2320	2455	2677	2987	3222	3491	3529	3471	3350	3206	3002	2763	2623	2424	2265	2150	
29	5772	95.0	95.0	19	1	0	2	905	1131	1492	2096	2641	3184	3465	3602	3541	3423	3263	3046	2789	2567	2440	2330	2308	2444	2690	2968	3285	3439	3476	3429	3364	3169	2977	2815	2560	2406	2254	2138	
29	5835	59.9	60.1	19	1	1	2	1004	1427	2183	3340	4560	5551	6073	6186	5938	5674	5185	4771	4313	3844	3475	3241	3070	3105	3353	3697	4094	4319	4441	4365	4160	3917	3615	3311	3090	2821	2634	2433	
29	5852	59.9	60.0	19	1	1	2	1017	1367	2233	3343	4589	5525	6018	6193	5951	5624	5213	4746	4278	3845	3500	3199	3077	3103	3365	3723	4044	4336	4414	4350	4187	3915	3634	3296	3063	2834	2615	2440	
29	5869	60.0	60.0	19	1	1	2	1022	1407	2237	3373	4600	5558	6104	6239	6032	5676	5227	4772	4301	3847	3498	3243	3091	3135	3383	3702	4098	4332	4484	4314	4179	3906	3635	3366	3070	2816	2630	2423	
29	5886	59.9	60.0	19	1	1	2	1024	1412	2224	3355	4641	5536	6086	6197	5953	5709	5226	4828	4341	3867	3520	3229	3099	3113	3366	3716	4095	4345	4472	4311	4203	3905	3614	3309	3049	2807	2610	2427	
29	5904	60.0	60.0	19	1	1	2	1024	1394	2224	3387	4583	5543	6009	6220	6019	5680	5261	4798	4273	3818	3505	3197	3080	3138	3349	3667	4058	4359	4416	4306	4210	3948	3660	3376	3054	2845	2611	2431	
29	5921	60.0	60.0	19	1	1	2	1018	1400	2221	3351	4554	5584	6061	6209	5970	5647	5254	4749	4306	3826	3478	3221	3047	3119	3349	3670	4096	4320	4435	4319	4156	3906	3605	3307	3080	2809	2642	2442	
29	5938	59.9	60.0	19	1	1	2	1014	1428	2206	3353	4581	5559	6064	6185	6059	5650	5210	4746	4311	3825	3481	3237	3062	3112	3354	3681	4080	4312	4382	4312	4144	3927	3590	3332	3068	2786	2597	2419	
29	6003	95.0	95.1	20	1	0	2	926	1113	1505	2071	2692	3202	3520	3664	3608	3489	3296	3050	2820	2608	2437	2339	2318	2447	2704	2961	3276	3484	3541	3501	3397	3174	2956	2786	2581	2415	2272	2117	
29	6020	95.0	95.0	20	1	0	2	924	1111	1502	2047	2659	3206	3473	3608	3568	3437	3236	3057	2793	2563	2440	2308	2323	2440	2700	2959	3244	3467	3540	3477	3360	3173	2968	2778	2603	2407	2294	2117	
29	6083	59.8	60.1	20	1	1	2	1024	1400	2215	3336	4559	5591	6078	6180	5995	5633	5230	4787	4264	3824	3466	3208	3061	3099	3348	3694	4064	4310	4450	4327	4183	3950	3608	3295	3031	2788	2614	2407	
29	6100	59.9	60.0	20	1	1	2	1030	1399	2221	3376	4581	5567	6031	6215	5950	5662	5208	4747	4304	3848	3469	3176	3073	3120	3355	3672	4060	4306	4436	4308	4180	3911	3623	3319	3069	2810	2629	2415	
29	6117	60.0	60.0	20	1	1	2	1040	1402	2210	3341	4645	5584	6032	6209	6042	5718	5266	4801	4331	3849	3499	3254	3092	3120	3390	3704	4097	4327	4430	4304	4194	3915	3657	3341	3068	2821	2601	2441	
29	6134	59.9	60.0	20	1	1	2	1027	1409	2218	3359	4589	5615	6066	6183	5980	5674	5229	4759	4312	3831	3514	3210	3089	3116	3380	3713	4108	4373	4440	4353	4192	3896	3645	3327	3083	2789	2614	2427	
29	6152	59.9	60.0	20	1	1	2	1011	1381	2200	3336	4534	5525	6023	6156	5989	5703	5218	4779	4294	3827	3483	3224	3062	3116	3352	3689	4043	4328	4437	4314	4193	3916	3625	3342	3074	2782	2606	2430	
29	6169	59.9	60.0	20	1	1	2	1014	1413	2219	3350	4616	5580	6004	6212	6017	5709	5233	4795	4288	3801	3484	3198	3070	3105	3386	3654	4078	4322	4433	4366	4168	3932	3638	3337	3039	2786	2611	2435	
29	6186	60.0	60.0	20	1	1	2	1011	1397	2217	3363	4614	5597	6056	6164	5981	5716	5218	4772	4319	3816	3505	3211	3048	3105	3356	3696	4060	4332	4404	4326	4177	3870	3619	3328	3044	2806	2629	2428	
29	6251	95.0	95.1	21	1	0	2	934	1110	1501	2093	2683	3200	3507	3654	3611	3476	3260	3037	2817	2580	2431	2305	2321	2453	2698	3002	3255	3425	3535	3458	3351	3164	3012	2793	2576	2429	2298	2138	
29	6268	95.0	95.0	21	1	0	2	933	1129	1498	2050	2688	3187	3517	3637	3555	3440	3281	3044	2777	2579	2410	2331	2325	2425	2652	2981	3266	3460	3474	3412	3336	3168	3023	2768	2582	2402	2238	2101	
29	6329	59.9	60.1	21	1	1	2	1014	1393	2231	3344	4518	5530	5984	6205	5979	5641	5212	4756	4254	3806	3482	3197	3076	3121	3351	3695	4031	4309	4402	4310	4147	3889	3606	3305	3056	2828	2597	2432	
29	6346	60.0	60.0	21	1	1	2	1011	1382	2218	3345	4577	5565	6072	6153	5993	5642	5156	4782	4302	3834	3493	3231	3063	3142	3330	3692	4059	4317	4441	4311	4217	3888	3624	3326	3066	2782	2584	2430	
29	6363	60.0	60.0	21	1	1	2	1000	1388	2218	3378	4546	5604	6027	6214	5980	5696	5230	4757	4288	3841	3504	3231	3073	3118	3360	3687	4071	4297	4379	4330	4194	3935	3644	3357	3073	2796	2627	2423	
29	6381	60.0	60.0	21	1	1	2	1011	1406	2235	3366	4607	5595	6045	6212	6022	5711	5214	4796	4292	3845	3496	3236	3084	3112	3378	3731	4095	4294	4447	4302	4187	3915	3656	3345	3064	2825	2635	2451	
29	6398	59.9	60.0	21	1	1	2	1016	1393	2215	3339	4566	5549	6056	6204	6008	5627	5214	4768	4288	3826	3480	3205	3055	3124	3353	3685	4052	4304	4427	4281	4189	3909	3637	3340	3071	2792	2608	2453	
29	6415	60.0	60.0	21	1	1	2	1010	1431	2208	3369	4598	5593	6009	6181	6010	5648	5189	4741	4312	3813	3475	3234	3081	3134	3345	3678	4075	4310	4443	4315	4190	3909	3582	3319	3079	2853	2603	2444	
29	6432	60.0	60.0	21	1	1	2	1024	1395	2162	3374	4583	5550	6091	6218	6029	5681	5220	4768	4291	3814	3499	3214	3067	3117	3359	3736	4087	4295	4390	4312	4183	3884	3654	3314	3072	2788	2610	2418	
29	6495	95.0	95.0	22	1	0	2	912	1120	1521	2091	2717	3214	3521	3643	3582	3465	3265	3053	2829	2561	2404	2342	2341	2446	2689	2966	3244	3456	3552	3462	3394	3171	2991	2752	2608	2462	2257	2148	
29	6512	95.0	95.0	22	1	0	2	922	1109	1506	2091	2645	3188	3497	3607	3535	3488	3266	3051	2790	2552	2430	2358	2312	2435	2685	2956	3241	3448	3524	3459	3347	3170	2955	2776	2577	2432	2274	2118	
29	6575	59.9	60.1	22	1	1	2	1020	1388	2200	3351	4524	5539	5995	6147	5964	5600	5194	4765	4269	3806	3463	3185	3082	3090	3336	3662	4059	4352	4385	4292	4160	3872	3576	3328	3045	2806	2614	2453	
29	6592	60.0	60.0	22	1	1	2	1012	1387	2211	3358	4560	5553	5977	6206	5956	5661	5206	4754	4255	3795	3475	3230	3058	3099	3333	3673	4055	4321	4376	4313	4185	3918	3594	3287	3069	2823	2607	2420	
29	6609	60.0	60.0	22	1	1	2	1024	1377	2234	3396	4594	5548	6079	6212	5949	5671	5243	4772	4324	3837	3550	3212	3070	3118	3390	3715	4049	4335	4406	4349	4232	3907	3626	3307	3049	2804	2647	2440	
29	6627	59.9	60.0	22	1	1	2	1036	1382	2200	3365	4568	5578	6018	6171	6006	5689	5211	4762	4320	3831	3489	3212	3063	3109	3367	3712	4092	4304	4415	4323	4183	3888	3634	3310	3057	2801	2606	2432	
29	6644	60.0	60.0	22	1	1	2	1027	1380	2220	3383	4553	5522	6013	6165	6004	5694	5239	4756	4274	3825	3465	3199	3044	3127	3382	3722	4083	4280	4415	4334	4170	3878	3620	3344	3072	2815	2598	2424	
29	6661	59.9	60.0	22	1	1	2	1018	1413	2232	3347	4545	5537	6017	6213	6016	5641	5213	4772	4310	3795	3497	3219	3053	3103	3349	3674	4019	4287	4384	4312	4188	3939	3634	3307	3060	2779	2582	2442	
29	6678	60.0	60.0	22	1	1	2	1038	1394	2216	3349	4615	5568	6031	6154	5959	5654	5157	4737	4283	3846	3523	3226	3072	3101	3340	3660	4049	4297	4366	4312	4173	3896	3615	3320	3047	2807	2640	2424	
29	6741	95.0	95.1	23	1	0	2	930	1120	1509	2088	2679	3189	3505	3632	3573	3480	3269	3062	2817	2563	2433	2328	2316	2456	2693	2978	3268	3445	3523	3474	3374	3182	2992	2760	2581	2398	2271	2091	
29	6758	95.0	95.0	23	1	0	2	926	1097	1506	2061	2664	3168	3445	3633	3550	3446	3248	3055	2772	2551	2425	2316	2318	2429	2655	2946	3204	3444	3505	3425	3374	3160	2953	2757	2575	2411	2264	2132	
29	6821	59.9	60.1	23	1	1	2	1016	1410	2189	3344	4529	5489	5979	6137	5960	5628	5167	4740	4245	3808	3486	3182	3028	3112	3381	3685	4086	4272	4317	4320	4168	3909	3642	3323	3062	2783	2604	2443	
29	6838	59.9	60.0	23	1	1	2	1018	1389	2222	3361	4570	5571	6059	6136	5969	5644	5197	4791	4249	3799	3489	3210	3086	3117	3357	3687	4070	4302	4410	4318	4166	3927	3626	3307	3064	2826	2592	2427	
29	6855	60.0	60.0	23	1	1	2	1014	1398	2220	3338	4639	5559	6041	6200	6024	5724	5223	4805	4272	3810	3470	3221	3074	3118	3373	3695	4075	4323	4429	4287	4168	3900	3596	3323	3091	2827	2627	2436	
29	6873	59.9	60.0	23	1	1	2	1007	1394	2225	3357	4587	5530	6035	6127	5977	5711	5201	4767	4285	3811	3504	3196	3088	3123	3357	3700	4067	4305	4397	4325	4179	3877	3633	3310	3052	2802	2610	2403	
29	6890	59.9	60.0	23	1	1	2	1025	1388	2212	3359	4581	5520	6025	6126	5937	5650	5218	4750	4251	3800	3493	3192	3074	3111	3354	3661	4042	4312	4386	4298	4191	3930	3632	3301	3053	2798	2588	2420	
29	6907	59.9	60.0	23	1	1	2	1011	1401	2229	3351	4568	5546	5980	6208	5935	5642	5241	4756	4236	3781	3510	3191	3065	3116	3321	3696	4042	4294	4377	4322	4155	3860	3625	3338	3040	2783	2604	2418	
29	6924	60.0	60.0	23	1	1	2	1010	1393	2248	3352	4556	5535	6006	6133	5934	5622	5178	4724	4280	3819	3475	3194	3064	3095	3334	3682	4059	4284	4379	4284	4167	3925	3593	3266	3036	2791	2597	2438	
29	6987	95.0	95.0	24	1	0	2	917	1134	1518	2044	2676	3189	3481	3634	3607	3467	3282	3045	2775	2567	2411	2346	2327	2445	2708	2983	3259	3438	3511	3440	3374	3168	2987	2750	2581	2407	2259	2101	
29	7004	95.0	95.0	24	1	0	2	912	1117	1522	2057	2643	3198	3467	3621	3569	3460	3248	3029	2810	2566	2420	2324	2307	2420	2651	2977	3248	3401	3490	3417	3347	3152	2976	2749	2576	2400	2241	2097	
29	7067	59.9	60.1	24	1	1	2	1010	1405	2223	3325	4500	5524	5989	6122	5924	5649	5148	4710	4242	3823	3467	3177	3051	3083	3310	3680	4048	4266	4361	4290	4163	3877	3608	3303	3037	2807	2600	2407	
29	7084	59.9	60.0	24	1	1	2	1005	1402	2205	3346	4498	5520	5976	6140	5925	5632	5229	4740	4254	3757	3450	3214	3058	3103	3321	3666	4012	4304	4393	4275	4181	3873	3654	3320	3053	2781	2572	2431	
29	7101	59.9	60.0	24	1	1	2	1004	1395	2216	3342	4565	5527	6022	6235	5939	5680	5184	4776	4291	3814	3474	3239	3092	3124	3348	3696	4058	4301	4403	4289	4214	3892	3643	3309	3022	2784	2602	2409	
29	7119	59.9	60.0	24	1	1	2	1019	1397	2195	3319	4524	5523	5994	6135	5956	5607	5213	4752	4290	3802	3466	3209	3043	3080	3299	3664	4037	4302	4396	4262	4166	3838	3635	3255	3042	2815	2591	2398	
29	7136	59.9	60.0	24	1	1	2	1020	1404	2183	3350	4548	5547	5988	6189	5931	5674	5145	4758	4268	3813	3492	3182	3052	3091	3327	3724	4068	4273	4406	4314	4163	3897	3634	3316	3044	2803	2606	2437	
29	7153	59.9	60.0	24	1	1	2	1009	1399	2197	3332	4543	5529	6043	6156	5937	5636	5184	4716	4249	3807	3466	3222	3039	3075	3326	3690	4048	4268	4400	4293	4174	3852	3596	3337	3041	2770	2585	2398	
29	7170	60.0	60.0	24	1	1	2	1011	1392	2197	3345	4512	5489	5985	6158	5957	5641	5178	4749	4216	3796	3485	3214	3028	3123	3306	3655	4034	4329	4353	4298	4170	3898	3600	3322	3059	2796	2578	2433	
29	7235	95.0	95.1	25	1	0	2	931	1134	1502	2058	2670	3183	3496	3600	3558	3480	3220	3048	2794	2570	2424	2321	2308	2439	2656	2945	3235	3413	3516	3419	3366	3172	2986	2727	2578	2389	2270	2118	
29	7252	95.0	95.0	25	1	0	2	939	1072	1510	2042	2632	3154	3440	3573	3512	3432	3214	2995	2799	2526	2410	2313	2302	2410	2641	2964	3197	3411	3486	3424	3366	3125	2975	2766	2574	2407	2244	2118	
29	7315	59.9	60.1	25	1	1	2	1024	1377	2161	3317	4489	5440	5972	6076	5927	5626	5170	4709	4222	3792	3482	3187	3058	3109	3318	3632	4031	4261	4357	4232	4153	3903	3592	3280	3025	2775	2605	2407	
29	7332	59.9	60.0	25	1	1	2	1004	1395	2212	3340	4489	5581	6000	6117	5941	5638	5161	4756	4264	3828	3444	3202	3067	3074	3338	3653	4052	4301	4410	4271	4152	3868	3609	3308	3044	2782	2614	2400	
29	7350	60.0	60.0	25	1	1	2	1032	1392	2201	3349	4543	5525	6036	6165	5958	5676	5216	4742	4259	3785	3493	3206	3053	3108	3362	3697	4050	4295	4380	4295	4185	3893	3630	3327	3018	2785	2590	2398	
29	7367	60.0	60.0	25	1	1	2	1024	1390	2211	3339	4542	5547	6009	6118	5953	5631	5207	4729	4238	3857	3460	3186	3072	3129	3380	3677	4031	4264	4375	4259	4167	3879	3564	3318	3040	2784	2591	2398	
29	7384	60.0	60.0	25	1	1	2	1011	1393	2200	3330	4541	5527	5994	6119	5946	5592	5189	4724	4249	3771	3485	3164	3036	3056	3331	3682	4014	4291	4369	4282	4112	3856	3589	3260	3010	2783	2578	2406	
29	7401	59.9	60.0	25	1	1	2	1005	1387	2215	3334	4516	5517	6041	6153	5894	5618	5169	4732	4233	3793	3478	3189	3033	3113	3292	3667	4053	4252	4354	4259	4160	3852	3594	3272	3030	2754	2597	2396	
29	7419	60.0	60.0	25	1	1	2	1013	1370	2212	3327	4544	5477	5965	6119	5916	5632	5152	4741	4202	3744	3436	3184	3033	3084	3326	3636	4042	4275	4379	4252	4152	3848	3583	3268	3006	2775	2581	2429	
29	7481	95.0	95.0	26	1	0	2	939	1119	1498	2059	2673	3181	3446	3570	3558	3439	3267	3055	2793	2620	2439	2329	2290	2402	2691	2972	3242	3415	3566	3445	3339	3152	2967	2765	2582	2402	2257	2104	
29	7498	95.0	95.0	26	1	0	2	932	1118	1506	2050	2640	3157	3464	3621	3563	3435	3211	3007	2806	2543	2413	2330	2314	2412	2664	2966	3241	3406	3464	3425	3347	3130	2953	2753	2583	2393	2264	2108	
29	7561	60.0	60.1	26	1	1	2	1004	1377	2154	3289	4506	5496	5923	6125	5908	5580	5153	4706	4193	3799	3448	3215	3052	3097	3318	3638	4009	4234	4343	4227	4135	3931	3596	3266	3030	2774	2584	2414	
29	7578	59.9	60.0	26	1	1	2	1010	1399	2208	3334	4548	5557	5982	6087	5926	5620	5158	4744	4254	3803	3467	3188	3043	3113	3357	3693	4052	4294	4372	4290	4168	3876	3603	3305	3032	2789	2612	2418	
29	7596	60.0	60.0	26	1	1	2	1014	1417	2191	3322	4559	5536	6026	6136	5959	5634	5163	4740	4299	3812	3485	3204	3054	3092	3319	3702	4053	4287	4402	4277	4195	3924	3650	3292	3028	2769	2593	2380	
29	7613	60.0	60.0	26	1	1	2	1018	1374	2198	3325	4556	5517	6006	6159	5954	5652	5166	4764	4268	3805	3522	3183	3050	3091	3351	3651	4048	4256	4392	4288	4172	3861	3588	3327	3030	2783	2609	2378	
29	7630	60.0	60.0	26	1	1	2	1013	1386	2185	3380	4558	5554	5987	6193	5966	5640	5163	4748	4268	3797	3457	3203	3038	3119	3297	3660	4047	4296	4367	4286	4176	3870	3603	3294	3049	2796	2591	2374	
29	7647	59.9	60.0	26	1	1	2	1004	1394	2216	3329	4522	5487	6016	6138	5898	5598	5180	4760	4216	3766	3472	3178	3025	3107	3328	3681	4040	4244	4401	4261	4148	3884	3624	3304	3072	2773	2590	2390	
29	7665	60.0	60.0	26	1	1	2	1014	1405	2192	3328	4519	5525	5994	6153	5928	5611	5182	4747	4257	3809	3447	3206	3065	3130	3353	3680	4027	4297	4389	4298	4160	3862	3599	3301	3046	2757	2581	2414	
29	7727	95.0	95.0	27	1	0	2	928	1114	1508	2080	2667	3183	3461	3598	3574	3441	3269	3035	2801	2596	2404	2321	2286	2443	2660	2964	3265	3430	3483	3426	3346	3165	2975	2743	2585	2378	2232	2120	
29	7744	95.0	95.0	27	1	0	2	923	1117	1504	2045	2660	3154	3421	3519	3531	3439	3225	3015	2807	2553	2400	2301	2304	2430	2701	2945	3233	3410	3508	3421	3328	3090	2959	2744	2549	2405	2250	2102	
29	7807	59.9	60.1	27	1	1	2	1004	1371	2210	3296	4501	5536	5949	6129	5919	5594	5197	4747	4251	3760	3470	3194	3016	3139	3322	3649	4008	4282	4397	4265	4135	3873	3576	3321	3024	2767	2591	2398	
29	7825	60.0	60.0	27	1	1	2	996	1371	2176	3324	4546	5459	5999	6128	5956	5601	5120	4712	4235	3797	3444	3207	3072	3091	3326	3657	4041	4292	4389	4282	4148	3889	3608	3267	3036	2790	2614	2417	
29	7842	59.9	60.0	27	1	1	2	1012	1373	2207	3352	4550	5529	6049	6149	5973	5632	5180	4747	4270	3825	3517	3190	3046	3106	3354	3711	4051	4282	4407	4289	4101	3877	3628	3305	3036	2795	2597	2418	
29	7859	60.0	60.0	27	1	1	2	1020	1384	2208	3341	4514	5505	5991	6151	5940	5639	5182	4728	4257	3825	3464	3225	3033	3076	3338	3653	4036	4278	4363	4274	4150	3900	3558	3288	3008	2802	2604	2424	
29	7876	60.0	60.0	27	1	1	2	1009	1388	2193	3311	4513	5529	5960	6162	5918	5643	5163	4755	4237	3805	3429	3157	3053	3097	3337	3652	4006	4273	4350	4293	4159	3877	3572	3276	3033	2788	2588	2432	
29	7894	60.0	60.0	27	1	1	2	1018	1374	2204	3367	4550	5546	5945	6130	5947	5630	5180	4753	4212	3796	3467	3206	3022	3100	3272	3662	4040	4257	4372	4300	4165	3870	3620	3286	3042	2799	2588	2445	
29	7911	60.0	60.0	27	1	1	2	1022	1387	2205	3316	4548	5513	5998	6108	5948	5585	5179	4721	4222	3782	3458	3211	3086	3092	3336	3668	4002	4261	4369	4299	4148	3894	3584	3278	3018	2809	2601	2394	
29	7975	95.0	95.1	28	1	0	2	942	1129	1504	2046	2631	3169	3480	3620	3584	3444	3250	3032	2794	2591	2418	2320	2290	2439	2681	2960	3217	3422	3503	3443	3321	3194	2975	2774	2574	2393	2252	2136	
29	7993	95.0	95.0	28	1	0	2	951	1122	1486	2048	2656	3122	3421	3581	3548	3415	3221	2984	2783	2545	2405	2306	2296	2413	2669	2961	3245	3402	3498	3417	3316	3170	2946	2733	2572	2400	2223	2093	
29	8055	59.9	60.1	28	1	1	2	1019	1400	2209	3311	4539	5518	5983	6086	5906	5636	5154	4720	4221	3762	3478	3209	3042	3096	3321	3637	4066	4309	4352	4286	4143	3909	3598	3294	3033	2801	2570	2424	
29	8073	59.9	60.0	28	1	1	2	1023	1360	2220	3322	4510	5509	5987	6135	5932	5627	5247	4717	4255	3780	3484	3184	3014	3078	3311	3643	4044	4287	4399	4302	4112	3886	3594	3319	3037	2810	2604	2404	
29	8090	59.9	60.0	28	1	1	2	1017	1393	2225	3312	4535	5529	6003	6171	5980	5585	5199	4748	4265	3815	3493	3199	3062	3108	3322	3685	4034	4292	4408	4291	4147	3880	3623	3271	3032	2789	2591	2410	
29	8107	59.9	60.0	28	1	1	2	1012	1398	2205	3334	4566	5546	5986	6202	5906	5634	5173	4758	4269	3798	3478	3177	3065	3104	3358	3678	4019	4296	4390	4285	4165	3873	3589	3302	3059	2837	2585	2414	
29	8124	59.9	60.0	28	1	1	2	1012	1386	2200	3331	4493	5531	5977	6132	5906	5628	5150	4737	4229	3796	3469	3185	3056	3076	3312	3629	4018	4267	4369	4301	4156	3876	3599	3281	3031	2798	2592	2408	
29	8142	60.0	60.0	28	1	1	2	1024	1411	2207	3349	4575	5481	5994	6195	5939	5639	5159	4747	4271	3789	3488	3187	3044	3092	3344	3675	4060	4287	4407	4283	4152	3858	3615	3278	3029	2783	2596	2410	
29	8159	59.9	60.0	28	1	1	2	1005	1388	2201	3364	4556	5531	5998	6172	5924	5630	5176	4733	4249	3812	3472	3172	3028	3072	3323	3631	4024	4257	4361	4278	4185	3894	3602	3281	3025	2777	2594	2390	
29	8221	95.1	95.1	29	1	0	2	927	1120	1516	2058	2649	3181	3461	3542	3550	3458	3247	3034	2782	2559	2424	2311	2315	2442	2684	2939	3268	3423	3484	3442	3337	3196	2961	2768	2559	2418	2242	2138	
29	8239	95.0	95.0	29	1	0	2	937	1118	1475	2057	2617	3173	3493	3583	3548	3445	3271	3033	2769	2586	2465	2324	2279	2410	2646	2953	3259	3401	3468	3453	3321	3129	2947	2760	2572	2393	2235	2113	
29	8302	59.9	60.1	29	1	1	2	1017	1392	2207	3317	4523	5507	5948	6133	5852	5581	5119	4675	4243	3797	3461	3184	3043	3081	3322	3620	4053	4240	4395	4286	4120	3879	3582	3305	3043	2792	2593	2379	
29	8319	60.0	60.0	29	1	1	2	1010	1390	2190	3316	4556	5500	5997	6174	5910	5607	5172	4746	4236	3790	3459	3163	3038	3062	3344	3657	4037	4273	4351	4313	4155	3853	3617	3292	3039	2794	2597	2449	
29	8336	59.9	60.0	29	1	1	2	1015	1392	2228	3377	4548	5539	6022	6172	5974	5650	5152	4755	4278	3789	3478	3177	3058	3099	3325	3666	4055	4313	4369	4263	4132	3898	3628	3345	3048	2809	2596	2397	
29	8353	60.0	60.0	29	1	1	2	1008	1398	2189	3305	4581	5532	6003	6149	5932	5658	5144	4775	4241	3826	3486	3194	3025	3087	3330	3694	4032	4294	4396	4282	4152	3855	3606	3287	3039	2791	2565	2406	
29	8371	60.0	60.0	29	1	1	2	1022	1382	2207	3327	4552	5524	5988	6189	5910	5581	5222	4728	4243	3805	3470	3168	3064	3100	3315	3662	4001	4284	4341	4295	4137	3910	3605	3283	3052	2790	2580	2425	
29	8388	60.0	60.0	29	1	1	2	1025	1397	2181	3346	4528	5495	5979	6130	5942	5630	5158	4733	4242	3801	3465	3203	3016	3074	3310	3646	4046	4257	4377	4269	4118	3870	3570	3283	3039	2775	2579	2427	
29	8405	59.9	60.0	29	1	1	2	1015	1392	2186	3322	4498	5487	5969	6143	5929	5628	5119	4766	4236	3776	3461	3179	3036	3105	3315	3669	4033	4302	4381	4254	4136	3844	3585	3260	3010	2810	2608	2401	
29	8470	94.9	95.1	30	1	0	2	932	1121	1525	2055	2641	3179	3431	3608	3550	3442	3214	3024	2811	2594	2423	2300	2298	2424	2671	2924	3268	3439	3513	3460	3328	3172	2955	2737	2554	2398	2256	2089	
29	8487	95.0	95.0	30	1	0	2	925	1106	1503	2047	2642	3147	3457	3557	3554	3451	3232	3039	2765	2557	2412	2333	2304	2410	2641	2944	3206	3419	3472	3426	3349	3128	2948	2728	2553	2396	2246	2109	
29	8550	59.9	60.1	30	1	1	2	1020	1377	2171	3321	4516	5509	5972	6115	5906	5634	5200	4696	4234	3762	3428	3198	3013	3073	3317	3625	4043	4263	4376	4258	4163	3858	3600	3268	3010	2790	2586	2412	
29	8567	59.9	60.0	30	1	1	2	995	1397	2196	3317	4539	5489	5987	6104	5950	5637	5155	4699	4270	3769	3484	3196	3051	3109	3302	3639	4041	4280	4371	4269	4100	3863	3616	3268	3018	2787	2587	2406	
29	8584	60.0	60.0	30	1	1	2	1017	1379	2209	3336	4554	5547	5969	6173	5924	5657	5200	4748	4274	3781	3478	3199	3051	3125	3329	3676	4011	4299	4405	4247	4177	3891	3623	3260	3035	2785	2592	2411	
29	8601	60.0	60.0	30	1	1	2	1006	1392	2209	3338	4546	5501	6036	6177	5945	5627	5150	4730	4220	3836	3484	3192	3045	3085	3329	3627	4090	4265	4347	4303	4151	3863	3549	3293	3045	2829	2594	2382	
29	8619	59.9	60.0	30	1	1	2	1016	1391	2213	3329	4516	5553	5920	6141	5893	5614	5195	4726	4224	3781	3443	3184	3058	3075	3343	3689	4059	4242	4365	4284	4156	3864	3626	3284	3040	2791	2593	2406	
29	8636	60.0	60.0	30	1	1	2	1016	1384	2181	3333	4549	5511	5955	6140	5905	5652	5196	4731	4248	3774	3438	3180	3046	3068	3314	3636	3999	4249	4354	4250	4141	3854	3602	3254	3017	2803	2573	2424	
29	8653	60.0	60.0	30	1	1	2	1032	1390	2208	3312	4533	5492	5984	6117	5917	5622	5179	4703	4233	3810	3413	3169	3044	3108	3286	3650	3994	4268	4341	4228	4173	3844	3570	3279	3025	2766	2598	2402	
29	8716	95.0	95.0	31	1	0	2	936	1126	1516	2081	2653	3156	3434	3585	3556	3472	3258	3034	2805	2548	2434	2345	2329	2421	2671	2928	3254	3416	3461	3437	3340	3151	2953	2752	2580	2390	2229	2118	
29	8733	95.0	95.0	31	1	0	2	928	1113	1516	2058	2621	3158	3451	3573	3525	3475	3231	3024	2794	2530	2381	2302	2293	2416	2650	2958	3223	3434	3513	3416	3330	3160	2927	2723	2564	2368	2238	2096	
29	8796	60.0	60.1	31	1	1	2	1015	1388	2184	3322	4510	5509	5952	6127	5892	5597	5132	4696	4223	3768	3420	3173	3060	3072	3327	3664	4049	4254	4347	4286	4137	3852	3588	3274	3036	2777	2558	2387	
29	8813	59.9	60.0	31	1	1	2	1021	1393	2212	3302	4511	5498	5965	6122	5905	5585	5154	4750	4252	3788	3452	3178	3064	3085	3323	3644	4016	4256	4381	4269	4097	3833	3600	3271	3025	2798	2613	2408	
29	8830	60.0	60.0	31	1	1	2	1001	1382	2185	3341	4562	5524	6046	6131	5949	5645	5209	4754	4253	3782	3494	3191	3060	3067	3365	3696	4017	4263	4409	4285	4138	3896	3585	3302	3018	2810	2606	2416	
29	8847	60.0	60.0	31	1	1	2	1013	1391	2212	3328	4524	5501	5982	6161	5920	5596	5186	4736	4238	3806	3443	3157	3054	3089	3373	3644	4015	4293	4347	4285	4145	3878	3584	3310	2991	2809	2590	2412	
29	8865	60.0	60.0	31	1	1	2	1014	1377	2213	3326	4492	5447	5981	6127	5868	5616	5152	4680	4255	3785	3467	3186	3044	3082	3310	3638	3994	4253	4360	4245	4133	3876	3588	3283	3032	2785	2578	2420	
29	8882	60.0	60.0	31	1	1	2	1032	1391	2178	3309	4569	5461	5997	6102	5900	5588	5165	4738	4187	3786	3461	3190	3041	3092	3280	3648	4022	4203	4354	4269	4130	3881	3579	3281	2986	2815	2601	2404	
29	8899	59.9	60.0	31	1	1	2	1005	1423	2214	3348	4534	5514	5944	6139	5941	5650	5151	4702	4257	3810	3457	3180	3045	3111	3315	3642	4037	4243	4389	4275	4086	3860	3574	3283	3007	2778	2600	2413	
29	8962	94.9	95.0	32	1	0	2	930	1124	1514	2079	2658	3173	3458	3596	3530	3464	3237	3025	2824	2576	2412	2294	2322	2419	2650	2952	3233	3405	3516	3429	3309	3136	2917	2718	2580	2404	2244	2109	
29	8979	95.0	95.0	32	1	0	2	927	1120	1498	2053	2650	3125	3437	3556	3521	3409	3244	3011	2762	2547	2401	2340	2291	2400	2659	2926	3243	3408	3463	3373	3319	3147	2938	2722	2528	2378	2234	2091	
29	9042	59.9	60.1	32	1	1	2	1021	1394	2182	3327	4544	5452	5909	6121	5924	5597	5143	4712	4227	3734	3469	3194	3039	3088	3344	3652	3997	4245	4359	4269	4115	3867	3567	3298	2993	2750	2564	2402	
29	9059	59.9	60.0	32	1	1	2	994	1373	2186	3297	4518	5492	5951	6122	5900	5628	5152	4716	4223	3799	3439	3167	3012	3073	3324	3641	4029	4243	4361	4228	4124	3856	3545	3272	3009	2776	2591	2379	
29	9076	59.9	60.0	32	1	1	2	1022	1402	2172	3347	4580	5517	6055	6141	5922	5647	5216	4735	4296	3784	3456	3191	3019	3106	3324	3688	4057	4283	4420	4306	4144	3880	3586	3304	3014	2785	2616	2405	
29	9094	60.0	60.0	32	1	1	2	1018	1394	2214	3318	4526	5504	5986	6171	5951	5638	5243	4724	4242	3800	3467	3201	3050	3088	3282	3676	4013	4261	4365	4261	4128	3886	3568	3281	3012	2773	2561	2409	
29	9111	60.0	60.0	32	1	1	2	1019	1394	2216	3310	4502	5503	5957	6050	5929	5593	5180	4709	4227	3795	3455	3162	3037	3118	3318	3666	3988	4221	4337	4244	4172	3865	3547	3302	3015	2802	2610	2399	
29	9128	60.0	60.0	32	1	1	2	1008	1400	2210	3330	4559	5473	5919	6129	5947	5630	5152	4744	4229	3780	3446	3183	3037	3104	3302	3634	4027	4244	4322	4241	4126	3853	3580	3275	3063	2794	2594	2414	
29	9145	59.9	60.0	32	1	1	2	1035	1378	2215	3296	4552	5522	5969	6114	5879	5638	5176	4714	4185	3794	3468	3180	3012	3100	3306	3656	3997	4270	4343	4276	4121	3867	3599	3295	3013	2760	2610	2402	
29	9210	95.0	95.1	33	1	0	2	920	1110	1486	2048	2658	3166	3493	3627	3569	3443	3248	3004	2759	2591	2413	2323	2301	2412	2677	2963	3218	3432	3470	3448	3311	3149	2947	2728	2564	2408	2264	2111	
29	9227	95.0	95.0	33	1	0	2	903	1119	1493	2046	2645	3165	3458	3575	3525	3436	3247	3025	2760	2558	2388	2314	2270	2434	2652	2924	3194	3401	3482	3446	3268	3151	2937	2710	2555	2380	2243	2114	
29	9290	60.0	60.1	33	1	1	2	996	1398	2179	3301	4538	5477	5927	6123	5879	5603	5153	4716	4243	3771	3447	3195	3000	3091	3344	3638	4015	4256	4337	4238	4110	3911	3584	3296	3033	2761	2591	2394	
29	9307	59.9	60.0	33	1	1	2	1015	1393	2190	3307	4555	5508	5999	6142	5915	5636	5182	4740	4255	3798	3437	3229	3018	3069	3312	3668	4035	4269	4333	4305	4147	3858	3588	3300	3025	2777	2586	2428	
29	9324	60.0	60.0	33	1	1	2	1003	1387	2197	3335	4571	5546	6026	6153	5957	5630	5189	4753	4281	3813	3451	3183	3041	3097	3327	3681	4024	4304	4356	4283	4147	3864	3574	3275	3046	2763	2559	2409	
29	9342	59.9	60.0	33	1	1	2	1013	1376	2194	3300	4545	5504	6034	6164	5955	5622	5192	4756	4259	3811	3456	3174	3052	3085	3314	3692	4008	4302	4371	4324	4152	3865	3575	3300	3036	2783	2604	2389	
29	9359	60.0	60.0	33	1	1	2	1009	1383	2199	3354	4534	5496	5972	6118	5922	5622	5164	4734	4247	3752	3474	3186	3015	3084	3286	3652	4000	4271	4338	4280	4150	3844	3620	3273	3006	2762	2589	2392	
29	9376	59.9	60.0	33	1	1	2	1005	1395	2190	3341	4563	5527	6031	6176	5969	5647	5179	4745	4219	3792	3473	3237	3079	3085	3324	3647	4035	4254	4336	4250	4129	3870	3596	3300	3026	2778	2558	2424	
29	9393	59.9	60.0	33	1	1	2	1010	1392	2197	3299	4563	5513	5959	6151	5957	5613	5203	4781	4222	3775	3459	3186	3048	3077	3346	3664	4020	4258	4361	4275	4123	3855	3601	3292	3044	2772	2593	2409	
29	9456	95.0	95.1	34	1	0	2	922	1121	1511	2059	2664	3178	3475	3652	3588	3448	3282	3055	2796	2559	2412	2326	2324	2421	2674	2938	3229	3422	3493	3429	3305	3148	2954	2717	2591	2383	2242	2102	
29	9473	95.0	95.0	34	1	0	2	953	1130	1518	2073	2662	3148	3440	3604	3563	3440	3237	3038	2776	2541	2401	2321	2297	2418	2676	2935	3229	3412	3479	3380	3297	3126	2961	2740	2563	2372	2216	2122	
29	9536	60.0	60.1	34	1	1	2	1013	1400	2190	3298	4537	5515	5985	6147	5896	5607	5170	4741	4254	3794	3474	3203	3048	3078	3338	3658	4004	4275	4363	4247	4136	3856	3568	3299	3046	2775	2583	2400	
29	9553	60.0	60.0	34	1	1	2	1011	1406	2207	3359	4525	5520	6037	6172	5917	5629	5199	4770	4252	3797	3446	3187	3043	3082	3321	3658	4043	4304	4357	4305	4110	3864	3607	3283	3018	2781	2585	2386	
29	9570	59.9	60.0	34	1	1	2	1012	1388	2208	3345	4542	5609	6076	6167	5992	5688	5155	4783	4259	3824	3469	3213	3049	3105	3354	3644	4041	4298	4360	4308	4155	3891	3581	3283	3097	2761	2600	2390	
29	9588	60.0	60.0	34	1	1	2	1016	1399	2228	3349	4583	5577	6016	6217	5979	5616	5185	4764	4293	3815	3457	3211	3074	3124	3311	3647	4043	4262	4371	4279	4201	3883	3599	3252	3039	2809	2585	2427	
29	9605	60.0	60.0	34	1	1	2	1013	1398	2188	3344	4557	5535	6037	6146	5981	5627	5190	4722	4265	3829	3478	3207	3065	3088	3308	3647	4038	4266	4374	4220	4158	3868	3589	3280	3009	2790	2572	2400	
29	9622	59.9	60.0	34	1	1	2	1005	1394	2226	3349	4598	5596	6003	6175	5965	5607	5167	4753	4264	3790	3461	3210	3060	3071	3344	3650	4016	4263	4361	4289	4160	3857	3587	3255	3052	2814	2553	2397	
29	9639	60.0	60.0	34	1	1	2	1014	1383	2218	3303	4545	5533	5987	6184	5931	5610	5177	4750	4209	3808	3461	3186	3049	3106	3292	3646	4011	4257	4350	4248	4120	3827	3543	3268	3003	2786	2574	2416	
29	9702	94.9	95.0	35	1	0	2	935	1127	1523	2077	2653	3218	3472	3622	3579	3478	3276	3039	2828	2563	2461	2339	2315	2438	2680	2938	3217	3391	3484	3415	3353	3163	2918	2750	2564	2399	2255	2117	
29	9719	95.0	95.0	35	1	0	2	925	1125	1492	2057	2651	3191	3479	3581	3587	3453	3245	3008	2794	2568	2445	2258	2312	2428	2671	2917	3216	3430	3501	3393	3328	3144	2923	2756	2558	2398	2213	2071	
29	9782	60.0	60.1	35	1	1	2	1007	1385	2227	3299	4535	5513	6027	6187	6000	5653	5211	4764	4256	3813	3479	3224	3014	3086	3339	3664	4051	4268	4348	4299	4140	3818	3625	3282	3018	2783	2576	2430	
29	9799	59.9	60.0	35	1	1	2	1016	1413	2211	3361	4574	5609	6086	6218	6024	5654	5193	4823	4320	3846	3499	3201	3081	3119	3334	3701	4058	4302	4372	4293	4137	3885	3597	3280	3048	2799	2597	2403	
29	9817	60.0	60.0	35	1	1	2	1005	1454	2202	3364	4603	5617	6077	6254	6013	5717	5295	4836	4326	3849	3511	3234	3069	3102	3357	3688	4036	4324	4374	4272	4135	3874	3572	3301	3021	2788	2581	2409	
29	9834	59.9	60.0	35	1	1	2	1001	1400	2237	3369	4607	5570	6070	6219	6005	5698	5284	4821	4317	3837	3520	3206	3111	3124	3321	3679	4012	4305	4372	4244	4141	3845	3575	3280	3026	2800	2622	2412	
29	9851	60.0	60.0	35	1	1	2	1024	1391	2224	3378	4567	5581	6075	6229	5997	5712	5272	4805	4322	3826	3532	3233	3093	3107	3351	3655	4047	4293	4404	4264	4145	3864	3625	3283	3035	2777	2568	2386	
29	9868	60.0	60.0	35	1	1	2	1017	1417	2209	3394	4581	5630	6033	6214	6000	5648	5239	4789	4262	3826	3503	3226	3070	3114	3342	3646	4066	4261	4355	4268	4106	3819	3618	3272	3031	2768	2596	2408	
29	9886	59.9	60.0	35	1	1	2	1011	1403	2228	3348	4588	5580	6054	6199	6038	5650	5264	4785	4304	3815	3555	3203	3069	3117	3358	3693	4045	4275	4393	4268	4132	3893	3606	3272	3009	2794	2598	2420	
29	9948	95.1	95.1	36	1	0	2	929	1130	1531	2097	2719	3244	3531	3685	3666	3542	3322	3088	2818	2597	2435	2351	2350	2455	2711	2956	3286	3412	3460	3448	3316	3144	2959	2753	2581	2401	2253	2097	
29	9965	95.0	95.0	36	1	0	2	930	1134	1533	2083	2681	3216	3528	3647	3644	3518	3282	3057	2822	2611	2443	2367	2333	2426	2642	2975	3246	3418	3504	3420	3308	3136	2940	2760	2537	2399	2213	2123	
29	10028	59.9	60.1	36	1	1	2	1009	1396	2241	3431	4633	5586	6102	6266	6114	5761	5334	4814	4302	3899	3541	3241	3082	3105	3336	3644	4041	4250	4387	4260	4132	3873	3575	3304	3035	2799	2588	2399	
29	10045	59.9	60.0	36	1	1	2	1006	1409	2218	3417	4691	5693	6143	6324	6157	5826	5332	4876	4334	3908	3549	3255	3077	3138	3390	3669	4073	4287	4409	4259	4150	3872	3623	3293	3040	2791	2583	2426	
29	10063	60.0	60.0	36	1	1	2	1016	1422	2254	3429	4665	5705	6205	6354	6123	5819	5379	4855	4386	3890	3570	3265	3117	3112	3366	3688	4092	4282	4394	4295	4153	3912	3616	3321	3069	2763	2608	2420	
29	10080	59.9	60.0	36	1	1	2	999	1408	2229	3409	4709	5681	6132	6337	6071	5785	5382	4887	4375	3890	3550	3250	3126	3155	3385	3667	4081	4311	4358	4296	4186	3898	3611	3293	3051	2812	2564	2395	
29	10097	59.9	60.0	36	1	1	2	1025	1386	2227	3412	4654	5678	6161	6357	6106	5796	5339	4873	4354	3889	3572	3259	3086	3150	3369	3692	4070	4280	4410	4279	4122	3868	3617	3298	3048	2819	2589	2394	
29	10114	60.0	60.0	36	1	1	2	1016	1397	2246	3428	4657	5686	6182	6357	6111	5800	5334	4859	4389	3886	3507	3264	3092	3123	3351	3691	4072	4279	4359	4287	4124	3861	3573	3284	3010	2798	2589	2404	
29	10132	60.0	60.0	36	1	1	2	1031	1402	2265	3428	4655	5696	6170	6325	6141	5771	5398	4862	4355	3919	3544	3264	3101	3141	3332	3655	4048	4311	4396	4267	4185	3892	3582	3295	3052	2813	2596	2436	
29	10194	95.0	95.1	37	1	0	2	927	1128	1535	2128	2752	3305	3612	3766	3709	3591	3376	3120	2906	2624	2495	2379	2399	2457	2704	3012	3272	3437	3512	3442	3336	3188	2955	2754	2590	2393	2278	2116	
29	10211	95.0	95.0	37	1	0	2	924	1127	1546	2102	2693	3288	3608	3744	3692	3565	3360	3125	2875	2637	2476	2348	2357	2448	2691	3002	3238	3466	3487	3411	3336	3120	2964	2746	2524	2422	2239	2136	
29	10274	59.9	60.1	37	1	1	2	1012	1422	2279	3471	4777	5793	6271	6449	6286	5908	5425	4976	4442	3986	3600	3294	3153	3164	3405	3740	4098	4322	4406	4285	4130	3888	3590	3326	3011	2799	2644	2402	
29	10292	59.9	60.0	37	1	1	2	1034	1434	2274	3513	4755	5821	6371	6484	6328	6013	5471	5009	4454	4011	3622	3345	3149	3205	3409	3754	4124	4329	4431	4316	4178	3905	3603	3334	3072	2797	2609	2425	
29	10309	59.9	60.0	37	1	1	2	1027	1446	2285	3512	4803	5875	6356	6564	6297	6050	5513	5033	4518	3976	3616	3356	3164	3195	3394	3708	4071	4320	4430	4368	4171	3927	3604	3324	3057	2787	2595	2437	
29	10326	60.0	60.0	37	1	1	2	1025	1420	2308	3488	4758	5848	6318	6533	6303	5978	5504	4995	4506	3982	3644	3347	3169	3188	3417	3721	4046	4320	4379	4347	4177	3884	3593	3291	3056	2814	2605	2442	
29	10343	60.0	60.0	37	1	1	2	1026	1419	2301	3471	4779	5899	6350	6528	6295	5985	5500	4993	4519	3998	3639	3340	3149	3194	3422	3731	4096	4289	4386	4341	4168	3910	3614	3308	3063	2770	2564	2409	
29	10361	59.9	60.0	37	1	1	2	1039	1418	2287	3520	4782	5838	6327	6518	6296	5957	5496	4994	4514	4012	3637	3333	3139	3163	3398	3708	4075	4353	4394	4318	4156	3875	3617	3311	3036	2819	2564	2411	
29	10378	60.0	60.0	37	1	1	2	1014	1421	2300	3493	4814	5848	6308	6528	6294	6023	5486	4998	4474	4013	3631	3331	3176	3190	3414	3733	4059	4284	4415	4307	4148	3905	3631	3317	3054	2803	2583	2431	
29	10440	95.0	95.1	38	1	0	2	935	1156	1545	2170	2855	3415	3775	3908	3843	3756	3488	3280	2977	2705	2553	2425	2414	2534	2744	3026	3269	3447	3528	3477	3366	3159	2991	2778	2596	2428	2256	2112	
29	10458	95.0	95.0	38	1	1	2	937	1135	1558	2171	2830	3416	3723	3901	3828	3737	3484	3253	2954	2715	2543	2423	2420	2520	2754	3025	3302	3456	3517	3459	3384	3153	2972	2738	2593	2417	2243	2112	
29	10520	60.0	60.1	38	1	1	2	1033	1455	2344	3594	4943	6097	6641	6819	6562	6261	5710	5245	4662	4176	3739	3480	3248	3276	3475	3768	4134	4333	4428	4325	4228	3908	3619	3337	3072	2809	2627	2443	
29	10538	59.9	60.0	38	1	1	2	1036	1465	2355	3655	5033	6148	6668	6883	6644	6246	5777	5235	4696	4178	3765	3478	3307	3311	3486	3816	4129	4365	4431	4326	4206	3933	3652	3323	3078	2831	2628	2430	
29	10555	60.0	60.0	38	1	1	2	1007	1460	2366	3640	5030	6184	6705	6961	6660	6292	5776	5315	4743	4176	3767	3534	3299	3322	3515	3842	4159	4370	4475	4359	4220	3965	3668	3375	3085	2810	2665	2435	
29	10572	59.9	60.0	38	1	1	2	1024	1453	2387	3670	5088	6137	6677	6890	6662	6250	5811	5260	4718	4208	3810	3464	3293	3296	3501	3793	4137	4398	4444	4383	4216	3941	3666	3359	3088	2823	2633	2424	
29	10589	60.0	60.0	38	1	1	2	1046	1453	2344	3674	5044	6168	6693	6898	6656	6264	5806	5261	4693	4203	3807	3486	3281	3285	3496	3785	4173	4420	4447	4341	4243	3968	3646	3366	3095	2830	2628	2427	
29	10607	59.9	60.0	38	1	1	2	1029	1458	2393	3646	5040	6137	6705	6904	6639	6277	5772	5287	4745	4186	3821	3491	3296	3285	3500	3785	4143	4386	4466	4366	4198	3931	3639	3353	3091	2843	2620	2447	
29	10624	60.0	60.0	38	1	1	2	1038	1465	2382	3652	5020	6157	6672	6890	6656	6276	5770	5256	4708	4172	3788	3473	3280	3277	3512	3790	4158	4342	4465	4338	4220	3924	3672	3308	3078	2836	2620	2442	
29	10688	95.0	95.1	39	1	0	2	933	1161	1629	2287	3017	3622	3979	4190	4093	3991	3730	3448	3157	2849	2686	2565	2494	2594	2816	3071	3330	3526	3593	3495	3388	3216	3013	2819	2641	2466	2250	2135	
29	10706	95.0	95.0	39	1	1	2	934	1161	1616	2276	2974	3601	3977	4108	4053	3906	3691	3427	3131	2907	2670	2537	2470	2588	2791	3062	3338	3488	3520	3482	3401	3212	2977	2782	2605	2421	2246	2142	
29	10766	59.8	60.2	39	1	1	2	1040	1493	2457	3860	5310	6533	7161	7384	7117	6743	6176	5634	5042	4436	4017	3669	3437	3406	3604	3913	4265	4427	4520	4413	4245	3974	3716	3382	3105	2850	2661	2450	
29	10784	59.9	60.0	39	1	1	2	1030	1505	2492	3862	5379	6553	7181	7388	7111	6797	6203	5655	5067	4476	4055	3682	3478	3422	3614	3917	4237	4417	4478	4390	4273	3968	3724	3390	3112	2872	2644	2472	
29	10801	59.9	60.0	39	1	1	2	1051	1506	2482	3904	5394	6599	7250	7476	7140	6790	6248	5663	5085	4497	4044	3709	3482	3450	3669	3915	4264	4474	4528	4433	4282	4014	3712	3389	3157	2868	2667	2476	
29	10818	60.0	60.0	39	1	1	2	1048	1487	2508	3907	5408	6605	7224	7435	7221	6839	6251	5748	5035	4500	4101	3697	3496	3466	3609	3924	4262	4429	4562	4425	4278	3989	3717	3392	3123	2858	2640	2459	
29	10835	59.9	60.0	39	1	1	2	1040	1501	2491	3906	5414	6620	7282	7475	7155	6784	6239	5711	5068	4482	4072	3710	3469	3446	3630	3938	4294	4440	4524	4400	4271	3984	3720	3394	3106	2876	2636	2482	
29	10853	60.0	60.0	39	1	1	2	1046	1507	2530	3904	5399	6577	7286	7395	7208	6753	6257	5687	5074	4424	4055	3706	3456	3449	3624	3938	4245	4447	4529	4419	4236	3957	3708	3371	3095	2854	2650	2456	
29	10870	60.0	60.0	39	1	1	2	1046	1507	2536	3902	5418	6684	7251	7471	7254	6855	6280	5711	5068	4508	4060	3704	3513	3466	3648	3961	4265	4444	4543	4424	4253	3967	3701	3386	3092	2864	2650	2504	
29	10934	95.1	95.1	40	1	0	2	947	1204	1724	2459	3274	3966	4373	4556	4530	4346	4065	3787	3397	3082	2900	2710	2639	2672	2906	3155	3444	3586	3646	3544	3475	3247	3072	2829	2686	2444	2271	2157	
29	10952	95.0	95.0	40	1	1	2	956	1219	1722	2454	3226	4011	4361	4537	4516	4334	4057	3764	3397	3106	2846	2706	2649	2701	2876	3167	3388	3546	3629	3531	3412	3236	3059	2799	2632	2465	2267	2160	
29	11015	60.0	60.1	40	1	1	2	1074	1569	2630	4185	5855	7159	7932	8110	7854	7457	6777	6207	5513	4859	4376	3957	3687	3645	3775	4041	4410	4565	4663	4489	4346	4065	3734	3451	3141	2886	2686	2501	
29	11032	60.0	60.0	40	1	1	2	1061	1557	2658	4195	5902	7308	7920	8125	7895	7466	6832	6256	5498	4872	4450	4003	3720	3643	3833	4101	4398	4580	4622	4502	4370	4127	3743	3424	3184	2896	2695	2490	
29	11049	59.9	60.0	40	1	1	2	1065	1566	2698	4227	5878	7290	7972	8232	7929	7491	6863	6227	5549	4907	4429	3998	3721	3673	3816	4102	4358	4590	4697	4534	4349	4092	3767	3440	3164	2945	2707	2496	
29	11066	60.0	60.0	40	1	1	2	1028	1582	2673	4248	5937	7273	7980	8219	7998	7469	6875	6266	5589	4922	4419	4030	3700	3656	3834	4099	4400	4582	4677	4512	4355	4088	3749	3405	3192	2916	2684	2517	
29	11084	59.9	60.0	40	1	1	2	1070	1578	2659	4232	5904	7316	7965	8172	7925	7543	6888	6269	5539	4898	4444	4035	3717	3682	3811	4111	4397	4574	4660	4487	4354	4080	3766	3421	3219	2910	2678	2501	
29	11101	60.0	60.0	40	1	1	2	1051	1578	2655	4245	5905	7302	8020	8247	7954	7517	6906	6248	5547	4898	4445	3988	3737	3687	3826	4056	4380	4562	4685	4540	4371	4031	3758	3485	3168	2882	2689	2501	
29	11118	59.9	60.0	40	1	1	2	1075	1579	2682	4233	5899	7314	7981	8245	7923	7505	6842	6244	5544	4927	4450	3976	3737	3681	3794	4071	4402	4595	4622	4522	4359	4076	3747	3422	3187	2912	2696	2459	
