Well	Time (1/2 s)	Block Temp	Sample Temp	Repetition	PCR Stage	Extension	Scale	B1	B2	B3	B4	B5	B6	B7	B8	B9	B10	B11	B12	B13	B14	B15	B16	B17	B18	B19	B20	B21	B22	B23	B24	B25	B26	B27	B28	B29	B30	B31	B32
82	104	95.3	95.0	1	0	0	2	942	1081	1396	1865	2387	2861	3176	3228	3240	3162	2991	2812	2625	2438	2275	2201	2212	2317	2514	2845	3113	3242	3341	3266	3175	3026	2813	2603	2463	2276	2181	2031	
82	121	95.0	95.0	1	0	0	2	937	1056	1392	1818	2371	2852	3146	3247	3243	3142	2957	2818	2605	2435	2293	2179	2208	2308	2538	2813	3113	3239	3333	3296	3154	3008	2798	2645	2468	2291	2167	2027	
82	139	95.0	95.0	1	0	0	2	930	1056	1394	1840	2370	2871	3151	3226	3281	3144	2976	2819	2629	2452	2273	2200	2221	2325	2546	2817	3124	3214	3318	3282	3177	3035	2852	2639	2474	2289	2195	2026	
82	156	94.9	95.0	1	0	0	2	945	1074	1385	1820	2353	2850	3137	3241	3203	3134	2994	2794	2586	2404	2282	2201	2201	2300	2543	2828	3133	3244	3335	3294	3178	3024	2817	2621	2465	2294	2177	2036	
82	173	95.0	95.0	1	0	0	2	935	1084	1361	1832	2371	2867	3117	3240	3254	3116	2965	2814	2590	2427	2292	2197	2224	2314	2554	2820	3098	3241	3330	3292	3163	3018	2801	2630	2437	2289	2171	2048	
82	190	95.0	95.0	1	0	0	2	932	1074	1394	1809	2370	2829	3109	3228	3225	3117	2973	2801	2606	2409	2285	2212	2214	2308	2535	2834	3112	3249	3360	3292	3152	3016	2823	2648	2452	2277	2175	2037	
82	208	94.9	95.0	1	0	0	2	938	1070	1385	1826	2360	2825	3130	3232	3276	3126	2949	2799	2607	2425	2295	2200	2216	2308	2551	2811	3124	3254	3356	3288	3179	3008	2845	2645	2479	2304	2157	2037	
82	225	95.0	95.0	1	0	0	2	932	1082	1392	1836	2358	2859	3144	3250	3246	3138	3019	2812	2617	2451	2314	2205	2200	2302	2526	2826	3122	3304	3374	3285	3170	3021	2802	2622	2469	2291	2180	2059	
82	242	95.0	95.0	1	0	0	2	942	1088	1371	1849	2360	2865	3119	3226	3250	3167	2987	2813	2613	2435	2276	2201	2219	2338	2549	2834	3099	3298	3356	3268	3160	3020	2807	2620	2493	2309	2167	2033	
82	259	94.9	95.0	1	0	0	2	928	1065	1382	1826	2366	2869	3138	3221	3254	3135	2979	2833	2606	2417	2296	2201	2248	2327	2559	2838	3123	3262	3349	3291	3197	3004	2829	2654	2466	2306	2171	2017	
82	277	94.9	95.0	1	0	0	2	933	1049	1407	1809	2357	2865	3141	3210	3274	3130	2989	2786	2629	2420	2316	2222	2229	2295	2546	2846	3134	3267	3347	3328	3178	3034	2815	2644	2464	2299	2166	2036	
82	294	94.9	95.0	1	0	0	2	944	1066	1380	1813	2385	2832	3177	3233	3243	3141	2988	2820	2622	2439	2297	2202	2243	2306	2532	2863	3135	3271	3370	3285	3145	3039	2797	2636	2488	2312	2184	2050	
82	311	95.0	95.0	1	0	0	2	939	1076	1373	1832	2350	2836	3151	3258	3233	3169	2984	2812	2639	2437	2259	2215	2199	2314	2564	2858	3135	3265	3360	3275	3213	2997	2826	2637	2481	2303	2187	2037	
82	328	95.0	95.0	1	0	0	2	941	1096	1388	1842	2358	2844	3146	3228	3245	3170	3000	2811	2589	2442	2285	2211	2229	2306	2538	2848	3127	3284	3355	3319	3208	3048	2834	2646	2479	2303	2163	2038	
82	346	95.0	95.0	1	0	0	2	946	1072	1384	1849	2367	2850	3130	3232	3229	3128	3004	2805	2598	2404	2296	2216	2213	2323	2534	2828	3119	3289	3370	3266	3170	3066	2836	2640	2447	2298	2177	2022	
82	363	95.0	95.0	1	0	0	2	934	1079	1376	1829	2371	2817	3092	3221	3254	3139	2990	2821	2622	2450	2292	2198	2222	2325	2537	2837	3130	3261	3383	3306	3145	2998	2825	2644	2468	2291	2180	2013	
82	380	95.0	95.0	1	0	0	2	934	1079	1380	1814	2368	2844	3148	3261	3244	3148	2980	2833	2605	2440	2304	2236	2220	2282	2529	2849	3112	3275	3379	3303	3165	3030	2816	2637	2471	2278	2149	2048	
82	397	95.0	95.0	1	0	0	2	939	1086	1405	1836	2368	2842	3130	3235	3250	3129	2980	2812	2612	2434	2292	2218	2198	2320	2534	2823	3133	3270	3374	3284	3172	3041	2818	2658	2459	2284	2176	2045	
82	415	94.9	95.0	1	0	0	2	948	1089	1370	1841	2387	2832	3123	3232	3242	3152	2990	2815	2598	2425	2294	2185	2222	2306	2547	2810	3115	3289	3339	3329	3159	3044	2804	2645	2470	2280	2164	2041	
82	432	94.9	95.0	1	0	0	2	936	1070	1386	1832	2384	2844	3184	3263	3296	3137	3018	2855	2624	2463	2327	2243	2198	2313	2570	2828	3123	3303	3325	3300	3168	3048	2813	2636	2460	2298	2193	2036	
82	449	95.0	95.0	1	0	0	2	933	1072	1389	1828	2377	2825	3133	3197	3241	3137	3028	2856	2627	2441	2302	2224	2187	2315	2515	2849	3105	3256	3365	3303	3164	2992	2817	2629	2470	2306	2147	2028	
82	466	94.9	95.0	1	0	0	2	936	1081	1382	1835	2413	2860	3167	3227	3253	3149	2990	2854	2634	2436	2294	2195	2198	2309	2520	2860	3124	3260	3384	3294	3157	3028	2847	2643	2491	2288	2151	2041	
82	484	94.9	95.0	1	0	0	2	939	1077	1384	1810	2361	2863	3145	3229	3251	3154	2983	2804	2616	2450	2304	2207	2234	2327	2553	2844	3171	3271	3352	3293	3163	3039	2801	2634	2456	2303	2186	2022	
82	501	94.9	95.0	1	0	0	2	967	1067	1380	1839	2387	2859	3139	3301	3258	3164	3018	2835	2658	2436	2293	2192	2236	2336	2543	2826	3140	3293	3384	3337	3164	3030	2815	2639	2469	2308	2198	2048	
82	518	95.0	95.0	1	0	0	2	933	1089	1380	1832	2398	2868	3182	3256	3276	3199	3024	2848	2654	2486	2326	2240	2230	2313	2557	2868	3130	3252	3397	3303	3192	3039	2832	2649	2471	2313	2177	2019	
82	535	95.0	95.0	1	0	0	2	929	1078	1376	1829	2403	2862	3143	3252	3276	3172	3009	2819	2651	2463	2324	2190	2227	2316	2528	2836	3117	3267	3370	3289	3160	3034	2804	2633	2473	2300	2166	2040	
82	553	94.9	95.0	1	0	0	2	927	1072	1375	1816	2390	2863	3171	3263	3249	3165	3004	2838	2614	2424	2335	2182	2218	2319	2556	2807	3110	3261	3381	3286	3173	3038	2812	2651	2470	2301	2196	2030	
82	570	95.0	95.0	1	0	0	2	943	1080	1381	1821	2381	2887	3171	3264	3282	3163	3015	2833	2626	2457	2322	2227	2222	2314	2506	2819	3114	3261	3358	3306	3170	3024	2837	2633	2461	2310	2170	2055	
82	587	94.9	95.0	1	0	0	2	892	1090	1392	1836	2373	2889	3168	3280	3275	3203	2997	2822	2644	2462	2324	2212	2263	2322	2532	2848	3089	3282	3365	3284	3160	3029	2825	2628	2451	2310	2172	2044	
82	604	95.0	95.0	1	0	0	2	931	1072	1375	1814	2389	2876	3188	3283	3246	3177	3044	2860	2626	2431	2304	2217	2204	2332	2532	2848	3131	3277	3346	3270	3171	3007	2801	2587	2441	2312	2166	2051	
82	622	95.0	95.0	1	0	0	2	939	1108	1353	1836	2398	2902	3176	3271	3332	3217	3020	2856	2637	2459	2310	2237	2241	2327	2533	2828	3124	3284	3328	3327	3204	3023	2847	2620	2465	2306	2155	2055	
82	639	95.0	95.0	1	0	0	2	970	1064	1379	1825	2395	2863	3176	3254	3274	3177	3008	2872	2629	2473	2328	2202	2210	2309	2560	2811	3089	3249	3333	3265	3169	3036	2818	2625	2472	2308	2173	2037	
82	656	94.9	95.0	1	0	0	2	943	1059	1408	1849	2435	2871	3144	3283	3281	3182	3016	2842	2660	2438	2324	2224	2255	2349	2549	2807	3108	3278	3346	3284	3185	3036	2813	2657	2464	2310	2188	2034	
82	673	95.0	95.0	1	0	0	2	935	1083	1386	1836	2390	2868	3149	3286	3283	3212	3043	2813	2647	2452	2314	2221	2198	2331	2536	2806	3115	3251	3362	3265	3159	3010	2795	2636	2483	2292	2182	2027	
82	691	95.0	95.0	1	0	0	2	937	1064	1397	1848	2372	2845	3140	3275	3259	3243	3031	2881	2657	2438	2323	2193	2248	2320	2514	2802	3098	3260	3324	3310	3144	3009	2824	2614	2443	2289	2167	2040	
82	708	95.0	95.0	1	0	0	2	935	1063	1388	1822	2384	2904	3179	3293	3304	3173	3037	2834	2655	2470	2311	2219	2222	2317	2542	2842	3139	3266	3322	3262	3172	3050	2835	2594	2466	2277	2202	2022	
82	725	94.9	95.0	1	0	0	2	941	1092	1391	1821	2396	2873	3163	3277	3279	3215	3024	2860	2613	2477	2301	2236	2228	2308	2526	2815	3096	3250	3298	3319	3167	3031	2815	2618	2466	2293	2163	2019	
82	742	95.0	95.0	1	0	0	2	936	1086	1370	1798	2387	2876	3182	3277	3310	3212	3027	2868	2632	2467	2346	2230	2241	2366	2550	2840	3160	3259	3337	3271	3140	3015	2806	2626	2504	2293	2195	2022	
82	760	95.0	95.0	1	0	0	2	947	1054	1364	1860	2379	2889	3177	3320	3304	3166	3036	2848	2617	2445	2342	2241	2232	2339	2521	2838	3131	3279	3356	3296	3155	3036	2828	2628	2463	2301	2176	2057	
82	777	95.0	95.0	1	0	0	2	937	1076	1388	1844	2382	2902	3161	3287	3316	3201	3042	2865	2672	2463	2350	2242	2239	2308	2576	2803	3106	3296	3352	3269	3153	3010	2811	2644	2483	2283	2194	2049	
82	794	95.0	95.0	1	0	0	2	958	1053	1384	1837	2388	2867	3179	3290	3303	3214	3071	2861	2660	2457	2325	2240	2213	2339	2556	2847	3110	3279	3382	3294	3159	3014	2833	2637	2497	2288	2162	2045	
82	811	94.9	95.0	1	0	0	2	931	1068	1403	1838	2387	2897	3193	3304	3326	3204	3011	2878	2657	2484	2329	2244	2265	2349	2559	2832	3122	3248	3313	3301	3156	3004	2864	2620	2447	2279	2215	2032	
82	829	95.0	95.0	1	0	0	2	944	1081	1376	1874	2405	2902	3199	3315	3314	3182	3057	2865	2650	2485	2286	2236	2253	2322	2540	2830	3109	3272	3348	3302	3162	3036	2854	2613	2448	2311	2177	2042	
82	846	94.9	95.0	1	0	0	2	930	1087	1397	1856	2416	2900	3215	3329	3322	3226	3043	2905	2668	2465	2317	2182	2237	2335	2544	2832	3125	3252	3376	3296	3183	3039	2840	2633	2476	2302	2167	2039	
82	863	95.0	95.0	1	0	0	2	933	1072	1414	1854	2398	2889	3169	3301	3328	3194	3013	2852	2653	2482	2332	2228	2223	2324	2533	2824	3133	3283	3364	3262	3180	3014	2833	2617	2472	2290	2220	2028	
82	880	95.0	95.0	1	0	0	2	950	1071	1395	1834	2392	2908	3180	3314	3299	3235	3072	2888	2646	2477	2328	2242	2252	2320	2540	2834	3121	3275	3348	3272	3175	3025	2813	2639	2465	2285	2186	2017	
82	898	95.0	95.0	1	0	0	2	954	1080	1393	1827	2392	2876	3164	3327	3290	3206	3049	2862	2656	2472	2335	2225	2251	2334	2555	2817	3123	3255	3323	3300	3153	2991	2796	2656	2468	2282	2183	2025	
82	915	95.0	95.0	1	0	0	2	947	1073	1398	1846	2408	2907	3201	3315	3320	3204	3048	2867	2665	2485	2328	2234	2234	2322	2589	2822	3143	3260	3349	3279	3163	2998	2793	2599	2479	2335	2184	2048	
82	932	94.9	95.0	1	0	0	2	947	1071	1407	1861	2398	2879	3169	3306	3353	3214	3083	2858	2650	2531	2348	2232	2219	2314	2552	2816	3121	3234	3354	3281	3150	3011	2823	2624	2468	2316	2170	2050	
82	949	95.0	95.0	1	0	0	2	930	1080	1397	1857	2419	2888	3207	3312	3314	3210	3082	2864	2687	2516	2313	2247	2235	2336	2549	2857	3096	3256	3372	3280	3141	3012	2799	2633	2452	2334	2185	2053	
82	967	95.0	95.0	1	0	0	2	936	1086	1379	1848	2411	2924	3196	3314	3329	3210	3054	2887	2681	2491	2348	2238	2238	2328	2552	2826	3139	3299	3332	3284	3196	2984	2809	2645	2433	2263	2172	2026	
82	984	95.0	95.0	1	0	0	2	945	1082	1396	1852	2433	2850	3222	3310	3344	3237	3066	2893	2667	2432	2336	2244	2281	2346	2571	2845	3132	3237	3374	3278	3160	3046	2810	2646	2473	2302	2176	2023	
82	1001	95.0	95.0	1	0	0	2	932	1097	1382	1832	2410	2914	3178	3314	3296	3253	3058	2868	2676	2489	2339	2242	2282	2322	2550	2793	3102	3283	3350	3268	3158	3015	2813	2614	2457	2274	2169	2044	
82	1018	94.9	95.0	1	0	0	2	951	1084	1381	1863	2418	2901	3214	3326	3310	3238	3073	2866	2672	2481	2340	2211	2253	2376	2568	2838	3100	3263	3328	3315	3161	3010	2832	2564	2449	2299	2170	2052	
82	1036	94.9	95.0	1	0	0	2	945	1073	1394	1824	2396	2897	3197	3305	3321	3232	3059	2881	2676	2437	2340	2256	2254	2340	2571	2840	3096	3275	3351	3282	3161	2988	2813	2626	2471	2283	2170	2016	
82	1053	95.0	95.0	1	0	0	2	943	1077	1384	1835	2439	2921	3204	3314	3327	3203	3066	2901	2663	2487	2353	2261	2248	2347	2563	2840	3132	3264	3332	3262	3164	3004	2791	2644	2484	2328	2177	2007	
82	1070	95.0	95.0	1	0	0	2	918	1053	1402	1845	2428	2904	3161	3308	3321	3222	3072	2875	2712	2491	2333	2229	2252	2334	2526	2829	3092	3258	3348	3280	3143	3031	2783	2642	2461	2302	2186	2061	
82	1087	95.0	95.0	1	0	0	2	944	1074	1423	1844	2408	2900	3208	3308	3332	3255	3079	2877	2671	2479	2353	2221	2235	2337	2534	2805	3116	3231	3344	3275	3152	2989	2813	2626	2465	2308	2197	2033	
82	1105	95.0	95.0	1	0	0	2	952	1078	1407	1846	2429	2908	3189	3340	3330	3224	3080	2892	2666	2492	2352	2267	2257	2325	2565	2810	3130	3261	3344	3307	3175	3029	2829	2637	2446	2289	2181	2012	
82	1122	94.9	95.0	1	0	0	2	938	1078	1388	1844	2441	2907	3207	3354	3323	3232	3064	2898	2685	2481	2335	2263	2257	2336	2560	2837	3162	3247	3390	3282	3151	2998	2798	2643	2449	2279	2164	2039	
82	1139	95.0	95.0	1	0	0	2	934	1093	1403	1856	2424	2898	3223	3355	3324	3206	3051	2918	2704	2510	2339	2258	2252	2315	2534	2826	3123	3239	3349	3259	3099	2999	2775	2601	2453	2291	2185	2027	
82	1156	95.0	95.0	1	0	0	2	928	1082	1395	1885	2399	2891	3205	3316	3313	3238	3057	2917	2679	2484	2327	2269	2232	2354	2550	2779	3104	3263	3326	3293	3172	2985	2835	2621	2472	2284	2180	2027	
82	1174	95.0	95.0	1	0	0	2	936	1080	1383	1872	2386	2879	3193	3324	3328	3257	3072	2881	2675	2515	2344	2236	2226	2322	2530	2873	3128	3266	3328	3293	3127	2994	2814	2632	2472	2302	2155	2018	
82	1191	94.9	95.0	1	0	0	2	947	1072	1404	1874	2395	2932	3217	3338	3343	3260	3090	2863	2682	2479	2357	2256	2250	2311	2577	2857	3144	3262	3369	3242	3140	2993	2811	2619	2456	2286	2166	2028	
82	1208	94.9	95.0	1	0	0	2	944	1082	1399	1858	2396	2941	3223	3339	3378	3243	3090	2886	2677	2492	2344	2258	2269	2348	2552	2844	3119	3290	3347	3315	3143	3030	2801	2624	2399	2285	2201	2026	
82	1225	95.0	95.0	1	0	0	2	939	1090	1395	1838	2417	2902	3209	3321	3354	3235	3092	2904	2715	2488	2334	2247	2251	2336	2546	2819	3130	3255	3349	3267	3158	3011	2845	2637	2449	2281	2162	2003	
82	1243	95.0	95.0	1	0	0	2	954	1065	1396	1840	2412	2913	3235	3361	3340	3242	3079	2923	2681	2506	2356	2262	2253	2327	2556	2823	3118	3251	3361	3254	3181	3027	2809	2616	2456	2300	2174	2027	
82	1260	95.0	95.0	1	0	0	2	943	1080	1392	1878	2435	2913	3194	3335	3307	3208	3088	2892	2698	2526	2350	2250	2265	2358	2516	2795	3100	3297	3316	3317	3164	2971	2779	2624	2473	2304	2161	2038	
82	1277	94.9	95.0	1	0	0	2	939	1069	1405	1857	2453	2952	3211	3311	3356	3242	3071	2904	2708	2517	2364	2245	2254	2365	2536	2841	3107	3284	3340	3294	3152	3005	2794	2620	2438	2312	2156	2044	
82	1294	95.0	95.0	1	0	0	2	938	1084	1383	1859	2435	2912	3211	3317	3368	3230	3084	2912	2708	2526	2359	2229	2263	2334	2561	2846	3066	3264	3364	3297	3161	3000	2790	2621	2480	2289	2152	2030	
82	1323	94.9	95.0	1	1	0	2	936	1083	1408	1851	2418	2938	3212	3345	3354	3268	3072	2902	2694	2507	2336	2241	2236	2336	2571	2802	3122	3250	3350	3270	3161	3001	2805	2622	2459	2307	2168	2047	
82	1387	59.7	60.2	1	1	1	2	1036	1304	1935	2862	4003	4964	5404	5495	5434	5162	4815	4468	3987	3639	3280	3032	2947	2958	3119	3456	3846	3993	4138	4041	3869	3653	3336	3106	2869	2662	2471	2308	
82	1404	59.9	60.0	1	1	1	2	1028	1301	1953	2829	3973	4846	5329	5483	5394	5097	4718	4403	3959	3576	3269	3000	2923	2951	3165	3474	3831	4046	4119	3997	3871	3689	3379	3105	2838	2641	2485	2310	
82	1422	59.9	60.0	1	1	1	2	1031	1313	1998	2904	4016	4946	5413	5524	5431	5170	4774	4394	4000	3629	3268	3030	2921	2930	3152	3452	3838	3990	4087	4044	3852	3676	3377	3095	2871	2642	2468	2298	
82	1439	59.9	60.0	1	1	1	2	1025	1313	1946	2861	3996	4944	5444	5551	5432	5149	4785	4412	3974	3625	3310	3040	2951	2905	3127	3490	3843	4057	4104	4083	3881	3649	3388	3087	2894	2669	2469	2311	
82	1456	60.0	60.0	1	1	1	2	1030	1303	1933	2854	4026	4859	5435	5514	5420	5104	4748	4383	3987	3585	3292	3033	2938	2929	3129	3477	3844	3999	4105	4021	3854	3661	3361	3070	2843	2622	2476	2294	
82	1473	60.0	60.0	1	1	1	2	1032	1312	1970	2866	3998	4955	5430	5497	5430	5166	4822	4386	3983	3624	3310	3037	2945	2928	3176	3478	3824	4025	4131	4027	3869	3638	3355	3090	2880	2608	2461	2312	
82	1491	59.9	60.0	1	1	1	2	1054	1306	1974	2872	3980	4914	5414	5567	5445	5117	4785	4388	4014	3625	3309	3036	2937	2937	3150	3466	3827	4022	4122	4030	3836	3632	3375	3103	2853	2615	2460	2285	
82	1553	95.4	94.9	2	1	0	2	942	1092	1422	1898	2493	3023	3354	3442	3480	3345	3176	2993	2749	2562	2442	2295	2269	2345	2557	2850	3091	3234	3325	3260	3130	2993	2802	2619	2449	2272	2157	2011	
82	1570	95.0	95.0	2	1	0	2	935	1088	1439	1871	2478	2998	3297	3414	3413	3332	3161	2966	2755	2579	2406	2277	2259	2400	2545	2784	3085	3216	3309	3216	3109	2946	2777	2584	2463	2272	2141	2002	
82	1631	59.7	60.3	2	1	1	2	1024	1313	1951	2884	4013	4943	5442	5598	5510	5281	4803	4472	4054	3617	3340	3047	2918	2942	3155	3462	3803	3978	4075	3991	3817	3648	3302	3100	2849	2616	2464	2261	
82	1648	60.0	60.0	2	1	1	2	1037	1319	1943	2904	4050	4971	5506	5588	5503	5220	4856	4483	4057	3693	3372	3084	2931	2951	3153	3468	3823	3989	4136	4035	3856	3650	3305	3034	2833	2618	2435	2276	
82	1666	59.9	60.0	2	1	1	2	1034	1319	1962	2916	4012	4955	5429	5612	5489	5193	4846	4437	4006	3616	3277	3038	2862	2928	3096	3464	3760	3982	4065	3971	3811	3604	3305	3068	2814	2595	2455	2259	
82	1683	60.0	60.0	2	1	1	2	1031	1322	1955	2867	3959	4913	5472	5612	5442	5199	4791	4382	4015	3651	3284	3084	2919	2941	3098	3444	3828	3962	4062	4012	3835	3610	3321	3075	2815	2605	2447	2266	
82	1700	59.9	60.0	2	1	1	2	1044	1305	1971	2907	4004	5027	5499	5637	5504	5208	4835	4494	4036	3679	3326	3045	2935	2962	3129	3498	3790	3991	4128	4019	3854	3642	3341	3070	2842	2592	2477	2295	
82	1717	60.0	60.0	2	1	1	2	1030	1311	1950	2934	4036	4968	5489	5597	5517	5240	4859	4475	4047	3683	3355	3047	2938	2971	3142	3446	3810	3990	4095	4052	3822	3613	3339	3063	2834	2604	2463	2291	
82	1735	60.0	60.0	2	1	1	2	1029	1312	1957	2880	3986	4930	5475	5602	5479	5155	4827	4437	4040	3615	3303	3047	2956	2932	3104	3442	3826	3991	4086	3982	3823	3612	3341	3058	2827	2606	2463	2272	
82	1797	95.2	95.0	3	1	0	2	938	1082	1399	1908	2453	3011	3300	3499	3449	3333	3176	2974	2724	2570	2405	2295	2279	2340	2555	2800	3102	3254	3352	3248	3128	3012	2765	2576	2431	2232	2153	2005	
82	1814	95.0	95.0	3	1	0	2	943	1079	1378	1881	2462	2926	3268	3392	3427	3322	3131	2943	2769	2545	2370	2270	2255	2357	2503	2796	3084	3219	3258	3230	3098	2985	2788	2557	2419	2262	2126	2013	
82	1875	59.7	60.3	3	1	1	2	1031	1308	1951	2896	4054	5005	5533	5616	5588	5240	4856	4432	4040	3659	3315	3079	2943	2954	3137	3454	3815	3983	4121	4032	3816	3601	3346	3095	2840	2623	2448	2269	
82	1893	59.9	60.0	3	1	1	2	1028	1312	1947	2903	4019	4975	5439	5582	5566	5227	4799	4460	4073	3656	3309	3073	2968	2933	3128	3470	3804	3979	4074	3993	3803	3620	3356	3097	2832	2632	2442	2273	
82	1910	60.0	60.0	3	1	1	2	1034	1313	1956	2888	4013	4983	5501	5605	5489	5202	4819	4451	4052	3642	3328	3086	2927	2941	3164	3447	3757	3948	4058	4006	3856	3632	3313	3039	2810	2622	2442	2273	
82	1927	59.9	60.0	3	1	1	2	1031	1324	1991	2898	4062	4999	5520	5650	5567	5242	4878	4453	4077	3659	3342	3102	2954	2938	3164	3450	3815	3984	4111	3997	3827	3595	3348	3063	2836	2610	2461	2282	
82	1944	59.9	60.0	3	1	1	2	1028	1322	1960	2902	4054	5007	5540	5619	5585	5251	4914	4539	4114	3684	3352	3081	2962	2976	3143	3483	3832	4055	4089	4016	3828	3624	3331	3042	2846	2628	2441	2287	
82	1962	60.0	60.0	3	1	1	2	1013	1314	1973	2961	4063	5055	5527	5647	5592	5262	4912	4492	4039	3693	3327	3083	2933	2947	3163	3456	3798	3990	4096	4011	3820	3621	3294	3086	2814	2618	2423	2260	
82	1979	59.9	60.0	3	1	1	2	1025	1309	1959	2883	3995	5025	5506	5616	5539	5254	4853	4453	4046	3657	3384	3090	2952	2942	3149	3447	3818	3963	4077	3970	3836	3602	3318	3040	2853	2598	2443	2280	
82	2043	95.3	95.0	4	1	0	2	945	1080	1412	1895	2487	3009	3353	3438	3466	3359	3217	2986	2718	2557	2426	2289	2278	2376	2534	2796	3113	3216	3279	3247	3105	2976	2749	2581	2464	2270	2160	2014	
82	2061	95.0	95.0	4	1	0	2	936	1079	1397	1893	2460	2979	3249	3407	3416	3305	3158	2968	2741	2565	2381	2283	2266	2340	2497	2816	3081	3187	3261	3278	3067	2931	2755	2584	2412	2259	2133	2004	
82	2123	59.6	60.2	4	1	1	2	1050	1288	1974	2895	4034	4988	5542	5634	5494	5277	4846	4458	4083	3682	3301	3074	2971	2979	3146	3447	3825	3975	4069	3994	3833	3597	3304	3038	2823	2599	2446	2286	
82	2141	60.0	60.0	4	1	1	2	1030	1320	1981	2905	4055	5031	5509	5682	5580	5272	4915	4476	4084	3710	3323	3063	2939	2974	3161	3464	3810	3973	4088	3965	3795	3586	3318	3041	2864	2615	2434	2284	
82	2158	59.9	60.0	4	1	1	2	1021	1314	1940	2939	4031	5028	5565	5622	5557	5238	4879	4469	4056	3672	3336	3072	2936	2963	3123	3476	3785	3960	4081	4003	3804	3608	3336	3058	2840	2590	2438	2259	
82	2175	59.9	60.0	4	1	1	2	1042	1294	1977	2938	4046	5015	5540	5683	5516	5298	4897	4520	4060	3706	3379	3101	2957	2974	3134	3460	3841	3985	4110	4019	3821	3614	3342	3046	2839	2617	2454	2282	
82	2192	60.0	60.0	4	1	1	2	1038	1313	1981	2919	4070	5041	5523	5672	5607	5262	4894	4504	4083	3692	3379	3096	2946	2972	3167	3459	3796	3979	4110	4029	3825	3652	3348	3061	2807	2608	2460	2272	
82	2210	60.0	60.0	4	1	1	2	1024	1326	2009	2958	4102	5016	5535	5677	5572	5326	4902	4539	4062	3730	3379	3126	2986	2978	3161	3487	3866	3967	4123	4029	3821	3655	3339	3060	2855	2617	2473	2261	
82	2227	60.0	60.0	4	1	1	2	1041	1309	1955	2908	4043	5023	5513	5681	5592	5289	4908	4488	4090	3645	3361	3099	2968	2934	3147	3450	3775	3963	4056	4012	3794	3570	3324	3083	2814	2601	2425	2261	
82	2289	95.4	94.9	5	1	0	2	933	1096	1435	1900	2482	3002	3354	3456	3485	3406	3204	3037	2777	2599	2403	2308	2276	2357	2514	2819	3066	3232	3291	3220	3110	2970	2773	2575	2457	2269	2125	2008	
82	2307	95.0	95.0	5	1	0	2	932	1088	1400	1862	2439	2972	3271	3406	3479	3318	3152	2977	2758	2549	2367	2269	2260	2326	2524	2810	3062	3188	3260	3192	3073	2939	2740	2576	2394	2249	2125	1998	
82	2370	59.7	60.1	5	1	1	2	1024	1321	1952	2924	4071	5009	5527	5691	5574	5255	4902	4504	4068	3668	3312	3070	2960	2985	3165	3453	3797	3973	4012	4002	3817	3594	3255	3071	2827	2584	2435	2268	
82	2387	60.0	60.0	5	1	1	2	1036	1299	1944	2916	3988	5012	5505	5616	5522	5279	4857	4509	4052	3660	3350	3085	2902	2943	3109	3447	3821	3965	4065	4003	3772	3627	3293	3070	2828	2629	2443	2256	
82	2404	60.0	60.0	5	1	1	2	1026	1310	2010	2932	4065	5036	5564	5707	5572	5301	4915	4537	4089	3699	3353	3069	2941	2994	3094	3523	3806	3944	4122	4025	3844	3628	3314	3055	2834	2619	2418	2286	
82	2421	60.0	60.0	5	1	1	2	1025	1295	1960	2928	4093	5031	5544	5663	5557	5233	4907	4542	4111	3687	3381	3086	2938	2954	3151	3480	3804	3976	4095	3967	3806	3638	3346	3059	2856	2612	2428	2263	
82	2439	60.0	60.0	5	1	1	2	1024	1328	1955	2945	4076	5035	5573	5661	5569	5367	4890	4536	4107	3701	3369	3084	2937	2959	3127	3485	3824	3993	4053	3969	3846	3615	3315	3005	2821	2600	2441	2269	
82	2456	59.9	60.0	5	1	1	2	1029	1327	1956	2898	4028	4988	5452	5666	5546	5265	4896	4463	4033	3683	3341	3062	2933	2974	3141	3445	3786	3984	4072	3998	3788	3583	3288	3062	2797	2620	2436	2280	
82	2473	60.0	60.0	5	1	1	2	1044	1322	1966	2895	4015	4979	5479	5619	5535	5206	4823	4434	4020	3676	3356	3057	2952	2941	3112	3408	3796	3948	4060	3966	3775	3607	3304	3036	2814	2609	2449	2264	
82	2538	95.1	95.1	6	1	0	2	939	1105	1417	1898	2498	3007	3355	3479	3488	3370	3201	3002	2814	2583	2415	2308	2283	2342	2557	2823	3077	3200	3274	3212	3101	2938	2759	2571	2428	2239	2132	2003	
82	2555	95.0	95.0	6	1	0	2	938	1080	1406	1816	2468	2990	3325	3405	3448	3354	3154	2964	2772	2560	2378	2291	2242	2344	2523	2807	3052	3234	3236	3202	3096	2955	2746	2590	2393	2236	2125	1978	
82	2617	59.7	60.3	6	1	1	2	1024	1313	1976	2925	4034	4993	5520	5612	5524	5260	4872	4486	4031	3651	3337	3092	2972	2967	3148	3461	3808	3986	4075	3990	3796	3574	3313	3074	2854	2589	2422	2272	
82	2635	60.0	60.0	6	1	1	2	1007	1309	1980	2918	4018	4985	5513	5642	5521	5270	4850	4504	4045	3684	3349	3092	2958	2933	3122	3455	3791	3956	4016	3978	3763	3610	3340	3082	2837	2592	2453	2304	
82	2652	60.0	60.0	6	1	1	2	1032	1318	1966	2899	4016	5001	5536	5673	5567	5241	4926	4477	4056	3675	3374	3081	2925	2921	3130	3447	3738	3940	4054	3961	3797	3586	3311	3039	2821	2594	2442	2245	
82	2669	60.0	60.0	6	1	1	2	1021	1334	1957	2915	4064	5071	5583	5739	5631	5324	4945	4520	4101	3700	3425	3124	2965	2963	3152	3462	3773	3990	4034	3999	3791	3607	3305	3059	2837	2607	2454	2274	
82	2686	59.9	60.0	6	1	1	2	1023	1339	1991	2941	4081	5062	5572	5687	5566	5291	4915	4487	4089	3693	3367	3092	2942	2980	3141	3465	3845	3983	4076	3966	3787	3589	3295	3063	2820	2593	2464	2249	
82	2704	59.9	60.0	6	1	1	2	1030	1316	1974	2907	4070	4999	5541	5696	5570	5309	4895	4528	4105	3698	3357	3103	2952	2970	3105	3439	3796	3950	4056	3987	3835	3617	3327	3061	2823	2602	2425	2269	
82	2721	59.9	60.0	6	1	1	2	1007	1335	1978	2916	4014	5005	5506	5646	5560	5245	4862	4472	4065	3682	3310	3065	2954	2950	3127	3435	3775	3924	4060	3983	3796	3589	3307	3037	2834	2575	2426	2233	
82	2786	95.0	95.1	7	1	0	2	933	1072	1426	1897	2467	3021	3294	3493	3469	3373	3208	3036	2761	2582	2424	2295	2299	2362	2548	2807	3069	3184	3275	3203	3081	2938	2766	2582	2419	2238	2136	1994	
82	2803	95.0	95.0	7	1	0	2	943	1085	1398	1902	2464	3004	3301	3468	3462	3331	3164	3006	2755	2572	2421	2284	2267	2332	2538	2773	3066	3147	3240	3188	3078	2926	2725	2539	2408	2238	2131	1976	
82	2866	59.8	60.1	7	1	1	2	1022	1320	1961	2881	4028	5023	5491	5651	5568	5252	4915	4491	4101	3665	3352	3066	2964	2924	3103	3460	3853	3969	4074	3982	3808	3605	3263	3041	2792	2560	2429	2262	
82	2883	59.9	60.0	7	1	1	2	1014	1303	1987	2901	4032	5006	5543	5665	5565	5255	4887	4512	4069	3712	3358	3096	2968	2948	3135	3443	3792	3949	4047	3978	3783	3576	3271	3044	2798	2601	2416	2256	
82	2900	59.9	60.0	7	1	1	2	1010	1321	1976	2887	4029	5011	5544	5683	5566	5292	4900	4541	4096	3708	3319	3104	2954	3002	3152	3452	3780	3961	4068	3956	3797	3612	3298	3048	2810	2582	2428	2248	
82	2917	60.0	60.0	7	1	1	2	1028	1300	1968	2930	4039	5023	5536	5666	5578	5296	4922	4533	4100	3694	3349	3110	2960	2925	3144	3432	3799	3954	4066	3972	3780	3575	3300	3034	2827	2597	2417	2259	
82	2935	60.0	60.0	7	1	1	2	1027	1316	1961	2904	4041	5038	5552	5670	5598	5279	4928	4545	4079	3704	3338	3091	2969	2932	3138	3466	3790	3932	4060	3945	3793	3573	3314	3035	2794	2575	2442	2272	
82	2952	60.0	60.0	7	1	1	2	1024	1318	1964	2902	4033	5028	5530	5690	5585	5267	4886	4479	4073	3654	3376	3099	2930	2972	3155	3450	3757	3952	4022	3999	3783	3583	3333	3037	2843	2561	2423	2266	
82	2969	60.0	60.0	7	1	1	2	1017	1317	1981	2907	4041	4984	5536	5656	5494	5264	4900	4523	4071	3655	3350	3086	2957	2937	3135	3424	3801	3937	4032	3938	3786	3573	3277	3016	2809	2582	2411	2229	
82	3034	95.3	95.0	8	1	0	2	926	1104	1406	1890	2488	3016	3295	3457	3486	3364	3189	3002	2768	2589	2403	2301	2302	2356	2505	2799	3033	3167	3228	3217	3077	2923	2695	2535	2395	2234	2108	1976	
82	3051	95.0	95.0	8	1	0	2	933	1099	1422	1883	2436	3023	3323	3464	3446	3366	3195	3015	2758	2586	2402	2296	2263	2341	2518	2790	3028	3174	3218	3171	3040	2922	2753	2544	2385	2240	2083	1984	
82	3114	59.7	60.2	8	1	1	2	1017	1297	1938	2892	4034	4995	5529	5649	5537	5320	4892	4484	4084	3698	3361	3121	2979	2924	3122	3451	3785	3895	4071	3926	3770	3562	3242	3036	2779	2582	2421	2243	
82	3131	59.9	60.0	8	1	1	2	1020	1296	1964	2869	3994	4959	5524	5694	5523	5267	4883	4481	4078	3651	3337	3070	2931	2920	3139	3425	3767	3928	4039	3938	3756	3582	3243	3033	2759	2553	2395	2246	
82	3148	60.0	60.0	8	1	1	2	1017	1299	1973	2910	4044	5060	5560	5735	5591	5324	4989	4508	4083	3751	3395	3113	2968	2945	3130	3458	3784	3943	4029	3966	3792	3573	3241	3038	2827	2604	2416	2277	
82	3165	59.9	60.0	8	1	1	2	1044	1317	1993	2908	4049	5063	5604	5706	5608	5367	4924	4562	4114	3707	3378	3100	2959	2983	3165	3456	3806	3948	4052	3961	3806	3597	3355	3068	2805	2598	2434	2261	
82	3183	60.0	60.0	8	1	1	2	1041	1307	1977	2936	4084	5019	5591	5663	5582	5286	4918	4552	4121	3706	3387	3099	2942	2937	3150	3455	3765	3896	4043	3971	3792	3571	3301	3017	2816	2584	2426	2245	
82	3200	60.0	60.0	8	1	1	2	1035	1302	1983	2866	4050	5006	5506	5675	5574	5253	4900	4546	4065	3674	3329	3074	2991	2945	3125	3436	3790	3903	4019	3925	3765	3528	3285	3004	2763	2553	2433	2221	
82	3217	59.9	60.0	8	1	1	2	1011	1296	1962	2886	4055	5010	5492	5646	5538	5235	4885	4462	4072	3689	3356	3094	2954	2914	3112	3410	3772	3905	4004	3913	3756	3568	3276	3009	2778	2547	2397	2231	
82	3280	95.2	95.0	9	1	0	2	925	1088	1407	1902	2480	3021	3379	3463	3515	3397	3256	3021	2801	2603	2439	2299	2282	2363	2555	2758	3049	3191	3241	3152	3061	2941	2744	2551	2412	2226	2094	1978	
82	3297	95.0	95.0	9	1	0	2	916	1086	1424	1873	2482	2987	3293	3448	3440	3357	3173	2977	2771	2561	2388	2305	2273	2339	2493	2760	3016	3132	3214	3180	3011	2896	2706	2550	2381	2223	2107	1985	
82	3360	59.8	60.2	9	1	1	2	1011	1304	1973	2869	3996	4981	5490	5670	5591	5270	4901	4491	4074	3683	3326	3086	2945	2922	3146	3428	3732	3920	4017	3913	3745	3580	3248	3000	2800	2582	2403	2242	
82	3377	59.9	60.0	9	1	1	2	1033	1323	1973	2904	3958	5031	5524	5645	5541	5302	4887	4482	4083	3686	3325	3062	2923	2983	3149	3436	3762	3913	4047	3935	3745	3557	3249	3007	2764	2584	2391	2243	
82	3394	60.0	60.0	9	1	1	2	1033	1298	1999	2893	4027	5024	5551	5669	5597	5292	4929	4499	4100	3687	3338	3073	2926	2922	3111	3400	3766	3887	4024	3888	3708	3548	3287	3047	2794	2602	2408	2235	
82	3412	60.0	60.0	9	1	1	2	1023	1309	1970	2900	4027	5020	5538	5677	5620	5346	4919	4547	4114	3701	3354	3090	2971	2952	3148	3438	3748	3911	4024	3929	3756	3541	3256	3009	2779	2585	2395	2253	
82	3429	60.0	60.0	9	1	1	2	1024	1312	1943	2927	4046	5044	5509	5709	5614	5286	4929	4500	4066	3691	3371	3128	2979	2940	3120	3424	3760	3922	4026	3910	3724	3553	3261	3008	2779	2518	2408	2232	
82	3446	60.0	60.0	9	1	1	2	1022	1317	1963	2902	4065	5042	5537	5666	5598	5307	4936	4519	4086	3694	3384	3125	2942	2968	3120	3400	3772	3893	3991	3897	3748	3547	3269	3024	2778	2559	2391	2229	
82	3463	60.0	60.0	9	1	1	2	1027	1311	1980	2932	4049	5005	5541	5647	5558	5303	4905	4479	4086	3676	3353	3083	2956	2925	3147	3376	3767	3884	3977	3928	3729	3521	3251	2998	2792	2542	2418	2245	
82	3528	95.3	95.0	10	1	0	2	933	1084	1411	1910	2494	3027	3336	3509	3510	3413	3236	3034	2793	2616	2448	2300	2280	2351	2546	2788	3029	3168	3224	3153	3034	2878	2721	2544	2389	2216	2094	1977	
82	3545	95.0	95.0	10	1	0	2	936	1074	1414	1881	2473	3025	3324	3466	3464	3370	3183	2976	2772	2587	2400	2289	2261	2373	2515	2773	2997	3164	3252	3148	3039	2891	2688	2526	2359	2217	2088	1979	
82	3608	59.7	60.2	10	1	1	2	1030	1305	1944	2876	4011	4955	5478	5617	5538	5255	4859	4461	4069	3640	3310	3068	2947	2944	3100	3402	3729	3905	4045	3912	3742	3541	3266	3011	2775	2565	2423	2217	
82	3625	59.9	60.0	10	1	1	2	1036	1316	1972	2882	4015	4938	5502	5645	5565	5279	4881	4484	4073	3690	3348	3066	2940	2974	3132	3417	3726	3884	4022	3917	3711	3554	3250	3028	2792	2556	2416	2241	
82	3642	59.9	60.0	10	1	1	2	1040	1305	1946	2897	4013	5036	5523	5649	5564	5274	4891	4501	4068	3686	3360	3071	2972	2921	3111	3435	3743	3925	4011	3924	3749	3531	3279	3007	2767	2585	2409	2240	
82	3660	59.9	60.0	10	1	1	2	1010	1332	1987	2893	4036	4995	5512	5731	5553	5315	4934	4499	4098	3719	3374	3092	2974	2947	3118	3436	3731	3913	4017	3925	3725	3540	3271	2991	2801	2563	2447	2233	
82	3677	60.0	60.0	10	1	1	2	1033	1334	1966	2926	4069	5078	5578	5718	5566	5310	4948	4551	4109	3729	3367	3135	2993	2962	3095	3434	3772	3907	3992	3925	3794	3543	3305	3016	2795	2551	2411	2231	
82	3694	60.0	60.0	10	1	1	2	1025	1304	1950	2882	4039	5057	5557	5715	5635	5355	4909	4577	4100	3741	3382	3116	2966	2968	3141	3421	3763	3923	3984	3934	3734	3567	3243	3012	2782	2544	2404	2241	
82	3711	59.9	60.0	10	1	1	2	1025	1340	2006	2903	4044	5025	5517	5649	5595	5306	4902	4527	4086	3669	3373	3107	2934	2946	3147	3417	3770	3907	4008	3919	3750	3499	3270	2974	2745	2561	2418	2229	
82	3776	95.2	95.0	11	1	0	2	940	1089	1414	1901	2484	3019	3336	3445	3471	3425	3210	3046	2809	2596	2409	2308	2298	2355	2500	2764	3009	3143	3219	3155	3026	2928	2700	2546	2369	2198	2113	1972	
82	3793	95.0	95.0	11	1	0	2	934	1071	1409	1869	2441	2957	3304	3462	3452	3393	3184	2985	2776	2611	2406	2294	2254	2319	2546	2760	3005	3125	3225	3170	3054	2877	2682	2499	2359	2199	2104	1938	
82	3856	59.7	60.2	11	1	1	2	1035	1302	1968	2861	4026	4987	5506	5679	5542	5270	4887	4560	4079	3683	3329	3075	2938	2955	3092	3420	3741	3889	3978	3897	3757	3549	3244	2977	2771	2568	2399	2215	
82	3873	59.9	60.0	11	1	1	2	1026	1331	1965	2878	3984	5000	5563	5670	5575	5281	4885	4527	4070	3681	3331	3086	2969	2935	3121	3404	3733	3922	4019	3906	3722	3530	3215	2968	2764	2586	2407	2225	
82	3890	60.0	60.0	11	1	1	2	1023	1292	1963	2896	4025	5004	5529	5697	5574	5298	4911	4555	4091	3693	3337	3057	2958	2945	3113	3403	3759	3922	4021	3896	3739	3501	3276	3003	2769	2537	2408	2260	
82	3908	60.0	60.0	11	1	1	2	1036	1325	1978	2921	4063	5028	5529	5709	5645	5334	4937	4581	4107	3752	3355	3100	2958	2961	3103	3418	3748	3926	4015	3923	3710	3544	3268	3008	2771	2546	2397	2280	
82	3925	60.0	60.0	11	1	1	2	1026	1298	1966	2908	4089	5043	5591	5690	5566	5329	4917	4554	4165	3764	3385	3090	2952	2956	3112	3442	3758	3896	3996	3968	3761	3528	3270	3032	2807	2585	2423	2232	
82	3942	60.0	60.0	11	1	1	2	1021	1318	1978	2874	4060	5095	5558	5734	5641	5331	4933	4546	4111	3688	3390	3092	2988	2948	3119	3445	3751	3907	4018	3917	3756	3540	3305	2993	2798	2575	2408	2209	
82	3959	60.0	60.0	11	1	1	2	1035	1306	1985	2881	4006	5017	5532	5698	5568	5297	4953	4504	4107	3721	3376	3124	2960	2945	3132	3399	3738	3910	4023	3894	3702	3517	3243	2991	2758	2541	2386	2234	
82	4022	95.4	94.9	12	1	0	2	940	1064	1419	1912	2474	3010	3361	3468	3472	3412	3241	3021	2800	2598	2436	2304	2296	2336	2531	2780	3015	3139	3231	3137	3046	2876	2724	2517	2367	2218	2112	1939	
82	4039	95.0	95.0	12	1	0	2	930	1105	1395	1865	2483	2964	3309	3444	3467	3355	3180	2989	2749	2569	2412	2283	2282	2303	2506	2745	3007	3123	3197	3140	2966	2875	2701	2523	2354	2204	2106	1965	
82	4102	59.7	60.2	12	1	1	2	1023	1299	1967	2908	3977	4968	5478	5603	5551	5258	4892	4517	4137	3699	3348	3078	2960	2934	3128	3414	3732	3886	3960	3903	3689	3519	3240	2993	2792	2521	2396	2242	
82	4119	59.9	60.0	12	1	1	2	1021	1314	1945	2912	3971	5020	5561	5660	5587	5285	4879	4497	4074	3729	3349	3068	2931	2963	3104	3414	3774	3863	3960	3921	3682	3531	3245	3006	2777	2550	2430	2242	
82	4137	60.0	60.0	12	1	1	2	1021	1300	1975	2858	4030	5012	5540	5599	5556	5251	4900	4501	4067	3684	3347	3077	2935	2930	3099	3458	3724	3914	3965	3866	3720	3538	3242	2995	2778	2546	2389	2235	
82	4154	60.0	60.0	12	1	1	2	1035	1298	1977	2862	4012	4979	5539	5670	5526	5256	4901	4532	4073	3711	3355	3105	2979	2920	3105	3403	3707	3908	3968	3894	3769	3530	3266	3008	2756	2573	2384	2219	
82	4171	60.0	60.0	12	1	1	2	1013	1311	1955	2912	4026	5011	5573	5672	5602	5306	4918	4501	4100	3721	3366	3093	2977	2978	3137	3388	3730	3884	3983	3907	3754	3525	3252	3016	2771	2554	2383	2212	
82	4188	59.9	60.0	12	1	1	2	1021	1330	1944	2920	4020	4983	5522	5648	5563	5266	4881	4476	4077	3692	3390	3036	2937	2920	3109	3396	3734	3877	3930	3884	3749	3525	3233	2977	2755	2545	2404	2234	
82	4206	60.0	60.0	12	1	1	2	1023	1320	1931	2852	4022	4952	5395	5621	5532	5249	4896	4515	4063	3712	3332	3077	2924	2949	3124	3406	3691	3869	3964	3838	3736	3532	3216	2973	2775	2556	2368	2229	
82	4267	95.2	95.0	13	1	0	2	939	1093	1438	1903	2485	3048	3365	3495	3532	3444	3231	3029	2794	2615	2435	2301	2275	2348	2508	2749	3036	3129	3213	3157	3049	2894	2709	2531	2390	2230	2109	1974	
82	4284	95.0	95.0	13	1	0	2	929	1096	1407	1894	2433	3010	3354	3486	3469	3390	3186	3022	2814	2569	2404	2300	2311	2348	2529	2762	3023	3134	3162	3126	3027	2894	2675	2522	2372	2215	2094	1936	
82	4347	59.7	60.2	13	1	1	2	1024	1323	1962	2848	4034	5002	5541	5702	5576	5268	4922	4543	4111	3703	3319	3070	2957	2974	3139	3426	3728	3886	3987	3894	3725	3541	3227	2991	2747	2550	2407	2238	
82	4365	59.9	60.0	13	1	1	2	1057	1300	1946	2884	4011	5001	5553	5694	5581	5272	4908	4517	4109	3722	3356	3097	2949	2937	3148	3394	3754	3880	3961	3856	3748	3521	3236	2940	2777	2555	2383	2215	
82	4382	59.9	60.0	13	1	1	2	1025	1308	1956	2883	4036	5003	5554	5626	5609	5324	4912	4504	4104	3697	3361	3093	2951	2927	3110	3397	3762	3897	3950	3869	3686	3543	3250	2984	2752	2559	2398	2229	
82	4399	60.0	60.0	13	1	1	2	1022	1323	1947	2928	4068	5026	5580	5720	5672	5334	4965	4565	4155	3737	3388	3044	2923	2908	3110	3422	3777	3903	3962	3881	3731	3505	3226	3029	2769	2563	2399	2227	
82	4416	60.0	60.0	13	1	1	2	1023	1315	1952	2930	4061	5013	5572	5686	5631	5332	4943	4549	4108	3707	3372	3108	2949	2979	3133	3402	3753	3859	4000	3893	3706	3488	3263	2975	2767	2570	2412	2256	
82	4434	60.0	60.0	13	1	1	2	1018	1323	1973	2917	4054	5052	5566	5697	5643	5356	4920	4573	4134	3726	3347	3114	2984	2936	3113	3402	3758	3878	3991	3901	3715	3531	3234	2987	2765	2539	2386	2236	
82	4451	60.0	60.0	13	1	1	2	1033	1310	1973	2875	4002	4974	5495	5659	5567	5297	4898	4484	4075	3716	3387	3052	2948	2916	3104	3426	3704	3879	3961	3887	3717	3506	3252	2962	2747	2554	2394	2231	
82	4513	95.2	95.0	14	1	0	2	941	1085	1423	1910	2535	3058	3395	3538	3591	3461	3265	3073	2823	2619	2450	2339	2284	2345	2525	2744	3023	3135	3196	3133	3066	2900	2712	2531	2366	2179	2098	1972	
82	4530	95.0	95.0	14	1	0	2	938	1073	1420	1895	2476	3000	3349	3461	3508	3398	3228	3025	2830	2596	2489	2294	2282	2349	2521	2757	3019	3156	3172	3136	3025	2879	2702	2510	2370	2204	2087	1952	
82	4593	59.8	60.2	14	1	1	2	1019	1307	1953	2896	4057	5018	5552	5709	5645	5326	4961	4565	4100	3727	3383	3126	2968	2950	3109	3427	3703	3891	4003	3883	3717	3519	3234	2971	2778	2540	2396	2243	
82	4611	59.9	60.0	14	1	1	2	1008	1318	1975	2939	4028	5018	5540	5733	5594	5324	4933	4525	4140	3746	3385	3099	3013	2964	3122	3420	3725	3909	4001	3874	3733	3540	3243	2968	2768	2536	2412	2232	
82	4628	59.9	60.0	14	1	1	2	1034	1333	1975	2879	4067	5023	5614	5732	5608	5337	4899	4539	4122	3742	3372	3090	2966	2942	3088	3394	3750	3914	3951	3873	3703	3516	3218	2978	2773	2534	2428	2244	
82	4645	60.0	60.0	14	1	1	2	1031	1327	1950	2896	4084	5094	5569	5723	5641	5349	4944	4549	4125	3709	3335	3090	2963	2945	3156	3420	3740	3905	3952	3909	3705	3478	3240	3013	2782	2533	2412	2233	
82	4662	60.0	60.0	14	1	1	2	1022	1303	1975	2892	4058	5019	5564	5729	5626	5301	4946	4549	4125	3729	3384	3113	3002	2930	3140	3418	3710	3898	4004	3904	3720	3527	3258	2982	2781	2568	2398	2220	
82	4680	60.0	60.0	14	1	1	2	1020	1308	1963	2924	4021	4994	5548	5679	5560	5257	4910	4538	4107	3694	3359	3098	2940	2930	3086	3357	3723	3891	3974	3863	3676	3508	3237	2995	2766	2527	2371	2219	
82	4697	60.0	60.0	14	1	1	2	1027	1315	1942	2871	4003	4969	5512	5647	5566	5252	4857	4512	4035	3684	3323	3093	2924	2903	3072	3400	3722	3909	3978	3854	3679	3512	3266	2954	2741	2519	2381	2199	
82	4761	95.2	95.0	15	1	0	2	945	1077	1442	1896	2504	3034	3397	3500	3527	3432	3263	3070	2826	2643	2424	2327	2286	2372	2528	2725	3008	3128	3218	3131	3016	2870	2722	2532	2353	2201	2077	1948	
82	4779	95.0	95.0	15	1	0	2	925	1079	1407	1914	2445	2978	3316	3443	3487	3385	3226	3052	2776	2605	2403	2294	2255	2308	2484	2754	3006	3081	3169	3110	2999	2842	2697	2515	2371	2169	2068	1956	
82	4841	59.6	60.2	15	1	1	2	1026	1260	1958	2849	4014	4988	5493	5604	5551	5276	4892	4492	4079	3692	3351	3041	2950	2927	3092	3408	3696	3853	3933	3856	3719	3486	3224	2958	2750	2548	2364	2215	
82	4859	59.9	60.0	15	1	1	2	1010	1295	1956	2868	4002	5009	5512	5586	5573	5263	4861	4481	4070	3674	3335	3046	2936	2940	3096	3399	3733	3844	3991	3854	3703	3516	3234	2971	2755	2557	2385	2198	
82	4876	60.0	60.0	15	1	1	2	1036	1306	1960	2898	4069	4989	5545	5691	5556	5286	4903	4517	4120	3697	3329	3080	2933	2956	3085	3399	3704	3846	3976	3857	3748	3507	3205	2961	2761	2540	2371	2206	
82	4893	60.0	60.0	15	1	1	2	1046	1318	1970	2906	4050	5077	5557	5718	5623	5298	4956	4545	4151	3730	3379	3080	2948	2988	3099	3388	3704	3887	3957	3871	3768	3520	3243	2979	2756	2563	2389	2252	
82	4910	60.0	60.0	15	1	1	2	1018	1306	1999	2907	4043	5048	5571	5741	5604	5336	4936	4560	4116	3751	3410	3163	2970	2986	3073	3383	3721	3907	3964	3844	3739	3486	3213	3002	2770	2545	2388	2221	
82	4928	60.0	60.0	15	1	1	2	1013	1326	1981	2842	4002	5017	5527	5707	5632	5356	4920	4553	4105	3700	3349	3086	2915	2942	3123	3374	3676	3854	3948	3841	3709	3499	3221	2948	2756	2529	2377	2207	
82	4945	60.0	60.0	15	1	1	2	1023	1307	1979	2850	4006	4913	5540	5677	5578	5294	4886	4500	4083	3683	3336	3107	2936	2947	3081	3380	3718	3862	3908	3842	3687	3455	3197	2954	2738	2533	2405	2193	
82	5009	95.3	95.0	16	1	0	2	939	1085	1432	1916	2495	3025	3378	3482	3533	3432	3259	3029	2846	2617	2440	2308	2286	2338	2505	2753	3010	3156	3198	3133	2999	2892	2694	2508	2370	2174	2105	1976	
82	5027	95.0	95.0	16	1	0	2	938	1068	1397	1872	2460	2985	3309	3477	3480	3389	3213	3022	2784	2590	2396	2313	2280	2356	2502	2742	3006	3097	3177	3094	2964	2851	2678	2491	2325	2179	2074	1943	
82	5089	59.7	60.2	16	1	1	2	1021	1305	1937	2868	3952	4967	5493	5585	5552	5287	4859	4506	4057	3716	3360	3081	2912	2915	3072	3388	3715	3836	3951	3900	3708	3503	3233	2964	2754	2541	2384	2216	
82	5107	60.0	60.0	16	1	1	2	1006	1297	1954	2878	3998	4952	5556	5630	5572	5288	4928	4522	4117	3671	3364	3090	2937	2937	3093	3368	3725	3838	3949	3869	3665	3491	3253	2967	2766	2533	2392	2191	
82	5124	60.0	60.0	16	1	1	2	1005	1300	1959	2879	4030	4982	5541	5637	5573	5276	4923	4530	4072	3713	3340	3089	2970	2960	3155	3387	3696	3852	3946	3891	3707	3517	3231	2975	2747	2570	2377	2215	
82	5141	59.9	60.0	16	1	1	2	1011	1304	1967	2892	4041	5038	5517	5724	5606	5322	4925	4527	4108	3736	3367	3141	2957	2959	3116	3373	3704	3884	3980	3843	3715	3488	3226	2976	2759	2512	2405	2221	
82	5158	60.0	60.0	16	1	1	2	1019	1324	1943	2885	4007	5018	5590	5701	5574	5306	4951	4537	4106	3725	3377	3100	2966	2913	3102	3378	3727	3850	3973	3869	3673	3482	3216	2979	2758	2512	2382	2252	
82	5176	60.0	60.0	16	1	1	2	1018	1316	1947	2882	4035	4999	5496	5675	5597	5346	4912	4526	4100	3717	3373	3097	2945	2931	3075	3374	3741	3813	3928	3831	3616	3502	3232	2992	2751	2543	2399	2226	
82	5193	60.0	60.0	16	1	1	2	1036	1312	1953	2878	4020	4980	5558	5651	5546	5261	4901	4510	4093	3700	3368	3092	2947	2945	3092	3331	3692	3924	3940	3874	3679	3459	3221	2967	2736	2529	2386	2205	
82	5256	95.3	95.0	17	1	0	2	937	1071	1409	1890	2486	3028	3359	3520	3522	3450	3248	3062	2795	2633	2442	2312	2288	2356	2520	2776	2990	3120	3190	3115	3013	2869	2679	2502	2347	2234	2100	1937	
82	5273	95.0	95.0	17	1	0	2	928	1076	1384	1885	2446	2986	3318	3452	3503	3414	3220	3069	2820	2612	2433	2302	2277	2338	2496	2764	2997	3120	3231	3121	2977	2853	2667	2502	2364	2214	2058	1943	
82	5335	59.6	60.3	17	1	1	2	1047	1297	1950	2852	3974	4923	5492	5611	5543	5283	4858	4438	4054	3654	3322	3071	2952	2932	3098	3357	3704	3867	3942	3844	3658	3467	3204	2949	2792	2505	2363	2216	
82	5353	60.0	60.0	17	1	1	2	1014	1305	1939	2856	3977	4962	5513	5608	5513	5274	4924	4478	4078	3711	3323	3104	2928	2930	3071	3381	3746	3812	3952	3859	3690	3473	3218	2964	2729	2535	2365	2211	
82	5370	60.0	60.0	17	1	1	2	1019	1299	1944	2857	4004	4985	5549	5659	5575	5310	4924	4543	4112	3698	3343	3104	2951	2910	3109	3391	3725	3869	3969	3857	3691	3524	3249	2977	2766	2511	2384	2201	
82	5387	60.0	60.0	17	1	1	2	1018	1322	1970	2890	4054	5024	5561	5678	5620	5334	4980	4546	4104	3685	3330	3130	2951	2940	3119	3417	3700	3854	3950	3884	3728	3517	3223	2950	2787	2524	2389	2223	
82	5404	59.9	60.0	17	1	1	2	1018	1308	1970	2876	4037	4975	5536	5657	5632	5302	4932	4491	4120	3692	3340	3097	2948	2914	3101	3391	3670	3843	3966	3853	3661	3454	3260	2995	2773	2528	2376	2230	
82	5422	59.9	60.0	17	1	1	2	1040	1291	1951	2899	4012	4987	5574	5660	5576	5306	4890	4527	4115	3689	3360	3082	2964	2947	3122	3383	3673	3839	3934	3892	3704	3473	3206	2953	2771	2556	2380	2232	
82	5439	60.0	60.0	17	1	1	2	1029	1357	1961	2859	4005	4996	5504	5686	5559	5288	4888	4530	4086	3717	3370	3089	2962	2917	3107	3361	3682	3816	3958	3811	3665	3520	3217	2971	2714	2557	2387	2195	
82	5504	95.3	95.0	18	1	0	2	937	1079	1439	1950	2549	3101	3441	3615	3596	3506	3290	3130	2909	2657	2451	2369	2336	2385	2556	2777	3030	3133	3193	3148	3016	2901	2679	2527	2382	2249	2095	1980	
82	5521	95.0	95.0	18	1	0	2	925	1088	1420	1928	2513	3063	3394	3555	3560	3490	3264	3110	2882	2625	2465	2332	2323	2384	2531	2778	3039	3101	3188	3101	3026	2878	2720	2495	2365	2211	2106	1985	
82	5584	59.8	60.1	18	1	1	2	1033	1314	1953	2865	4002	4996	5549	5684	5617	5300	4962	4547	4120	3726	3395	3112	2959	2934	3126	3374	3741	3857	3919	3867	3715	3497	3222	2955	2762	2544	2376	2191	
82	5601	59.9	60.0	18	1	1	2	1006	1319	1978	2905	4059	5014	5561	5746	5644	5339	5005	4549	4088	3736	3395	3111	2958	2960	3136	3394	3726	3850	3972	3888	3662	3528	3266	2967	2782	2503	2385	2226	
82	5618	59.9	60.0	18	1	1	2	1021	1310	1971	2929	4051	5087	5596	5729	5669	5331	4947	4554	4123	3732	3410	3109	2962	2974	3090	3377	3707	3864	3967	3858	3675	3469	3217	2976	2722	2547	2369	2192	
82	5635	60.0	60.0	18	1	1	2	1036	1301	1961	2896	4029	5019	5538	5670	5601	5338	4927	4553	4103	3705	3356	3122	2954	2949	3096	3348	3733	3888	3940	3838	3689	3488	3241	2941	2737	2531	2366	2205	
82	5653	60.0	60.0	18	1	1	2	1017	1309	1967	2879	4020	5031	5569	5696	5614	5328	4938	4579	4131	3733	3368	3123	2964	2949	3100	3376	3705	3844	3970	3826	3694	3457	3199	2950	2746	2549	2390	2196	
82	5670	60.0	60.0	18	1	1	2	1039	1313	1969	2880	4024	5009	5551	5657	5613	5339	4917	4499	4125	3700	3406	3120	2945	2944	3116	3404	3699	3807	3932	3845	3687	3489	3177	2944	2725	2516	2393	2212	
82	5687	59.9	60.0	18	1	1	2	1014	1300	1970	2873	4048	5001	5559	5668	5582	5288	4905	4573	4097	3715	3406	3088	2951	2916	3082	3401	3728	3849	3922	3886	3639	3540	3188	2936	2714	2495	2348	2202	
82	5752	95.3	95.0	19	1	0	2	941	1073	1426	1924	2524	3063	3399	3556	3606	3484	3306	3088	2870	2642	2436	2329	2311	2360	2548	2761	2994	3155	3180	3128	3030	2878	2680	2501	2336	2157	2092	1944	
82	5769	95.0	95.0	19	1	0	2	943	1082	1431	1920	2473	3118	3386	3530	3544	3434	3260	3078	2834	2649	2436	2349	2299	2339	2526	2757	2982	3148	3200	3112	2995	2880	2689	2511	2346	2227	2083	1917	
82	5832	59.7	60.2	19	1	1	2	1021	1311	1958	2848	4005	4986	5526	5666	5620	5339	4937	4544	4113	3716	3357	3113	2962	2937	3104	3388	3721	3820	3919	3857	3683	3468	3253	2959	2717	2536	2371	2198	
82	5849	59.9	60.0	19	1	1	2	1007	1309	1936	2886	4061	5068	5625	5726	5661	5359	4962	4590	4177	3708	3371	3139	2982	2951	3117	3365	3679	3826	3947	3845	3695	3423	3217	2983	2780	2522	2352	2202	
82	5866	59.9	60.0	19	1	1	2	1023	1305	1965	2924	4060	5068	5621	5779	5682	5381	4965	4605	4175	3772	3426	3128	2990	2964	3102	3424	3716	3880	3973	3879	3700	3521	3211	2989	2756	2532	2344	2199	
82	5883	59.9	60.0	19	1	1	2	1038	1313	1974	2914	4039	5034	5599	5725	5607	5377	4970	4585	4142	3761	3369	3127	3000	2938	3139	3419	3744	3859	3955	3865	3688	3514	3183	2961	2745	2521	2367	2220	
82	5901	59.9	60.0	19	1	1	2	1025	1314	1974	2885	4075	5049	5591	5741	5672	5364	4968	4595	4130	3734	3421	3114	2958	2964	3125	3401	3704	3847	3932	3863	3689	3487	3214	2968	2731	2518	2339	2217	
82	5918	60.0	60.0	19	1	1	2	1013	1316	1951	2880	4018	4997	5579	5690	5629	5329	4936	4539	4130	3717	3376	3105	2930	2969	3098	3369	3668	3830	3917	3842	3644	3470	3185	2987	2746	2518	2356	2219	
82	5935	60.0	60.0	19	1	1	2	997	1326	1981	2888	4056	5014	5564	5714	5665	5346	4951	4543	4118	3744	3394	3114	2939	2925	3108	3380	3701	3841	3949	3813	3678	3458	3215	2946	2735	2521	2369	2196	
82	6000	95.3	95.0	20	1	0	2	933	1079	1401	1927	2528	3048	3429	3549	3574	3494	3264	3085	2865	2629	2473	2333	2318	2384	2522	2764	3019	3092	3191	3144	2976	2885	2685	2505	2354	2195	2074	1932	
82	6017	95.0	95.0	20	1	0	2	941	1069	1444	1876	2523	3031	3408	3483	3544	3411	3271	3086	2837	2611	2418	2321	2291	2348	2532	2749	3001	3136	3195	3104	2990	2840	2713	2478	2360	2192	2085	1950	
82	6080	59.6	60.3	20	1	1	2	1018	1311	1932	2868	4042	5032	5564	5694	5574	5356	4931	4555	4131	3709	3388	3105	2976	2930	3092	3376	3687	3873	3956	3847	3686	3475	3242	2969	2743	2501	2373	2201	
82	6097	60.0	60.0	20	1	1	2	1024	1315	1947	2902	4039	5019	5532	5775	5646	5353	4992	4567	4120	3748	3453	3112	2954	2924	3112	3365	3678	3869	3963	3864	3693	3497	3230	2982	2755	2506	2365	2209	
82	6114	59.9	60.0	20	1	1	2	1023	1313	1977	2883	4056	5075	5618	5797	5687	5385	4966	4598	4166	3781	3444	3146	2989	2967	3137	3400	3718	3849	3961	3860	3678	3517	3256	2989	2760	2560	2371	2212	
82	6132	60.0	60.0	20	1	1	2	1024	1330	1960	2920	4017	5021	5618	5717	5670	5365	4957	4604	4097	3752	3372	3128	2992	2934	3085	3342	3680	3856	3947	3866	3653	3495	3191	2963	2725	2532	2357	2216	
82	6149	60.0	60.0	20	1	1	2	1015	1296	1980	2894	4044	5087	5633	5761	5690	5387	5023	4616	4171	3744	3389	3142	2983	2961	3128	3400	3753	3854	3962	3847	3695	3463	3230	2969	2761	2498	2372	2194	
82	6166	59.9	60.0	20	1	1	2	1024	1307	1968	2882	4076	5091	5628	5793	5668	5394	5003	4628	4172	3750	3399	3152	2991	2981	3135	3411	3715	3846	3977	3837	3699	3468	3226	2974	2746	2529	2368	2201	
82	6183	59.9	60.0	20	1	1	2	1016	1307	1974	2883	4056	5023	5520	5688	5582	5365	4947	4545	4131	3748	3432	3091	2949	2935	3095	3372	3681	3844	3948	3829	3658	3470	3192	2961	2728	2510	2377	2197	
82	6248	95.3	95.0	21	1	0	2	931	1092	1424	1940	2545	3098	3380	3546	3612	3524	3304	3100	2886	2663	2482	2345	2309	2367	2542	2779	3023	3148	3196	3179	2998	2899	2660	2508	2330	2204	2082	1986	
82	6265	95.0	95.0	21	1	0	2	937	1086	1442	1887	2507	3065	3406	3503	3562	3453	3251	3093	2864	2657	2467	2311	2310	2331	2553	2762	2965	3125	3177	3123	2960	2857	2695	2493	2329	2180	2072	1941	
82	6326	59.8	60.3	21	1	1	2	1030	1309	1956	2914	4052	5076	5585	5737	5664	5332	4993	4588	4185	3736	3402	3136	2954	3002	3116	3412	3748	3867	3943	3890	3654	3477	3258	2981	2723	2523	2382	2207	
82	6343	60.0	60.0	21	1	1	2	1014	1310	1977	2902	4072	5066	5600	5728	5673	5345	4958	4606	4150	3793	3375	3128	2987	2956	3116	3399	3712	3861	3964	3870	3713	3493	3221	2978	2746	2523	2376	2257	
82	6360	60.0	60.0	21	1	1	2	1022	1308	1970	2900	4082	5074	5603	5776	5709	5430	5004	4607	4176	3748	3441	3116	2952	2960	3134	3386	3720	3882	3979	3891	3697	3518	3212	2993	2765	2550	2389	2233	
82	6378	59.9	60.0	21	1	1	2	1027	1312	1976	2906	4074	5076	5671	5766	5742	5409	5004	4632	4209	3784	3417	3128	2980	2981	3122	3393	3708	3883	3933	3867	3688	3496	3242	2957	2734	2547	2364	2211	
82	6395	60.0	60.0	21	1	1	2	1020	1344	1967	2908	4056	5085	5632	5803	5694	5407	5052	4577	4187	3778	3437	3164	2993	2967	3106	3381	3707	3863	3951	3855	3683	3487	3223	2943	2733	2554	2376	2217	
82	6412	60.0	60.0	21	1	1	2	1020	1304	1960	2935	4078	5117	5637	5744	5658	5368	4987	4616	4143	3740	3410	3089	2967	2965	3126	3408	3710	3860	3983	3846	3673	3465	3211	2961	2739	2535	2357	2217	
82	6429	60.0	60.0	21	1	1	2	1015	1317	1960	2874	4091	5028	5585	5795	5642	5389	4982	4604	4158	3747	3409	3109	2984	2967	3102	3425	3670	3818	3953	3848	3680	3475	3194	2976	2728	2524	2378	2178	
82	6492	95.2	95.0	22	1	0	2	940	1083	1423	1932	2554	3104	3460	3558	3578	3488	3302	3120	2906	2641	2464	2357	2339	2376	2536	2801	3046	3176	3239	3158	3002	2904	2667	2519	2355	2202	2100	1976	
82	6509	95.0	95.0	22	1	0	2	937	1101	1421	1914	2509	3039	3413	3537	3592	3494	3344	3085	2880	2640	2466	2340	2304	2354	2530	2756	2995	3117	3216	3109	2967	2874	2671	2525	2342	2188	2099	1948	
82	6572	59.7	60.2	22	1	1	2	1011	1311	1950	2870	3988	4981	5517	5681	5585	5338	4908	4522	4108	3706	3420	3129	2939	2899	3070	3373	3673	3852	3906	3819	3665	3443	3222	2953	2720	2524	2342	2199	
82	6589	60.0	60.0	22	1	1	2	1030	1274	1976	2865	4028	5060	5578	5729	5644	5367	4942	4578	4141	3765	3396	3101	2981	2944	3114	3400	3724	3876	3940	3845	3712	3491	3214	2979	2745	2530	2381	2187	
82	6607	59.9	60.0	22	1	1	2	1025	1295	1970	2910	4056	5053	5569	5727	5686	5346	5015	4541	4170	3775	3438	3100	2974	2932	3096	3395	3700	3905	3987	3888	3703	3513	3230	2979	2753	2533	2376	2205	
82	6624	60.0	60.0	22	1	1	2	1028	1302	1948	2896	4090	5073	5578	5753	5674	5381	4995	4603	4129	3782	3386	3144	2998	2955	3104	3362	3690	3846	3953	3866	3650	3494	3233	2962	2717	2493	2362	2247	
82	6641	59.9	60.0	22	1	1	2	1029	1309	1963	2922	4043	5089	5565	5738	5705	5399	4967	4560	4143	3749	3417	3125	2975	2923	3100	3383	3700	3829	3952	3864	3659	3478	3230	2904	2740	2527	2370	2227	
82	6658	60.0	60.0	22	1	1	2	1040	1294	1963	2872	4055	5101	5650	5750	5670	5419	5001	4612	4146	3716	3410	3123	2967	2977	3116	3376	3660	3829	3913	3827	3660	3495	3182	2949	2748	2534	2380	2216	
82	6676	59.9	60.0	22	1	1	2	1022	1308	1984	2904	4078	5093	5566	5742	5667	5372	4951	4578	4154	3783	3399	3121	2956	2951	3117	3380	3733	3856	3924	3847	3696	3468	3216	2976	2730	2506	2363	2221	
82	6738	95.4	94.9	23	1	0	2	928	1076	1428	1929	2527	3101	3429	3566	3615	3511	3330	3115	2901	2644	2497	2382	2308	2366	2560	2750	3032	3096	3203	3105	3014	2886	2698	2483	2339	2168	2073	1955	
82	6755	95.0	95.0	23	1	0	2	938	1068	1418	1903	2523	3091	3427	3546	3581	3499	3288	3121	2884	2624	2476	2328	2306	2358	2549	2754	3015	3132	3181	3125	3010	2873	2674	2523	2336	2201	2088	1945	
82	6818	59.7	60.2	23	1	1	2	1002	1305	1980	2921	4018	5041	5576	5767	5640	5409	5004	4611	4152	3760	3429	3139	2978	2946	3097	3373	3737	3861	3930	3858	3695	3485	3169	2966	2732	2521	2387	2238	
82	6835	60.0	60.1	23	1	1	2	1020	1311	1958	2892	4034	5046	5637	5762	5670	5355	4982	4633	4150	3782	3384	3146	2953	2958	3086	3422	3671	3852	3921	3868	3673	3474	3195	2975	2742	2530	2378	2221	
82	6853	60.0	60.0	23	1	1	2	1013	1308	1971	2888	4042	5050	5620	5757	5656	5362	5019	4601	4179	3798	3413	3144	2999	2973	3114	3401	3697	3861	3915	3849	3694	3498	3183	2954	2752	2548	2381	2193	
82	6870	60.0	60.0	23	1	1	2	1028	1303	1960	2888	4024	5030	5582	5704	5638	5382	4970	4578	4127	3772	3384	3113	2997	2927	3104	3376	3708	3824	3913	3829	3692	3504	3222	2977	2748	2528	2369	2214	
82	6887	59.9	60.0	23	1	1	2	1017	1312	1954	2872	4053	5028	5552	5721	5669	5337	4991	4580	4141	3755	3437	3132	2972	2962	3128	3399	3694	3858	3976	3849	3655	3479	3202	2950	2739	2505	2356	2189	
82	6904	60.0	60.0	23	1	1	2	1014	1320	1946	2890	4044	5048	5553	5773	5701	5391	4983	4590	4155	3762	3419	3130	2992	2942	3120	3369	3699	3834	3938	3821	3689	3442	3215	2939	2774	2468	2374	2213	
82	6922	60.0	60.0	23	1	1	2	1052	1305	1973	2893	4107	5034	5571	5729	5700	5416	4995	4594	4171	3761	3448	3113	2968	2943	3107	3392	3674	3877	3971	3797	3661	3451	3204	2936	2732	2514	2363	2190	
82	6984	95.2	95.0	24	1	0	2	931	1089	1435	1920	2543	3054	3481	3570	3598	3485	3309	3125	2902	2684	2483	2379	2319	2376	2532	2774	3007	3120	3193	3107	3007	2877	2692	2526	2359	2210	2098	1946	
82	7001	95.0	95.0	24	1	0	2	932	1074	1423	1901	2509	3087	3406	3576	3592	3483	3312	3109	2878	2642	2471	2333	2308	2379	2533	2774	3005	3112	3198	3137	2950	2849	2679	2494	2337	2186	2058	1957	
82	7064	59.7	60.2	24	1	1	2	1016	1321	1951	2914	4067	5042	5607	5785	5713	5376	5018	4608	4173	3789	3414	3153	2986	2939	3132	3356	3691	3860	3951	3830	3627	3481	3215	2953	2720	2531	2360	2195	
82	7081	59.9	60.0	24	1	1	2	1032	1307	1960	2900	4092	5073	5652	5821	5709	5446	5050	4602	4205	3807	3430	3159	3008	2991	3141	3401	3707	3866	3911	3837	3688	3505	3214	2912	2696	2535	2360	2209	
82	7099	59.9	60.0	24	1	1	2	1029	1317	1962	2947	4064	5128	5648	5792	5750	5398	5045	4652	4197	3772	3426	3120	2985	2999	3149	3393	3691	3802	3919	3872	3657	3477	3225	2943	2734	2526	2370	2201	
82	7116	60.0	60.0	24	1	1	2	1030	1304	1993	2908	4058	5046	5602	5747	5648	5374	5012	4608	4152	3728	3441	3124	2958	2968	3108	3392	3701	3836	3906	3884	3689	3480	3214	2936	2740	2530	2366	2202	
82	7133	60.0	60.0	24	1	1	2	1024	1308	1982	2886	4023	4960	5530	5700	5593	5339	4931	4562	4122	3707	3367	3131	2937	2946	3119	3379	3681	3864	3907	3842	3655	3441	3178	2931	2725	2502	2360	2175	
82	7150	60.0	60.0	24	1	1	2	1027	1300	1956	2881	4005	5008	5521	5707	5609	5331	4976	4581	4115	3739	3382	3112	2983	2959	3096	3361	3703	3795	3914	3799	3667	3447	3185	2950	2726	2522	2369	2177	
82	7168	60.0	60.0	24	1	1	2	1021	1310	1975	2902	4052	5024	5573	5746	5640	5332	4933	4556	4145	3699	3392	3144	2939	2955	3098	3355	3661	3850	3917	3817	3662	3481	3208	2928	2732	2513	2344	2196	
82	7232	95.3	95.0	25	1	0	2	921	1075	1424	1945	2564	3090	3409	3539	3594	3547	3323	3114	2884	2679	2512	2368	2330	2400	2548	2772	2976	3117	3190	3129	3000	2892	2669	2514	2327	2198	2082	1986	
82	7249	95.0	95.0	25	1	0	2	933	1082	1460	1896	2496	3065	3401	3575	3569	3496	3322	3122	2842	2657	2468	2341	2355	2371	2523	2773	3011	3120	3143	3102	2988	2846	2657	2483	2334	2184	2061	1949	
82	7312	59.7	60.2	25	1	1	2	1014	1338	1946	2869	4061	4988	5568	5718	5643	5328	4941	4546	4142	3761	3406	3116	2949	2950	3088	3345	3720	3811	3925	3829	3650	3450	3257	2961	2719	2518	2376	2221	
82	7330	59.9	60.0	25	1	1	2	1026	1256	1941	2878	4019	5002	5536	5751	5634	5326	4975	4561	4126	3730	3381	3114	2974	2957	3125	3377	3684	3823	3936	3873	3663	3448	3192	2942	2704	2495	2351	2218	
82	7347	59.9	60.0	25	1	1	2	1028	1297	1949	2900	4038	5062	5597	5777	5696	5353	4998	4613	4159	3779	3408	3138	2964	2939	3110	3401	3691	3825	3955	3830	3641	3489	3193	2971	2727	2511	2363	2212	
82	7364	60.0	60.0	25	1	1	2	1009	1320	1968	2874	4058	5088	5608	5770	5704	5432	4988	4597	4131	3758	3415	3088	2983	2983	3096	3380	3715	3814	3932	3845	3698	3476	3155	2965	2732	2514	2363	2206	
82	7381	60.0	60.0	25	1	1	2	1019	1296	1958	2908	4072	5085	5622	5800	5709	5380	4993	4626	4173	3757	3407	3149	2978	2953	3152	3348	3698	3862	3943	3845	3672	3449	3183	2955	2755	2523	2408	2190	
82	7399	60.0	60.0	25	1	1	2	1021	1304	1969	2911	4095	5087	5678	5804	5759	5404	5040	4595	4178	3809	3415	3147	2978	2955	3106	3368	3692	3869	3924	3830	3668	3475	3196	2946	2731	2538	2364	2193	
82	7416	59.9	60.0	25	1	1	2	1029	1336	2003	2903	4089	5062	5617	5776	5690	5400	5054	4628	4172	3770	3386	3112	2983	2980	3117	3384	3683	3849	3894	3832	3643	3451	3220	2927	2728	2505	2364	2192	
82	7478	95.3	95.0	26	1	0	2	928	1088	1424	1925	2524	3092	3428	3539	3636	3513	3339	3109	2889	2685	2499	2367	2324	2388	2561	2768	3026	3108	3185	3115	3003	2861	2660	2500	2336	2188	2109	1947	
82	7496	95.0	95.0	26	1	0	2	951	1079	1400	1914	2547	3091	3440	3581	3605	3514	3341	3129	2879	2688	2462	2347	2315	2349	2543	2794	3017	3094	3207	3125	3002	2837	2674	2471	2343	2177	2093	1934	
82	7558	59.7	60.2	26	1	1	2	1042	1296	1963	2905	4077	5042	5573	5806	5648	5375	5006	4609	4155	3788	3423	3151	2980	2965	3091	3416	3713	3862	3938	3823	3668	3443	3213	2956	2735	2528	2347	2176	
82	7576	59.9	60.0	26	1	1	2	1019	1313	1969	2900	4024	5085	5616	5790	5722	5415	4998	4637	4182	3800	3416	3130	2969	2940	3119	3380	3714	3841	3929	3827	3688	3486	3194	2961	2726	2524	2370	2193	
82	7593	59.9	60.0	26	1	1	2	1014	1300	1950	2911	4080	5088	5644	5727	5751	5448	5053	4647	4194	3790	3416	3137	2970	2970	3144	3436	3705	3855	3953	3878	3684	3486	3212	2985	2740	2527	2356	2215	
82	7610	59.9	60.0	26	1	1	2	1015	1328	1979	2915	4117	5078	5665	5814	5697	5466	5072	4626	4217	3828	3456	3160	2994	2964	3148	3380	3702	3839	3949	3864	3683	3470	3221	2973	2719	2543	2359	2205	
82	7627	60.0	60.0	26	1	1	2	1028	1303	1973	2903	4070	5093	5655	5773	5708	5428	5003	4595	4170	3778	3419	3122	3004	2988	3097	3372	3628	3846	3873	3810	3664	3464	3177	2945	2735	2511	2373	2193	
82	7645	60.0	60.0	26	1	1	2	1044	1310	1989	2913	4071	5126	5640	5785	5713	5397	5003	4627	4189	3776	3425	3139	2996	2942	3093	3373	3706	3821	3925	3843	3664	3433	3208	2957	2723	2540	2371	2192	
82	7662	60.0	60.0	26	1	1	2	1022	1317	1982	2922	4054	5079	5653	5791	5662	5370	4976	4628	4214	3755	3417	3123	3003	2968	3108	3418	3698	3837	3919	3824	3644	3465	3214	2955	2736	2512	2360	2187	
82	7724	95.3	95.0	27	1	0	2	943	1099	1438	1919	2540	3086	3490	3612	3687	3548	3390	3144	2920	2717	2500	2368	2316	2392	2570	2769	3010	3127	3211	3122	3019	2864	2686	2515	2329	2193	2106	1951	
82	7742	95.0	95.0	27	1	0	2	973	1072	1418	1911	2522	3079	3438	3577	3614	3498	3357	3124	2894	2698	2467	2324	2302	2344	2519	2745	3030	3096	3170	3093	2990	2841	2698	2482	2336	2190	2057	1923	
82	7804	59.7	60.2	27	1	1	2	1024	1299	1946	2900	4056	5058	5591	5741	5652	5441	4997	4558	4157	3754	3411	3114	2959	2949	3056	3386	3690	3817	3931	3856	3664	3464	3194	2948	2717	2509	2352	2189	
82	7822	59.9	60.0	27	1	1	2	1028	1313	1961	2915	4096	5078	5629	5763	5707	5378	4990	4609	4228	3750	3418	3124	2993	2974	3126	3407	3723	3836	3921	3848	3647	3464	3194	2950	2734	2515	2397	2184	
82	7839	59.9	60.0	27	1	1	2	1021	1310	1974	2951	4100	5142	5675	5847	5765	5496	5052	4671	4214	3798	3439	3161	3004	2988	3126	3376	3713	3872	3942	3864	3657	3441	3227	2980	2773	2497	2394	2226	
82	7856	60.0	60.0	27	1	1	2	974	1321	1992	2924	4112	5094	5677	5813	5744	5458	5064	4650	4188	3789	3424	3165	2985	2984	3136	3394	3736	3838	3939	3888	3687	3478	3224	2936	2751	2515	2374	2206	
82	7873	60.0	60.0	27	1	1	2	1010	1289	1972	2893	4039	5046	5609	5770	5665	5367	4990	4568	4148	3744	3393	3164	2996	2927	3121	3364	3684	3861	3894	3838	3646	3462	3211	2956	2742	2540	2368	2187	
82	7891	60.0	60.0	27	1	1	2	1017	1320	1969	2912	4029	5027	5598	5738	5689	5388	4981	4608	4125	3715	3375	3088	2967	2971	3093	3387	3706	3847	3924	3802	3670	3472	3213	2937	2709	2524	2349	2186	
82	7908	60.0	60.0	27	1	1	2	1016	1312	1999	2876	4069	5044	5594	5705	5656	5374	5013	4534	4154	3775	3396	3144	2938	2921	3087	3381	3682	3890	3904	3808	3646	3435	3156	2928	2722	2503	2353	2177	
82	7973	95.1	95.1	28	1	0	2	943	1096	1430	1923	2527	3103	3429	3621	3656	3486	3326	3166	2907	2657	2482	2362	2331	2380	2555	2802	3020	3114	3159	3110	3003	2859	2672	2468	2342	2177	2042	1940	
82	7990	95.0	95.0	28	1	0	2	938	1076	1412	1922	2508	3067	3415	3577	3593	3516	3347	3129	2904	2653	2516	2322	2319	2384	2544	2760	3004	3107	3168	3075	2996	2847	2672	2457	2366	2195	2088	1939	
82	8053	59.7	60.2	28	1	1	2	1042	1316	1955	2886	4032	5051	5622	5746	5694	5365	4979	4606	4157	3760	3420	3141	3009	2956	3084	3342	3683	3828	3947	3859	3669	3490	3171	2936	2744	2515	2353	2196	
82	8070	59.9	60.0	28	1	1	2	1033	1321	1958	2916	4071	5075	5647	5788	5757	5465	5049	4625	4214	3778	3476	3148	3001	2962	3137	3380	3690	3858	3948	3833	3703	3480	3199	2950	2753	2511	2366	2178	
82	8087	59.9	60.0	28	1	1	2	1032	1309	1977	2942	4177	5167	5739	5904	5827	5506	5120	4738	4252	3844	3422	3193	3056	3001	3158	3429	3705	3869	3982	3898	3726	3494	3203	2945	2735	2533	2369	2202	
82	8104	60.0	60.0	28	1	1	2	1008	1292	1981	2963	4070	5053	5720	5849	5801	5447	5103	4622	4253	3822	3438	3164	3011	2975	3102	3402	3690	3868	3932	3899	3668	3504	3206	2960	2734	2508	2375	2205	
82	8122	60.0	60.0	28	1	1	2	1003	1316	1991	2910	4094	5094	5723	5811	5731	5498	5072	4648	4202	3832	3424	3163	3021	2984	3133	3419	3697	3856	3944	3818	3692	3475	3204	2946	2716	2510	2380	2212	
82	8139	59.9	60.0	28	1	1	2	1022	1303	1957	2895	4065	5061	5658	5800	5705	5409	5045	4598	4192	3779	3453	3129	2988	3022	3090	3427	3689	3847	3892	3828	3661	3469	3201	2921	2731	2502	2371	2167	
82	8156	60.0	60.0	28	1	1	2	1014	1315	1990	2939	4123	5117	5654	5805	5726	5474	5043	4634	4225	3774	3469	3155	2985	2986	3137	3408	3723	3850	3934	3776	3690	3501	3188	2973	2724	2527	2363	2210	
82	8219	95.2	95.0	29	1	0	2	941	1086	1438	1940	2548	3160	3492	3672	3681	3589	3404	3171	2953	2721	2547	2399	2336	2379	2526	2779	3048	3146	3185	3119	3038	2854	2680	2517	2361	2213	2098	1950	
82	8236	95.0	95.0	29	1	0	2	947	1120	1430	1926	2544	3113	3463	3619	3653	3527	3327	3146	2912	2678	2489	2352	2331	2362	2547	2780	3030	3082	3167	3092	3003	2860	2656	2499	2346	2206	2068	1941	
82	8299	59.7	60.2	29	1	1	2	1015	1294	2007	2960	4125	5140	5685	5800	5776	5469	5064	4675	4232	3795	3462	3181	2992	2953	3123	3424	3709	3844	3905	3876	3680	3467	3196	2978	2741	2497	2360	2196	
82	8316	60.0	60.0	29	1	1	2	1033	1333	1962	2946	4126	5180	5706	5908	5820	5536	5127	4724	4272	3836	3492	3206	3025	2995	3158	3407	3710	3870	3930	3865	3688	3490	3208	2954	2724	2528	2359	2192	
82	8333	59.9	60.0	29	1	1	2	1014	1360	1959	2913	4083	5088	5668	5841	5798	5456	5022	4651	4164	3794	3421	3166	2973	2995	3133	3404	3672	3858	3910	3819	3685	3500	3205	2940	2761	2510	2390	2212	
82	8350	59.9	60.0	29	1	1	2	1030	1322	1965	2908	4141	5143	5665	5842	5778	5472	5063	4690	4236	3795	3455	3198	3030	2968	3125	3392	3720	3858	3937	3892	3709	3469	3217	2952	2740	2507	2368	2220	
82	8368	60.0	60.0	29	1	1	2	1012	1332	1985	2946	4101	5166	5689	5870	5749	5465	5127	4683	4239	3849	3484	3180	3015	2996	3126	3420	3699	3852	3933	3851	3707	3465	3198	2974	2803	2525	2381	2199	
82	8385	60.0	60.0	29	1	1	2	1035	1317	1982	2936	4164	5137	5715	5876	5740	5495	5073	4648	4245	3823	3448	3176	3027	2972	3108	3427	3693	3821	3931	3868	3674	3430	3190	2960	2722	2491	2373	2199	
82	8402	60.0	60.0	29	1	1	2	1020	1336	1982	2910	4069	5126	5663	5790	5746	5397	5033	4648	4208	3814	3467	3183	2962	2981	3132	3372	3691	3833	3930	3836	3654	3480	3198	2921	2732	2483	2352	2190	
82	8467	95.3	95.0	30	1	0	2	939	1083	1438	1935	2566	3130	3500	3661	3692	3596	3377	3204	2947	2754	2549	2360	2336	2406	2520	2795	3012	3136	3190	3096	3023	2889	2663	2512	2347	2198	2085	1940	
82	8484	95.0	95.0	30	1	0	2	944	1087	1439	1946	2570	3106	3539	3642	3669	3556	3380	3172	2949	2684	2498	2383	2332	2389	2586	2791	3020	3124	3194	3123	3036	2836	2646	2484	2321	2220	2087	1944	
82	8547	59.6	60.2	30	1	1	2	1013	1318	1973	2983	4107	5084	5674	5826	5746	5452	5100	4692	4196	3795	3413	3183	3004	2983	3121	3417	3702	3831	3922	3858	3673	3466	3177	2986	2758	2523	2386	2196	
82	8564	59.9	60.0	30	1	1	2	1026	1311	1959	2918	4134	5115	5676	5848	5749	5520	5097	4684	4208	3794	3465	3169	2996	2975	3140	3400	3724	3874	3933	3856	3669	3470	3187	2955	2728	2518	2379	2206	
82	8581	59.9	60.0	30	1	1	2	1028	1309	1982	2932	4148	5125	5680	5843	5751	5514	5089	4697	4247	3810	3460	3152	3010	2990	3128	3375	3702	3840	3940	3827	3681	3474	3172	2960	2736	2518	2359	2211	
82	8598	60.0	60.0	30	1	1	2	1049	1336	1999	2955	4130	5142	5706	5870	5775	5485	5091	4676	4251	3843	3439	3151	2999	2974	3171	3436	3706	3852	3976	3848	3664	3488	3188	2965	2756	2526	2352	2224	
82	8616	59.9	60.0	30	1	1	2	1010	1312	1992	2929	4129	5154	5709	5844	5757	5492	5117	4659	4209	3826	3441	3150	3006	2958	3122	3427	3717	3845	3922	3871	3701	3474	3220	2927	2742	2540	2401	2197	
82	8633	59.9	60.0	30	1	1	2	1009	1320	1984	2912	4137	5151	5757	5859	5776	5471	5070	4681	4234	3807	3447	3166	3015	2953	3113	3399	3737	3833	3891	3821	3664	3488	3197	2951	2704	2517	2342	2181	
82	8650	60.0	60.0	30	1	1	2	1022	1302	1987	2953	4151	5181	5749	5944	5832	5578	5171	4731	4315	3882	3517	3236	3054	3003	3168	3422	3744	3862	3943	3839	3700	3498	3203	2971	2737	2498	2409	2176	
82	8713	95.2	95.0	31	1	0	2	921	1087	1445	1980	2597	3172	3546	3731	3719	3600	3445	3217	3012	2736	2542	2423	2359	2397	2577	2783	3039	3154	3205	3125	3029	2877	2708	2486	2356	2191	2100	1959	
82	8730	95.0	95.0	31	1	0	2	942	1088	1422	1924	2544	3105	3502	3608	3626	3547	3366	3162	2919	2670	2513	2380	2338	2368	2530	2753	3007	3114	3159	3048	2994	2855	2649	2508	2321	2168	2060	1958	
82	8793	59.7	60.2	31	1	1	2	1023	1312	1993	2944	4141	5198	5767	5934	5811	5509	5164	4694	4265	3844	3533	3205	3042	2990	3147	3423	3740	3836	3921	3822	3666	3447	3173	2942	2773	2546	2352	2186	
82	8810	59.9	60.0	31	1	1	2	1038	1300	1987	2977	4139	5225	5777	5923	5843	5576	5158	4759	4263	3877	3485	3208	3031	3017	3204	3429	3745	3882	3932	3826	3701	3476	3217	2956	2754	2550	2348	2186	
82	8827	60.0	60.0	31	1	1	2	1020	1310	1997	2962	4134	5137	5829	5953	5873	5576	5190	4719	4278	3852	3495	3213	3048	3005	3149	3401	3680	3849	3973	3829	3681	3474	3244	2969	2721	2513	2414	2168	
82	8845	59.9	60.0	31	1	1	2	1016	1319	2022	2934	4137	5155	5736	5902	5869	5506	5131	4690	4281	3865	3468	3167	3028	2982	3154	3428	3752	3844	3920	3844	3667	3488	3187	2996	2753	2543	2386	2207	
82	8862	59.9	60.0	31	1	1	2	1023	1323	2002	2999	4226	5271	5836	6010	5959	5602	5188	4791	4309	3885	3521	3251	3041	3029	3158	3424	3707	3824	3919	3849	3673	3471	3192	2957	2752	2500	2363	2200	
82	8879	60.0	60.0	31	1	1	2	1024	1330	1981	2966	4161	5177	5760	5948	5858	5524	5133	4756	4322	3844	3482	3194	3002	3008	3153	3406	3708	3831	3963	3889	3667	3458	3182	2936	2753	2512	2362	2201	
82	8896	60.0	60.0	31	1	1	2	1012	1330	1989	2970	4148	5170	5772	5896	5834	5518	5141	4693	4291	3881	3470	3180	3021	3008	3138	3437	3675	3861	3913	3837	3650	3444	3198	2931	2725	2505	2388	2158	
82	8959	95.2	95.0	32	1	0	2	944	1095	1449	1985	2603	3188	3624	3749	3775	3630	3431	3264	3006	2750	2548	2421	2375	2431	2574	2804	3056	3129	3214	3169	3028	2890	2666	2501	2354	2205	2070	1928	
82	8976	95.0	95.0	32	1	0	2	915	1084	1434	1948	2584	3183	3527	3716	3764	3664	3446	3214	2972	2736	2547	2412	2361	2378	2544	2810	3033	3120	3182	3111	2991	2839	2654	2496	2356	2169	2063	1965	
82	9039	59.7	60.2	32	1	1	2	1019	1314	2005	2958	4157	5250	5868	6008	5988	5613	5198	4808	4328	3911	3548	3242	3034	3024	3189	3428	3715	3836	3937	3866	3717	3484	3188	2936	2718	2514	2364	2196	
82	9056	60.0	60.0	32	1	1	2	1022	1317	1998	2947	4185	5245	5832	5986	5886	5634	5188	4770	4308	3883	3553	3215	3076	3016	3163	3423	3726	3858	3919	3883	3680	3463	3185	2929	2722	2524	2338	2200	
82	9073	60.0	60.0	32	1	1	2	1018	1298	2019	2983	4269	5293	5879	6076	5990	5666	5298	4838	4387	3924	3560	3266	3067	3022	3176	3477	3756	3925	3955	3893	3705	3503	3252	2965	2757	2554	2369	2211	
82	9091	59.9	60.0	32	1	1	2	1041	1334	2014	3037	4277	5372	5987	6108	5983	5740	5276	4864	4368	3973	3579	3285	3096	3057	3199	3458	3765	3900	3989	3880	3678	3510	3222	2973	2749	2525	2376	2223	
82	9108	60.0	60.0	32	1	1	2	1060	1323	2039	3021	4186	5311	5908	6093	5970	5693	5206	4832	4394	3954	3573	3230	3127	3063	3206	3451	3767	3897	3955	3856	3683	3494	3249	2964	2747	2535	2408	2216	
82	9125	60.0	60.0	32	1	1	2	1014	1324	2020	3037	4230	5262	5896	6060	5995	5641	5233	4818	4382	3912	3585	3244	3077	3030	3164	3421	3719	3871	3961	3865	3692	3510	3230	3000	2709	2553	2385	2216	
82	9142	60.0	60.0	32	1	1	2	1016	1336	2027	3026	4253	5305	5927	6078	5978	5685	5213	4855	4378	3965	3566	3267	3099	3029	3187	3442	3744	3875	3948	3839	3684	3465	3210	2956	2723	2508	2381	2210	
82	9207	95.3	95.0	33	1	0	2	934	1088	1491	2011	2670	3290	3672	3829	3873	3727	3574	3314	3066	2818	2639	2470	2434	2446	2597	2819	3039	3133	3201	3120	3016	2905	2694	2529	2328	2196	2090	1958	
82	9224	95.0	95.0	33	1	0	2	931	1084	1455	1997	2673	3287	3647	3781	3847	3734	3525	3310	3042	2819	2614	2438	2408	2417	2562	2832	3047	3134	3200	3114	2974	2870	2650	2509	2357	2168	2065	1953	
82	9287	59.7	60.2	33	1	1	2	1007	1337	2052	3097	4353	5465	6080	6251	6131	5848	5440	4995	4491	4030	3642	3324	3128	3087	3224	3524	3789	3917	3976	3888	3720	3523	3245	2979	2750	2541	2385	2216	
82	9304	60.0	60.0	33	1	1	2	1030	1319	2057	3086	4374	5444	6072	6227	6128	5816	5400	4975	4466	4032	3650	3333	3114	3065	3243	3487	3781	3919	3990	3873	3689	3493	3227	2979	2751	2518	2386	2222	
82	9321	60.0	60.0	33	1	1	2	1035	1360	2075	3080	4343	5503	6078	6306	6184	5874	5393	5017	4509	4037	3662	3335	3164	3124	3213	3489	3790	3934	4005	3908	3712	3488	3241	2982	2785	2536	2388	2233	
82	9339	60.0	60.0	33	1	1	2	1022	1362	2083	3101	4430	5563	6184	6374	6265	5974	5481	5059	4570	4107	3668	3360	3203	3109	3248	3494	3819	3940	4018	3929	3717	3531	3236	2994	2757	2535	2410	2238	
82	9356	60.0	60.0	33	1	1	2	1037	1349	2070	3095	4447	5581	6176	6304	6236	5905	5501	5057	4527	4099	3660	3333	3146	3129	3245	3502	3796	3942	4006	3891	3716	3514	3235	2982	2756	2541	2372	2236	
82	9373	60.0	60.0	33	1	1	2	1025	1357	2064	3132	4398	5503	6070	6261	6223	5885	5466	5032	4562	4075	3666	3341	3162	3088	3261	3485	3774	3925	3998	3884	3699	3517	3261	3005	2748	2518	2384	2201	
82	9390	60.0	60.0	33	1	1	2	1034	1350	2061	3088	4401	5528	6129	6302	6212	5883	5500	5005	4525	4069	3658	3365	3164	3106	3216	3477	3780	3919	3971	3863	3692	3514	3230	2982	2756	2530	2402	2212	
82	9453	95.3	94.9	34	1	0	2	968	1096	1498	2062	2788	3452	3845	4048	4032	3938	3715	3436	3205	2928	2702	2557	2452	2495	2624	2839	3064	3209	3223	3158	3061	2909	2686	2518	2372	2228	2118	1978	
82	9470	95.0	95.0	34	1	0	2	957	1096	1482	2048	2756	3380	3789	3964	3980	3887	3650	3407	3202	2882	2658	2528	2460	2502	2637	2853	3079	3162	3162	3138	3058	2870	2708	2528	2389	2217	2104	1980	
82	9533	59.7	60.2	34	1	1	2	1037	1368	2095	3190	4554	5684	6354	6566	6440	6108	5655	5217	4676	4199	3757	3457	3235	3184	3288	3503	3815	3984	4031	3959	3714	3545	3245	2995	2758	2542	2390	2202	
82	9550	59.9	60.0	34	1	1	2	1037	1348	2129	3261	4567	5770	6472	6596	6531	6215	5731	5268	4707	4282	3809	3498	3264	3226	3329	3572	3888	3989	4004	3927	3709	3534	3287	3028	2767	2568	2398	2232	
82	9568	60.0	60.0	34	1	1	2	1056	1367	2129	3229	4602	5801	6450	6584	6521	6158	5708	5284	4715	4267	3829	3468	3303	3190	3333	3581	3873	4010	4078	3968	3803	3556	3257	3037	2786	2564	2423	2242	
82	9585	59.9	60.0	34	1	1	2	1025	1388	2121	3207	4610	5766	6476	6633	6508	6151	5682	5258	4721	4253	3838	3468	3291	3208	3328	3583	3856	3974	4026	3937	3756	3554	3255	3012	2776	2540	2392	2232	
82	9602	59.9	60.0	34	1	1	2	1044	1382	2132	3218	4584	5810	6463	6657	6525	6217	5747	5290	4719	4272	3812	3471	3275	3208	3329	3551	3874	3968	4061	3929	3760	3568	3278	3020	2795	2577	2393	2225	
82	9619	59.9	60.0	34	1	1	2	1037	1384	2125	3298	4598	5841	6490	6680	6599	6252	5790	5285	4777	4297	3843	3493	3280	3244	3310	3548	3838	3956	3994	3924	3733	3532	3252	3017	2786	2554	2384	2230	
82	9637	60.0	60.0	34	1	1	2	1042	1379	2138	3240	4686	5834	6483	6691	6557	6228	5742	5233	4738	4285	3832	3480	3305	3230	3341	3574	3836	3974	4041	3935	3773	3543	3262	2992	2790	2538	2390	2221	
82	9699	95.2	95.0	35	1	0	2	944	1128	1561	2184	2953	3629	4065	4244	4257	4176	3918	3659	3376	3075	2833	2650	2588	2550	2725	2923	3167	3259	3307	3236	3091	2905	2749	2581	2397	2232	2123	1979	
82	9716	95.0	95.0	35	1	0	2	939	1115	1516	2165	2905	3612	4028	4226	4246	4101	3845	3614	3313	3053	2815	2629	2544	2546	2678	2892	3124	3254	3287	3150	3041	2926	2737	2552	2377	2226	2084	1977	
82	9779	59.7	60.2	35	1	1	2	1038	1402	2197	3330	4812	6072	6751	6933	6853	6520	5975	5513	4950	4447	3998	3611	3374	3305	3413	3633	3928	4056	4080	3980	3782	3566	3298	3043	2812	2590	2470	2252	
82	9796	59.9	60.0	35	1	1	2	1044	1396	2208	3428	4826	6139	6800	6955	6844	6520	6060	5541	5000	4451	4000	3615	3386	3327	3400	3667	3901	4036	4119	3967	3772	3573	3319	3019	2793	2586	2400	2258	
82	9814	59.9	60.0	35	1	1	2	1056	1418	2204	3417	4910	6228	6917	7088	7029	6616	6134	5578	5035	4520	4035	3661	3417	3352	3461	3669	3953	4086	4095	3993	3812	3559	3296	3069	2848	2587	2432	2281	
82	9831	60.0	60.0	35	1	1	2	1045	1428	2247	3446	4926	6213	6941	7150	7056	6680	6143	5646	5087	4563	4051	3732	3461	3390	3439	3696	3957	4057	4128	3995	3812	3601	3365	3072	2838	2599	2433	2243	
82	9848	59.9	60.0	35	1	1	2	1048	1405	2217	3418	4903	6158	6922	7088	6993	6657	6093	5632	5037	4533	4025	3660	3437	3343	3444	3688	3968	4021	4135	4005	3800	3587	3306	3078	2840	2595	2450	2225	
82	9865	60.0	60.0	35	1	1	2	1048	1401	2238	3454	4892	6135	6931	7045	6995	6584	6137	5610	5007	4468	4034	3645	3453	3307	3424	3658	3962	4053	4084	4022	3801	3585	3274	3053	2813	2602	2425	2225	
82	9883	60.0	60.0	35	1	1	2	1052	1397	2236	3416	4905	6190	6947	7110	7009	6692	6123	5642	5057	4511	4069	3665	3472	3354	3446	3679	3980	4026	4088	4017	3797	3579	3334	3044	2826	2643	2450	2273	
82	9945	95.4	94.9	36	1	0	2	931	1133	1610	2289	3116	3880	4357	4557	4606	4451	4193	3912	3571	3242	2988	2827	2695	2706	2821	3000	3240	3281	3328	3270	3118	3000	2772	2586	2435	2270	2141	1991	
82	9963	95.0	95.0	36	1	0	2	951	1166	1592	2270	3086	3869	4323	4550	4549	4412	4129	3862	3541	3217	2967	2754	2642	2703	2777	2985	3202	3306	3348	3243	3101	2978	2764	2586	2417	2226	2134	1971	
82	10025	59.7	60.2	36	1	1	2	1058	1407	2291	3554	5099	6393	7181	7382	7310	6905	6398	5788	5206	4712	4185	3825	3552	3412	3476	3746	4014	4062	4141	4017	3802	3625	3335	3099	2833	2605	2411	2265	
82	10043	59.9	60.0	36	1	1	2	1069	1420	2297	3585	5154	6457	7199	7475	7377	6952	6428	5897	5274	4744	4223	3851	3568	3443	3508	3737	4046	4095	4176	4012	3852	3666	3335	3077	2843	2614	2448	2248	
82	10060	59.9	60.0	36	1	1	2	1053	1434	2300	3613	5144	6570	7297	7542	7410	6996	6472	5940	5286	4726	4243	3842	3600	3453	3558	3791	4020	4121	4173	4070	3928	3608	3368	3075	2859	2610	2462	2289	
82	10077	59.9	60.0	36	1	1	2	1057	1426	2363	3648	5228	6610	7413	7624	7481	7097	6529	5989	5396	4785	4289	3898	3634	3493	3567	3801	4041	4153	4204	4118	3925	3651	3380	3088	2824	2623	2474	2269	
82	10094	59.9	60.0	36	1	1	2	1055	1446	2333	3633	5230	6625	7383	7610	7500	7125	6520	5957	5380	4830	4243	3876	3619	3515	3586	3747	4047	4150	4180	4070	3881	3672	3356	3079	2850	2643	2503	2288	
82	10112	60.0	60.0	36	1	1	2	1081	1459	2320	3585	5206	6647	7374	7577	7460	7121	6552	5993	5379	4785	4274	3873	3638	3497	3547	3788	4032	4148	4200	4086	3919	3676	3338	3117	2873	2658	2469	2300	
82	10129	60.0	60.0	36	1	1	2	1054	1444	2344	3592	5166	6545	7317	7548	7384	6996	6503	5912	5298	4751	4283	3872	3561	3469	3524	3781	4039	4123	4173	4085	3864	3628	3365	3079	2873	2608	2474	2284	
82	10191	95.4	94.9	37	1	0	2	956	1172	1683	2422	3330	4208	4706	4943	4965	4774	4475	4205	3800	3468	3155	2913	2817	2771	2907	3089	3283	3391	3405	3305	3170	2987	2811	2614	2467	2289	2174	2037	
82	10209	95.0	95.0	37	1	0	2	963	1180	1667	2390	3267	4078	4649	4819	4868	4700	4452	4102	3782	3425	3161	2882	2797	2774	2876	3098	3293	3347	3384	3317	3136	3022	2789	2604	2444	2300	2166	2014	
82	10271	59.7	60.2	37	1	1	2	1061	1466	2356	3714	5361	6799	7584	7842	7725	7336	6735	6187	5510	4912	4424	3975	3696	3551	3619	3845	4102	4164	4196	4119	3924	3698	3348	3085	2887	2648	2483	2305	
82	10289	59.9	60.0	37	1	1	2	1073	1458	2387	3700	5366	6813	7614	7834	7752	7392	6698	6150	5525	4906	4409	3955	3705	3575	3612	3812	4098	4169	4217	4079	3861	3679	3372	3099	2856	2664	2483	2296	
82	10306	60.0	60.0	37	1	1	2	1068	1467	2414	3754	5452	6868	7722	7920	7840	7366	6784	6216	5592	4965	4424	4014	3718	3606	3643	3871	4124	4232	4266	4136	3910	3696	3403	3142	2902	2682	2477	2313	
82	10323	59.9	60.0	37	1	1	2	1087	1474	2431	3765	5422	6913	7738	7930	7801	7424	6889	6236	5593	4981	4477	4039	3744	3572	3677	3890	4106	4216	4268	4110	3953	3675	3366	3144	2895	2639	2477	2327	
82	10340	60.0	60.0	37	1	1	2	1063	1496	2401	3745	5430	6950	7687	8010	7872	7445	6823	6266	5651	4992	4472	4033	3767	3620	3667	3862	4105	4210	4279	4139	3895	3711	3404	3144	2869	2660	2485	2290	
82	10358	59.9	60.0	37	1	1	2	1074	1480	2391	3772	5483	6924	7720	7976	7858	7391	6833	6278	5603	4973	4476	4008	3755	3617	3679	3860	4131	4221	4257	4122	3915	3702	3391	3123	2879	2661	2502	2313	
82	10375	60.0	60.0	37	1	1	2	1090	1477	2414	3776	5439	6920	7733	7958	7871	7432	6795	6231	5652	5006	4467	4034	3713	3594	3643	3854	4154	4208	4255	4133	3960	3673	3398	3140	2895	2651	2473	2256	
82	10437	95.4	94.9	38	1	0	2	980	1217	1749	2544	3536	4398	4996	5182	5210	5061	4709	4430	4000	3641	3313	3044	2911	2874	3022	3137	3392	3413	3452	3374	3206	3052	2827	2696	2484	2307	2167	2052	
82	10455	95.0	95.0	38	1	0	2	979	1193	1753	2526	3497	4349	4912	5150	5149	5009	4687	4371	3978	3632	3299	3067	2896	2892	2984	3189	3328	3378	3466	3356	3209	3087	2822	2637	2478	2309	2157	2031	
82	10518	59.9	60.1	38	1	1	2	1090	1482	2453	3832	5578	7149	7898	8178	8035	7604	7030	6429	5765	5128	4586	4120	3860	3678	3698	3907	4164	4269	4271	4179	3928	3688	3408	3160	2920	2680	2505	2309	
82	10535	59.9	60.0	38	1	1	2	1093	1529	2544	3903	5715	7309	8137	8377	8259	7767	7238	6548	5849	5205	4648	4200	3862	3737	3752	3945	4189	4285	4259	4113	3958	3792	3436	3172	2926	2681	2483	2351	
82	10552	59.9	60.0	38	1	1	2	1086	1491	2520	3938	5743	7313	8180	8432	8301	7832	7218	6566	5885	5260	4673	4201	3874	3742	3797	3968	4191	4278	4332	4188	3975	3725	3469	3192	2928	2680	2500	2300	
82	10569	60.0	60.0	38	1	1	2	1089	1537	2550	3967	5785	7372	8206	8470	8318	7905	7249	6603	5908	5286	4712	4250	3937	3721	3797	4003	4232	4295	4322	4198	3981	3757	3445	3176	2935	2701	2520	2341	
82	10587	59.9	60.0	38	1	1	2	1087	1509	2481	3981	5721	7242	8122	8376	8235	7813	7195	6623	5866	5212	4642	4198	3865	3713	3755	3926	4205	4295	4273	4172	3981	3745	3445	3178	2914	2690	2527	2324	
82	10604	60.0	60.0	38	1	1	2	1074	1496	2512	3916	5705	7273	8051	8341	8208	7770	7183	6503	5832	5223	4646	4206	3842	3693	3737	3971	4189	4255	4278	4180	3975	3738	3458	3081	2908	2675	2514	2330	
82	10621	60.0	60.0	38	1	1	2	1076	1529	2484	3935	5694	7285	8119	8346	8231	7811	7157	6539	5841	5284	4709	4222	3895	3719	3760	4002	4240	4279	4309	4171	3970	3720	3469	3136	2913	2666	2526	2318	
82	10686	95.1	95.1	39	1	0	2	980	1230	1781	2633	3707	4680	5235	5493	5535	5329	4978	4620	4180	3803	3473	3187	3038	2967	3074	3216	3450	3487	3484	3412	3252	3084	2861	2700	2498	2326	2190	2054	
82	10703	95.0	95.0	39	1	0	2	991	1230	1765	2620	3625	4590	5175	5430	5416	5233	4935	4593	4162	3747	3467	3146	2999	2947	3070	3211	3402	3464	3485	3383	3229	3057	2890	2679	2531	2298	2213	1981	
82	10764	59.8	60.2	39	1	1	2	1110	1536	2536	3979	5832	7420	8336	8602	8474	7993	7341	6670	5996	5339	4815	4241	3959	3785	3789	3996	4243	4325	4334	4184	3951	3712	3456	3175	2939	2688	2529	2337	
82	10781	59.9	60.0	39	1	1	2	1096	1532	2545	4010	5875	7498	8361	8579	8478	8034	7395	6734	6016	5395	4769	4258	3988	3758	3840	3977	4235	4341	4334	4189	3959	3740	3469	3190	2932	2699	2520	2326	
82	10798	60.0	60.0	39	1	1	2	1118	1531	2564	4045	5882	7448	8370	8617	8492	8033	7441	6738	6068	5325	4780	4355	4006	3805	3855	4014	4304	4328	4379	4225	4003	3751	3497	3198	2960	2727	2526	2349	
82	10815	60.0	60.0	39	1	1	2	1101	1554	2557	4097	5965	7583	8459	8710	8582	8126	7459	6844	6108	5437	4822	4312	4041	3812	3894	3999	4305	4307	4371	4214	3991	3774	3466	3221	2949	2708	2567	2356	
82	10833	59.9	60.0	39	1	1	2	1103	1551	2566	4059	5912	7584	8453	8739	8598	8080	7506	6766	6124	5400	4851	4307	3988	3832	3860	4058	4283	4336	4371	4236	4022	3780	3482	3193	2968	2733	2530	2348	
82	10850	60.0	60.0	39	1	1	2	1093	1566	2567	4083	5961	7518	8492	8749	8551	8064	7451	6824	6123	5409	4829	4346	3972	3818	3871	4055	4243	4347	4362	4204	3984	3776	3466	3199	2974	2675	2509	2351	
82	10867	60.0	60.0	39	1	1	2	1100	1544	2555	4099	5912	7573	8420	8665	8569	8130	7404	6743	6115	5401	4844	4298	3997	3789	3852	4018	4247	4306	4358	4199	3944	3743	3448	3176	2925	2704	2514	2304	
82	10932	95.3	95.0	40	1	0	2	992	1253	1852	2724	3812	4834	5412	5695	5673	5493	5162	4765	4340	3922	3574	3276	3116	3043	3109	3297	3466	3485	3544	3451	3281	3098	2868	2706	2542	2358	2230	2069	
82	10949	95.0	95.0	40	1	0	2	1001	1233	1861	2701	3805	4787	5401	5639	5702	5437	5137	4761	4313	3906	3535	3238	3101	3001	3128	3300	3448	3509	3535	3422	3290	3109	2884	2669	2537	2335	2237	2082	
82	11012	59.7	60.2	40	1	1	2	1120	1553	2557	4127	5969	7626	8564	8765	8649	8177	7550	6927	6162	5493	4870	4391	4061	3856	3909	4069	4264	4352	4392	4229	4013	3767	3465	3205	2947	2706	2578	2361	
82	11029	59.9	60.0	40	1	1	2	1117	1554	2614	4124	6063	7716	8552	8894	8758	8264	7638	6924	6193	5541	4912	4424	4066	3881	3915	4096	4324	4398	4357	4264	4054	3825	3485	3228	2979	2724	2550	2360	
82	11046	59.9	60.0	40	1	1	2	1111	1571	2611	4129	6010	7705	8610	8832	8736	8270	7611	6918	6210	5519	4890	4400	4067	3899	3916	4090	4310	4388	4421	4214	4061	3782	3503	3187	2946	2734	2539	2367	
82	11064	60.0	60.0	40	1	1	2	1109	1576	2649	4202	6110	7791	8702	8985	8848	8359	7680	7033	6265	5601	4912	4418	4048	3873	3916	4110	4302	4377	4401	4279	4089	3800	3487	3204	3012	2754	2582	2355	
82	11081	59.9	60.0	40	1	1	2	1086	1567	2616	4174	6086	7758	8646	8922	8843	8357	7668	6942	6233	5558	4960	4433	4070	3886	3912	4107	4270	4399	4346	4247	3999	3800	3494	3212	2977	2714	2563	2330	
82	11098	60.0	60.0	40	1	1	2	1106	1599	2652	4168	6094	7791	8730	8977	8808	8356	7710	7028	6216	5608	4989	4467	4048	3900	3956	4078	4324	4409	4407	4252	4033	3815	3505	3221	2998	2719	2538	2360	
82	11115	60.0	60.0	40	1	1	2	1129	1583	2619	4181	6075	7707	8658	8913	8759	8241	7616	6949	6231	5533	4887	4407	4043	3841	3876	4083	4346	4377	4376	4225	4012	3804	3501	3223	2963	2723	2537	2358	
