Well	Time (1/2 s)	Block Temp	Sample Temp	Repetition	PCR Stage	Extension	Scale	B1	B2	B3	B4	B5	B6	B7	B8	B9	B10	B11	B12	B13	B14	B15	B16	B17	B18	B19	B20	B21	B22	B23	B24	B25	B26	B27	B28	B29	B30	B31	B32
33	105	95.1	95.1	1	0	0	2	950	1192	1593	2195	2866	3401	3754	3948	3879	3735	3494	3299	3016	2764	2592	2512	2517	2651	2906	3229	3592	3758	3857	3810	3679	3481	3256	3022	2809	2625	2429	2269	
33	122	95.0	95.0	1	0	0	2	940	1159	1607	2196	2864	3412	3716	3906	3814	3710	3484	3235	3007	2751	2602	2494	2496	2624	2897	3254	3536	3776	3837	3778	3650	3429	3259	3026	2803	2622	2453	2278	
33	139	95.0	95.0	1	0	0	2	943	1170	1572	2181	2809	3385	3691	3834	3758	3705	3450	3230	3004	2729	2626	2499	2460	2613	2886	3258	3522	3742	3819	3746	3670	3449	3204	3009	2788	2594	2459	2242	
33	156	94.9	95.0	1	0	0	2	944	1134	1582	2156	2804	3359	3712	3868	3784	3675	3447	3240	3012	2740	2565	2461	2461	2637	2908	3234	3527	3721	3805	3756	3650	3444	3224	3005	2772	2622	2418	2284	
33	174	95.0	95.0	1	0	0	2	943	1154	1568	2151	2820	3367	3674	3843	3804	3671	3432	3232	2948	2687	2579	2455	2476	2600	2896	3199	3482	3720	3790	3767	3632	3440	3206	2984	2802	2610	2426	2259	
33	191	95.0	95.0	1	0	0	2	964	1130	1589	2158	2829	3381	3690	3840	3767	3676	3457	3230	2933	2721	2551	2443	2448	2613	2867	3205	3532	3739	3841	3742	3667	3381	3191	2988	2805	2581	2426	2287	
33	208	94.9	95.0	1	0	0	2	942	1152	1576	2143	2812	3346	3662	3819	3796	3668	3464	3228	2955	2707	2577	2471	2490	2624	2876	3219	3487	3739	3840	3698	3629	3423	3196	2999	2801	2605	2423	2266	
33	225	95.0	95.0	1	0	0	2	947	1160	1564	2169	2804	3376	3674	3870	3771	3705	3431	3198	3000	2719	2574	2466	2480	2594	2864	3223	3510	3750	3822	3764	3603	3427	3240	2989	2753	2586	2420	2265	
33	243	95.0	95.0	1	0	0	2	950	1149	1574	2164	2808	3393	3676	3849	3776	3674	3437	3241	2959	2750	2564	2478	2468	2588	2888	3192	3555	3747	3850	3752	3636	3405	3222	2983	2772	2566	2424	2282	
33	260	94.9	95.0	1	0	0	2	946	1153	1553	2154	2812	3352	3680	3821	3786	3653	3463	3227	2945	2722	2610	2451	2480	2605	2866	3204	3548	3739	3778	3735	3609	3421	3230	2993	2778	2618	2441	2259	
33	277	94.9	95.0	1	0	0	2	944	1142	1601	2146	2798	3361	3683	3829	3795	3695	3489	3253	2973	2742	2569	2471	2453	2624	2928	3201	3535	3736	3774	3722	3625	3437	3215	2978	2782	2612	2438	2301	
33	294	94.9	95.0	1	0	0	2	942	1159	1584	2165	2831	3385	3666	3819	3770	3704	3495	3225	2974	2704	2593	2474	2451	2629	2872	3187	3540	3719	3812	3719	3640	3428	3256	2990	2817	2592	2428	2268	
33	312	95.0	95.0	1	0	0	2	956	1158	1560	2149	2812	3365	3707	3858	3798	3674	3451	3232	2972	2727	2570	2482	2490	2606	2870	3219	3521	3727	3786	3758	3660	3450	3232	2985	2759	2630	2423	2275	
33	329	95.0	95.0	1	0	0	2	921	1169	1565	2196	2803	3390	3679	3857	3802	3675	3455	3207	2974	2710	2564	2469	2470	2612	2925	3205	3558	3696	3847	3760	3635	3403	3236	2976	2796	2599	2442	2256	
33	346	95.0	95.0	1	0	0	2	950	1170	1584	2211	2789	3343	3704	3819	3777	3675	3420	3244	2975	2722	2576	2463	2477	2592	2902	3199	3514	3683	3817	3722	3636	3415	3240	2997	2747	2572	2439	2268	
33	363	95.0	95.0	1	0	0	2	938	1150	1584	2166	2808	3404	3652	3863	3807	3692	3452	3237	2989	2737	2576	2458	2487	2624	2887	3200	3553	3734	3842	3757	3650	3415	3209	3024	2774	2594	2438	2281	
33	381	95.0	95.0	1	0	0	2	943	1159	1607	2197	2834	3351	3688	3837	3779	3676	3474	3251	2967	2731	2600	2473	2493	2579	2878	3182	3529	3753	3803	3713	3627	3422	3197	2990	2791	2605	2405	2273	
33	398	94.9	95.0	1	0	0	2	967	1166	1577	2144	2822	3377	3706	3873	3806	3675	3444	3230	2970	2738	2561	2460	2464	2581	2913	3218	3533	3763	3785	3746	3638	3416	3228	2994	2804	2583	2431	2266	
33	415	94.9	95.0	1	0	0	2	947	1162	1572	2175	2832	3379	3734	3825	3784	3689	3447	3233	2958	2715	2580	2448	2489	2596	2901	3213	3529	3753	3827	3769	3640	3404	3221	3004	2833	2573	2443	2284	
33	432	94.9	95.0	1	0	0	2	944	1163	1553	2175	2805	3396	3676	3837	3793	3668	3468	3234	2953	2730	2554	2466	2476	2603	2858	3199	3518	3739	3810	3756	3632	3439	3229	2969	2796	2603	2437	2251	
33	450	95.0	95.0	1	0	0	2	949	1148	1564	2188	2804	3389	3682	3842	3766	3688	3474	3263	2991	2732	2589	2483	2473	2598	2856	3233	3505	3761	3794	3758	3620	3466	3229	3034	2815	2603	2442	2284	
33	467	94.9	95.0	1	0	0	2	953	1153	1577	2184	2813	3374	3688	3832	3784	3690	3451	3223	2942	2743	2609	2453	2498	2584	2892	3244	3552	3748	3818	3742	3681	3444	3216	3017	2791	2609	2449	2276	
33	484	94.9	95.0	1	0	0	2	945	1167	1588	2183	2794	3370	3704	3836	3786	3707	3465	3248	3008	2706	2571	2484	2455	2612	2880	3215	3517	3712	3819	3748	3638	3441	3248	2983	2814	2608	2423	2272	
33	501	94.9	95.0	1	0	0	2	958	1152	1580	2174	2840	3361	3661	3892	3798	3682	3452	3234	2967	2728	2584	2465	2457	2632	2898	3233	3573	3723	3824	3725	3640	3428	3222	2988	2793	2607	2392	2306	
33	519	95.0	95.0	1	0	0	2	948	1138	1570	2180	2824	3374	3687	3835	3803	3679	3462	3240	2952	2737	2589	2478	2486	2608	2910	3215	3536	3737	3865	3746	3624	3458	3241	2998	2793	2612	2427	2275	
33	536	94.9	95.0	1	0	0	2	940	1153	1564	2174	2826	3402	3692	3844	3794	3663	3469	3243	2980	2744	2563	2482	2487	2622	2870	3226	3520	3738	3797	3724	3620	3444	3237	2973	2798	2603	2437	2275	
33	553	94.9	95.0	1	0	0	2	972	1155	1556	2163	2829	3388	3680	3828	3811	3662	3463	3264	2941	2759	2586	2475	2488	2610	2896	3202	3561	3741	3854	3741	3654	3432	3217	2982	2789	2598	2454	2266	
33	570	95.0	95.0	1	0	0	2	929	1152	1593	2161	2825	3389	3735	3862	3777	3692	3484	3219	2969	2726	2562	2480	2486	2623	2894	3208	3514	3753	3824	3724	3643	3429	3209	2991	2796	2601	2469	2283	
33	588	94.9	95.0	1	0	0	2	948	1160	1594	2161	2819	3406	3718	3868	3815	3701	3482	3257	2986	2737	2571	2463	2483	2601	2882	3207	3547	3722	3846	3750	3667	3424	3238	2990	2784	2613	2416	2270	
33	605	95.0	95.0	1	0	0	2	939	1179	1576	2176	2811	3369	3698	3870	3821	3695	3454	3233	3003	2724	2589	2483	2499	2600	2865	3220	3519	3780	3815	3745	3641	3464	3232	3002	2829	2600	2429	2335	
33	622	95.0	95.0	1	0	0	2	966	1156	1582	2168	2845	3391	3693	3856	3823	3711	3460	3252	2987	2761	2588	2470	2457	2596	2895	3223	3561	3783	3833	3714	3641	3456	3233	2994	2814	2627	2450	2281	
33	639	95.0	95.0	1	0	0	2	947	1171	1571	2181	2865	3390	3672	3843	3802	3665	3479	3247	3001	2759	2581	2482	2482	2611	2883	3235	3546	3776	3831	3776	3677	3444	3240	3004	2788	2613	2466	2283	
33	657	95.0	95.0	1	0	0	2	949	1163	1591	2167	2844	3411	3701	3880	3822	3700	3491	3257	3016	2765	2585	2485	2486	2631	2900	3224	3551	3741	3845	3767	3649	3465	3230	3016	2797	2598	2447	2260	
33	674	95.0	95.0	1	0	0	2	948	1169	1584	2192	2823	3384	3688	3860	3808	3694	3508	3262	2991	2720	2610	2492	2483	2618	2906	3234	3544	3736	3811	3752	3634	3453	3232	3023	2798	2595	2461	2272	
33	691	95.0	95.0	1	0	0	2	950	1174	1585	2180	2842	3379	3722	3852	3848	3738	3506	3269	2984	2731	2594	2484	2472	2640	2920	3220	3579	3773	3827	3773	3672	3459	3235	2997	2798	2607	2448	2307	
33	708	95.0	95.0	1	0	0	2	951	1161	1547	2177	2816	3392	3709	3844	3790	3695	3488	3244	2976	2742	2566	2482	2483	2636	2910	3222	3547	3774	3801	3732	3671	3443	3252	3002	2815	2606	2445	2315	
33	726	95.0	95.0	1	0	0	2	946	1167	1578	2191	2811	3447	3727	3891	3792	3723	3482	3254	2985	2771	2601	2496	2465	2636	2910	3238	3508	3771	3842	3764	3652	3435	3241	2994	2799	2587	2456	2253	
33	743	95.0	95.0	1	0	0	2	950	1154	1591	2188	2843	3410	3724	3912	3831	3662	3503	3262	2991	2757	2576	2477	2508	2620	2889	3269	3518	3782	3832	3769	3657	3469	3248	2981	2812	2635	2427	2254	
33	760	95.0	95.0	1	0	0	2	950	1176	1587	2186	2839	3377	3738	3907	3807	3705	3489	3270	3037	2743	2589	2477	2507	2605	2865	3222	3590	3763	3823	3766	3656	3437	3245	3012	2854	2617	2449	2281	
33	777	95.0	95.0	1	0	0	2	954	1154	1559	2176	2844	3418	3656	3858	3845	3676	3493	3251	3007	2753	2593	2502	2442	2595	2889	3216	3540	3764	3827	3739	3665	3466	3234	3006	2820	2616	2400	2271	
33	795	95.0	95.0	1	0	0	2	944	1159	1583	2210	2837	3310	3742	3884	3818	3686	3504	3228	2981	2750	2568	2473	2476	2618	2888	3219	3526	3778	3857	3753	3668	3439	3267	3006	2847	2620	2410	2297	
33	812	95.0	95.0	1	0	0	2	945	1132	1591	2175	2842	3381	3714	3838	3809	3709	3476	3253	2981	2745	2593	2461	2448	2624	2908	3263	3549	3747	3813	3768	3674	3438	3194	3027	2817	2630	2416	2302	
33	829	95.0	95.0	1	0	0	2	954	1154	1597	2163	2820	3385	3737	3889	3814	3706	3491	3252	2993	2753	2575	2469	2487	2648	2904	3236	3558	3737	3863	3766	3640	3456	3248	2988	2799	2590	2424	2272	
33	846	94.9	95.0	1	0	0	2	948	1163	1593	2172	2816	3369	3747	3904	3808	3732	3497	3277	2998	2733	2562	2485	2482	2629	2865	3198	3547	3698	3876	3773	3683	3460	3276	2972	2825	2593	2438	2258	
33	864	95.0	95.0	1	0	0	2	955	1147	1588	2177	2841	3421	3720	3892	3841	3712	3484	3228	3004	2761	2588	2497	2483	2599	2894	3240	3544	3756	3816	3758	3661	3429	3208	3011	2809	2604	2461	2267	
33	881	95.0	95.0	1	0	0	2	946	1168	1593	2168	2826	3386	3659	3885	3831	3698	3496	3256	2997	2769	2588	2488	2482	2642	2893	3224	3554	3745	3829	3749	3672	3477	3221	3018	2808	2599	2453	2315	
33	898	95.0	95.0	1	0	0	2	956	1161	1571	2190	2841	3421	3760	3913	3820	3714	3476	3282	3008	2758	2604	2502	2469	2617	2904	3235	3558	3782	3833	3752	3682	3421	3215	3052	2847	2613	2457	2283	
33	915	95.0	95.0	1	0	0	2	943	1192	1577	2190	2835	3388	3727	3878	3773	3715	3480	3261	2990	2742	2599	2469	2494	2630	2889	3262	3565	3757	3845	3765	3648	3448	3277	3025	2813	2614	2455	2264	
33	933	95.0	95.0	1	0	0	2	951	1170	1582	2198	2825	3368	3715	3888	3846	3720	3507	3261	2989	2731	2596	2494	2476	2633	2888	3211	3557	3752	3844	3766	3655	3440	3222	2961	2800	2610	2415	2284	
33	950	95.0	95.0	1	0	0	2	968	1171	1582	2208	2835	3388	3740	3884	3833	3768	3500	3257	3029	2745	2608	2512	2496	2621	2919	3280	3561	3769	3856	3740	3678	3459	3247	3042	2832	2611	2473	2284	
33	967	95.0	95.0	1	0	0	2	955	1178	1593	2191	2842	3385	3694	3864	3832	3727	3517	3261	3014	2739	2615	2487	2500	2621	2873	3234	3567	3778	3853	3778	3662	3468	3247	2989	2808	2614	2459	2306	
33	984	95.0	95.0	1	0	0	2	953	1164	1555	2214	2845	3400	3693	3898	3845	3727	3503	3297	2997	2776	2594	2481	2464	2617	2902	3232	3541	3791	3829	3748	3676	3448	3241	3031	2785	2613	2400	2303	
33	1002	95.0	95.0	1	0	0	2	955	1164	1585	2171	2869	3425	3764	3896	3801	3725	3495	3258	2987	2738	2617	2485	2494	2610	2902	3224	3551	3791	3837	3815	3656	3456	3252	3020	2826	2581	2438	2285	
33	1019	94.9	95.0	1	0	0	2	945	1172	1589	2156	2832	3415	3714	3848	3840	3725	3502	3258	2997	2745	2601	2509	2466	2628	2902	3220	3531	3773	3825	3762	3658	3475	3217	3033	2814	2602	2447	2291	
33	1036	94.9	95.0	1	0	0	2	955	1141	1594	2202	2839	3399	3704	3865	3833	3693	3510	3282	3021	2741	2553	2489	2532	2641	2902	3279	3574	3743	3855	3767	3672	3471	3243	2993	2831	2579	2454	2265	
33	1053	95.0	95.0	1	0	0	2	948	1173	1579	2206	2823	3387	3710	3870	3855	3729	3487	3281	2981	2759	2585	2517	2499	2626	2918	3206	3557	3768	3836	3777	3666	3457	3235	2992	2815	2591	2469	2309	
33	1071	95.0	95.0	1	0	0	2	948	1156	1577	2199	2839	3431	3724	3878	3818	3710	3508	3263	3026	2744	2561	2502	2475	2628	2884	3214	3526	3746	3850	3767	3671	3453	3251	3001	2822	2596	2432	2273	
33	1088	94.9	95.0	1	0	0	2	943	1158	1595	2184	2877	3404	3768	3875	3830	3712	3496	3301	2998	2768	2607	2501	2514	2640	2910	3220	3592	3743	3830	3774	3658	3466	3278	3021	2807	2615	2441	2283	
33	1105	95.0	95.0	1	0	0	2	933	1176	1603	2188	2864	3446	3747	3893	3865	3723	3481	3276	3025	2725	2578	2476	2494	2606	2905	3218	3562	3745	3831	3753	3646	3440	3255	3001	2803	2617	2430	2281	
33	1122	94.9	95.0	1	0	0	2	959	1179	1584	2194	2827	3426	3706	3926	3822	3763	3531	3302	3002	2742	2623	2479	2499	2623	2901	3249	3544	3747	3824	3769	3671	3458	3262	3029	2850	2595	2443	2276	
33	1140	95.0	95.0	1	0	0	2	963	1166	1564	2190	2857	3430	3750	3918	3854	3764	3479	3267	3004	2756	2620	2535	2498	2646	2910	3239	3541	3775	3815	3761	3653	3470	3235	2996	2801	2613	2456	2301	
33	1157	95.0	95.0	1	0	0	2	941	1170	1588	2184	2849	3398	3721	3913	3805	3705	3506	3284	2993	2747	2615	2470	2503	2624	2933	3210	3546	3808	3821	3797	3665	3464	3227	2991	2802	2602	2440	2285	
33	1174	95.0	95.0	1	0	0	2	945	1165	1572	2207	2798	3419	3755	3935	3854	3746	3478	3271	3010	2775	2589	2479	2498	2642	2902	3240	3578	3786	3804	3784	3665	3444	3287	3017	2806	2593	2452	2279	
33	1191	94.9	95.0	1	0	0	2	944	1161	1587	2173	2858	3423	3749	3910	3852	3714	3528	3272	2994	2761	2561	2513	2485	2563	2908	3240	3544	3796	3846	3805	3665	3429	3239	3068	2799	2624	2437	2279	
33	1209	94.9	95.0	1	0	0	2	958	1140	1589	2187	2842	3406	3746	3889	3836	3717	3507	3284	3001	2730	2620	2493	2501	2604	2899	3227	3547	3756	3857	3755	3620	3437	3257	3040	2793	2600	2472	2265	
33	1226	95.0	95.0	1	0	0	2	950	1156	1604	2175	2856	3419	3713	3883	3836	3719	3523	3289	2993	2782	2599	2498	2490	2616	2904	3239	3557	3785	3805	3783	3661	3408	3250	3008	2804	2640	2439	2265	
33	1243	95.0	95.0	1	0	0	2	958	1166	1580	2156	2844	3406	3696	3881	3848	3729	3512	3292	2998	2745	2610	2511	2497	2645	2904	3251	3559	3758	3833	3734	3662	3420	3213	3005	2790	2581	2434	2290	
33	1260	95.0	95.0	1	0	0	2	950	1173	1594	2185	2816	3377	3735	3902	3835	3711	3524	3282	2993	2738	2589	2493	2509	2647	2866	3240	3559	3761	3825	3786	3672	3447	3228	2988	2796	2602	2420	2282	
33	1278	95.0	95.0	1	0	0	2	951	1195	1580	2200	2834	3406	3750	3892	3841	3718	3531	3270	3022	2755	2568	2504	2478	2634	2905	3244	3555	3734	3834	3747	3636	3444	3212	3002	2834	2625	2445	2280	
33	1295	95.0	95.0	1	0	0	2	941	1160	1591	2218	2859	3422	3711	3924	3863	3750	3523	3257	3012	2783	2611	2495	2499	2630	2916	3211	3560	3784	3846	3798	3662	3448	3214	3030	2773	2614	2466	2283	
33	1324	95.0	95.0	1	1	0	2	937	1181	1590	2181	2796	3355	3716	3880	3853	3705	3503	3283	2998	2763	2597	2503	2467	2627	2905	3225	3583	3768	3799	3763	3698	3460	3263	3025	2831	2613	2428	2268	
33	1388	59.9	60.2	1	1	1	2	1043	1468	2368	3605	4925	5994	6564	6750	6529	6148	5674	5207	4640	4152	3804	3495	3326	3365	3654	4046	4447	4712	4794	4721	4583	4224	3942	3594	3315	3076	2840	2623	
33	1405	59.9	60.0	1	1	1	2	1073	1489	2376	3656	5082	6154	6676	6913	6633	6292	5747	5294	4704	4217	3830	3517	3380	3421	3714	4058	4474	4733	4837	4768	4615	4277	3953	3652	3410	3063	2852	2620	
33	1422	59.9	60.0	1	1	1	2	1063	1487	2398	3654	4989	6122	6677	6851	6583	6221	5753	5262	4671	4183	3814	3492	3362	3401	3666	4073	4450	4732	4833	4736	4599	4284	3992	3637	3322	3056	2857	2629	
33	1439	59.9	60.0	1	1	1	2	1024	1476	2361	3604	4981	6075	6586	6756	6551	6232	5727	5185	4673	4186	3805	3503	3334	3358	3668	4017	4443	4716	4804	4729	4594	4263	3970	3573	3305	3062	2829	2621	
33	1457	60.0	60.0	1	1	1	2	1055	1488	2366	3620	4932	6043	6583	6794	6557	6188	5692	5196	4699	4161	3796	3463	3323	3348	3656	3997	4439	4727	4789	4708	4571	4279	3941	3579	3321	3019	2843	2638	
33	1474	59.9	60.0	1	1	1	2	1041	1482	2381	3616	4957	6064	6563	6792	6512	6159	5654	5191	4660	4153	3772	3473	3339	3379	3659	4006	4460	4698	4769	4684	4552	4263	3933	3627	3299	3024	2804	2620	
33	1491	59.9	60.0	1	1	1	2	1057	1483	2365	3617	4987	6050	6574	6763	6487	6203	5680	5150	4656	4168	3797	3473	3335	3361	3643	4013	4436	4743	4841	4677	4559	4296	3964	3616	3331	3041	2832	2622	
33	1554	95.2	95.0	2	1	0	2	944	1182	1570	2145	2840	3392	3689	3882	3805	3681	3456	3230	2971	2699	2547	2466	2452	2580	2842	3169	3492	3627	3753	3688	3583	3384	3181	2952	2757	2566	2381	2263	
33	1571	95.0	95.0	2	1	0	2	942	1150	1553	2156	2783	3356	3650	3794	3748	3658	3443	3224	2932	2679	2552	2423	2438	2595	2826	3140	3452	3656	3749	3658	3584	3368	3160	2971	2755	2555	2392	2270	
33	1632	59.8	60.2	2	1	1	2	1017	1452	2313	3495	4813	5855	6421	6546	6300	5996	5530	5028	4470	4030	3686	3423	3254	3325	3548	3921	4321	4591	4738	4622	4507	4225	3833	3516	3275	2971	2762	2565	
33	1649	60.0	60.0	2	1	1	2	1052	1459	2310	3529	4820	5909	6343	6552	6319	6013	5580	5083	4534	4047	3691	3423	3273	3300	3579	3932	4330	4601	4685	4560	4518	4209	3871	3533	3251	2992	2763	2584	
33	1666	59.9	60.0	2	1	1	2	1042	1468	2311	3545	4821	5876	6417	6562	6336	6049	5559	5054	4510	4055	3689	3416	3260	3294	3563	3939	4345	4602	4726	4585	4476	4179	3906	3531	3252	2972	2772	2565	
33	1683	60.0	60.0	2	1	1	2	1048	1482	2294	3480	4850	5920	6397	6609	6381	6006	5586	5078	4500	4077	3741	3432	3267	3288	3579	3925	4345	4649	4696	4636	4517	4204	3891	3551	3230	2998	2811	2569	
33	1701	59.9	60.0	2	1	1	2	1029	1460	2344	3535	4841	5914	6454	6628	6327	6035	5529	5087	4530	4063	3703	3394	3254	3318	3553	3937	4325	4636	4717	4641	4489	4166	3898	3545	3251	2972	2742	2605	
33	1718	59.9	60.0	2	1	1	2	1064	1473	2326	3542	4826	5876	6445	6584	6419	6052	5539	5051	4556	4034	3708	3443	3274	3290	3573	3948	4374	4606	4732	4646	4494	4260	3873	3588	3267	2986	2779	2579	
33	1735	60.0	60.0	2	1	1	2	1036	1463	2319	3550	4823	5919	6384	6558	6347	6066	5546	5069	4568	4074	3738	3442	3260	3310	3597	3972	4357	4640	4736	4630	4484	4185	3921	3552	3252	2996	2758	2601	
33	1798	95.0	95.0	3	1	0	2	948	1129	1586	2170	2819	3393	3672	3854	3823	3660	3444	3216	2986	2733	2560	2456	2399	2591	2847	3142	3454	3711	3756	3675	3588	3386	3184	2945	2730	2544	2380	2236	
33	1815	95.0	95.0	3	1	0	2	944	1141	1567	2144	2798	3350	3688	3788	3757	3635	3424	3211	2942	2689	2546	2471	2427	2607	2849	3141	3454	3659	3728	3656	3573	3357	3174	2908	2733	2575	2376	2268	
33	1876	59.8	60.2	3	1	1	2	1036	1451	2317	3491	4776	5863	6318	6542	6303	6004	5523	5080	4513	4066	3699	3373	3249	3282	3562	3901	4303	4616	4659	4565	4468	4171	3865	3550	3249	2958	2748	2568	
33	1893	59.9	60.0	3	1	1	2	1028	1451	2317	3538	4835	5898	6404	6594	6334	6018	5521	5044	4562	4040	3689	3435	3243	3332	3574	3939	4316	4625	4648	4574	4464	4158	3842	3474	3242	2967	2749	2576	
33	1910	60.0	60.0	3	1	1	2	1046	1465	2308	3528	4832	5860	6373	6559	6308	6053	5543	5038	4536	4043	3721	3403	3223	3295	3569	3945	4304	4634	4678	4596	4469	4143	3870	3537	3266	2988	2774	2541	
33	1928	59.9	60.0	3	1	1	2	1041	1464	2330	3562	4870	5922	6435	6629	6425	6030	5542	5083	4578	4042	3702	3418	3247	3330	3560	3929	4346	4627	4712	4623	4482	4198	3874	3522	3250	2956	2772	2608	
33	1945	59.9	60.0	3	1	1	2	1045	1485	2331	3555	4873	5951	6428	6618	6368	6059	5573	5091	4525	4078	3720	3422	3247	3315	3564	3949	4361	4621	4680	4612	4483	4183	3894	3524	3247	2985	2752	2573	
33	1962	60.0	60.0	3	1	1	2	1052	1464	2324	3531	4849	5868	6403	6557	6384	6013	5543	5072	4573	4060	3703	3384	3260	3314	3560	3925	4340	4634	4720	4623	4468	4167	3863	3511	3268	2974	2769	2557	
33	1979	59.9	60.0	3	1	1	2	1052	1450	2334	3514	4862	5896	6338	6624	6356	6016	5548	5126	4554	4046	3697	3414	3251	3313	3526	3936	4355	4582	4712	4656	4484	4165	3899	3512	3248	2978	2757	2555	
33	2044	95.0	95.1	4	1	0	2	945	1157	1578	2149	2802	3372	3662	3836	3739	3623	3435	3196	2973	2717	2557	2447	2426	2570	2841	3125	3427	3645	3736	3642	3556	3337	3149	2951	2716	2541	2384	2216	
33	2061	95.0	95.0	4	1	0	2	955	1161	1547	2130	2807	3310	3610	3779	3749	3628	3402	3190	2961	2671	2549	2439	2432	2532	2804	3134	3439	3620	3737	3649	3540	3330	3144	2919	2733	2546	2384	2217	
33	2124	59.8	60.1	4	1	1	2	1030	1470	2317	3481	4809	5894	6328	6512	6357	5926	5570	5061	4513	4024	3646	3416	3270	3313	3560	3916	4315	4574	4697	4551	4439	4175	3858	3516	3236	2960	2755	2580	
33	2141	60.0	60.0	4	1	1	2	1031	1458	2326	3534	4814	5862	6355	6584	6319	6026	5520	5052	4539	4038	3704	3408	3253	3309	3550	3888	4285	4558	4666	4579	4469	4166	3865	3502	3214	2943	2760	2540	
33	2158	59.9	60.0	4	1	1	2	1052	1460	2320	3539	4833	5857	6464	6591	6322	6015	5535	5077	4544	4049	3707	3441	3244	3309	3558	3923	4323	4605	4670	4572	4456	4170	3879	3512	3236	2971	2746	2553	
33	2176	59.9	60.0	4	1	1	2	1043	1465	2330	3510	4857	5932	6432	6600	6367	6028	5553	5084	4538	4087	3717	3417	3261	3302	3564	3926	4284	4572	4703	4625	4464	4169	3845	3526	3258	2952	2750	2559	
33	2193	60.0	60.0	4	1	1	2	1041	1468	2302	3521	4818	5909	6406	6604	6339	6010	5534	5084	4568	4041	3704	3413	3271	3280	3574	3948	4350	4595	4703	4596	4444	4171	3843	3520	3228	2975	2764	2553	
33	2210	60.0	60.0	4	1	1	2	1064	1459	2323	3539	4826	5865	6423	6618	6404	6009	5528	5083	4582	4076	3726	3395	3235	3291	3547	3893	4335	4611	4692	4540	4450	4124	3856	3523	3236	2968	2788	2570	
33	2227	60.0	60.0	4	1	1	2	1057	1481	2329	3543	4813	5885	6417	6593	6350	6021	5585	5052	4528	4037	3681	3381	3266	3269	3556	3904	4293	4550	4692	4589	4454	4172	3853	3526	3226	2992	2768	2560	
33	2290	95.2	95.0	5	1	0	2	936	1147	1564	2140	2778	3365	3666	3831	3760	3640	3446	3217	2928	2713	2555	2426	2455	2555	2830	3133	3414	3647	3698	3635	3526	3341	3123	2896	2705	2518	2372	2226	
33	2307	95.0	95.0	5	1	0	2	941	1158	1564	2147	2793	3311	3627	3736	3697	3588	3388	3165	2914	2676	2549	2418	2421	2589	2795	3110	3455	3642	3697	3602	3508	3305	3084	2895	2745	2494	2395	2202	
33	2370	59.7	60.1	5	1	1	2	1039	1450	2284	3504	4769	5840	6334	6548	6330	5974	5512	5037	4513	4018	3671	3354	3198	3285	3535	3894	4305	4548	4671	4583	4405	4122	3814	3482	3220	2971	2749	2563	
33	2387	60.0	60.0	5	1	1	2	1049	1432	2309	3501	4773	5839	6399	6555	6326	5990	5527	5051	4527	4017	3696	3407	3237	3312	3546	3896	4300	4575	4640	4561	4419	4125	3855	3504	3228	2976	2735	2553	
33	2405	60.0	60.0	5	1	1	2	1041	1457	2302	3551	4840	5903	6369	6579	6345	6011	5523	5060	4518	4045	3701	3393	3241	3308	3557	3933	4275	4593	4733	4560	4441	4131	3842	3520	3243	2998	2736	2564	
33	2422	60.0	60.0	5	1	1	2	1041	1478	2320	3539	4866	5900	6435	6587	6361	6044	5558	5061	4540	4026	3707	3415	3216	3324	3571	3941	4306	4583	4681	4552	4440	4135	3837	3527	3214	2965	2760	2555	
33	2439	60.0	60.0	5	1	1	2	1046	1462	2334	3529	4840	5896	6386	6590	6343	6047	5526	5064	4548	4053	3704	3399	3257	3301	3547	3916	4319	4557	4701	4615	4425	4188	3816	3481	3196	2963	2738	2557	
33	2456	59.9	60.0	5	1	1	2	1051	1468	2338	3514	4836	5853	6398	6544	6324	6030	5520	5017	4546	4044	3690	3438	3250	3276	3522	3930	4324	4572	4670	4581	4444	4170	3839	3506	3220	2953	2747	2555	
33	2474	60.0	60.0	5	1	1	2	1048	1442	2325	3563	4792	5889	6404	6546	6324	6012	5519	5011	4526	4056	3684	3361	3246	3271	3541	3899	4286	4579	4679	4608	4386	4139	3812	3535	3234	2970	2772	2545	
33	2538	95.1	95.1	6	1	0	2	946	1154	1574	2132	2776	3337	3638	3793	3737	3605	3407	3190	2915	2698	2537	2435	2426	2558	2806	3106	3421	3576	3670	3598	3546	3304	3101	2866	2714	2513	2373	2212	
33	2555	95.0	95.0	6	1	0	2	970	1142	1563	2148	2757	3340	3626	3770	3717	3601	3379	3144	2887	2654	2510	2395	2409	2515	2780	3069	3400	3585	3701	3565	3457	3368	3128	2862	2703	2525	2355	2191	
33	2618	59.7	60.1	6	1	1	2	1037	1442	2283	3462	4760	5807	6317	6484	6279	5939	5458	5020	4508	4021	3663	3417	3212	3252	3560	3861	4266	4525	4577	4547	4427	4084	3830	3474	3211	2940	2745	2536	
33	2635	60.0	60.0	6	1	1	2	1042	1455	2309	3498	4816	5804	6336	6474	6285	5986	5519	5025	4493	4008	3673	3386	3221	3267	3585	3891	4301	4564	4631	4543	4416	4123	3816	3539	3220	2960	2738	2545	
33	2653	60.0	60.0	6	1	1	2	1046	1465	2303	3524	4828	5909	6349	6520	6347	6007	5457	4993	4506	4037	3689	3365	3241	3273	3523	3898	4255	4556	4651	4554	4414	4122	3847	3483	3256	2946	2733	2546	
33	2670	60.0	60.0	6	1	1	2	1054	1460	2344	3498	4843	5863	6384	6567	6327	5983	5519	5058	4492	4053	3678	3422	3280	3279	3531	3863	4286	4535	4636	4588	4429	4127	3831	3507	3197	2940	2757	2570	
33	2687	60.0	60.0	6	1	1	2	1053	1461	2313	3519	4796	5847	6324	6534	6320	5983	5481	5007	4578	4079	3655	3392	3225	3268	3502	3903	4269	4524	4693	4533	4420	4120	3817	3492	3216	2955	2783	2554	
33	2704	59.9	60.0	6	1	1	2	1038	1469	2316	3496	4833	5852	6379	6518	6269	5948	5486	5039	4528	4012	3678	3372	3203	3293	3535	3868	4288	4523	4654	4582	4386	4111	3803	3476	3227	2936	2715	2521	
33	2722	60.0	60.0	6	1	1	2	1029	1478	2300	3499	4776	5881	6345	6563	6250	5971	5513	5047	4513	4010	3699	3391	3205	3289	3512	3895	4264	4569	4662	4587	4384	4085	3827	3488	3191	2958	2747	2549	
33	2786	95.0	95.1	7	1	0	2	944	1121	1566	2170	2777	3360	3643	3787	3715	3598	3394	3195	2902	2670	2516	2420	2407	2564	2760	3104	3376	3596	3665	3613	3515	3330	3128	2905	2712	2481	2355	2200	
33	2803	95.0	95.0	7	1	0	2	932	1132	1531	2101	2767	3283	3601	3743	3731	3586	3392	3105	2903	2657	2545	2416	2394	2549	2783	3094	3401	3571	3650	3571	3500	3303	3120	2892	2670	2511	2343	2188	
33	2866	59.8	60.1	7	1	1	2	1050	1468	2280	3473	4744	5822	6355	6483	6256	5936	5478	5012	4479	4000	3634	3369	3195	3248	3528	3869	4248	4537	4606	4549	4387	4089	3809	3456	3189	2951	2721	2534	
33	2883	59.9	60.0	7	1	1	2	1036	1438	2281	3500	4784	5803	6301	6466	6245	5908	5421	4973	4471	3975	3653	3346	3186	3272	3486	3850	4270	4544	4628	4519	4390	4083	3787	3468	3206	2948	2738	2563	
33	2901	59.9	60.0	7	1	1	2	1049	1433	2278	3489	4793	5812	6360	6542	6310	5992	5504	5045	4523	4021	3644	3379	3168	3249	3565	3886	4275	4561	4649	4534	4365	4095	3796	3490	3208	2953	2695	2578	
33	2918	59.9	60.0	7	1	1	2	1037	1453	2314	3489	4830	5821	6370	6515	6283	5992	5505	5040	4520	4029	3652	3370	3207	3241	3519	3857	4261	4518	4642	4559	4401	4102	3805	3472	3216	2973	2740	2534	
33	2935	60.0	60.0	7	1	1	2	1048	1424	2308	3507	4751	5891	6337	6522	6297	5992	5480	5023	4501	4015	3686	3400	3231	3257	3527	3848	4302	4554	4671	4534	4440	4073	3757	3476	3193	2931	2696	2549	
33	2952	60.0	60.0	7	1	1	2	1033	1442	2288	3483	4820	5833	6331	6492	6243	5949	5488	5023	4440	4042	3657	3350	3207	3272	3486	3917	4250	4525	4616	4523	4403	4062	3828	3451	3208	2950	2743	2538	
33	2970	60.0	60.0	7	1	1	2	1049	1441	2298	3541	4784	5809	6318	6471	6286	5987	5452	4986	4484	3992	3659	3360	3211	3233	3541	3842	4264	4516	4626	4528	4345	4107	3809	3496	3185	2938	2730	2530	
33	3034	95.3	95.0	8	1	0	2	950	1125	1568	2120	2756	3320	3627	3778	3725	3585	3392	3159	2895	2686	2549	2392	2383	2548	2784	3083	3349	3591	3674	3614	3497	3276	3082	2904	2657	2483	2355	2203	
33	3051	95.0	95.0	8	1	0	2	927	1135	1543	2116	2739	3250	3582	3749	3689	3577	3379	3105	2910	2629	2487	2382	2354	2518	2770	3052	3375	3576	3653	3582	3453	3317	3098	2862	2695	2507	2325	2182	
33	3114	59.7	60.2	8	1	1	2	1040	1457	2282	3464	4737	5733	6249	6447	6240	5883	5426	4952	4469	3966	3612	3339	3195	3243	3476	3854	4223	4480	4591	4508	4360	4099	3784	3438	3169	2924	2737	2523	
33	3132	59.9	60.0	8	1	1	2	1030	1442	2301	3439	4736	5768	6286	6453	6210	5894	5433	4988	4484	3985	3638	3370	3200	3238	3490	3806	4231	4504	4614	4490	4335	4109	3775	3448	3161	2902	2724	2541	
33	3149	60.0	60.0	8	1	1	2	1047	1440	2302	3476	4777	5812	6273	6514	6253	5956	5469	4994	4490	3972	3696	3330	3205	3267	3493	3876	4229	4534	4628	4513	4356	4048	3792	3469	3196	2921	2720	2519	
33	3166	60.0	60.0	8	1	1	2	1049	1454	2329	3476	4798	5819	6309	6492	6232	5960	5454	5006	4476	4026	3665	3369	3222	3251	3491	3873	4235	4464	4626	4501	4359	4082	3817	3442	3217	2939	2715	2525	
33	3183	60.0	60.0	8	1	1	2	1044	1457	2294	3522	4799	5809	6320	6489	6265	5933	5455	4995	4430	3985	3616	3374	3219	3248	3518	3857	4237	4522	4595	4500	4374	4096	3796	3465	3234	2912	2698	2524	
33	3201	60.0	60.0	8	1	1	2	1041	1468	2288	3495	4780	5817	6309	6496	6231	5945	5442	4986	4473	3996	3616	3306	3208	3210	3486	3821	4258	4459	4604	4469	4344	4059	3793	3479	3154	2946	2735	2521	
33	3218	60.0	60.0	8	1	1	2	1036	1442	2277	3483	4751	5817	6292	6475	6227	5899	5428	4957	4474	3968	3632	3367	3192	3229	3484	3842	4225	4516	4594	4504	4345	4046	3782	3435	3179	2928	2714	2503	
33	3280	95.2	95.0	9	1	0	2	943	1138	1563	2125	2740	3292	3594	3751	3699	3563	3381	3152	2891	2645	2521	2403	2398	2514	2769	3033	3339	3596	3648	3578	3459	3287	3074	2865	2695	2485	2354	2198	
33	3298	95.0	95.0	9	1	0	2	944	1155	1538	2102	2695	3265	3563	3708	3674	3567	3372	3104	2870	2630	2459	2397	2360	2543	2753	3049	3343	3552	3622	3580	3439	3265	3078	2853	2657	2469	2332	2180	
33	3360	59.8	60.2	9	1	1	2	1039	1452	2266	3430	4720	5752	6209	6414	6147	5851	5339	4913	4444	3922	3587	3340	3154	3219	3459	3798	4200	4450	4583	4463	4293	4021	3775	3418	3150	2903	2702	2499	
33	3378	60.0	60.0	9	1	1	2	1060	1443	2278	3448	4720	5726	6278	6437	6171	5933	5359	4935	4420	3939	3604	3325	3174	3252	3456	3838	4213	4464	4651	4499	4374	4033	3750	3430	3183	2924	2694	2502	
33	3395	60.0	60.0	9	1	1	2	1028	1433	2287	3454	4702	5748	6264	6388	6232	5951	5464	4994	4426	3974	3582	3350	3175	3210	3483	3855	4208	4449	4592	4499	4323	4070	3763	3434	3184	2921	2701	2527	
33	3412	60.0	60.0	9	1	1	2	1060	1403	2280	3472	4729	5759	6238	6440	6217	5895	5414	4985	4388	3944	3623	3334	3175	3249	3460	3810	4170	4461	4603	4488	4337	4049	3746	3435	3180	2937	2698	2499	
33	3429	60.0	60.0	9	1	1	2	1032	1435	2300	3442	4760	5761	6284	6467	6220	5870	5417	4980	4458	3946	3614	3332	3147	3244	3473	3862	4195	4528	4625	4496	4378	4034	3761	3448	3178	2945	2722	2532	
33	3447	60.0	60.0	9	1	1	2	1042	1453	2290	3442	4747	5759	6319	6385	6194	5851	5382	4961	4432	3976	3616	3331	3190	3244	3472	3828	4213	4468	4550	4524	4343	4038	3756	3447	3169	2907	2723	2525	
33	3464	60.0	60.0	9	1	1	2	1025	1458	2307	3488	4688	5783	6250	6456	6178	5871	5408	4917	4484	3940	3621	3314	3183	3218	3450	3840	4223	4444	4529	4471	4304	4076	3744	3439	3154	2919	2674	2501	
33	3528	95.3	95.0	10	1	0	2	930	1154	1544	2107	2724	3269	3557	3735	3682	3549	3339	3113	2876	2667	2467	2388	2381	2513	2751	3064	3346	3515	3605	3553	3457	3277	3056	2827	2676	2493	2299	2180	
33	3546	95.0	95.0	10	1	0	2	944	1146	1529	2098	2687	3269	3540	3695	3623	3540	3324	3131	2874	2627	2479	2378	2325	2500	2733	3033	3333	3541	3625	3522	3436	3248	3074	2820	2628	2481	2297	2157	
33	3609	59.8	60.1	10	1	1	2	1035	1427	2250	3412	4705	5638	6180	6360	6177	5804	5380	4903	4384	3916	3596	3257	3157	3190	3462	3785	4188	4444	4533	4437	4315	4016	3773	3400	3155	2905	2680	2500	
33	3626	59.9	60.0	10	1	1	2	1032	1468	2255	3428	4680	5735	6186	6370	6099	5837	5380	4912	4399	3902	3614	3307	3164	3188	3440	3816	4189	4461	4543	4440	4305	4007	3716	3429	3150	2907	2707	2502	
33	3643	59.9	60.0	10	1	1	2	1035	1443	2275	3454	4705	5754	6225	6375	6208	5863	5398	4911	4390	3951	3589	3312	3144	3214	3437	3831	4231	4425	4533	4446	4322	4050	3762	3436	3174	2915	2679	2498	
33	3660	59.9	60.0	10	1	1	2	1042	1433	2290	3479	4735	5754	6250	6406	6228	5867	5436	4933	4419	3934	3619	3348	3164	3237	3460	3856	4243	4461	4538	4465	4332	4047	3736	3408	3165	2918	2704	2508	
33	3677	60.0	60.0	10	1	1	2	1037	1449	2301	3436	4700	5758	6188	6422	6199	5877	5411	4916	4417	3932	3610	3309	3161	3213	3459	3777	4209	4473	4565	4464	4351	4062	3767	3399	3152	2884	2689	2486	
33	3695	60.0	60.0	10	1	1	2	1016	1445	2287	3432	4709	5758	6276	6367	6200	5807	5378	4914	4384	3974	3631	3341	3148	3207	3474	3801	4161	4450	4566	4454	4300	3991	3723	3391	3171	2917	2656	2526	
33	3712	59.9	60.0	10	1	1	2	1042	1408	2279	3450	4693	5719	6157	6318	6173	5841	5354	4928	4400	3924	3612	3297	3154	3216	3444	3772	4149	4454	4537	4464	4288	4036	3740	3415	3180	2874	2653	2497	
33	3776	95.2	95.0	11	1	0	2	940	1128	1518	2125	2732	3291	3522	3714	3661	3513	3340	3106	2875	2649	2496	2374	2373	2492	2747	2993	3362	3523	3624	3544	3452	3262	3029	2834	2647	2411	2306	2175	
33	3794	95.0	95.0	11	1	0	2	934	1134	1542	2105	2708	3221	3547	3717	3626	3544	3286	3091	2877	2622	2465	2393	2359	2456	2745	3031	3324	3532	3614	3514	3426	3259	3022	2835	2626	2460	2304	2163	
33	3856	59.7	60.2	11	1	1	2	1045	1438	2257	3417	4648	5660	6191	6325	6093	5819	5315	4893	4384	3896	3572	3297	3128	3173	3416	3779	4184	4416	4539	4428	4305	3980	3730	3401	3131	2917	2675	2497	
33	3874	59.9	60.0	11	1	1	2	1046	1444	2268	3416	4658	5619	6174	6386	6107	5823	5300	4883	4372	3920	3572	3299	3127	3171	3446	3794	4132	4436	4551	4462	4289	4023	3736	3415	3158	2895	2671	2501	
33	3891	60.0	60.0	11	1	1	2	1040	1429	2276	3446	4682	5752	6192	6426	6111	5807	5348	4896	4433	3952	3606	3325	3109	3202	3442	3828	4158	4469	4578	4454	4336	4020	3747	3380	3140	2891	2710	2487	
33	3908	60.0	60.0	11	1	1	2	1028	1451	2271	3445	4723	5736	6227	6324	6204	5834	5380	4898	4435	3931	3584	3291	3170	3210	3452	3773	4189	4441	4523	4451	4288	4037	3723	3404	3166	2908	2703	2489	
33	3925	60.0	60.0	11	1	1	2	1033	1462	2267	3476	4686	5738	6201	6364	6191	5841	5437	4923	4420	3926	3598	3299	3156	3233	3424	3786	4172	4455	4555	4464	4317	4044	3746	3421	3139	2883	2686	2510	
33	3943	60.0	60.0	11	1	1	2	1026	1440	2254	3426	4683	5704	6197	6372	6116	5844	5374	4927	4390	3921	3601	3298	3146	3212	3451	3773	4186	4457	4555	4460	4281	4018	3719	3429	3154	2878	2689	2509	
33	3960	60.0	60.0	11	1	1	2	1040	1432	2282	3444	4693	5672	6197	6408	6135	5813	5353	4900	4406	3971	3566	3277	3150	3207	3442	3787	4145	4405	4532	4449	4316	4021	3719	3405	3170	2859	2679	2509	
33	4023	95.1	95.0	12	1	0	2	949	1141	1540	2109	2724	3263	3567	3698	3640	3568	3358	3101	2854	2623	2468	2389	2383	2483	2741	3052	3328	3528	3588	3510	3454	3191	3054	2853	2650	2463	2320	2152	
33	4040	95.0	95.0	12	1	0	2	939	1147	1537	2093	2685	3222	3529	3692	3646	3518	3317	3080	2859	2608	2484	2362	2386	2446	2739	3045	3336	3506	3570	3488	3414	3245	3041	2834	2635	2425	2324	2161	
33	4103	59.8	60.1	12	1	1	2	1029	1420	2247	3404	4628	5648	6137	6288	6085	5765	5313	4830	4372	3910	3538	3255	3101	3217	3425	3768	4126	4404	4499	4425	4282	3984	3711	3389	3127	2881	2680	2471	
33	4120	59.9	60.0	12	1	1	2	1055	1435	2232	3405	4660	5662	6166	6282	6084	5787	5337	4922	4389	3944	3549	3281	3131	3200	3444	3760	4136	4401	4503	4405	4286	3993	3698	3387	3147	2878	2672	2490	
33	4137	60.0	60.0	12	1	1	2	1036	1434	2280	3412	4652	5671	6190	6349	6117	5794	5327	4923	4372	3925	3593	3296	3155	3195	3446	3793	4156	4401	4523	4419	4317	3987	3707	3412	3131	2878	2659	2487	
33	4154	60.0	60.0	12	1	1	2	1041	1442	2278	3450	4686	5653	6176	6316	6146	5802	5364	4904	4385	3947	3565	3302	3161	3185	3445	3814	4193	4426	4526	4378	4311	4023	3724	3447	3138	2900	2678	2517	
33	4172	59.9	60.0	12	1	1	2	1046	1438	2270	3406	4679	5681	6191	6355	6127	5783	5341	4889	4405	3899	3595	3298	3139	3178	3404	3785	4195	4404	4525	4429	4297	4029	3703	3427	3176	2894	2662	2505	
33	4189	60.0	60.0	12	1	1	2	1042	1444	2248	3442	4687	5660	6198	6305	6127	5783	5336	4888	4400	3938	3561	3246	3147	3206	3467	3766	4157	4424	4526	4458	4301	4002	3699	3427	3122	2885	2685	2477	
33	4206	60.0	60.0	12	1	1	2	1024	1431	2261	3402	4696	5709	6140	6329	6114	5770	5343	4854	4406	3903	3582	3275	3142	3245	3426	3752	4161	4424	4498	4384	4300	4020	3718	3393	3094	2854	2693	2491	
33	4268	95.2	95.0	13	1	0	2	933	1118	1549	2104	2711	3301	3542	3693	3673	3552	3347	3138	2841	2638	2507	2391	2377	2485	2749	3020	3332	3495	3620	3539	3458	3239	3060	2844	2632	2462	2289	2164	
33	4285	95.0	95.0	13	1	0	2	942	1144	1541	2065	2683	3192	3516	3636	3633	3524	3294	3082	2845	2616	2473	2381	2321	2465	2727	2996	3299	3484	3546	3505	3413	3246	3011	2834	2638	2473	2299	2172	
33	4348	59.7	60.2	13	1	1	2	1032	1420	2263	3410	4667	5596	6067	6261	6089	5770	5319	4875	4375	3905	3541	3311	3114	3171	3419	3795	4154	4462	4546	4405	4238	3991	3712	3371	3091	2868	2666	2456	
33	4365	59.9	60.0	13	1	1	2	1035	1426	2266	3416	4631	5637	6105	6268	6078	5773	5293	4842	4380	3900	3540	3287	3134	3168	3398	3763	4119	4412	4511	4414	4256	3998	3693	3379	3119	2866	2701	2466	
33	4382	59.9	60.0	13	1	1	2	1033	1451	2279	3396	4670	5684	6177	6305	6101	5774	5331	4887	4376	3911	3596	3270	3160	3168	3462	3773	4137	4416	4522	4391	4290	4036	3718	3398	3134	2847	2651	2503	
33	4400	60.0	60.0	13	1	1	2	1030	1431	2272	3433	4673	5700	6198	6330	6096	5812	5328	4896	4387	3897	3617	3297	3141	3180	3426	3776	4154	4425	4492	4421	4303	3978	3715	3405	3129	2873	2669	2496	
33	4417	60.0	60.0	13	1	1	2	1066	1448	2276	3401	4647	5650	6156	6325	6075	5799	5322	4890	4369	3920	3557	3286	3143	3188	3389	3757	4167	4385	4515	4426	4261	3995	3711	3395	3123	2857	2685	2472	
33	4434	60.0	60.0	13	1	1	2	1024	1433	2274	3411	4650	5677	6183	6317	6130	5818	5330	4918	4358	3930	3572	3289	3138	3196	3439	3782	4123	4388	4472	4452	4296	3914	3681	3398	3115	2894	2654	2490	
33	4451	60.0	60.0	13	1	1	2	1033	1432	2270	3425	4668	5637	6169	6326	6086	5803	5327	4878	4365	3931	3586	3267	3149	3183	3457	3768	4113	4436	4508	4415	4272	4005	3683	3412	3111	2908	2667	2485	
33	4514	95.2	95.0	14	1	0	2	952	1144	1537	2093	2697	3243	3552	3743	3609	3513	3353	3056	2841	2606	2467	2385	2357	2487	2762	3045	3291	3492	3589	3525	3418	3215	3022	2799	2644	2460	2305	2173	
33	4531	95.0	95.0	14	1	0	2	938	1134	1529	2097	2694	3234	3530	3653	3626	3499	3309	3084	2842	2614	2467	2371	2321	2477	2710	3002	3279	3480	3549	3496	3390	3219	3029	2820	2639	2452	2294	2150	
33	4594	59.8	60.2	14	1	1	2	1036	1400	2255	3404	4608	5615	6076	6277	6039	5749	5296	4845	4310	3861	3540	3240	3109	3180	3403	3702	4099	4374	4487	4365	4235	3942	3672	3373	3105	2850	2652	2477	
33	4611	59.9	60.0	14	1	1	2	1036	1453	2241	3411	4618	5653	6117	6269	6096	5740	5283	4818	4390	3872	3536	3251	3142	3165	3447	3738	4120	4405	4502	4360	4308	3994	3712	3358	3128	2852	2662	2467	
33	4628	59.9	60.0	14	1	1	2	1050	1428	2235	3418	4637	5687	6148	6286	6088	5757	5358	4865	4337	3905	3554	3316	3142	3204	3424	3786	4177	4402	4525	4401	4279	4006	3708	3424	3102	2869	2656	2473	
33	4646	60.0	60.0	14	1	1	2	1043	1422	2259	3459	4675	5661	6179	6300	6106	5786	5332	4885	4376	3932	3605	3282	3134	3186	3431	3796	4089	4372	4562	4413	4267	3998	3684	3402	3143	2887	2680	2491	
33	4663	60.0	60.0	14	1	1	2	1032	1444	2248	3442	4634	5668	6147	6314	6093	5755	5318	4857	4411	3891	3566	3271	3143	3160	3421	3727	4145	4405	4522	4390	4275	3957	3672	3396	3127	2858	2654	2483	
33	4680	60.0	60.0	14	1	1	2	1042	1432	2275	3409	4650	5681	6139	6302	6091	5817	5288	4847	4357	3884	3585	3268	3101	3191	3382	3742	4151	4349	4475	4402	4285	3994	3677	3374	3121	2842	2653	2469	
33	4697	60.0	60.0	14	1	1	2	1019	1434	2277	3419	4605	5678	6109	6291	6068	5800	5369	4858	4361	3900	3551	3271	3097	3163	3396	3741	4156	4372	4476	4418	4252	4015	3674	3350	3115	2870	2654	2487	
33	4762	95.2	95.0	15	1	0	2	932	1124	1530	2091	2693	3220	3545	3670	3637	3487	3322	3092	2838	2608	2462	2333	2368	2450	2721	3000	3306	3479	3548	3514	3416	3206	3039	2792	2633	2444	2272	2153	
33	4779	95.0	95.0	15	1	0	2	938	1166	1516	2083	2670	3184	3512	3638	3598	3489	3269	3112	2820	2585	2442	2376	2311	2489	2679	2988	3277	3486	3538	3463	3382	3211	3031	2768	2610	2441	2284	2143	
33	4842	59.6	60.2	15	1	1	2	1028	1424	2235	3387	4598	5567	6087	6235	6047	5752	5240	4801	4315	3840	3545	3236	3119	3147	3377	3733	4090	4356	4498	4360	4205	3924	3652	3383	3109	2852	2621	2470	
33	4859	59.9	60.0	15	1	1	2	1037	1443	2232	3393	4589	5585	6042	6217	6064	5721	5300	4875	4341	3867	3517	3258	3097	3147	3410	3732	4124	4384	4468	4354	4246	3936	3670	3347	3087	2865	2628	2463	
33	4876	60.0	60.0	15	1	1	2	1033	1428	2289	3431	4614	5618	6097	6315	6082	5746	5317	4808	4376	3893	3559	3280	3090	3141	3393	3754	4119	4367	4466	4377	4202	3960	3677	3368	3099	2823	2642	2473	
33	4894	60.0	60.0	15	1	1	2	1030	1447	2246	3427	4625	5631	6131	6361	6099	5798	5298	4857	4372	3904	3554	3281	3118	3150	3377	3711	4120	4401	4472	4387	4263	4005	3691	3373	3107	2852	2639	2460	
33	4911	60.0	60.0	15	1	1	2	1022	1450	2246	3420	4635	5636	6091	6317	6039	5729	5314	4845	4339	3920	3549	3254	3130	3149	3363	3741	4121	4387	4453	4334	4241	3945	3657	3369	3117	2840	2661	2453	
33	4928	60.0	60.0	15	1	1	2	1046	1421	2251	3390	4613	5662	6082	6271	6051	5735	5312	4808	4317	3891	3551	3255	3114	3162	3402	3754	4116	4369	4479	4376	4233	3922	3680	3348	3087	2816	2658	2432	
33	4945	60.0	60.0	15	1	1	2	1032	1433	2254	3397	4620	5590	6123	6287	6049	5761	5307	4841	4318	3924	3561	3267	3109	3160	3376	3721	4077	4389	4461	4361	4265	3927	3657	3382	3106	2847	2657	2485	
33	5010	95.3	95.0	16	1	0	2	927	1122	1516	2104	2732	3239	3524	3668	3583	3525	3300	3075	2810	2597	2452	2364	2339	2455	2710	2991	3296	3484	3529	3513	3405	3212	2999	2800	2633	2455	2284	2153	
33	5027	95.0	95.0	16	1	0	2	927	1130	1527	2050	2660	3190	3483	3592	3619	3469	3295	3054	2807	2595	2444	2338	2360	2456	2685	3009	3277	3464	3545	3459	3398	3178	3031	2787	2600	2421	2280	2168	
33	5090	59.7	60.2	16	1	1	2	1032	1422	2227	3343	4566	5537	6106	6168	6038	5687	5226	4814	4310	3875	3528	3246	3075	3145	3409	3723	4093	4311	4448	4330	4266	3947	3660	3407	3086	2836	2640	2469	
33	5107	60.0	60.0	16	1	1	2	1041	1427	2241	3412	4580	5597	6085	6234	6018	5724	5245	4806	4302	3871	3531	3253	3123	3156	3388	3771	4124	4383	4468	4355	4268	3988	3678	3358	3115	2819	2645	2467	
33	5124	60.0	60.0	16	1	1	2	1039	1420	2245	3411	4616	5603	6064	6267	6038	5753	5288	4848	4337	3882	3543	3259	3105	3150	3409	3723	4123	4388	4495	4371	4250	3992	3670	3372	3118	2820	2650	2498	
33	5142	59.9	60.0	16	1	1	2	1035	1417	2257	3420	4625	5634	6078	6251	6073	5736	5288	4856	4305	3900	3565	3225	3120	3176	3388	3736	4147	4355	4484	4406	4209	3969	3686	3374	3100	2847	2643	2477	
33	5159	60.0	60.0	16	1	1	2	1047	1436	2258	3396	4619	5601	6124	6285	6081	5751	5300	4839	4378	3883	3512	3264	3113	3121	3408	3724	4090	4381	4467	4385	4231	3956	3694	3383	3088	2868	2646	2469	
33	5176	60.0	60.0	16	1	1	2	1053	1418	2268	3381	4627	5629	6103	6296	6048	5757	5279	4824	4338	3881	3560	3248	3096	3176	3400	3731	4119	4365	4473	4373	4237	3934	3661	3363	3120	2865	2653	2447	
33	5193	60.0	60.0	16	1	1	2	1037	1425	2277	3385	4609	5622	6071	6291	6061	5724	5285	4850	4337	3881	3513	3289	3100	3142	3392	3745	4116	4344	4468	4376	4214	3954	3688	3372	3096	2858	2646	2461	
33	5256	95.3	95.0	17	1	0	2	930	1136	1521	2098	2671	3214	3489	3675	3578	3493	3277	3069	2828	2598	2438	2346	2344	2469	2722	3015	3288	3456	3538	3519	3374	3239	3013	2814	2613	2452	2289	2150	
33	5273	95.0	95.0	17	1	0	2	937	1131	1525	2076	2674	3169	3484	3643	3568	3461	3266	3058	2796	2597	2436	2334	2349	2466	2712	2959	3264	3426	3530	3492	3386	3185	2980	2782	2590	2456	2276	2137	
33	5336	59.7	60.1	17	1	1	2	1028	1427	2218	3372	4563	5544	6037	6226	5993	5679	5255	4723	4299	3853	3505	3261	3082	3138	3381	3721	4091	4320	4434	4338	4203	3960	3620	3356	3085	2851	2640	2451	
33	5353	60.0	60.0	17	1	1	2	1024	1427	2217	3404	4586	5588	6084	6205	5947	5664	5217	4797	4265	3854	3475	3244	3084	3141	3406	3718	4095	4333	4416	4347	4205	3947	3665	3333	3128	2843	2646	2464	
33	5371	59.9	60.0	17	1	1	2	1042	1412	2244	3351	4602	5613	6087	6266	6043	5717	5289	4824	4290	3864	3524	3236	3085	3168	3387	3714	4147	4335	4500	4405	4237	3975	3667	3334	3108	2833	2638	2445	
33	5388	60.0	60.0	17	1	1	2	1023	1426	2246	3385	4636	5618	6118	6235	6076	5707	5310	4873	4292	3917	3524	3231	3119	3138	3372	3715	4112	4346	4449	4378	4249	3938	3664	3380	3074	2840	2659	2473	
33	5405	60.0	60.0	17	1	1	2	1039	1439	2271	3409	4574	5619	6062	6276	6049	5752	5263	4832	4312	3876	3521	3242	3103	3189	3390	3690	4106	4353	4489	4362	4235	3918	3673	3345	3091	2857	2640	2442	
33	5422	59.9	60.0	17	1	1	2	1065	1436	2260	3403	4586	5575	6106	6280	6056	5701	5236	4836	4301	3858	3523	3248	3070	3128	3388	3709	4094	4380	4450	4345	4218	3956	3668	3356	3100	2836	2628	2475	
33	5440	60.0	60.0	17	1	1	2	1026	1440	2236	3384	4577	5582	6063	6243	6011	5742	5233	4818	4331	3864	3515	3225	3116	3142	3393	3730	4109	4366	4428	4316	4228	3922	3647	3359	3090	2831	2629	2458	
33	5504	95.3	95.0	18	1	0	2	950	1151	1533	2071	2680	3220	3549	3648	3600	3484	3268	3062	2788	2582	2427	2353	2319	2453	2685	2979	3292	3490	3542	3473	3351	3202	3016	2802	2607	2427	2275	2144	
33	5521	95.0	95.0	18	1	0	2	936	1141	1529	2068	2669	3214	3485	3649	3567	3467	3275	3068	2824	2573	2420	2344	2355	2435	2703	2979	3327	3446	3517	3480	3324	3153	3021	2752	2630	2425	2289	2138	
33	5584	59.8	60.1	18	1	1	2	1026	1416	2236	3372	4573	5539	6046	6211	6001	5645	5248	4778	4291	3842	3534	3219	3112	3142	3367	3720	4056	4342	4436	4355	4215	3948	3686	3345	3098	2841	2625	2461	
33	5601	59.9	60.0	18	1	1	2	1030	1409	2239	3409	4583	5581	6051	6212	6005	5678	5221	4762	4302	3848	3515	3241	3094	3125	3377	3724	4084	4341	4420	4328	4253	3911	3660	3335	3091	2855	2638	2436	
33	5619	60.0	60.0	18	1	1	2	1029	1408	2249	3402	4614	5610	6092	6256	6024	5717	5283	4844	4329	3880	3518	3274	3124	3162	3387	3746	4076	4351	4467	4393	4231	3974	3695	3341	3106	2892	2637	2434	
33	5636	60.0	60.0	18	1	1	2	1028	1449	2273	3385	4637	5613	6114	6293	6079	5761	5275	4831	4353	3890	3549	3276	3101	3146	3385	3732	4067	4368	4437	4361	4277	3954	3664	3356	3104	2839	2628	2452	
33	5653	60.0	60.0	18	1	1	2	1037	1409	2254	3409	4604	5585	6089	6208	6023	5700	5265	4824	4361	3850	3519	3262	3127	3126	3390	3733	4076	4344	4459	4385	4217	3942	3698	3342	3101	2839	2654	2468	
33	5670	60.0	60.0	18	1	1	2	1031	1432	2254	3428	4599	5591	6115	6237	6036	5715	5261	4788	4316	3876	3538	3243	3115	3140	3373	3732	4081	4333	4470	4350	4233	3985	3682	3364	3119	2847	2642	2457	
33	5688	59.9	60.0	18	1	1	2	1025	1412	2244	3405	4587	5617	6070	6181	6005	5727	5291	4795	4317	3874	3515	3217	3104	3126	3361	3751	4107	4366	4449	4391	4231	3957	3659	3334	3095	2821	2629	2445	
33	5752	95.3	95.0	19	1	0	2	942	1137	1513	2064	2670	3192	3500	3666	3603	3476	3302	3064	2822	2591	2449	2340	2360	2457	2701	3007	3257	3488	3542	3460	3409	3189	2938	2811	2603	2423	2296	2142	
33	5769	95.0	95.0	19	1	0	2	923	1155	1511	2048	2687	3161	3431	3613	3577	3458	3289	3071	2799	2554	2410	2316	2310	2436	2676	2974	3260	3442	3492	3435	3367	3198	2995	2787	2624	2401	2298	2123	
33	5832	59.7	60.2	19	1	1	2	1033	1410	2229	3343	4570	5571	6031	6200	5988	5672	5208	4753	4277	3793	3504	3206	3089	3128	3390	3717	4018	4331	4432	4347	4228	3912	3652	3339	3096	2857	2600	2421	
33	5850	59.9	60.0	19	1	1	2	1052	1417	2243	3392	4562	5599	6028	6171	5993	5699	5196	4826	4297	3855	3508	3206	3048	3126	3389	3740	4067	4362	4402	4377	4205	3921	3626	3347	3087	2854	2614	2465	
33	5867	59.9	60.0	19	1	1	2	1035	1417	2241	3372	4616	5585	6027	6240	5996	5699	5217	4794	4347	3878	3522	3252	3091	3135	3399	3721	4064	4318	4433	4361	4222	3965	3670	3380	3113	2834	2658	2475	
33	5884	59.9	60.0	19	1	1	2	1024	1445	2269	3348	4594	5587	6061	6245	6025	5729	5254	4861	4298	3857	3590	3271	3082	3162	3383	3704	4102	4355	4446	4343	4221	3984	3651	3348	3089	2831	2640	2465	
33	5901	59.9	60.0	19	1	1	2	1035	1432	2254	3381	4608	5561	6064	6232	5990	5696	5273	4826	4325	3865	3526	3252	3098	3163	3368	3714	4111	4349	4449	4383	4214	3929	3640	3308	3106	2872	2643	2459	
33	5919	60.0	60.0	19	1	1	2	1039	1426	2239	3385	4606	5597	6041	6203	6011	5733	5300	4792	4320	3872	3515	3247	3114	3141	3386	3704	4056	4340	4430	4323	4223	3951	3648	3330	3073	2853	2621	2473	
33	5936	60.0	60.0	19	1	1	2	1028	1430	2261	3385	4627	5573	6059	6223	6030	5670	5282	4807	4323	3834	3526	3220	3107	3152	3356	3702	4068	4327	4437	4334	4207	3940	3645	3362	3081	2848	2648	2474	
33	6000	95.3	95.0	20	1	0	2	951	1152	1530	2079	2688	3221	3515	3649	3586	3466	3294	3077	2809	2582	2461	2360	2329	2462	2703	3021	3281	3475	3537	3474	3367	3170	3000	2786	2611	2425	2282	2138	
33	6018	95.0	95.0	20	1	0	2	942	1122	1511	2065	2685	3174	3463	3595	3535	3460	3277	3038	2793	2580	2457	2362	2312	2454	2685	2971	3266	3435	3533	3445	3362	3159	2974	2759	2564	2445	2326	2101	
33	6080	59.6	60.3	20	1	1	2	1035	1419	2234	3377	4542	5559	6019	6184	5964	5684	5226	4788	4281	3838	3522	3247	3093	3128	3386	3693	4082	4341	4403	4301	4237	3894	3647	3321	3080	2841	2608	2463	
33	6098	60.0	60.0	20	1	1	2	1030	1436	2224	3351	4548	5551	6015	6207	6030	5691	5219	4793	4290	3819	3526	3218	3067	3130	3381	3694	4059	4353	4422	4332	4191	3932	3660	3363	3100	2817	2636	2464	
33	6115	59.9	60.0	20	1	1	2	1048	1444	2235	3376	4596	5581	6043	6241	5997	5699	5267	4813	4307	3884	3506	3243	3084	3132	3393	3747	4114	4318	4470	4376	4264	3957	3665	3327	3102	2846	2645	2452	
33	6132	60.0	60.0	20	1	1	2	1038	1423	2244	3384	4605	5616	6088	6262	6002	5711	5305	4846	4332	3828	3554	3238	3098	3149	3356	3712	4137	4342	4442	4312	4210	3958	3680	3344	3073	2805	2612	2463	
33	6149	60.0	60.0	20	1	1	2	1025	1425	2238	3402	4597	5569	6032	6252	6011	5751	5243	4822	4326	3844	3516	3232	3092	3129	3382	3729	4091	4348	4417	4362	4177	3941	3647	3325	3068	2819	2627	2447	
33	6167	59.9	60.0	20	1	1	2	1024	1413	2234	3363	4604	5571	6085	6219	5997	5712	5232	4807	4334	3866	3542	3248	3104	3120	3373	3678	4112	4347	4465	4328	4243	3947	3648	3330	3100	2847	2625	2443	
33	6184	59.9	60.0	20	1	1	2	1030	1426	2248	3373	4581	5573	6025	6263	6003	5667	5262	4793	4280	3858	3515	3207	3086	3110	3372	3727	4104	4298	4462	4337	4209	3912	3692	3356	3083	2854	2638	2452	
33	6248	95.3	95.0	21	1	0	2	930	1126	1529	2086	2670	3208	3465	3677	3600	3485	3277	3076	2812	2596	2451	2360	2332	2429	2686	2955	3276	3462	3534	3475	3377	3171	3001	2820	2626	2439	2276	2143	
33	6266	95.0	95.0	21	1	0	2	941	1132	1514	2074	2677	3198	3474	3584	3569	3473	3253	3033	2793	2592	2451	2319	2323	2464	2692	2972	3247	3450	3494	3416	3353	3161	2964	2781	2569	2454	2269	2126	
33	6326	59.8	60.3	21	1	1	2	1017	1445	2224	3330	4571	5536	5971	6180	5959	5671	5216	4742	4286	3853	3500	3208	3074	3123	3327	3676	4058	4285	4424	4330	4203	3895	3632	3335	3075	2829	2627	2416	
33	6344	60.0	60.0	21	1	1	2	1037	1402	2237	3357	4551	5527	6062	6191	5996	5636	5196	4782	4278	3847	3565	3234	3116	3116	3379	3697	4082	4316	4423	4347	4237	3938	3641	3349	3079	2804	2628	2475	
33	6361	60.0	60.0	21	1	1	2	1033	1428	2262	3395	4587	5583	6059	6211	6069	5760	5224	4817	4303	3854	3517	3245	3132	3138	3388	3723	4100	4375	4449	4351	4232	3911	3633	3368	3071	2852	2653	2431	
33	6378	59.9	60.0	21	1	1	2	1050	1437	2241	3400	4618	5586	6075	6205	5998	5708	5312	4787	4316	3834	3532	3225	3097	3155	3394	3730	4089	4334	4456	4362	4235	3944	3651	3317	3057	2855	2619	2470	
33	6395	60.0	60.0	21	1	1	2	1026	1418	2249	3397	4564	5612	6045	6283	5988	5757	5315	4802	4304	3830	3543	3250	3107	3149	3395	3703	4096	4341	4420	4331	4245	3927	3660	3352	3072	2819	2647	2441	
33	6413	60.0	60.0	21	1	1	2	1028	1416	2238	3376	4571	5592	6075	6189	6012	5682	5260	4811	4338	3846	3499	3258	3087	3167	3374	3710	4091	4368	4407	4371	4220	3928	3635	3329	3094	2809	2629	2432	
33	6430	60.0	60.0	21	1	1	2	1041	1425	2242	3416	4592	5582	6024	6241	6006	5682	5209	4836	4278	3857	3502	3217	3107	3133	3384	3700	4093	4313	4439	4351	4156	3963	3650	3352	3127	2819	2654	2464	
33	6492	95.2	95.0	22	1	0	2	942	1136	1529	2092	2695	3210	3487	3642	3580	3475	3272	3055	2803	2591	2435	2350	2346	2430	2683	2989	3281	3471	3549	3466	3347	3169	2953	2777	2605	2410	2282	2126	
33	6510	95.0	95.0	22	1	0	2	930	1134	1560	2053	2665	3190	3498	3652	3577	3470	3258	3018	2810	2605	2441	2321	2317	2440	2659	2973	3264	3451	3519	3458	3339	3176	2985	2773	2603	2442	2285	2116	
33	6573	59.8	60.1	22	1	1	2	1053	1422	2220	3364	4589	5578	6032	6161	5974	5613	5216	4764	4282	3812	3494	3199	3094	3131	3311	3709	4067	4311	4412	4346	4167	3900	3629	3345	3061	2827	2609	2453	
33	6590	59.9	60.0	22	1	1	2	1018	1420	2252	3346	4567	5500	5996	6226	5964	5711	5272	4764	4297	3819	3491	3236	3080	3151	3384	3694	4078	4353	4434	4287	4207	3937	3620	3329	3063	2802	2643	2459	
33	6607	59.9	60.0	22	1	1	2	1035	1438	2200	3375	4602	5571	6068	6219	6021	5688	5252	4827	4293	3857	3487	3218	3099	3147	3368	3704	4103	4318	4462	4347	4229	3945	3658	3329	3040	2815	2612	2428	
33	6624	60.0	60.0	22	1	1	2	1020	1434	2219	3389	4619	5574	6073	6222	6032	5715	5250	4830	4343	3872	3526	3250	3106	3169	3345	3706	4090	4320	4447	4346	4229	3916	3684	3360	3100	2838	2673	2413	
33	6642	59.9	60.0	22	1	1	2	1044	1419	2250	3405	4588	5613	6033	6140	6021	5657	5235	4768	4324	3851	3489	3225	3093	3139	3370	3691	4079	4321	4458	4368	4241	3907	3642	3326	3079	2810	2645	2431	
33	6659	60.0	60.0	22	1	1	2	1023	1430	2223	3403	4572	5542	6027	6212	6000	5702	5246	4752	4308	3837	3482	3236	3093	3114	3335	3722	4087	4314	4398	4360	4191	3927	3654	3380	3075	2817	2657	2456	
33	6676	59.9	60.0	22	1	1	2	1020	1424	2251	3371	4565	5598	6021	6197	5978	5675	5228	4785	4316	3857	3486	3223	3084	3134	3368	3732	4069	4328	4422	4336	4224	3924	3617	3301	3056	2812	2636	2455	
33	6739	95.3	95.0	23	1	0	2	926	1139	1504	2058	2679	3210	3493	3622	3594	3459	3290	3025	2805	2584	2460	2380	2315	2459	2687	3004	3270	3452	3492	3483	3366	3169	3017	2796	2608	2430	2312	2134	
33	6756	95.0	95.0	23	1	0	2	931	1125	1520	2055	2635	3180	3469	3575	3565	3453	3247	3047	2804	2553	2443	2363	2308	2491	2663	2931	3271	3440	3515	3428	3355	3177	2938	2787	2612	2385	2267	2105	
33	6819	59.8	60.1	23	1	1	2	1030	1402	2214	3303	4544	5571	6001	6130	5962	5642	5234	4721	4271	3859	3480	3242	3066	3125	3332	3668	4031	4326	4391	4333	4200	3915	3620	3300	3049	2820	2629	2425	
33	6836	60.0	60.0	23	1	1	2	1023	1415	2224	3358	4530	5551	6018	6216	5980	5670	5261	4741	4261	3810	3480	3230	3056	3101	3348	3703	4098	4301	4398	4297	4164	3912	3644	3317	3098	2797	2623	2429	
33	6853	60.0	60.0	23	1	1	2	1027	1407	2216	3355	4618	5536	6064	6241	6023	5669	5236	4803	4349	3828	3549	3266	3063	3152	3386	3737	4074	4324	4450	4325	4185	3954	3662	3353	3075	2861	2614	2490	
33	6870	60.0	60.0	23	1	1	2	1078	1416	2211	3356	4593	5532	6011	6156	5987	5729	5244	4822	4325	3848	3532	3260	3118	3107	3363	3668	4089	4319	4451	4312	4208	3931	3647	3352	3068	2860	2621	2431	
33	6888	59.9	60.0	23	1	1	2	1036	1429	2255	3406	4578	5578	6073	6240	5994	5708	5229	4841	4300	3823	3524	3243	3068	3129	3356	3713	4048	4323	4441	4310	4217	3922	3658	3328	3076	2808	2610	2439	
33	6905	59.9	60.0	23	1	1	2	1053	1412	2183	3359	4578	5555	6055	6215	5998	5665	5225	4792	4264	3816	3514	3224	3076	3140	3328	3702	4037	4340	4404	4309	4201	3918	3590	3318	3060	2837	2631	2444	
33	6922	60.0	60.0	23	1	1	2	1012	1431	2228	3360	4585	5555	6034	6190	5947	5661	5192	4779	4288	3811	3495	3230	3111	3107	3341	3696	4040	4316	4417	4332	4190	3917	3641	3324	3046	2806	2628	2423	
33	6985	95.1	95.0	24	1	0	2	938	1145	1526	2064	2676	3174	3464	3610	3582	3505	3241	3045	2800	2573	2439	2333	2314	2444	2681	2932	3269	3446	3491	3489	3375	3173	2974	2798	2612	2406	2288	2102	
33	7002	95.0	95.0	24	1	0	2	917	1132	1501	2052	2666	3171	3457	3607	3536	3474	3234	3024	2782	2576	2408	2326	2320	2429	2695	2958	3256	3433	3486	3443	3356	3171	2966	2768	2541	2426	2254	2136	
33	7065	59.8	60.1	24	1	1	2	1024	1412	2233	3352	4478	5449	5957	6133	5917	5635	5196	4702	4244	3813	3484	3210	3023	3102	3331	3675	4051	4279	4389	4306	4185	3898	3563	3305	3100	2811	2606	2438	
33	7082	59.9	60.0	24	1	1	2	1025	1419	2243	3356	4557	5536	6009	6120	5919	5668	5196	4764	4281	3817	3526	3199	3091	3115	3345	3695	4052	4289	4379	4298	4155	3902	3664	3302	3067	2824	2635	2444	
33	7099	59.9	60.0	24	1	1	2	1012	1424	2252	3339	4603	5501	6078	6216	5973	5707	5216	4775	4277	3837	3511	3228	3114	3145	3337	3683	4092	4318	4460	4273	4222	3901	3638	3338	3058	2845	2625	2455	
33	7116	60.0	60.0	24	1	1	2	1036	1432	2224	3357	4565	5569	6029	6164	6003	5679	5236	4766	4295	3845	3518	3250	3091	3135	3369	3685	4033	4307	4426	4300	4155	3907	3633	3316	3068	2810	2619	2434	
33	7134	60.0	60.0	24	1	1	2	1060	1417	2205	3381	4584	5576	6041	6180	5980	5674	5218	4765	4317	3858	3508	3263	3075	3127	3374	3711	4083	4334	4434	4325	4193	3926	3646	3358	3070	2836	2624	2438	
33	7151	59.9	60.0	24	1	1	2	1026	1426	2244	3340	4546	5528	6031	6216	6020	5628	5220	4757	4256	3860	3522	3208	3072	3104	3379	3710	4061	4330	4417	4316	4216	3884	3636	3327	3074	2818	2604	2440	
33	7168	60.0	60.0	24	1	1	2	1021	1420	2229	3358	4537	5568	6007	6138	5926	5638	5240	4741	4282	3826	3496	3206	3077	3108	3348	3727	4067	4325	4428	4294	4190	3893	3621	3334	3072	2829	2624	2446	
33	7233	95.1	95.1	25	1	0	2	927	1122	1523	2069	2675	3165	3482	3630	3560	3463	3249	3021	2827	2587	2472	2338	2288	2419	2671	2968	3238	3430	3514	3418	3362	3153	2958	2733	2583	2407	2292	2139	
33	7250	95.0	95.0	25	1	0	2	937	1126	1504	2030	2640	3184	3435	3614	3565	3422	3217	2989	2795	2552	2419	2304	2312	2435	2653	2924	3245	3404	3469	3415	3336	3161	2962	2752	2583	2413	2244	2111	
33	7313	59.8	60.1	25	1	1	2	1024	1419	2252	3312	4484	5497	5984	6133	5939	5631	5154	4720	4259	3768	3473	3201	3060	3110	3310	3661	4041	4289	4376	4295	4153	3911	3641	3310	3046	2784	2591	2442	
33	7330	59.9	60.0	25	1	1	2	1029	1416	2225	3344	4563	5493	6002	6174	5930	5631	5171	4761	4253	3820	3449	3225	3052	3097	3325	3663	4055	4336	4379	4295	4143	3907	3636	3286	3029	2824	2615	2448	
33	7347	59.9	60.0	25	1	1	2	1026	1420	2242	3356	4514	5514	6012	6175	5986	5702	5189	4795	4298	3815	3498	3227	3046	3142	3355	3688	4077	4348	4440	4311	4145	3906	3637	3345	3046	2796	2637	2463	
33	7365	60.0	60.0	25	1	1	2	1035	1421	2233	3354	4549	5555	6071	6194	6023	5702	5242	4792	4315	3852	3498	3231	3074	3128	3322	3701	4099	4306	4414	4335	4179	3907	3639	3360	3055	2843	2660	2424	
33	7382	60.0	60.0	25	1	1	2	1030	1416	2228	3356	4552	5559	6017	6191	5970	5651	5217	4772	4297	3861	3536	3236	3085	3149	3356	3697	4045	4298	4405	4317	4184	3910	3626	3321	3067	2827	2615	2423	
33	7399	60.0	60.0	25	1	1	2	1023	1420	2251	3365	4516	5550	5966	6145	5992	5674	5181	4755	4280	3842	3466	3238	3097	3103	3358	3676	4052	4277	4385	4368	4212	3877	3585	3339	3010	2825	2616	2418	
33	7416	59.9	60.0	25	1	1	2	1030	1419	2247	3363	4552	5561	5998	6166	5948	5642	5166	4742	4265	3818	3472	3213	3042	3112	3368	3683	4040	4318	4347	4305	4202	3914	3585	3327	3073	2822	2614	2403	
33	7479	95.1	95.0	26	1	0	2	945	1111	1532	2068	2681	3180	3472	3634	3600	3480	3286	3023	2779	2572	2440	2346	2278	2431	2666	2946	3277	3437	3538	3409	3386	3183	3000	2757	2616	2400	2259	2136	
33	7496	95.0	95.0	26	1	0	2	949	1125	1513	2059	2667	3138	3443	3577	3535	3444	3270	2999	2777	2569	2414	2329	2333	2441	2669	2967	3253	3404	3497	3446	3354	3152	2958	2789	2582	2412	2249	2110	
33	7559	59.9	60.1	26	1	1	2	1036	1403	2204	3336	4555	5529	5983	6172	5942	5645	5200	4777	4234	3833	3469	3196	3037	3078	3343	3670	4031	4280	4406	4286	4182	3915	3607	3333	3058	2797	2605	2423	
33	7576	59.9	60.0	26	1	1	2	1031	1429	2208	3344	4532	5522	5998	6157	5972	5637	5231	4758	4278	3820	3475	3207	3041	3099	3344	3704	4043	4302	4419	4289	4156	3943	3649	3336	3068	2790	2600	2424	
33	7593	59.9	60.0	26	1	1	2	1039	1418	2235	3350	4572	5531	5982	6157	5955	5662	5206	4812	4286	3801	3494	3200	3073	3157	3364	3665	4044	4303	4417	4317	4197	3880	3628	3319	3075	2830	2608	2424	
33	7611	59.9	60.0	26	1	1	2	1036	1413	2246	3368	4585	5595	6042	6184	5988	5692	5188	4786	4278	3843	3486	3216	3105	3164	3344	3703	4081	4312	4406	4320	4201	3927	3617	3327	3062	2819	2597	2424	
33	7628	60.0	60.0	26	1	1	2	1033	1424	2256	3384	4561	5534	6003	6192	5942	5655	5224	4777	4272	3809	3507	3238	3054	3108	3349	3654	4071	4327	4400	4337	4162	3868	3642	3319	3043	2805	2598	2442	
33	7645	60.0	60.0	26	1	1	2	1027	1408	2216	3371	4579	5558	6006	6189	5988	5632	5209	4759	4287	3810	3468	3201	3062	3104	3350	3682	4055	4315	4418	4370	4165	3889	3621	3284	3065	2823	2612	2411	
33	7662	60.0	60.0	26	1	1	2	1037	1400	2238	3342	4549	5524	6005	6172	5930	5642	5196	4745	4269	3829	3521	3226	3042	3119	3332	3676	4017	4280	4439	4303	4133	3904	3661	3314	3045	2802	2608	2438	
33	7725	95.1	95.0	27	1	0	2	929	1126	1519	2084	2683	3183	3494	3638	3571	3495	3245	3034	2824	2576	2441	2331	2326	2428	2675	2954	3300	3448	3506	3438	3343	3192	2961	2774	2582	2403	2280	2118	
33	7742	95.0	95.0	27	1	0	2	914	1126	1500	2055	2652	3180	3451	3584	3544	3463	3250	3014	2803	2579	2410	2305	2298	2441	2635	2955	3257	3407	3477	3414	3344	3148	2991	2723	2606	2439	2252	2117	
33	7805	59.8	60.1	27	1	1	2	1014	1422	2221	3338	4503	5506	5961	6107	5948	5609	5158	4728	4236	3833	3495	3222	3037	3113	3324	3655	4020	4294	4413	4287	4162	3902	3616	3280	3048	2788	2605	2399	
33	7822	59.9	60.0	27	1	1	2	1025	1403	2233	3369	4531	5535	6002	6167	5955	5632	5184	4757	4277	3786	3492	3184	3058	3120	3314	3697	4070	4288	4370	4308	4169	3921	3668	3306	3065	2802	2618	2424	
33	7840	60.0	60.0	27	1	1	2	1048	1404	2226	3377	4591	5543	6023	6200	5978	5689	5187	4770	4274	3847	3484	3228	3090	3154	3342	3684	4052	4318	4437	4295	4185	3916	3625	3321	3048	2822	2630	2426	
33	7857	60.0	60.0	27	1	1	2	1029	1427	2242	3343	4603	5554	5985	6175	5998	5702	5231	4809	4284	3824	3502	3247	3091	3124	3339	3712	4105	4353	4391	4370	4206	3913	3624	3322	3069	2822	2618	2445	
33	7874	60.0	60.0	27	1	1	2	1026	1398	2237	3371	4550	5537	5983	6195	5971	5681	5222	4772	4297	3842	3529	3237	3104	3119	3324	3706	4083	4301	4409	4312	4185	3894	3614	3294	3068	2832	2634	2445	
33	7891	60.0	60.0	27	1	1	2	1039	1411	2222	3370	4550	5548	6007	6190	6001	5674	5226	4777	4305	3808	3467	3234	3069	3156	3332	3690	4038	4278	4405	4258	4160	3918	3646	3302	3071	2814	2601	2433	
33	7909	60.0	60.0	27	1	1	2	1026	1421	2228	3383	4566	5520	6012	6140	5942	5640	5187	4762	4275	3815	3530	3224	3064	3106	3365	3664	4042	4275	4399	4335	4189	3885	3617	3293	3038	2814	2621	2415	
33	7973	95.1	95.1	28	1	0	2	926	1147	1488	2076	2658	3191	3501	3614	3551	3458	3262	3054	2781	2550	2431	2325	2285	2444	2664	2940	3242	3421	3488	3460	3322	3169	2947	2762	2571	2436	2272	2148	
33	7990	95.0	95.0	28	1	0	2	933	1144	1515	2088	2655	3168	3466	3620	3502	3440	3258	3035	2791	2554	2414	2342	2341	2434	2680	2952	3232	3413	3509	3387	3364	3180	2971	2760	2611	2381	2246	2116	
33	8053	59.7	60.2	28	1	1	2	1058	1388	2224	3323	4538	5471	5964	6161	5908	5605	5163	4700	4281	3788	3464	3197	3065	3109	3320	3660	4029	4276	4385	4320	4146	3891	3602	3300	3048	2804	2595	2426	
33	8070	59.9	60.0	28	1	1	2	1029	1426	2216	3345	4572	5512	6012	6184	5974	5649	5191	4769	4269	3824	3473	3206	3053	3104	3343	3701	4070	4271	4372	4274	4180	3856	3584	3325	3057	2813	2599	2420	
33	8088	59.9	60.0	28	1	1	2	1027	1425	2222	3350	4548	5546	5978	6164	5969	5680	5194	4768	4291	3846	3473	3215	3097	3099	3346	3697	4079	4360	4402	4321	4189	3911	3644	3339	3036	2808	2590	2431	
33	8105	60.0	60.0	28	1	1	2	989	1419	2258	3322	4615	5577	6030	6199	6001	5636	5221	4760	4307	3821	3491	3253	3072	3138	3387	3705	4097	4281	4419	4338	4198	3932	3649	3308	3060	2795	2601	2438	
33	8122	60.0	60.0	28	1	1	2	1041	1420	2210	3385	4562	5529	5977	6173	6002	5680	5267	4800	4269	3814	3506	3210	3072	3123	3319	3717	4032	4287	4384	4312	4168	3901	3634	3334	3078	2836	2649	2434	
33	8139	59.9	60.0	28	1	1	2	1036	1411	2231	3366	4556	5539	6027	6160	5950	5628	5208	4739	4266	3806	3452	3216	3077	3140	3349	3689	4065	4320	4403	4320	4219	3912	3633	3317	3045	2820	2610	2417	
33	8157	60.0	60.0	28	1	1	2	1024	1406	2214	3399	4576	5507	6031	6158	5983	5673	5165	4781	4297	3833	3488	3192	3073	3131	3335	3716	4069	4288	4393	4338	4171	3924	3616	3308	3088	2781	2612	2420	
33	8219	95.2	95.0	29	1	0	2	925	1120	1513	2069	2658	3169	3469	3632	3572	3489	3265	3013	2764	2574	2432	2336	2315	2444	2667	2942	3246	3417	3489	3417	3344	3181	2969	2738	2554	2409	2286	2127	
33	8236	95.0	95.0	29	1	0	2	942	1137	1494	2038	2696	3159	3434	3562	3576	3435	3276	3014	2789	2544	2454	2314	2306	2416	2677	2945	3240	3381	3518	3443	3366	3138	2955	2746	2574	2399	2280	2097	
33	8299	59.7	60.2	29	1	1	2	1027	1371	2218	3317	4536	5507	5945	6161	5929	5588	5176	4742	4263	3821	3467	3194	3054	3097	3350	3666	4049	4285	4359	4332	4141	3857	3632	3293	3044	2789	2601	2426	
33	8317	59.9	60.0	29	1	1	2	1010	1407	2208	3357	4557	5548	5943	6144	5933	5661	5173	4752	4269	3773	3499	3233	3055	3096	3356	3650	4058	4321	4401	4276	4180	3855	3590	3351	3053	2799	2617	2423	
33	8334	60.0	60.0	29	1	1	2	1036	1425	2216	3348	4576	5528	5999	6200	5921	5675	5221	4768	4293	3800	3493	3222	3076	3114	3335	3682	4038	4319	4412	4313	4180	3922	3620	3283	3059	2774	2613	2435	
33	8351	59.9	60.0	29	1	1	2	1040	1427	2266	3391	4557	5582	6005	6246	5979	5647	5241	4791	4311	3878	3511	3202	3097	3123	3350	3694	4063	4359	4461	4321	4193	3921	3659	3324	3083	2810	2598	2445	
33	8368	60.0	60.0	29	1	1	2	1025	1425	2191	3359	4567	5570	5991	6189	5917	5700	5195	4749	4305	3814	3477	3221	3096	3130	3382	3678	4057	4307	4379	4310	4183	3937	3608	3309	3078	2810	2626	2424	
33	8386	60.0	60.0	29	1	1	2	1034	1415	2225	3341	4597	5538	6015	6149	5972	5683	5228	4744	4241	3827	3498	3232	3074	3132	3360	3711	4052	4331	4384	4293	4155	3893	3638	3304	3042	2836	2626	2428	
33	8403	60.0	60.0	29	1	1	2	1022	1411	2236	3395	4546	5507	6015	6191	5949	5689	5173	4760	4262	3839	3511	3234	3072	3111	3323	3678	4070	4336	4384	4278	4155	3913	3626	3313	3069	2828	2598	2435	
33	8467	95.3	95.0	30	1	0	2	935	1135	1520	2068	2640	3182	3468	3631	3562	3439	3251	3031	2825	2588	2441	2335	2330	2443	2672	2971	3235	3419	3506	3427	3339	3166	2980	2770	2572	2404	2241	2134	
33	8485	95.0	95.0	30	1	0	2	957	1117	1507	2066	2649	3183	3433	3635	3572	3406	3275	3016	2806	2547	2412	2340	2325	2416	2680	2971	3210	3430	3439	3421	3332	3168	2955	2743	2569	2395	2258	2123	
33	8547	59.6	60.2	30	1	1	2	1020	1416	2218	3318	4488	5526	5997	6168	5930	5607	5164	4766	4254	3826	3481	3204	3020	3128	3331	3652	4042	4269	4395	4259	4180	3900	3617	3289	3030	2808	2588	2417	
33	8565	59.9	60.0	30	1	1	2	1025	1420	2223	3349	4552	5521	6008	6109	5938	5632	5169	4756	4276	3814	3521	3228	3068	3120	3320	3674	4015	4318	4390	4283	4174	3869	3600	3356	3070	2803	2619	2426	
33	8582	60.0	60.0	30	1	1	2	1024	1417	2236	3356	4593	5552	6039	6167	5970	5665	5221	4762	4294	3830	3501	3254	3081	3108	3339	3686	4055	4261	4402	4315	4164	3920	3638	3333	3038	2822	2615	2450	
33	8599	60.0	60.0	30	1	1	2	1062	1435	2245	3351	4574	5581	6030	6212	5982	5728	5206	4757	4286	3826	3531	3233	3075	3126	3322	3718	4082	4308	4399	4324	4164	3908	3647	3327	3059	2798	2632	2435	
33	8616	59.9	60.0	30	1	1	2	1018	1428	2228	3341	4588	5581	5993	6193	5931	5641	5227	4801	4310	3800	3510	3204	3084	3162	3366	3681	4059	4324	4392	4327	4192	3898	3584	3329	3089	2831	2591	2437	
33	8634	59.9	60.0	30	1	1	2	1031	1407	2244	3368	4568	5560	6026	6181	5977	5642	5204	4788	4309	3819	3515	3241	3053	3129	3360	3698	4024	4297	4402	4324	4153	3900	3633	3322	3046	2793	2629	2432	
33	8651	60.0	60.0	30	1	1	2	1020	1403	2235	3342	4556	5503	6044	6188	5969	5668	5152	4771	4250	3807	3494	3207	3092	3119	3326	3634	4026	4311	4377	4278	4133	3849	3618	3291	3054	2813	2605	2414	
33	8713	95.2	95.0	31	1	0	2	910	1131	1508	2095	2648	3182	3503	3619	3542	3490	3269	3055	2782	2577	2475	2272	2308	2449	2650	2941	3225	3412	3501	3429	3358	3165	2961	2760	2577	2425	2299	2121	
33	8731	95.0	95.0	31	1	0	2	948	1104	1502	2036	2652	3117	3455	3597	3564	3427	3248	3039	2763	2581	2418	2311	2328	2425	2642	2944	3209	3427	3453	3428	3301	3138	2941	2717	2551	2420	2247	2105	
33	8793	59.7	60.2	31	1	1	2	1029	1418	2208	3335	4530	5508	5984	6104	5937	5628	5187	4801	4237	3823	3461	3171	3045	3089	3348	3662	4012	4290	4350	4290	4161	3861	3622	3290	3020	2805	2616	2404	
33	8811	59.9	60.0	31	1	1	2	1024	1412	2231	3355	4539	5511	5983	6142	5964	5653	5189	4748	4227	3829	3489	3231	3061	3115	3345	3697	4040	4255	4376	4319	4162	3861	3604	3291	3041	2808	2630	2416	
33	8828	60.0	60.0	31	1	1	2	1040	1411	2232	3342	4606	5543	6052	6187	5988	5681	5228	4777	4290	3809	3509	3205	3067	3131	3337	3673	4038	4299	4407	4285	4133	3880	3620	3302	3088	2807	2625	2425	
33	8845	59.9	60.0	31	1	1	2	1044	1427	2289	3341	4571	5577	6061	6212	5999	5720	5243	4767	4285	3874	3498	3213	3078	3124	3385	3670	4076	4309	4424	4297	4164	3913	3604	3311	3041	2791	2654	2445	
33	8862	59.9	60.0	31	1	1	2	1032	1418	2237	3377	4584	5543	6017	6194	5985	5638	5265	4744	4282	3827	3515	3208	3065	3074	3393	3664	4031	4307	4399	4271	4156	3869	3637	3312	3021	2792	2619	2438	
33	8880	60.0	60.0	31	1	1	2	1038	1426	2245	3333	4544	5565	6010	6167	5979	5628	5198	4760	4277	3809	3509	3222	3076	3093	3357	3651	4011	4294	4367	4272	4214	3895	3592	3315	3051	2787	2604	2415	
33	8897	60.0	60.0	31	1	1	2	1019	1431	2236	3372	4586	5517	6007	6229	5959	5682	5229	4772	4277	3834	3468	3219	3074	3110	3310	3673	4033	4289	4369	4262	4176	3858	3633	3261	3058	2801	2624	2422	
33	8959	95.2	95.0	32	1	0	2	926	1140	1515	2064	2671	3184	3480	3648	3591	3451	3261	3076	2828	2592	2420	2347	2342	2452	2698	2972	3254	3453	3471	3421	3349	3172	2963	2728	2588	2423	2262	2115	
33	8977	95.0	95.0	32	1	0	2	933	1145	1508	2057	2652	3175	3474	3564	3554	3445	3214	3054	2791	2563	2433	2305	2317	2433	2662	2943	3240	3386	3467	3375	3291	3134	2954	2735	2545	2394	2271	2095	
33	9040	59.8	60.1	32	1	1	2	1038	1434	2217	3318	4542	5561	6013	6162	5950	5650	5240	4759	4264	3836	3489	3220	3053	3115	3319	3641	3990	4274	4412	4264	4162	3868	3584	3304	3045	2790	2602	2412	
33	9057	60.0	60.0	32	1	1	2	1024	1410	2267	3354	4613	5549	6056	6185	6011	5749	5251	4799	4279	3823	3502	3230	3068	3130	3352	3676	4057	4315	4414	4333	4128	3893	3598	3328	3015	2814	2589	2428	
33	9074	60.0	60.0	32	1	1	2	1016	1429	2227	3370	4608	5605	6039	6182	6021	5708	5252	4815	4328	3841	3561	3238	3077	3156	3350	3693	4073	4300	4392	4351	4148	3896	3634	3339	3066	2813	2591	2426	
33	9091	59.9	60.0	32	1	1	2	1034	1425	2256	3383	4639	5579	6079	6191	6034	5712	5282	4832	4342	3856	3517	3262	3116	3118	3373	3702	4020	4313	4392	4300	4202	3893	3584	3329	3055	2792	2637	2427	
33	9109	60.0	60.0	32	1	1	2	1018	1417	2260	3358	4604	5592	6077	6261	6014	5722	5228	4781	4307	3856	3528	3254	3101	3104	3362	3678	4032	4276	4358	4288	4159	3889	3635	3318	3052	2792	2606	2444	
33	9126	59.9	60.0	32	1	1	2	1024	1408	2266	3371	4591	5596	6075	6259	6057	5732	5260	4790	4302	3875	3524	3237	3062	3132	3364	3682	4047	4311	4391	4293	4161	3926	3602	3324	3059	2822	2594	2418	
33	9143	60.0	60.0	32	1	1	2	1032	1423	2235	3401	4572	5604	6055	6212	5969	5669	5230	4807	4295	3868	3488	3215	3078	3144	3350	3669	4019	4295	4375	4281	4158	3903	3594	3283	3062	2813	2578	2426	
33	9208	95.1	95.1	33	1	0	2	943	1129	1544	2094	2660	3246	3502	3674	3621	3487	3311	3069	2824	2597	2431	2332	2325	2485	2659	2970	3239	3421	3472	3416	3357	3177	2962	2768	2573	2403	2251	2120	
33	9225	95.0	95.0	33	1	0	2	934	1132	1517	2074	2676	3170	3461	3650	3568	3502	3265	3060	2824	2572	2460	2378	2311	2425	2660	2936	3242	3402	3479	3416	3328	3140	2952	2759	2561	2400	2239	2133	
33	9288	59.8	60.1	33	1	1	2	1038	1425	2231	3393	4587	5608	6065	6229	6034	5734	5270	4824	4336	3850	3517	3256	3085	3117	3348	3689	4027	4278	4392	4293	4162	3887	3626	3303	3057	2772	2642	2423	
33	9305	60.0	60.0	33	1	1	2	1024	1415	2244	3393	4634	5622	6054	6284	6036	5793	5275	4844	4316	3868	3552	3286	3087	3142	3380	3669	4039	4277	4402	4323	4177	3886	3597	3319	3072	2784	2603	2426	
33	9322	60.0	60.0	33	1	1	2	1059	1427	2243	3436	4635	5618	6158	6307	6058	5743	5338	4781	4387	3881	3575	3286	3115	3142	3377	3721	4058	4339	4385	4307	4178	3874	3635	3308	3070	2798	2579	2458	
33	9339	60.0	60.0	33	1	1	2	1027	1425	2251	3426	4697	5673	6183	6331	6085	5786	5307	4887	4357	3905	3565	3287	3128	3152	3364	3718	4093	4318	4439	4300	4198	3897	3633	3317	3064	2827	2619	2442	
33	9357	60.0	60.0	33	1	1	2	1012	1417	2252	3412	4654	5613	6134	6296	6088	5787	5330	4893	4375	3923	3560	3271	3113	3165	3350	3705	4073	4304	4418	4274	4142	3916	3626	3295	3076	2851	2632	2427	
33	9374	60.0	60.0	33	1	1	2	1028	1422	2266	3367	4667	5669	6145	6314	6051	5793	5309	4865	4354	3898	3523	3266	3114	3126	3373	3702	4070	4301	4414	4300	4177	3867	3605	3327	3059	2816	2626	2412	
33	9391	60.0	60.0	33	1	1	2	1041	1424	2237	3418	4663	5625	6139	6302	6034	5771	5301	4844	4397	3897	3546	3255	3117	3149	3386	3648	4041	4291	4409	4291	4168	3891	3609	3306	3062	2815	2632	2444	
33	9454	95.2	95.0	34	1	0	2	937	1134	1547	2079	2717	3253	3557	3711	3665	3556	3316	3111	2884	2623	2484	2360	2311	2448	2683	2990	3268	3448	3498	3438	3377	3175	2996	2778	2598	2389	2259	2117	
33	9471	95.0	95.0	34	1	0	2	948	1144	1537	2098	2685	3239	3532	3700	3655	3509	3319	3106	2901	2633	2466	2361	2339	2442	2681	2972	3221	3406	3477	3424	3356	3202	2956	2755	2559	2392	2223	2117	
33	9534	59.8	60.1	34	1	1	2	1034	1432	2262	3471	4655	5688	6240	6396	6159	5889	5385	4904	4436	3964	3595	3251	3155	3156	3381	3732	4060	4309	4418	4296	4170	3915	3608	3318	3067	2827	2618	2490	
33	9551	59.9	60.0	34	1	1	2	1018	1421	2265	3455	4740	5706	6242	6432	6201	5862	5412	4926	4460	3936	3599	3290	3152	3195	3387	3722	4100	4315	4425	4316	4185	3920	3629	3271	3070	2822	2601	2481	
33	9568	60.0	60.0	34	1	1	2	1032	1418	2285	3469	4769	5768	6297	6432	6230	5962	5439	4964	4448	3966	3597	3333	3152	3187	3443	3754	4082	4331	4456	4322	4203	3916	3647	3348	3087	2830	2632	2445	
33	9585	59.9	60.0	34	1	1	2	1028	1448	2284	3437	4731	5820	6305	6449	6229	5963	5471	4990	4483	3992	3647	3315	3182	3217	3406	3727	4085	4362	4419	4358	4210	3912	3654	3347	3088	2828	2630	2419	
33	9603	59.9	60.0	34	1	1	2	1041	1449	2251	3483	4729	5724	6242	6441	6214	5900	5395	4955	4491	3979	3602	3341	3157	3191	3393	3747	4069	4341	4413	4290	4213	3912	3610	3339	3061	2809	2616	2424	
33	9620	60.0	60.0	34	1	1	2	1044	1437	2292	3457	4737	5746	6287	6442	6229	5905	5395	4922	4454	3968	3608	3309	3165	3222	3410	3697	4081	4311	4443	4348	4177	3887	3631	3327	3043	2821	2617	2427	
33	9637	60.0	60.0	34	1	1	2	1026	1423	2249	3491	4738	5719	6290	6405	6230	5887	5432	4974	4446	3962	3625	3346	3165	3220	3399	3709	4092	4308	4401	4339	4213	3927	3605	3314	3059	2810	2616	2450	
33	9700	95.0	95.0	35	1	0	2	929	1148	1572	2118	2784	3341	3705	3806	3770	3656	3409	3168	2911	2684	2520	2400	2391	2507	2703	2997	3281	3463	3490	3459	3324	3140	2980	2776	2577	2427	2273	2125	
33	9717	95.0	95.0	35	1	0	2	933	1163	1560	2143	2734	3327	3617	3809	3766	3596	3383	3179	2912	2676	2543	2393	2382	2450	2712	3001	3264	3464	3550	3460	3325	3147	2982	2762	2581	2382	2259	2127	
33	9780	59.8	60.1	35	1	1	2	1024	1419	2335	3528	4852	5904	6420	6627	6381	6070	5553	5131	4570	4049	3704	3410	3222	3245	3418	3782	4122	4363	4414	4352	4166	3951	3613	3309	3063	2829	2634	2437	
33	9797	59.9	60.0	35	1	1	2	1045	1471	2333	3551	4868	5973	6442	6652	6388	6107	5614	5146	4604	4068	3704	3394	3240	3243	3452	3734	4146	4390	4434	4336	4193	3972	3640	3337	3080	2848	2669	2437	
33	9814	59.9	60.0	35	1	1	2	1046	1467	2324	3602	4886	6038	6542	6663	6501	6144	5667	5138	4603	4106	3761	3422	3260	3250	3466	3790	4133	4379	4481	4369	4222	3949	3649	3342	3096	2853	2645	2460	
33	9832	60.0	60.0	35	1	1	2	1043	1457	2342	3555	4936	6003	6513	6705	6506	6192	5608	5178	4641	4123	3713	3406	3260	3235	3516	3772	4130	4396	4456	4353	4238	3940	3663	3366	3089	2872	2631	2440	
33	9849	59.9	60.0	35	1	1	2	1046	1464	2337	3585	4923	5978	6535	6721	6437	6162	5649	5133	4574	4091	3747	3419	3231	3272	3516	3772	4127	4410	4464	4370	4206	3969	3637	3372	3112	2833	2651	2470	
33	9866	60.0	60.0	35	1	1	2	1049	1465	2361	3604	4911	5992	6517	6693	6421	6134	5654	5138	4583	4101	3720	3396	3215	3277	3459	3768	4128	4333	4446	4371	4222	3937	3682	3332	3071	2818	2607	2431	
33	9883	60.0	60.0	35	1	1	2	1032	1441	2341	3567	4894	5968	6525	6677	6460	6089	5625	5165	4585	4106	3709	3383	3219	3250	3445	3788	4108	4373	4444	4338	4179	3916	3651	3342	3064	2830	2644	2460	
33	9946	95.3	95.0	36	1	0	2	949	1147	1593	2222	2921	3526	3834	4004	3938	3811	3571	3356	3093	2796	2612	2474	2433	2566	2768	2991	3326	3486	3583	3499	3404	3168	2983	2780	2604	2432	2245	2128	
33	9963	95.0	95.0	36	1	0	2	936	1185	1602	2194	2873	3489	3799	3948	3950	3794	3582	3302	3032	2767	2625	2469	2441	2534	2757	3020	3291	3466	3522	3454	3368	3167	2960	2755	2602	2407	2276	2148	
33	10026	59.8	60.1	36	1	1	2	1057	1485	2422	3698	5095	6304	6787	7013	6796	6455	5924	5383	4819	4268	3897	3557	3348	3348	3525	3857	4193	4409	4520	4373	4237	3964	3665	3339	3068	2839	2661	2457	
33	10043	59.9	60.0	36	1	1	2	1052	1494	2442	3774	5155	6359	6933	7120	6840	6493	5952	5491	4874	4328	3929	3605	3388	3364	3603	3875	4235	4414	4512	4409	4253	3982	3705	3388	3114	2851	2661	2441	
33	10060	59.9	60.0	36	1	1	2	1057	1516	2439	3767	5189	6347	6905	7134	6878	6510	5996	5490	4910	4342	3934	3552	3374	3325	3585	3904	4226	4467	4546	4407	4276	4018	3728	3393	3120	2868	2676	2474	
33	10078	59.9	60.0	36	1	1	2	1067	1490	2443	3784	5202	6414	6978	7138	6868	6577	6036	5474	4920	4367	3962	3612	3387	3383	3577	3902	4230	4454	4515	4404	4321	3988	3688	3385	3147	2843	2677	2476	
33	10095	59.9	60.0	36	1	1	2	1037	1491	2420	3755	5178	6371	6948	7168	6922	6577	6011	5442	4873	4361	3963	3610	3380	3382	3552	3892	4254	4444	4549	4401	4261	3968	3736	3414	3123	2859	2666	2475	
33	10112	60.0	60.0	36	1	1	2	1102	1492	2432	3756	5171	6397	6948	7132	6916	6536	6033	5486	4862	4298	3908	3614	3436	3378	3566	3872	4212	4430	4524	4401	4248	3985	3682	3386	3134	2869	2637	2440	
33	10129	60.0	60.0	36	1	1	2	1048	1512	2448	3748	5159	6379	6941	7105	6877	6559	6009	5486	4887	4338	3918	3572	3394	3378	3584	3869	4185	4417	4509	4374	4251	3973	3687	3361	3107	2856	2647	2469	
33	10192	95.2	95.0	37	1	0	2	983	1163	1668	2360	3105	3769	4139	4341	4240	4128	3850	3592	3270	2983	2760	2638	2566	2654	2864	3161	3365	3538	3589	3510	3417	3237	3034	2810	2601	2451	2286	2162	
33	10209	95.0	95.0	37	1	0	2	949	1183	1658	2337	3096	3778	4091	4321	4257	4064	3852	3583	3279	2972	2720	2602	2554	2621	2848	3093	3368	3557	3609	3459	3373	3210	3018	2817	2635	2438	2307	2161	
33	10272	59.8	60.1	37	1	1	2	1055	1562	2583	4004	5603	6857	7495	7715	7407	7076	6444	5854	5241	4680	4208	3840	3595	3540	3702	3999	4306	4544	4610	4444	4325	4041	3754	3436	3166	2881	2705	2474	
33	10289	59.9	60.0	37	1	1	2	1049	1582	2568	4019	5642	6925	7532	7805	7502	7100	6519	5908	5266	4722	4257	3828	3572	3543	3728	4031	4318	4541	4635	4513	4350	4034	3744	3456	3170	2879	2691	2508	
33	10307	60.0	60.0	37	1	1	2	1070	1580	2595	4032	5660	6969	7623	7856	7588	7185	6574	5954	5320	4728	4258	3876	3657	3573	3724	3999	4362	4546	4634	4531	4383	4085	3758	3448	3189	2901	2733	2500	
33	10324	59.9	60.0	37	1	1	2	1071	1556	2597	4045	5649	6958	7652	7862	7602	7164	6576	5986	5330	4733	4236	3856	3632	3582	3764	4026	4371	4577	4605	4487	4325	4097	3750	3447	3185	2905	2670	2522	
33	10341	60.0	60.0	37	1	1	2	1061	1561	2620	4047	5671	6979	7584	7883	7526	7210	6530	5952	5292	4696	4269	3870	3631	3551	3728	3998	4379	4601	4604	4491	4357	4087	3784	3426	3183	2964	2719	2531	
33	10358	59.9	60.0	37	1	1	2	1059	1568	2576	4072	5656	6952	7622	7804	7584	7179	6575	5949	5325	4695	4288	3889	3608	3582	3752	4035	4356	4544	4618	4512	4327	4045	3760	3436	3171	2910	2705	2502	
33	10376	60.0	60.0	37	1	1	2	1066	1566	2613	4070	5643	6985	7596	7823	7526	7145	6483	5968	5294	4704	4246	3852	3602	3594	3705	4027	4300	4548	4583	4488	4356	4094	3735	3447	3201	2904	2690	2511	
33	10438	95.2	95.0	38	1	0	2	966	1226	1774	2570	3445	4182	4589	4842	4754	4559	4240	3930	3597	3266	3040	2812	2732	2825	2967	3233	3449	3629	3689	3569	3486	3300	3091	2876	2652	2488	2351	2180	
33	10455	95.0	95.0	38	1	0	2	960	1228	1755	2552	3398	4172	4606	4797	4732	4538	4266	3942	3599	3218	3036	2789	2710	2799	2951	3173	3462	3649	3680	3555	3481	3288	3039	2846	2678	2479	2328	2174	
33	10518	59.9	60.1	38	1	1	2	1092	1617	2716	4377	6098	7555	8266	8527	8201	7774	7135	6495	5748	5057	4577	4155	3864	3789	3917	4145	4474	4626	4752	4592	4446	4118	3825	3482	3231	2912	2699	2532	
33	10535	59.9	60.0	38	1	1	2	1085	1651	2758	4400	6185	7666	8371	8612	8364	7841	7221	6501	5797	5220	4614	4194	3900	3785	3935	4194	4469	4671	4753	4641	4393	4106	3835	3469	3211	2960	2740	2544	
33	10553	59.9	60.0	38	1	1	2	1083	1652	2805	4445	6241	7679	8440	8708	8357	7945	7249	6590	5877	5199	4642	4192	3902	3802	3953	4181	4512	4683	4728	4617	4446	4129	3860	3535	3241	2942	2729	2560	
33	10570	59.9	60.0	38	1	1	2	1100	1635	2795	4421	6238	7655	8423	8720	8417	7914	7208	6617	5841	5196	4614	4159	3883	3832	3945	4203	4485	4685	4707	4644	4417	4141	3865	3507	3262	2924	2724	2541	
33	10587	59.9	60.0	38	1	1	2	1087	1636	2790	4436	6271	7697	8457	8655	8403	7953	7283	6643	5851	5155	4630	4203	3883	3828	3936	4188	4532	4713	4813	4601	4455	4109	3852	3528	3225	2945	2712	2536	
33	10604	60.0	60.0	38	1	1	2	1084	1640	2792	4477	6240	7748	8441	8694	8389	7945	7263	6621	5899	5135	4652	4197	3890	3834	3965	4208	4533	4655	4770	4621	4426	4172	3805	3498	3226	2969	2773	2554	
33	10622	60.0	60.0	38	1	1	2	1091	1648	2811	4449	6206	7732	8469	8741	8402	7902	7228	6628	5947	5181	4691	4182	3883	3828	3969	4210	4501	4664	4794	4618	4444	4137	3827	3485	3228	2937	2751	2527	
33	10686	95.1	95.1	39	1	0	2	1007	1272	1919	2807	3821	4692	5190	5448	5322	5152	4778	4407	3983	3632	3318	3125	2944	2960	3147	3372	3617	3737	3785	3634	3556	3356	3162	2915	2718	2520	2401	2201	
33	10703	95.0	95.0	39	1	0	2	977	1286	1908	2791	3820	4665	5125	5452	5283	5113	4772	4384	3928	3573	3307	3110	2952	2953	3148	3351	3582	3728	3740	3687	3555	3327	3155	2929	2688	2531	2380	2236	
33	10764	59.8	60.2	39	1	1	2	1103	1685	2939	4741	6712	8331	9122	9420	9094	8595	7867	7092	6331	5552	4988	4491	4126	4006	4129	4346	4600	4801	4872	4652	4503	4199	3921	3573	3309	2998	2799	2584	
33	10781	59.9	60.0	39	1	1	2	1115	1707	3007	4773	6770	8418	9289	9527	9210	8735	7959	7252	6410	5600	5057	4512	4178	4085	4146	4393	4656	4842	4836	4719	4539	4208	3919	3597	3296	3001	2795	2595	
33	10799	60.0	60.0	39	1	1	2	1118	1715	3022	4822	6837	8477	9249	9586	9298	8739	8037	7237	6420	5637	5108	4519	4203	4057	4159	4378	4685	4835	4854	4723	4525	4239	3891	3564	3274	3051	2814	2587	
33	10816	60.0	60.0	39	1	1	2	1119	1735	3008	4837	6880	8495	9352	9614	9305	8753	8036	7283	6425	5670	5074	4589	4174	4079	4179	4413	4657	4875	4880	4727	4563	4247	3923	3562	3293	3027	2827	2577	
33	10833	59.9	60.0	39	1	1	2	1114	1721	2999	4828	6844	8502	9301	9639	9329	8733	8035	7271	6412	5676	5083	4581	4169	4051	4190	4416	4650	4866	4866	4732	4554	4217	3926	3596	3308	3018	2813	2605	
33	10850	60.0	60.0	39	1	1	2	1136	1715	3012	4797	6843	8452	9341	9621	9285	8772	8040	7292	6431	5664	5094	4526	4192	4026	4154	4395	4632	4873	4851	4730	4545	4220	3916	3557	3322	3011	2811	2590	
33	10868	59.9	60.0	39	1	1	2	1122	1712	3020	4823	6775	8473	9303	9710	9293	8751	8007	7276	6481	5635	5085	4574	4194	4029	4145	4385	4697	4853	4862	4737	4566	4199	3912	3585	3303	3027	2780	2560	
33	10932	95.3	95.0	40	1	0	2	992	1345	2038	3101	4249	5276	5799	6058	5981	5774	5370	4949	4420	3972	3634	3320	3180	3148	3334	3511	3765	3888	3927	3743	3650	3432	3202	2994	2802	2590	2426	2261	
33	10949	95.0	95.0	40	1	0	2	1002	1341	2068	3065	4205	5244	5753	6053	5873	5748	5333	4918	4413	3958	3632	3335	3185	3170	3307	3509	3692	3821	3888	3765	3643	3409	3198	2974	2762	2581	2418	2248	
33	11012	59.7	60.2	40	1	1	2	1137	1763	3138	5147	7279	9076	9988	10245	9898	9414	8605	7790	6869	6031	5350	4870	4397	4270	4321	4552	4784	4934	4957	4769	4638	4272	3958	3667	3365	3048	2846	2605	
33	11030	59.9	60.0	40	1	1	2	1134	1794	3197	5139	7356	9160	10045	10439	10078	9496	8628	7863	6924	6096	5447	4848	4440	4303	4353	4549	4790	4963	4964	4804	4647	4334	3978	3669	3380	3048	2868	2643	
33	11047	59.9	60.0	40	1	1	2	1135	1810	3194	5208	7447	9243	10153	10510	10114	9570	8720	7902	6993	6135	5469	4932	4504	4280	4382	4562	4840	4971	5007	4796	4666	4344	4057	3680	3371	3069	2852	2635	
33	11064	60.0	60.0	40	1	1	2	1148	1801	3178	5218	7379	9237	10225	10492	10207	9558	8798	7906	7037	6096	5483	4931	4453	4317	4382	4626	4835	5005	4969	4848	4636	4328	3984	3684	3363	3055	2857	2635	
33	11081	59.9	60.0	40	1	1	2	1147	1793	3184	5225	7432	9222	10202	10493	10164	9555	8747	7903	7002	6107	5472	4914	4476	4305	4398	4587	4885	4976	5039	4817	4662	4314	3991	3676	3360	3046	2853	2612	
33	11099	60.0	60.0	40	1	1	2	1143	1806	3204	5213	7411	9276	10134	10486	10124	9581	8836	7895	7019	6147	5492	4908	4474	4301	4381	4590	4815	4973	5015	4847	4620	4360	4004	3652	3372	3090	2842	2654	
33	11116	60.0	60.0	40	1	1	2	1145	1813	3197	5161	7418	9247	10189	10461	10122	9584	8720	7953	6979	6143	5434	4883	4473	4299	4405	4591	4818	4964	5004	4820	4655	4284	4005	3657	3338	3079	2847	2609	
