Well	Time (1/2 s)	Block Temp	Sample Temp	Repetition	PCR Stage	Extension	Scale	B1	B2	B3	B4	B5	B6	B7	B8	B9	B10	B11	B12	B13	B14	B15	B16	B17	B18	B19	B20	B21	B22	B23	B24	B25	B26	B27	B28	B29	B30	B31	B32
175	106	95.1	95.1	1	0	0	2	923	1049	1365	1823	2390	2856	3172	3252	3255	3155	2995	2794	2624	2408	2300	2196	2194	2320	2569	2876	3197	3377	3402	3357	3205	3039	2848	2646	2470	2333	2207	2055	
175	123	95.0	95.0	1	0	0	2	926	1100	1366	1836	2362	2863	3148	3264	3273	3145	3004	2827	2623	2430	2319	2233	2216	2360	2570	2853	3191	3395	3379	3340	3250	3046	2886	2679	2500	2348	2189	2042	
175	140	95.0	95.0	1	0	0	2	915	1094	1374	1817	2373	2844	3177	3281	3240	3169	3009	2779	2628	2433	2307	2212	2226	2362	2608	2878	3241	3378	3396	3394	3235	3033	2900	2693	2516	2314	2192	2048	
175	158	95.0	95.0	1	0	0	2	923	1112	1352	1810	2364	2860	3192	3239	3247	3156	2986	2772	2596	2404	2302	2185	2224	2369	2576	2907	3224	3413	3389	3358	3246	3063	2879	2690	2481	2327	2148	2062	
175	175	95.0	95.0	1	0	0	2	928	1107	1360	1823	2389	2828	3173	3237	3252	3158	2998	2803	2593	2414	2270	2195	2185	2332	2599	2888	3192	3397	3423	3374	3229	3040	2907	2704	2496	2334	2187	2046	
175	192	95.0	95.0	1	0	0	2	921	1090	1355	1821	2369	2868	3162	3255	3243	3159	2986	2802	2628	2440	2300	2219	2202	2344	2595	2914	3222	3388	3397	3344	3262	3071	2874	2695	2494	2348	2215	2068	
175	209	94.9	95.0	1	0	0	2	933	1112	1355	1823	2338	2860	3227	3277	3273	3170	3007	2800	2609	2439	2268	2227	2257	2360	2594	2912	3237	3428	3414	3414	3230	3025	2905	2689	2511	2318	2200	2087	
175	227	95.0	95.0	1	0	0	2	929	1112	1352	1804	2348	2856	3223	3250	3285	3160	2989	2820	2633	2422	2284	2202	2207	2348	2608	2916	3224	3429	3428	3386	3254	3072	2917	2693	2484	2334	2217	2066	
175	244	95.0	95.0	1	0	0	2	927	1120	1378	1822	2412	2893	3167	3261	3280	3173	2995	2815	2635	2435	2300	2205	2221	2373	2594	2925	3227	3437	3441	3395	3283	3085	2922	2708	2515	2340	2216	2060	
175	261	94.9	95.0	1	0	0	2	931	1113	1344	1823	2393	2873	3185	3274	3312	3164	3020	2808	2624	2432	2298	2207	2223	2358	2636	2925	3216	3410	3416	3383	3226	3062	2895	2697	2507	2316	2210	2047	
175	278	95.0	95.0	1	0	0	2	945	1109	1360	1824	2356	2875	3205	3268	3269	3151	3037	2806	2621	2449	2307	2218	2205	2364	2622	2915	3228	3414	3394	3362	3251	3063	2859	2712	2509	2350	2218	2067	
175	296	95.0	95.0	1	0	0	2	926	1113	1359	1845	2358	2868	3170	3274	3272	3201	3040	2844	2654	2447	2277	2260	2230	2359	2643	2918	3227	3448	3438	3393	3273	3103	2900	2714	2514	2352	2200	2048	
175	313	95.0	95.0	1	0	0	2	948	1108	1364	1815	2368	2898	3197	3287	3238	3161	3022	2818	2636	2421	2322	2220	2245	2362	2606	2929	3252	3436	3444	3408	3259	3103	2896	2724	2530	2356	2186	2065	
175	330	95.0	95.0	1	0	0	2	924	1107	1389	1824	2404	2913	3298	3284	3319	3183	3098	2829	2658	2457	2312	2232	2228	2363	2619	2944	3256	3436	3466	3440	3308	3144	2951	2728	2529	2369	2239	2088	
175	347	95.0	95.0	1	0	0	2	879	1125	1357	1832	2394	2882	3225	3309	3269	3192	3042	2846	2643	2472	2300	2235	2258	2370	2628	2899	3253	3408	3462	3385	3280	3113	2934	2696	2525	2357	2218	2087	
175	365	95.0	95.0	1	0	0	2	925	1110	1372	1835	2363	2912	3221	3277	3293	3197	3043	2856	2650	2472	2341	2222	2251	2348	2657	2918	3259	3413	3455	3409	3277	3092	2936	2740	2540	2343	2240	2084	
175	382	95.0	95.0	1	0	0	2	936	1105	1401	1843	2406	2883	3224	3299	3249	3224	3038	2818	2644	2455	2299	2247	2252	2391	2635	2944	3258	3414	3447	3438	3293	3090	2946	2702	2541	2356	2238	2072	
175	399	95.0	95.0	1	0	0	2	931	1107	1364	1847	2403	2902	3233	3289	3271	3237	3066	2837	2641	2466	2321	2262	2248	2399	2624	2931	3275	3446	3463	3381	3306	3132	2930	2723	2553	2398	2220	2087	
175	416	94.9	95.0	1	0	0	2	930	1122	1361	1819	2396	2885	3241	3336	3282	3196	3052	2836	2651	2462	2316	2238	2244	2383	2626	2937	3219	3425	3463	3407	3280	3103	2943	2744	2525	2348	2244	2106	
175	434	95.0	95.0	1	0	0	2	917	1127	1380	1833	2408	2918	3224	3318	3293	3228	3059	2847	2695	2457	2320	2268	2253	2390	2650	2990	3248	3431	3466	3458	3292	3132	2945	2743	2538	2381	2227	2074	
175	451	95.0	95.0	1	0	0	2	933	1114	1363	1850	2417	2925	3242	3320	3285	3242	3059	2842	2682	2456	2330	2244	2234	2372	2638	2932	3292	3442	3481	3447	3329	3118	2954	2731	2544	2388	2235	2106	
175	468	95.0	95.0	1	0	0	2	932	1112	1371	1833	2414	2907	3250	3320	3305	3229	3076	2854	2680	2466	2351	2253	2240	2366	2648	2942	3260	3450	3477	3412	3292	3119	2943	2724	2536	2372	2235	2079	
175	485	94.9	95.0	1	0	0	2	920	1131	1378	1845	2383	2939	3264	3310	3284	3231	3019	2866	2604	2469	2359	2244	2261	2385	2646	2986	3256	3488	3459	3432	3278	3136	2932	2727	2526	2368	2223	2073	
175	503	94.9	95.0	1	0	0	2	942	1119	1378	1851	2418	2928	3241	3329	3323	3230	3063	2888	2686	2462	2333	2245	2273	2384	2637	2966	3285	3435	3476	3430	3306	3110	2980	2745	2530	2401	2214	2106	
175	520	94.9	95.0	1	0	0	2	924	1106	1377	1830	2408	2905	3238	3320	3341	3238	3082	2848	2650	2478	2326	2238	2252	2361	2648	2930	3253	3457	3486	3438	3294	3108	2934	2728	2564	2368	2233	2066	
175	537	94.9	95.0	1	0	0	2	931	1149	1398	1849	2420	2902	3265	3323	3325	3223	3084	2882	2684	2488	2334	2251	2261	2388	2639	2963	3285	3440	3526	3446	3307	3119	2959	2760	2538	2392	2235	2084	
175	554	94.9	95.0	1	0	0	2	934	1114	1396	1863	2407	2901	3251	3327	3333	3249	3093	2900	2706	2463	2356	2251	2251	2385	2653	2970	3255	3512	3476	3443	3329	3137	2946	2736	2535	2377	2241	2126	
175	572	95.0	95.0	1	0	0	2	936	1110	1383	1855	2397	2892	3257	3314	3333	3246	3056	2842	2645	2466	2310	2263	2255	2397	2620	2968	3269	3450	3436	3452	3296	3126	2940	2743	2519	2384	2241	2080	
175	589	94.9	95.0	1	0	0	2	932	1119	1386	1840	2430	2906	3243	3351	3318	3231	3081	2882	2688	2486	2348	2256	2266	2399	2666	2951	3267	3483	3485	3473	3310	3126	2990	2753	2540	2373	2220	2126	
175	606	95.0	95.0	1	0	0	2	931	1118	1388	1851	2420	2915	3244	3343	3315	3226	3104	2891	2676	2475	2336	2252	2266	2404	2641	2978	3327	3486	3470	3463	3302	3123	2933	2725	2548	2370	2260	2111	
175	623	95.0	95.0	1	0	0	2	934	1111	1400	1831	2409	2934	3273	3344	3346	3261	3074	2853	2665	2473	2290	2258	2246	2392	2649	2972	3273	3470	3472	3445	3303	3122	2966	2716	2568	2349	2222	2100	
175	641	95.0	95.0	1	0	0	2	937	1116	1414	1839	2431	2931	3270	3375	3342	3239	3086	2868	2657	2489	2331	2252	2257	2429	2656	2938	3265	3468	3500	3401	3326	3132	2938	2741	2549	2367	2226	2078	
175	658	95.0	95.0	1	0	0	2	936	1122	1380	1838	2416	2930	3242	3340	3337	3246	3102	2870	2675	2495	2331	2277	2269	2377	2692	2954	3281	3496	3482	3438	3300	3136	2949	2762	2530	2381	2270	2096	
175	675	95.0	95.0	1	0	0	2	928	1119	1409	1857	2404	2903	3260	3297	3330	3228	3082	2846	2632	2454	2345	2238	2260	2413	2662	2938	3296	3444	3509	3440	3313	3113	2947	2728	2528	2402	2218	2101	
175	692	95.0	95.0	1	0	0	2	928	1121	1389	1840	2420	2921	3288	3340	3327	3225	3073	2877	2664	2460	2344	2255	2267	2398	2623	2952	3263	3455	3495	3467	3296	3140	2941	2741	2536	2366	2232	2112	
175	710	95.0	95.0	1	0	0	2	944	1114	1377	1854	2405	2947	3292	3340	3327	3256	3094	2852	2687	2479	2328	2231	2246	2393	2639	2972	3254	3472	3467	3457	3327	3139	2955	2735	2540	2387	2234	2114	
175	727	95.0	95.0	1	0	0	2	943	1140	1389	1855	2431	2958	3266	3355	3334	3216	3094	2902	2662	2479	2348	2260	2246	2406	2658	2978	3278	3477	3514	3467	3302	3137	2962	2760	2548	2380	2227	2082	
175	744	95.0	95.0	1	0	0	2	947	1116	1381	1844	2438	2930	3253	3351	3327	3264	3098	2892	2690	2481	2336	2261	2242	2388	2646	2971	3299	3490	3502	3448	3315	3129	2977	2763	2547	2376	2232	2103	
175	761	94.9	95.0	1	0	0	2	917	1110	1352	1856	2421	2915	3263	3368	3330	3231	3124	2849	2659	2483	2352	2262	2252	2400	2674	2979	3257	3460	3490	3430	3312	3132	2983	2748	2547	2354	2230	2087	
175	779	95.0	95.0	1	0	0	2	926	1124	1395	1847	2437	2933	3251	3355	3321	3241	3102	2872	2687	2477	2344	2250	2271	2389	2658	2950	3274	3484	3506	3435	3323	3164	2965	2767	2536	2394	2242	2115	
175	796	94.9	95.0	1	0	0	2	922	1123	1412	1867	2422	2941	3268	3309	3345	3259	3149	2891	2697	2478	2361	2268	2292	2421	2645	2964	3267	3470	3482	3457	3318	3134	2974	2765	2553	2390	2243	2119	
175	813	95.0	95.0	1	0	0	2	938	1112	1383	1839	2416	2935	3280	3348	3358	3262	3123	2867	2691	2483	2365	2240	2280	2405	2682	2990	3250	3506	3500	3441	3305	3118	2952	2755	2551	2401	2237	2096	
175	830	95.0	95.0	1	0	0	2	924	1129	1401	1855	2417	2924	3315	3362	3342	3234	3120	2907	2689	2497	2385	2271	2257	2426	2701	3006	3300	3478	3490	3446	3361	3132	2946	2777	2578	2399	2248	2108	
175	848	94.9	95.0	1	0	0	2	937	1102	1392	1872	2420	2956	3261	3360	3367	3270	3089	2877	2700	2497	2366	2293	2282	2392	2666	2985	3300	3496	3540	3463	3344	3117	2972	2774	2571	2404	2241	2105	
175	865	95.0	95.0	1	0	0	2	931	1112	1399	1881	2434	2964	3288	3361	3346	3264	3087	2888	2700	2494	2368	2255	2294	2430	2685	2989	3333	3517	3498	3453	3331	3149	3001	2741	2566	2405	2234	2112	
175	882	94.9	95.0	1	0	0	2	939	1113	1401	1856	2409	2955	3246	3368	3348	3226	3083	2882	2685	2480	2357	2289	2275	2412	2668	2970	3251	3495	3469	3455	3303	3160	2981	2767	2565	2399	2242	2082	
175	899	95.0	95.0	1	0	0	2	947	1113	1394	1847	2446	2945	3299	3386	3385	3282	3114	2904	2711	2507	2379	2270	2291	2439	2680	2968	3310	3523	3509	3493	3340	3164	2970	2755	2552	2373	2227	2096	
175	917	95.0	95.0	1	0	0	2	932	1127	1417	1875	2442	2941	3251	3360	3404	3271	3118	2873	2724	2503	2366	2273	2291	2419	2671	2990	3294	3485	3510	3493	3354	3098	2984	2792	2586	2400	2267	2100	
175	934	95.0	95.0	1	0	0	2	941	1102	1398	1881	2448	2931	3294	3379	3400	3269	3082	2890	2697	2501	2369	2284	2285	2407	2644	2953	3242	3485	3505	3488	3339	3120	2970	2771	2550	2388	2232	2129	
175	951	95.0	95.0	1	0	0	2	944	1125	1391	1852	2462	2963	3284	3368	3357	3278	3144	2916	2708	2518	2360	2246	2248	2382	2672	3002	3302	3506	3497	3450	3332	3146	2950	2762	2549	2415	2218	2101	
175	968	95.0	95.0	1	0	0	2	942	1128	1379	1862	2443	2930	3318	3356	3384	3279	3121	2886	2715	2525	2350	2270	2289	2416	2664	2974	3299	3506	3514	3436	3351	3083	2951	2760	2540	2383	2249	2116	
175	986	95.0	95.0	1	0	0	2	916	1122	1390	1851	2424	2959	3305	3373	3369	3272	3111	2897	2700	2494	2370	2309	2276	2399	2621	2975	3303	3490	3523	3471	3317	3137	2979	2724	2559	2401	2254	2100	
175	1003	95.0	95.0	1	0	0	2	928	1121	1401	1851	2433	2958	3270	3379	3388	3294	3090	2939	2701	2489	2350	2253	2245	2408	2667	2980	3283	3498	3527	3398	3338	3130	2947	2751	2572	2367	2272	2131	
175	1020	95.0	95.0	1	0	0	2	916	1121	1399	1857	2424	2966	3300	3378	3346	3283	3108	2890	2686	2510	2366	2255	2307	2392	2678	3008	3218	3491	3517	3478	3341	3137	2977	2749	2549	2417	2236	2139	
175	1037	94.9	95.0	1	0	0	2	928	1122	1384	1859	2434	2978	3322	3391	3388	3299	3127	2898	2712	2503	2380	2266	2305	2397	2699	3004	3278	3465	3541	3468	3313	3165	2972	2785	2558	2411	2267	2115	
175	1055	95.0	95.0	1	0	0	2	938	1120	1394	1860	2439	2953	3292	3377	3371	3248	3110	2933	2715	2494	2336	2268	2290	2430	2628	2963	3308	3484	3545	3445	3318	3119	2985	2758	2550	2403	2261	2128	
175	1072	95.0	95.0	1	0	0	2	931	1115	1377	1867	2459	2972	3284	3380	3383	3283	3094	2905	2705	2492	2365	2287	2294	2415	2679	3006	3293	3468	3521	3470	3334	3163	2972	2766	2531	2394	2251	2111	
175	1089	95.0	95.0	1	0	0	2	929	1109	1407	1845	2470	2960	3312	3396	3371	3301	3108	2878	2726	2543	2384	2275	2278	2408	2678	2996	3284	3516	3495	3471	3351	3160	2935	2750	2564	2389	2253	2118	
175	1106	95.0	95.0	1	0	0	2	920	1119	1399	1864	2429	2966	3297	3369	3395	3298	3120	2902	2688	2486	2380	2272	2297	2404	2673	3003	3304	3514	3514	3491	3356	3148	2949	2741	2545	2397	2262	2098	
175	1124	95.0	95.0	1	0	0	2	941	1114	1382	1860	2444	2980	3320	3365	3388	3278	3111	2892	2706	2507	2372	2268	2260	2401	2680	2971	3310	3498	3532	3453	3369	3155	2977	2752	2529	2381	2244	2126	
175	1141	95.0	95.0	1	0	0	2	932	1094	1397	1875	2444	2981	3311	3365	3389	3281	3137	2884	2704	2498	2383	2282	2286	2433	2671	2979	3289	3496	3531	3463	3336	3116	2980	2728	2573	2392	2228	2075	
175	1158	95.0	95.0	1	0	0	2	930	1112	1383	1854	2446	2975	3313	3396	3395	3288	3127	2900	2717	2504	2389	2285	2278	2430	2683	3002	3297	3519	3521	3484	3341	3135	2985	2752	2541	2401	2262	2107	
175	1175	95.0	95.0	1	0	0	2	922	1121	1379	1869	2443	2949	3317	3396	3355	3300	3102	2912	2721	2518	2350	2277	2287	2461	2660	2985	3274	3492	3514	3490	3337	3164	2945	2743	2535	2368	2242	2104	
175	1193	95.0	95.0	1	0	0	2	929	1118	1393	1892	2418	2956	3277	3368	3356	3289	3129	2882	2722	2514	2358	2291	2290	2380	2682	2978	3268	3487	3536	3472	3304	3130	2976	2757	2558	2375	2261	2108	
175	1210	95.0	95.0	1	0	0	2	934	1125	1369	1863	2444	2982	3334	3371	3407	3282	3117	2927	2742	2503	2398	2247	2299	2403	2694	2966	3281	3479	3552	3476	3332	3143	2970	2774	2560	2394	2248	2113	
175	1227	95.0	95.0	1	0	0	2	929	1137	1378	1862	2442	2959	3356	3382	3374	3289	3132	2926	2711	2545	2354	2298	2298	2429	2665	2968	3338	3486	3513	3476	3317	3139	2977	2757	2559	2408	2234	2106	
175	1244	95.0	95.0	1	0	0	2	948	1116	1401	1857	2451	2947	3310	3367	3399	3309	3147	2918	2700	2524	2379	2250	2290	2428	2689	3020	3313	3469	3479	3475	3366	3122	2980	2765	2540	2394	2253	2118	
175	1262	95.0	95.0	1	0	0	2	946	1118	1403	1863	2454	2975	3312	3379	3391	3303	3138	2930	2703	2502	2390	2282	2281	2413	2661	2996	3289	3539	3520	3465	3373	3159	2978	2768	2551	2360	2234	2121	
175	1279	95.0	95.0	1	0	0	2	930	1102	1416	1864	2435	2973	3291	3405	3382	3268	3125	2944	2710	2514	2385	2282	2275	2395	2678	2988	3298	3491	3489	3500	3339	3112	2952	2749	2567	2403	2231	2116	
175	1325	95.0	95.0	1	1	0	2	943	1128	1403	1865	2418	2955	3310	3389	3393	3283	3140	2917	2713	2499	2383	2264	2285	2422	2654	3009	3263	3530	3530	3480	3314	3133	2972	2754	2564	2396	2271	2099	
175	1389	59.9	60.2	1	1	1	2	1014	1277	1945	2975	4193	5245	5839	5938	5772	5510	5121	4636	4232	3771	3444	3194	3077	3111	3380	3734	4139	4412	4456	4379	4155	3890	3643	3291	3041	2803	2618	2421	
175	1406	59.9	60.0	1	1	1	2	994	1266	1942	2923	4128	5142	5735	5819	5716	5406	5057	4583	4187	3748	3410	3156	3010	3091	3320	3716	4098	4346	4381	4315	4110	3839	3563	3264	2967	2779	2567	2399	
175	1423	59.9	60.0	1	1	1	2	988	1273	1905	2888	4113	5103	5660	5659	5615	5298	5025	4494	4112	3690	3356	3104	3003	3052	3300	3625	4011	4327	4323	4296	4083	3788	3542	3224	2964	2732	2547	2392	
175	1440	59.9	60.0	1	1	1	2	1011	1264	1914	2913	4091	5068	5678	5690	5602	5309	4935	4507	4101	3684	3360	3108	2973	3047	3253	3661	4051	4305	4328	4275	4074	3779	3525	3212	2974	2756	2540	2382	
175	1458	60.0	60.0	1	1	1	2	1015	1259	1899	2905	4102	5000	5654	5672	5607	5286	4926	4447	4116	3672	3340	3108	2962	3011	3304	3634	4029	4286	4247	4248	4073	3781	3545	3234	2963	2735	2548	2371	
175	1475	59.9	60.0	1	1	1	2	989	1259	1951	2858	3995	5068	5600	5628	5518	5193	4909	4485	4062	3656	3350	3130	2888	2999	3264	3642	3987	4264	4273	4224	4030	3764	3524	3221	2955	2701	2532	2374	
175	1492	60.0	60.0	1	1	1	2	991	1278	1850	2886	4046	5005	5646	5675	5556	5242	4892	4476	4084	3621	3333	3081	2974	3003	3250	3636	4021	4275	4277	4223	4014	3774	3536	3240	2963	2718	2537	2352	
175	1555	95.2	95.0	2	1	0	2	948	1120	1392	1855	2413	2935	3299	3368	3316	3260	3098	2871	2692	2485	2313	2240	2264	2388	2656	2925	3232	3425	3437	3389	3285	3098	2896	2740	2508	2349	2215	2068	
175	1572	95.0	95.0	2	1	0	2	911	1093	1407	1851	2418	2941	3249	3357	3318	3245	3065	2850	2693	2482	2334	2232	2264	2370	2620	2927	3266	3452	3464	3417	3261	3095	2921	2735	2519	2361	2224	2079	
175	1633	59.8	60.2	2	1	1	2	997	1234	1890	2858	4026	5032	5566	5669	5520	5280	4916	4426	4048	3614	3349	3090	2966	2995	3284	3660	4009	4244	4330	4216	4023	3797	3519	3219	2965	2732	2564	2331	
175	1650	60.0	60.0	2	1	1	2	1003	1256	1915	2873	4034	5020	5592	5638	5556	5248	4917	4427	4072	3635	3341	3073	2958	3043	3250	3624	4016	4276	4304	4221	4044	3757	3544	3247	2957	2705	2527	2345	
175	1667	59.9	60.0	2	1	1	2	996	1254	1905	2878	4040	5044	5587	5669	5521	5230	4905	4424	4067	3626	3329	3065	2968	3025	3291	3612	3995	4264	4312	4259	4035	3811	3506	3218	2946	2726	2537	2356	
175	1685	60.0	60.0	2	1	1	2	1008	1243	1905	2858	4030	4977	5564	5608	5425	5203	4875	4435	4002	3655	3334	3093	2956	3023	3285	3635	4003	4256	4276	4228	4013	3789	3538	3232	2964	2682	2525	2343	
175	1702	59.9	60.0	2	1	1	2	1001	1264	1902	2886	4028	5004	5579	5615	5488	5251	4878	4403	4041	3641	3313	3108	2948	3012	3251	3596	3990	4245	4272	4224	4046	3768	3511	3244	2923	2704	2546	2347	
175	1719	59.9	60.0	2	1	1	2	1012	1238	1890	2902	4009	4955	5555	5553	5472	5200	4841	4407	4030	3634	3304	3040	2914	2982	3234	3584	3989	4250	4261	4208	4025	3770	3508	3215	2905	2715	2503	2345	
175	1736	60.0	60.0	2	1	1	2	1001	1257	1868	2872	3997	4956	5549	5595	5443	5200	4813	4394	4031	3625	3297	3058	2916	3000	3196	3587	3950	4206	4258	4229	4004	3731	3524	3199	2920	2711	2477	2336	
175	1799	95.0	95.0	3	1	0	2	929	1112	1410	1845	2401	2964	3292	3370	3374	3254	3092	2885	2677	2486	2332	2260	2273	2360	2650	2932	3237	3444	3476	3411	3328	3093	2933	2740	2498	2368	2208	2091	
175	1816	95.0	95.0	3	1	0	2	937	1102	1401	1853	2418	2948	3228	3340	3306	3246	3085	2876	2677	2476	2353	2227	2241	2365	2601	2909	3213	3414	3444	3441	3263	3069	2920	2735	2472	2361	2184	2084	
175	1877	59.8	60.2	3	1	1	2	1043	1243	1893	2891	3986	5030	5600	5653	5494	5273	4890	4454	4028	3649	3315	3064	2965	3028	3253	3611	3996	4246	4325	4222	4062	3801	3535	3227	2916	2705	2554	2395	
175	1894	59.9	60.0	3	1	1	2	994	1260	1917	2855	4013	5008	5561	5583	5466	5228	4867	4479	4048	3626	3342	3082	2921	3026	3284	3620	4029	4248	4286	4225	4025	3772	3470	3245	2942	2684	2523	2359	
175	1911	60.0	60.0	3	1	1	2	987	1257	1903	2883	4016	5019	5571	5615	5573	5197	4903	4471	4041	3632	3315	3064	2927	3003	3262	3628	4006	4248	4275	4249	4046	3766	3513	3220	2927	2705	2525	2382	
175	1929	59.9	60.0	3	1	1	2	990	1250	1876	2835	4052	4954	5586	5584	5509	5220	4848	4443	4040	3613	3296	3032	2933	3007	3226	3572	3974	4228	4267	4211	4000	3773	3511	3215	2933	2678	2512	2352	
175	1946	60.0	60.0	3	1	1	2	1013	1258	1908	2848	4053	5005	5574	5609	5506	5220	4862	4444	4066	3633	3338	3070	2906	2992	3266	3605	3966	4256	4259	4215	4042	3739	3523	3207	2914	2706	2538	2348	
175	1963	60.0	60.0	3	1	1	2	992	1252	1898	2867	4003	4992	5555	5597	5445	5220	4823	4394	4025	3660	3312	3058	2932	2936	3259	3626	3946	4215	4261	4207	3995	3772	3493	3198	2923	2717	2510	2314	
175	1980	60.0	60.0	3	1	1	2	992	1249	1937	2838	4040	5004	5533	5565	5470	5193	4823	4402	4022	3628	3298	3066	2932	2977	3237	3613	3976	4217	4264	4208	4016	3738	3509	3211	2910	2705	2522	2362	
175	2045	95.0	95.1	4	1	0	2	930	1104	1410	1854	2403	2936	3248	3351	3329	3218	3070	2871	2665	2481	2301	2235	2239	2396	2617	2934	3176	3397	3436	3416	3268	3097	2888	2726	2503	2377	2217	2061	
175	2062	95.0	95.0	4	1	0	2	930	1095	1414	1845	2406	2917	3226	3318	3338	3195	3045	2838	2681	2438	2352	2254	2211	2348	2643	2910	3178	3379	3427	3379	3258	3108	2905	2699	2514	2340	2216	2080	
175	2125	59.8	60.1	4	1	1	2	996	1256	1881	2837	3999	4976	5559	5557	5492	5208	4892	4440	4050	3635	3323	3049	2923	2973	3228	3609	3983	4255	4222	4199	4017	3761	3491	3212	2930	2722	2528	2360	
175	2142	59.9	60.0	4	1	1	2	1005	1265	1890	2848	4017	4963	5618	5613	5482	5168	4848	4439	4009	3644	3302	3061	2940	3013	3233	3603	4007	4268	4271	4202	4003	3769	3536	3232	2927	2702	2517	2353	
175	2160	59.9	60.0	4	1	1	2	982	1253	1866	2878	4054	4995	5516	5603	5492	5194	4810	4409	4004	3646	3301	3055	2950	2990	3206	3626	3994	4249	4286	4222	3982	3789	3513	3207	2926	2704	2535	2340	
175	2177	59.9	60.0	4	1	1	2	1003	1248	1905	2868	3952	4946	5529	5574	5439	5202	4836	4421	4005	3616	3277	3058	2919	3009	3252	3600	3953	4217	4226	4193	3986	3756	3460	3191	2912	2723	2514	2352	
175	2194	59.9	60.0	4	1	1	2	988	1248	1896	2889	3997	4976	5560	5590	5469	5201	4834	4442	4052	3621	3287	3047	2926	2991	3221	3621	3972	4209	4271	4218	4027	3747	3541	3200	2922	2711	2540	2346	
175	2211	60.0	60.0	4	1	1	2	992	1250	1856	2837	3978	4959	5526	5486	5439	5216	4865	4400	3993	3571	3297	3043	2918	2994	3215	3611	3943	4258	4225	4199	4011	3742	3483	3215	2913	2670	2492	2343	
175	2229	60.0	60.0	4	1	1	2	1000	1261	1885	2848	3992	4919	5544	5565	5464	5163	4816	4384	3986	3617	3283	3062	2939	2986	3209	3559	3957	4222	4277	4211	4001	3719	3470	3156	2928	2697	2511	2344	
175	2291	95.2	95.0	5	1	0	2	923	1086	1413	1829	2423	2899	3270	3322	3305	3220	3085	2828	2680	2446	2343	2257	2207	2366	2632	2928	3206	3399	3396	3378	3213	3055	2908	2704	2489	2333	2210	2094	
175	2308	95.0	95.0	5	1	0	2	933	1089	1427	1853	2408	2917	3265	3287	3303	3206	3056	2837	2659	2467	2309	2211	2208	2340	2612	2898	3187	3388	3414	3371	3270	3080	2895	2702	2481	2329	2195	2069	
175	2371	59.7	60.1	5	1	1	2	997	1266	1888	2845	3938	4963	5523	5555	5487	5177	4853	4334	4012	3586	3285	3031	2914	2984	3224	3599	3999	4182	4246	4179	4058	3734	3466	3184	2898	2697	2510	2363	
175	2388	59.9	60.0	5	1	1	2	990	1246	1878	2836	4008	4975	5541	5561	5416	5158	4847	4373	3994	3594	3286	3060	2924	2969	3236	3597	3979	4234	4263	4200	4014	3716	3481	3163	2914	2716	2548	2370	
175	2406	59.9	60.0	5	1	1	2	998	1234	1897	2837	3976	4972	5558	5563	5448	5156	4800	4368	4012	3636	3274	3034	2967	2957	3219	3588	3945	4246	4266	4183	4001	3739	3485	3193	2917	2698	2504	2327	
175	2423	60.0	60.0	5	1	1	2	988	1240	1882	2824	3968	4930	5558	5549	5432	5163	4813	4366	3995	3610	3269	3057	2938	2974	3217	3586	3978	4219	4248	4184	3957	3712	3483	3197	2935	2672	2498	2358	
175	2440	60.0	60.0	5	1	1	2	1009	1244	1883	2844	3968	4920	5508	5496	5439	5204	4745	4409	3975	3589	3255	3021	2900	2943	3176	3560	3950	4186	4238	4193	3975	3745	3469	3153	2879	2703	2488	2340	
175	2457	59.9	60.0	5	1	1	2	999	1259	1892	2838	3985	4928	5520	5592	5470	5178	4812	4366	4048	3569	3252	3020	2943	2960	3213	3557	3957	4213	4225	4187	3995	3700	3479	3183	2920	2698	2479	2331	
175	2475	60.0	60.0	5	1	1	2	994	1245	1885	2828	3938	4965	5511	5495	5375	5155	4799	4359	3949	3573	3266	3036	2907	2945	3208	3597	3941	4187	4185	4167	3959	3714	3470	3137	2895	2671	2520	2315	
175	2539	95.1	95.1	6	1	0	2	920	1079	1437	1829	2405	2879	3225	3338	3279	3213	3059	2856	2659	2466	2338	2226	2233	2371	2574	2892	3186	3372	3404	3340	3218	3062	2902	2677	2499	2334	2172	2039	
175	2556	95.0	95.0	6	1	0	2	936	1093	1430	1837	2364	2896	3250	3328	3302	3188	3070	2839	2629	2454	2315	2213	2244	2371	2561	2912	3193	3408	3414	3370	3219	3067	2867	2694	2481	2346	2202	2049	
175	2619	59.7	60.1	6	1	1	2	1004	1241	1884	2796	4014	4928	5520	5544	5418	5197	4825	4353	3953	3574	3258	3011	2903	2971	3246	3576	3931	4195	4207	4197	3981	3725	3481	3169	2908	2657	2520	2359	
175	2636	60.0	60.0	6	1	1	2	994	1244	1877	2814	3933	4960	5504	5560	5417	5199	4804	4399	3964	3593	3268	3022	2936	2944	3202	3559	3941	4225	4267	4174	3989	3729	3472	3187	2910	2674	2474	2333	
175	2654	60.0	60.0	6	1	1	2	1010	1252	1883	2848	3974	4942	5511	5538	5444	5137	4832	4383	3990	3576	3257	3009	2892	2986	3209	3565	3946	4202	4216	4151	4006	3728	3462	3217	2891	2676	2504	2343	
175	2671	60.0	60.0	6	1	1	2	996	1274	1883	2854	3992	4917	5501	5571	5453	5163	4797	4386	4001	3589	3248	3005	2933	2982	3222	3591	3972	4224	4217	4149	3993	3732	3479	3159	2929	2670	2496	2352	
175	2688	60.0	60.0	6	1	1	2	992	1256	1900	2848	3952	4948	5462	5514	5424	5187	4801	4356	3970	3589	3263	3017	2905	2948	3229	3551	3919	4185	4241	4194	3970	3740	3456	3178	2888	2656	2498	2308	
175	2705	59.9	60.0	6	1	1	2	994	1240	1888	2853	3916	4926	5459	5498	5449	5136	4764	4358	3944	3565	3252	3022	2873	2975	3204	3562	3932	4163	4224	4186	3979	3708	3468	3182	2892	2655	2504	2302	
175	2723	60.0	60.0	6	1	1	2	1004	1258	1861	2833	3959	4932	5482	5530	5379	5188	4801	4381	3985	3564	3250	3032	2908	2975	3184	3567	3963	4200	4190	4112	3921	3714	3462	3176	2929	2674	2495	2359	
175	2787	95.0	95.1	7	1	0	2	933	1075	1416	1819	2408	2912	3212	3274	3300	3204	3046	2831	2640	2466	2307	2202	2225	2342	2573	2888	3161	3393	3392	3321	3230	3017	2894	2681	2470	2335	2173	2041	
175	2804	95.0	95.0	7	1	0	2	924	1069	1428	1842	2382	2868	3193	3255	3285	3145	2999	2829	2646	2435	2286	2222	2194	2343	2615	2894	3202	3321	3352	3359	3246	3029	2842	2650	2521	2321	2174	2027	
175	2867	59.8	60.1	7	1	1	2	989	1257	1874	2818	3972	4924	5443	5495	5452	5134	4799	4353	3923	3572	3248	3030	2888	2978	3162	3545	3930	4226	4217	4149	3946	3685	3444	3178	2901	2653	2516	2352	
175	2885	60.0	60.0	7	1	1	2	988	1272	1881	2837	3974	4905	5459	5521	5378	5163	4779	4355	3995	3617	3269	3004	2903	2982	3151	3564	3966	4162	4215	4156	3985	3685	3464	3182	2889	2680	2492	2316	
175	2902	60.0	60.0	7	1	1	2	997	1238	1894	2818	3929	4917	5480	5509	5421	5127	4776	4366	3992	3582	3240	3017	2916	2935	3187	3551	3933	4177	4206	4123	3949	3680	3455	3126	2893	2671	2533	2340	
175	2919	59.9	60.0	7	1	1	2	996	1245	1861	2825	3947	4945	5410	5480	5390	5147	4774	4360	3952	3584	3282	3002	2908	2962	3206	3541	3931	4176	4198	4135	3923	3689	3444	3178	2899	2644	2476	2284	
175	2936	60.0	60.0	7	1	1	2	1009	1244	1866	2797	3925	4911	5459	5471	5408	5123	4788	4333	3978	3546	3254	3021	2905	2950	3188	3520	3901	4168	4178	4161	3924	3664	3427	3161	2916	2669	2485	2331	
175	2954	59.9	60.0	7	1	1	2	988	1238	1886	2841	3946	4863	5465	5445	5390	5112	4753	4297	3907	3567	3249	3057	2876	2931	3191	3520	3874	4157	4177	4101	3964	3688	3446	3144	2856	2675	2465	2328	
175	2971	60.0	60.0	7	1	1	2	1007	1238	1859	2806	3939	4913	5433	5443	5337	5078	4793	4339	3950	3569	3209	2991	2899	2931	3188	3536	3911	4161	4209	4118	3950	3659	3407	3132	2869	2659	2492	2309	
175	3035	95.1	95.1	8	1	0	2	928	1082	1417	1827	2384	2893	3201	3276	3266	3170	3013	2840	2624	2412	2314	2209	2189	2340	2573	2865	3153	3341	3366	3351	3191	3036	2824	2642	2477	2312	2178	2045	
175	3053	95.0	95.0	8	1	0	2	947	1079	1425	1820	2350	2863	3164	3259	3231	3179	3029	2814	2621	2418	2270	2209	2214	2325	2567	2851	3165	3364	3389	3329	3222	3038	2853	2641	2467	2325	2147	2041	
175	3115	59.8	60.1	8	1	1	2	1012	1248	1869	2817	3919	4862	5428	5468	5371	5095	4737	4313	3925	3550	3263	2990	2877	2958	3177	3544	3904	4147	4210	4136	3910	3661	3413	3129	2863	2652	2463	2306	
175	3133	59.9	60.0	8	1	1	2	990	1251	1920	2803	3926	4854	5438	5483	5375	5116	4750	4304	3926	3554	3269	2996	2861	2950	3182	3549	3896	4149	4186	4188	3929	3653	3446	3160	2885	2666	2483	2315	
175	3150	59.9	60.0	8	1	1	2	1000	1257	1886	2799	3923	4879	5435	5475	5357	5120	4773	4311	3945	3569	3214	2993	2921	2923	3169	3542	3939	4144	4209	4123	3920	3644	3452	3131	2858	2641	2475	2329	
175	3167	60.0	60.0	8	1	1	2	994	1238	1874	2782	3905	4858	5421	5437	5326	5045	4759	4301	3913	3518	3214	2975	2853	2922	3137	3500	3914	4149	4193	4135	3941	3641	3410	3173	2843	2655	2500	2332	
175	3184	60.0	60.0	8	1	1	2	992	1228	1877	2821	3931	4881	5398	5409	5413	5053	4738	4284	3927	3501	3240	3020	2869	2936	3196	3541	3858	4148	4159	4086	3924	3667	3396	3126	2868	2619	2489	2302	
175	3202	60.0	60.0	8	1	1	2	1006	1221	1869	2775	3908	4806	5374	5404	5329	5070	4698	4323	3883	3516	3210	3004	2856	2934	3136	3510	3892	4140	4133	4127	3916	3635	3412	3110	2855	2648	2479	2311	
175	3219	60.0	60.0	8	1	1	2	996	1255	1842	2780	3904	4866	5367	5428	5333	5032	4644	4294	3915	3553	3214	2968	2849	2936	3155	3495	3882	4126	4133	4124	3908	3678	3405	3100	2811	2642	2469	2290	
175	3281	95.0	95.0	9	1	0	2	936	1076	1405	1851	2413	2870	3185	3286	3273	3160	3018	2802	2636	2434	2287	2187	2195	2313	2560	2869	3150	3383	3350	3374	3188	2999	2838	2655	2447	2308	2172	2033	
175	3299	95.0	95.0	9	1	0	2	921	1067	1393	1817	2369	2855	3172	3257	3241	3133	3021	2790	2614	2405	2288	2198	2201	2324	2514	2898	3138	3315	3301	3335	3167	2997	2854	2670	2435	2282	2164	2039	
175	3361	59.9	60.1	9	1	1	2	994	1228	1875	2749	3898	4846	5387	5445	5323	5090	4686	4290	3894	3530	3211	2974	2881	2938	3160	3482	3861	4119	4132	4113	3874	3616	3409	3124	2853	2627	2459	2310	
175	3379	60.0	60.0	9	1	1	2	986	1242	1858	2788	3894	4813	5353	5435	5372	5024	4753	4315	3919	3495	3227	2964	2843	2924	3151	3486	3870	4136	4135	4074	3916	3662	3387	3148	2858	2631	2451	2292	
175	3396	60.0	60.0	9	1	1	2	1007	1225	1846	2764	3901	4813	5334	5394	5280	5024	4676	4299	3894	3496	3219	2987	2849	2891	3154	3452	3842	4104	4134	4064	3926	3626	3400	3138	2838	2630	2454	2278	
175	3413	60.0	60.0	9	1	1	2	999	1242	1849	2841	3932	4828	5397	5410	5355	5063	4703	4269	3929	3513	3208	2955	2853	2913	3163	3510	3885	4166	4144	4054	3914	3664	3398	3123	2855	2627	2467	2309	
175	3430	60.0	60.0	9	1	1	2	1006	1233	1859	2792	3885	4850	5393	5427	5269	5119	4740	4259	3892	3496	3181	2950	2869	2900	3139	3515	3841	4096	4095	4077	3893	3640	3385	3134	2848	2626	2463	2280	
175	3448	60.0	60.0	9	1	1	2	1005	1245	1861	2771	3868	4813	5354	5417	5297	5035	4664	4288	3880	3493	3246	2942	2841	2881	3126	3461	3855	4097	4135	4064	3905	3621	3427	3073	2853	2613	2449	2295	
175	3465	60.0	60.0	9	1	1	2	1001	1260	1841	2763	3892	4806	5422	5383	5300	5035	4667	4286	3879	3450	3194	2952	2859	2917	3141	3512	3858	4097	4115	4057	3870	3636	3390	3106	2865	2612	2460	2279	
175	3530	95.1	95.1	10	1	0	2	933	1066	1409	1814	2372	2852	3177	3251	3237	3145	3008	2782	2608	2418	2267	2170	2199	2312	2589	2841	3139	3307	3350	3322	3164	3026	2845	2646	2446	2270	2171	2018	
175	3547	95.0	95.0	10	1	0	2	931	1057	1405	1812	2336	2846	3145	3192	3214	3120	2979	2784	2574	2412	2288	2177	2191	2298	2551	2825	3110	3307	3299	3294	3129	3006	2807	2630	2457	2269	2148	2017	
175	3610	59.8	60.1	10	1	1	2	993	1257	1867	2758	3830	4827	5343	5389	5290	5041	4711	4277	3889	3460	3192	2967	2863	2926	3132	3475	3863	4122	4156	4065	3889	3619	3396	3122	2883	2644	2435	2315	
175	3627	59.9	60.0	10	1	1	2	983	1233	1840	2758	3864	4805	5331	5362	5280	4999	4669	4240	3880	3501	3176	2960	2841	2909	3145	3454	3881	4119	4149	4038	3851	3609	3357	3099	2840	2644	2464	2267	
175	3644	60.0	60.0	10	1	1	2	998	1250	1849	2761	3855	4803	5353	5366	5312	5024	4681	4256	3900	3467	3211	2949	2824	2911	3100	3466	3887	4100	4112	4056	3873	3604	3397	3130	2841	2626	2465	2287	
175	3661	59.9	60.0	10	1	1	2	988	1240	1845	2753	3872	4825	5335	5353	5260	5019	4689	4250	3917	3450	3158	2961	2846	2899	3130	3461	3853	4065	4106	4059	3873	3626	3387	3096	2855	2653	2445	2273	
175	3679	59.9	60.0	10	1	1	2	1011	1233	1865	2774	3888	4783	5353	5363	5279	4996	4671	4254	3879	3477	3177	2911	2848	2899	3129	3472	3813	4073	4081	4052	3857	3614	3353	3104	2824	2621	2430	2271	
175	3696	60.0	60.0	10	1	1	2	1006	1237	1861	2766	3851	4797	5292	5381	5275	4994	4672	4248	3845	3462	3184	2940	2826	2889	3124	3456	3826	4098	4119	4057	3874	3610	3387	3113	2843	2608	2445	2272	
175	3713	59.9	60.0	10	1	1	2	993	1226	1838	2773	3880	4785	5312	5353	5222	4981	4639	4215	3886	3485	3175	2918	2795	2885	3093	3456	3809	4103	4058	4054	3848	3632	3387	3127	2829	2620	2405	2272	
175	3778	95.1	95.1	11	1	0	2	930	1051	1405	1794	2356	2867	3192	3266	3222	3177	3014	2798	2595	2422	2303	2168	2185	2294	2533	2819	3128	3290	3319	3299	3148	2988	2810	2640	2432	2286	2143	2024	
175	3795	95.0	95.0	11	1	0	2	928	1059	1397	1802	2370	2861	3160	3224	3201	3172	2995	2777	2604	2411	2262	2173	2191	2308	2549	2867	3140	3318	3334	3291	3171	2994	2832	2616	2477	2280	2125	2025	
175	3858	59.8	60.1	11	1	1	2	988	1239	1875	2767	3880	4754	5354	5428	5302	5054	4700	4274	3890	3529	3217	2981	2832	2902	3143	3511	3838	4118	4120	4084	3861	3642	3372	3121	2848	2645	2465	2317	
175	3875	59.9	60.0	11	1	1	2	978	1242	1852	2765	3846	4762	5373	5351	5272	5014	4648	4243	3873	3462	3186	2970	2810	2871	3134	3487	3890	4073	4087	4056	3829	3644	3363	3103	2849	2631	2444	2257	
175	3892	59.9	60.0	11	1	1	2	989	1237	1859	2793	3873	4849	5387	5380	5297	5021	4708	4293	3944	3526	3188	2944	2831	2907	3156	3483	3860	4130	4131	4123	3879	3641	3368	3128	2824	2638	2440	2271	
175	3909	60.0	60.0	11	1	1	2	990	1225	1838	2738	3853	4779	5338	5326	5286	5002	4652	4251	3884	3491	3164	2944	2810	2829	3129	3450	3814	4092	4083	4081	3833	3605	3377	3076	2847	2604	2436	2265	
175	3927	60.0	60.0	11	1	1	2	1001	1240	1839	2776	3854	4796	5369	5392	5256	5005	4674	4225	3872	3470	3180	2941	2832	2873	3100	3449	3772	4053	4083	4027	3866	3627	3388	3072	2835	2630	2470	2274	
175	3944	60.0	60.0	11	1	1	2	1012	1224	1833	2740	3827	4795	5346	5350	5234	4994	4684	4246	3849	3518	3184	2948	2823	2867	3139	3455	3821	4078	4055	4069	3862	3592	3368	3126	2812	2627	2430	2272	
175	3961	60.0	60.0	11	1	1	2	997	1231	1832	2786	3827	4822	5318	5370	5260	4989	4630	4244	3871	3491	3173	2980	2851	2849	3139	3451	3854	4059	4100	4043	3832	3598	3352	3104	2833	2615	2445	2277	
175	4024	95.1	95.0	12	1	0	2	925	1068	1410	1783	2344	2828	3169	3231	3245	3158	3012	2787	2622	2415	2273	2183	2185	2305	2527	2841	3116	3303	3304	3282	3120	2969	2769	2615	2410	2272	2137	2016	
175	4041	95.0	95.0	12	1	0	2	956	1061	1410	1793	2359	2824	3138	3189	3183	3057	2977	2793	2594	2393	2249	2201	2175	2270	2518	2824	3132	3286	3286	3278	3184	2972	2803	2609	2433	2251	2140	2009	
175	4104	59.9	60.1	12	1	1	2	992	1225	1831	2834	3808	4772	5317	5314	5251	4982	4650	4183	3872	3486	3173	2953	2810	2900	3108	3495	3832	4074	4105	4019	3889	3599	3373	3096	2837	2619	2441	2265	
175	4121	59.9	60.0	12	1	1	2	994	1226	1848	2765	3870	4820	5345	5373	5241	5036	4676	4255	3850	3468	3174	2955	2831	2886	3142	3499	3825	4093	4120	4054	3852	3623	3370	3085	2831	2600	2436	2281	
175	4138	60.0	60.0	12	1	1	2	1000	1236	1849	2760	3859	4825	5333	5344	5286	5009	4669	4220	3855	3479	3188	2957	2822	2881	3097	3488	3838	4088	4085	4081	3861	3629	3393	3120	2829	2591	2446	2258	
175	4155	60.0	60.0	12	1	1	2	986	1225	1849	2770	3871	4792	5305	5338	5244	4986	4646	4208	3862	3504	3177	2937	2841	2889	3111	3478	3853	4103	4125	4041	3849	3611	3364	3115	2833	2603	2419	2263	
175	4173	59.9	60.0	12	1	1	2	996	1240	1850	2767	3850	4776	5288	5303	5231	4920	4623	4239	3865	3460	3149	2931	2804	2871	3109	3428	3844	4087	4112	4052	3827	3590	3356	3092	2794	2631	2418	2276	
175	4190	60.0	60.0	12	1	1	2	980	1217	1864	2742	3818	4767	5289	5374	5228	4991	4656	4202	3888	3472	3191	2963	2836	2873	3136	3418	3846	4038	4097	4024	3882	3628	3387	3064	2833	2617	2452	2276	
175	4207	60.0	60.0	12	1	1	2	983	1241	1856	2785	3850	4731	5301	5309	5200	5002	4643	4205	3834	3456	3146	2939	2816	2879	3097	3435	3820	4028	4082	4010	3810	3598	3341	3134	2808	2596	2444	2270	
175	4269	95.0	95.0	13	1	0	2	923	1053	1385	1812	2329	2829	3094	3183	3194	3101	2953	2741	2587	2380	2261	2179	2171	2284	2515	2800	3094	3305	3304	3262	3122	2993	2812	2576	2396	2264	2123	2001	
175	4286	95.0	95.0	13	1	0	2	940	1038	1368	1795	2316	2803	3098	3184	3203	3092	2957	2755	2573	2358	2244	2164	2185	2272	2497	2822	3098	3299	3311	3269	3132	2997	2808	2623	2421	2280	2132	2016	
175	4349	59.8	60.1	13	1	1	2	985	1226	1856	2743	3836	4765	5354	5349	5239	5018	4607	4261	3849	3480	3184	2977	2831	2872	3095	3462	3840	4047	4104	4061	3858	3570	3356	3064	2816	2644	2442	2279	
175	4366	59.9	60.0	13	1	1	2	987	1232	1851	2753	3838	4782	5302	5348	5215	4993	4644	4209	3873	3492	3148	2949	2836	2874	3074	3427	3803	4072	4138	4060	3847	3586	3377	3069	2816	2618	2439	2269	
175	4383	59.9	60.0	13	1	1	2	986	1221	1827	2760	3852	4718	5342	5323	5229	4980	4651	4214	3832	3435	3155	2938	2810	2862	3072	3438	3787	4032	4070	3986	3836	3584	3351	3060	2786	2603	2438	2265	
175	4401	60.0	60.0	13	1	1	2	984	1223	1845	2728	3810	4794	5338	5337	5241	4972	4638	4232	3847	3459	3168	2922	2795	2888	3150	3439	3834	4046	4070	4035	3862	3565	3353	3073	2819	2579	2429	2239	
175	4418	60.0	60.0	13	1	1	2	985	1232	1840	2781	3816	4799	5323	5298	5216	4932	4680	4231	3833	3462	3159	2939	2770	2893	3093	3424	3802	4059	4070	4046	3847	3598	3346	3088	2827	2601	2403	2259	
175	4435	60.0	60.0	13	1	1	2	997	1237	1839	2740	3840	4747	5301	5341	5242	5001	4612	4235	3843	3453	3152	2898	2807	2882	3124	3427	3809	4088	4100	4025	3846	3593	3350	3089	2816	2585	2432	2242	
175	4452	60.0	60.0	13	1	1	2	991	1216	1856	2737	3837	4802	5329	5371	5246	4986	4689	4195	3847	3487	3193	2943	2802	2876	3121	3443	3818	4058	4083	4011	3842	3563	3390	3052	2824	2600	2436	2277	
175	4515	95.0	95.0	14	1	0	2	927	1062	1408	1785	2372	2860	3142	3188	3199	3118	2983	2795	2597	2388	2252	2164	2159	2301	2522	2807	3089	3279	3268	3231	3141	2957	2798	2612	2422	2272	2142	2005	
175	4532	95.0	95.0	14	1	0	2	928	1049	1386	1781	2332	2808	3150	3204	3174	3124	2973	2754	2607	2356	2241	2178	2155	2303	2505	2799	3102	3246	3313	3260	3120	2997	2802	2615	2426	2239	2137	1999	
175	4595	59.9	60.1	14	1	1	2	992	1234	1845	2770	3864	4767	5323	5359	5228	5020	4654	4235	3872	3468	3168	2950	2802	2875	3115	3452	3850	4038	4099	4017	3850	3599	3362	3079	2840	2594	2429	2253	
175	4612	59.9	60.0	14	1	1	2	982	1223	1819	2747	3838	4727	5300	5340	5225	4991	4647	4211	3852	3461	3180	2906	2853	2836	3117	3467	3801	4056	4077	4078	3822	3595	3366	3080	2794	2624	2390	2266	
175	4630	60.0	60.0	14	1	1	2	992	1253	1814	2741	3854	4793	5284	5304	5204	4983	4631	4191	3814	3448	3156	2939	2815	2890	3108	3434	3822	4039	4080	4042	3824	3625	3365	3087	2818	2616	2435	2270	
175	4647	60.0	60.0	14	1	1	2	989	1221	1831	2749	3835	4741	5304	5365	5201	4968	4609	4200	3864	3476	3131	2930	2810	2857	3070	3446	3791	4031	4098	4044	3824	3620	3352	3065	2799	2589	2441	2257	
175	4664	60.0	60.0	14	1	1	2	993	1247	1824	2735	3796	4689	5294	5320	5183	4927	4624	4191	3824	3439	3157	2938	2819	2852	3119	3454	3797	4044	4042	4000	3828	3562	3332	3064	2821	2630	2393	2241	
175	4681	60.0	60.0	14	1	1	2	980	1222	1830	2741	3823	4761	5305	5284	5168	4955	4605	4181	3868	3448	3148	2940	2823	2850	3098	3443	3796	4033	4055	3956	3825	3568	3371	3083	2813	2613	2426	2261	
175	4699	60.0	60.0	14	1	1	2	1012	1238	1850	2723	3783	4758	5276	5295	5169	4940	4635	4221	3805	3441	3156	2921	2794	2860	3091	3426	3772	4003	4080	3992	3832	3582	3368	3061	2818	2594	2429	2251	
175	4763	95.1	95.1	15	1	0	2	919	1052	1391	1792	2309	2811	3115	3177	3209	3080	2955	2736	2565	2371	2258	2159	2173	2259	2522	2803	3084	3270	3268	3238	3124	2947	2783	2599	2406	2245	2124	1971	
175	4780	95.0	95.0	15	1	0	2	906	1051	1377	1806	2310	2801	3122	3179	3196	3093	2975	2751	2575	2416	2249	2162	2170	2279	2521	2805	3096	3259	3269	3258	3123	2928	2782	2585	2412	2260	2121	2009	
175	4843	59.8	60.1	15	1	1	2	988	1241	1806	2754	3807	4736	5243	5281	5240	4938	4604	4201	3836	3460	3139	2925	2805	2878	3084	3437	3782	4039	4060	4009	3838	3592	3350	3088	2811	2565	2405	2229	
175	4860	59.9	60.0	15	1	1	2	982	1217	1843	2754	3833	4730	5255	5281	5204	4993	4617	4228	3816	3467	3145	2932	2797	2862	3093	3461	3794	4015	4099	4040	3856	3558	3351	3079	2823	2582	2427	2193	
175	4878	59.9	60.0	15	1	1	2	983	1235	1817	2709	3750	4732	5296	5246	5177	4948	4605	4203	3826	3438	3147	2906	2778	2857	3101	3428	3819	3982	4055	3975	3834	3594	3332	3058	2802	2581	2410	2231	
175	4895	59.9	60.0	15	1	1	2	985	1244	1839	2763	3788	4741	5270	5277	5221	4939	4613	4212	3843	3458	3180	2900	2807	2822	3077	3434	3785	4009	4044	3984	3801	3534	3336	3070	2796	2596	2426	2240	
175	4912	60.0	60.0	15	1	1	2	989	1222	1822	2704	3802	4721	5253	5273	5178	4917	4577	4200	3841	3454	3149	2908	2748	2816	3107	3437	3769	3993	4054	4016	3793	3548	3317	3095	2774	2519	2410	2242	
175	4929	59.9	60.0	15	1	1	2	988	1191	1856	2729	3772	4688	5287	5264	5201	4900	4604	4174	3827	3418	3116	2894	2795	2854	3072	3408	3725	4000	4038	3962	3776	3560	3351	3037	2798	2582	2447	2252	
175	4947	60.0	60.0	15	1	1	2	987	1233	1817	2736	3819	4697	5237	5277	5232	4915	4625	4191	3816	3441	3121	2908	2791	2835	3083	3426	3781	3982	4065	4020	3836	3553	3377	3064	2794	2582	2400	2258	
175	5011	95.0	95.1	16	1	0	2	929	1047	1375	1784	2311	2804	3102	3162	3188	3111	2944	2724	2585	2384	2252	2161	2186	2291	2514	2785	3067	3294	3295	3244	3098	2947	2786	2594	2400	2228	2134	1992	
175	5028	95.0	95.0	16	1	0	2	927	1049	1376	1773	2317	2809	3092	3198	3198	3068	2911	2722	2555	2377	2267	2151	2184	2293	2512	2787	3069	3266	3285	3240	3106	2919	2765	2629	2389	2253	2140	1985	
175	5091	59.8	60.1	16	1	1	2	977	1224	1847	2744	3808	4725	5247	5308	5156	4915	4587	4179	3844	3421	3140	2942	2786	2838	3064	3394	3784	4035	4046	4001	3837	3570	3345	3054	2778	2579	2392	2260	
175	5108	60.0	60.0	16	1	1	2	996	1224	1843	2724	3801	4704	5268	5256	5225	4898	4596	4200	3826	3434	3137	2902	2757	2860	3091	3444	3820	4010	4037	3999	3810	3570	3306	3021	2769	2605	2432	2259	
175	5126	60.0	60.0	16	1	1	2	991	1200	1827	2727	3823	4726	5239	5298	5210	4935	4583	4182	3788	3461	3146	2943	2784	2872	3069	3414	3775	4001	4046	3960	3822	3576	3349	3069	2795	2560	2418	2260	
175	5143	60.0	60.0	16	1	1	2	961	1241	1842	2722	3803	4737	5269	5278	5173	4921	4632	4193	3830	3427	3154	2922	2824	2891	3077	3402	3780	4031	4055	4009	3828	3567	3324	3058	2811	2604	2422	2256	
175	5160	60.0	60.0	16	1	1	2	994	1270	1840	2746	3812	4727	5273	5292	5195	4937	4622	4175	3805	3458	3140	2908	2783	2861	3059	3466	3753	3982	4039	3983	3809	3552	3343	3072	2800	2570	2395	2271	
175	5177	59.9	60.0	16	1	1	2	989	1238	1805	2746	3812	4652	5233	5290	5149	4937	4567	4177	3815	3429	3146	2928	2799	2841	3088	3407	3777	4037	4020	4004	3821	3547	3350	3065	2786	2564	2394	2266	
175	5195	60.0	60.0	16	1	1	2	990	1212	1840	2707	3763	4699	5240	5240	5176	4895	4588	4141	3790	3438	3143	2905	2788	2809	3051	3404	3786	3990	4021	3977	3808	3544	3307	3048	2784	2561	2407	2229	
175	5257	95.0	95.0	17	1	0	2	929	1049	1373	1789	2333	2844	3105	3173	3182	3081	2944	2747	2576	2371	2232	2177	2140	2284	2509	2815	3062	3260	3283	3238	3139	2940	2796	2613	2403	2273	2111	1989	
175	5274	95.0	95.0	17	1	0	2	920	1049	1370	1792	2332	2782	3116	3217	3221	3095	2943	2742	2587	2384	2218	2161	2149	2266	2505	2780	3085	3270	3269	3215	3101	2956	2769	2589	2396	2235	2128	2001	
175	5337	59.7	60.1	17	1	1	2	984	1237	1836	2726	3820	4735	5298	5311	5226	4930	4592	4193	3781	3432	3128	2905	2772	2867	3092	3419	3792	4021	4030	4015	3820	3570	3297	3033	2799	2566	2409	2244	
175	5354	60.0	60.0	17	1	1	2	992	1225	1838	2704	3789	4684	5268	5299	5174	4922	4569	4216	3793	3439	3164	2909	2814	2827	3096	3456	3775	3994	4021	3965	3808	3570	3317	3035	2801	2594	2408	2255	
175	5372	59.9	60.0	17	1	1	2	984	1226	1845	2720	3795	4713	5223	5250	5157	4930	4596	4158	3808	3444	3128	2925	2770	2848	3096	3402	3785	4001	4024	3963	3802	3562	3302	3047	2754	2568	2391	2229	
175	5389	60.0	60.0	17	1	1	2	968	1214	1822	2733	3779	4713	5254	5308	5161	4915	4574	4195	3826	3481	3143	2920	2772	2841	3071	3443	3784	4034	4075	3964	3828	3575	3325	3038	2785	2587	2414	2248	
175	5406	60.0	60.0	17	1	1	2	993	1241	1816	2724	3772	4663	5221	5271	5144	4910	4573	4200	3772	3427	3103	2931	2795	2850	3050	3396	3754	4013	4031	3982	3765	3549	3333	3048	2786	2559	2390	2261	
175	5423	60.0	60.0	17	1	1	2	984	1216	1843	2732	3760	4663	5276	5266	5088	4884	4553	4158	3816	3450	3122	2917	2788	2847	3056	3395	3733	3994	4043	3982	3777	3552	3333	3057	2784	2559	2394	2254	
175	5441	60.0	60.0	17	1	1	2	980	1230	1823	2708	3812	4644	5281	5264	5188	4928	4597	4176	3787	3431	3139	2902	2788	2853	3075	3385	3769	4037	4039	3987	3809	3582	3317	3030	2784	2576	2416	2241	
175	5505	95.0	95.1	18	1	0	2	915	1051	1376	1771	2326	2809	3118	3185	3159	3096	2968	2745	2558	2381	2243	2154	2156	2264	2486	2770	3050	3284	3265	3243	3108	2938	2770	2579	2390	2249	2124	1983	
175	5522	95.0	95.0	18	1	0	2	914	1058	1382	1765	2332	2776	3109	3127	3136	3026	2938	2731	2553	2355	2227	2141	2137	2281	2486	2766	3059	3219	3227	3210	3078	2937	2747	2544	2390	2222	2113	1984	
175	5585	59.8	60.1	18	1	1	2	989	1230	1845	2724	3800	4693	5270	5304	5158	4904	4609	4179	3827	3407	3161	2933	2790	2838	3096	3425	3800	4012	4079	3963	3809	3583	3317	3060	2808	2579	2431	2245	
175	5603	59.9	60.0	18	1	1	2	984	1233	1819	2708	3818	4720	5226	5265	5202	4933	4557	4154	3830	3416	3101	2906	2801	2822	3076	3391	3790	4016	4038	3978	3824	3565	3298	3045	2805	2580	2408	2259	
175	5620	60.0	60.0	18	1	1	2	980	1226	1865	2728	3779	4726	5255	5282	5228	4928	4575	4177	3814	3435	3144	2911	2771	2864	3106	3438	3754	4009	4017	4029	3847	3549	3368	3074	2803	2586	2395	2254	
175	5637	59.9	60.0	18	1	1	2	994	1210	1831	2741	3780	4712	5237	5272	5189	4917	4584	4219	3792	3443	3155	2894	2796	2868	3096	3440	3795	4033	4061	3990	3785	3603	3342	3055	2764	2595	2384	2226	
175	5654	60.0	60.0	18	1	1	2	1005	1237	1833	2725	3814	4715	5236	5262	5161	4953	4591	4177	3810	3416	3137	2916	2802	2832	3040	3415	3781	4017	4070	3997	3829	3546	3308	3082	2809	2589	2407	2261	
175	5672	60.0	60.0	18	1	1	2	984	1154	1838	2728	3779	4700	5243	5251	5157	4909	4586	4148	3814	3434	3146	2905	2782	2863	3097	3414	3744	4003	3993	3955	3812	3564	3286	3025	2773	2578	2416	2248	
175	5689	60.0	60.0	18	1	1	2	996	1226	1840	2715	3797	4707	5269	5207	5178	4902	4548	4149	3772	3393	3113	2919	2754	2859	3046	3408	3767	3946	4030	3939	3786	3507	3315	3059	2804	2566	2424	2245	
175	5753	95.1	95.1	19	1	0	2	904	1039	1368	1792	2318	2795	3104	3160	3153	3071	2960	2704	2561	2363	2243	2156	2150	2261	2487	2782	3074	3242	3260	3207	3120	2936	2778	2572	2386	2257	2114	1986	
175	5771	95.0	95.0	19	1	0	2	938	1046	1386	1762	2313	2808	3089	3141	3146	3084	2952	2733	2573	2353	2225	2155	2171	2283	2505	2799	3069	3236	3260	3198	3105	2898	2750	2573	2381	2252	2122	1982	
175	5833	59.8	60.1	19	1	1	2	995	1223	1846	2723	3813	4686	5239	5247	5199	4942	4581	4159	3792	3460	3144	2895	2808	2830	3077	3435	3785	4036	3997	3998	3776	3570	3312	3039	2764	2568	2406	2235	
175	5851	59.9	60.0	19	1	1	2	991	1235	1833	2717	3782	4664	5222	5263	5172	4901	4600	4148	3758	3423	3134	2902	2782	2855	3089	3417	3768	4008	4037	3996	3798	3561	3310	3054	2799	2605	2406	2235	
175	5868	59.9	60.0	19	1	1	2	1003	1249	1836	2714	3807	4746	5175	5239	5162	4892	4576	4150	3800	3429	3121	2909	2763	2864	3073	3401	3790	4019	4032	3959	3803	3540	3297	3029	2792	2591	2423	2229	
175	5885	59.9	60.0	19	1	1	2	993	1240	1806	2748	3798	4701	5241	5267	5161	4908	4594	4136	3803	3404	3150	2886	2797	2849	3060	3418	3795	3995	4040	4004	3801	3562	3318	3035	2774	2585	2409	2239	
175	5902	59.9	60.0	19	1	1	2	1015	1231	1823	2717	3803	4720	5199	5222	5132	4942	4608	4145	3827	3394	3138	2893	2819	2800	3062	3415	3768	4018	4018	3974	3797	3533	3326	3036	2732	2597	2408	2220	
175	5920	60.0	60.0	19	1	1	2	990	1228	1817	2721	3802	4725	5197	5239	5123	4905	4555	4146	3781	3435	3131	2885	2788	2824	3078	3376	3778	3967	3990	3964	3784	3522	3297	3031	2758	2588	2400	2239	
175	5937	59.9	60.0	19	1	1	2	988	1224	1844	2712	3772	4692	5208	5237	5200	4898	4544	4141	3806	3425	3114	2868	2740	2847	3059	3413	3751	4030	4010	3956	3808	3522	3329	3011	2782	2587	2405	2244	
175	6001	95.1	95.1	20	1	0	2	937	1039	1382	1776	2316	2786	3113	3169	3175	3081	2938	2759	2565	2363	2236	2169	2155	2256	2486	2774	3070	3246	3290	3220	3081	2924	2754	2592	2392	2232	2090	1963	
175	6019	95.0	95.0	20	1	0	2	915	1050	1394	1790	2319	2762	3107	3180	3160	3069	2949	2737	2548	2347	2221	2145	2124	2268	2499	2790	3058	3237	3245	3233	3108	2913	2777	2577	2381	2242	2101	2000	
175	6081	59.7	60.1	20	1	1	2	985	1252	1838	2743	3799	4657	5246	5263	5150	4911	4578	4156	3820	3442	3119	2907	2786	2845	3066	3439	3756	4024	4030	3984	3818	3554	3325	3036	2773	2550	2396	2245	
175	6099	59.9	60.0	20	1	1	2	992	1226	1818	2699	3790	4661	5208	5251	5134	4881	4555	4145	3806	3435	3114	2911	2776	2842	3079	3388	3759	4000	4011	3982	3774	3534	3313	3056	2777	2565	2369	2235	
175	6116	59.9	60.0	20	1	1	2	982	1222	1827	2669	3812	4695	5223	5261	5101	4875	4545	4158	3773	3414	3122	2882	2756	2841	3078	3418	3774	3977	4023	3919	3777	3536	3315	3019	2777	2541	2403	2231	
175	6133	59.9	60.0	20	1	1	2	1011	1225	1818	2721	3798	4649	5190	5237	5180	4936	4597	4109	3800	3404	3132	2894	2788	2867	3043	3392	3774	3990	4005	3942	3797	3524	3316	3042	2799	2576	2403	2224	
175	6150	60.0	60.0	20	1	1	2	983	1226	1821	2732	3764	4727	5210	5284	5185	4898	4560	4153	3794	3409	3128	2912	2770	2810	3081	3413	3765	4007	4049	3990	3804	3547	3297	3053	2760	2574	2394	2234	
175	6168	59.9	60.0	20	1	1	2	1001	1229	1822	2733	3800	4701	5225	5320	5166	4936	4613	4204	3808	3414	3147	2902	2793	2859	3061	3418	3790	4025	4038	4003	3828	3577	3315	3032	2769	2555	2393	2286	
175	6185	60.0	60.0	20	1	1	2	998	1228	1824	2748	3810	4700	5220	5329	5178	4917	4567	4163	3779	3404	3116	2903	2749	2853	3096	3400	3720	4040	4036	3985	3792	3521	3292	3046	2779	2576	2427	2253	
175	6249	95.2	95.1	21	1	0	2	904	1051	1363	1794	2312	2831	3081	3179	3161	3091	2926	2756	2538	2364	2237	2161	2172	2268	2490	2788	3053	3246	3257	3241	3083	2942	2765	2574	2394	2243	2118	1966	
175	6267	95.0	95.0	21	1	0	2	915	1051	1368	1755	2324	2793	3111	3165	3167	3053	2934	2725	2524	2371	2218	2141	2154	2268	2498	2781	3020	3241	3258	3239	3100	2902	2767	2563	2368	2235	2082	1998	
175	6328	59.8	60.2	21	1	1	2	993	1209	1815	2710	3800	4690	5245	5233	5126	4924	4580	4165	3779	3417	3151	2888	2756	2829	3107	3386	3742	3992	4012	3978	3824	3556	3323	3038	2807	2567	2386	2225	
175	6345	60.0	60.0	21	1	1	2	978	1236	1834	2707	3804	4679	5217	5272	5155	4930	4541	4160	3794	3437	3136	2901	2796	2838	3069	3388	3794	3999	4014	3982	3791	3563	3333	3037	2766	2550	2409	2245	
175	6362	60.0	60.0	21	1	1	2	992	1246	1834	2728	3815	4698	5285	5185	5175	4898	4545	4152	3790	3438	3127	2943	2766	2850	3061	3419	3772	4016	4023	3971	3816	3543	3354	3033	2809	2558	2416	2240	
175	6379	60.0	60.0	21	1	1	2	992	1209	1832	2704	3795	4697	5228	5258	5134	4884	4585	4164	3772	3442	3136	2917	2806	2806	3088	3378	3706	4003	4027	3954	3798	3556	3314	3037	2797	2588	2390	2269	
175	6397	59.9	60.0	21	1	1	2	974	1224	1828	2708	3739	4676	5205	5212	5138	4916	4534	4137	3784	3412	3098	2897	2778	2815	3070	3399	3742	3976	4081	3966	3774	3515	3316	3046	2772	2542	2396	2232	
175	6414	60.0	60.0	21	1	1	2	983	1210	1829	2712	3846	4726	5217	5262	5140	4910	4609	4184	3794	3397	3113	2910	2767	2852	3089	3400	3755	3997	4013	3994	3783	3538	3316	3056	2777	2560	2396	2219	
175	6431	60.0	60.0	21	1	1	2	997	1244	1836	2729	3802	4694	5215	5231	5171	4919	4556	4190	3799	3395	3083	2904	2787	2820	3088	3452	3768	3960	4000	3963	3803	3547	3321	3009	2771	2550	2411	2227	
175	6494	95.1	95.0	22	1	0	2	923	1051	1372	1804	2332	2764	3116	3175	3192	3078	2957	2736	2557	2379	2197	2159	2137	2246	2492	2788	3098	3224	3253	3200	3090	2972	2799	2573	2396	2252	2120	1994	
175	6511	95.0	95.0	22	1	0	2	925	1048	1369	1800	2302	2796	3092	3168	3202	3048	2910	2752	2537	2345	2218	2149	2149	2271	2498	2773	3054	3222	3205	3195	3086	2917	2748	2573	2355	2217	2144	1966	
175	6574	59.8	60.1	22	1	1	2	994	1232	1845	2732	3775	4722	5194	5229	5132	4887	4543	4156	3794	3400	3098	2889	2762	2810	3046	3392	3751	4009	3989	3953	3767	3554	3302	3014	2794	2576	2408	2235	
175	6591	59.9	60.0	22	1	1	2	999	1228	1831	2721	3766	4690	5211	5247	5128	4880	4608	4151	3758	3424	3143	2871	2791	2831	3036	3401	3779	3991	3999	3969	3789	3519	3317	3026	2808	2571	2404	2247	
175	6608	59.9	60.0	22	1	1	2	963	1219	1847	2713	3778	4694	5189	5206	5125	4898	4541	4142	3761	3398	3104	2880	2776	2836	3023	3422	3771	3988	4013	3970	3812	3525	3323	3001	2798	2537	2405	2235	
175	6625	60.0	60.0	22	1	1	2	983	1233	1814	2725	3772	4718	5223	5266	5119	4882	4565	4146	3763	3424	3117	2854	2750	2864	3062	3377	3761	3912	3995	3931	3799	3549	3303	3024	2774	2551	2408	2243	
175	6643	60.0	60.0	22	1	1	2	992	1226	1805	2714	3800	4688	5195	5227	5144	4865	4522	4163	3796	3422	3133	2902	2766	2821	3069	3400	3758	4024	4008	3949	3773	3517	3293	3038	2753	2578	2389	2256	
175	6660	60.0	60.0	22	1	1	2	981	1216	1839	2690	3786	4707	5234	5276	5148	4904	4589	4170	3779	3416	3106	2902	2788	2838	3084	3406	3734	3983	4000	3963	3790	3549	3312	3028	2760	2563	2396	2230	
175	6677	59.9	60.0	22	1	1	2	983	1235	1830	2715	3783	4634	5205	5200	5121	4890	4525	4135	3770	3400	3112	2887	2761	2827	3038	3373	3720	3972	3988	3918	3762	3527	3269	3043	2762	2580	2388	2230	
175	6740	95.3	95.0	23	1	0	2	921	1041	1350	1789	2324	2792	3085	3181	3138	3086	2969	2696	2531	2348	2202	2146	2138	2247	2463	2774	3019	3185	3210	3183	3070	2939	2767	2559	2387	2229	2098	1969	
175	6757	95.0	95.0	23	1	0	2	925	1055	1364	1759	2291	2782	3091	3122	3162	3104	2927	2731	2561	2361	2210	2132	2145	2239	2509	2756	3053	3235	3222	3198	3091	2931	2765	2603	2386	2226	2098	1961	
175	6820	59.8	60.1	23	1	1	2	971	1228	1807	2718	3783	4650	5209	5255	5156	4906	4551	4182	3761	3444	3129	2881	2772	2830	3070	3412	3764	3954	4023	3975	3787	3546	3296	3020	2789	2552	2391	2239	
175	6837	59.9	60.0	23	1	1	2	978	1221	1826	2700	3745	4663	5223	5221	5133	4892	4558	4147	3771	3423	3116	2911	2748	2826	3022	3421	3749	4004	4004	4011	3776	3535	3284	3023	2742	2540	2392	2232	
175	6854	60.0	60.0	23	1	1	2	995	1217	1826	2710	3740	4661	5184	5204	5125	4905	4577	4134	3799	3424	3102	2896	2752	2823	3046	3393	3755	3953	3984	3957	3748	3534	3300	3032	2747	2567	2388	2210	
175	6872	59.9	60.0	23	1	1	2	987	1224	1833	2700	3778	4716	5144	5232	5102	4894	4564	4137	3773	3418	3098	2875	2762	2811	3063	3389	3747	3991	4013	3971	3755	3503	3326	3027	2758	2565	2384	2238	
175	6889	59.9	60.0	23	1	1	2	985	1231	1837	2724	3813	4675	5188	5205	5128	4911	4546	4162	3762	3384	3096	2891	2738	2823	3042	3384	3710	4001	3987	3950	3772	3492	3322	3048	2758	2566	2371	2224	
175	6906	59.9	60.0	23	1	1	2	979	1201	1833	2697	3781	4672	5198	5241	5123	4842	4545	4143	3766	3404	3113	2856	2742	2836	3067	3371	3735	3946	4010	3961	3747	3521	3317	3028	2769	2582	2394	2252	
175	6923	60.0	60.0	23	1	1	2	988	1216	1817	2722	3785	4680	5217	5210	5126	4859	4537	4161	3789	3379	3148	2876	2758	2838	3061	3414	3720	3968	3966	3910	3753	3513	3282	3000	2763	2559	2370	2210	
175	6986	95.1	95.0	24	1	0	2	917	1054	1380	1761	2316	2788	3110	3115	3180	3055	2916	2741	2565	2335	2222	2137	2111	2260	2485	2774	3079	3260	3249	3196	3107	2929	2778	2566	2372	2212	2104	1990	
175	7003	95.0	95.0	24	1	0	2	919	1039	1361	1777	2313	2754	3082	3123	3144	3084	2919	2725	2527	2342	2232	2156	2130	2266	2481	2771	3046	3238	3229	3241	3085	2917	2754	2577	2359	2225	2090	1972	
175	7066	59.8	60.1	24	1	1	2	995	1235	1801	2679	3773	4648	5177	5240	5136	4891	4574	4154	3804	3441	3090	2887	2783	2820	3045	3394	3756	3948	4008	3963	3778	3532	3315	2987	2757	2561	2396	2217	
175	7083	59.9	60.0	24	1	1	2	986	1196	1840	2674	3741	4676	5172	5192	5129	4852	4522	4132	3762	3403	3102	2875	2747	2808	3078	3393	3722	3952	3983	3949	3760	3516	3300	3029	2744	2523	2375	2204	
175	7100	59.9	60.0	24	1	1	2	986	1229	1810	2693	3772	4646	5187	5186	5095	4897	4515	4139	3787	3393	3062	2885	2764	2801	3060	3390	3727	3968	3991	3958	3778	3504	3304	3018	2754	2566	2370	2234	
175	7118	60.0	60.0	24	1	1	2	986	1234	1810	2677	3728	4664	5194	5279	5081	4861	4552	4133	3797	3393	3078	2907	2760	2811	3064	3410	3723	3959	3988	3952	3749	3532	3300	3047	2748	2559	2407	2241	
175	7135	59.9	60.0	24	1	1	2	991	1230	1812	2712	3749	4705	5182	5206	5071	4880	4553	4109	3735	3417	3096	2873	2740	2825	3039	3367	3723	3961	3983	3939	3737	3524	3265	3036	2764	2555	2396	2208	
175	7152	59.9	60.0	24	1	1	2	975	1207	1861	2665	3748	4644	5157	5201	5155	4845	4526	4153	3777	3385	3122	2861	2704	2799	3055	3368	3723	3959	3987	3935	3777	3501	3287	2984	2760	2559	2353	2225	
175	7169	60.0	60.0	24	1	1	2	983	1226	1816	2693	3753	4629	5212	5246	5152	4874	4566	4123	3778	3414	3120	2857	2768	2812	3064	3367	3730	3934	3964	3978	3798	3526	3296	3004	2767	2584	2391	2222	
175	7234	95.1	95.1	25	1	0	2	904	1046	1364	1786	2304	2754	3090	3142	3154	3044	2928	2732	2509	2346	2215	2123	2145	2240	2511	2768	3044	3229	3240	3181	3083	2931	2746	2556	2365	2213	2098	1969	
175	7251	95.0	95.0	25	1	0	2	930	1048	1360	1753	2287	2771	3068	3143	3135	3051	2897	2724	2521	2366	2202	2152	2130	2231	2489	2745	3030	3225	3234	3206	3041	2906	2750	2552	2383	2210	2088	1967	
175	7314	59.8	60.1	25	1	1	2	995	1220	1806	2728	3752	4654	5129	5228	5127	4888	4555	4150	3775	3388	3078	2879	2766	2824	3053	3400	3742	3998	3994	3951	3755	3512	3318	3045	2749	2555	2397	2244	
175	7331	59.9	60.0	25	1	1	2	990	1215	1803	2698	3736	4638	5150	5203	5063	4886	4484	4091	3788	3389	3097	2864	2748	2825	3034	3406	3710	3964	3974	3926	3729	3536	3313	3013	2731	2562	2376	2251	
175	7349	60.0	60.0	25	1	1	2	998	1233	1820	2690	3774	4645	5184	5190	5086	4856	4568	4163	3767	3424	3086	2901	2748	2806	3030	3372	3714	3996	4009	3945	3735	3550	3300	3011	2756	2539	2367	2222	
175	7366	60.0	60.0	25	1	1	2	995	1248	1819	2678	3759	4656	5209	5223	5114	4827	4507	4121	3765	3386	3102	2855	2736	2804	3049	3369	3734	3963	3971	3936	3760	3513	3277	3015	2761	2561	2385	2216	
175	7383	60.0	60.0	25	1	1	2	991	1228	1844	2697	3742	4670	5163	5226	5110	4832	4550	4113	3757	3416	3078	2869	2750	2818	3028	3387	3708	3991	3994	3967	3746	3528	3288	3028	2779	2529	2386	2219	
175	7400	60.0	60.0	25	1	1	2	995	1227	1813	2714	3757	4616	5176	5230	5131	4838	4539	4091	3761	3403	3125	2858	2782	2825	3040	3364	3734	3965	3969	3923	3782	3511	3284	3023	2756	2552	2386	2214	
175	7418	60.0	60.0	25	1	1	2	993	1246	1781	2687	3714	4638	5186	5215	5068	4888	4517	4123	3767	3382	3116	2868	2771	2806	3054	3374	3728	3974	3942	3948	3737	3531	3307	2993	2741	2519	2403	2247	
175	7480	95.1	95.0	26	1	0	2	917	1030	1330	1771	2293	2773	3057	3101	3125	3071	2890	2719	2521	2334	2242	2114	2144	2253	2473	2728	3010	3174	3219	3182	3044	2944	2747	2561	2361	2206	2086	1964	
175	7497	95.0	95.0	26	1	0	2	917	1033	1348	1778	2314	2775	3098	3159	3158	3048	2896	2716	2550	2350	2224	2143	2133	2258	2468	2716	3032	3196	3224	3217	3087	2893	2743	2562	2372	2236	2098	1964	
175	7560	59.9	60.1	26	1	1	2	974	1221	1795	2685	3782	4681	5205	5218	5088	4906	4587	4126	3779	3403	3095	2875	2738	2814	3048	3354	3720	3970	3984	3902	3762	3501	3318	2993	2731	2555	2396	2205	
175	7577	59.9	60.0	26	1	1	2	975	1224	1831	2685	3762	4646	5161	5219	5118	4866	4538	4157	3762	3401	3113	2925	2767	2850	3056	3359	3717	3978	4020	3936	3753	3519	3314	3020	2753	2567	2389	2220	
175	7595	59.9	60.0	26	1	1	2	977	1238	1833	2680	3757	4649	5197	5196	5114	4866	4556	4168	3783	3389	3121	2842	2778	2842	3062	3372	3725	3979	3995	3897	3747	3491	3297	3032	2742	2551	2410	2259	
175	7612	60.0	60.0	26	1	1	2	981	1222	1839	2708	3770	4679	5175	5250	5131	4870	4530	4152	3753	3419	3080	2877	2765	2836	3053	3353	3721	3963	3986	3940	3738	3536	3268	3018	2749	2535	2379	2202	
175	7629	60.0	60.0	26	1	1	2	987	1227	1833	2707	3756	4626	5213	5216	5109	4866	4486	4096	3742	3387	3097	2858	2751	2821	3041	3368	3742	3981	3978	3927	3759	3490	3285	2981	2771	2516	2388	2211	
175	7646	60.0	60.0	26	1	1	2	999	1227	1818	2679	3751	4612	5177	5222	5079	4826	4543	4143	3712	3379	3108	2884	2777	2805	3042	3366	3706	3953	3976	3904	3733	3497	3288	3009	2723	2552	2369	2203	
175	7664	60.0	60.0	26	1	1	2	975	1216	1849	2697	3748	4673	5133	5158	5121	4871	4536	4158	3761	3381	3113	2858	2723	2822	3024	3385	3704	3951	4001	3926	3758	3502	3289	3004	2754	2549	2359	2213	
175	7726	95.1	95.0	27	1	0	2	906	1041	1364	1774	2311	2787	3115	3164	3176	3076	2930	2728	2529	2348	2191	2139	2135	2252	2469	2752	3058	3218	3216	3195	3096	2890	2736	2569	2368	2234	2108	1978	
175	7743	95.0	95.0	27	1	0	2	924	1031	1343	1763	2268	2752	3037	3140	3143	3048	2899	2724	2542	2316	2197	2128	2141	2218	2465	2718	3040	3214	3218	3177	3050	2898	2745	2567	2366	2230	2080	1972	
175	7806	59.8	60.1	27	1	1	2	983	1220	1801	2704	3758	4642	5202	5217	5130	4900	4530	4189	3805	3407	3076	2876	2772	2839	3070	3376	3717	3976	4021	3934	3734	3546	3293	3027	2785	2557	2378	2220	
175	7823	60.0	60.0	27	1	1	2	977	1237	1836	2672	3780	4694	5186	5214	5122	4853	4538	4156	3763	3412	3089	2865	2763	2815	3015	3340	3722	3962	4038	3940	3763	3545	3288	3013	2765	2548	2366	2238	
175	7841	60.0	60.0	27	1	1	2	989	1227	1810	2693	3752	4619	5135	5246	5121	4872	4529	4122	3754	3362	3110	2881	2766	2802	3042	3378	3714	3949	3978	3912	3779	3507	3300	3010	2737	2547	2377	2200	
175	7858	60.0	60.0	27	1	1	2	984	1228	1791	2690	3763	4704	5185	5213	5119	4887	4533	4121	3784	3406	3103	2864	2762	2798	3071	3393	3712	3948	3994	3942	3769	3485	3294	3024	2768	2533	2378	2212	
175	7875	60.0	60.0	27	1	1	2	994	1252	1805	2679	3758	4649	5153	5200	5078	4878	4545	4126	3730	3404	3095	2882	2722	2773	3045	3362	3727	3958	3963	3933	3775	3507	3288	3025	2728	2584	2398	2223	
175	7892	60.0	60.0	27	1	1	2	979	1224	1828	2728	3779	4665	5196	5217	5119	4909	4572	4123	3781	3394	3115	2871	2774	2810	3030	3376	3754	3928	3979	3956	3767	3534	3267	3020	2744	2552	2365	2253	
175	7910	60.0	60.0	27	1	1	2	983	1229	1857	2721	3759	4679	5199	5208	5146	4893	4526	4162	3783	3386	3092	2884	2773	2806	3050	3403	3737	3933	4000	3958	3803	3516	3322	3041	2765	2547	2396	2209	
175	7974	95.1	95.1	28	1	0	2	917	1037	1358	1747	2326	2750	3070	3128	3148	3053	2907	2720	2537	2358	2243	2126	2138	2236	2482	2731	3045	3238	3239	3180	3073	2920	2728	2552	2364	2230	2069	1956	
175	7991	95.0	95.0	28	1	0	2	910	1034	1342	1780	2304	2769	3034	3139	3145	3047	2894	2696	2526	2346	2257	2146	2120	2229	2510	2762	3026	3199	3231	3179	3080	2905	2766	2538	2333	2190	2087	1953	
175	8054	59.8	60.1	28	1	1	2	996	1208	1810	2708	3777	4681	5172	5224	5109	4900	4524	4077	3758	3409	3142	2875	2748	2799	3033	3379	3730	3959	4020	3908	3751	3524	3280	3006	2716	2525	2388	2214	
175	8071	60.0	60.0	28	1	1	2	993	1217	1808	2689	3713	4634	5156	5170	5093	4860	4525	4125	3758	3406	3096	2861	2772	2784	3034	3363	3735	3972	3975	3927	3745	3517	3263	3008	2766	2556	2385	2199	
175	8089	59.9	60.0	28	1	1	2	984	1220	1816	2710	3739	4698	5200	5206	5145	4898	4526	4099	3762	3418	3101	2877	2760	2815	3029	3355	3729	3978	3959	3941	3751	3499	3285	3022	2774	2556	2380	2229	
175	8106	59.9	60.0	28	1	1	2	988	1203	1821	2697	3793	4664	5184	5229	5100	4810	4503	4154	3753	3389	3124	2879	2748	2806	3057	3363	3765	3960	3996	3949	3767	3527	3294	3002	2747	2534	2388	2240	
175	8123	60.0	60.0	28	1	1	2	985	1248	1821	2686	3762	4671	5206	5204	5120	4885	4527	4139	3756	3382	3074	2864	2784	2827	3044	3364	3737	3952	3982	3951	3772	3528	3292	3038	2776	2531	2355	2221	
175	8141	60.0	60.0	28	1	1	2	983	1215	1844	2684	3740	4649	5203	5190	5105	4820	4523	4154	3799	3407	3104	2860	2754	2803	3061	3367	3724	3957	4016	3914	3761	3526	3266	3004	2772	2555	2384	2213	
175	8158	60.0	60.0	28	1	1	2	970	1225	1797	2698	3754	4627	5173	5156	5088	4811	4513	4148	3736	3357	3081	2884	2752	2840	3028	3332	3651	3967	3960	3912	3733	3486	3320	3007	2740	2529	2379	2185	
175	8220	95.2	95.0	29	1	0	2	922	1037	1357	1791	2306	2767	3067	3132	3150	3055	2884	2705	2535	2355	2219	2101	2097	2257	2484	2764	3039	3192	3233	3174	3060	2904	2744	2560	2362	2238	2074	1985	
175	8238	95.0	95.0	29	1	0	2	931	1042	1369	1758	2306	2751	3110	3144	3138	3071	2880	2723	2548	2336	2204	2119	2169	2240	2472	2754	3026	3259	3208	3170	3053	2898	2711	2560	2363	2214	2068	1982	
175	8300	59.8	60.1	29	1	1	2	979	1212	1834	2672	3741	4672	5154	5200	5123	4839	4534	4118	3751	3404	3122	2859	2779	2803	3043	3351	3746	3918	3970	3925	3726	3498	3277	2992	2748	2529	2376	2208	
175	8318	59.9	60.0	29	1	1	2	979	1224	1829	2682	3714	4618	5160	5170	5067	4852	4510	4124	3756	3376	3100	2877	2756	2805	3047	3357	3696	3928	3969	3933	3738	3490	3248	2983	2757	2543	2355	2200	
175	8335	59.9	60.0	29	1	1	2	970	1219	1825	2692	3747	4670	5191	5222	5109	4854	4490	4125	3769	3380	3104	2868	2760	2832	3026	3393	3753	3958	3965	3976	3747	3513	3308	2991	2773	2528	2380	2209	
175	8352	60.0	60.0	29	1	1	2	976	1207	1839	2655	3724	4647	5161	5189	5128	4843	4499	4128	3747	3402	3105	2881	2731	2823	3057	3388	3717	3924	3972	3933	3753	3499	3290	3004	2744	2525	2365	2213	
175	8369	60.0	60.0	29	1	1	2	975	1229	1829	2727	3770	4654	5172	5166	5062	4825	4535	4100	3738	3396	3080	2845	2734	2809	3029	3364	3712	3927	3966	3916	3751	3489	3287	2991	2723	2543	2380	2222	
175	8387	60.0	60.0	29	1	1	2	966	1220	1826	2724	3741	4680	5160	5235	5113	4860	4540	4094	3785	3418	3099	2867	2779	2795	3044	3369	3742	3972	3976	3940	3753	3536	3263	3029	2765	2538	2400	2213	
175	8404	60.0	60.0	29	1	1	2	1002	1217	1824	2701	3729	4642	5145	5192	5114	4814	4510	4094	3722	3368	3096	2854	2740	2792	3004	3354	3710	3945	3988	3949	3740	3508	3262	2962	2730	2526	2376	2188	
175	8468	95.1	95.1	30	1	0	2	910	1048	1362	1772	2294	2773	3069	3157	3156	3032	2934	2692	2525	2341	2224	2111	2133	2249	2465	2745	3032	3219	3190	3207	3040	2888	2741	2561	2364	2213	2084	2011	
175	8486	95.0	95.0	30	1	0	2	910	1050	1358	1759	2292	2798	3078	3070	3105	3019	2887	2689	2517	2350	2192	2085	2109	2235	2480	2735	2996	3200	3233	3173	3021	2873	2725	2536	2344	2231	2059	1959	
175	8548	59.7	60.1	30	1	1	2	981	1235	1799	2699	3768	4653	5216	5209	5079	4821	4533	4123	3766	3384	3103	2858	2772	2813	3047	3365	3717	3971	3970	3945	3739	3486	3286	3014	2743	2574	2368	2238	
175	8566	59.9	60.0	30	1	1	2	1003	1234	1828	2691	3741	4645	5199	5207	5101	4842	4498	4103	3795	3422	3103	2864	2751	2839	3054	3371	3700	3926	3983	3919	3739	3504	3287	3011	2725	2556	2389	2229	
175	8583	60.0	60.0	30	1	1	2	981	1233	1816	2684	3725	4696	5146	5190	5086	4887	4529	4104	3739	3392	3070	2836	2745	2806	3043	3383	3681	3949	4019	3938	3734	3499	3267	2977	2757	2554	2379	2231	
175	8600	60.0	60.0	30	1	1	2	980	1209	1798	2671	3728	4618	5202	5198	5061	4818	4545	4097	3726	3382	3104	2849	2734	2798	3006	3354	3706	3954	3962	3898	3729	3505	3250	2999	2746	2542	2388	2205	
175	8617	59.9	60.0	30	1	1	2	996	1216	1807	2685	3744	4620	5186	5185	5089	4845	4504	4100	3749	3391	3099	2881	2752	2812	3053	3320	3737	3944	3959	3906	3736	3522	3276	3012	2754	2532	2363	2191	
175	8635	59.9	60.0	30	1	1	2	982	1221	1811	2658	3722	4657	5124	5181	5074	4836	4483	4093	3730	3365	3118	2863	2732	2786	3041	3310	3691	3941	3959	3897	3761	3506	3248	2992	2731	2543	2393	2218	
175	8652	60.0	60.0	30	1	1	2	963	1224	1816	2670	3712	4634	5149	5131	5130	4775	4507	4076	3717	3357	3102	2839	2726	2817	3002	3351	3719	3924	3965	3905	3721	3467	3272	3006	2733	2517	2356	2189	
175	8715	95.0	95.0	31	1	0	2	915	1033	1350	1791	2305	2765	3048	3130	3134	3035	2931	2704	2513	2348	2205	2130	2120	2238	2475	2743	3049	3184	3216	3181	3046	2904	2741	2536	2361	2201	2090	1975	
175	8732	95.0	95.0	31	1	0	2	918	1043	1345	1767	2279	2739	3033	3143	3125	3036	2909	2706	2509	2336	2240	2127	2121	2230	2467	2728	3012	3193	3202	3164	3023	2858	2720	2527	2350	2222	2088	1963	
175	8795	59.8	60.1	31	1	1	2	976	1214	1809	2683	3727	4640	5094	5174	5071	4825	4517	4100	3738	3375	3066	2881	2731	2790	3028	3361	3706	3910	3940	3914	3748	3504	3281	2946	2747	2540	2378	2207	
175	8812	59.9	60.0	31	1	1	2	992	1229	1833	2662	3724	4614	5134	5169	5065	4840	4456	4127	3717	3362	3081	2893	2747	2824	3013	3349	3690	3929	3953	3890	3718	3527	3231	2992	2730	2519	2347	2220	
175	8829	60.0	60.0	31	1	1	2	958	1225	1823	2671	3706	4688	5151	5160	5097	4832	4501	4088	3755	3388	3104	2885	2747	2806	3021	3333	3695	3956	3939	3930	3728	3514	3260	2996	2757	2541	2353	2213	
175	8846	60.0	60.0	31	1	1	2	989	1212	1860	2695	3703	4667	5133	5205	5078	4833	4498	4121	3732	3387	3092	2850	2702	2785	3036	3335	3711	3905	3984	3890	3774	3483	3280	2998	2738	2548	2367	2216	
175	8864	60.0	60.0	31	1	1	2	982	1222	1791	2683	3739	4631	5150	5197	5090	4844	4520	4125	3751	3361	3090	2820	2744	2781	3040	3345	3725	3901	3956	3917	3738	3490	3244	3006	2730	2561	2376	2186	
175	8881	60.0	60.0	31	1	1	2	978	1212	1817	2674	3742	4632	5113	5183	5072	4842	4504	4096	3750	3383	3096	2827	2713	2791	3011	3338	3704	3907	3954	3913	3718	3469	3234	2998	2735	2521	2373	2218	
175	8898	59.9	60.0	31	1	1	2	989	1222	1790	2701	3727	4580	5169	5185	5092	4854	4511	4107	3734	3380	3096	2857	2730	2788	2979	3387	3701	3910	4019	3943	3729	3499	3262	3024	2746	2531	2391	2189	
175	8961	95.0	95.0	32	1	0	2	925	1033	1345	1778	2245	2766	3093	3122	3134	3067	2930	2713	2546	2336	2206	2108	2138	2243	2451	2756	3008	3216	3226	3194	3090	2905	2702	2560	2375	2218	2104	1953	
175	8978	95.0	95.0	32	1	0	2	922	1026	1343	1762	2282	2738	3048	3125	3108	3015	2912	2690	2519	2348	2211	2109	2124	2274	2458	2727	3030	3194	3194	3164	3028	2905	2714	2565	2400	2206	2092	1952	
175	9041	59.8	60.1	32	1	1	2	992	1219	1809	2696	3700	4644	5127	5146	5051	4821	4511	4119	3737	3394	3064	2833	2697	2792	3035	3426	3718	3928	3972	3905	3725	3488	3265	3028	2712	2541	2358	2215	
175	9058	59.9	60.0	32	1	1	2	993	1230	1792	2685	3768	4643	5108	5186	5069	4808	4536	4119	3729	3362	3079	2845	2757	2799	3007	3322	3684	3917	3941	3928	3728	3546	3234	2992	2730	2544	2375	2209	
175	9075	59.9	60.0	32	1	1	2	974	1226	1818	2649	3743	4668	5121	5172	5064	4889	4500	4060	3743	3376	3095	2880	2736	2805	3050	3349	3713	3939	3966	3896	3753	3483	3228	3001	2695	2539	2358	2212	
175	9092	59.9	60.0	32	1	1	2	974	1236	1807	2666	3753	4652	5136	5215	5079	4888	4529	4106	3758	3375	3066	2885	2744	2785	3008	3348	3715	3946	3982	3894	3735	3505	3268	3046	2723	2529	2363	2199	
175	9110	60.0	60.0	32	1	1	2	987	1207	1801	2668	3744	4597	5128	5146	5032	4839	4483	4078	3746	3362	3033	2821	2727	2803	3016	3354	3687	3926	3940	3883	3694	3480	3260	3015	2725	2539	2362	2210	
175	9127	59.9	60.0	32	1	1	2	959	1205	1788	2680	3753	4633	5131	5195	5057	4841	4511	4133	3744	3354	3061	2864	2764	2771	3014	3364	3707	3942	3923	3906	3738	3470	3243	2978	2733	2547	2366	2192	
175	9144	59.9	60.0	32	1	1	2	981	1229	1800	2696	3744	4653	5140	5202	5035	4800	4498	4072	3705	3364	3080	2843	2730	2791	3012	3347	3724	3885	3933	3880	3756	3488	3271	2960	2743	2519	2371	2210	
175	9209	95.1	95.1	33	1	0	2	916	1076	1348	1771	2270	2790	3105	3113	3103	3024	2904	2693	2509	2321	2200	2142	2102	2239	2487	2743	3006	3190	3206	3152	3025	2917	2758	2560	2368	2192	2084	1945	
175	9226	95.0	95.0	33	1	0	2	912	1054	1337	1756	2271	2756	3049	3118	3133	3012	2879	2680	2511	2341	2236	2091	2084	2220	2474	2730	3018	3210	3227	3165	3026	2867	2736	2514	2369	2232	2075	1948	
175	9289	59.8	60.1	33	1	1	2	953	1219	1813	2689	3754	4607	5159	5218	5106	4809	4523	4098	3755	3381	3106	2870	2756	2826	2994	3368	3704	3948	3964	3903	3768	3506	3252	3024	2751	2534	2373	2210	
175	9306	59.9	60.0	33	1	1	2	982	1233	1811	2666	3740	4656	5126	5176	5090	4876	4492	4110	3754	3390	3062	2881	2741	2799	2985	3362	3705	3902	3959	3922	3744	3495	3269	2979	2734	2526	2374	2213	
175	9323	60.0	60.0	33	1	1	2	990	1209	1812	2662	3744	4640	5133	5183	5137	4827	4504	4109	3721	3373	3101	2865	2730	2793	3018	3377	3706	3964	3964	3913	3702	3512	3269	2970	2748	2538	2357	2222	
175	9340	59.9	60.0	33	1	1	2	981	1211	1816	2674	3727	4645	5161	5234	5071	4830	4486	4113	3736	3405	3090	2873	2756	2782	3027	3380	3723	3909	3952	3941	3755	3502	3277	2976	2759	2541	2362	2212	
175	9358	60.0	60.0	33	1	1	2	973	1214	1810	2704	3746	4624	5133	5189	5103	4836	4509	4060	3706	3343	3075	2866	2710	2800	3053	3338	3725	3937	3953	3906	3747	3485	3245	2990	2771	2538	2359	2220	
175	9375	60.0	60.0	33	1	1	2	999	1214	1812	2656	3732	4628	5141	5144	5065	4806	4516	4100	3728	3394	3069	2859	2754	2804	3020	3362	3705	3920	4003	3936	3703	3530	3288	3004	2738	2530	2358	2199	
175	9392	59.9	60.0	33	1	1	2	974	1225	1814	2689	3734	4581	5146	5184	5090	4828	4512	4076	3760	3359	3046	2853	2749	2793	3009	3307	3680	3905	3923	3892	3718	3482	3252	3002	2731	2531	2368	2215	
175	9455	95.2	95.0	34	1	0	2	922	1045	1366	1776	2302	2752	3048	3132	3123	3067	2904	2721	2537	2371	2217	2113	2141	2249	2451	2741	3042	3196	3216	3140	3038	2881	2723	2549	2380	2197	2084	1955	
175	9472	95.0	95.0	34	1	0	2	924	1068	1342	1759	2271	2758	3041	3124	3096	3037	2883	2716	2524	2335	2210	2143	2123	2241	2477	2721	2993	3206	3204	3179	3018	2917	2718	2533	2346	2202	2096	1959	
175	9535	59.8	60.1	34	1	1	2	985	1235	1833	2693	3761	4627	5161	5161	5085	4867	4484	4114	3759	3400	3077	2858	2758	2800	3061	3381	3723	3959	4012	3915	3716	3508	3262	2983	2751	2547	2353	2206	
175	9552	60.0	60.0	34	1	1	2	989	1215	1824	2678	3721	4601	5145	5157	5088	4824	4517	4125	3782	3356	3028	2837	2736	2787	3026	3360	3706	3968	3977	3919	3704	3461	3298	3064	2724	2528	2371	2201	
175	9569	60.0	60.0	34	1	1	2	993	1225	1817	2668	3747	4640	5145	5185	5024	4825	4501	4104	3745	3382	3120	2878	2789	2795	3030	3366	3681	3916	3944	3913	3755	3506	3258	2992	2738	2531	2344	2195	
175	9587	59.9	60.0	34	1	1	2	994	1212	1840	2609	3742	4632	5131	5179	5064	4812	4534	4087	3730	3403	3094	2844	2735	2823	2989	3316	3705	3949	3963	3892	3727	3484	3294	2995	2747	2508	2361	2188	
175	9604	60.0	60.0	34	1	1	2	977	1220	1808	2681	3748	4614	5119	5148	5080	4832	4464	4105	3717	3376	3063	2886	2724	2795	3024	3353	3706	3933	3963	3906	3739	3511	3287	2965	2755	2519	2371	2208	
175	9621	60.0	60.0	34	1	1	2	987	1226	1810	2676	3743	4600	5186	5161	5041	4838	4487	4075	3697	3369	3084	2876	2752	2823	3062	3355	3694	3932	3970	3914	3736	3499	3270	3007	2748	2541	2361	2222	
175	9638	60.0	60.0	34	1	1	2	981	1233	1836	2708	3693	4618	5156	5145	5068	4825	4505	4086	3759	3354	3088	2846	2763	2836	3015	3345	3713	3938	3949	3920	3743	3460	3248	3007	2719	2593	2370	2241	
175	9701	95.0	95.0	35	1	0	2	917	1056	1337	1755	2282	2734	3044	3121	3165	3008	2872	2688	2508	2353	2243	2128	2127	2217	2455	2728	2986	3179	3196	3183	3040	2890	2734	2530	2340	2191	2082	1948	
175	9718	95.0	95.0	35	1	0	2	908	1020	1349	1762	2290	2754	3046	3135	3117	3072	2894	2700	2539	2318	2214	2098	2100	2240	2450	2741	3025	3184	3168	3161	3051	2898	2724	2524	2342	2205	2071	1988	
175	9781	59.8	60.1	35	1	1	2	982	1253	1808	2680	3726	4633	5126	5204	5027	4898	4515	4105	3749	3409	3077	2881	2769	2812	3016	3338	3693	3965	3978	3903	3771	3498	3238	3008	2750	2547	2402	2216	
175	9798	59.9	60.0	35	1	1	2	985	1226	1808	2669	3675	4635	5132	5201	5067	4787	4517	4108	3712	3386	3097	2860	2738	2793	3048	3318	3750	3948	4010	3882	3702	3491	3278	2978	2739	2536	2362	2208	
175	9815	59.9	60.0	35	1	1	2	976	1208	1810	2648	3716	4562	5156	5126	5063	4825	4525	4102	3715	3407	3068	2843	2725	2774	3025	3349	3668	3910	3947	3922	3692	3474	3257	3010	2725	2530	2353	2223	
175	9833	59.9	60.0	35	1	1	2	1013	1232	1824	2672	3707	4614	5124	5170	5081	4800	4486	4095	3753	3372	3108	2840	2703	2806	3030	3322	3680	3915	3937	3888	3711	3492	3274	2956	2723	2529	2367	2218	
175	9850	60.0	60.0	35	1	1	2	981	1233	1811	2652	3747	4626	5168	5118	5063	4836	4512	4112	3720	3405	3111	2877	2742	2793	3005	3355	3710	3895	3930	3919	3746	3498	3279	2966	2753	2552	2342	2189	
175	9867	60.0	60.0	35	1	1	2	973	1227	1808	2669	3673	4630	5128	5138	5068	4832	4496	4069	3712	3364	3044	2852	2736	2771	2992	3321	3697	3920	3984	3878	3707	3518	3267	2967	2732	2535	2348	2227	
175	9884	59.9	60.0	35	1	1	2	980	1213	1818	2678	3689	4574	5145	5142	5035	4791	4475	4056	3758	3364	3058	2846	2680	2796	3035	3349	3670	3945	3940	3893	3697	3480	3273	2983	2730	2536	2363	2187	
175	9947	95.3	95.0	36	1	0	2	918	1055	1345	1766	2281	2770	3061	3096	3110	3036	2869	2676	2496	2325	2207	2155	2119	2230	2454	2760	3008	3173	3203	3151	3036	2889	2730	2544	2341	2189	2087	1957	
175	9964	95.0	95.0	36	1	0	2	910	1057	1356	1775	2287	2756	3015	3112	3117	3048	2902	2690	2533	2346	2198	2095	2106	2224	2486	2760	3019	3189	3250	3154	3045	2888	2716	2525	2337	2229	2076	1950	
175	10027	59.8	60.1	36	1	1	2	984	1224	1816	2698	3739	4625	5176	5210	5086	4850	4513	4098	3771	3348	3098	2855	2730	2798	3005	3364	3711	3956	3983	3907	3745	3489	3238	3003	2742	2546	2382	2194	
175	10044	59.9	60.0	36	1	1	2	977	1235	1819	2724	3741	4608	5108	5217	5088	4812	4504	4093	3704	3381	3083	2887	2735	2810	3030	3341	3694	3960	3976	3913	3695	3457	3276	3001	2735	2549	2359	2203	
175	10062	60.0	60.0	36	1	1	2	983	1221	1793	2724	3710	4589	5117	5160	5073	4806	4498	4064	3735	3323	3064	2838	2729	2755	3010	3359	3668	3930	3971	3920	3733	3464	3263	2997	2708	2543	2346	2216	
175	10079	59.9	60.0	36	1	1	2	1004	1216	1808	2702	3731	4601	5129	5191	5043	4820	4509	4107	3723	3409	3057	2852	2749	2783	3021	3372	3670	3911	3950	3851	3704	3491	3267	2972	2758	2533	2384	2186	
175	10096	59.9	60.0	36	1	1	2	991	1210	1810	2716	3758	4637	5128	5165	5113	4850	4466	4064	3749	3390	3096	2840	2743	2792	2997	3409	3705	3939	3956	3897	3731	3495	3264	3000	2738	2477	2356	2211	
175	10113	60.0	60.0	36	1	1	2	966	1192	1816	2668	3753	4594	5124	5161	5058	4824	4481	4109	3741	3363	3107	2861	2726	2806	3023	3352	3691	3934	3939	3895	3730	3473	3277	2983	2749	2550	2362	2227	
175	10131	60.0	60.0	36	1	1	2	981	1208	1834	2697	3719	4590	5099	5174	5058	4789	4493	4102	3733	3379	3090	2847	2727	2763	3039	3329	3674	3912	3937	3865	3716	3484	3281	3004	2728	2514	2357	2215	
175	10193	95.2	95.0	37	1	0	2	932	1075	1348	1785	2292	2736	3065	3120	3164	3021	2902	2679	2527	2346	2211	2144	2122	2229	2468	2751	2990	3188	3196	3131	3042	2886	2763	2546	2349	2217	2084	1971	
175	10210	95.0	95.0	37	1	0	2	925	1040	1362	1747	2267	2754	3030	3136	3149	3038	2908	2708	2487	2340	2191	2130	2131	2248	2464	2748	3021	3200	3193	3148	3032	2860	2733	2528	2345	2199	2104	1932	
175	10273	59.8	60.1	37	1	1	2	985	1194	1835	2678	3751	4616	5154	5180	5077	4812	4520	4098	3768	3400	3102	2872	2754	2808	2998	3334	3703	3993	3955	3901	3768	3530	3285	2998	2756	2542	2357	2207	
175	10290	59.9	60.0	37	1	1	2	978	1220	1804	2676	3728	4621	5142	5191	5057	4842	4500	4090	3777	3386	3105	2837	2793	2807	3020	3342	3678	3929	3958	3890	3726	3475	3271	3012	2722	2537	2373	2225	
175	10308	59.9	60.0	37	1	1	2	986	1206	1820	2654	3722	4609	5186	5184	5056	4829	4519	4147	3763	3363	3087	2885	2767	2810	3040	3340	3702	3951	3973	3900	3734	3474	3286	2993	2757	2537	2364	2185	
175	10325	60.0	60.0	37	1	1	2	989	1197	1811	2660	3778	4614	5115	5181	5077	4775	4534	4094	3727	3351	3103	2889	2771	2799	3021	3362	3717	3966	3934	3914	3761	3514	3260	2983	2746	2557	2359	2221	
175	10342	60.0	60.0	37	1	1	2	969	1231	1829	2678	3711	4652	5176	5228	5088	4841	4501	4120	3778	3346	3069	2863	2760	2796	3028	3305	3667	3941	3963	3905	3764	3511	3241	2999	2736	2559	2365	2219	
175	10359	59.9	60.0	37	1	1	2	986	1240	1809	2705	3768	4656	5189	5155	5063	4843	4508	4074	3777	3344	3075	2860	2767	2812	3033	3345	3696	3873	3980	3931	3734	3510	3259	3028	2753	2547	2385	2219	
175	10377	60.0	60.0	37	1	1	2	980	1224	1822	2691	3736	4632	5144	5172	5071	4818	4492	4108	3759	3365	3060	2853	2737	2771	3027	3337	3700	3952	3958	3902	3732	3515	3253	2981	2717	2538	2384	2210	
175	10439	95.2	95.0	38	1	0	2	909	1048	1369	1750	2285	2747	3066	3129	3144	3040	2914	2676	2531	2333	2201	2142	2093	2249	2450	2730	2993	3206	3200	3141	3049	2884	2736	2528	2356	2204	2083	1979	
175	10456	95.0	95.0	38	1	0	2	906	1052	1357	1737	2255	2760	3040	3129	3118	3030	2903	2679	2536	2357	2210	2114	2118	2226	2483	2713	3010	3152	3197	3147	3027	2868	2746	2539	2355	2199	2074	1946	
175	10519	59.9	60.1	38	1	1	2	976	1208	1820	2637	3741	4614	5168	5157	5104	4821	4506	4109	3757	3359	3098	2841	2750	2799	3023	3321	3722	3924	3996	3891	3734	3500	3247	2997	2739	2537	2361	2206	
175	10536	60.0	60.0	38	1	1	2	976	1218	1825	2658	3724	4630	5157	5196	5072	4873	4510	4116	3781	3380	3075	2873	2763	2791	3026	3374	3680	3971	4006	3905	3763	3498	3280	3004	2729	2532	2392	2212	
175	10554	60.0	60.0	38	1	1	2	994	1202	1811	2702	3709	4620	5144	5166	5078	4822	4531	4123	3766	3353	3096	2873	2733	2802	3048	3384	3695	3950	3987	3947	3707	3507	3260	2994	2771	2538	2380	2191	
175	10571	59.9	60.0	38	1	1	2	966	1209	1816	2686	3731	4661	5144	5157	5087	4869	4532	4148	3753	3398	3054	2873	2752	2815	3012	3336	3738	3950	3939	3890	3713	3536	3277	3003	2778	2520	2364	2196	
175	10588	59.9	60.0	38	1	1	2	975	1216	1808	2645	3733	4660	5126	5191	5040	4875	4472	4126	3720	3358	3071	2836	2729	2782	3073	3362	3669	3933	3932	3911	3755	3474	3238	2984	2714	2511	2365	2200	
175	10605	60.0	60.0	38	1	1	2	995	1225	1810	2670	3711	4644	5159	5188	5077	4799	4494	4095	3734	3373	3067	2834	2735	2805	3018	3345	3722	3941	3989	3897	3749	3529	3259	2985	2717	2535	2381	2231	
175	10623	60.0	60.0	38	1	1	2	975	1229	1803	2675	3692	4598	5142	5172	5108	4801	4487	4105	3736	3349	3075	2860	2735	2788	3028	3306	3671	3893	3968	3888	3759	3487	3232	2975	2736	2501	2373	2210	
175	10687	95.1	95.1	39	1	0	2	935	1049	1335	1769	2306	2770	3052	3102	3146	3042	2900	2689	2511	2333	2218	2115	2130	2242	2491	2764	3012	3172	3201	3143	3034	2895	2735	2560	2347	2216	2077	1955	
175	10705	95.0	95.0	39	1	0	2	904	1041	1349	1749	2286	2740	3041	3099	3128	3046	2897	2692	2512	2329	2224	2118	2132	2235	2450	2729	3027	3133	3222	3193	3021	2903	2701	2528	2359	2196	2090	1944	
175	10765	59.8	60.2	39	1	1	2	966	1218	1829	2656	3714	4623	5168	5166	5099	4831	4485	4108	3743	3388	3062	2840	2748	2822	3030	3364	3712	3937	3939	3912	3751	3476	3276	2980	2743	2556	2344	2216	
175	10783	59.9	60.0	39	1	1	2	990	1199	1805	2682	3742	4652	5196	5190	5072	4832	4487	4084	3754	3349	3065	2864	2741	2830	3029	3371	3674	3940	3976	3901	3725	3534	3270	3008	2744	2540	2368	2214	
175	10800	59.9	60.0	39	1	1	2	975	1216	1819	2643	3723	4611	5153	5189	5074	4881	4535	4110	3757	3376	3055	2855	2744	2800	3015	3391	3724	3937	3941	3923	3724	3497	3276	2993	2733	2536	2388	2199	
175	10817	60.0	60.0	39	1	1	2	985	1227	1830	2671	3718	4617	5149	5169	5111	4796	4496	4096	3721	3384	3035	2836	2765	2824	3023	3336	3667	3930	3947	3947	3725	3515	3242	2960	2730	2534	2378	2199	
175	10834	59.9	60.0	39	1	1	2	1002	1222	1806	2672	3764	4629	5171	5188	5064	4796	4500	4102	3725	3367	3083	2858	2743	2763	3008	3345	3674	3918	3945	3909	3695	3505	3283	2996	2747	2543	2372	2202	
175	10852	60.0	60.0	39	1	1	2	995	1213	1827	2705	3749	4669	5152	5176	5055	4822	4539	4079	3753	3415	3076	2825	2732	2815	3018	3373	3705	3944	3974	3917	3718	3512	3259	3012	2742	2552	2358	2188	
175	10869	59.9	60.0	39	1	1	2	978	1217	1801	2661	3702	4579	5110	5184	5025	4802	4489	4059	3737	3369	3060	2866	2705	2796	2994	3317	3695	3916	3916	3864	3713	3487	3254	2993	2711	2545	2357	2188	
175	10933	95.1	95.1	40	1	0	2	918	1034	1343	1763	2286	2757	3073	3096	3107	3018	2924	2686	2520	2341	2217	2118	2139	2224	2465	2750	2998	3174	3212	3165	3019	2882	2724	2540	2338	2225	2072	1945	
175	10951	95.0	95.0	40	1	0	2	914	1044	1346	1765	2259	2743	3040	3111	3104	3044	2885	2685	2512	2339	2187	2095	2120	2226	2469	2701	2976	3171	3181	3169	3013	2846	2716	2527	2310	2210	2106	1947	
175	11013	59.8	60.1	40	1	1	2	988	1242	1770	2642	3725	4660	5173	5152	5077	4830	4486	4105	3769	3371	3081	2845	2742	2775	3026	3364	3716	3915	3923	3887	3762	3504	3243	2987	2750	2533	2350	2205	
175	11031	59.9	60.0	40	1	1	2	982	1206	1828	2688	3742	4646	5140	5182	5060	4823	4495	4111	3759	3399	3097	2862	2741	2799	3020	3336	3699	3932	3958	3925	3735	3471	3264	2977	2768	2520	2380	2216	
175	11048	59.9	60.0	40	1	1	2	974	1215	1797	2691	3736	4613	5179	5200	5102	4819	4480	4082	3737	3377	3079	2880	2747	2790	3012	3350	3656	3907	3969	3927	3759	3485	3238	2999	2743	2551	2376	2188	
175	11065	60.0	60.0	40	1	1	2	996	1219	1814	2700	3707	4625	5090	5163	5088	4862	4534	4107	3736	3344	3059	2861	2754	2791	3019	3324	3677	3948	3942	3886	3692	3482	3249	2981	2744	2513	2349	2200	
175	11082	59.9	60.0	40	1	1	2	985	1218	1812	2673	3694	4605	5159	5181	5071	4855	4488	4077	3705	3385	3082	2861	2751	2800	3045	3358	3667	3931	3961	3871	3728	3486	3276	2979	2730	2565	2388	2186	
175	11100	60.0	60.0	40	1	1	2	979	1212	1802	2674	3723	4586	5123	5137	5088	4854	4488	4114	3710	3363	3077	2852	2745	2819	3024	3328	3687	3915	3965	3892	3726	3487	3269	3000	2749	2521	2350	2212	
175	11117	60.0	60.0	40	1	1	2	1014	1210	1814	2704	3722	4624	5104	5167	5072	4820	4498	4079	3740	3348	3088	2856	2709	2785	3021	3345	3688	3911	3950	3904	3715	3513	3279	2970	2725	2519	2365	2222	
