Well	Time (1/2 s)	Block Temp	Sample Temp	Repetition	PCR Stage	Extension	Scale	B1	B2	B3	B4	B5	B6	B7	B8	B9	B10	B11	B12	B13	B14	B15	B16	B17	B18	B19	B20	B21	B22	B23	B24	B25	B26	B27	B28	B29	B30	B31	B32
170	109	94.9	95.1	1	0	0	2	922	1019	1334	1779	2317	2790	3073	3153	3152	3082	2909	2716	2541	2349	2211	2163	2117	2288	2491	2782	3085	3285	3288	3262	3124	2951	2770	2601	2385	2234	2127	2000	
170	126	95.0	95.0	1	0	0	2	925	1052	1311	1757	2262	2746	3048	3120	3147	3011	2879	2742	2502	2337	2206	2129	2125	2239	2518	2767	3074	3263	3272	3204	3085	2960	2783	2550	2366	2238	2092	1972	
170	143	95.0	95.0	1	0	0	2	918	1030	1317	1749	2291	2732	3059	3110	3108	2969	2882	2684	2489	2338	2214	2124	2118	2258	2496	2776	3074	3231	3232	3238	3149	2930	2775	2569	2401	2292	2111	1983	
170	160	95.0	95.0	1	0	0	2	904	1037	1342	1755	2297	2766	3110	3117	3141	3047	2866	2696	2504	2322	2186	2130	2123	2252	2495	2811	3103	3258	3279	3229	3092	2941	2774	2545	2394	2242	2118	1972	
170	178	95.0	95.0	1	0	0	2	922	1032	1331	1772	2282	2734	3093	3111	3121	3041	2892	2678	2513	2318	2189	2136	2127	2263	2502	2811	3072	3276	3283	3219	3103	2924	2773	2584	2385	2222	2103	1981	
170	195	95.0	95.0	1	0	0	2	921	1048	1333	1753	2269	2751	3061	3113	3118	3016	2913	2710	2494	2305	2220	2138	2157	2242	2490	2795	3073	3245	3259	3233	3084	2916	2756	2565	2374	2244	2129	1993	
170	212	95.0	95.0	1	0	0	2	930	1017	1330	1789	2270	2793	3122	3121	3106	3051	2882	2674	2528	2314	2199	2122	2156	2286	2515	2814	3064	3258	3271	3237	3137	2929	2776	2570	2392	2220	2136	2026	
170	229	94.9	95.0	1	0	0	2	922	1034	1330	1773	2265	2781	3074	3141	3120	3056	2916	2698	2551	2320	2194	2141	2163	2282	2501	2801	3092	3259	3289	3239	3092	2960	2767	2601	2393	2249	2136	2004	
170	247	95.0	95.0	1	0	0	2	909	1021	1312	1763	2283	2771	3045	3148	3094	3030	2871	2652	2513	2331	2187	2115	2143	2260	2482	2787	3089	3254	3239	3217	3147	2893	2744	2573	2374	2204	2112	1980	
170	264	95.0	95.0	1	0	0	2	934	1036	1336	1766	2321	2771	3074	3134	3152	3040	2890	2672	2517	2340	2184	2126	2154	2261	2491	2777	3082	3292	3286	3215	3099	2971	2780	2581	2390	2246	2126	2007	
170	281	95.0	95.0	1	0	0	2	914	1035	1313	1771	2302	2782	3065	3129	3135	3024	2877	2676	2537	2368	2195	2130	2139	2257	2496	2782	3081	3240	3281	3255	3119	2943	2760	2565	2418	2248	2084	1998	
170	298	95.0	95.0	1	0	0	2	915	1005	1333	1779	2280	2744	3080	3101	3114	3041	2902	2703	2507	2325	2216	2111	2132	2264	2517	2788	3107	3252	3247	3269	3102	2948	2752	2617	2375	2249	2111	1997	
170	316	94.9	95.0	1	0	0	2	916	1045	1310	1768	2312	2781	3067	3130	3146	3075	2885	2695	2491	2356	2210	2150	2175	2265	2521	2806	3060	3280	3269	3218	3132	2926	2797	2590	2390	2254	2115	1983	
170	333	94.9	95.0	1	0	0	2	926	1030	1331	1784	2283	2784	3082	3115	3108	3044	2885	2689	2541	2311	2220	2138	2134	2236	2514	2790	3106	3249	3276	3228	3124	2943	2793	2568	2411	2248	2120	1983	
170	350	95.0	95.0	1	0	0	2	913	1029	1313	1769	2303	2770	3081	3153	3120	3043	2902	2727	2503	2335	2223	2129	2141	2270	2524	2833	3069	3304	3303	3237	3100	2983	2776	2618	2395	2270	2137	1957	
170	367	94.9	95.0	1	0	0	2	905	1055	1326	1756	2306	2748	3102	3109	3129	3044	2934	2716	2520	2338	2231	2128	2159	2274	2496	2770	3093	3285	3287	3268	3135	2958	2796	2597	2404	2254	2123	1980	
170	385	95.0	95.0	1	0	0	2	922	1035	1315	1747	2326	2788	3072	3142	3135	3065	2912	2701	2545	2348	2213	2146	2153	2265	2511	2825	3103	3277	3309	3274	3146	2946	2793	2588	2411	2256	2123	1977	
170	402	95.0	95.0	1	0	0	2	925	1030	1328	1767	2274	2758	3077	3144	3145	3079	2913	2724	2532	2346	2217	2153	2168	2278	2502	2778	3129	3262	3266	3276	3145	2964	2792	2581	2432	2269	2134	2007	
170	419	95.0	95.0	1	0	0	2	924	1077	1316	1757	2311	2771	3060	3106	3150	3023	2892	2694	2521	2350	2240	2130	2150	2270	2517	2821	3082	3294	3281	3239	3120	2931	2759	2607	2397	2255	2146	2018	
170	436	94.9	95.0	1	0	0	2	924	1037	1326	1755	2293	2763	3077	3140	3130	3096	2910	2714	2524	2345	2235	2148	2170	2302	2494	2818	3073	3258	3295	3237	3141	2952	2783	2632	2392	2255	2122	2014	
170	454	95.0	95.0	1	0	0	2	911	1035	1331	1767	2292	2773	3097	3127	3139	3073	2920	2729	2544	2356	2221	2157	2118	2266	2509	2839	3130	3295	3322	3266	3146	2974	2815	2589	2432	2269	2102	2008	
170	471	95.0	95.0	1	0	0	2	923	1027	1346	1778	2278	2793	3101	3177	3166	3061	2948	2657	2540	2357	2226	2135	2153	2277	2526	2824	3123	3292	3274	3255	3154	2959	2779	2613	2412	2268	2157	2027	
170	488	95.0	95.0	1	0	0	2	917	1045	1317	1777	2328	2789	3121	3156	3145	3067	2916	2722	2527	2382	2255	2123	2182	2244	2535	2819	3096	3317	3313	3294	3144	2965	2794	2617	2427	2272	2148	1996	
170	505	95.0	95.0	1	0	0	2	915	1029	1340	1758	2311	2778	3092	3152	3140	3070	2909	2719	2506	2364	2232	2175	2138	2273	2550	2825	3101	3298	3316	3256	3138	2934	2791	2600	2397	2272	2152	1974	
170	523	95.0	95.0	1	0	0	2	920	1045	1336	1775	2318	2801	3101	3180	3135	3073	2970	2721	2523	2361	2235	2151	2163	2267	2533	2829	3091	3298	3308	3263	3113	2952	2789	2612	2426	2267	2162	2019	
170	540	95.0	95.0	1	0	0	2	915	1031	1316	1766	2315	2790	3080	3152	3160	3063	2922	2735	2556	2357	2233	2176	2150	2299	2525	2837	3100	3299	3305	3279	3157	2985	2784	2622	2411	2246	2147	1977	
170	557	95.0	95.0	1	0	0	2	930	1043	1320	1797	2322	2802	3109	3173	3194	3061	2933	2750	2555	2378	2229	2174	2173	2282	2562	2859	3117	3298	3307	3298	3146	2990	2803	2618	2415	2258	2163	2006	
170	574	95.0	95.0	1	0	0	2	942	1029	1343	1768	2302	2805	3104	3175	3115	3053	2927	2727	2542	2341	2242	2157	2144	2278	2516	2826	3100	3320	3300	3292	3124	2963	2836	2604	2425	2319	2110	2012	
170	592	95.0	95.0	1	0	0	2	914	1028	1332	1771	2322	2791	3111	3164	3190	3068	2913	2733	2543	2373	2223	2124	2145	2282	2508	2811	3120	3278	3341	3272	3128	2992	2801	2600	2410	2287	2141	2007	
170	609	95.0	95.0	1	0	0	2	932	1050	1356	1817	2328	2785	3110	3156	3144	3071	2935	2725	2554	2372	2236	2153	2143	2278	2522	2807	3136	3308	3298	3281	3139	2971	2805	2596	2396	2263	2141	2009	
170	626	95.0	95.0	1	0	0	2	931	1032	1317	1770	2323	2806	3116	3173	3153	3102	2922	2727	2553	2366	2209	2166	2188	2293	2540	2811	3127	3303	3320	3302	3142	2950	2808	2623	2439	2268	2172	1993	
170	643	94.9	95.0	1	0	0	2	919	1052	1340	1783	2324	2786	3126	3178	3186	3095	2947	2757	2556	2393	2248	2163	2183	2280	2552	2838	3132	3304	3358	3251	3167	2981	2816	2639	2428	2277	2127	2024	
170	661	95.0	95.0	1	0	0	2	933	1053	1316	1776	2312	2797	3120	3191	3191	3087	2950	2725	2550	2369	2246	2159	2148	2316	2555	2841	3140	3296	3341	3260	3154	3000	2798	2619	2437	2279	2147	1981	
170	678	95.0	95.0	1	0	0	2	921	1044	1342	1790	2310	2767	3096	3164	3150	3067	2910	2751	2584	2353	2232	2158	2173	2299	2525	2834	3141	3274	3336	3266	3163	2964	2801	2611	2423	2270	2124	2031	
170	695	95.0	95.0	1	0	0	2	918	1025	1325	1770	2307	2802	3120	3180	3146	3087	2951	2715	2548	2365	2214	2146	2145	2287	2557	2840	3122	3332	3314	3244	3147	2986	2818	2613	2402	2286	2085	2001	
170	712	95.0	95.0	1	0	0	2	918	1024	1318	1798	2336	2841	3146	3148	3157	3078	2940	2733	2560	2360	2248	2141	2159	2291	2540	2835	3117	3293	3354	3278	3136	2968	2787	2618	2447	2258	2124	2041	
170	730	95.0	95.0	1	0	0	2	895	1039	1334	1784	2339	2802	3129	3190	3187	3072	2954	2769	2526	2414	2222	2160	2204	2302	2505	2831	3150	3308	3319	3252	3159	2981	2822	2606	2433	2264	2143	1982	
170	747	95.0	95.0	1	0	0	2	918	1052	1337	1769	2319	2810	3096	3166	3157	3087	2952	2734	2575	2387	2247	2162	2159	2291	2515	2831	3128	3309	3320	3269	3106	2969	2807	2622	2406	2262	2141	2011	
170	764	94.9	95.0	1	0	0	2	931	1053	1356	1792	2334	2788	3121	3150	3168	3080	2938	2743	2571	2368	2241	2159	2161	2298	2534	2806	3118	3294	3317	3231	3156	2973	2792	2615	2454	2271	2148	1994	
170	781	95.0	95.0	1	0	0	2	928	1032	1330	1780	2328	2814	3110	3152	3168	3107	2940	2772	2557	2384	2266	2173	2141	2320	2517	2833	3100	3322	3311	3306	3138	2996	2820	2607	2436	2267	2140	2026	
170	799	95.0	95.0	1	0	0	2	914	1064	1342	1800	2316	2781	3144	3220	3201	3101	2948	2704	2566	2379	2238	2164	2179	2293	2541	2811	3146	3294	3322	3306	3177	2983	2819	2625	2435	2268	2159	1954	
170	816	95.0	95.0	1	0	0	2	916	1043	1348	1777	2350	2805	3139	3198	3203	3128	2960	2778	2573	2387	2240	2173	2180	2300	2553	2853	3144	3311	3344	3284	3158	2985	2823	2603	2427	2273	2133	2011	
170	833	95.0	95.0	1	0	0	2	917	1032	1331	1789	2315	2816	3133	3215	3182	3117	2941	2757	2553	2357	2246	2170	2198	2291	2557	2840	3138	3296	3329	3303	3197	2975	2866	2660	2438	2288	2138	2020	
170	850	94.9	95.0	1	0	0	2	908	1034	1333	1800	2339	2795	3122	3181	3181	3129	2972	2719	2577	2395	2208	2184	2186	2304	2533	2853	3107	3303	3324	3274	3168	2969	2797	2626	2426	2298	2151	2030	
170	868	95.0	95.0	1	0	0	2	922	1021	1363	1779	2335	2823	3129	3196	3179	3090	2953	2755	2609	2376	2275	2189	2169	2291	2550	2844	3126	3323	3318	3281	3163	2967	2827	2638	2434	2236	2153	1976	
170	885	95.0	95.0	1	0	0	2	919	1057	1346	1784	2324	2823	3118	3191	3199	3084	2972	2733	2569	2389	2256	2192	2191	2305	2544	2856	3099	3296	3337	3268	3139	2983	2833	2602	2424	2300	2166	2033	
170	902	94.9	95.0	1	0	0	2	926	1053	1350	1788	2332	2817	3121	3201	3210	3084	2950	2765	2560	2395	2232	2169	2188	2337	2558	2845	3142	3332	3340	3292	3132	2983	2840	2616	2451	2279	2156	2014	
170	919	94.9	95.0	1	0	0	2	917	1057	1346	1779	2300	2824	3115	3181	3177	3083	2963	2740	2584	2384	2273	2173	2189	2287	2517	2825	3143	3323	3322	3271	3165	2961	2808	2634	2434	2264	2121	2001	
170	937	95.0	95.0	1	0	0	2	928	1040	1353	1796	2337	2828	3101	3188	3228	3082	2983	2730	2572	2361	2224	2154	2175	2328	2537	2830	3141	3270	3311	3290	3148	2962	2839	2629	2424	2292	2131	1985	
170	954	95.0	95.0	1	0	0	2	930	1038	1341	1803	2327	2821	3136	3176	3186	3165	2953	2763	2607	2383	2247	2177	2195	2315	2543	2836	3122	3296	3311	3305	3162	2968	2850	2618	2424	2277	2133	2016	
170	971	95.0	95.0	1	0	0	2	924	1050	1322	1785	2327	2845	3123	3200	3171	3141	2949	2784	2583	2378	2242	2182	2179	2316	2516	2833	3128	3304	3350	3297	3200	2976	2818	2607	2425	2276	2158	2019	
170	988	95.0	95.0	1	0	0	2	921	1041	1348	1796	2356	2809	3140	3190	3222	3100	2946	2763	2568	2382	2262	2177	2171	2310	2556	2833	3151	3313	3358	3283	3139	2990	2824	2619	2446	2275	2145	2010	
170	1006	95.0	95.0	1	0	0	2	923	1025	1322	1774	2341	2824	3109	3154	3189	3084	2962	2762	2539	2400	2244	2145	2169	2315	2540	2834	3149	3311	3321	3288	3140	2971	2805	2620	2415	2283	2157	2027	
170	1023	95.0	95.0	1	0	0	2	927	1080	1335	1777	2334	2840	3114	3172	3219	3121	2939	2745	2587	2408	2244	2156	2158	2315	2543	2817	3131	3281	3340	3285	3153	2971	2819	2597	2426	2267	2149	2020	
170	1040	95.0	95.0	1	0	0	2	927	1022	1343	1789	2329	2817	3119	3206	3193	3110	2927	2762	2574	2393	2256	2163	2164	2307	2533	2845	3096	3333	3313	3282	3147	2990	2837	2634	2418	2281	2139	1974	
170	1057	94.9	95.0	1	0	0	2	929	1046	1348	1779	2344	2803	3135	3205	3184	3132	2966	2759	2576	2428	2258	2182	2164	2286	2524	2844	3138	3299	3317	3283	3192	3001	2834	2627	2424	2249	2149	2024	
170	1075	95.0	95.0	1	0	0	2	932	1041	1350	1790	2321	2851	3134	3209	3206	3098	2993	2765	2585	2364	2287	2196	2152	2313	2554	2829	3139	3321	3344	3299	3172	3007	2795	2631	2429	2272	2150	2039	
170	1092	94.9	95.0	1	0	0	2	952	1039	1337	1794	2362	2822	3145	3189	3212	3091	2944	2761	2558	2385	2251	2181	2180	2314	2540	2819	3143	3282	3299	3276	3162	2977	2785	2615	2434	2260	2145	2009	
170	1109	95.0	95.0	1	0	0	2	936	1043	1348	1768	2300	2815	3162	3195	3226	3097	2989	2764	2568	2426	2312	2180	2204	2327	2543	2839	3142	3340	3327	3307	3171	3008	2816	2626	2447	2296	2165	2030	
170	1126	94.9	95.0	1	0	0	2	923	1044	1331	1781	2349	2826	3125	3209	3180	3125	2963	2761	2574	2410	2258	2163	2177	2306	2549	2838	3123	3316	3335	3271	3179	2993	2828	2640	2451	2262	2142	2009	
170	1144	95.0	95.0	1	0	0	2	921	1034	1342	1777	2353	2823	3151	3207	3185	3110	2991	2756	2573	2378	2252	2173	2167	2287	2539	2838	3140	3287	3339	3279	3173	2998	2801	2635	2429	2279	2150	1997	
170	1161	95.0	95.0	1	0	0	2	944	1036	1323	1758	2385	2845	3154	3230	3207	3132	2952	2758	2581	2391	2279	2187	2172	2315	2586	2857	3125	3313	3329	3290	3176	3001	2804	2641	2415	2294	2168	2046	
170	1178	95.0	95.0	1	0	0	2	924	1043	1326	1777	2336	2829	3181	3232	3223	3124	2983	2779	2622	2407	2262	2193	2189	2313	2583	2872	3141	3325	3367	3340	3178	3010	2856	2626	2467	2272	2164	2000	
170	1195	95.0	95.0	1	0	0	2	918	1043	1325	1803	2344	2822	3143	3224	3225	3124	2978	2778	2570	2412	2248	2192	2156	2317	2562	2848	3125	3341	3336	3293	3185	2979	2803	2631	2434	2306	2152	2044	
170	1213	95.0	95.0	1	0	0	2	924	1057	1328	1789	2335	2832	3155	3208	3193	3150	3007	2738	2592	2393	2233	2173	2206	2338	2533	2877	3143	3305	3355	3299	3179	3008	2807	2643	2429	2283	2150	2032	
170	1230	95.0	95.0	1	0	0	2	921	1043	1363	1796	2341	2829	3162	3214	3206	3167	2955	2772	2608	2397	2278	2157	2168	2316	2561	2849	3165	3338	3338	3294	3177	2988	2860	2640	2445	2287	2155	2033	
170	1247	95.0	95.0	1	0	0	2	914	1048	1346	1779	2344	2820	3160	3200	3201	3137	2978	2776	2567	2417	2308	2186	2172	2323	2545	2829	3116	3323	3318	3290	3168	2998	2816	2649	2452	2261	2168	2028	
170	1264	94.9	95.0	1	0	0	2	939	1031	1344	1801	2349	2844	3154	3205	3219	3137	2993	2792	2611	2370	2277	2174	2200	2334	2529	2856	3119	3293	3341	3303	3144	2991	2806	2621	2436	2300	2156	2020	
170	1282	95.0	95.0	1	0	0	2	928	1024	1381	1798	2329	2834	3166	3209	3198	3146	2976	2773	2553	2426	2236	2184	2163	2299	2548	2828	3129	3325	3333	3285	3126	2952	2812	2656	2440	2265	2149	2005	
170	1328	95.0	95.0	1	1	1	2	925	1051	1346	1792	2336	2843	3129	3215	3206	3100	2977	2785	2587	2423	2248	2189	2188	2320	2530	2830	3182	3315	3350	3302	3168	2977	2815	2676	2436	2251	2144	2005	
170	1392	60.0	60.1	1	1	1	2	999	1235	1841	2752	3864	4796	5343	5382	5275	4995	4669	4232	3892	3463	3165	2952	2811	2925	3093	3470	3848	4082	4087	4025	3882	3600	3344	3060	2804	2576	2438	2275	
170	1409	59.9	60.0	1	1	1	2	978	1264	1852	2773	3898	4845	5392	5452	5335	5080	4704	4310	3885	3527	3204	2959	2870	2895	3148	3486	3875	4121	4099	4042	3851	3611	3368	3126	2824	2576	2434	2279	
170	1426	59.9	60.0	1	1	1	2	978	1215	1854	2811	3905	4846	5328	5404	5287	5036	4662	4282	3863	3477	3185	2930	2839	2891	3137	3511	3847	4088	4084	4108	3848	3605	3367	3073	2846	2613	2447	2283	
170	1443	59.9	60.0	1	1	1	2	996	1246	1838	2799	3926	4844	5407	5422	5323	5015	4681	4243	3882	3503	3197	2981	2841	2901	3156	3470	3844	4101	4125	4046	3884	3602	3354	3098	2816	2616	2428	2293	
170	1461	60.0	60.0	1	1	1	2	1002	1237	1864	2800	3917	4868	5390	5426	5281	4994	4654	4262	3882	3479	3199	2950	2836	2910	3147	3494	3835	4083	4090	4051	3855	3592	3376	3082	2836	2624	2380	2284	
170	1478	60.0	60.0	1	1	1	2	989	1230	1881	2797	3899	4820	5361	5416	5262	5023	4690	4281	3837	3489	3187	2974	2804	2908	3151	3475	3859	4070	4108	4054	3886	3609	3382	3082	2832	2635	2412	2232	
170	1495	59.9	60.0	1	1	1	2	980	1219	1864	2793	3948	4859	5430	5420	5344	5043	4703	4299	3903	3532	3210	2985	2833	2918	3154	3512	3872	4138	4133	4064	3867	3599	3388	3109	2829	2611	2462	2278	
170	1558	95.0	95.1	2	1	0	2	956	1023	1340	1769	2315	2745	3096	3151	3154	3069	2917	2714	2531	2352	2239	2150	2137	2260	2481	2777	3082	3245	3260	3217	3072	2915	2773	2570	2370	2237	2114	1973	
170	1636	60.0	60.1	2	1	1	2	983	1212	1832	2706	3817	4736	5197	5176	5109	4932	4546	4141	3773	3390	3106	2863	2789	2855	3068	3412	3806	4073	4015	3988	3817	3534	3334	3036	2799	2577	2430	2232	
170	1653	59.9	60.0	2	1	1	2	986	1238	1830	2685	3806	4739	5199	5273	5146	4883	4582	4167	3798	3418	3109	2908	2766	2888	3061	3399	3776	4032	4029	4007	3769	3562	3320	3050	2788	2578	2385	2244	
170	1670	59.9	60.0	2	1	1	2	985	1221	1821	2754	3776	4736	5247	5273	5191	4876	4581	4168	3788	3424	3147	2884	2804	2847	3100	3396	3816	4065	4069	3977	3803	3548	3292	3055	2776	2586	2381	2277	
170	1687	59.9	60.0	2	1	1	2	993	1225	1861	2721	3797	4692	5239	5274	5151	4900	4585	4166	3774	3421	3165	2913	2768	2842	3089	3431	3794	4013	4012	3993	3818	3569	3332	3021	2803	2599	2400	2247	
170	1705	59.9	60.0	2	1	1	2	980	1223	1848	2710	3794	4700	5297	5288	5172	4928	4614	4160	3793	3441	3140	2930	2785	2855	3121	3427	3807	3995	4076	3958	3820	3571	3345	3030	2774	2601	2393	2256	
170	1722	60.0	60.0	2	1	1	2	974	1219	1813	2746	3813	4730	5221	5253	5154	4911	4555	4182	3767	3420	3146	2903	2785	2823	3100	3455	3754	4014	4064	3972	3803	3560	3295	3053	2766	2574	2387	2246	
170	1739	59.9	60.0	2	1	1	2	978	1237	1824	2730	3816	4695	5256	5289	5152	4893	4557	4190	3805	3421	3107	2890	2760	2878	3084	3407	3772	3993	4043	3957	3746	3531	3319	3034	2758	2572	2405	2224	
170	1802	94.9	95.0	3	1	0	2	919	1037	1318	1750	2336	2781	3093	3154	3140	3070	2944	2713	2548	2338	2215	2132	2138	2257	2484	2785	3076	3238	3228	3225	3107	2900	2737	2560	2405	2219	2087	1981	
170	1880	60.0	60.1	3	1	1	2	996	1220	1828	2710	3794	4694	5250	5236	5085	4864	4581	4151	3788	3410	3146	2887	2792	2819	3084	3368	3796	3988	4023	3962	3771	3544	3307	3019	2780	2577	2418	2242	
170	1897	59.9	60.0	3	1	1	2	984	1239	1842	2704	3752	4686	5256	5264	5143	4880	4568	4163	3760	3405	3121	2883	2789	2848	3066	3400	3756	3989	4000	3979	3758	3559	3308	3070	2767	2589	2400	2246	
170	1914	60.0	60.0	3	1	1	2	994	1205	1822	2763	3842	4754	5261	5303	5154	4893	4586	4189	3816	3458	3125	2885	2806	2822	3085	3434	3807	4027	4048	3954	3824	3557	3307	3079	2795	2590	2380	2241	
170	1932	60.0	60.0	3	1	1	2	988	1227	1830	2734	3779	4729	5224	5240	5163	4904	4562	4147	3782	3424	3102	2877	2792	2829	3054	3426	3775	4033	4003	3968	3784	3568	3286	3058	2747	2590	2385	2266	
170	1949	60.0	60.0	3	1	1	2	979	1227	1836	2732	3812	4708	5247	5273	5197	4900	4597	4174	3774	3436	3134	2881	2770	2852	3088	3410	3780	4053	4006	3962	3800	3560	3329	3052	2785	2589	2409	2232	
170	1966	60.0	60.0	3	1	1	2	988	1221	1818	2768	3789	4678	5238	5270	5153	4856	4566	4141	3758	3383	3113	2909	2810	2861	3056	3436	3752	4008	4031	3981	3763	3589	3280	3031	2771	2566	2410	2242	
170	1983	60.0	60.0	3	1	1	2	988	1222	1837	2742	3792	4740	5268	5318	5156	4912	4559	4165	3816	3429	3145	2887	2775	2854	3090	3412	3765	4013	4022	3975	3826	3586	3295	3038	2776	2587	2410	2247	
170	2048	94.9	95.0	4	1	0	2	918	1038	1323	1769	2315	2760	3076	3144	3108	3069	2863	2728	2532	2345	2212	2157	2130	2256	2466	2776	3051	3217	3236	3212	3079	2906	2733	2557	2392	2207	2105	1964	
170	2128	60.0	60.0	4	1	1	2	1000	1220	1790	2702	3754	4651	5188	5184	5084	4833	4487	4151	3790	3385	3096	2860	2755	2806	3057	3368	3770	3948	4005	3956	3757	3547	3284	3023	2769	2550	2386	2225	
170	2145	60.0	60.0	4	1	1	2	990	1227	1815	2707	3827	4675	5240	5250	5144	4886	4564	4155	3760	3416	3111	2872	2739	2838	3093	3403	3746	4040	3984	3959	3760	3522	3319	3039	2786	2549	2396	2214	
170	2162	60.0	60.0	4	1	1	2	982	1220	1827	2755	3823	4742	5251	5305	5105	4920	4621	4155	3796	3442	3123	2892	2790	2851	3056	3405	3795	4033	4039	3955	3784	3553	3324	3052	2753	2568	2390	2263	
170	2180	60.0	60.0	4	1	1	2	994	1214	1839	2710	3858	4749	5263	5269	5166	4958	4559	4158	3803	3444	3145	2906	2797	2865	3096	3408	3777	3999	4038	3982	3828	3553	3322	3049	2805	2576	2375	2240	
170	2197	60.0	60.0	4	1	1	2	988	1220	1829	2722	3840	4701	5217	5229	5187	4920	4580	4135	3786	3415	3106	2872	2773	2843	3071	3352	3734	3960	4001	3960	3797	3498	3263	3029	2770	2553	2372	2228	
170	2214	60.0	60.0	4	1	1	2	968	1247	1841	2754	3801	4721	5220	5259	5110	4931	4564	4137	3749	3414	3093	2864	2798	2811	3070	3381	3783	4023	3999	3990	3793	3513	3309	3027	2765	2554	2364	2231	
170	2231	60.0	60.0	4	1	1	2	995	1233	1837	2715	3761	4695	5205	5271	5142	4862	4590	4153	3777	3433	3116	2883	2767	2829	3075	3414	3772	3998	4038	3974	3798	3545	3306	3026	2779	2588	2391	2234	
170	2294	94.9	95.1	5	1	0	2	910	1038	1321	1774	2308	2765	3062	3137	3124	3041	2847	2697	2520	2343	2213	2112	2130	2249	2480	2756	3033	3216	3204	3205	3085	2892	2745	2562	2367	2274	2085	1960	
170	2374	60.0	60.0	5	1	1	2	991	1222	1812	2728	3798	4676	5174	5218	5094	4850	4533	4134	3757	3414	3084	2865	2774	2822	3057	3396	3725	4007	4022	3969	3799	3535	3272	3031	2793	2568	2363	2212	
170	2391	59.9	60.0	5	1	1	2	973	1218	1820	2718	3792	4689	5222	5250	5137	4897	4566	4153	3788	3406	3091	2884	2783	2837	3072	3403	3749	3981	3999	3973	3788	3533	3302	3052	2757	2562	2385	2217	
170	2409	59.9	60.0	5	1	1	2	992	1221	1837	2770	3781	4738	5196	5237	5126	4828	4518	4105	3761	3400	3137	2874	2766	2824	3108	3384	3767	3968	4023	3916	3792	3500	3268	3043	2751	2568	2387	2213	
170	2426	59.9	60.0	5	1	1	2	984	1227	1847	2711	3807	4737	5207	5241	5086	4845	4551	4101	3798	3413	3079	2871	2749	2856	3080	3413	3728	3978	3964	3968	3794	3523	3312	3007	2747	2542	2385	2227	
170	2443	59.9	60.0	5	1	1	2	980	1206	1820	2726	3762	4685	5225	5225	5170	4861	4609	4102	3781	3419	3115	2858	2801	2817	3079	3398	3766	3982	4013	3909	3746	3535	3285	3019	2776	2561	2385	2231	
170	2460	59.9	60.0	5	1	1	2	992	1221	1809	2717	3748	4688	5216	5191	5142	4854	4513	4117	3761	3412	3105	2876	2764	2810	3041	3377	3726	3929	4001	3943	3738	3470	3290	2986	2713	2553	2424	2216	
170	2478	60.0	60.0	5	1	1	2	976	1215	1827	2709	3794	4686	5196	5229	5124	4841	4526	4129	3736	3416	3084	2900	2742	2833	3062	3437	3758	3971	3976	3940	3742	3502	3275	3031	2769	2534	2364	2242	
170	2542	94.9	95.0	6	1	0	2	920	1026	1327	1752	2292	2766	3072	3130	3126	3013	2849	2694	2534	2348	2191	2118	2117	2235	2504	2761	3013	3207	3199	3165	3080	2894	2728	2533	2349	2238	2111	1947	
170	2622	60.0	60.0	6	1	1	2	1000	1234	1801	2691	3753	4696	5201	5184	5123	4864	4528	4124	3771	3412	3111	2868	2790	2822	3032	3409	3716	3993	3991	3934	3754	3530	3261	3012	2760	2546	2374	2225	
170	2639	59.9	60.0	6	1	1	2	988	1224	1794	2718	3805	4698	5202	5249	5115	4882	4520	4125	3780	3408	3110	2884	2729	2831	3024	3400	3749	3996	3994	3939	3768	3557	3274	3018	2759	2557	2359	2218	
170	2657	60.0	60.0	6	1	1	2	995	1231	1828	2719	3770	4689	5170	5202	5120	4873	4556	4152	3764	3385	3082	2842	2760	2780	3041	3386	3737	3936	3978	3931	3728	3495	3287	3011	2775	2553	2369	2206	
170	2674	59.9	60.0	6	1	1	2	983	1185	1820	2700	3791	4700	5222	5235	5079	4866	4545	4139	3755	3378	3118	2854	2747	2809	3057	3375	3709	4005	3967	3933	3762	3518	3309	2999	2756	2578	2388	2214	
170	2691	59.9	60.0	6	1	1	2	991	1207	1834	2714	3776	4670	5184	5221	5125	4875	4509	4149	3772	3390	3096	2883	2749	2825	3075	3390	3737	3929	4014	3903	3757	3519	3295	3034	2741	2537	2392	2216	
170	2708	60.0	60.0	6	1	1	2	971	1227	1807	2699	3760	4695	5217	5187	5084	4847	4482	4103	3762	3382	3116	2862	2755	2797	3050	3350	3746	3981	3970	3914	3735	3504	3268	3005	2763	2577	2337	2204	
170	2726	59.9	60.0	6	1	1	2	985	1225	1824	2721	3796	4714	5134	5183	5111	4874	4521	4134	3748	3400	3080	2865	2751	2824	3040	3352	3709	3974	4031	3909	3780	3526	3244	3013	2726	2548	2400	2246	
170	2790	94.8	95.0	7	1	0	2	914	1021	1329	1764	2298	2744	3056	3132	3125	3030	2853	2701	2502	2330	2179	2124	2124	2236	2474	2729	3005	3203	3211	3166	3040	2884	2727	2554	2356	2175	2084	1925	
170	2870	59.9	60.1	7	1	1	2	984	1207	1831	2687	3730	4615	5165	5168	5088	4836	4504	4107	3744	3362	3082	2862	2763	2790	3012	3353	3709	3953	3945	3948	3762	3508	3265	2979	2746	2537	2369	2198	
170	2887	59.9	60.0	7	1	1	2	988	1214	1814	2720	3753	4613	5186	5207	5059	4817	4495	4105	3712	3401	3089	2862	2719	2821	3019	3336	3738	3937	3982	3921	3714	3524	3265	2991	2719	2534	2379	2226	
170	2905	59.9	60.0	7	1	1	2	976	1216	1836	2691	3799	4702	5181	5212	5094	4880	4513	4089	3777	3393	3106	2886	2756	2835	3066	3350	3756	3944	3998	3936	3773	3514	3271	2994	2757	2556	2408	2198	
170	2922	59.9	60.0	7	1	1	2	980	1226	1831	2701	3792	4664	5176	5170	5118	4821	4525	4119	3757	3377	3085	2828	2708	2829	3047	3375	3758	3963	3987	3912	3758	3499	3270	2956	2754	2524	2386	2223	
170	2939	60.0	60.0	7	1	1	2	987	1218	1815	2686	3762	4639	5181	5201	5021	4830	4500	4066	3735	3389	3050	2847	2727	2800	3014	3375	3701	3928	3954	3905	3756	3467	3249	2990	2746	2535	2367	2204	
170	2956	60.0	60.0	7	1	1	2	977	1216	1825	2707	3766	4667	5182	5193	5057	4847	4490	4089	3743	3394	3100	2814	2731	2775	3046	3401	3715	3921	3940	3925	3744	3468	3270	2972	2723	2536	2356	2208	
170	2974	60.0	60.0	7	1	1	2	1004	1219	1825	2709	3758	4607	5153	5188	5092	4800	4480	4048	3703	3359	3085	2859	2711	2776	3006	3384	3722	3945	3939	3908	3724	3491	3265	3026	2749	2520	2362	2210	
170	3038	94.9	95.0	8	1	0	2	932	1029	1312	1755	2299	2726	3042	3102	3118	3026	2894	2681	2470	2300	2175	2130	2090	2230	2456	2665	3013	3208	3188	3142	3038	2893	2713	2531	2351	2178	2061	1945	
170	3118	60.0	60.0	8	1	1	2	989	1223	1811	2686	3728	4640	5184	5204	5102	4843	4540	4095	3746	3372	3089	2863	2744	2801	3028	3363	3734	3969	3997	3892	3752	3499	3254	2987	2722	2535	2360	2222	
170	3135	59.9	60.0	8	1	1	2	994	1213	1801	2706	3760	4635	5162	5159	5051	4863	4524	4096	3727	3373	3079	2832	2745	2798	3053	3355	3713	3945	3978	3874	3733	3495	3258	2994	2739	2512	2376	2224	
170	3153	60.0	60.0	8	1	1	2	979	1235	1789	2679	3771	4645	5155	5206	5059	4845	4529	4124	3739	3387	3065	2852	2755	2789	3031	3336	3710	3907	3999	3948	3712	3526	3277	2993	2746	2547	2351	2246	
170	3170	60.0	60.0	8	1	1	2	982	1196	1814	2705	3772	4620	5103	5162	5033	4825	4470	4087	3728	3402	3065	2839	2719	2790	3045	3349	3709	3965	3972	3880	3727	3491	3248	2974	2735	2538	2358	2199	
170	3187	60.0	60.0	8	1	1	2	980	1217	1798	2717	3728	4622	5179	5120	5077	4851	4520	4070	3759	3392	3072	2832	2735	2813	3015	3353	3693	3938	3974	3910	3764	3478	3273	2979	2724	2534	2344	2197	
170	3204	59.9	60.0	8	1	1	2	993	1217	1805	2679	3726	4650	5115	5130	5001	4786	4461	4044	3713	3317	3060	2800	2742	2824	3005	3310	3660	3892	3933	3861	3705	3483	3241	2961	2718	2516	2333	2187	
170	3222	60.0	60.0	8	1	1	2	954	1215	1798	2660	3727	4622	5128	5170	5035	4800	4431	4058	3713	3351	3034	2854	2723	2815	3029	3330	3704	3911	3912	3885	3702	3470	3252	2967	2730	2512	2332	2232	
170	3284	94.9	95.0	9	1	0	2	914	1058	1307	1755	2273	2720	3010	3069	3067	2966	2853	2643	2494	2306	2181	2092	2079	2220	2428	2702	2991	3185	3158	3092	3008	2854	2720	2512	2328	2192	2062	1942	
170	3364	60.0	60.1	9	1	1	2	968	1214	1813	2681	3709	4553	5082	5100	5010	4727	4446	4028	3690	3343	3030	2807	2727	2784	3005	3308	3658	3861	3908	3862	3696	3437	3230	2957	2715	2506	2344	2134	
170	3382	59.9	60.0	9	1	1	2	998	1198	1790	2659	3696	4576	5048	5088	4981	4764	4450	4084	3688	3362	3029	2840	2703	2761	2969	3295	3657	3898	3900	3861	3699	3444	3231	2972	2687	2514	2392	2168	
170	3399	59.9	60.0	9	1	1	2	977	1209	1797	2671	3718	4592	5120	5145	5066	4760	4448	4052	3674	3342	3070	2841	2708	2774	3016	3330	3684	3902	3877	3901	3692	3457	3237	3012	2717	2494	2339	2169	
170	3416	60.0	60.0	9	1	1	2	979	1235	1822	2680	3729	4590	5135	5096	5000	4793	4457	4066	3692	3342	3029	2838	2741	2758	2995	3321	3700	3887	3914	3892	3723	3484	3237	2941	2717	2520	2342	2194	
170	3433	60.0	60.0	9	1	1	2	980	1205	1831	2667	3737	4574	5089	5089	4986	4765	4455	4062	3692	3311	3037	2811	2697	2757	3025	3320	3668	3920	3905	3847	3714	3435	3221	2982	2697	2498	2362	2172	
170	3451	60.0	60.0	9	1	1	2	1013	1233	1813	2680	3725	4592	5111	5149	5012	4749	4478	4055	3720	3349	3056	2855	2741	2778	3003	3322	3664	3913	3930	3900	3674	3455	3217	2989	2674	2524	2338	2184	
170	3468	60.0	60.0	9	1	1	2	975	1221	1820	2657	3704	4552	5075	5083	4996	4761	4412	4016	3697	3366	3038	2814	2707	2771	2991	3329	3649	3835	3879	3867	3693	3439	3232	2954	2706	2517	2335	2175	
170	3532	94.9	95.1	10	1	0	2	928	1024	1310	1717	2265	2694	2981	3044	3071	2988	2846	2627	2456	2298	2161	2078	2088	2228	2395	2693	2965	3113	3116	3097	3005	2818	2656	2507	2306	2161	2054	1914	
170	3612	60.0	60.1	10	1	1	2	1005	1208	1797	2680	3665	4577	5087	5067	5054	4759	4474	4028	3677	3353	3057	2811	2736	2795	3014	3321	3677	3882	3881	3866	3699	3451	3224	2957	2717	2484	2370	2182	
170	3630	59.9	60.0	10	1	1	2	972	1203	1793	2679	3701	4581	5080	5075	4965	4766	4488	4027	3674	3341	3048	2817	2723	2777	2997	3289	3674	3885	3895	3871	3690	3471	3232	2932	2696	2523	2362	2188	
170	3647	60.0	60.0	10	1	1	2	971	1211	1833	2681	3705	4587	5082	5104	4997	4770	4470	4073	3704	3340	3061	2863	2701	2783	3001	3367	3674	3905	3950	3898	3668	3456	3236	2963	2733	2527	2350	2203	
170	3664	60.0	60.0	10	1	1	2	971	1201	1803	2675	3673	4581	5066	5063	4963	4725	4417	4032	3635	3288	3040	2801	2693	2761	2962	3307	3647	3864	3908	3841	3655	3426	3211	2946	2687	2514	2320	2174	
170	3681	60.0	60.0	10	1	1	2	994	1213	1782	2624	3689	4557	5061	5023	4951	4724	4392	4046	3638	3359	3001	2835	2702	2748	2980	3304	3615	3906	3921	3830	3638	3419	3178	2944	2680	2486	2330	2182	
170	3699	60.0	60.0	10	1	1	2	982	1213	1808	2662	3690	4568	5076	5082	4988	4768	4449	4015	3669	3319	3033	2821	2728	2778	2986	3350	3694	3882	3928	3862	3686	3419	3232	2970	2703	2510	2369	2206	
170	3716	60.0	60.0	10	1	1	2	974	1210	1805	2691	3686	4588	5078	5086	4970	4724	4409	4060	3680	3299	3014	2814	2698	2761	2992	3315	3649	3873	3876	3833	3665	3440	3213	2920	2688	2503	2317	2167	
170	3780	94.9	95.1	11	1	0	2	914	1032	1323	1756	2223	2673	3002	3068	3056	2950	2779	2629	2446	2282	2147	2062	2062	2178	2430	2678	2960	3132	3167	3126	2955	2828	2667	2477	2306	2162	2039	1930	
170	3860	60.0	60.1	11	1	1	2	980	1189	1774	2650	3669	4568	4969	5062	4987	4720	4417	4014	3635	3316	3044	2810	2665	2769	2975	3288	3669	3893	3858	3853	3694	3422	3214	2961	2668	2508	2314	2115	
170	3878	59.9	60.0	11	1	1	2	976	1222	1782	2666	3703	4611	5100	5106	5016	4748	4425	4062	3704	3307	3046	2820	2728	2808	3003	3344	3694	3893	3910	3839	3692	3422	3225	2956	2707	2507	2368	2179	
170	3895	60.0	60.0	11	1	1	2	981	1220	1777	2647	3688	4623	5085	5099	5039	4785	4429	4052	3697	3323	3047	2828	2677	2785	2995	3315	3670	3879	3903	3838	3737	3471	3242	2979	2712	2533	2325	2190	
170	3912	60.0	60.0	11	1	1	2	981	1210	1777	2649	3671	4522	5017	5043	4969	4700	4418	4022	3648	3326	3013	2785	2682	2730	2970	3281	3654	3822	3857	3808	3631	3396	3181	2920	2677	2487	2305	2160	
170	3929	60.0	60.0	11	1	1	2	964	1189	1799	2678	3721	4582	5055	5131	4969	4756	4404	4019	3681	3309	3062	2805	2734	2752	2965	3332	3627	3863	3903	3839	3681	3437	3223	2963	2715	2523	2339	2189	
170	3947	59.9	60.0	11	1	1	2	978	1237	1804	2668	3723	4567	5058	5120	5020	4776	4477	4045	3711	3336	3060	2820	2722	2791	3018	3293	3645	3874	3902	3874	3688	3476	3201	2949	2696	2502	2358	2211	
170	3964	60.0	60.0	11	1	1	2	978	1216	1792	2649	3690	4580	5089	5089	4993	4736	4427	4020	3683	3332	3035	2828	2706	2732	3015	3322	3671	3887	3896	3857	3681	3420	3202	2926	2680	2491	2320	2179	
170	4027	94.9	95.1	12	1	0	2	940	1031	1308	1716	2223	2692	3009	3037	3046	2981	2840	2632	2462	2296	2160	2070	2046	2197	2405	2658	2948	3158	3162	3113	2969	2821	2675	2486	2330	2149	2051	1930	
170	4107	60.0	60.1	12	1	1	2	976	1201	1802	2658	3684	4549	5053	5093	4985	4731	4415	3991	3682	3349	3036	2817	2671	2747	2982	3280	3675	3897	3914	3846	3676	3405	3218	2943	2724	2528	2343	2189	
170	4124	59.9	60.0	12	1	1	2	986	1226	1784	2663	3670	4587	5070	5114	4983	4787	4463	4045	3720	3322	3023	2809	2701	2758	2996	3324	3674	3906	3900	3826	3674	3435	3226	2935	2673	2533	2350	2192	
170	4141	60.0	60.0	12	1	1	2	983	1206	1800	2683	3688	4546	5079	5065	5071	4769	4404	4038	3741	3292	3044	2816	2722	2744	3003	3316	3655	3881	3918	3841	3673	3478	3195	2948	2714	2497	2323	2198	
170	4158	60.0	60.0	12	1	1	2	1013	1194	1806	2672	3694	4560	5076	5105	5003	4728	4400	4026	3700	3334	3026	2798	2712	2758	2972	3288	3659	3874	3875	3831	3635	3461	3221	2944	2703	2464	2309	2160	
170	4176	60.0	60.0	12	1	1	2	971	1200	1782	2643	3689	4534	5033	5061	4949	4758	4390	4020	3642	3310	3014	2764	2713	2772	2976	3306	3660	3897	3897	3843	3649	3405	3192	2931	2689	2495	2339	2186	
170	4193	60.0	60.0	12	1	1	2	982	1191	1782	2652	3658	4516	4991	5052	4957	4726	4397	3995	3684	3293	2988	2797	2699	2746	2980	3309	3626	3875	3848	3812	3674	3422	3195	2926	2687	2475	2322	2157	
170	4210	60.0	60.0	12	1	1	2	980	1203	1781	2657	3676	4515	5013	5071	4900	4708	4387	4015	3649	3280	2975	2794	2638	2724	2959	3296	3606	3837	3868	3803	3642	3404	3205	2924	2679	2494	2329	2170	
170	4272	94.9	95.0	13	1	0	2	911	1029	1302	1729	2210	2652	2968	3020	3034	2956	2805	2629	2434	2267	2125	2047	2080	2187	2393	2648	2921	3099	3103	3058	2959	2802	2623	2460	2313	2137	2037	1915	
170	4352	60.0	60.0	13	1	1	2	1003	1250	1785	2639	3673	4565	5030	5070	4916	4682	4377	4022	3637	3247	3009	2781	2680	2719	2985	3315	3630	3846	3850	3826	3650	3435	3193	2920	2694	2480	2309	2171	
170	4369	59.9	60.0	13	1	1	2	983	1202	1792	2647	3666	4518	5023	5054	4894	4735	4355	4043	3648	3304	3001	2770	2686	2727	2991	3304	3617	3850	3873	3824	3632	3422	3184	2940	2678	2460	2344	2168	
170	4386	60.0	60.0	13	1	1	2	988	1211	1806	2655	3676	4548	5046	5063	4951	4716	4415	3972	3673	3296	3023	2810	2664	2760	2973	3305	3635	3831	3850	3826	3666	3409	3178	2934	2664	2480	2331	2161	
170	4404	60.0	60.0	13	1	1	2	980	1198	1781	2652	3661	4556	5033	5091	4921	4724	4376	4020	3635	3313	3020	2787	2692	2740	2976	3298	3640	3874	3890	3813	3630	3407	3179	2931	2692	2500	2322	2192	
170	4421	60.0	60.0	13	1	1	2	978	1203	1772	2638	3657	4537	5017	4995	4932	4692	4429	3975	3653	3341	3027	2786	2676	2765	2960	3267	3633	3832	3849	3828	3630	3426	3189	2945	2684	2477	2345	2190	
170	4438	59.9	60.0	13	1	1	2	976	1235	1785	2646	3643	4506	5053	5054	4961	4698	4400	4014	3650	3297	3008	2814	2676	2748	2961	3301	3670	3838	3882	3821	3622	3432	3167	2916	2703	2493	2295	2162	
170	4455	60.0	60.0	13	1	1	2	986	1206	1796	2648	3646	4509	4997	5045	4975	4692	4372	4038	3643	3300	3007	2800	2704	2723	2971	3293	3592	3846	3848	3825	3645	3411	3158	2936	2687	2498	2348	2178	
170	4518	95.0	95.0	14	1	0	2	936	1020	1311	1733	2216	2685	2953	3008	3023	2955	2791	2614	2443	2272	2140	2048	2057	2164	2377	2654	2921	3074	3121	3066	2966	2769	2653	2463	2294	2153	2029	1898	
170	4598	60.0	60.1	14	1	1	2	968	1195	1778	2648	3679	4558	5026	5026	4940	4707	4413	3901	3628	3327	3019	2801	2693	2750	2950	3312	3640	3826	3859	3825	3657	3404	3186	2908	2675	2469	2307	2176	
170	4615	59.9	60.0	14	1	1	2	957	1217	1774	2664	3659	4577	5045	5082	4991	4736	4375	4009	3662	3292	3015	2815	2683	2755	2957	3295	3653	3853	3860	3841	3635	3442	3197	2955	2682	2508	2339	2173	
170	4632	60.0	60.0	14	1	1	2	976	1202	1768	2645	3643	4566	5040	5036	4969	4707	4410	3996	3633	3272	3000	2791	2698	2763	2969	3272	3618	3836	3879	3807	3638	3409	3212	2912	2647	2514	2301	2163	
170	4650	60.0	60.0	14	1	1	2	967	1218	1775	2652	3680	4529	5016	5061	4942	4685	4342	3990	3621	3304	2999	2792	2690	2754	2950	3262	3611	3841	3827	3811	3623	3382	3194	2912	2690	2489	2325	2183	
170	4667	59.9	60.0	14	1	1	2	979	1185	1780	2664	3662	4524	4992	5067	4985	4662	4339	4016	3645	3281	3005	2844	2676	2729	2981	3278	3596	3847	3850	3816	3625	3409	3137	2916	2679	2488	2325	2201	
170	4684	59.9	60.0	14	1	1	2	983	1202	1790	2622	3679	4495	5012	5036	4949	4688	4355	3949	3643	3291	2992	2788	2651	2723	2960	3258	3609	3874	3835	3812	3622	3390	3167	2904	2631	2481	2331	2182	
170	4701	60.0	60.0	14	1	1	2	980	1208	1785	2617	3636	4540	4976	5019	4920	4664	4340	4005	3635	3284	3009	2785	2659	2742	2940	3286	3616	3805	3828	3805	3630	3376	3154	2915	2680	2488	2300	2177	
170	4766	94.9	95.1	15	1	0	2	925	1024	1314	1715	2225	2653	2970	3021	2981	2935	2777	2610	2434	2234	2148	2054	2066	2168	2391	2663	2896	3104	3112	3091	2951	2764	2593	2454	2294	2140	2016	1905	
170	4846	59.9	60.1	15	1	1	2	979	1174	1786	2622	3649	4485	5011	5016	4946	4713	4386	4005	3649	3294	2991	2794	2676	2728	2988	3272	3584	3826	3865	3780	3632	3396	3160	2884	2676	2466	2307	2162	
170	4863	59.9	60.0	15	1	1	2	965	1201	1809	2606	3655	4568	5036	5090	4927	4668	4380	3993	3666	3293	3008	2783	2670	2793	2964	3233	3604	3849	3881	3815	3626	3372	3178	2921	2674	2495	2322	2106	
170	4880	59.9	60.0	15	1	1	2	969	1195	1769	2610	3605	4540	5051	5026	4948	4694	4353	4007	3650	3290	2968	2817	2676	2757	2977	3275	3647	3849	3866	3815	3632	3401	3197	2926	2660	2504	2344	2166	
170	4898	59.9	60.0	15	1	1	2	995	1205	1785	2613	3644	4518	5012	5012	4917	4665	4347	4028	3614	3281	2977	2796	2653	2696	2950	3234	3622	3816	3836	3785	3602	3391	3168	2920	2682	2468	2309	2159	
170	4915	59.9	60.0	15	1	1	2	970	1203	1746	2662	3657	4473	4982	4976	4888	4646	4326	3966	3620	3286	2978	2791	2637	2721	2945	3281	3588	3798	3868	3788	3601	3404	3171	2906	2643	2416	2297	2157	
170	4932	60.0	60.0	15	1	1	2	1003	1197	1716	2627	3641	4503	4999	5005	4915	4682	4318	3974	3655	3267	2983	2759	2641	2709	2956	3268	3601	3832	3837	3777	3594	3370	3161	2916	2667	2482	2325	2120	
170	4949	60.0	60.0	15	1	1	2	996	1180	1763	2633	3640	4492	4955	5023	4925	4663	4336	3972	3589	3269	2977	2805	2650	2724	2926	3269	3583	3852	3809	3782	3606	3374	3181	2893	2653	2459	2308	2160	
170	5014	94.9	95.1	16	1	0	2	907	1015	1322	1709	2226	2655	2973	3029	2987	2940	2783	2624	2503	2265	2124	2063	2046	2116	2402	2649	2915	3081	3085	3079	2955	2794	2649	2440	2326	2150	2007	1914	
170	5094	60.0	60.1	16	1	1	2	985	1193	1775	2625	3649	4500	4978	5006	4940	4701	4349	3968	3624	3270	2943	2728	2669	2754	2940	3260	3597	3849	3817	3770	3629	3373	3177	2916	2680	2484	2299	2142	
170	5111	59.9	60.0	16	1	1	2	980	1204	1778	2632	3607	4486	4995	4986	4893	4701	4375	4010	3649	3282	3022	2785	2687	2728	2920	3280	3639	3832	3847	3808	3663	3393	3171	2901	2682	2457	2292	2135	
170	5128	59.9	60.0	16	1	1	2	976	1204	1779	2607	3665	4493	4956	5033	4917	4656	4355	3981	3626	3280	2986	2781	2676	2755	2933	3260	3636	3803	3848	3788	3644	3363	3165	2916	2691	2457	2287	2110	
170	5146	59.9	60.0	16	1	1	2	973	1195	1791	2617	3651	4495	4978	4964	4918	4652	4390	3968	3624	3269	2987	2749	2676	2714	2904	3264	3610	3825	3839	3820	3602	3390	3171	2884	2660	2461	2320	2149	
170	5163	60.0	60.0	16	1	1	2	972	1206	1777	2614	3655	4474	4955	4992	4896	4657	4345	3943	3619	3233	2985	2772	2651	2758	2927	3242	3604	3794	3813	3767	3586	3347	3135	2920	2678	2458	2279	2139	
170	5180	60.0	60.0	16	1	1	2	976	1197	1762	2631	3629	4488	5005	4982	4915	4668	4362	3946	3620	3264	2947	2772	2644	2743	2951	3261	3592	3801	3810	3763	3632	3377	3159	2900	2653	2464	2315	2138	
170	5197	60.0	60.0	16	1	1	2	983	1206	1789	2602	3651	4497	4974	4995	4864	4653	4302	3959	3601	3251	2966	2750	2667	2722	2942	3284	3595	3797	3855	3750	3616	3356	3162	2858	2666	2481	2307	2177	
170	5260	95.0	95.0	17	1	0	2	909	1018	1306	1701	2227	2672	2990	2972	3014	2901	2819	2609	2439	2261	2128	2050	2047	2165	2381	2655	2941	3078	3051	3069	2942	2781	2616	2444	2274	2113	2023	1894	
170	5340	59.9	60.1	17	1	1	2	978	1200	1789	2607	3655	4513	4962	5005	4905	4653	4375	3951	3609	3258	2964	2807	2646	2718	2952	3250	3599	3808	3828	3782	3608	3362	3134	2888	2665	2444	2316	2163	
170	5357	59.9	60.0	17	1	1	2	964	1204	1773	2630	3646	4513	4975	5064	4920	4656	4359	3992	3627	3266	2973	2765	2684	2748	2934	3255	3613	3811	3864	3776	3640	3386	3144	2912	2646	2437	2299	2157	
170	5375	60.0	60.0	17	1	1	2	978	1210	1766	2617	3629	4518	4998	4973	4898	4646	4366	3995	3627	3268	2973	2747	2681	2750	2966	3262	3608	3851	3826	3789	3609	3381	3140	2880	2631	2481	2313	2143	
170	5392	59.9	60.0	17	1	1	2	969	1205	1776	2652	3631	4444	5008	4994	4909	4687	4377	3965	3639	3253	2991	2769	2658	2731	2940	3286	3589	3814	3877	3743	3627	3392	3156	2911	2646	2436	2317	2170	
170	5409	60.0	60.0	17	1	1	2	983	1201	1779	2632	3649	4473	4991	4977	4885	4679	4301	3935	3596	3248	3010	2758	2628	2738	2949	3256	3538	3812	3856	3783	3617	3351	3179	2905	2678	2485	2301	2151	
170	5426	60.0	60.0	17	1	1	2	971	1215	1773	2618	3655	4492	4984	5011	4942	4672	4362	3964	3583	3271	2992	2802	2681	2733	2920	3265	3596	3830	3823	3812	3603	3393	3165	2916	2662	2445	2297	2136	
170	5444	60.0	60.0	17	1	1	2	969	1197	1768	2634	3637	4441	4959	4998	4841	4661	4362	3926	3600	3268	2942	2764	2661	2722	2932	3231	3598	3824	3807	3780	3606	3396	3178	2948	2633	2470	2329	2129	
170	5508	94.9	95.1	18	1	0	2	897	1040	1313	1724	2221	2646	2924	2983	2981	2925	2784	2607	2384	2253	2107	2038	2062	2161	2376	2643	2883	3050	3065	3056	2913	2739	2617	2434	2264	2136	1976	1884	
170	5588	60.0	60.1	18	1	1	2	986	1191	1775	2595	3601	4490	4993	4992	4902	4706	4334	3965	3605	3264	2989	2775	2652	2707	2937	3271	3599	3800	3844	3805	3603	3387	3168	2921	2658	2487	2290	2151	
170	5605	59.9	60.0	18	1	1	2	980	1195	1775	2633	3635	4501	4986	5038	4904	4648	4357	3986	3629	3234	2991	2783	2675	2749	2944	3242	3588	3813	3822	3802	3628	3396	3168	2915	2658	2474	2329	2162	
170	5623	59.9	60.0	18	1	1	2	972	1222	1773	2610	3647	4494	4990	5020	4881	4689	4405	3959	3639	3286	2988	2788	2651	2735	2949	3251	3610	3824	3856	3789	3645	3407	3200	2907	2689	2501	2316	2165	
170	5640	60.0	60.0	18	1	1	2	972	1208	1747	2629	3653	4489	4986	4986	4881	4625	4320	3960	3576	3302	2960	2792	2641	2728	2934	3282	3618	3782	3816	3799	3624	3351	3164	2909	2680	2432	2295	2169	
170	5657	60.0	60.0	18	1	1	2	1005	1211	1786	2608	3599	4460	4976	5015	4889	4655	4344	3982	3581	3212	2958	2760	2655	2698	2924	3240	3562	3800	3831	3747	3638	3362	3134	2929	2642	2472	2298	2154	
170	5674	60.0	60.0	18	1	1	2	983	1194	1772	2632	3654	4526	5041	5032	4871	4686	4341	4015	3599	3303	3010	2767	2668	2736	2931	3302	3636	3800	3823	3797	3623	3419	3174	2907	2652	2417	2286	2160	
170	5692	60.0	60.0	18	1	1	2	978	1184	1756	2595	3663	4468	4970	4959	4866	4656	4334	3928	3575	3243	2949	2765	2629	2724	2914	3242	3633	3808	3828	3738	3580	3367	3162	2894	2621	2446	2336	2164	
170	5756	95.0	95.1	19	1	0	2	914	1022	1300	1699	2201	2663	2934	3002	3036	2932	2776	2608	2413	2265	2113	2045	2045	2149	2369	2648	2890	3073	3068	3044	2940	2757	2634	2472	2283	2149	2003	1904	
170	5836	59.9	60.1	19	1	1	2	974	1208	1767	2607	3634	4453	4982	5054	4889	4633	4362	3931	3606	3290	2976	2764	2665	2730	2921	3248	3589	3807	3845	3789	3622	3417	3145	2888	2644	2446	2303	2150	
170	5853	60.0	60.0	19	1	1	2	973	1199	1779	2643	3659	4471	4979	4990	4903	4713	4384	3976	3634	3271	3011	2762	2657	2716	2963	3268	3569	3861	3858	3783	3608	3390	3135	2906	2687	2451	2316	2142	
170	5871	59.9	60.0	19	1	1	2	956	1206	1788	2624	3635	4444	4988	4992	4890	4668	4320	3962	3631	3282	2969	2784	2664	2734	2945	3262	3589	3815	3812	3767	3595	3416	3141	2910	2673	2472	2295	2165	
170	5888	59.9	60.0	19	1	1	2	984	1196	1776	2582	3630	4490	4960	4985	4867	4705	4368	3956	3597	3280	2941	2760	2676	2712	2933	3242	3567	3801	3858	3779	3606	3337	3174	2895	2661	2489	2288	2139	
170	5905	60.0	60.0	19	1	1	2	979	1208	1790	2632	3648	4524	4981	4980	4892	4660	4398	3974	3628	3241	2970	2751	2649	2724	2920	3250	3600	3777	3815	3786	3605	3415	3168	2908	2639	2461	2295	2141	
170	5922	60.0	60.0	19	1	1	2	976	1196	1754	2604	3644	4481	4970	4966	4893	4615	4318	3938	3616	3274	2976	2739	2653	2701	2937	3245	3619	3833	3845	3775	3580	3390	3165	2884	2679	2448	2291	2155	
170	5940	60.0	60.0	19	1	1	2	980	1187	1762	2633	3620	4470	4970	4939	4836	4640	4332	3951	3592	3292	2967	2767	2662	2746	2929	3237	3584	3801	3859	3812	3605	3356	3142	2883	2646	2441	2289	2119	
170	6004	95.0	95.1	20	1	0	2	909	1024	1300	1706	2205	2642	2913	2994	2977	2916	2746	2566	2399	2240	2108	2063	2036	2158	2334	2627	2884	3074	3086	3021	2908	2766	2585	2453	2268	2107	1991	1876	
170	6084	59.8	60.1	20	1	1	2	991	1207	1775	2623	3652	4498	4976	5082	4896	4700	4403	3958	3621	3248	2969	2778	2676	2723	2917	3228	3617	3826	3848	3794	3647	3368	3155	2917	2657	2480	2295	2154	
170	6102	59.9	60.0	20	1	1	2	977	1195	1774	2622	3616	4469	4973	5017	4902	4660	4315	4025	3619	3242	2974	2774	2666	2712	2956	3255	3567	3785	3854	3785	3610	3366	3169	2911	2658	2466	2297	2160	
170	6119	59.9	60.0	20	1	1	2	954	1182	1781	2604	3659	4528	4986	4982	4895	4672	4344	3981	3617	3289	2987	2756	2642	2692	2960	3255	3569	3825	3817	3759	3625	3372	3156	2876	2678	2456	2303	2150	
170	6136	59.9	60.0	20	1	1	2	981	1205	1747	2616	3602	4473	4946	4969	4879	4643	4341	3957	3614	3268	2976	2760	2641	2688	2922	3230	3563	3778	3812	3736	3582	3364	3168	2898	2650	2448	2274	2136	
170	6153	59.9	60.0	20	1	1	2	982	1189	1774	2625	3631	4462	4960	4987	4878	4624	4318	3916	3596	3259	2960	2789	2646	2732	2934	3254	3559	3805	3814	3811	3626	3372	3148	2910	2665	2445	2285	2168	
170	6171	59.9	60.0	20	1	1	2	970	1189	1773	2599	3634	4505	4969	5009	4911	4658	4354	3936	3596	3258	2992	2765	2652	2722	2919	3251	3609	3808	3836	3784	3617	3390	3108	2889	2678	2458	2304	2136	
170	6188	59.9	60.0	20	1	1	2	988	1234	1778	2607	3605	4468	4952	4949	4889	4633	4347	3925	3606	3252	2954	2737	2644	2731	2914	3221	3589	3812	3841	3721	3586	3372	3138	2889	2663	2466	2272	2145	
170	6252	95.0	95.1	21	1	0	2	910	1007	1311	1685	2206	2628	2981	2998	3013	2918	2794	2569	2399	2218	2121	2037	2018	2163	2352	2613	2883	3050	3066	2997	2904	2775	2619	2418	2262	2110	1996	1881	
170	6330	59.9	60.1	21	1	1	2	977	1190	1756	2573	3600	4467	4954	5014	4916	4672	4321	3954	3561	3256	2978	2786	2650	2696	2919	3261	3546	3812	3830	3769	3614	3375	3134	2929	2672	2445	2289	2144	
170	6348	59.9	60.0	21	1	1	2	983	1195	1769	2617	3622	4471	4963	4977	4921	4679	4347	3970	3625	3257	2972	2793	2664	2714	2939	3233	3638	3822	3851	3806	3591	3373	3145	2917	2622	2438	2322	2157	
170	6365	59.9	60.0	21	1	1	2	973	1203	1771	2616	3606	4483	4973	4995	4885	4675	4352	3992	3594	3232	2971	2763	2680	2713	2907	3270	3558	3828	3822	3758	3615	3388	3172	2900	2635	2454	2277	2168	
170	6382	60.0	60.0	21	1	1	2	966	1190	1762	2630	3575	4477	4974	4960	4850	4674	4328	3935	3608	3257	3002	2766	2670	2704	2943	3249	3582	3831	3857	3803	3629	3353	3153	2887	2644	2446	2275	2164	
170	6399	59.9	60.0	21	1	1	2	957	1212	1765	2633	3613	4483	4979	4958	4879	4639	4320	3927	3584	3266	2938	2760	2634	2701	2895	3253	3596	3812	3779	3796	3577	3363	3148	2898	2630	2432	2302	2134	
170	6417	60.0	60.0	21	1	1	2	959	1200	1797	2577	3612	4453	4957	4940	4871	4653	4337	3918	3593	3207	2959	2745	2641	2706	2909	3234	3557	3743	3814	3728	3578	3364	3118	2866	2621	2465	2298	2136	
170	6434	60.0	60.0	21	1	1	2	950	1216	1770	2622	3649	4516	5001	4987	4871	4638	4343	3995	3624	3267	2992	2769	2649	2702	2972	3227	3570	3817	3823	3809	3619	3385	3185	2906	2639	2477	2304	2153	
170	6496	95.0	95.0	22	1	0	2	909	1032	1295	1720	2212	2633	2914	3004	2974	2917	2743	2564	2380	2253	2108	2056	2030	2135	2354	2638	2887	3064	3059	3049	2907	2776	2601	2419	2259	2119	2006	1860	
170	6577	60.0	60.1	22	1	1	2	972	1189	1800	2596	3625	4455	4931	4967	4879	4646	4326	3969	3609	3250	2989	2767	2646	2717	2923	3224	3581	3796	3821	3796	3611	3370	3139	2904	2655	2447	2308	2154	
170	6594	59.9	60.0	22	1	1	2	969	1182	1754	2608	3590	4472	4934	4963	4845	4640	4307	3898	3589	3235	2952	2748	2652	2722	2927	3231	3586	3795	3818	3759	3582	3344	3163	2872	2653	2456	2310	2168	
170	6611	60.0	60.0	22	1	1	2	996	1177	1770	2652	3607	4444	4951	4934	4841	4615	4323	3951	3553	3242	2950	2746	2643	2709	2902	3218	3578	3775	3830	3766	3602	3388	3127	2891	2632	2467	2278	2131	
170	6628	59.9	60.0	22	1	1	2	985	1173	1776	2602	3608	4486	4952	4958	4875	4603	4326	3941	3583	3214	3014	2748	2619	2722	2934	3247	3575	3798	3796	3763	3589	3375	3128	2874	2652	2437	2280	2130	
170	6646	60.0	60.0	22	1	1	2	961	1203	1774	2596	3590	4470	4940	4983	4889	4663	4345	3917	3589	3242	2980	2737	2657	2696	2940	3249	3595	3753	3824	3773	3562	3344	3112	2902	2637	2448	2290	2116	
170	6663	60.0	60.0	22	1	1	2	1002	1197	1768	2619	3640	4487	4911	4937	4877	4609	4295	3930	3624	3238	2963	2740	2641	2686	2904	3234	3573	3810	3757	3732	3577	3356	3143	2867	2622	2457	2299	2140	
170	6680	60.0	60.0	22	1	1	2	978	1180	1744	2595	3601	4424	4903	4879	4804	4594	4292	3888	3581	3199	2950	2717	2615	2708	2896	3210	3567	3734	3804	3742	3536	3364	3099	2871	2634	2436	2278	2113	
170	6743	95.0	95.1	23	1	0	2	938	1013	1289	1689	2190	2639	2922	2948	2966	2913	2740	2586	2413	2226	2136	2004	2030	2142	2378	2595	2847	3043	3016	3039	2880	2744	2575	2427	2229	2124	1975	1874	
170	6823	60.0	60.1	23	1	1	2	964	1196	1755	2603	3623	4447	4944	4979	4876	4624	4327	3950	3590	3239	2956	2791	2669	2709	2921	3199	3594	3794	3832	3778	3610	3337	3167	2877	2665	2469	2288	2141	
170	6840	59.9	60.0	23	1	1	2	963	1212	1766	2596	3592	4459	4950	4965	4846	4633	4299	3922	3581	3235	2985	2759	2675	2665	2831	3229	3578	3765	3816	3759	3576	3366	3132	2865	2625	2458	2288	2135	
170	6857	59.9	60.0	23	1	1	2	971	1207	1743	2595	3594	4439	4940	4988	4907	4643	4295	3915	3570	3233	2941	2737	2645	2699	2925	3190	3571	3794	3796	3738	3576	3348	3102	2890	2659	2449	2300	2132	
170	6874	59.9	60.0	23	1	1	2	955	1202	1764	2612	3624	4487	4941	4972	4846	4628	4326	3930	3609	3242	2971	2762	2652	2718	2896	3239	3589	3803	3815	3744	3584	3368	3161	2885	2651	2431	2289	2147	
170	6892	60.0	60.0	23	1	1	2	969	1209	1752	2643	3607	4488	4945	4969	4870	4642	4330	3967	3602	3255	2946	2771	2634	2696	2905	3255	3578	3814	3817	3749	3587	3368	3139	2876	2654	2453	2288	2123	
170	6909	60.0	60.0	23	1	1	2	974	1192	1734	2632	3613	4444	4921	4948	4888	4611	4305	3953	3595	3210	2953	2753	2642	2688	2914	3223	3516	3810	3815	3744	3552	3360	3110	2839	2635	2456	2280	2133	
170	6926	59.9	60.0	23	1	1	2	973	1215	1773	2640	3590	4454	4956	4969	4853	4627	4299	3939	3567	3211	2942	2758	2644	2680	2927	3176	3576	3778	3772	3744	3573	3351	3130	2855	2649	2424	2288	2158	
170	6989	94.9	95.0	24	1	0	2	917	1074	1297	1685	2200	2644	2896	2958	2957	2869	2756	2558	2369	2250	2115	2024	2037	2120	2347	2627	2856	3001	3060	3028	2855	2717	2597	2400	2236	2111	1987	1859	
170	7069	60.0	60.1	24	1	1	2	953	1195	1783	2615	3590	4448	4953	4922	4826	4597	4319	3903	3588	3225	2981	2729	2646	2696	2921	3221	3524	3807	3778	3748	3586	3352	3140	2864	2644	2440	2275	2120	
170	7086	59.9	60.0	24	1	1	2	969	1189	1745	2602	3620	4476	4944	4880	4862	4598	4301	3938	3569	3232	2933	2795	2640	2690	2911	3220	3578	3788	3794	3720	3608	3357	3134	2877	2626	2436	2275	2122	
170	7103	60.0	60.0	24	1	1	2	963	1185	1756	2605	3611	4510	4937	4988	4861	4637	4311	3925	3555	3233	2975	2737	2656	2688	2934	3233	3549	3765	3791	3747	3580	3376	3155	2900	2633	2417	2282	2134	
170	7120	59.9	60.0	24	1	1	2	978	1191	1724	2647	3589	4450	4934	4989	4892	4625	4318	3909	3533	3224	2948	2735	2612	2674	2927	3236	3570	3792	3818	3723	3564	3352	3116	2869	2643	2443	2270	2201	
170	7138	59.9	60.0	24	1	1	2	968	1194	1769	2613	3591	4455	4926	4939	4832	4623	4276	3935	3580	3223	2954	2776	2651	2693	2936	3222	3576	3801	3790	3731	3574	3324	3116	2879	2666	2432	2269	2158	
170	7155	59.9	60.0	24	1	1	2	981	1215	1750	2597	3603	4462	4973	4980	4869	4652	4349	3976	3597	3233	2965	2751	2648	2706	2910	3229	3594	3781	3796	3746	3584	3346	3133	2873	2606	2456	2300	2143	
170	7172	59.9	60.0	24	1	1	2	980	1185	1762	2610	3594	4468	4911	4942	4842	4622	4289	3915	3560	3244	2974	2723	2634	2660	2921	3219	3537	3754	3795	3767	3612	3358	3118	2886	2635	2439	2262	2128	
170	7237	94.8	95.0	25	1	0	2	923	1015	1287	1710	2181	2626	2930	2982	2960	2891	2730	2581	2390	2227	2123	2021	2012	2144	2359	2609	2843	3028	3052	3032	2883	2741	2614	2399	2273	2091	1986	1871	
170	7254	95.0	95.0	25	1	1	2	908	1025	1294	1721	2157	2626	2909	2953	2978	2892	2734	2568	2421	2238	2079	2044	2027	2120	2348	2613	2883	3004	3021	3022	2893	2741	2584	2419	2250	2122	1975	1860	
170	7317	60.0	60.1	25	1	1	2	972	1201	1756	2572	3627	4447	4969	4938	4847	4625	4328	3949	3589	3253	2948	2738	2657	2699	2900	3222	3554	3751	3796	3765	3583	3316	3129	2917	2648	2437	2301	2121	
170	7334	59.9	60.0	25	1	1	2	985	1182	1761	2576	3570	4422	4889	4912	4799	4550	4269	3916	3568	3203	2953	2727	2639	2694	2879	3202	3518	3728	3785	3745	3534	3306	3088	2832	2598	2430	2268	2116	
170	7351	60.0	60.0	25	1	1	2	978	1196	1754	2568	3604	4396	4909	4915	4825	4586	4272	3893	3548	3223	2954	2742	2618	2705	2871	3204	3547	3766	3797	3708	3548	3329	3142	2866	2626	2394	2273	2129	
170	7369	60.0	60.0	25	1	1	2	981	1198	1754	2633	3564	4453	4928	4910	4852	4611	4268	3925	3588	3216	2944	2789	2639	2674	2918	3228	3541	3761	3775	3790	3595	3364	3158	2895	2628	2428	2255	2151	
170	7386	59.9	60.0	25	1	1	2	975	1196	1773	2566	3615	4456	4924	4920	4863	4615	4297	3905	3564	3237	2948	2745	2616	2728	2877	3174	3545	3772	3781	3714	3584	3330	3100	2860	2634	2427	2290	2135	
170	7403	60.0	60.0	25	1	1	2	971	1189	1760	2595	3578	4431	4886	4946	4825	4598	4307	3956	3583	3243	2933	2770	2652	2667	2917	3223	3525	3780	3799	3757	3582	3340	3113	2871	2628	2441	2288	2135	
170	7420	60.0	60.0	25	1	1	2	996	1191	1763	2585	3599	4420	4876	4961	4818	4637	4281	3876	3553	3195	2936	2699	2642	2708	2905	3199	3529	3770	3792	3736	3549	3307	3111	2860	2640	2425	2280	2198	
170	7483	94.9	95.0	26	1	0	2	905	1016	1280	1699	2214	2601	2889	2972	2952	2882	2727	2551	2412	2221	2067	2038	2030	2134	2376	2620	2894	2975	3067	2992	2907	2756	2585	2423	2245	2084	2001	1865	
170	7563	60.0	60.1	26	1	1	2	979	1190	1728	2587	3580	4410	4945	4928	4819	4574	4342	3930	3561	3210	2946	2751	2632	2685	2926	3226	3544	3750	3778	3750	3561	3322	3103	2839	2623	2434	2286	2142	
170	7580	60.0	60.0	26	1	1	2	967	1207	1747	2630	3573	4479	4920	4943	4858	4666	4321	3922	3599	3237	2959	2744	2656	2718	2934	3253	3594	3749	3784	3733	3595	3396	3132	2883	2656	2473	2286	2116	
170	7597	60.0	60.0	26	1	1	2	979	1191	1753	2613	3598	4481	4935	4942	4844	4634	4279	3914	3569	3247	2960	2746	2636	2693	2912	3246	3563	3780	3785	3736	3565	3348	3127	2866	2625	2461	2272	2144	
170	7615	60.0	60.0	26	1	1	2	989	1201	1753	2597	3594	4362	4888	4936	4879	4594	4305	3930	3576	3225	2920	2743	2638	2681	2889	3218	3546	3771	3770	3700	3546	3333	3147	2834	2631	2422	2270	2125	
170	7632	59.9	60.0	26	1	1	2	997	1203	1756	2605	3615	4425	4892	4928	4836	4650	4288	3933	3568	3256	2945	2745	2646	2687	2913	3206	3552	3794	3797	3724	3592	3327	3131	2855	2656	2418	2288	2173	
170	7649	60.0	60.0	26	1	1	2	969	1211	1783	2581	3596	4430	4921	4923	4847	4602	4279	3880	3576	3205	2922	2706	2649	2682	2918	3219	3547	3754	3764	3742	3550	3340	3129	2860	2642	2467	2282	2142	
170	7666	60.0	60.0	26	1	1	2	973	1194	1758	2601	3580	4401	4889	4908	4770	4557	4259	3880	3543	3161	2952	2752	2629	2668	2886	3199	3512	3748	3752	3746	3547	3309	3106	2841	2616	2444	2247	2120	
170	7729	94.9	95.0	27	1	0	2	949	1018	1290	1676	2175	2650	2874	2997	2938	2880	2739	2557	2369	2215	2082	2035	2013	2127	2346	2603	2859	2999	3026	2969	2904	2710	2603	2411	2219	2077	1983	1894	
170	7809	60.0	60.1	27	1	1	2	973	1194	1759	2586	3600	4452	4904	4961	4829	4628	4303	3916	3588	3208	2978	2778	2662	2691	2904	3226	3589	3758	3804	3680	3576	3324	3140	2875	2620	2438	2266	2145	
170	7826	60.0	60.0	27	1	1	2	971	1197	1753	2589	3616	4461	4963	4982	4873	4652	4360	3967	3592	3230	2980	2749	2647	2700	2902	3212	3562	3812	3780	3786	3639	3373	3152	2893	2617	2428	2283	2144	
170	7844	59.9	60.0	27	1	1	2	976	1194	1777	2614	3580	4471	4887	4946	4890	4635	4274	3939	3565	3276	2984	2739	2630	2712	2930	3227	3547	3774	3779	3700	3570	3330	3137	2858	2638	2408	2288	2139	
170	7861	59.9	60.0	27	1	1	2	1000	1199	1766	2596	3600	4442	4894	4921	4843	4637	4313	3925	3549	3259	2912	2754	2644	2697	2923	3209	3553	3783	3781	3724	3572	3344	3157	2864	2635	2430	2290	2113	
170	7878	59.9	60.0	27	1	1	2	978	1197	1748	2593	3597	4496	4926	4915	4865	4630	4300	3908	3588	3249	2963	2743	2690	2673	2939	3240	3560	3791	3801	3749	3535	3346	3126	2877	2624	2441	2270	2143	
170	7895	59.9	60.0	27	1	1	2	962	1198	1737	2603	3605	4411	4912	4910	4809	4602	4291	3901	3596	3240	2966	2724	2635	2700	2894	3233	3543	3763	3802	3694	3562	3306	3120	2844	2604	2425	2269	2140	
170	7912	60.0	60.0	27	1	1	2	975	1198	1753	2633	3600	4498	4946	4995	4878	4626	4339	3956	3577	3241	2945	2749	2622	2723	2912	3201	3626	3776	3815	3762	3618	3353	3137	2885	2650	2417	2276	2120	
170	7977	94.9	95.0	28	1	0	2	911	1037	1293	1681	2181	2623	2898	2952	2975	2871	2782	2553	2372	2232	2097	2038	2005	2130	2337	2601	2867	3004	3014	3028	2901	2736	2556	2413	2266	2122	1994	1865	
170	8057	60.0	60.0	28	1	1	2	972	1203	1751	2623	3618	4405	4898	4965	4852	4595	4281	3901	3591	3225	2946	2750	2653	2686	2896	3216	3544	3787	3798	3748	3576	3330	3101	2892	2625	2487	2283	2150	
170	8074	59.9	60.0	28	1	1	2	980	1196	1771	2606	3605	4442	4923	4926	4839	4609	4322	3934	3588	3234	2934	2751	2633	2714	2923	3229	3542	3795	3783	3751	3568	3370	3139	2902	2603	2441	2282	2157	
170	8092	60.0	60.0	28	1	1	2	979	1188	1771	2619	3628	4439	4885	4948	4852	4651	4283	3906	3602	3229	2958	2679	2642	2700	2912	3245	3549	3767	3816	3735	3562	3333	3124	2874	2624	2447	2280	2141	
170	8109	60.0	60.0	28	1	1	2	982	1194	1784	2600	3576	4441	4920	4932	4850	4655	4295	3896	3573	3221	2950	2767	2637	2705	2933	3202	3534	3788	3783	3724	3578	3348	3123	2853	2600	2456	2285	2131	
170	8126	60.0	60.0	28	1	1	2	980	1182	1754	2603	3578	4447	4885	4953	4815	4604	4312	3887	3544	3222	2946	2729	2618	2698	2917	3212	3551	3766	3776	3707	3537	3331	3115	2850	2631	2454	2271	2137	
170	8143	60.0	60.0	28	1	1	2	986	1195	1755	2608	3604	4438	4886	4966	4844	4632	4286	3916	3555	3196	2961	2763	2631	2654	2893	3235	3555	3778	3808	3770	3581	3350	3145	2870	2638	2426	2262	2139	
170	8161	59.9	60.0	28	1	1	2	974	1204	1740	2607	3604	4455	4954	4942	4873	4626	4300	3942	3611	3248	2931	2755	2637	2687	2903	3205	3549	3748	3812	3764	3592	3347	3140	2881	2632	2429	2264	2123	
170	8223	95.0	95.1	29	1	0	2	908	1036	1284	1678	2185	2624	2891	2971	2918	2899	2731	2534	2389	2232	2110	2020	2008	2131	2349	2601	2874	3028	3031	2999	2850	2713	2580	2390	2246	2090	1966	1904	
170	8303	60.0	60.0	29	1	1	2	965	1204	1712	2604	3570	4403	4944	4899	4815	4563	4280	3886	3524	3200	2921	2697	2636	2675	2854	3207	3528	3744	3763	3714	3566	3363	3038	2847	2595	2421	2267	2104	
170	8320	60.0	60.0	29	1	1	2	974	1172	1755	2620	3593	4464	4913	4961	4836	4604	4299	3902	3567	3216	2934	2736	2627	2691	2876	3221	3531	3773	3825	3743	3575	3348	3117	2850	2635	2442	2275	2133	
170	8338	60.0	60.0	29	1	1	2	967	1200	1768	2614	3552	4411	4933	4956	4849	4587	4357	3908	3604	3244	2964	2752	2629	2709	2902	3198	3605	3770	3820	3750	3588	3359	3125	2898	2639	2404	2280	2133	
170	8355	60.0	60.0	29	1	1	2	945	1194	1753	2585	3568	4431	4906	4952	4841	4597	4305	3885	3560	3274	2946	2734	2619	2694	2904	3252	3543	3722	3763	3720	3593	3345	3128	2881	2626	2424	2270	2109	
170	8372	60.0	60.0	29	1	1	2	982	1187	1767	2579	3567	4474	4917	4936	4837	4578	4268	3917	3600	3215	2939	2764	2642	2692	2916	3212	3557	3776	3809	3755	3559	3350	3116	2878	2618	2435	2295	2153	
170	8389	60.0	60.0	29	1	1	2	964	1186	1770	2580	3571	4471	4913	4913	4859	4597	4302	3930	3605	3287	2929	2714	2629	2678	2895	3186	3515	3745	3806	3701	3534	3324	3131	2888	2611	2436	2273	2114	
170	8407	60.0	60.0	29	1	1	2	973	1189	1743	2606	3582	4454	4927	4973	4820	4659	4317	3918	3597	3246	2964	2740	2648	2686	2896	3220	3559	3766	3793	3747	3585	3347	3117	2877	2619	2448	2283	2135	
170	8471	94.9	95.1	30	1	0	2	901	1022	1278	1699	2187	2652	2873	2953	2937	2886	2733	2568	2367	2233	2093	2050	2017	2146	2333	2617	2846	3031	2997	2958	2888	2752	2577	2417	2250	2096	1967	1866	
170	8551	59.9	60.1	30	1	1	2	977	1190	1752	2576	3585	4392	4915	4909	4819	4548	4288	3929	3558	3195	2946	2740	2640	2676	2927	3225	3525	3724	3787	3721	3558	3333	3152	2849	2624	2415	2250	2116	
170	8568	60.0	60.0	30	1	1	2	970	1201	1734	2573	3611	4411	4926	4896	4867	4593	4310	3914	3566	3245	2941	2714	2630	2667	2905	3216	3555	3749	3794	3748	3581	3326	3100	2863	2656	2434	2293	2125	
170	8586	60.0	60.0	30	1	1	2	970	1201	1745	2577	3574	4415	4932	4876	4825	4564	4293	3904	3547	3225	2930	2747	2620	2675	2921	3218	3499	3742	3747	3698	3569	3312	3105	2864	2620	2418	2238	2105	
170	8603	60.0	60.0	30	1	1	2	1017	1192	1760	2591	3568	4393	4891	4923	4869	4568	4241	3895	3544	3214	2920	2724	2630	2698	2888	3189	3554	3743	3757	3725	3536	3314	3106	2840	2619	2440	2285	2118	
170	8620	59.9	60.0	30	1	1	2	964	1200	1745	2584	3557	4389	4916	4876	4796	4553	4254	3908	3561	3201	2943	2718	2602	2682	2902	3201	3507	3748	3756	3686	3515	3330	3122	2832	2613	2423	2272	2117	
170	8637	60.0	60.0	30	1	1	2	973	1191	1771	2605	3582	4389	4910	4901	4804	4606	4248	3901	3580	3245	2967	2745	2620	2686	2871	3223	3548	3750	3760	3719	3529	3311	3114	2822	2612	2412	2263	2132	
170	8655	60.0	60.0	30	1	1	2	978	1203	1744	2583	3568	4416	4930	4922	4816	4616	4268	3938	3555	3204	2960	2723	2626	2685	2888	3198	3519	3725	3797	3752	3524	3352	3108	2866	2634	2419	2281	2130	
170	8717	95.0	95.0	31	1	0	2	916	1014	1286	1699	2178	2609	2902	2928	2939	2891	2744	2567	2369	2231	2106	2006	2010	2110	2333	2629	2841	3010	3029	2997	2879	2718	2569	2406	2209	2104	1992	1882	
170	8797	60.0	60.1	31	1	1	2	974	1199	1746	2578	3618	4443	4942	4936	4848	4613	4322	3911	3599	3232	2966	2724	2621	2636	2904	3201	3539	3757	3786	3735	3550	3360	3104	2853	2619	2431	2271	2123	
170	8815	59.9	60.0	31	1	1	2	984	1186	1773	2585	3572	4397	4910	4945	4808	4563	4257	3900	3563	3218	2977	2724	2620	2698	2866	3235	3527	3714	3772	3745	3549	3328	3091	2830	2612	2417	2297	2121	
170	8832	60.0	60.0	31	1	1	2	976	1192	1751	2608	3594	4412	4909	4947	4860	4608	4304	3947	3586	3264	2942	2717	2648	2677	2858	3200	3554	3782	3755	3736	3586	3342	3137	2859	2632	2436	2296	2137	
170	8849	60.0	60.0	31	1	1	2	963	1175	1744	2584	3579	4419	4883	4929	4784	4556	4269	3885	3532	3206	2916	2752	2631	2669	2900	3193	3502	3770	3802	3710	3556	3309	3104	2828	2615	2407	2252	2116	
170	8866	59.9	60.0	31	1	1	2	972	1202	1772	2587	3601	4390	4889	4920	4841	4592	4268	3898	3566	3217	2954	2749	2618	2663	2911	3214	3540	3736	3775	3734	3541	3324	3125	2862	2593	2426	2264	2123	
170	8884	59.9	60.0	31	1	1	2	988	1184	1750	2613	3548	4403	4872	4886	4810	4563	4246	3863	3543	3227	2924	2717	2620	2664	2859	3171	3507	3711	3775	3710	3531	3329	3107	2840	2628	2421	2244	2114	
170	8901	59.9	60.0	31	1	1	2	967	1182	1754	2572	3552	4377	4859	4868	4775	4574	4236	3910	3513	3177	2942	2711	2611	2656	2880	3173	3537	3729	3728	3695	3543	3313	3101	2863	2602	2403	2271	2102	
170	8963	94.9	95.0	32	1	0	2	911	1012	1298	1700	2165	2602	2900	2933	2949	2874	2731	2557	2378	2220	2086	1991	2007	2127	2336	2583	2819	3044	3017	2984	2860	2675	2569	2384	2238	2086	1978	1862	
170	9044	60.0	60.0	32	1	1	2	964	1182	1741	2558	3571	4383	4854	4891	4757	4544	4257	3889	3536	3218	2937	2712	2607	2692	2884	3209	3512	3727	3749	3677	3516	3312	3095	2850	2569	2443	2268	2120	
170	9061	59.9	60.0	32	1	1	2	967	1187	1761	2609	3575	4424	4891	4917	4849	4591	4262	3904	3564	3227	2949	2738	2611	2690	2890	3222	3530	3753	3763	3717	3549	3314	3094	2862	2599	2456	2261	2135	
170	9078	60.0	60.0	32	1	1	2	985	1196	1758	2593	3498	4457	4919	4913	4856	4612	4286	3922	3586	3248	2959	2718	2665	2657	2878	3214	3540	3727	3773	3744	3543	3312	3118	2878	2596	2417	2271	2119	
170	9095	60.0	60.0	32	1	1	2	973	1177	1749	2580	3584	4413	4867	4889	4841	4600	4266	3929	3570	3164	2932	2731	2613	2660	2921	3205	3552	3737	3764	3727	3559	3327	3107	2867	2605	2400	2264	2104	
170	9113	59.9	60.0	32	1	1	2	941	1195	1739	2590	3544	4383	4856	4876	4798	4543	4279	3873	3584	3199	2902	2728	2602	2657	2867	3215	3504	3731	3761	3690	3548	3286	3071	2860	2589	2411	2261	2110	
170	9130	60.0	60.0	32	1	1	2	983	1168	1760	2545	3555	4376	4844	4887	4780	4580	4250	3896	3582	3203	2919	2730	2606	2655	2860	3174	3478	3729	3797	3714	3542	3315	3074	2849	2634	2419	2270	2109	
170	9147	59.9	60.0	32	1	1	2	970	1195	1724	2574	3573	4421	4817	4887	4819	4568	4202	3879	3511	3221	2875	2749	2614	2689	2900	3201	3509	3717	3730	3719	3581	3304	3094	2837	2603	2398	2230	2108	
170	9211	95.0	95.1	33	1	0	2	908	1015	1296	1700	2167	2598	2867	2953	2921	2909	2724	2550	2389	2229	2073	2027	2014	2111	2323	2582	2823	2985	3029	2994	2853	2728	2580	2374	2222	2082	1966	1868	
170	9292	60.0	60.1	33	1	1	2	940	1213	1714	2579	3569	4413	4897	4886	4821	4606	4258	3893	3588	3197	2917	2724	2630	2692	2892	3209	3531	3725	3778	3747	3529	3327	3098	2856	2613	2399	2281	2141	
170	9309	60.0	60.0	33	1	1	2	980	1205	1741	2594	3557	4407	4906	4959	4846	4585	4313	3887	3565	3216	2959	2792	2652	2694	2928	3213	3539	3807	3803	3733	3579	3337	3135	2857	2625	2458	2283	2150	
170	9326	60.0	60.0	33	1	1	2	955	1171	1741	2584	3585	4398	4857	4912	4843	4592	4245	3858	3540	3217	2933	2750	2594	2653	2877	3183	3537	3736	3771	3740	3548	3328	3110	2869	2581	2415	2287	2130	
170	9343	59.9	60.0	33	1	1	2	981	1183	1741	2570	3538	4379	4900	4900	4784	4610	4292	3874	3520	3200	2928	2709	2628	2661	2853	3192	3513	3721	3754	3690	3556	3292	3099	2832	2628	2407	2259	2128	
170	9361	59.9	60.0	33	1	1	2	973	1192	1743	2551	3525	4408	4881	4922	4779	4573	4254	3860	3544	3201	2949	2720	2608	2672	2874	3156	3562	3735	3769	3717	3534	3296	3118	2846	2635	2436	2252	2131	
170	9378	59.9	60.0	33	1	1	2	977	1162	1746	2587	3592	4443	4866	4933	4799	4582	4250	3894	3568	3212	2941	2727	2620	2684	2875	3190	3543	3766	3759	3699	3553	3317	3114	2844	2613	2414	2300	2122	
170	9395	60.0	60.0	33	1	1	2	975	1193	1762	2575	3579	4371	4902	4863	4827	4557	4265	3872	3571	3198	2932	2723	2617	2693	2884	3224	3503	3688	3727	3712	3563	3299	3095	2873	2598	2417	2262	2093	
170	9458	94.9	95.1	34	1	0	2	916	1001	1290	1680	2155	2585	2871	2936	2937	2860	2741	2567	2347	2217	2075	2000	2015	2113	2328	2578	2844	3019	2984	3021	2866	2705	2575	2402	2202	2080	1990	1862	
170	9538	60.0	60.1	34	1	1	2	970	1188	1767	2572	3577	4386	4873	4877	4804	4580	4284	3889	3524	3210	2938	2725	2629	2653	2862	3191	3511	3736	3751	3734	3545	3337	3138	2836	2611	2380	2293	2102	
170	9555	59.9	60.0	34	1	1	2	980	1196	1751	2594	3550	4418	4901	4893	4807	4575	4248	3911	3588	3214	2934	2727	2625	2677	2916	3200	3498	3740	3770	3725	3530	3310	3099	2843	2620	2415	2249	2101	
170	9572	59.9	60.0	34	1	1	2	995	1181	1763	2597	3574	4455	4904	4889	4832	4605	4270	3898	3539	3226	2949	2715	2615	2691	2896	3202	3561	3776	3753	3742	3531	3322	3126	2866	2605	2415	2246	2131	
170	9589	60.0	60.0	34	1	1	2	965	1195	1741	2584	3571	4357	4856	4906	4779	4564	4251	3881	3574	3208	2925	2726	2605	2686	2876	3195	3505	3735	3765	3687	3516	3325	3096	2858	2593	2444	2259	2107	
170	9607	60.0	60.0	34	1	1	2	976	1188	1757	2566	3557	4400	4908	4859	4785	4512	4284	3890	3532	3198	2918	2714	2606	2654	2870	3177	3522	3702	3740	3699	3526	3298	3084	2825	2622	2401	2258	2124	
170	9624	60.0	60.0	34	1	1	2	966	1181	1744	2556	3536	4383	4865	4886	4835	4557	4251	3882	3543	3193	2914	2738	2608	2658	2866	3169	3511	3760	3735	3720	3520	3307	3096	2851	2602	2386	2261	2105	
170	9641	60.0	60.0	34	1	1	2	973	1236	1738	2592	3570	4423	4858	4903	4802	4571	4246	3931	3562	3203	2976	2722	2613	2655	2874	3213	3510	3734	3755	3686	3537	3309	3101	2871	2630	2402	2283	2134	
170	9704	95.0	95.0	35	1	0	2	906	1019	1307	1689	2167	2625	2903	2951	2963	2862	2726	2584	2364	2212	2089	2026	2000	2123	2333	2596	2859	2994	3015	2972	2855	2721	2577	2392	2227	2100	1988	1865	
170	9784	60.0	60.1	35	1	1	2	977	1182	1758	2578	3602	4397	4873	4940	4833	4566	4266	3885	3546	3194	2926	2725	2606	2676	2864	3165	3512	3729	3767	3694	3551	3313	3088	2848	2605	2426	2256	2120	
170	9801	60.0	60.0	35	1	1	2	977	1165	1742	2564	3600	4402	4850	4865	4795	4567	4271	3901	3565	3192	2914	2738	2619	2678	2883	3191	3536	3739	3744	3705	3532	3311	3120	2854	2588	2409	2246	2131	
170	9818	59.9	60.0	35	1	1	2	983	1189	1776	2583	3610	4417	4929	4934	4879	4612	4296	3929	3596	3238	2949	2765	2635	2708	2941	3208	3565	3734	3785	3731	3571	3315	3129	2857	2624	2442	2269	2110	
170	9835	59.9	60.0	35	1	1	2	975	1183	1744	2573	3563	4413	4890	4926	4790	4573	4232	3850	3567	3208	2932	2724	2638	2669	2876	3216	3500	3732	3745	3729	3527	3299	3093	2860	2620	2414	2275	2105	
170	9853	59.9	60.0	35	1	1	2	983	1184	1756	2607	3574	4354	4915	4880	4791	4583	4234	3905	3587	3226	2938	2742	2584	2692	2861	3176	3507	3745	3769	3707	3565	3291	3111	2864	2609	2397	2269	2129	
170	9870	59.9	60.0	35	1	1	2	968	1187	1735	2573	3573	4403	4885	4873	4795	4580	4248	3911	3563	3182	2908	2729	2613	2665	2882	3208	3512	3721	3771	3728	3522	3291	3093	2830	2619	2424	2277	2131	
170	9887	59.9	60.0	35	1	1	2	961	1179	1749	2573	3560	4380	4879	4865	4790	4539	4220	3846	3549	3200	2955	2737	2568	2681	2875	3180	3534	3667	3748	3688	3498	3307	3106	2827	2588	2419	2246	2101	
170	9950	94.9	95.1	36	1	0	2	913	1021	1296	1673	2161	2650	2883	2988	2950	2875	2747	2558	2393	2244	2075	2025	2020	2169	2319	2600	2817	3032	3045	2972	2876	2723	2591	2408	2224	2101	1997	1860	
170	10030	60.0	60.0	36	1	1	2	970	1184	1753	2586	3611	4388	4896	4901	4840	4606	4260	3886	3546	3231	2943	2717	2624	2685	2858	3162	3514	3732	3763	3720	3523	3332	3073	2839	2624	2441	2266	2106	
170	10047	59.9	60.0	36	1	1	2	970	1196	1754	2604	3556	4392	4860	4906	4880	4576	4251	3886	3542	3224	2964	2759	2596	2685	2904	3227	3530	3756	3760	3699	3536	3333	3087	2872	2629	2427	2242	2132	
170	10064	59.9	60.0	36	1	1	2	981	1184	1748	2612	3596	4423	4937	4935	4831	4582	4310	3877	3561	3258	2971	2752	2616	2671	2914	3194	3523	3737	3787	3745	3584	3333	3129	2859	2617	2449	2264	2124	
170	10082	59.9	60.0	36	1	1	2	980	1181	1744	2615	3590	4427	4909	4909	4854	4597	4202	3891	3578	3224	2934	2729	2633	2659	2902	3205	3511	3732	3766	3726	3567	3328	3112	2867	2633	2420	2264	2125	
170	10099	60.0	60.0	36	1	1	2	977	1189	1778	2585	3597	4428	4872	4954	4833	4594	4285	3901	3524	3217	2950	2714	2640	2700	2885	3180	3531	3743	3762	3730	3551	3317	3130	2845	2613	2396	2266	2120	
170	10116	60.0	60.0	36	1	1	2	975	1188	1753	2564	3577	4382	4897	4914	4787	4584	4276	3882	3540	3210	2908	2724	2600	2663	2888	3170	3521	3735	3742	3657	3527	3304	3105	2853	2601	2407	2245	2132	
170	10133	60.0	60.0	36	1	1	2	964	1226	1733	2587	3556	4367	4901	4891	4823	4599	4281	3906	3569	3226	2945	2714	2602	2696	2879	3182	3537	3724	3767	3687	3553	3349	3081	2845	2601	2430	2257	2114	
170	10196	94.9	95.1	37	1	0	2	911	1016	1305	1674	2182	2636	2932	2920	2956	2881	2750	2547	2380	2214	2097	2022	2013	2118	2341	2581	2844	3010	3037	2974	2860	2721	2589	2415	2223	2100	1983	1853	
170	10276	60.0	60.0	37	1	1	2	975	1199	1741	2589	3599	4400	4856	4901	4773	4557	4271	3911	3534	3210	2929	2731	2596	2651	2872	3190	3511	3764	3739	3743	3507	3303	3110	2866	2616	2423	2276	2148	
170	10293	59.9	60.0	37	1	1	2	1008	1187	1752	2560	3564	4416	4855	4900	4750	4565	4234	3886	3548	3199	2938	2710	2603	2678	2864	3190	3525	3735	3726	3685	3538	3295	3100	2841	2648	2409	2275	2115	
170	10311	60.0	60.0	37	1	1	2	968	1196	1743	2582	3571	4412	4904	4925	4800	4607	4260	3894	3567	3223	2960	2740	2607	2686	2896	3197	3524	3768	3794	3752	3572	3328	3121	2864	2627	2468	2281	2141	
170	10328	60.0	60.0	37	1	1	2	968	1198	1752	2577	3558	4421	4885	4897	4820	4577	4264	3893	3547	3240	2917	2738	2600	2682	2889	3191	3532	3742	3769	3690	3534	3325	3098	2856	2608	2401	2234	2127	
170	10345	60.0	60.0	37	1	1	2	979	1191	1762	2575	3574	4452	4872	4881	4767	4574	4297	3952	3541	3202	2943	2722	2618	2681	2913	3218	3536	3744	3760	3732	3546	3321	3085	2840	2627	2410	2295	2111	
170	10362	60.0	60.0	37	1	1	2	977	1193	1745	2592	3600	4393	4886	4869	4781	4602	4294	3894	3565	3201	2944	2737	2614	2701	2890	3188	3524	3763	3774	3707	3520	3302	3103	2864	2612	2472	2261	2144	
170	10380	59.9	60.0	37	1	1	2	970	1195	1754	2602	3565	4410	4898	4952	4819	4587	4285	3907	3569	3213	2921	2724	2609	2667	2869	3176	3474	3704	3756	3733	3543	3320	3115	2848	2605	2414	2286	2113	
170	10442	94.9	95.1	38	1	0	2	912	1012	1285	1688	2177	2611	2885	2923	2960	2874	2760	2548	2382	2187	2111	1987	2021	2118	2344	2584	2834	2983	3038	2978	2859	2722	2571	2401	2223	2092	1973	1867	
170	10522	60.0	60.1	38	1	1	2	964	1188	1769	2598	3598	4472	4907	4907	4870	4607	4256	3917	3573	3217	2952	2733	2616	2707	2888	3203	3554	3756	3744	3734	3583	3337	3146	2855	2611	2423	2272	2130	
170	10539	59.9	60.0	38	1	1	2	962	1181	1766	2624	3597	4424	4923	4923	4818	4596	4296	3910	3538	3213	2975	2751	2633	2694	2906	3226	3532	3752	3820	3719	3546	3357	3156	2862	2589	2442	2257	2130	
170	10557	60.0	60.0	38	1	1	2	962	1182	1799	2574	3590	4434	4910	4936	4860	4554	4291	3901	3596	3238	2934	2733	2628	2680	2868	3202	3530	3743	3802	3698	3570	3334	3097	2861	2634	2423	2252	2128	
170	10574	59.9	60.0	38	1	1	2	979	1196	1739	2581	3586	4405	4904	4905	4828	4574	4266	3879	3550	3194	2917	2728	2642	2676	2889	3205	3498	3757	3751	3701	3552	3300	3058	2830	2610	2408	2264	2126	
170	10591	59.9	60.0	38	1	1	2	972	1204	1742	2559	3597	4414	4904	4888	4843	4596	4279	3881	3536	3202	2952	2739	2662	2699	2902	3178	3537	3707	3744	3685	3489	3298	3133	2850	2638	2374	2244	2108	
170	10608	60.0	60.0	38	1	1	2	970	1196	1751	2572	3572	4402	4876	4908	4792	4604	4277	3918	3552	3184	2930	2708	2617	2647	2897	3179	3527	3739	3761	3712	3530	3311	3114	2862	2592	2369	2279	2144	
170	10626	59.9	60.0	38	1	1	2	952	1181	1761	2605	3560	4393	4893	4884	4767	4565	4249	3876	3577	3203	2913	2732	2635	2680	2896	3164	3488	3726	3730	3692	3537	3323	3098	2868	2595	2384	2263	2124	
170	10690	94.8	95.0	39	1	0	2	912	994	1285	1695	2200	2585	2876	2935	2937	2843	2726	2557	2386	2218	2095	2017	2013	2121	2325	2562	2845	2971	2975	2964	2848	2700	2561	2410	2201	2085	1967	1899	
170	10768	60.0	60.1	39	1	1	2	973	1198	1751	2576	3580	4432	4942	4927	4872	4598	4316	3925	3567	3244	2927	2709	2644	2715	2888	3206	3552	3753	3798	3741	3556	3346	3094	2869	2637	2432	2290	2114	
170	10785	59.9	60.0	39	1	1	2	973	1178	1735	2568	3554	4393	4910	4885	4832	4573	4247	3920	3564	3257	2924	2706	2641	2662	2874	3227	3545	3726	3733	3720	3535	3294	3118	2830	2600	2400	2264	2128	
170	10803	60.0	60.0	39	1	1	2	969	1197	1737	2598	3562	4420	4878	4884	4771	4581	4245	3894	3543	3211	2910	2747	2600	2678	2890	3163	3516	3745	3755	3709	3529	3296	3128	2829	2631	2427	2263	2125	
170	10820	60.0	60.0	39	1	1	2	971	1188	1743	2561	3544	4373	4858	4882	4812	4561	4267	3847	3551	3218	2890	2689	2625	2653	2907	3174	3500	3707	3709	3715	3518	3304	3088	2851	2611	2407	2255	2081	
170	10837	59.9	60.0	39	1	1	2	956	1167	1768	2588	3578	4399	4895	4926	4820	4556	4339	3894	3544	3219	2950	2714	2627	2697	2879	3185	3536	3771	3743	3697	3558	3319	3105	2880	2606	2419	2237	2136	
170	10854	59.9	60.0	39	1	1	2	970	1184	1778	2555	3591	4390	4827	4874	4744	4577	4258	3870	3574	3200	2923	2734	2609	2656	2877	3188	3495	3711	3786	3680	3533	3310	3090	2843	2604	2408	2249	2120	
170	10872	60.0	60.0	39	1	1	2	967	1208	1756	2564	3521	4417	4882	4912	4776	4554	4270	3849	3546	3208	2937	2716	2599	2648	2897	3168	3481	3732	3745	3676	3545	3307	3073	2854	2594	2415	2246	2114	
170	10936	94.9	95.0	40	1	0	2	920	1017	1298	1708	2191	2608	2878	2979	2940	2865	2741	2552	2400	2230	2094	2011	2012	2120	2350	2601	2827	2996	2987	2944	2852	2696	2576	2382	2218	2073	1984	1861	
170	11016	60.0	60.1	40	1	1	2	970	1197	1741	2555	3598	4417	4922	4889	4753	4523	4260	3867	3534	3195	2947	2725	2630	2691	2835	3214	3522	3719	3757	3705	3552	3327	3108	2857	2629	2417	2251	2103	
170	11034	59.9	60.0	40	1	1	2	990	1199	1748	2584	3615	4374	4874	4963	4809	4599	4288	3932	3543	3211	2975	2737	2613	2668	2897	3202	3511	3780	3756	3718	3540	3332	3131	2860	2614	2402	2289	2139	
170	11051	60.0	60.0	40	1	1	2	993	1187	1753	2596	3563	4406	4885	4878	4790	4590	4242	3909	3553	3223	2925	2688	2583	2643	2852	3186	3516	3767	3759	3714	3508	3292	3065	2852	2628	2423	2274	2119	
170	11068	60.0	60.0	40	1	1	2	962	1182	1734	2565	3550	4413	4860	4882	4817	4567	4293	3887	3547	3202	2937	2741	2630	2676	2890	3184	3512	3720	3737	3698	3530	3300	3092	2832	2600	2430	2280	2092	
170	11085	60.0	60.0	40	1	1	2	978	1183	1755	2597	3545	4388	4920	4899	4815	4607	4261	3880	3566	3149	2912	2728	2590	2664	2863	3152	3536	3711	3760	3701	3533	3300	3085	2840	2623	2417	2255	2106	
170	11103	60.0	60.0	40	1	1	2	971	1184	1741	2607	3555	4372	4883	4906	4832	4590	4280	3880	3553	3190	2937	2715	2605	2664	2868	3206	3515	3744	3757	3737	3551	3306	3099	2848	2603	2404	2247	2114	
170	11120	60.0	60.0	40	1	1	2	966	1203	1741	2559	3562	4376	4880	4924	4801	4594	4267	3894	3552	3206	2923	2729	2587	2656	2915	3173	3508	3729	3767	3707	3529	3315	3120	2855	2592	2421	2263	2131	
