Well	Time (1/2 s)	Block Temp	Sample Temp	Repetition	PCR Stage	Extension	Scale	B1	B2	B3	B4	B5	B6	B7	B8	B9	B10	B11	B12	B13	B14	B15	B16	B17	B18	B19	B20	B21	B22	B23	B24	B25	B26	B27	B28	B29	B30	B31	B32
83	104	95.3	95.0	1	0	0	2	964	1087	1392	1845	2392	2843	3146	3263	3211	3126	2989	2827	2583	2385	2294	2171	2154	2341	2503	2806	3115	3243	3322	3246	3108	2998	2790	2582	2464	2297	2173	2038	
83	121	95.0	95.0	1	0	0	2	931	1057	1394	1846	2345	2852	3110	3227	3237	3149	2961	2765	2615	2397	2270	2189	2199	2316	2535	2796	3093	3234	3307	3296	3160	2989	2815	2590	2451	2297	2165	2024	
83	138	95.0	95.0	1	0	0	2	939	1080	1396	1816	2375	2848	3112	3222	3218	3088	2947	2785	2598	2433	2274	2209	2201	2318	2531	2800	3110	3270	3337	3273	3149	2997	2813	2614	2427	2277	2183	2033	
83	155	94.9	95.0	1	0	0	2	937	1076	1392	1844	2371	2837	3099	3219	3208	3120	2944	2782	2582	2398	2270	2191	2185	2297	2512	2796	3102	3227	3310	3266	3114	2989	2807	2593	2460	2308	2172	2025	
83	173	95.0	95.0	1	0	0	2	939	1085	1389	1846	2348	2819	3123	3238	3245	3128	2969	2773	2580	2392	2243	2184	2193	2266	2533	2773	3076	3238	3322	3274	3162	2969	2802	2620	2439	2301	2170	2024	
83	190	95.0	95.0	1	0	0	2	935	1062	1393	1819	2353	2837	3084	3211	3231	3110	2931	2761	2581	2389	2253	2171	2212	2287	2507	2793	3114	3232	3319	3248	3143	3006	2751	2637	2443	2249	2169	2011	
83	207	94.9	95.0	1	0	0	2	940	1069	1372	1833	2379	2836	3100	3197	3205	3127	2982	2762	2570	2393	2269	2158	2198	2286	2530	2799	3106	3223	3297	3254	3119	3004	2785	2627	2470	2288	2178	2047	
83	224	95.0	95.0	1	0	0	2	910	1068	1388	1820	2367	2828	3137	3220	3211	3165	2976	2808	2595	2406	2264	2194	2194	2308	2524	2797	3116	3246	3309	3248	3158	2980	2818	2626	2475	2258	2171	2036	
83	242	95.0	95.0	1	0	0	2	943	1091	1406	1845	2371	2832	3114	3218	3228	3125	2936	2797	2568	2409	2257	2175	2204	2298	2507	2791	3099	3267	3312	3250	3160	2989	2792	2618	2452	2275	2173	2022	
83	259	94.9	95.0	1	0	0	2	936	1077	1387	1830	2384	2825	3120	3215	3232	3130	2965	2800	2583	2403	2288	2175	2190	2291	2491	2822	3091	3228	3342	3274	3144	3022	2790	2635	2462	2258	2160	2030	
83	276	94.9	95.0	1	0	0	2	941	1075	1385	1829	2350	2843	3105	3218	3253	3137	2964	2780	2592	2443	2275	2187	2201	2308	2519	2805	3108	3244	3306	3292	3152	2989	2825	2619	2445	2277	2138	2021	
83	293	94.9	95.0	1	0	0	2	940	1073	1383	1803	2376	2858	3109	3237	3238	3131	2945	2771	2577	2435	2258	2191	2185	2293	2510	2818	3121	3231	3335	3291	3151	3015	2820	2629	2445	2294	2156	2020	
83	311	95.0	95.0	1	0	0	2	940	1073	1400	1869	2364	2876	3119	3243	3232	3134	2959	2790	2584	2438	2268	2189	2203	2309	2539	2780	3144	3247	3318	3288	3147	3047	2821	2620	2475	2278	2172	2021	
83	328	95.0	95.0	1	0	0	2	943	1068	1394	1839	2362	2809	3137	3224	3232	3124	2969	2788	2564	2407	2253	2197	2202	2285	2499	2808	3088	3249	3324	3271	3148	3006	2792	2631	2425	2303	2188	2016	
83	345	95.0	95.0	1	0	0	2	954	1079	1386	1821	2374	2856	3133	3245	3226	3113	2974	2813	2592	2402	2251	2210	2196	2304	2532	2803	3083	3225	3337	3295	3176	3014	2814	2616	2431	2288	2143	2046	
83	362	95.0	95.0	1	0	0	2	947	1086	1404	1814	2393	2847	3136	3232	3239	3157	2979	2815	2580	2389	2267	2195	2210	2297	2527	2795	3118	3224	3364	3281	3137	3016	2780	2592	2474	2302	2186	2027	
83	380	95.0	95.0	1	0	0	2	940	1083	1368	1818	2389	2840	3124	3234	3220	3155	2976	2810	2596	2408	2252	2162	2197	2277	2537	2769	3088	3251	3300	3243	3139	2960	2769	2607	2439	2297	2158	2022	
83	397	95.0	95.0	1	0	0	2	931	1060	1384	1840	2359	2812	3144	3259	3241	3159	2969	2765	2572	2428	2259	2190	2193	2309	2509	2783	3108	3255	3289	3256	3148	3018	2814	2607	2454	2286	2179	2025	
83	414	95.0	95.0	1	0	0	2	947	1070	1383	1824	2367	2864	3144	3220	3216	3131	2950	2774	2585	2391	2274	2208	2189	2262	2505	2806	3080	3219	3330	3264	3144	2990	2785	2617	2461	2265	2161	2015	
83	431	94.9	95.0	1	0	0	2	934	1080	1376	1818	2378	2833	3108	3204	3238	3144	2936	2806	2595	2449	2253	2191	2210	2275	2510	2805	3107	3229	3302	3284	3129	3002	2773	2616	2462	2268	2150	2031	
83	449	95.0	95.0	1	0	0	2	944	1095	1375	1837	2388	2850	3117	3244	3227	3157	2968	2803	2629	2414	2280	2186	2207	2280	2513	2837	3121	3221	3337	3242	3147	3005	2802	2609	2464	2283	2174	2017	
83	466	94.9	95.0	1	0	0	2	935	1079	1376	1868	2362	2863	3111	3208	3220	3137	2979	2805	2606	2444	2280	2192	2203	2291	2519	2835	3121	3236	3342	3275	3165	3000	2804	2614	2460	2280	2173	2025	
83	483	94.9	95.0	1	0	0	2	938	1064	1376	1839	2354	2857	3122	3233	3232	3152	2965	2782	2620	2416	2295	2197	2181	2282	2518	2825	3092	3267	3301	3255	3134	3012	2796	2618	2470	2290	2177	2031	
83	500	95.0	95.0	1	0	0	2	952	1072	1374	1853	2387	2836	3129	3218	3245	3134	2979	2756	2616	2388	2255	2210	2186	2311	2498	2820	3101	3205	3345	3311	3162	3021	2772	2619	2451	2290	2170	2029	
83	518	95.0	95.0	1	0	0	2	934	1092	1362	1824	2388	2860	3116	3229	3246	3160	2985	2786	2581	2424	2271	2200	2180	2289	2502	2812	3106	3235	3318	3248	3154	3005	2808	2613	2453	2292	2173	2030	
83	535	95.0	95.0	1	0	0	2	943	1069	1386	1840	2381	2858	3105	3224	3240	3155	2978	2805	2605	2450	2322	2178	2178	2280	2496	2813	3111	3232	3292	3291	3136	3010	2811	2639	2462	2292	2170	2031	
83	552	94.9	95.0	1	0	0	2	938	1088	1356	1833	2377	2896	3153	3245	3266	3169	2980	2808	2594	2426	2266	2185	2211	2309	2510	2798	3117	3245	3325	3284	3126	2966	2800	2639	2459	2284	2150	2031	
83	569	95.0	95.0	1	0	0	2	887	1082	1391	1837	2378	2879	3107	3261	3225	3131	2957	2847	2615	2428	2285	2206	2194	2296	2511	2831	3125	3243	3312	3283	3126	3006	2806	2649	2456	2305	2182	2023	
83	587	94.9	95.0	1	0	0	2	940	1079	1359	1843	2333	2856	3122	3270	3258	3150	2995	2776	2590	2426	2266	2203	2200	2269	2510	2787	3067	3250	3332	3294	3133	3020	2789	2612	2481	2293	2173	2040	
83	604	95.0	95.0	1	0	0	2	930	1080	1397	1844	2386	2842	3126	3237	3248	3130	2973	2803	2593	2437	2276	2181	2200	2320	2532	2815	3129	3242	3344	3289	3134	2995	2806	2641	2451	2276	2176	2019	
83	621	95.0	95.0	1	0	0	2	941	1070	1407	1837	2364	2865	3126	3254	3261	3118	2992	2788	2596	2418	2276	2187	2230	2294	2545	2801	3093	3237	3347	3285	3129	3008	2830	2625	2461	2282	2179	2053	
83	638	95.0	95.0	1	0	0	2	950	1071	1376	1842	2362	2869	3147	3274	3264	3153	2981	2800	2604	2435	2286	2202	2197	2275	2545	2769	3112	3250	3340	3258	3154	3042	2830	2617	2462	2284	2177	2030	
83	656	94.9	95.0	1	0	0	2	938	1085	1374	1829	2379	2848	3136	3236	3219	3148	2987	2828	2624	2412	2257	2189	2183	2322	2532	2791	3092	3280	3310	3293	3163	3033	2806	2630	2467	2290	2148	2028	
83	673	95.0	95.0	1	0	0	2	937	1078	1393	1852	2378	2851	3127	3258	3242	3129	2969	2790	2600	2430	2300	2176	2201	2294	2505	2828	3099	3230	3317	3287	3139	3019	2815	2626	2434	2273	2150	2017	
83	690	95.0	95.0	1	0	0	2	932	1143	1438	1866	2384	2884	3181	3299	3265	3163	3022	2816	2618	2441	2283	2194	2239	2306	2506	2856	3140	3256	3329	3293	3185	3025	2836	2640	2465	2293	2183	2033	
83	707	95.0	95.0	1	0	0	2	940	1148	1478	1856	2417	2853	3208	3268	3280	3226	2990	2824	2634	2460	2316	2196	2219	2325	2557	2850	3110	3305	3344	3306	3207	3038	2843	2651	2509	2318	2207	2048	
83	725	94.9	95.0	1	0	0	2	946	1138	1467	1843	2418	2873	3183	3259	3329	3176	3010	2832	2639	2465	2285	2204	2191	2295	2509	2840	3088	3247	3332	3299	3192	3035	2789	2647	2472	2310	2185	2033	
83	742	95.0	95.0	1	0	0	2	954	1129	1479	1862	2410	2880	3156	3262	3241	3173	3000	2821	2619	2445	2289	2185	2207	2280	2540	2839	3136	3256	3353	3317	3200	3043	2780	2633	2436	2309	2183	2048	
83	759	95.0	95.0	1	0	0	2	962	1140	1481	1883	2382	2885	3163	3273	3265	3164	3016	2834	2628	2442	2294	2209	2222	2322	2540	2840	3096	3270	3379	3313	3154	3059	2870	2637	2466	2289	2159	2038	
83	776	95.0	95.0	1	0	0	2	943	1135	1474	1868	2410	2854	3170	3272	3301	3156	3019	2821	2614	2446	2313	2185	2204	2317	2552	2810	3143	3284	3332	3284	3164	3048	2816	2650	2459	2318	2176	2054	
83	794	95.0	95.0	1	0	0	2	954	1144	1491	1840	2405	2890	3144	3248	3282	3151	3009	2803	2629	2441	2286	2197	2208	2327	2517	2840	3130	3236	3376	3320	3173	3022	2799	2704	2484	2278	2179	2023	
83	811	94.9	95.0	1	0	0	2	940	1136	1480	1845	2419	2913	3137	3293	3264	3207	2993	2819	2630	2431	2311	2206	2223	2321	2543	2828	3127	3265	3380	3312	3208	3046	2811	2614	2482	2309	2163	2047	
83	828	95.0	95.0	1	0	0	2	943	1125	1472	1854	2414	2894	3151	3242	3250	3172	2999	2815	2604	2443	2279	2209	2193	2328	2536	2788	3119	3261	3349	3279	3160	3026	2832	2610	2472	2312	2212	2044	
83	845	94.9	95.0	1	0	0	2	944	1125	1486	1870	2380	2887	3166	3274	3275	3183	3026	2860	2616	2465	2285	2221	2238	2340	2550	2829	3158	3250	3362	3306	3188	3040	2812	2655	2480	2292	2210	2000	
83	863	95.0	95.0	1	0	0	2	956	1135	1468	1848	2386	2877	3159	3243	3263	3144	3027	2833	2603	2440	2298	2215	2200	2316	2516	2846	3127	3310	3361	3303	3180	3038	2835	2628	2490	2341	2189	2032	
83	880	95.0	95.0	1	0	0	2	957	1128	1498	1851	2395	2874	3153	3297	3312	3191	2991	2849	2628	2437	2280	2211	2194	2303	2535	2851	3117	3254	3365	3284	3180	2998	2838	2625	2472	2287	2216	2039	
83	897	95.0	95.0	1	0	0	2	942	1132	1485	1838	2419	2884	3165	3303	3301	3179	3049	2856	2634	2442	2314	2210	2212	2296	2540	2802	3122	3240	3364	3300	3179	3037	2811	2634	2496	2302	2192	2052	
83	914	95.0	95.0	1	0	0	2	939	1130	1496	1840	2397	2875	3177	3294	3257	3187	3025	2827	2657	2434	2291	2226	2195	2349	2517	2837	3168	3279	3347	3330	3193	3046	2815	2651	2478	2337	2161	2049	
83	932	94.9	95.0	1	0	0	2	948	1139	1477	1866	2404	2879	3196	3280	3275	3178	2980	2860	2658	2439	2317	2211	2199	2342	2549	2843	3169	3269	3365	3311	3225	3036	2824	2645	2471	2309	2186	2049	
83	949	95.0	95.0	1	0	0	2	946	1152	1470	1872	2399	2880	3170	3275	3280	3184	3013	2830	2636	2469	2301	2210	2225	2311	2569	2829	3120	3277	3397	3313	3199	3044	2821	2661	2479	2305	2180	2078	
83	966	95.0	95.0	1	0	0	2	936	1150	1477	1862	2406	2861	3144	3273	3302	3184	2983	2826	2599	2445	2287	2216	2229	2319	2549	2816	3132	3237	3370	3299	3164	3057	2824	2633	2501	2296	2193	2030	
83	983	95.0	95.0	1	0	0	2	940	1138	1487	1854	2396	2912	3173	3264	3288	3210	3041	2850	2636	2430	2304	2220	2200	2363	2553	2833	3157	3292	3393	3329	3205	3058	2855	2651	2477	2319	2181	2070	
83	1001	95.0	95.0	1	0	0	2	956	1159	1459	1877	2402	2884	3192	3271	3294	3206	3021	2837	2630	2454	2308	2210	2212	2338	2523	2838	3130	3285	3358	3323	3173	3079	2812	2603	2476	2330	2206	2031	
83	1018	94.9	95.0	1	0	0	2	945	1136	1478	1848	2419	2867	3172	3273	3296	3204	3006	2827	2637	2433	2316	2204	2225	2310	2512	2842	3119	3246	3386	3305	3194	3044	2833	2619	2501	2292	2164	2063	
83	1035	95.0	95.0	1	0	0	2	939	1127	1488	1864	2429	2883	3203	3282	3293	3183	3018	2829	2637	2440	2296	2198	2208	2339	2547	2824	3135	3222	3366	3337	3207	3023	2821	2651	2469	2305	2190	2047	
83	1052	95.0	95.0	1	0	0	2	934	1129	1479	1866	2413	2872	3180	3310	3320	3205	3021	2863	2642	2457	2312	2227	2233	2319	2546	2836	3139	3268	3342	3270	3166	3038	2836	2639	2462	2322	2204	2038	
83	1070	95.0	95.0	1	0	0	2	934	1136	1509	1841	2403	2897	3145	3287	3310	3187	3018	2854	2631	2460	2315	2205	2200	2335	2553	2866	3162	3271	3369	3280	3198	3006	2833	2672	2508	2320	2184	2054	
83	1087	95.0	95.0	1	0	0	2	934	1127	1497	1858	2400	2873	3179	3274	3293	3183	3011	2834	2634	2438	2314	2228	2207	2315	2534	2810	3145	3281	3368	3304	3151	3033	2839	2645	2452	2301	2192	2048	
83	1104	95.0	95.0	1	0	0	2	937	1137	1494	1842	2389	2860	3183	3279	3286	3204	3028	2811	2641	2479	2289	2193	2242	2333	2556	2832	3147	3271	3353	3296	3183	3080	2834	2639	2466	2305	2177	2035	
83	1121	94.9	95.0	1	0	0	2	939	1120	1490	1872	2382	2875	3134	3272	3270	3190	3022	2846	2621	2466	2315	2214	2244	2325	2533	2816	3138	3274	3364	3297	3177	3012	2844	2618	2474	2295	2192	2043	
83	1139	95.0	95.0	1	0	0	2	945	1133	1491	1880	2398	2889	3172	3318	3312	3219	3050	2851	2650	2446	2338	2225	2223	2352	2519	2819	3153	3261	3358	3327	3200	3054	2812	2633	2465	2323	2207	2053	
83	1156	95.0	95.0	1	0	0	2	952	1135	1472	1854	2404	2888	3194	3283	3270	3211	3019	2862	2645	2475	2316	2220	2216	2336	2538	2821	3148	3286	3396	3308	3187	3027	2834	2669	2481	2322	2190	2043	
83	1173	95.0	95.0	1	0	0	2	947	1153	1503	1904	2389	2897	3171	3293	3319	3224	3016	2847	2632	2451	2309	2215	2227	2347	2533	2856	3158	3291	3365	3346	3204	3004	2833	2645	2464	2306	2186	2071	
83	1190	94.9	95.0	1	0	0	2	942	1132	1489	1850	2413	2927	3206	3292	3312	3203	3012	2872	2641	2457	2310	2228	2238	2352	2550	2838	3135	3298	3381	3339	3193	3060	2824	2615	2503	2308	2192	2016	
83	1208	94.9	95.0	1	0	0	2	934	1132	1476	1857	2436	2918	3185	3292	3318	3199	3026	2823	2613	2467	2285	2242	2223	2315	2527	2854	3130	3290	3343	3330	3172	3071	2854	2630	2461	2301	2192	2054	
83	1225	95.0	95.0	1	0	0	2	949	1121	1511	1880	2421	2882	3179	3278	3304	3185	3076	2835	2643	2456	2306	2207	2214	2325	2556	2859	3130	3286	3365	3323	3209	3039	2844	2666	2498	2321	2185	2044	
83	1242	95.0	95.0	1	0	0	2	939	1142	1488	1891	2397	2881	3180	3318	3301	3189	3042	2865	2642	2482	2297	2230	2224	2303	2551	2851	3149	3279	3340	3317	3180	3041	2845	2633	2492	2302	2203	2048	
83	1259	95.0	95.0	1	0	0	2	946	1132	1502	1876	2425	2889	3181	3285	3291	3198	3013	2848	2651	2453	2311	2228	2229	2329	2527	2823	3139	3280	3360	3298	3140	3018	2819	2650	2496	2331	2185	2019	
83	1277	94.9	95.0	1	0	0	2	926	1140	1520	1846	2415	2882	3171	3289	3254	3197	2986	2883	2627	2475	2305	2229	2207	2309	2561	2820	3103	3266	3368	3278	3196	3036	2813	2620	2482	2285	2195	2053	
83	1294	95.0	95.0	1	0	0	2	946	1131	1490	1872	2435	2923	3223	3292	3284	3178	3007	2856	2611	2450	2324	2238	2209	2338	2574	2844	3118	3248	3361	3273	3203	3028	2821	2641	2483	2319	2180	2059	
83	1323	94.9	95.0	1	1	0	2	938	1147	1479	1878	2417	2876	3199	3301	3288	3220	2998	2811	2636	2439	2329	2228	2217	2302	2564	2834	3151	3272	3337	3294	3179	3044	2818	2631	2505	2300	2202	2034	
83	1386	59.7	60.2	1	1	1	2	1026	1310	1972	2891	4018	4997	5449	5554	5434	5164	4779	4425	3983	3634	3277	3066	2950	2961	3155	3484	3898	4074	4224	4113	3911	3725	3413	3165	2897	2655	2518	2334	
83	1404	59.9	60.0	1	1	1	2	1038	1301	1969	2933	4054	4972	5500	5615	5478	5203	4786	4393	3988	3635	3317	3051	2906	2978	3153	3500	3869	4061	4195	4127	3904	3687	3420	3110	2916	2661	2480	2361	
83	1421	59.9	60.0	1	1	1	2	1025	1312	1969	2914	4051	4939	5467	5527	5458	5177	4800	4403	3964	3633	3293	3035	2925	2950	3155	3478	3878	4056	4123	4077	3864	3681	3376	3114	2876	2674	2461	2308	
83	1438	59.9	60.0	1	1	1	2	1037	1316	1965	2887	4023	4938	5435	5538	5418	5133	4728	4370	3967	3567	3257	3039	2908	2929	3135	3482	3861	4028	4141	4073	3905	3670	3389	3116	2884	2624	2465	2294	
83	1455	60.0	60.0	1	1	1	2	1053	1304	1962	2905	3998	4966	5399	5495	5379	5096	4746	4398	3964	3583	3247	3009	2898	2924	3114	3446	3833	3986	4088	4045	3847	3670	3312	3092	2839	2631	2465	2276	
83	1473	60.0	60.0	1	1	1	2	1023	1298	1960	2870	4002	4903	5391	5532	5422	5088	4717	4368	3956	3586	3234	3029	2909	2907	3105	3481	3847	4038	4128	4050	3880	3653	3380	3067	2845	2617	2450	2286	
83	1490	59.9	60.0	1	1	1	2	1034	1301	1960	2883	4013	4897	5350	5551	5425	5093	4744	4349	3963	3579	3240	2985	2901	2943	3105	3476	3834	3980	4104	4051	3885	3632	3384	3100	2854	2637	2472	2306	
83	1552	95.4	94.9	2	1	0	2	933	1140	1448	1868	2405	2888	3177	3269	3278	3151	3011	2841	2630	2444	2319	2195	2197	2298	2522	2818	3090	3226	3338	3245	3152	2997	2809	2602	2442	2282	2179	2043	
83	1570	95.0	95.0	2	1	0	2	943	1163	1437	1834	2383	2867	3148	3254	3255	3150	2967	2793	2587	2472	2273	2163	2226	2318	2514	2784	3097	3239	3321	3254	3122	2989	2810	2552	2425	2255	2150	2036	
83	1631	59.7	60.3	2	1	1	2	1015	1303	1937	2861	3966	4908	5347	5452	5365	5021	4691	4309	3892	3547	3215	2991	2871	2916	3073	3448	3766	4041	4121	4027	3838	3642	3348	3086	2867	2643	2475	2293	
83	1648	60.0	60.0	2	1	1	2	1034	1299	1942	2891	3960	4926	5326	5467	5320	5075	4694	4271	3906	3503	3187	3008	2863	2900	3126	3437	3807	3992	4077	4058	3868	3608	3362	3092	2866	2655	2470	2294	
83	1665	60.0	60.0	2	1	1	2	1021	1293	1952	2884	3987	4894	5342	5443	5327	5044	4652	4300	3916	3549	3216	2999	2855	2905	3112	3444	3803	3991	4122	4010	3831	3599	3345	3075	2821	2627	2461	2250	
83	1682	60.0	60.0	2	1	1	2	1033	1278	1934	2850	3933	4855	5249	5411	5263	5022	4651	4284	3880	3534	3198	2965	2859	2894	3089	3426	3818	4012	4074	4014	3810	3598	3334	3050	2839	2612	2430	2261	
83	1700	59.9	60.0	2	1	1	2	1033	1300	1951	2814	3915	4835	5313	5426	5328	5036	4638	4277	3882	3528	3183	2953	2865	2857	3073	3446	3775	3936	4038	3968	3820	3621	3329	3061	2836	2610	2454	2285	
83	1717	60.0	60.0	2	1	1	2	1037	1314	1930	2841	3953	4826	5315	5409	5336	5011	4640	4309	3869	3522	3211	2955	2875	2874	3096	3439	3777	3928	4059	3967	3843	3629	3309	3052	2832	2600	2445	2292	
83	1734	60.0	60.0	2	1	1	2	1023	1291	1935	2848	3915	4768	5288	5401	5260	4972	4661	4280	3867	3499	3185	2968	2819	2877	3044	3424	3779	3944	4018	3969	3819	3582	3297	3062	2796	2597	2442	2291	
83	1797	95.2	95.0	3	1	0	2	953	1166	1407	1847	2365	2879	3161	3272	3273	3146	2973	2806	2622	2441	2285	2136	2209	2295	2511	2770	3066	3209	3309	3272	3147	3018	2760	2583	2435	2250	2170	2019	
83	1814	95.0	95.0	3	1	0	2	942	1169	1423	1825	2361	2838	3150	3241	3238	3129	2958	2789	2600	2408	2268	2162	2187	2296	2499	2794	3092	3229	3307	3258	3110	2954	2779	2567	2443	2296	2147	2008	
83	1875	59.7	60.3	3	1	1	2	1017	1298	1973	2878	3963	4884	5376	5461	5374	5050	4694	4344	3949	3557	3220	3007	2880	2892	3101	3452	3822	4008	4166	4059	3850	3655	3338	3083	2858	2635	2449	2288	
83	1892	59.9	60.0	3	1	1	2	1042	1298	1935	2861	3941	4885	5337	5418	5335	4989	4682	4271	3883	3532	3222	2971	2853	2861	3094	3412	3823	3948	4082	4013	3872	3626	3346	3085	2843	2609	2444	2253	
83	1909	59.9	60.0	3	1	1	2	1030	1289	1957	2825	3930	4836	5280	5401	5269	4985	4627	4281	3885	3524	3190	2971	2859	2869	3089	3418	3817	3958	4077	3993	3827	3618	3324	3060	2831	2601	2452	2294	
83	1926	59.9	60.0	3	1	1	2	1023	1290	1949	2829	3955	4846	5303	5373	5322	5016	4635	4280	3889	3504	3171	2937	2848	2860	3090	3391	3801	3912	4052	4000	3841	3626	3308	3074	2816	2551	2459	2255	
83	1944	59.9	60.0	3	1	1	2	1017	1301	1941	2834	3930	4836	5232	5380	5297	4988	4654	4230	3881	3523	3194	2981	2842	2859	3088	3404	3787	3953	4089	4000	3799	3597	3355	3051	2821	2560	2453	2305	
83	1961	60.0	60.0	3	1	1	2	1027	1282	1918	2843	3865	4813	5271	5356	5281	4982	4650	4274	3835	3492	3158	2960	2827	2855	3097	3410	3754	3975	4067	3975	3771	3584	3314	3033	2836	2602	2428	2284	
83	1978	59.9	60.0	3	1	1	2	1007	1294	1935	2851	3891	4798	5272	5376	5266	5000	4607	4250	3866	3479	3189	2945	2843	2864	3044	3398	3755	3936	4057	3956	3812	3600	3311	3014	2824	2607	2469	2256	
83	2043	95.3	95.0	4	1	0	2	935	1156	1415	1851	2378	2874	3194	3224	3221	3111	2974	2808	2615	2404	2243	2194	2190	2265	2497	2785	3034	3167	3307	3253	3098	2950	2769	2592	2405	2269	2149	1998	
83	2060	95.0	95.0	4	1	0	2	957	1158	1430	1820	2339	2817	3109	3225	3204	3085	2951	2730	2564	2414	2235	2168	2173	2272	2475	2726	3029	3158	3264	3222	3090	2946	2734	2601	2420	2266	2113	1981	
83	2123	59.6	60.2	4	1	1	2	1028	1285	1920	2883	3961	4817	5312	5427	5320	5030	4671	4331	3909	3533	3203	2971	2852	2869	3072	3445	3787	3952	4063	4024	3857	3658	3334	3085	2839	2632	2485	2290	
83	2140	60.0	60.0	4	1	1	2	1018	1293	1920	2869	3921	4836	5314	5412	5282	5009	4677	4271	3873	3523	3208	2981	2895	2862	3098	3448	3784	3969	4064	3984	3815	3634	3326	3108	2850	2620	2438	2288	
83	2157	59.9	60.0	4	1	1	2	1031	1282	1913	2828	3936	4878	5305	5375	5284	4971	4607	4320	3856	3504	3175	2950	2836	2863	3078	3413	3758	3953	4097	3989	3798	3622	3316	3076	2803	2586	2418	2281	
83	2175	59.9	60.0	4	1	1	2	1033	1288	1945	2894	3911	4791	5260	5402	5270	5043	4607	4342	3888	3511	3204	2951	2842	2881	3065	3400	3748	3956	4045	3974	3806	3604	3313	3066	2836	2620	2466	2260	
83	2192	60.0	60.0	4	1	1	2	1022	1293	1926	2836	3895	4809	5248	5364	5244	4977	4626	4254	3872	3480	3174	2935	2855	2859	3061	3374	3799	3960	4033	3964	3765	3582	3297	3047	2841	2586	2445	2280	
83	2209	60.0	60.0	4	1	1	2	1029	1298	1913	2842	3901	4793	5246	5345	5248	4949	4600	4240	3866	3500	3182	2929	2799	2881	3042	3396	3741	3929	4011	3958	3806	3602	3301	3018	2798	2570	2433	2277	
83	2226	60.0	60.0	4	1	1	2	1022	1307	1953	2805	3889	4784	5219	5355	5198	5020	4586	4246	3825	3504	3189	2945	2805	2859	3061	3387	3761	3906	4020	3948	3793	3570	3297	3034	2827	2587	2423	2242	
83	2289	95.4	94.9	5	1	0	2	943	1154	1406	1849	2376	2841	3143	3223	3229	3131	2970	2773	2575	2413	2236	2217	2188	2268	2483	2775	3096	3159	3245	3199	3123	2947	2754	2583	2409	2254	2148	1994	
83	2306	95.0	95.0	5	1	0	2	950	1173	1392	1831	2372	2819	3108	3227	3195	3094	2958	2788	2558	2375	2242	2170	2159	2248	2484	2749	3065	3166	3254	3179	3093	2959	2769	2568	2409	2257	2143	1986	
83	2369	59.6	60.3	5	1	1	2	1024	1285	1944	2845	3942	4872	5307	5443	5322	5065	4682	4301	3914	3520	3217	2982	2856	2878	3096	3441	3771	3991	4103	3984	3837	3625	3324	3056	2838	2610	2464	2326	
83	2386	60.0	60.0	5	1	1	2	1027	1268	1903	2822	3925	4801	5257	5377	5229	4996	4621	4261	3872	3488	3200	2974	2870	2859	3049	3399	3734	3939	4015	3975	3766	3608	3311	3064	2838	2625	2442	2254	
83	2403	60.0	60.0	5	1	1	2	1032	1302	1936	2868	3944	4845	5211	5361	5255	4981	4619	4274	3858	3549	3190	2993	2821	2861	3069	3384	3784	3949	4059	4014	3770	3613	3295	3045	2806	2577	2438	2241	
83	2421	60.0	60.0	5	1	1	2	1014	1271	1948	2834	3899	4759	5220	5296	5181	4988	4601	4240	3857	3465	3181	2930	2825	2870	3062	3339	3741	3902	4045	3962	3738	3537	3301	3036	2793	2580	2455	2259	
83	2438	60.0	60.0	5	1	1	2	1021	1271	1919	2746	3901	4755	5269	5325	5219	4944	4546	4237	3827	3462	3191	2973	2833	2847	3073	3389	3722	3920	4048	3958	3739	3571	3274	3055	2785	2597	2393	2286	
83	2455	60.0	60.0	5	1	1	2	1014	1328	1909	2826	3895	4826	5224	5346	5240	4973	4570	4242	3832	3490	3151	2976	2840	2857	3040	3375	3739	3917	4050	3971	3767	3553	3303	3043	2775	2595	2447	2270	
83	2472	60.0	60.0	5	1	1	2	1016	1295	1901	2817	3875	4745	5239	5317	5217	4926	4564	4222	3812	3476	3140	2907	2833	2851	3072	3387	3727	3901	4036	3983	3751	3558	3279	3020	2798	2595	2424	2239	
83	2537	95.3	95.0	6	1	0	2	928	1167	1415	1852	2360	2836	3106	3214	3224	3088	2949	2794	2575	2396	2274	2163	2170	2248	2440	2758	3028	3181	3265	3185	3101	2937	2752	2562	2404	2237	2113	2010	
83	2554	95.0	95.0	6	1	0	2	935	1167	1414	1828	2340	2812	3104	3193	3214	3093	2916	2741	2562	2388	2238	2163	2157	2253	2511	2719	3016	3160	3237	3189	3072	2903	2734	2560	2415	2210	2117	1958	
83	2617	59.7	60.3	6	1	1	2	1013	1279	1914	2849	3903	4844	5293	5373	5308	5007	4681	4289	3866	3499	3213	2961	2831	2897	3116	3421	3778	3942	4040	3968	3810	3602	3339	3076	2822	2611	2432	2252	
83	2634	60.0	60.0	6	1	1	2	1025	1301	1907	2825	3908	4794	5278	5339	5254	4983	4584	4252	3835	3479	3180	2924	2817	2854	3106	3369	3752	3926	4037	3982	3790	3590	3295	3039	2796	2578	2448	2261	
83	2651	60.0	60.0	6	1	1	2	1026	1297	1914	2782	3900	4780	5245	5346	5237	4978	4609	4268	3803	3481	3161	2940	2840	2846	3055	3399	3730	3922	4001	3919	3796	3586	3268	3016	2803	2586	2418	2274	
83	2669	60.0	60.0	6	1	1	2	1019	1265	1913	2811	3871	4790	5279	5389	5208	4922	4578	4258	3838	3466	3161	2920	2824	2816	3037	3370	3706	3916	3987	3936	3773	3590	3287	3034	2776	2594	2451	2252	
83	2686	59.9	60.0	6	1	1	2	1016	1310	1912	2816	3844	4766	5180	5295	5230	4907	4551	4202	3826	3477	3161	2920	2807	2823	3039	3372	3741	3881	4021	3925	3745	3553	3276	3029	2785	2567	2417	2244	
83	2703	59.9	60.0	6	1	1	2	1029	1283	1906	2819	3864	4750	5208	5297	5243	4945	4616	4216	3833	3456	3156	2927	2780	2844	3075	3343	3738	3912	4011	3931	3754	3517	3305	3015	2792	2555	2435	2239	
83	2720	59.9	60.0	6	1	1	2	1024	1286	1921	2782	3841	4764	5215	5287	5194	4920	4586	4206	3815	3477	3169	2907	2823	2807	3020	3342	3711	3897	4003	3904	3761	3524	3255	3026	2801	2546	2418	2238	
83	2785	95.2	95.0	7	1	0	2	947	1160	1386	1840	2329	2789	3103	3220	3195	3101	2924	2750	2561	2362	2226	2153	2133	2261	2461	2744	3031	3164	3266	3192	3050	2922	2746	2578	2396	2255	2137	1989	
83	2802	95.0	95.0	7	1	0	2	922	1159	1409	1806	2340	2823	3055	3195	3222	3092	2929	2752	2575	2395	2230	2142	2160	2245	2437	2751	3036	3138	3221	3184	3072	2926	2734	2550	2399	2232	2121	1982	
83	2865	59.6	60.2	7	1	1	2	1018	1304	1921	2838	3920	4810	5262	5413	5272	4972	4622	4256	3864	3505	3199	2971	2849	2877	3076	3424	3784	3941	4069	4004	3814	3651	3324	3078	2816	2640	2449	2267	
83	2882	59.9	60.0	7	1	1	2	1016	1288	1917	2814	3883	4770	5257	5343	5214	4944	4569	4240	3850	3468	3163	2931	2805	2846	3079	3356	3718	3902	4013	3920	3779	3579	3256	3072	2820	2585	2426	2261	
83	2900	59.9	60.0	7	1	1	2	1014	1282	1905	2790	3868	4760	5198	5287	5202	4928	4577	4199	3840	3500	3200	2921	2820	2841	3081	3338	3758	3927	3989	3925	3735	3599	3261	3037	2818	2559	2426	2252	
83	2917	60.0	60.0	7	1	1	2	1029	1282	1915	2807	3823	4766	5202	5320	5225	4881	4568	4200	3824	3436	3136	2916	2790	2832	3027	3357	3703	3904	3983	3929	3758	3565	3246	3062	2805	2556	2426	2237	
83	2934	60.0	60.0	7	1	1	2	1028	1293	1893	2812	3839	4743	5234	5297	5195	4903	4547	4200	3839	3436	3148	2916	2818	2824	3031	3370	3715	3874	3992	3915	3724	3516	3284	3024	2797	2571	2401	2246	
83	2951	60.0	60.0	7	1	1	2	1032	1264	1912	2836	3871	4790	5200	5296	5166	4913	4560	4207	3830	3451	3158	2898	2782	2804	3043	3366	3722	3895	3986	3918	3744	3524	3273	3004	2781	2571	2400	2236	
83	2968	60.0	60.0	7	1	1	2	1020	1266	1902	2759	3834	4702	5193	5274	5179	4867	4571	4199	3791	3457	3141	2904	2789	2829	3027	3346	3683	3883	3977	3888	3724	3523	3260	3040	2773	2544	2404	2230	
83	3033	95.3	95.0	8	1	0	2	952	1158	1403	1821	2349	2788	3057	3176	3176	3081	2910	2762	2540	2398	2218	2138	2142	2236	2430	2707	2995	3158	3211	3180	3047	2929	2702	2542	2402	2247	2107	1995	
83	3050	95.0	95.0	8	1	0	2	940	1158	1397	1806	2362	2803	3069	3164	3146	3062	2927	2716	2536	2360	2244	2148	2150	2253	2443	2725	2979	3117	3183	3159	3030	2906	2706	2553	2397	2241	2118	1984	
83	3113	59.7	60.2	8	1	1	2	1016	1292	1931	2841	3891	4780	5247	5317	5251	5002	4554	4217	3832	3481	3169	2920	2835	2870	3071	3382	3767	3927	4008	3918	3764	3596	3297	3025	2814	2609	2425	2269	
83	3130	59.9	60.0	8	1	1	2	1029	1275	1908	2809	3893	4786	5190	5313	5222	4939	4555	4224	3789	3467	3188	2945	2787	2861	3032	3379	3711	3891	3999	3906	3746	3562	3327	2987	2793	2574	2418	2234	
83	3148	60.0	60.0	8	1	1	2	1018	1270	1921	2783	3847	4708	5153	5308	5171	4878	4556	4181	3809	3453	3144	2902	2805	2837	3014	3333	3689	3870	4020	3904	3749	3549	3271	3016	2771	2538	2417	2225	
83	3165	59.9	60.0	8	1	1	2	1009	1276	1894	2801	3824	4721	5169	5279	5144	4912	4578	4195	3809	3464	3129	2919	2780	2809	2995	3334	3699	3885	4023	3897	3753	3519	3296	2985	2770	2571	2401	2243	
83	3182	60.0	60.0	8	1	1	2	1033	1277	1918	2806	3820	4697	5153	5300	5187	4888	4529	4162	3794	3451	3145	2911	2789	2806	3026	3327	3668	3903	3966	3938	3704	3547	3239	2985	2784	2598	2386	2220	
83	3199	60.0	60.0	8	1	1	2	1012	1280	1902	2785	3847	4677	5141	5194	5110	4860	4501	4146	3770	3426	3138	2904	2762	2787	2989	3350	3693	3839	3953	3858	3744	3526	3201	2987	2759	2530	2405	2231	
83	3217	59.9	60.0	8	1	1	2	1028	1272	1922	2779	3826	4664	5139	5252	5160	4830	4484	4164	3809	3419	3104	2887	2762	2777	3005	3342	3691	3873	3981	3876	3710	3526	3225	2999	2741	2519	2372	2215	
83	3279	95.2	95.0	9	1	0	2	940	1169	1428	1804	2336	2785	3063	3166	3191	3091	2936	2746	2532	2383	2222	2135	2140	2226	2433	2717	2981	3135	3247	3197	3032	2916	2699	2532	2387	2210	2115	1978	
83	3296	95.0	95.0	9	1	0	2	933	1148	1424	1808	2319	2795	3064	3160	3172	3026	2898	2737	2530	2371	2204	2119	2116	2244	2474	2703	2989	3112	3168	3103	3062	2877	2697	2517	2356	2201	2130	1969	
83	3359	59.8	60.2	9	1	1	2	1020	1284	1914	2818	3851	4752	5182	5246	5187	4915	4574	4215	3823	3472	3150	2887	2797	2815	3016	3330	3690	3902	4008	3907	3732	3516	3263	3012	2775	2572	2431	2258	
83	3376	59.9	60.0	9	1	1	2	1018	1264	1902	2788	3833	4672	5183	5260	5186	4887	4504	4168	3758	3411	3123	2911	2789	2808	3014	3345	3717	3862	3959	3846	3748	3545	3262	3000	2776	2561	2418	2211	
83	3394	60.0	60.0	9	1	1	2	1030	1255	1887	2786	3806	4682	5163	5213	5107	4865	4496	4174	3762	3421	3118	2878	2755	2815	3010	3336	3677	3831	3938	3905	3720	3501	3233	2974	2755	2538	2377	2222	
83	3411	60.0	60.0	9	1	1	2	1008	1276	1887	2769	3819	4680	5132	5220	5183	4872	4498	4142	3778	3434	3096	2865	2779	2779	3002	3333	3685	3850	3923	3907	3703	3496	3230	2994	2767	2539	2377	2224	
83	3428	59.9	60.0	9	1	1	2	1021	1269	1895	2774	3808	4691	5131	5224	5114	4874	4511	4129	3791	3409	3122	2873	2756	2797	2973	3278	3654	3855	3921	3883	3678	3489	3213	2991	2747	2547	2399	2221	
83	3445	60.0	60.0	9	1	1	2	1009	1278	1891	2775	3766	4704	5091	5226	5133	4888	4524	4100	3768	3440	3059	2857	2785	2755	3010	3302	3648	3807	3953	3882	3671	3475	3212	2992	2752	2528	2394	2236	
83	3463	60.0	60.0	9	1	1	2	1012	1276	1882	2794	3796	4660	5121	5191	5106	4816	4504	4170	3727	3366	3105	2856	2758	2786	2972	3296	3639	3809	3897	3883	3685	3507	3228	2990	2753	2504	2381	2199	
83	3527	95.3	95.0	10	1	0	2	926	1156	1403	1824	2311	2771	3048	3165	3115	3071	2875	2722	2532	2364	2241	2124	2127	2247	2437	2700	2988	3095	3225	3110	3005	2885	2696	2523	2365	2214	2084	1972	
83	3544	95.0	95.0	10	1	0	2	944	1162	1407	1780	2299	2757	3046	3121	3135	3012	2858	2679	2505	2371	2185	2109	2135	2252	2407	2683	2971	3101	3160	3134	3005	2858	2705	2546	2365	2196	2108	1968	
83	3607	59.7	60.2	10	1	1	2	1018	1245	1908	2791	3835	4720	5167	5266	5176	4889	4561	4181	3807	3434	3136	2890	2784	2803	2992	3354	3678	3844	3973	3889	3713	3510	3300	3004	2765	2547	2390	2244	
83	3625	59.9	60.0	10	1	1	2	1018	1272	1893	2783	3830	4699	5133	5260	5150	4873	4529	4126	3777	3420	3124	2896	2771	2809	3004	3326	3699	3872	3951	3869	3733	3509	3216	2985	2760	2521	2401	2237	
83	3642	59.9	60.0	10	1	1	2	1017	1270	1920	2788	3802	4653	5086	5219	5123	4874	4486	4157	3751	3431	3120	2871	2749	2794	3003	3316	3667	3855	3981	3886	3692	3465	3219	2985	2736	2536	2385	2223	
83	3659	59.9	60.0	10	1	1	2	1026	1256	1910	2775	3769	4654	5108	5197	5136	4850	4478	4116	3734	3408	3103	2867	2785	2795	3021	3340	3612	3823	3931	3827	3737	3510	3210	2962	2748	2543	2378	2213	
83	3676	60.0	60.0	10	1	1	2	1032	1277	1886	2744	3792	4643	5120	5185	5114	4804	4505	4143	3718	3408	3102	2869	2773	2798	2961	3282	3639	3853	3933	3868	3715	3507	3228	3002	2740	2514	2401	2210	
83	3694	60.0	60.0	10	1	1	2	1023	1286	1879	2745	3775	4624	5125	5221	5091	4811	4460	4113	3780	3417	3070	2857	2756	2774	2964	3293	3680	3820	3927	3843	3700	3472	3228	2965	2761	2528	2369	2189	
83	3711	59.9	60.0	10	1	1	2	1006	1254	1886	2779	3783	4637	5081	5198	5099	4822	4440	4122	3733	3391	3077	2845	2761	2747	2978	3284	3645	3786	3916	3862	3672	3474	3254	2973	2735	2536	2371	2205	
83	3775	95.2	95.0	11	1	0	2	929	1170	1413	1816	2317	2751	3053	3158	3121	3069	2889	2738	2521	2335	2217	2128	2112	2217	2431	2668	2986	3119	3199	3199	3004	2880	2712	2512	2355	2203	2106	1956	
83	3793	95.0	95.0	11	1	0	2	955	1140	1413	1788	2309	2766	3033	3092	3114	3014	2859	2714	2491	2336	2213	2110	2134	2191	2400	2682	2936	3086	3157	3100	3023	2838	2658	2479	2361	2186	2101	1975	
83	3855	59.7	60.2	11	1	1	2	1013	1283	1886	2785	3793	4707	5170	5264	5126	4883	4497	4150	3753	3451	3116	2875	2786	2800	2978	3308	3702	3834	3971	3893	3727	3502	3274	2975	2762	2539	2382	2205	
83	3873	59.9	60.0	11	1	1	2	1010	1266	1897	2781	3794	4641	5174	5209	5127	4803	4535	4112	3751	3412	3136	2878	2767	2802	2972	3305	3611	3815	3905	3864	3694	3510	3182	2955	2757	2539	2396	2187	
83	3890	60.0	60.0	11	1	1	2	1006	1276	1887	2779	3834	4693	5112	5168	5093	4807	4463	4160	3760	3437	3101	2886	2737	2760	2981	3293	3662	3850	3914	3866	3687	3519	3204	2930	2721	2526	2381	2218	
83	3907	59.9	60.0	11	1	1	2	1023	1274	1879	2736	3754	4614	5099	5210	5091	4784	4472	4106	3741	3392	3077	2880	2748	2813	2950	3285	3627	3786	3871	3847	3646	3482	3199	2940	2717	2506	2381	2194	
83	3924	60.0	60.0	11	1	1	2	1015	1263	1889	2754	3764	4617	5084	5197	5082	4793	4457	4118	3699	3385	3097	2860	2744	2801	2999	3309	3659	3778	3918	3817	3673	3489	3184	2956	2732	2508	2383	2214	
83	3942	60.0	60.0	11	1	1	2	1016	1270	1896	2744	3820	4598	5080	5176	5113	4809	4443	4127	3740	3401	3073	2844	2767	2762	2958	3248	3620	3814	3897	3858	3672	3470	3195	2944	2727	2530	2382	2209	
83	3959	60.0	60.0	11	1	1	2	1019	1257	1895	2775	3784	4603	5043	5175	5074	4774	4444	4082	3717	3381	3084	2873	2744	2773	2966	3275	3622	3797	3953	3838	3645	3471	3200	2946	2723	2532	2374	2207	
83	4021	95.4	94.9	12	1	0	2	935	1155	1396	1803	2336	2796	3053	3138	3159	3063	2889	2740	2505	2358	2240	2120	2173	2221	2421	2679	2978	3116	3197	3126	3002	2885	2718	2532	2321	2199	2090	2000	
83	4039	95.0	95.0	12	1	0	2	935	1124	1414	1785	2310	2746	3022	3110	3126	3032	2892	2701	2528	2329	2200	2108	2099	2207	2384	2703	2955	3078	3187	3086	2978	2867	2661	2502	2339	2175	2068	1942	
83	4101	59.7	60.2	12	1	1	2	1023	1272	1882	2790	3838	4690	5097	5235	5132	4877	4530	4160	3752	3393	3094	2885	2776	2809	3002	3303	3667	3860	3951	3877	3692	3525	3220	2979	2751	2563	2413	2206	
83	4119	59.9	60.0	12	1	1	2	1014	1296	1916	2755	3795	4678	5101	5180	5103	4794	4466	4101	3760	3395	3069	2850	2754	2768	2980	3300	3656	3816	3919	3867	3695	3504	3221	2928	2765	2523	2384	2198	
83	4136	59.9	60.0	12	1	1	2	1007	1258	1876	2756	3752	4619	5072	5169	5061	4770	4441	4117	3729	3382	3108	2856	2768	2779	2970	3291	3635	3849	3886	3835	3681	3489	3221	2948	2732	2532	2373	2219	
83	4153	59.9	60.0	12	1	1	2	1003	1270	1880	2770	3750	4606	5109	5197	5124	4802	4437	4124	3726	3395	3075	2845	2735	2789	2949	3281	3661	3803	3921	3845	3660	3484	3193	2950	2738	2541	2354	2207	
83	4170	60.0	60.0	12	1	1	2	1027	1258	1898	2748	3764	4599	5097	5177	5071	4812	4475	4145	3710	3369	3097	2876	2725	2774	2949	3290	3602	3817	3891	3849	3700	3460	3168	2924	2737	2475	2382	2214	
83	4188	59.9	60.0	12	1	1	2	1012	1269	1861	2744	3770	4637	5074	5102	5096	4829	4495	4096	3687	3371	3054	2851	2747	2782	2973	3274	3642	3780	3917	3821	3653	3486	3205	2975	2762	2493	2380	2206	
83	4205	60.0	60.0	12	1	1	2	1009	1286	1861	2729	3785	4612	5103	5161	5043	4768	4436	4092	3683	3396	3082	2854	2719	2761	2961	3254	3608	3787	3897	3823	3656	3473	3173	2921	2685	2495	2364	2200	
83	4267	95.2	95.0	13	1	0	2	936	1160	1387	1808	2277	2771	3020	3147	3131	3047	2875	2707	2515	2345	2217	2129	2119	2216	2403	2697	2943	3099	3184	3108	3043	2864	2689	2508	2349	2183	2076	1943	
83	4284	95.0	95.0	13	1	0	2	930	1140	1405	1776	2287	2752	2983	3121	3089	2998	2840	2668	2479	2330	2195	2110	2132	2177	2380	2660	2946	3036	3153	3101	2990	2839	2641	2483	2376	2177	2062	1950	
83	4347	59.7	60.2	13	1	1	2	1011	1285	1892	2798	3800	4646	5074	5205	5096	4812	4492	4130	3761	3428	3139	2883	2752	2797	3003	3319	3664	3866	3930	3870	3738	3516	3240	2974	2773	2538	2400	2198	
83	4364	59.9	60.0	13	1	1	2	1011	1271	1888	2785	3771	4628	5022	5168	5058	4831	4454	4125	3721	3404	3095	2890	2780	2800	2969	3261	3641	3787	3887	3822	3697	3476	3196	2951	2744	2488	2356	2210	
83	4381	59.9	60.0	13	1	1	2	1011	1272	1872	2725	3805	4625	5066	5168	5036	4751	4449	4071	3723	3380	3080	2862	2738	2771	2956	3299	3604	3801	3915	3861	3684	3472	3193	2937	2757	2508	2365	2197	
83	4398	60.0	60.0	13	1	1	2	1015	1262	1876	2772	3751	4624	5074	5140	5026	4784	4446	4070	3682	3357	3064	2838	2730	2768	2949	3220	3577	3784	3888	3797	3656	3418	3172	2934	2716	2497	2362	2225	
83	4416	60.0	60.0	13	1	1	2	1003	1265	1920	2753	3749	4624	5035	5120	5087	4773	4469	4093	3697	3359	3080	2836	2739	2766	2988	3258	3608	3795	3882	3807	3645	3443	3183	2952	2723	2475	2364	2185	
83	4433	60.0	60.0	13	1	1	2	1015	1261	1897	2752	3795	4584	5037	5173	5054	4770	4413	4065	3723	3336	3072	2830	2722	2734	2955	3284	3613	3804	3898	3833	3643	3474	3196	2925	2734	2510	2346	2192	
83	4450	60.0	60.0	13	1	1	2	1008	1274	1875	2728	3755	4586	5069	5161	5051	4732	4445	4124	3723	3361	3050	2844	2750	2776	2946	3272	3616	3756	3901	3825	3641	3459	3159	2932	2703	2498	2352	2154	
83	4513	95.2	95.0	14	1	0	2	940	1163	1424	1788	2323	2752	3018	3133	3105	3043	2871	2708	2513	2347	2198	2095	2106	2209	2413	2679	2950	3098	3123	3126	2990	2876	2680	2491	2348	2192	2081	1947	
83	4530	95.0	95.0	14	1	0	2	940	1143	1415	1791	2274	2736	2979	3132	3098	3022	2844	2698	2514	2320	2207	2092	2112	2201	2413	2710	2948	3064	3164	3093	2951	2851	2656	2513	2325	2196	2074	1929	
83	4593	59.8	60.2	14	1	1	2	1006	1263	1892	2764	3788	4631	5039	5184	5053	4784	4490	4134	3745	3390	3118	2842	2775	2777	2986	3277	3649	3803	3947	3860	3715	3479	3235	2974	2748	2536	2363	2219	
83	4610	59.9	60.0	14	1	1	2	1020	1278	1885	2748	3756	4618	5056	5181	5037	4804	4457	4127	3733	3384	3062	2852	2761	2775	2997	3292	3613	3810	3931	3808	3638	3459	3197	2958	2714	2583	2364	2188	
83	4627	59.9	60.0	14	1	1	2	1004	1276	1882	2718	3749	4612	5038	5127	5029	4760	4395	4074	3692	3348	3060	2826	2741	2766	2973	3272	3578	3762	3894	3790	3614	3418	3153	2943	2684	2513	2316	2175	
83	4645	60.0	60.0	14	1	1	2	1023	1273	1887	2734	3727	4587	5019	5133	5007	4777	4429	4049	3696	3370	3067	2812	2750	2744	2931	3267	3596	3778	3889	3777	3633	3421	3183	2940	2690	2494	2346	2182	
83	4662	60.0	60.0	14	1	1	2	1018	1244	1877	2753	3716	4603	5066	5164	5037	4763	4401	4080	3674	3347	3043	2831	2761	2772	2959	3247	3623	3754	3872	3805	3659	3447	3181	2937	2702	2485	2362	2188	
83	4679	60.0	60.0	14	1	1	2	1008	1270	1871	2753	3759	4596	5000	5122	4974	4760	4447	4059	3707	3358	3036	2823	2735	2741	2966	3239	3566	3739	3855	3805	3613	3450	3177	2923	2725	2468	2361	2183	
83	4696	60.0	60.0	14	1	1	2	1024	1264	1861	2738	3707	4585	4995	5139	5019	4729	4393	4038	3705	3344	3055	2846	2707	2746	2960	3245	3605	3752	3888	3785	3619	3411	3179	2911	2729	2510	2328	2193	
83	4761	95.2	95.0	15	1	0	2	926	1132	1418	1785	2293	2741	2999	3122	3118	2997	2863	2696	2506	2313	2165	2125	2105	2212	2415	2637	2943	3095	3089	3078	3001	2871	2663	2477	2335	2175	2071	1956	
83	4778	95.0	95.0	15	1	0	2	921	1138	1415	1799	2295	2748	2983	3137	3077	2976	2884	2672	2494	2334	2194	2106	2126	2193	2364	2670	2934	3060	3184	3087	2970	2823	2625	2502	2319	2166	2074	1926	
83	4841	59.6	60.2	15	1	1	2	1011	1271	1904	2756	3757	4635	5065	5116	5059	4829	4411	4110	3692	3347	3054	2829	2756	2761	2974	3273	3613	3791	3901	3809	3644	3444	3200	2944	2712	2529	2360	2198	
83	4858	59.9	60.1	15	1	1	2	1011	1264	1889	2733	3748	4583	5038	5150	5060	4785	4460	4103	3691	3341	3075	2844	2757	2748	2957	3270	3591	3821	3888	3829	3686	3465	3180	2926	2718	2545	2352	2216	
83	4875	60.0	60.0	15	1	1	2	1010	1284	1889	2717	3759	4595	5036	5060	5021	4775	4358	4077	3707	3379	3050	2836	2698	2746	2964	3242	3600	3800	3871	3795	3637	3451	3192	2906	2723	2509	2355	2174	
83	4893	60.0	60.0	15	1	1	2	1005	1268	1870	2708	3705	4566	5003	5089	5009	4796	4421	4060	3699	3333	3075	2812	2740	2760	2925	3250	3557	3761	3876	3766	3644	3432	3168	2956	2696	2489	2340	2186	
83	4910	60.0	60.0	15	1	1	2	1010	1260	1868	2713	3735	4572	5017	5101	5023	4716	4401	4034	3679	3330	3072	2812	2731	2761	2932	3237	3549	3783	3884	3787	3616	3444	3164	2929	2683	2489	2371	2186	
83	4927	60.0	60.0	15	1	1	2	1011	1258	1888	2731	3712	4590	5054	5101	5032	4740	4401	4075	3671	3352	3043	2815	2722	2762	2934	3237	3601	3762	3862	3800	3636	3448	3171	2917	2689	2486	2330	2178	
83	4944	60.0	60.0	15	1	1	2	1012	1250	1866	2708	3709	4522	4958	5057	4980	4736	4373	4047	3684	3316	2979	2812	2733	2714	2934	3226	3586	3730	3834	3785	3599	3442	3138	2896	2673	2446	2343	2172	
83	5009	95.3	95.0	16	1	0	2	914	1136	1423	1793	2262	2744	3016	3136	3113	3038	2866	2683	2503	2364	2189	2114	2104	2192	2404	2648	2936	3063	3152	3085	2955	2828	2668	2487	2328	2191	2092	1954	
83	5026	95.0	95.0	16	1	0	2	930	1119	1420	1777	2267	2741	2983	3054	3089	2970	2808	2680	2500	2343	2165	2110	2094	2203	2367	2646	2942	3036	3090	3072	2953	2828	2622	2458	2302	2175	2068	1924	
83	5089	59.7	60.2	16	1	1	2	1026	1272	1874	2727	3734	4612	5067	5118	5060	4795	4407	4095	3709	3356	3064	2831	2728	2780	2957	3267	3570	3775	3912	3826	3606	3439	3166	2949	2723	2506	2397	2188	
83	5106	59.9	60.1	16	1	1	2	1018	1270	1892	2743	3745	4610	5051	5068	5048	4767	4421	4098	3697	3346	3028	2843	2721	2759	2948	3240	3606	3774	3879	3804	3641	3488	3172	2927	2721	2479	2413	2158	
83	5123	60.0	60.0	16	1	1	2	1009	1265	1878	2736	3742	4595	5023	5133	5013	4779	4405	4047	3678	3337	3052	2830	2701	2736	2909	3267	3589	3768	3860	3791	3617	3435	3170	2905	2726	2485	2346	2185	
83	5141	59.9	60.0	16	1	1	2	1018	1268	1880	2716	3738	4598	5006	5094	5028	4764	4402	4020	3664	3386	3062	2848	2724	2725	2925	3237	3576	3724	3829	3779	3626	3423	3183	2930	2718	2493	2337	2182	
83	5158	60.0	60.0	16	1	1	2	1018	1263	1867	2709	3750	4577	4992	5095	5016	4729	4376	4075	3646	3341	3035	2828	2713	2726	2896	3249	3600	3761	3836	3803	3600	3432	3156	2888	2676	2482	2333	2167	
83	5175	60.0	60.0	16	1	1	2	1009	1299	1864	2722	3728	4552	4992	5099	5007	4750	4375	4027	3697	3331	3035	2840	2690	2755	2911	3228	3540	3764	3852	3752	3617	3423	3155	2903	2719	2511	2329	2155	
83	5192	60.0	60.0	16	1	1	2	1005	1249	1897	2733	3752	4607	5011	5114	5006	4711	4392	4043	3695	3344	3049	2810	2716	2759	2918	3236	3604	3773	3864	3800	3622	3405	3145	2916	2710	2496	2336	2170	
83	5255	95.3	95.0	17	1	0	2	925	1133	1406	1798	2304	2750	3021	3123	3096	3039	2890	2693	2487	2354	2190	2107	2113	2182	2403	2672	2937	3064	3126	3101	2970	2849	2651	2497	2315	2160	2072	1919	
83	5272	95.0	95.0	17	1	0	2	935	1105	1419	1761	2286	2719	2983	3063	3053	2985	2814	2661	2489	2324	2143	2096	2091	2195	2379	2636	2923	3051	3088	3035	2956	2826	2629	2466	2318	2174	2044	1931	
83	5335	59.6	60.3	17	1	1	2	1037	1261	1871	2716	3754	4539	5057	5118	5013	4794	4398	4080	3706	3340	3080	2827	2744	2761	2951	3266	3596	3788	3912	3797	3636	3440	3195	2949	2703	2509	2354	2224	
83	5352	59.9	60.0	17	1	1	2	1023	1254	1903	2730	3754	4637	5036	5096	5034	4764	4416	4098	3698	3353	3050	2872	2737	2761	2935	3239	3604	3788	3906	3789	3623	3442	3186	2948	2708	2474	2359	2201	
83	5369	60.0	60.0	17	1	1	2	1000	1259	1893	2769	3719	4596	5051	5106	5041	4754	4405	4136	3658	3332	3071	2833	2718	2741	2944	3263	3602	3754	3865	3784	3589	3426	3161	2904	2704	2479	2326	2169	
83	5387	60.0	60.0	17	1	1	2	1004	1261	1887	2735	3718	4570	5012	5134	5014	4789	4368	4014	3702	3373	3017	2841	2736	2713	2922	3243	3631	3767	3858	3772	3635	3393	3159	2924	2684	2500	2354	2216	
83	5404	59.9	60.0	17	1	1	2	1038	1264	1890	2736	3718	4577	4982	5096	4951	4726	4374	4030	3672	3321	3036	2824	2720	2716	2907	3235	3576	3731	3855	3818	3625	3464	3182	2918	2701	2502	2326	2160	
83	5421	59.9	60.0	17	1	1	2	1003	1271	1864	2704	3716	4596	5034	5060	4971	4723	4360	4016	3672	3330	3038	2801	2737	2772	2894	3200	3582	3735	3833	3796	3605	3412	3150	2906	2706	2476	2320	2155	
83	5438	60.0	60.0	17	1	1	2	1011	1257	1868	2719	3734	4559	5001	5067	4959	4728	4398	4036	3658	3298	3020	2804	2733	2708	2935	3221	3581	3756	3883	3796	3647	3417	3136	2888	2698	2513	2327	2130	
83	5503	95.3	95.0	18	1	0	2	953	1132	1410	1788	2265	2722	3017	3091	3109	2982	2849	2691	2495	2321	2160	2113	2083	2181	2400	2667	2892	3033	3139	3071	2928	2820	2637	2474	2342	2145	2063	1937	
83	5520	95.0	95.0	18	1	0	2	932	1123	1406	1784	2275	2747	2969	3082	3053	2984	2839	2710	2489	2287	2177	2087	2093	2182	2380	2629	2915	3047	3118	3085	2925	2820	2618	2445	2336	2189	2039	1923	
83	5583	59.7	60.2	18	1	1	2	1009	1302	1874	2700	3724	4587	4969	5158	4994	4746	4390	4037	3665	3340	3025	2816	2704	2739	2961	3261	3592	3758	3860	3795	3618	3434	3164	2922	2736	2490	2364	2187	
83	5600	60.0	60.0	18	1	1	2	1034	1267	1874	2725	3757	4609	5047	5148	5050	4780	4398	4058	3715	3338	3075	2855	2730	2764	2959	3270	3575	3780	3848	3756	3640	3439	3137	2894	2709	2509	2359	2181	
83	5618	59.9	60.0	18	1	1	2	1005	1280	1884	2706	3757	4565	5000	5122	5038	4785	4405	4056	3696	3349	3010	2807	2726	2733	2918	3217	3590	3742	3807	3809	3604	3412	3164	2924	2681	2474	2350	2182	
83	5635	60.0	60.0	18	1	1	2	1004	1253	1874	2716	3741	4534	5035	5095	5006	4746	4399	4049	3704	3384	3054	2799	2728	2736	2966	3234	3538	3747	3877	3771	3606	3361	3132	2910	2704	2485	2336	2186	
83	5652	59.9	60.0	18	1	1	2	1003	1268	1861	2684	3672	4569	4965	5121	5030	4729	4363	4025	3656	3328	3089	2813	2738	2728	2943	3250	3568	3758	3826	3776	3579	3416	3134	2865	2675	2492	2332	2174	
83	5669	60.0	60.0	18	1	1	2	1011	1252	1862	2734	3704	4549	5043	5105	5009	4737	4387	4051	3664	3309	3040	2811	2704	2729	2916	3235	3555	3762	3852	3794	3629	3420	3185	2903	2676	2463	2342	2160	
83	5687	59.9	60.0	18	1	1	2	1018	1259	1862	2746	3716	4554	5000	5098	5026	4740	4373	4049	3645	3343	3029	2780	2683	2710	2950	3247	3590	3740	3854	3792	3627	3443	3136	2897	2687	2485	2335	2182	
83	5751	95.3	95.0	19	1	0	2	938	1126	1405	1782	2268	2754	2995	3086	3085	3013	2870	2689	2449	2327	2181	2081	2095	2175	2392	2654	2904	3067	3131	3072	2966	2855	2653	2478	2297	2154	2051	1904	
83	5768	95.0	95.0	19	1	0	2	944	1122	1397	1765	2261	2726	2939	3067	3057	2998	2831	2646	2479	2316	2173	2070	2118	2190	2362	2620	2889	3027	3101	3036	2922	2811	2642	2462	2313	2136	2041	1916	
83	5831	59.7	60.2	19	1	1	2	1008	1262	1862	2731	3738	4577	5061	5096	5014	4748	4440	4094	3681	3332	3091	2845	2752	2741	2955	3233	3616	3761	3896	3801	3618	3447	3174	2915	2710	2481	2374	2199	
83	5848	59.9	60.1	19	1	1	2	1011	1262	1880	2730	3764	4590	5013	5139	5019	4744	4408	4046	3676	3345	3052	2833	2743	2759	2950	3246	3591	3788	3906	3824	3615	3460	3151	2918	2677	2497	2369	2176	
83	5866	59.9	60.0	19	1	1	2	1008	1280	1875	2747	3721	4601	5014	5094	5012	4725	4410	4040	3699	3331	3071	2804	2747	2715	2928	3256	3558	3765	3846	3762	3616	3394	3172	2905	2680	2487	2325	2169	
83	5883	59.9	60.0	19	1	1	2	1003	1266	1876	2718	3707	4585	5017	5092	4986	4745	4407	4013	3706	3330	3046	2819	2731	2736	2954	3246	3576	3758	3848	3792	3606	3399	3158	2920	2731	2484	2349	2168	
83	5900	59.9	60.0	19	1	1	2	1007	1248	1888	2730	3739	4541	4964	5096	4979	4695	4390	4014	3675	3345	3027	2780	2703	2706	2940	3209	3565	3739	3843	3780	3644	3427	3152	2861	2692	2472	2347	2156	
83	5917	60.0	60.0	19	1	1	2	999	1268	1854	2686	3724	4578	5013	5121	4959	4701	4425	4040	3675	3321	3053	2811	2706	2715	2964	3237	3572	3755	3826	3783	3610	3407	3144	2932	2694	2458	2346	2169	
83	5935	60.0	60.0	19	1	1	2	1010	1239	1865	2734	3730	4537	4955	5099	4979	4712	4381	4022	3667	3318	3018	2802	2686	2714	2920	3204	3606	3702	3809	3748	3565	3434	3140	2891	2682	2488	2314	2156	
83	5999	95.3	95.0	20	1	0	2	936	1127	1406	1770	2296	2725	2996	3114	3074	3003	2825	2677	2522	2308	2186	2072	2088	2169	2382	2664	2898	3050	3076	3075	2948	2802	2641	2483	2320	2156	2066	1925	
83	6016	95.0	95.0	20	1	0	2	927	1125	1412	1772	2264	2711	2988	3069	3070	2996	2825	2654	2472	2326	2141	2063	2084	2162	2357	2663	2892	3013	3110	3052	2941	2799	2607	2448	2325	2144	2052	1904	
83	6079	59.6	60.3	20	1	1	2	1003	1246	1889	2708	3690	4561	5028	5079	4996	4777	4411	4054	3694	3367	3074	2828	2730	2731	2919	3243	3600	3754	3861	3831	3612	3437	3159	2917	2699	2504	2329	2171	
83	6096	59.9	60.0	20	1	1	2	1010	1279	1877	2693	3729	4592	5035	5115	4991	4760	4425	4061	3713	3376	3067	2817	2711	2767	2937	3250	3616	3761	3864	3798	3625	3391	3143	2909	2710	2469	2357	2195	
83	6114	59.9	60.0	20	1	1	2	1002	1257	1871	2727	3725	4583	4994	5098	4980	4775	4355	4036	3685	3357	3041	2823	2734	2742	2935	3223	3572	3766	3877	3788	3616	3415	3137	2909	2705	2486	2332	2200	
83	6131	60.0	60.0	20	1	1	2	1014	1247	1854	2739	3726	4555	5028	5091	5000	4757	4400	4020	3665	3339	3017	2809	2698	2744	2930	3247	3564	3722	3863	3792	3608	3426	3160	2915	2684	2485	2324	2169	
83	6148	60.0	60.0	20	1	1	2	1017	1255	1882	2732	3707	4532	5015	5101	4950	4718	4377	4054	3694	3323	3046	2789	2717	2767	2921	3259	3562	3744	3848	3795	3592	3419	3160	2923	2703	2480	2370	2171	
83	6165	59.9	60.0	20	1	1	2	1015	1265	1885	2728	3738	4548	5032	5109	5005	4754	4379	4027	3668	3313	3024	2786	2710	2715	2915	3246	3569	3778	3852	3745	3644	3406	3128	2897	2671	2499	2340	2181	
83	6183	60.0	60.0	20	1	1	2	1006	1251	1857	2690	3727	4572	4989	5076	4996	4672	4384	4044	3684	3319	3042	2806	2689	2716	2948	3240	3569	3725	3805	3781	3580	3428	3148	2903	2672	2455	2332	2166	
83	6247	95.3	95.0	21	1	0	2	933	1127	1442	1758	2292	2710	3001	3105	3095	3011	2805	2670	2467	2309	2180	2101	2115	2208	2393	2630	2918	2997	3140	3062	2957	2806	2624	2474	2329	2190	2043	1924	
83	6264	95.0	95.0	21	1	0	2	941	1103	1431	1759	2278	2690	3010	3080	3061	2981	2829	2650	2467	2315	2194	2072	2075	2158	2396	2623	2923	3000	3103	3080	2964	2806	2643	2465	2290	2138	2050	1906	
83	6325	59.8	60.3	21	1	1	2	1019	1250	1883	2705	3702	4547	4961	5044	5012	4726	4373	4036	3663	3316	3066	2811	2728	2726	2891	3238	3597	3733	3841	3772	3620	3391	3195	2895	2694	2489	2327	2177	
83	6343	60.0	60.0	21	1	1	2	1007	1252	1880	2725	3763	4649	5009	5149	5053	4772	4394	4091	3700	3366	3082	2822	2734	2771	2937	3252	3608	3770	3905	3811	3631	3456	3180	2964	2704	2508	2356	2168	
83	6360	60.0	60.0	21	1	1	2	1019	1249	1856	2724	3712	4561	4978	5150	4992	4773	4380	4066	3665	3329	3042	2806	2698	2763	2942	3221	3580	3750	3829	3750	3628	3459	3135	2918	2700	2485	2332	2165	
83	6377	59.9	60.0	21	1	1	2	1010	1271	1878	2737	3724	4597	4978	5105	5032	4746	4394	4051	3671	3340	3043	2807	2719	2729	2945	3241	3570	3717	3818	3787	3636	3420	3155	2932	2692	2485	2339	2177	
83	6394	60.0	60.0	21	1	1	2	1004	1276	1846	2707	3666	4513	4988	5088	4960	4722	4370	4006	3659	3302	3025	2850	2698	2760	2946	3225	3537	3736	3818	3752	3590	3409	3158	2876	2700	2459	2330	2173	
83	6412	60.0	60.0	21	1	1	2	1013	1256	1880	2667	3711	4524	5004	5053	4975	4712	4384	4012	3676	3332	3041	2791	2706	2718	2890	3235	3534	3710	3856	3780	3593	3370	3156	2923	2716	2468	2329	2148	
83	6429	60.0	60.0	21	1	1	2	1023	1265	1878	2717	3710	4583	4962	5085	4940	4726	4378	4039	3711	3307	3044	2776	2678	2754	2924	3237	3584	3756	3835	3784	3605	3413	3133	2913	2687	2461	2343	2171	
83	6491	95.2	95.0	22	1	0	2	946	1108	1394	1769	2307	2710	3021	3094	3106	3001	2864	2677	2466	2344	2175	2075	2085	2178	2422	2622	2946	3027	3134	3079	2928	2788	2649	2455	2301	2146	2049	1926	
83	6509	95.0	95.0	22	1	0	2	942	1115	1404	1760	2256	2693	2997	3059	3053	2952	2804	2649	2469	2326	2177	2086	2061	2163	2363	2618	2884	3028	3101	3051	2933	2812	2603	2469	2309	2164	2064	1928	
83	6571	59.7	60.2	22	1	1	2	1004	1271	1880	2703	3688	4544	5005	5128	5023	4730	4395	4009	3672	3357	3037	2797	2728	2742	2905	3282	3573	3748	3814	3790	3660	3432	3153	2901	2722	2491	2341	2160	
83	6589	60.0	60.0	22	1	1	2	1008	1258	1885	2737	3710	4604	5024	5092	5037	4728	4457	4064	3672	3355	3083	2796	2715	2779	2963	3238	3616	3744	3861	3792	3604	3414	3143	2894	2706	2455	2349	2145	
83	6606	59.9	60.0	22	1	1	2	1016	1262	1879	2727	3743	4543	5013	5097	5015	4758	4376	4026	3704	3346	3014	2798	2713	2752	2930	3251	3608	3756	3860	3771	3638	3431	3156	2936	2672	2468	2355	2172	
83	6623	60.0	60.0	22	1	1	2	1008	1258	1833	2733	3728	4574	4976	5068	4975	4736	4332	4025	3646	3304	3048	2827	2677	2715	2934	3258	3554	3713	3844	3734	3632	3407	3149	2878	2682	2491	2336	2178	
83	6640	60.0	60.0	22	1	1	2	1012	1253	1844	2728	3689	4551	4974	5085	4986	4698	4379	4007	3630	3284	3042	2815	2699	2703	2899	3210	3544	3708	3843	3789	3587	3445	3118	2904	2680	2492	2324	2162	
83	6658	60.0	60.0	22	1	1	2	1017	1247	1877	2715	3673	4557	4974	5074	4951	4696	4358	3984	3666	3307	3050	2779	2688	2732	2907	3215	3551	3722	3817	3767	3586	3369	3132	2878	2663	2476	2315	2151	
83	6675	59.9	60.0	22	1	1	2	998	1261	1861	2702	3693	4545	4973	5024	4908	4690	4357	4032	3659	3311	3000	2804	2670	2703	2929	3205	3531	3708	3806	3775	3575	3393	3145	2905	2693	2475	2334	2172	
83	6737	95.4	94.9	23	1	0	2	933	1130	1402	1778	2270	2712	3006	3092	3088	2994	2843	2668	2468	2326	2187	2123	2073	2158	2379	2640	2901	3050	3115	3046	2915	2830	2622	2471	2345	2131	2061	1928	
83	6755	95.0	95.0	23	1	0	2	913	1085	1426	1763	2252	2703	2971	3089	3055	2947	2778	2624	2478	2313	2169	2082	2087	2169	2349	2613	2884	3015	3088	3061	2922	2820	2605	2439	2317	2142	2057	1924	
83	6818	59.7	60.2	23	1	1	2	1003	1256	1872	2699	3702	4541	4974	5033	5022	4738	4348	3999	3653	3337	3033	2799	2689	2715	2923	3221	3592	3714	3810	3807	3600	3436	3165	2887	2684	2468	2320	2166	
83	6835	60.0	60.1	23	1	1	2	1006	1273	1839	2710	3760	4543	4985	5119	4987	4756	4422	4061	3712	3333	3050	2842	2698	2752	2895	3210	3576	3750	3826	3743	3654	3430	3158	2906	2699	2469	2328	2190	
83	6852	60.0	60.0	23	1	1	2	1015	1254	1860	2740	3699	4576	4956	5055	5000	4737	4374	4035	3671	3315	3032	2791	2707	2698	2910	3253	3582	3743	3812	3762	3607	3418	3145	2916	2721	2470	2344	2175	
83	6869	60.0	60.0	23	1	1	2	1029	1260	1877	2692	3700	4552	4988	5075	4944	4705	4379	4045	3664	3287	3024	2797	2684	2737	2899	3198	3531	3735	3809	3737	3584	3418	3169	2897	2672	2481	2344	2181	
83	6887	59.9	60.0	23	1	1	2	999	1243	1876	2708	3705	4559	4983	5051	4990	4721	4396	4004	3646	3325	3021	2782	2692	2758	2896	3238	3512	3730	3855	3762	3593	3406	3151	2872	2679	2484	2316	2166	
83	6904	60.0	60.0	23	1	1	2	1005	1262	1859	2696	3693	4514	4964	5029	4953	4676	4339	4016	3639	3330	2998	2797	2711	2718	2917	3220	3538	3715	3834	3741	3562	3381	3148	2938	2657	2500	2330	2173	
83	6921	60.0	60.0	23	1	1	2	1016	1269	1826	2702	3681	4532	5018	5046	4936	4702	4349	4035	3653	3286	3009	2820	2727	2691	2922	3241	3545	3736	3831	3774	3599	3390	3123	2914	2660	2477	2328	2179	
83	6984	95.2	95.0	24	1	0	2	927	1114	1396	1756	2276	2738	2977	3068	3073	2966	2819	2667	2470	2305	2178	2103	2079	2190	2408	2632	2911	3033	3129	3061	2951	2819	2642	2475	2312	2137	2041	1908	
83	7001	95.0	95.0	24	1	0	2	931	1095	1407	1753	2250	2707	2961	3036	3047	2978	2818	2649	2470	2279	2175	2067	2041	2152	2360	2650	2879	3014	3089	3007	2895	2762	2613	2461	2322	2149	2029	1903	
83	7064	59.7	60.2	24	1	1	2	1018	1255	1867	2687	3686	4540	4971	5043	4957	4735	4389	4054	3631	3335	3044	2836	2699	2725	2911	3226	3500	3691	3837	3719	3626	3428	3140	2889	2672	2495	2328	2180	
83	7081	59.9	60.0	24	1	1	2	1037	1264	1861	2731	3726	4569	4988	5072	5010	4748	4423	4036	3693	3360	3038	2815	2703	2758	2940	3246	3572	3731	3891	3802	3650	3420	3170	2908	2673	2493	2361	2168	
83	7098	59.9	60.0	24	1	1	2	1037	1250	1847	2683	3694	4491	4972	5098	4955	4739	4378	4029	3629	3316	3033	2783	2680	2730	2898	3205	3537	3731	3831	3748	3612	3422	3142	2902	2666	2489	2328	2159	
83	7115	60.0	60.0	24	1	1	2	1011	1254	1851	2703	3662	4485	4985	5104	4953	4719	4343	4039	3647	3313	3010	2782	2675	2708	2913	3244	3547	3718	3860	3741	3555	3396	3150	2870	2681	2465	2310	2183	
83	7133	60.0	60.0	24	1	1	2	1006	1261	1877	2702	3680	4520	4938	5032	4933	4724	4343	4012	3637	3284	3001	2792	2686	2734	2892	3213	3527	3714	3817	3769	3567	3369	3138	2878	2664	2453	2332	2174	
83	7150	60.0	60.0	24	1	1	2	998	1261	1844	2732	3708	4477	4948	5067	4911	4701	4309	4028	3660	3321	3053	2799	2699	2694	2905	3188	3503	3678	3820	3764	3560	3418	3138	2897	2653	2470	2290	2157	
83	7167	60.0	60.0	24	1	1	2	1025	1266	1860	2710	3684	4524	4935	5072	4929	4677	4367	4046	3648	3307	3023	2790	2696	2734	2888	3226	3528	3695	3822	3745	3532	3407	3130	2887	2675	2452	2355	2136	
83	7232	95.3	95.0	25	1	0	2	925	1126	1403	1769	2265	2691	2955	3105	3082	2953	2813	2634	2481	2298	2157	2063	2102	2140	2356	2597	2898	2999	3088	3052	2947	2768	2600	2427	2289	2166	2034	1911	
83	7249	95.0	95.0	25	1	0	2	931	1088	1389	1770	2276	2714	2967	3064	3049	2968	2834	2625	2490	2312	2168	2071	2071	2153	2357	2575	2841	3024	3086	3050	2936	2772	2610	2424	2308	2165	2037	1889	
83	7312	59.7	60.2	25	1	1	2	1006	1263	1865	2674	3704	4511	4953	5041	4963	4696	4390	3997	3610	3288	3024	2810	2686	2714	2907	3190	3555	3724	3829	3757	3600	3404	3147	2914	2700	2465	2322	2159	
83	7329	59.9	60.0	25	1	1	2	998	1268	1857	2739	3715	4585	5001	5177	5020	4711	4390	4064	3707	3333	3047	2833	2718	2725	2974	3247	3589	3746	3892	3783	3652	3393	3139	2899	2670	2499	2341	2193	
83	7346	59.9	60.0	25	1	1	2	1004	1260	1840	2710	3729	4577	4981	5072	5015	4761	4398	4029	3672	3316	3015	2790	2708	2744	2935	3235	3578	3732	3812	3771	3589	3373	3140	2906	2698	2476	2334	2174	
83	7364	60.0	60.0	25	1	1	2	1007	1248	1885	2704	3685	4557	4999	5101	4961	4717	4364	4046	3663	3325	2999	2799	2723	2718	2884	3221	3517	3733	3850	3767	3591	3416	3111	2913	2689	2453	2329	2148	
83	7381	60.0	60.0	25	1	1	2	1017	1270	1875	2680	3755	4539	4956	5061	4956	4710	4340	4050	3672	3300	3007	2782	2716	2716	2896	3212	3559	3712	3820	3745	3614	3375	3162	2887	2689	2474	2329	2134	
83	7398	59.9	60.0	25	1	1	2	1023	1272	1878	2687	3671	4514	4933	5070	4953	4688	4333	4037	3632	3333	3034	2747	2685	2736	2911	3192	3526	3679	3822	3761	3555	3412	3131	2881	2680	2473	2334	2159	
83	7415	59.9	60.0	25	1	1	2	1017	1252	1854	2705	3686	4532	4971	5035	4943	4636	4304	3996	3626	3313	3022	2788	2736	2722	2894	3162	3555	3717	3801	3762	3596	3372	3156	2868	2657	2486	2310	2132	
83	7478	95.3	95.0	26	1	0	2	937	1098	1397	1756	2274	2713	2961	3111	3091	2995	2801	2674	2470	2305	2168	2068	2092	2168	2390	2624	2885	3040	3089	3015	2957	2853	2625	2431	2301	2136	2032	1922	
83	7495	95.0	95.0	26	1	0	2	948	1094	1389	1770	2257	2694	2960	3077	3037	2957	2814	2635	2470	2291	2172	2075	2048	2173	2346	2613	2913	3004	3114	3006	2938	2794	2637	2445	2273	2163	2032	1924	
83	7558	59.7	60.2	26	1	1	2	989	1244	1827	2699	3715	4517	4912	5050	4970	4698	4333	3993	3650	3315	3031	2783	2684	2711	2899	3194	3540	3731	3805	3776	3564	3401	3101	2861	2680	2460	2315	2168	
83	7575	59.9	60.0	26	1	1	2	1008	1252	1860	2688	3748	4604	5055	5106	5000	4766	4400	4071	3691	3340	3030	2842	2748	2750	2932	3252	3581	3748	3854	3824	3598	3453	3156	2916	2691	2492	2336	2184	
83	7592	59.9	60.0	26	1	1	2	1016	1263	1865	2712	3712	4544	5036	5066	4922	4700	4368	4019	3639	3348	3024	2827	2739	2717	2927	3243	3545	3748	3849	3785	3595	3405	3170	2889	2693	2457	2305	2150	
83	7610	59.9	60.0	26	1	1	2	1004	1274	1880	2704	3672	4517	4964	5094	4971	4710	4364	4064	3646	3279	3036	2818	2689	2694	2896	3252	3520	3724	3782	3748	3588	3409	3093	2852	2690	2437	2301	2170	
83	7627	60.0	60.0	26	1	1	2	1008	1266	1871	2696	3711	4496	4972	5025	4947	4685	4360	4023	3681	3289	2990	2807	2672	2710	2910	3183	3524	3742	3819	3713	3568	3378	3109	2888	2724	2469	2336	2174	
83	7644	60.0	60.0	26	1	1	2	1005	1248	1874	2706	3701	4503	4944	5047	4938	4690	4360	3980	3621	3288	2994	2807	2698	2724	2918	3194	3557	3740	3848	3718	3552	3399	3145	2878	2691	2452	2322	2156	
83	7661	60.0	60.0	26	1	1	2	1003	1244	1872	2727	3690	4546	4942	5069	4928	4684	4376	4045	3661	3325	3030	2774	2677	2709	2884	3252	3543	3731	3790	3772	3600	3375	3102	2884	2679	2462	2312	2138	
83	7724	95.3	95.0	27	1	0	2	917	1113	1409	1805	2253	2724	2994	3082	3062	2985	2808	2643	2499	2314	2169	2069	2088	2169	2372	2617	2893	3026	3101	3037	2944	2786	2608	2456	2273	2134	2043	1925	
83	7741	95.0	95.0	27	1	0	2	937	1083	1400	1748	2218	2704	2956	3043	3083	2940	2816	2690	2450	2275	2190	2084	2076	2170	2382	2651	2864	2996	3062	3028	2941	2786	2606	2443	2279	2134	2030	1903	
83	7804	59.7	60.2	27	1	1	2	1014	1267	1860	2681	3677	4560	4912	5049	4941	4712	4336	4026	3668	3278	3029	2808	2714	2701	2923	3217	3547	3692	3797	3768	3616	3385	3151	2911	2657	2476	2314	2165	
83	7821	59.9	60.0	27	1	1	2	1015	1274	1893	2714	3711	4564	5048	5083	5019	4715	4382	4072	3687	3328	3061	2848	2701	2732	2932	3220	3566	3733	3848	3726	3584	3402	3153	2917	2690	2467	2300	2166	
83	7838	59.9	60.0	27	1	1	2	1005	1268	1842	2703	3662	4569	4969	5077	4977	4733	4358	4036	3632	3308	3040	2834	2684	2711	2889	3227	3571	3690	3860	3751	3578	3389	3157	2869	2683	2467	2314	2149	
83	7856	60.0	60.0	27	1	1	2	1006	1249	1843	2664	3664	4524	4982	5036	4938	4693	4367	4027	3671	3317	3016	2783	2700	2701	2895	3208	3540	3733	3813	3717	3548	3366	3149	2868	2653	2498	2322	2147	
83	7873	60.0	60.0	27	1	1	2	1007	1254	1861	2710	3704	4536	4924	5116	5002	4713	4357	4020	3672	3303	3038	2782	2727	2732	2885	3198	3549	3689	3832	3699	3574	3411	3117	2903	2661	2471	2285	2165	
83	7890	60.0	60.0	27	1	1	2	1011	1252	1851	2696	3705	4480	4938	5035	4925	4687	4318	4009	3633	3264	3006	2802	2673	2724	2906	3220	3585	3702	3780	3734	3589	3392	3114	2875	2612	2460	2306	2166	
83	7907	60.0	60.0	27	1	1	2	1005	1240	1869	2696	3691	4488	4961	5058	4925	4686	4379	4009	3661	3290	3027	2784	2681	2705	2864	3212	3547	3662	3808	3740	3569	3381	3125	2882	2665	2472	2306	2142	
83	7972	95.3	95.0	28	1	0	2	927	1100	1414	1751	2241	2732	2988	3112	3092	2973	2820	2665	2469	2320	2157	2051	2080	2150	2352	2611	2876	3023	3082	3046	2928	2786	2632	2475	2279	2148	2029	1900	
83	7989	95.0	95.0	28	1	0	2	934	1080	1395	1745	2273	2698	2973	3060	3072	2953	2813	2654	2445	2275	2157	2090	2055	2158	2378	2594	2849	3022	3073	3042	2938	2804	2611	2453	2281	2124	2013	1901	
83	8052	59.7	60.2	28	1	1	2	1002	1249	1858	2680	3669	4549	4932	5052	4973	4730	4326	4028	3620	3296	3015	2795	2696	2706	2910	3204	3518	3729	3791	3708	3568	3395	3109	2858	2650	2465	2311	2159	
83	8069	59.9	60.0	28	1	1	2	1014	1265	1874	2751	3715	4589	5004	5134	5035	4764	4420	4100	3683	3357	3056	2830	2713	2716	2924	3226	3573	3739	3833	3796	3608	3375	3142	2909	2696	2488	2351	2195	
83	8086	59.9	60.0	28	1	1	2	1009	1257	1836	2721	3703	4520	4974	5103	4997	4727	4381	4017	3669	3358	3031	2817	2714	2721	2919	3206	3551	3728	3846	3767	3553	3390	3104	2888	2662	2453	2323	2146	
83	8104	60.0	60.0	28	1	1	2	1001	1265	1856	2685	3703	4523	4978	5059	4980	4699	4367	4002	3668	3338	3035	2790	2727	2706	2890	3182	3571	3706	3810	3766	3582	3426	3111	2889	2704	2456	2341	2168	
83	8121	60.0	60.0	28	1	1	2	1016	1254	1866	2703	3690	4543	4971	5095	4940	4705	4331	4035	3646	3300	3015	2795	2718	2702	2869	3234	3552	3735	3837	3759	3600	3370	3132	2851	2664	2442	2336	2166	
83	8138	59.9	60.0	28	1	1	2	1011	1239	1860	2714	3682	4559	4988	5094	4951	4673	4357	4047	3627	3267	3011	2828	2678	2710	2932	3175	3530	3694	3853	3751	3639	3392	3146	2898	2661	2468	2342	2143	
83	8155	60.0	60.0	28	1	1	2	1003	1271	1867	2709	3658	4532	4994	5017	4995	4726	4379	4010	3623	3305	3014	2803	2706	2725	2955	3216	3528	3715	3821	3751	3596	3382	3115	2884	2700	2479	2310	2161	
83	8218	95.4	94.9	29	1	0	2	937	1104	1401	1764	2237	2728	3000	3104	3083	2986	2813	2650	2485	2328	2189	2077	2083	2182	2389	2617	2891	3004	3118	3042	2926	2806	2624	2451	2268	2154	2029	1919	
83	8235	95.0	95.0	29	1	0	2	919	1104	1387	1761	2273	2666	2968	3060	3046	2969	2812	2624	2471	2294	2139	2070	2080	2161	2348	2616	2872	3005	3090	3050	2925	2789	2598	2466	2290	2153	2006	1932	
83	8298	59.7	60.2	29	1	1	2	998	1255	1878	2712	3698	4546	4941	5037	4937	4685	4328	3999	3673	3296	3014	2797	2705	2715	2916	3236	3518	3710	3818	3736	3558	3363	3096	2889	2647	2482	2318	2155	
83	8315	60.0	60.0	29	1	1	2	1007	1272	1855	2705	3738	4590	5078	5107	5046	4766	4421	4079	3705	3353	3045	2832	2721	2744	2910	3229	3565	3758	3883	3778	3589	3408	3145	2924	2707	2482	2348	2185	
83	8333	59.9	60.0	29	1	1	2	1020	1264	1849	2709	3742	4535	5011	5098	5008	4732	4361	4077	3652	3327	3054	2811	2710	2737	2925	3218	3546	3707	3814	3755	3578	3396	3135	2892	2679	2475	2307	2147	
83	8350	59.9	60.0	29	1	1	2	1005	1238	1846	2699	3717	4552	4920	5079	4968	4696	4361	4036	3656	3309	3036	2827	2690	2712	2902	3227	3543	3724	3791	3747	3574	3356	3094	2909	2662	2479	2313	2152	
83	8367	60.0	60.0	29	1	1	2	1002	1288	1849	2741	3722	4554	4983	5104	4969	4716	4371	4081	3676	3322	3039	2807	2710	2716	2924	3193	3581	3707	3815	3726	3572	3411	3133	2914	2699	2456	2317	2165	
83	8384	60.0	60.0	29	1	1	2	1014	1241	1873	2702	3733	4552	4993	5103	5013	4699	4349	4031	3660	3331	3017	2793	2698	2723	2905	3190	3556	3689	3788	3719	3570	3380	3123	2861	2675	2488	2324	2147	
83	8402	60.0	60.0	29	1	1	2	1014	1252	1848	2713	3697	4503	4993	5035	4964	4719	4410	3994	3642	3345	3024	2792	2687	2725	2928	3197	3542	3697	3828	3765	3584	3354	3107	2889	2663	2452	2294	2140	
83	8466	95.3	95.0	30	1	0	2	942	1109	1422	1781	2290	2732	3035	3092	3105	3016	2860	2686	2486	2312	2165	2075	2084	2171	2359	2600	2882	3015	3070	3026	2923	2759	2601	2450	2316	2124	2048	1919	
83	8483	95.0	95.0	30	1	0	2	886	1097	1387	1773	2265	2698	2961	3084	3075	2988	2814	2687	2454	2284	2154	2121	2087	2127	2347	2619	2867	2985	3072	3018	2875	2770	2581	2438	2299	2136	2024	1918	
83	8546	59.6	60.2	30	1	1	2	1010	1260	1860	2710	3695	4539	4984	5065	4965	4728	4352	4034	3624	3338	2996	2815	2718	2725	2907	3190	3515	3732	3827	3733	3585	3376	3142	2860	2667	2446	2309	2148	
83	8563	59.9	60.0	30	1	1	2	1018	1267	1905	2721	3774	4595	4995	5143	5022	4758	4454	4096	3724	3338	3072	2823	2719	2757	2953	3230	3566	3758	3838	3772	3583	3409	3155	2885	2716	2508	2323	2184	
83	8581	59.9	60.0	30	1	1	2	1016	1277	1865	2730	3770	4620	5023	5124	5016	4770	4414	4071	3680	3330	3057	2819	2710	2732	2918	3226	3551	3720	3846	3758	3594	3391	3143	2897	2682	2488	2295	2158	
83	8598	60.0	60.0	30	1	1	2	1028	1264	1885	2739	3736	4560	5009	5128	4996	4767	4386	4045	3674	3348	3037	2808	2693	2730	2950	3203	3556	3706	3807	3724	3568	3413	3130	2874	2645	2471	2321	2167	
83	8615	60.0	60.0	30	1	1	2	1014	1259	1855	2713	3673	4560	5048	5071	4994	4768	4399	4040	3649	3336	3035	2829	2713	2747	2915	3208	3548	3702	3797	3751	3609	3391	3142	2926	2704	2475	2338	2165	
83	8632	59.9	60.0	30	1	1	2	1010	1258	1865	2721	3692	4556	4993	5050	4957	4746	4364	4035	3687	3313	3060	2787	2709	2713	2897	3182	3529	3714	3786	3722	3565	3407	3084	2866	2677	2460	2320	2146	
83	8650	60.0	60.0	30	1	1	2	1023	1265	1891	2681	3692	4559	5009	5061	4984	4706	4382	4046	3664	3333	3043	2803	2708	2688	2906	3213	3516	3698	3798	3724	3540	3361	3121	2836	2641	2404	2301	2187	
83	8712	95.2	95.0	31	1	0	2	942	1099	1414	1746	2277	2683	2992	3097	3105	2990	2855	2666	2482	2326	2168	2109	2077	2171	2372	2608	2857	3026	3102	3040	2897	2784	2602	2432	2290	2147	2038	1915	
83	8729	95.0	95.0	31	1	0	2	933	1092	1401	1776	2267	2718	2979	3048	3077	2975	2827	2675	2484	2309	2187	2083	2059	2168	2358	2615	2884	3011	3082	2992	2929	2796	2621	2424	2260	2134	2025	1943	
83	8792	59.7	60.2	31	1	1	2	1022	1277	1853	2719	3733	4561	5040	5123	5009	4696	4370	4082	3687	3329	3029	2782	2725	2716	2905	3224	3549	3674	3780	3691	3562	3404	3111	2870	2661	2442	2308	2143	
83	8810	59.9	60.0	31	1	1	2	1024	1276	1882	2764	3784	4655	5117	5180	5070	4862	4468	4102	3722	3398	3090	2866	2734	2746	2945	3230	3570	3773	3857	3782	3594	3410	3153	2918	2681	2492	2327	2166	
83	8827	60.0	60.0	31	1	1	2	1016	1277	1865	2742	3745	4644	5039	5176	5029	4781	4419	4089	3710	3379	3072	2836	2739	2744	2945	3236	3580	3701	3840	3787	3597	3416	3108	2889	2700	2434	2329	2178	
83	8844	59.9	60.0	31	1	1	2	1018	1276	1876	2727	3759	4674	5014	5117	5086	4756	4438	4073	3714	3358	3073	2834	2717	2741	2929	3208	3558	3744	3852	3751	3583	3392	3162	2905	2657	2465	2306	2148	
83	8861	59.9	60.0	31	1	1	2	1016	1270	1867	2716	3758	4603	5061	5119	5015	4771	4405	4063	3696	3400	3023	2828	2730	2726	2908	3205	3535	3715	3830	3741	3544	3398	3146	2889	2636	2473	2303	2170	
83	8878	60.0	60.0	31	1	1	2	1033	1270	1870	2739	3713	4566	5064	5084	5019	4769	4420	4052	3717	3320	3062	2812	2720	2727	2914	3231	3571	3723	3819	3741	3598	3390	3127	2907	2672	2465	2318	2163	
83	8896	60.0	60.0	31	1	1	2	999	1258	1880	2724	3720	4559	5019	5116	4976	4729	4401	4069	3697	3352	3061	2789	2694	2708	2916	3213	3557	3705	3789	3724	3581	3363	3137	2877	2659	2468	2326	2166	
83	8958	95.2	95.0	32	1	0	2	930	1093	1399	1799	2312	2797	3023	3118	3109	3004	2833	2748	2494	2349	2200	2117	2116	2170	2382	2654	2889	3006	3097	3029	2927	2791	2617	2432	2291	2144	2016	1885	
83	8976	95.0	95.0	32	1	0	2	918	1108	1398	1761	2279	2768	3015	3112	3122	3031	2896	2715	2520	2325	2209	2081	2095	2167	2353	2603	2883	3018	3093	3029	2904	2776	2613	2465	2293	2133	2034	1890	
83	9038	59.7	60.2	32	1	1	2	1014	1262	1890	2727	3789	4679	5115	5200	5096	4832	4463	4149	3729	3387	3088	2876	2783	2787	2956	3254	3587	3722	3844	3769	3571	3397	3170	2888	2657	2471	2306	2172	
83	9056	60.0	60.0	32	1	1	2	1017	1288	1892	2827	3859	4685	5180	5309	5201	4925	4591	4189	3798	3443	3152	2898	2742	2773	2980	3267	3585	3739	3876	3754	3640	3424	3196	2902	2680	2464	2337	2129	
83	9073	60.0	60.0	32	1	1	2	1009	1260	1900	2794	3821	4665	5160	5282	5133	4880	4509	4158	3777	3435	3092	2895	2734	2750	2958	3234	3561	3764	3856	3753	3625	3425	3133	2859	2689	2486	2323	2152	
83	9090	59.9	60.0	32	1	1	2	1007	1282	1884	2766	3801	4736	5150	5236	5121	4882	4499	4146	3751	3384	3117	2894	2761	2759	2956	3235	3564	3729	3852	3749	3575	3388	3127	2894	2684	2486	2302	2161	
83	9107	59.9	60.0	32	1	1	2	1017	1254	1886	2757	3756	4704	5140	5233	5131	4863	4517	4166	3751	3376	3107	2864	2745	2745	2929	3254	3562	3728	3833	3786	3601	3450	3136	2895	2683	2471	2305	2170	
83	9125	60.0	60.0	32	1	1	2	1008	1254	1877	2781	3803	4645	5122	5241	5151	4862	4507	4156	3771	3409	3088	2876	2750	2788	2934	3238	3560	3734	3837	3762	3605	3427	3147	2911	2674	2470	2314	2143	
83	9142	60.0	60.0	32	1	1	2	1005	1275	1890	2738	3802	4683	5108	5226	5120	4908	4470	4160	3766	3400	3083	2841	2743	2745	2958	3242	3594	3712	3788	3722	3582	3388	3137	2860	2685	2462	2322	2165	
83	9206	95.3	95.0	33	1	0	2	925	1099	1421	1804	2328	2828	3096	3187	3194	3100	2933	2746	2554	2365	2216	2138	2103	2213	2385	2636	2900	3020	3135	3049	2927	2807	2575	2422	2276	2092	2036	1914	
83	9224	95.0	95.0	33	1	0	2	939	1110	1398	1807	2325	2778	3093	3173	3157	3104	2920	2760	2519	2368	2212	2098	2121	2212	2358	2618	2857	2977	3112	3015	2904	2795	2595	2435	2297	2128	2033	1887	
83	9286	59.7	60.2	33	1	1	2	1018	1285	1897	2818	3858	4824	5243	5335	5270	4975	4574	4271	3876	3452	3197	2942	2782	2793	2953	3269	3587	3768	3866	3785	3613	3368	3124	2902	2686	2498	2352	2157	
83	9304	60.0	60.0	33	1	1	2	1006	1273	1983	2888	3955	4879	5365	5463	5366	5078	4712	4325	3898	3533	3233	2963	2854	2839	2982	3326	3656	3785	3832	3798	3636	3453	3162	2939	2724	2500	2342	2212	
83	9321	60.0	60.0	33	1	1	2	1019	1283	1927	2849	3934	4868	5263	5450	5284	5046	4678	4298	3879	3511	3213	2940	2808	2824	3006	3289	3660	3771	3886	3783	3611	3454	3164	2894	2727	2484	2355	2156	
83	9338	60.0	60.0	33	1	1	2	1031	1284	1928	2852	3928	4795	5286	5380	5298	5074	4639	4269	3894	3516	3191	2936	2817	2793	2986	3304	3627	3749	3865	3767	3596	3399	3169	2908	2705	2473	2338	2165	
83	9355	60.0	60.0	33	1	1	2	1021	1275	1930	2866	3938	4845	5302	5431	5311	5050	4668	4300	3860	3496	3182	2920	2816	2795	2970	3244	3607	3785	3856	3770	3627	3407	3156	2905	2694	2451	2334	2155	
83	9373	60.0	60.0	33	1	1	2	1001	1284	1950	2825	3920	4827	5262	5380	5265	4969	4592	4278	3860	3506	3167	2940	2793	2812	2959	3286	3592	3745	3848	3767	3608	3416	3149	2908	2670	2459	2355	2155	
83	9390	60.0	60.0	33	1	1	2	1014	1273	1920	2853	3945	4838	5316	5378	5269	4987	4628	4253	3870	3511	3171	2924	2848	2801	2987	3287	3589	3750	3861	3799	3586	3413	3155	2922	2696	2491	2334	2145	
83	9453	95.3	94.9	34	1	0	2	934	1117	1441	1871	2427	2952	3236	3351	3306	3214	3061	2889	2618	2436	2289	2194	2189	2259	2413	2684	2933	3047	3128	3047	2981	2833	2636	2471	2308	2178	2050	1919	
83	9470	95.0	95.0	34	1	0	2	948	1101	1443	1860	2436	2930	3192	3306	3310	3190	3024	2840	2626	2447	2278	2166	2159	2251	2422	2659	2901	3026	3136	3087	2922	2800	2628	2496	2278	2131	2045	1906	
83	9533	59.7	60.2	34	1	1	2	1010	1311	2003	2936	4104	5049	5546	5660	5558	5196	4862	4469	4067	3630	3278	3011	2922	2875	3056	3323	3679	3800	3895	3806	3586	3446	3202	2956	2710	2527	2336	2161	
83	9550	59.9	60.0	34	1	1	2	1008	1320	2000	2999	4172	5157	5653	5783	5643	5368	4944	4548	4118	3728	3339	3096	2948	2934	3074	3430	3705	3863	3949	3832	3682	3465	3212	2970	2734	2480	2360	2194	
83	9567	60.0	60.0	34	1	1	2	1023	1311	2009	2962	4138	5136	5551	5696	5549	5315	4929	4485	4045	3683	3337	3063	2904	2926	3033	3364	3669	3826	3899	3803	3656	3430	3159	2955	2698	2496	2364	2156	
83	9584	59.9	60.0	34	1	1	2	1022	1333	1994	2971	4152	5069	5601	5730	5603	5316	4898	4520	4083	3694	3363	3081	2920	2914	3082	3360	3673	3832	3931	3853	3599	3444	3182	2948	2719	2500	2349	2188	
83	9602	59.9	60.0	34	1	1	2	1036	1322	2013	2937	4082	5062	5572	5737	5637	5339	4877	4488	4078	3688	3339	3063	2922	2907	3070	3324	3676	3830	3937	3783	3653	3441	3205	2934	2731	2532	2345	2179	
83	9619	59.9	60.0	34	1	1	2	1013	1314	2008	2941	4111	5064	5602	5755	5586	5315	4915	4507	4069	3647	3336	3067	2906	2904	3088	3340	3656	3842	3899	3807	3636	3463	3182	2935	2691	2518	2338	2184	
83	9636	60.0	60.0	34	1	1	2	1028	1296	1990	2975	4136	5127	5625	5747	5606	5306	4907	4532	4071	3655	3370	3053	2935	2897	3039	3312	3685	3790	3916	3821	3653	3421	3172	2953	2709	2532	2352	2185	
83	9699	95.2	95.0	35	1	0	2	961	1136	1483	1950	2602	3080	3463	3561	3570	3419	3243	3034	2788	2600	2402	2271	2242	2329	2464	2731	2974	3117	3177	3093	2971	2827	2624	2481	2309	2177	2063	1935	
83	9716	95.0	95.0	35	1	0	2	945	1111	1488	1932	2533	3085	3419	3528	3526	3415	3218	3036	2766	2581	2384	2281	2241	2288	2478	2727	2972	3072	3156	3065	2965	2873	2646	2477	2333	2141	2068	1906	
83	9779	59.7	60.2	35	1	1	2	1032	1326	2060	3121	4380	5431	5982	6120	5977	5692	5272	4809	4320	3898	3498	3217	3033	3015	3173	3403	3759	3903	3975	3892	3692	3492	3230	2953	2714	2496	2353	2225	
83	9796	59.9	60.0	35	1	1	2	1043	1347	2105	3227	4484	5549	6069	6259	6123	5830	5352	4901	4408	3973	3616	3280	3078	3057	3190	3465	3793	3930	4008	3882	3722	3534	3251	2979	2747	2535	2397	2210	
83	9813	60.0	60.0	35	1	1	2	1052	1335	2095	3162	4418	5551	6089	6196	6090	5781	5313	4856	4405	3991	3604	3256	3089	3021	3179	3485	3756	3931	3973	3888	3715	3513	3231	2960	2738	2544	2369	2174	
83	9830	60.0	60.0	35	1	1	2	1037	1339	2101	3168	4434	5498	6074	6160	6077	5785	5323	4857	4376	3920	3563	3219	3065	3040	3168	3433	3765	3853	3985	3848	3732	3466	3217	2955	2784	2528	2437	2198	
83	9848	59.9	60.0	35	1	1	2	1049	1325	2083	3111	4433	5522	6090	6194	6040	5733	5357	4869	4374	3931	3540	3237	3070	3048	3186	3421	3733	3885	3975	3902	3689	3490	3223	2971	2732	2526	2402	2171	
83	9865	60.0	60.0	35	1	1	2	1033	1335	2086	3168	4346	5482	6033	6232	6071	5746	5230	4875	4392	3969	3580	3247	3093	3027	3191	3404	3756	3905	3994	3875	3714	3510	3201	2974	2745	2522	2368	2211	
83	9882	60.0	60.0	35	1	1	2	1042	1324	2085	3181	4432	5546	6070	6187	6061	5759	5366	4846	4364	3991	3532	3240	3082	3027	3183	3434	3767	3882	3970	3873	3690	3527	3212	2986	2765	2500	2382	2184	
83	9945	95.4	94.9	36	1	0	2	953	1138	1555	2076	2820	3455	3806	3902	3920	3805	3546	3333	3079	2831	2617	2422	2437	2429	2613	2842	3079	3177	3230	3176	3074	2883	2728	2525	2372	2214	2079	1952	
83	9962	95.0	95.0	36	1	0	2	942	1123	1557	2074	2777	3392	3757	3902	3920	3777	3516	3276	3011	2765	2590	2404	2400	2439	2581	2800	3028	3109	3216	3129	3024	2857	2687	2498	2338	2197	2082	1931	
83	10025	59.7	60.2	36	1	1	2	1061	1385	2184	3306	4751	5935	6549	6738	6602	6220	5747	5213	4720	4246	3803	3466	3267	3215	3329	3582	3861	3972	4031	3929	3756	3564	3257	2994	2777	2549	2416	2222	
83	10042	59.9	60.0	36	1	1	2	1029	1394	2225	3444	4885	6098	6711	6904	6749	6385	5951	5369	4814	4350	3896	3555	3343	3246	3353	3653	3914	4041	4111	4010	3856	3581	3338	3039	2830	2600	2424	2267	
83	10059	60.0	60.0	36	1	1	2	1049	1380	2223	3417	4855	6103	6748	6879	6702	6349	5779	5361	4809	4296	3881	3531	3336	3234	3356	3592	3869	3993	4086	3986	3783	3586	3295	3032	2815	2563	2416	2265	
83	10077	59.9	60.0	36	1	1	2	1049	1408	2219	3411	4810	6048	6650	6829	6702	6310	5877	5366	4776	4306	3851	3487	3287	3210	3326	3602	3865	3987	4120	3961	3756	3551	3306	3036	2823	2542	2416	2237	
83	10094	59.9	60.0	36	1	1	2	1045	1398	2226	3438	4850	6064	6686	6867	6723	6397	5814	5368	4846	4280	3883	3509	3300	3239	3312	3585	3857	4041	4064	3961	3812	3560	3286	3002	2832	2559	2435	2242	
83	10111	60.0	60.0	36	1	1	2	1053	1384	2228	3394	4831	6055	6671	6850	6768	6312	5874	5372	4798	4272	3851	3494	3293	3243	3336	3583	3888	4038	4096	3962	3790	3570	3255	3052	2769	2569	2397	2236	
83	10128	60.0	60.0	36	1	1	2	1046	1401	2153	3407	4812	6036	6718	6886	6727	6376	5855	5368	4804	4318	3905	3500	3288	3208	3306	3589	3876	4008	4061	3951	3756	3549	3277	3009	2801	2560	2417	2212	
83	10191	95.4	94.9	37	1	0	2	957	1190	1648	2282	3080	3825	4179	4349	4386	4187	3943	3650	3379	3122	2844	2671	2540	2590	2709	2998	3182	3239	3295	3200	3081	2951	2742	2572	2392	2230	2106	1980	
83	10208	95.0	95.0	37	1	0	2	959	1177	1649	2263	3105	3804	4184	4357	4362	4204	3939	3657	3346	3067	2836	2624	2551	2573	2680	2888	3169	3211	3310	3230	3090	2925	2740	2545	2406	2228	2088	1987	
83	10271	59.7	60.2	37	1	1	2	1052	1425	2337	3645	5222	6533	7237	7395	7229	6844	6295	5797	5190	4646	4136	3726	3498	3402	3491	3728	3978	4033	4156	4009	3807	3618	3319	3041	2813	2621	2430	2243	
83	10288	59.9	60.0	37	1	1	2	1077	1442	2371	3742	5373	6723	7434	7624	7456	7077	6517	5920	5359	4760	4243	3817	3583	3469	3574	3750	4054	4148	4209	4089	3883	3642	3398	3110	2862	2615	2492	2264	
83	10305	60.0	60.0	37	1	1	2	1067	1431	2354	3725	5309	6651	7404	7603	7453	7023	6450	5894	5306	4731	4215	3821	3568	3448	3519	3772	4041	4103	4184	4093	3885	3649	3365	3094	2879	2634	2456	2306	
83	10323	59.9	60.0	37	1	1	2	1069	1437	2376	3688	5277	6637	7366	7573	7422	7022	6414	5883	5280	4739	4176	3810	3560	3442	3530	3710	4038	4160	4143	4043	3823	3641	3322	3072	2848	2624	2471	2246	
83	10340	60.0	60.0	37	1	1	2	1064	1471	2380	3728	5349	6673	7413	7631	7415	7050	6516	5908	5308	4757	4239	3848	3555	3450	3563	3763	4043	4116	4199	4092	3861	3664	3384	3076	2865	2617	2469	2269	
83	10357	60.0	60.0	37	1	1	2	1057	1446	2360	3688	5267	6669	7397	7611	7413	7030	6434	5892	5278	4691	4203	3810	3527	3410	3495	3751	4020	4109	4167	4054	3853	3612	3341	3064	2850	2618	2465	2257	
83	10374	60.0	60.0	37	1	1	2	1065	1434	2402	3703	5323	6678	7359	7548	7418	6953	6434	5911	5249	4732	4197	3796	3561	3451	3504	3736	4010	4130	4147	4068	3858	3646	3331	3069	2842	2609	2456	2282	
83	10437	95.4	94.9	38	1	0	2	974	1218	1767	2459	3432	4224	4714	4896	4896	4733	4416	4124	3738	3420	3118	2857	2767	2739	2898	3072	3279	3337	3387	3311	3145	3022	2794	2624	2425	2267	2156	1963	
83	10454	95.0	95.0	38	1	0	2	975	1219	1732	2491	3358	4216	4690	4851	4885	4685	4393	4071	3720	3397	3076	2821	2763	2731	2856	3049	3283	3327	3419	3308	3129	3006	2796	2566	2449	2280	2146	1996	
83	10517	59.7	60.2	38	1	1	2	1088	1471	2477	3929	5660	7148	7900	8091	7998	7503	6896	6286	5660	5005	4459	4035	3752	3599	3662	3888	4115	4211	4253	4095	3956	3713	3407	3141	2923	2652	2504	2280	
83	10534	59.9	60.0	38	1	1	2	1085	1504	2518	4007	5800	7306	8104	8315	8201	7666	7048	6450	5764	5161	4511	4125	3823	3673	3731	3910	4159	4301	4306	4188	3967	3756	3460	3172	2905	2671	2510	2333	
83	10551	60.0	60.0	38	1	1	2	1085	1496	2510	3980	5763	7238	8036	8280	8087	7634	6999	6392	5719	5090	4507	4063	3790	3598	3693	3892	4189	4264	4300	4152	3908	3720	3419	3133	2911	2648	2467	2316	
83	10569	60.0	60.0	38	1	1	2	1082	1495	2521	3983	5746	7260	8078	8217	8054	7632	7085	6381	5682	5143	4503	4064	3744	3649	3658	3898	4144	4224	4253	4139	3904	3696	3406	3138	2887	2666	2512	2309	
83	10586	60.0	60.0	38	1	1	2	1090	1494	2526	3972	5722	7240	8004	8253	8073	7656	7016	6381	5696	5106	4496	4084	3766	3608	3641	3872	4151	4193	4265	4110	3922	3734	3435	3137	2943	2653	2492	2289	
83	10603	60.0	60.0	38	1	1	2	1087	1516	2500	3984	5762	7258	8067	8265	8139	7610	7020	6374	5734	5038	4524	4062	3793	3640	3684	3923	4129	4265	4259	4129	3897	3707	3399	3139	2915	2664	2472	2305	
83	10620	60.0	60.0	38	1	1	2	1081	1497	2500	3993	5776	7249	8029	8237	8113	7658	6981	6405	5763	5134	4526	4096	3787	3610	3707	3939	4127	4244	4263	4150	3961	3711	3440	3144	2893	2651	2487	2327	
83	10685	95.3	95.0	39	1	0	2	982	1248	1841	2663	3696	4630	5201	5417	5388	5171	4847	4486	4041	3707	3309	3085	2916	2931	3007	3170	3433	3452	3488	3346	3216	3073	2849	2658	2494	2300	2204	2011	
83	10702	95.0	95.0	39	1	0	2	996	1238	1829	2671	3667	4639	5199	5376	5380	5149	4778	4481	4066	3667	3327	3056	2921	2903	2997	3144	3395	3458	3432	3385	3243	3029	2828	2661	2507	2335	2184	2047	
83	10763	59.7	60.3	39	1	1	2	1082	1526	2578	4134	5988	7575	8482	8642	8522	8061	7373	6754	6005	5364	4754	4277	3954	3744	3801	3958	4278	4313	4344	4188	3977	3772	3449	3164	2936	2674	2502	2322	
83	10780	59.9	60.0	39	1	1	2	1097	1555	2639	4267	6158	7844	8742	8952	8773	8269	7557	6866	6201	5473	4863	4390	3990	3832	3867	4090	4312	4435	4388	4257	4024	3770	3528	3225	2955	2764	2577	2368	
83	10798	60.0	60.0	39	1	1	2	1112	1576	2618	4263	6146	7779	8706	8917	8709	8248	7562	6875	6159	5468	4838	4350	4032	3797	3886	4044	4305	4382	4402	4274	4023	3817	3500	3193	2954	2719	2569	2337	
83	10815	60.0	60.0	39	1	1	2	1102	1527	2633	4240	6116	7792	8668	8841	8689	8166	7538	6850	6122	5445	4842	4327	3984	3824	3856	4061	4297	4323	4365	4233	3997	3761	3457	3213	2958	2759	2525	2356	
83	10832	60.0	60.0	39	1	1	2	1091	1575	2687	4238	6114	7767	8663	8907	8691	8185	7534	6829	6132	5468	4871	4317	4017	3781	3901	4035	4274	4331	4397	4240	3996	3759	3507	3201	2939	2716	2526	2312	
83	10849	60.0	60.0	39	1	1	2	1103	1540	2644	4227	6151	7756	8637	8870	8729	8192	7527	6900	6103	5430	4830	4328	3963	3827	3878	4040	4287	4336	4356	4207	3972	3743	3471	3199	2928	2704	2513	2359	
83	10867	60.0	60.0	39	1	1	2	1099	1558	2635	4238	6187	7831	8677	8959	8769	8287	7539	6880	6173	5445	4876	4321	4011	3799	3840	4062	4301	4297	4362	4218	4047	3779	3459	3194	2969	2701	2534	2330	
83	10931	95.3	95.0	40	1	0	2	1011	1306	1959	2854	4013	5098	5699	5931	5892	5624	5222	4855	4396	4006	3564	3270	3088	3063	3136	3295	3520	3520	3565	3471	3282	3170	2886	2720	2544	2359	2225	2081	
83	10948	95.0	95.0	40	1	0	2	994	1270	1923	2858	4001	5011	5598	5868	5849	5592	5227	4843	4395	3958	3594	3288	3129	3054	3129	3292	3484	3522	3564	3458	3271	3125	2883	2711	2611	2357	2218	2030	
83	11011	59.7	60.2	40	1	1	2	1102	1595	2703	4378	6344	8083	9010	9231	9050	8541	7840	7106	6400	5657	5012	4497	4108	3941	3936	4127	4351	4387	4412	4264	4016	3793	3540	3256	2955	2712	2568	2356	
83	11028	59.9	60.0	40	1	1	2	1130	1595	2788	4455	6513	8277	9228	9481	9287	8775	8020	7358	6496	5809	5080	4550	4189	3974	3984	4282	4392	4493	4476	4358	4122	3864	3544	3275	2998	2759	2566	2385	
83	11046	59.9	60.0	40	1	1	2	1125	1602	2739	4456	6469	8204	9181	9402	9183	8735	8020	7285	6485	5735	5109	4514	4141	3955	4011	4162	4386	4441	4467	4317	4069	3840	3554	3228	2986	2758	2566	2347	
83	11063	59.9	60.0	40	1	1	2	1125	1595	2743	4453	6516	8182	9144	9356	9175	8693	7955	7276	6485	5753	5075	4553	4191	3942	4046	4165	4395	4448	4447	4282	4071	3830	3528	3247	3038	2725	2555	2380	
83	11080	59.9	60.0	40	1	1	2	1123	1587	2766	4419	6480	8172	9164	9432	9180	8694	7985	7239	6425	5737	5088	4532	4168	3982	4007	4123	4403	4437	4493	4301	4085	3831	3543	3248	3002	2730	2560	2377	
83	11097	60.0	60.0	40	1	1	2	1115	1585	2753	4424	6460	8195	9191	9388	9207	8688	7909	7227	6475	5673	5053	4525	4190	3991	4014	4129	4357	4423	4445	4316	4050	3835	3516	3228	2967	2744	2526	2378	
83	11115	60.0	60.0	40	1	1	2	1111	1587	2771	4443	6513	8181	9113	9415	9262	8717	8022	7262	6470	5751	5124	4548	4172	3983	3987	4165	4377	4449	4446	4306	4075	3806	3529	3243	3019	2749	2566	2346	
