Well	Time (1/2 s)	Block Temp	Sample Temp	Repetition	PCR Stage	Extension	Scale	B1	B2	B3	B4	B5	B6	B7	B8	B9	B10	B11	B12	B13	B14	B15	B16	B17	B18	B19	B20	B21	B22	B23	B24	B25	B26	B27	B28	B29	B30	B31	B32
57	105	95.1	95.1	1	0	0	2	946	1092	1400	1865	2338	2769	3036	3115	3110	2990	2880	2690	2490	2325	2210	2118	2106	2226	2420	2672	2912	3058	3155	3089	2998	2845	2678	2492	2333	2200	2092	1992	
57	122	95.0	95.0	1	0	0	2	930	1085	1403	1846	2328	2778	3059	3136	3098	2983	2900	2690	2494	2320	2229	2081	2095	2192	2426	2677	2896	3070	3146	3104	2973	2821	2663	2503	2332	2226	2061	1964	
57	139	95.0	95.0	1	0	0	2	910	1084	1402	1828	2322	2773	2983	3113	3120	3009	2881	2668	2504	2320	2210	2099	2108	2206	2428	2664	2897	3078	3112	3072	2985	2858	2623	2470	2321	2171	2077	1948	
57	156	94.9	95.0	1	0	0	2	933	1091	1387	1828	2340	2757	2999	3107	3105	2970	2846	2658	2498	2283	2199	2088	2107	2239	2411	2677	2892	3076	3140	3100	2953	2847	2683	2512	2344	2204	2069	1950	
57	174	95.0	95.0	1	0	0	2	931	1078	1402	1841	2332	2724	3042	3100	3098	2958	2862	2656	2465	2314	2177	2088	2107	2200	2436	2649	2893	3071	3145	3110	2943	2808	2661	2495	2327	2185	2117	1979	
57	191	95.0	95.0	1	0	0	2	943	1090	1403	1832	2330	2734	2989	3094	3103	3003	2852	2677	2492	2325	2201	2094	2124	2206	2409	2695	2904	3068	3110	3083	2957	2875	2653	2531	2308	2201	2091	1960	
57	208	94.9	95.0	1	0	0	2	934	1094	1373	1824	2321	2749	3023	3128	3087	2998	2861	2653	2467	2322	2219	2094	2103	2206	2399	2679	2920	3089	3129	3072	2977	2827	2658	2512	2332	2193	2096	1955	
57	225	95.0	95.0	1	0	0	2	941	1101	1406	1810	2342	2726	3013	3120	3078	2985	2864	2685	2508	2319	2185	2097	2111	2230	2417	2660	2930	3081	3125	3104	2969	2825	2649	2481	2342	2190	2095	1977	
57	243	95.0	95.0	1	0	0	2	933	1137	1399	1843	2292	2752	3047	3118	3094	2970	2856	2703	2482	2313	2204	2094	2100	2229	2440	2689	2877	3070	3136	3103	2966	2824	2666	2501	2336	2187	2060	1968	
57	260	94.9	95.0	1	0	0	2	939	1084	1394	1814	2273	2746	2979	3113	3078	3025	2864	2656	2515	2321	2175	2109	2116	2219	2416	2687	2900	3065	3099	3076	2963	2860	2650	2493	2312	2219	2094	2000	
57	277	94.9	95.0	1	0	0	2	946	1092	1370	1829	2324	2758	3008	3098	3090	3001	2870	2675	2495	2328	2175	2108	2100	2201	2424	2664	2911	3067	3135	3090	2969	2853	2690	2502	2368	2213	2066	1959	
57	294	94.9	95.0	1	0	0	2	962	1096	1392	1817	2319	2753	3028	3100	3109	2977	2849	2681	2503	2305	2176	2098	2095	2222	2410	2663	2889	3069	3129	3103	2948	2812	2645	2484	2308	2208	2096	1946	
57	312	95.0	95.0	1	0	0	2	940	1087	1432	1854	2314	2756	3002	3129	3098	2986	2884	2664	2496	2316	2202	2102	2094	2220	2410	2654	2903	3075	3121	3085	2995	2848	2620	2511	2352	2196	2091	1966	
57	329	95.0	95.0	1	0	0	2	931	1090	1405	1848	2316	2729	2987	3118	3091	2989	2835	2684	2489	2302	2199	2109	2097	2210	2415	2690	2891	3069	3106	3077	2944	2834	2688	2500	2338	2207	2086	1986	
57	346	95.0	95.0	1	0	0	2	933	1084	1387	1822	2327	2732	2989	3129	3086	2985	2879	2672	2514	2316	2167	2076	2103	2191	2402	2650	2857	3041	3109	3061	2957	2830	2704	2520	2328	2181	2080	1955	
57	363	95.0	95.0	1	0	0	2	937	1060	1401	1824	2306	2756	3002	3085	3072	2994	2832	2664	2552	2320	2199	2130	2119	2224	2417	2663	2867	3049	3152	3067	2946	2829	2654	2512	2359	2195	2075	1967	
57	381	95.0	95.0	1	0	0	2	940	1081	1361	1823	2317	2752	2994	3091	3119	2978	2869	2695	2487	2324	2215	2105	2124	2188	2405	2658	2920	3074	3130	3100	2978	2849	2633	2476	2342	2210	2066	1964	
57	398	94.9	95.0	1	0	0	2	946	1094	1388	1806	2285	2762	2961	3097	3074	2997	2865	2675	2479	2315	2183	2105	2111	2212	2377	2658	2910	3048	3087	3072	2934	2863	2665	2480	2314	2213	2069	1957	
57	415	94.9	95.0	1	0	0	2	936	1075	1364	1817	2303	2740	3018	3087	3105	2977	2850	2646	2488	2312	2217	2108	2102	2239	2391	2659	2872	3045	3118	3101	2945	2863	2662	2486	2308	2183	2077	1942	
57	432	94.9	95.0	1	0	0	2	940	1080	1361	1817	2317	2755	3002	3092	3080	2973	2856	2658	2518	2336	2197	2098	2099	2195	2424	2631	2875	3042	3131	3092	2940	2843	2624	2506	2334	2198	2066	1978	
57	450	95.0	95.0	1	0	0	2	954	1085	1386	1813	2337	2738	2999	3100	3092	2989	2830	2648	2475	2300	2170	2093	2106	2228	2395	2641	2898	3053	3118	3085	2955	2844	2662	2517	2341	2205	2094	1956	
57	467	94.9	95.0	1	0	0	2	937	1086	1377	1830	2304	2758	3010	3106	3079	2986	2828	2665	2487	2307	2213	2097	2094	2219	2431	2677	2875	3062	3118	3090	2963	2846	2641	2492	2320	2201	2076	1953	
57	484	94.9	95.0	1	0	0	2	945	1090	1399	1839	2318	2740	2984	3090	3096	2982	2865	2684	2527	2307	2201	2112	2118	2235	2406	2644	2886	3065	3117	3082	2966	2833	2637	2499	2337	2199	2075	1981	
57	501	94.9	95.0	1	0	0	2	939	1074	1389	1830	2329	2735	3061	3104	3113	2978	2868	2656	2502	2316	2178	2104	2113	2231	2399	2632	2880	3081	3105	3094	2934	2854	2642	2496	2331	2246	2052	1967	
57	519	95.0	95.0	1	0	0	2	936	1080	1388	1794	2293	2743	3001	3128	3084	3026	2856	2653	2504	2321	2179	2084	2117	2218	2415	2670	2874	3047	3145	3085	2970	2826	2663	2524	2332	2183	2072	1987	
57	536	94.9	95.0	1	0	0	2	934	1079	1399	1818	2290	2723	3010	3126	3102	3010	2853	2658	2516	2323	2202	2092	2114	2193	2430	2674	2909	3062	3115	3070	2935	2845	2675	2504	2341	2208	2076	1966	
57	553	94.9	95.0	1	0	0	2	945	1064	1379	1811	2310	2735	3023	3084	3096	2997	2836	2684	2502	2315	2179	2116	2126	2226	2382	2646	2909	3049	3108	3094	2989	2843	2649	2516	2341	2180	2063	1933	
57	570	95.0	95.0	1	0	0	2	940	1112	1377	1839	2333	2757	2974	3157	3100	2998	2857	2660	2518	2332	2208	2113	2150	2204	2411	2686	2892	3072	3122	3053	2968	2844	2666	2491	2329	2197	2070	1953	
57	588	94.9	95.0	1	0	0	2	942	1079	1391	1828	2328	2716	3027	3117	3101	2990	2837	2682	2499	2330	2177	2102	2093	2210	2398	2661	2873	3028	3121	3105	2958	2849	2665	2480	2360	2207	2084	1978	
57	605	95.0	95.0	1	0	0	2	950	1081	1393	1835	2320	2748	3013	3138	3095	2978	2869	2671	2519	2321	2196	2098	2111	2204	2421	2670	2895	3069	3132	3047	2981	2847	2668	2503	2333	2209	2061	1945	
57	622	95.0	95.0	1	0	0	2	951	1076	1390	1805	2303	2771	3013	3130	3102	2989	2849	2675	2509	2306	2200	2095	2115	2228	2414	2689	2906	3063	3141	3100	2961	2857	2655	2501	2324	2204	2091	1991	
57	639	95.0	95.0	1	0	0	2	953	1086	1390	1829	2324	2771	3033	3147	3094	2955	2887	2675	2482	2337	2195	2104	2127	2207	2396	2664	2915	3094	3115	3083	2934	2847	2671	2487	2367	2216	2091	1966	
57	657	95.0	95.0	1	0	0	2	952	1082	1389	1825	2307	2766	2997	3107	3108	3005	2880	2680	2508	2334	2172	2144	2091	2229	2435	2688	2878	3073	3135	3060	2960	2828	2654	2494	2345	2204	2087	1955	
57	674	95.0	95.0	1	0	0	2	945	1072	1385	1824	2320	2742	2998	3121	3102	3016	2821	2657	2505	2306	2215	2121	2127	2210	2413	2668	2909	3086	3111	3081	2930	2817	2660	2511	2350	2200	2074	1967	
57	691	95.0	95.0	1	0	0	2	930	1082	1402	1809	2312	2758	3013	3098	3084	2963	2863	2676	2500	2321	2214	2095	2116	2209	2392	2650	2879	3059	3133	3093	2948	2855	2639	2507	2336	2187	2090	1990	
57	708	95.0	95.0	1	0	0	2	956	1091	1385	1840	2319	2720	3024	3146	3134	2996	2878	2668	2506	2312	2172	2133	2101	2208	2409	2662	2908	3055	3120	3061	2968	2851	2638	2479	2324	2187	2093	1969	
57	726	95.0	95.0	1	0	0	2	930	1089	1401	1843	2309	2772	3003	3122	3152	3016	2872	2667	2486	2316	2207	2100	2112	2219	2412	2654	2901	3047	3095	3100	2968	2844	2676	2478	2352	2228	2063	1950	
57	743	95.0	95.0	1	0	0	2	953	1096	1396	1832	2311	2776	3030	3121	3134	2985	2896	2683	2495	2334	2182	2118	2124	2217	2419	2683	2903	3101	3135	3096	3001	2852	2653	2509	2342	2197	2089	1957	
57	760	95.0	95.0	1	0	0	2	920	1104	1394	1833	2328	2770	2993	3118	3123	2985	2899	2686	2510	2325	2171	2119	2104	2217	2421	2675	2905	3062	3114	3089	2962	2822	2652	2474	2361	2235	2072	1957	
57	777	95.0	95.0	1	0	0	2	939	1087	1385	1834	2327	2759	3025	3097	3110	2989	2858	2671	2494	2326	2198	2111	2109	2219	2405	2663	2903	3048	3123	3088	2970	2845	2709	2516	2344	2213	2076	1960	
57	795	95.0	95.0	1	0	0	2	937	1100	1403	1822	2344	2735	3026	3113	3122	2999	2894	2718	2516	2338	2190	2106	2135	2228	2408	2696	2885	3044	3114	3073	2985	2858	2687	2494	2362	2207	2080	1941	
57	812	95.0	95.0	1	0	0	2	951	1096	1383	1822	2353	2784	3045	3148	3118	3047	2830	2681	2503	2338	2195	2125	2141	2220	2412	2685	2917	3101	3133	3065	2967	2861	2692	2530	2333	2176	2082	1986	
57	829	95.0	95.0	1	0	0	2	939	1105	1397	1848	2332	2732	3023	3150	3113	2997	2897	2708	2526	2344	2208	2120	2122	2234	2433	2698	2913	3062	3159	3082	2951	2838	2662	2506	2347	2198	2095	1961	
57	846	94.9	95.0	1	0	0	2	944	1110	1405	1839	2309	2754	3016	3120	3137	3009	2927	2703	2528	2341	2208	2112	2116	2243	2436	2660	2936	3088	3120	3074	2973	2849	2666	2493	2370	2193	2066	1969	
57	864	95.0	95.0	1	0	0	2	938	1087	1399	1821	2334	2768	3046	3153	3108	3006	2878	2686	2519	2334	2198	2116	2129	2233	2415	2693	2879	3074	3112	3108	2971	2868	2677	2518	2345	2209	2099	1974	
57	881	95.0	95.0	1	0	0	2	955	1084	1390	1855	2328	2745	3021	3144	3110	2998	2868	2688	2502	2351	2191	2124	2108	2252	2431	2670	2906	3061	3130	3061	2950	2847	2675	2495	2350	2197	2100	1964	
57	898	95.0	95.0	1	0	0	2	926	1094	1398	1765	2323	2751	3032	3103	3103	2976	2887	2676	2533	2354	2219	2114	2115	2207	2451	2692	2905	3090	3144	3100	2981	2872	2673	2523	2334	2202	2088	1960	
57	915	95.0	95.0	1	0	0	2	948	1084	1411	1837	2323	2757	3025	3142	3111	3026	2894	2716	2527	2325	2212	2101	2109	2220	2429	2687	2886	3082	3129	3080	3004	2842	2687	2538	2351	2220	2077	1974	
57	933	95.0	95.0	1	0	0	2	937	1101	1391	1827	2318	2812	3017	3153	3130	3025	2857	2694	2518	2335	2185	2109	2103	2226	2412	2661	2907	3058	3142	3088	2970	2839	2634	2504	2351	2203	2076	1977	
57	950	95.0	95.0	1	0	0	2	948	1096	1385	1832	2316	2774	3021	3148	3105	3010	2890	2695	2497	2346	2190	2113	2109	2237	2426	2642	2904	3077	3124	3068	2989	2870	2672	2500	2336	2212	2068	1968	
57	967	95.0	95.0	1	0	0	2	962	1089	1384	1819	2324	2766	3026	3136	3117	3015	2893	2689	2508	2334	2217	2077	2147	2216	2428	2708	2925	3081	3138	3067	2997	2846	2632	2534	2341	2200	2095	1960	
57	984	95.0	95.0	1	0	0	2	943	1067	1398	1817	2336	2750	3005	3123	3132	3022	2869	2711	2504	2336	2207	2113	2114	2231	2422	2676	2905	3093	3167	3098	2981	2888	2675	2512	2337	2205	2086	1961	
57	1002	95.0	95.0	1	0	0	2	945	1070	1421	1819	2338	2767	3016	3143	3120	2995	2916	2696	2512	2332	2177	2123	2119	2272	2434	2670	2906	3110	3121	3084	2979	2832	2660	2516	2326	2212	2073	1951	
57	1019	94.9	95.0	1	0	0	2	944	1077	1394	1835	2321	2758	3026	3151	3121	3021	2887	2685	2526	2340	2203	2103	2122	2223	2430	2682	2914	3076	3147	3063	2968	2849	2653	2493	2335	2197	2089	1973	
57	1036	94.9	95.0	1	0	0	2	938	1090	1395	1836	2313	2747	3027	3124	3126	2993	2882	2693	2517	2302	2228	2119	2128	2226	2453	2653	2911	3065	3147	3116	2956	2846	2654	2503	2357	2231	2080	1950	
57	1053	95.0	95.0	1	0	0	2	946	1084	1399	1847	2359	2775	3023	3135	3164	3014	2913	2675	2509	2329	2224	2115	2143	2221	2420	2664	2895	3065	3123	3086	2980	2854	2673	2496	2344	2214	2103	1955	
57	1071	95.0	95.0	1	0	0	2	940	1069	1380	1844	2308	2770	3038	3153	3128	3009	2848	2690	2521	2337	2195	2120	2120	2195	2420	2674	2882	3042	3126	3104	2953	2849	2660	2492	2369	2212	2096	1971	
57	1088	94.9	95.0	1	0	0	2	939	1094	1400	1827	2332	2768	3024	3117	3113	3017	2905	2665	2528	2333	2228	2124	2102	2224	2435	2661	2886	3057	3141	3077	2977	2854	2685	2518	2334	2224	2096	1983	
57	1105	95.0	95.0	1	0	0	2	946	1099	1381	1839	2347	2760	2992	3158	3153	3025	2876	2705	2548	2308	2212	2110	2120	2232	2420	2668	2896	3058	3119	3078	2957	2888	2657	2505	2344	2208	2080	1951	
57	1122	94.9	95.0	1	0	0	2	931	1085	1395	1825	2352	2759	3029	3116	3105	3021	2870	2686	2527	2330	2199	2107	2124	2234	2405	2663	2891	3042	3152	3116	2931	2869	2661	2513	2327	2176	2098	1971	
57	1140	95.0	95.0	1	0	0	2	944	1097	1385	1813	2352	2764	3025	3124	3139	3049	2891	2676	2508	2326	2226	2100	2126	2206	2425	2660	2911	3069	3134	3081	2979	2850	2675	2486	2341	2206	2100	1956	
57	1157	95.0	95.0	1	0	0	2	938	1089	1379	1827	2350	2776	3064	3135	3130	3044	2876	2706	2510	2356	2199	2132	2112	2217	2420	2648	2923	3069	3156	3071	2973	2860	2667	2500	2336	2216	2093	1962	
57	1174	95.0	95.0	1	0	0	2	967	1083	1403	1848	2340	2777	3052	3179	3145	3002	2885	2661	2545	2331	2184	2120	2133	2239	2422	2692	2893	3056	3140	3070	2985	2840	2663	2516	2361	2199	2078	1974	
57	1191	94.9	95.0	1	0	0	2	948	1099	1399	1838	2340	2739	3058	3115	3122	3005	2853	2692	2507	2341	2206	2083	2174	2228	2398	2690	2903	3119	3133	3078	3021	2855	2692	2491	2368	2225	2096	1956	
57	1209	94.9	95.0	1	0	0	2	937	1092	1397	1855	2356	2768	3028	3136	3122	3019	2868	2697	2488	2325	2230	2134	2138	2230	2436	2671	2899	3118	3140	3074	2950	2863	2646	2489	2359	2219	2097	1962	
57	1226	95.0	95.0	1	0	0	2	938	1115	1383	1832	2344	2782	3052	3158	3120	2995	2896	2705	2495	2366	2190	2122	2108	2234	2442	2654	2903	3079	3100	3089	2969	2829	2656	2522	2333	2192	2075	1953	
57	1243	95.0	95.0	1	0	0	2	961	1085	1385	1829	2348	2780	3026	3143	3152	3044	2901	2661	2549	2339	2201	2126	2123	2231	2448	2654	2888	3086	3149	3093	2976	2813	2686	2491	2334	2188	2081	2011	
57	1260	95.0	95.0	1	0	0	2	964	1072	1399	1844	2319	2763	3042	3148	3149	3024	2894	2668	2509	2312	2241	2146	2123	2247	2392	2691	2903	3084	3140	3080	2963	2850	2674	2507	2361	2203	2102	1960	
57	1278	95.0	95.0	1	0	0	2	944	1085	1388	1818	2354	2755	3052	3148	3112	3005	2892	2700	2528	2340	2190	2121	2114	2213	2416	2651	2913	3094	3118	3092	2952	2848	2655	2491	2343	2203	2097	1978	
57	1295	95.0	95.0	1	0	0	2	936	1088	1401	1821	2329	2790	3031	3145	3145	3050	2882	2702	2543	2335	2202	2133	2135	2241	2419	2655	2910	3084	3156	3097	2974	2850	2671	2489	2342	2173	2088	1924	
57	1324	95.0	95.0	1	1	0	2	939	1084	1393	1821	2320	2768	3027	3140	3126	3016	2873	2697	2534	2354	2206	2125	2125	2237	2414	2702	2907	3106	3143	3070	2987	2842	2663	2479	2360	2215	2091	1956	
57	1388	59.9	60.2	1	1	1	2	1024	1296	1947	2843	3826	4679	5064	5205	5079	4830	4481	4084	3741	3369	3076	2866	2740	2792	2982	3257	3521	3770	3860	3791	3579	3431	3188	2924	2702	2535	2373	2200	
57	1405	59.9	60.0	1	1	1	2	1033	1329	1992	2871	3875	4686	5135	5275	5112	4822	4532	4137	3772	3400	3122	2893	2769	2787	2982	3280	3573	3786	3863	3755	3635	3463	3188	2957	2713	2570	2388	2234	
57	1422	59.9	60.0	1	1	1	2	1035	1349	1957	2868	3879	4672	5117	5251	5155	4836	4515	4113	3774	3404	3105	2888	2781	2800	2991	3282	3534	3789	3852	3777	3637	3410	3209	2959	2730	2529	2335	2242	
57	1439	59.9	60.0	1	1	1	2	1040	1313	1970	2828	3839	4702	5170	5208	5122	4826	4498	4141	3763	3409	3087	2883	2775	2786	2985	3252	3564	3776	3856	3788	3594	3459	3199	2963	2740	2515	2388	2211	
57	1457	60.0	60.0	1	1	1	2	1041	1343	1980	2857	3915	4701	5147	5241	5120	4809	4442	4110	3768	3386	3099	2873	2733	2790	3021	3232	3583	3756	3817	3810	3658	3436	3164	2923	2734	2550	2368	2204	
57	1474	59.9	60.0	1	1	1	2	1043	1345	1973	2857	3886	4707	5122	5232	5115	4818	4525	4131	3758	3380	3111	2858	2761	2817	2986	3279	3558	3765	3869	3776	3601	3444	3166	2967	2727	2550	2406	2239	
57	1491	59.9	60.0	1	1	1	2	1046	1314	1948	2837	3892	4705	5101	5224	5130	4832	4540	4124	3736	3394	3094	2882	2754	2804	2994	3292	3554	3771	3824	3775	3607	3443	3155	2932	2735	2522	2378	2225	
57	1554	95.2	95.0	2	1	0	2	936	1071	1389	1832	2323	2734	2998	3098	3128	2982	2866	2641	2502	2338	2172	2102	2116	2199	2392	2640	2875	3022	3065	3036	2944	2814	2608	2472	2303	2178	2067	1925	
57	1571	95.0	95.0	2	1	0	2	945	1088	1395	1809	2322	2724	2980	3103	3070	2964	2828	2652	2459	2319	2161	2112	2081	2192	2387	2624	2862	2983	3085	3050	2936	2797	2609	2480	2294	2171	2057	1943	
57	1632	59.8	60.2	2	1	1	2	1027	1338	1928	2825	3755	4566	5020	5129	5022	4724	4400	4046	3713	3326	3086	2820	2709	2765	2945	3204	3504	3717	3820	3745	3615	3398	3203	2919	2691	2517	2339	2190	
57	1649	60.0	60.0	2	1	1	2	1017	1329	1950	2845	3794	4631	5042	5138	5062	4754	4423	4073	3711	3312	3047	2837	2740	2772	2946	3217	3537	3713	3869	3750	3583	3405	3122	2909	2686	2502	2367	2201	
57	1666	59.9	60.0	2	1	1	2	1010	1330	1943	2830	3818	4625	5040	5115	5004	4746	4446	4074	3716	3365	3052	2855	2734	2748	2962	3230	3554	3717	3814	3749	3570	3383	3159	2923	2705	2510	2353	2200	
57	1683	60.0	60.0	2	1	1	2	1027	1326	1944	2837	3802	4608	5095	5160	5021	4768	4467	4074	3704	3352	3020	2844	2712	2765	2990	3237	3517	3727	3785	3772	3591	3413	3132	2924	2698	2503	2352	2195	
57	1701	59.9	60.0	2	1	1	2	1037	1323	1950	2840	3872	4675	5084	5171	5106	4791	4474	4083	3706	3359	3103	2861	2744	2782	2966	3268	3535	3771	3822	3756	3599	3415	3144	2914	2700	2523	2328	2220	
57	1718	59.9	60.0	2	1	1	2	1027	1338	1973	2825	3826	4684	5118	5198	5087	4823	4500	4034	3699	3349	3092	2863	2737	2788	2962	3274	3553	3767	3798	3747	3616	3395	3150	2943	2707	2520	2368	2231	
57	1735	60.0	60.0	2	1	1	2	1025	1338	1984	2861	3873	4674	5070	5195	5047	4817	4475	4089	3725	3380	3065	2879	2743	2786	2942	3230	3533	3713	3838	3733	3643	3432	3135	2876	2701	2545	2344	2234	
57	1798	95.0	95.0	3	1	0	2	917	1061	1378	1811	2321	2754	2975	3120	3109	3003	2853	2655	2495	2332	2182	2113	2123	2196	2416	2677	2863	3015	3088	3034	2960	2828	2617	2465	2335	2192	2082	1953	
57	1815	95.0	95.0	3	1	0	2	969	1096	1382	1788	2299	2720	2961	3096	3088	2981	2835	2641	2467	2326	2177	2074	2105	2183	2369	2619	2877	3045	3064	3030	2901	2795	2603	2443	2297	2177	2056	1916	
57	1876	59.8	60.2	3	1	1	2	1023	1330	1939	2848	3801	4616	4981	5144	4999	4769	4380	4033	3718	3315	3034	2813	2725	2756	2952	3233	3494	3716	3835	3729	3512	3397	3132	2919	2690	2514	2347	2207	
57	1893	59.9	60.0	3	1	1	2	1031	1346	1920	2839	3817	4637	5036	5151	5045	4773	4427	4030	3693	3358	3063	2835	2713	2735	2943	3238	3516	3671	3799	3737	3586	3380	3163	2917	2716	2494	2352	2185	
57	1910	60.0	60.0	3	1	1	2	1031	1263	1941	2842	3806	4599	5084	5180	5005	4759	4477	4062	3726	3334	3066	2818	2717	2781	2961	3221	3528	3738	3778	3753	3585	3405	3134	2909	2701	2514	2346	2228	
57	1928	59.9	60.0	3	1	1	2	1018	1334	1958	2849	3856	4648	5073	5200	5066	4809	4506	4066	3736	3368	3081	2859	2724	2786	2977	3248	3522	3743	3803	3756	3580	3406	3173	2915	2714	2533	2374	2196	
57	1945	59.9	60.0	3	1	1	2	1032	1324	1956	2863	3858	4704	5126	5205	5109	4787	4469	4139	3758	3390	3106	2856	2736	2773	2950	3266	3563	3772	3818	3784	3586	3451	3150	2909	2696	2534	2341	2187	
57	1962	60.0	60.0	3	1	1	2	1032	1302	1972	2872	3876	4635	5118	5209	5088	4802	4467	4075	3753	3345	3098	2882	2729	2759	2940	3236	3546	3732	3823	3735	3554	3437	3162	2922	2678	2518	2370	2196	
57	1979	59.9	60.0	3	1	1	2	1020	1330	1961	2864	3803	4721	5113	5190	5100	4861	4478	4109	3731	3365	3076	2876	2722	2791	2967	3253	3521	3751	3814	3738	3588	3417	3123	2922	2713	2502	2366	2205	
57	2044	95.0	95.1	4	1	0	2	936	1080	1378	1808	2320	2742	3054	3114	3079	2961	2843	2620	2477	2299	2182	2078	2105	2201	2404	2619	2836	3009	3047	3043	2919	2815	2609	2461	2297	2160	2049	1938	
57	2061	95.0	95.0	4	1	0	2	939	1090	1381	1776	2294	2737	2979	3097	3043	2951	2858	2622	2489	2311	2180	2071	2084	2185	2404	2612	2862	2970	3063	3004	2901	2772	2612	2462	2307	2145	2048	1947	
57	2124	59.8	60.1	4	1	1	2	1014	1325	1939	2820	3765	4563	4997	5150	5046	4708	4420	4076	3711	3336	3017	2803	2693	2739	2920	3177	3510	3719	3778	3730	3554	3383	3113	2907	2636	2516	2327	2200	
57	2141	60.0	60.0	4	1	1	2	1024	1321	1938	2825	3783	4609	5101	5147	5032	4734	4467	4008	3698	3337	3083	2810	2731	2734	2949	3211	3529	3738	3784	3713	3583	3375	3147	2918	2662	2529	2348	2175	
57	2158	59.9	60.0	4	1	1	2	1036	1313	1931	2822	3843	4630	5107	5190	5055	4760	4442	4058	3710	3351	3033	2837	2749	2775	2944	3227	3481	3747	3823	3698	3605	3395	3155	2884	2722	2512	2344	2208	
57	2176	59.9	60.0	4	1	1	2	1024	1319	1966	2868	3834	4609	5101	5161	5070	4764	4476	4053	3721	3370	3097	2824	2723	2788	2965	3228	3528	3739	3815	3740	3579	3417	3115	2922	2678	2507	2351	2184	
57	2193	60.0	60.0	4	1	1	2	1027	1320	1965	2853	3842	4672	5087	5199	5113	4791	4463	4075	3702	3367	3075	2826	2742	2789	2956	3231	3551	3712	3820	3754	3577	3415	3160	2934	2711	2508	2326	2184	
57	2210	60.0	60.0	4	1	1	2	1033	1327	1955	2848	3873	4681	5135	5206	5096	4798	4473	4070	3716	3390	3060	2854	2747	2757	2912	3250	3495	3706	3813	3736	3542	3379	3144	2926	2685	2485	2344	2191	
57	2227	60.0	60.0	4	1	1	2	1023	1326	1953	2830	3833	4629	5073	5228	5055	4797	4458	4077	3719	3369	3093	2833	2742	2752	2946	3200	3514	3724	3780	3760	3560	3398	3122	2903	2706	2489	2343	2170	
57	2290	95.2	95.0	5	1	0	2	934	1087	1396	1833	2293	2749	2979	3116	3050	2954	2849	2665	2477	2300	2189	2105	2090	2173	2380	2612	2839	2998	3050	3014	2900	2769	2580	2450	2279	2172	2042	1934	
57	2307	95.0	95.0	5	1	0	2	941	1092	1369	1802	2272	2696	2956	3067	3054	2967	2832	2615	2442	2274	2147	2067	2094	2153	2349	2599	2818	2964	3038	3011	2881	2781	2587	2449	2284	2141	2051	1909	
57	2370	59.7	60.1	5	1	1	2	1049	1356	1960	2829	3797	4580	5006	5163	5035	4759	4425	4051	3696	3322	3046	2826	2703	2768	2952	3236	3457	3702	3763	3708	3543	3377	3139	2911	2677	2505	2351	2194	
57	2387	60.0	60.0	5	1	1	2	1041	1319	1952	2806	3807	4566	4985	5120	5030	4761	4442	4075	3673	3359	3037	2838	2704	2743	2924	3239	3484	3699	3772	3690	3577	3403	3153	2911	2664	2475	2348	2159	
57	2405	60.0	60.0	5	1	1	2	1024	1323	1956	2859	3841	4656	5045	5194	5080	4730	4441	4081	3697	3356	3075	2843	2735	2763	2946	3197	3531	3722	3798	3696	3587	3437	3135	2911	2688	2526	2367	2192	
57	2422	60.0	60.0	5	1	1	2	1027	1324	1949	2851	3867	4644	5066	5232	5083	4749	4452	4054	3740	3370	3068	2877	2725	2777	2939	3221	3504	3703	3798	3732	3604	3386	3138	2907	2669	2499	2345	2196	
57	2439	60.0	60.0	5	1	1	2	1021	1312	1951	2836	3834	4678	5094	5214	5046	4808	4484	4043	3720	3362	3079	2855	2720	2776	2925	3193	3523	3710	3824	3749	3560	3407	3141	2908	2704	2487	2345	2206	
57	2456	59.9	60.0	5	1	1	2	1040	1330	1984	2858	3851	4639	5061	5197	4992	4803	4486	4080	3767	3379	3091	2813	2725	2785	2933	3238	3510	3719	3779	3743	3554	3404	3163	2922	2687	2508	2344	2197	
57	2474	60.0	60.0	5	1	1	2	1026	1326	1937	2826	3779	4603	5014	5156	5047	4776	4422	4054	3696	3340	3044	2822	2704	2739	2958	3220	3506	3725	3771	3721	3549	3396	3113	2880	2674	2494	2351	2195	
57	2538	95.1	95.1	6	1	0	2	942	1075	1359	1785	2302	2721	2990	3066	3049	2938	2833	2623	2460	2276	2163	2073	2052	2155	2378	2601	2791	2987	3018	2971	2872	2766	2588	2428	2257	2149	2031	1914	
57	2555	95.0	95.0	6	1	0	2	928	1082	1365	1792	2280	2707	2919	3018	3062	2924	2794	2620	2432	2286	2161	2069	2070	2161	2340	2556	2814	2958	2986	2985	2840	2739	2581	2421	2270	2134	2012	1915	
57	2618	59.7	60.1	6	1	1	2	1022	1302	1939	2798	3755	4540	4987	5103	4956	4691	4356	3985	3678	3294	3027	2785	2665	2699	2924	3150	3459	3681	3724	3695	3534	3397	3102	2889	2665	2468	2307	2163	
57	2635	60.0	60.0	6	1	1	2	1056	1320	1907	2780	3779	4589	4994	5090	5006	4654	4385	4039	3662	3317	3060	2801	2692	2728	2902	3179	3457	3630	3733	3703	3480	3368	3109	2849	2640	2486	2309	2193	
57	2653	60.0	60.0	6	1	1	2	1020	1308	1939	2826	3778	4563	5037	5126	5032	4711	4388	4024	3668	3327	3041	2817	2695	2709	2923	3168	3432	3663	3781	3745	3547	3351	3121	2903	2669	2471	2328	2177	
57	2670	60.0	60.0	6	1	1	2	1036	1331	1955	2824	3776	4603	5039	5156	5017	4724	4432	4030	3698	3337	3042	2810	2686	2724	2915	3206	3464	3686	3744	3737	3549	3332	3084	2869	2670	2477	2290	2190	
57	2687	60.0	60.0	6	1	1	2	1019	1314	1940	2813	3797	4594	5020	5101	4979	4751	4409	4018	3706	3352	3051	2799	2730	2731	2944	3192	3446	3701	3775	3674	3502	3364	3102	2896	2679	2480	2320	2168	
57	2704	59.9	60.0	6	1	1	2	1041	1317	1930	2817	3812	4599	5038	5114	5012	4713	4419	4032	3689	3376	3049	2808	2723	2719	2902	3192	3455	3713	3767	3689	3507	3355	3089	2879	2662	2471	2322	2175	
57	2722	60.0	60.0	6	1	1	2	1024	1299	1958	2789	3796	4592	5000	5076	4995	4739	4425	4032	3655	3341	3031	2812	2684	2722	2922	3177	3467	3658	3759	3717	3542	3347	3084	2884	2650	2460	2350	2155	
57	2786	95.0	95.1	7	1	0	2	940	1092	1334	1791	2276	2709	2954	3058	3031	2960	2823	2624	2446	2285	2174	2091	2070	2159	2362	2573	2841	2971	3027	2975	2876	2751	2548	2429	2280	2134	2013	1914	
57	2803	95.0	95.0	7	1	0	2	912	1072	1347	1808	2276	2683	2943	3054	3028	2929	2796	2602	2418	2282	2129	2060	2075	2141	2328	2576	2778	2989	3014	2986	2833	2760	2568	2431	2250	2129	2020	1905	
57	2866	59.8	60.1	7	1	1	2	1030	1312	1914	2773	3755	4577	4951	5061	4934	4657	4333	4005	3641	3296	3001	2805	2716	2717	2885	3196	3443	3654	3716	3646	3500	3338	3080	2850	2662	2450	2270	2198	
57	2883	59.9	60.0	7	1	1	2	1026	1325	1926	2815	3765	4558	4969	5065	4941	4686	4363	4010	3635	3333	3012	2772	2671	2720	2924	3203	3461	3685	3728	3679	3495	3339	3115	2860	2632	2503	2290	2159	
57	2901	59.9	60.0	7	1	1	2	1021	1320	1931	2814	3757	4578	5006	5097	4994	4704	4389	3987	3686	3313	3003	2773	2677	2712	2925	3177	3411	3670	3751	3706	3493	3356	3108	2868	2638	2476	2309	2175	
57	2918	59.9	60.0	7	1	1	2	1031	1328	1946	2828	3788	4621	5004	5127	5047	4709	4387	3998	3669	3301	3029	2828	2697	2722	2945	3178	3464	3735	3731	3692	3503	3391	3084	2851	2674	2485	2288	2172	
57	2935	60.0	60.0	7	1	1	2	1044	1301	1926	2816	3817	4578	4988	5086	4985	4681	4341	4025	3664	3310	3028	2785	2704	2743	2910	3163	3418	3641	3742	3687	3520	3305	3090	2892	2614	2472	2324	2153	
57	2952	60.0	60.0	7	1	1	2	1033	1318	1933	2818	3759	4560	5015	5120	4953	4694	4385	4061	3672	3300	3010	2789	2662	2738	2904	3145	3447	3652	3723	3648	3493	3344	3124	2853	2632	2457	2319	2177	
57	2970	60.0	60.0	7	1	1	2	1024	1311	1936	2799	3787	4605	5008	5096	4961	4730	4419	4004	3661	3289	3013	2807	2685	2705	2918	3195	3440	3667	3754	3702	3515	3351	3078	2862	2646	2457	2291	2176	
57	3034	95.3	95.0	8	1	0	2	928	1071	1368	1796	2279	2693	2949	3060	3041	2914	2809	2619	2458	2256	2146	2057	2051	2155	2362	2580	2786	2930	2982	2966	2864	2738	2572	2413	2288	2118	2006	1898	
57	3051	95.0	95.0	8	1	0	2	929	1074	1370	1754	2291	2682	2919	3008	3027	2918	2784	2597	2410	2254	2178	2064	2037	2143	2312	2555	2770	2944	2991	2936	2854	2734	2542	2417	2247	2138	1987	1898	
57	3114	59.7	60.2	8	1	1	2	1024	1299	1899	2753	3726	4528	4934	5034	4929	4632	4336	3995	3646	3240	3002	2758	2646	2693	2889	3158	3418	3640	3722	3636	3491	3335	3048	2843	2622	2452	2286	2163	
57	3132	59.9	60.0	8	1	1	2	1016	1304	1906	2770	3768	4504	4985	5029	4949	4661	4330	3924	3613	3288	3015	2795	2661	2731	2861	3142	3396	3638	3680	3681	3482	3304	3089	2860	2616	2452	2278	2143	
57	3149	60.0	60.0	8	1	1	2	1020	1296	1947	2795	3750	4497	4945	5060	4908	4640	4312	3990	3668	3299	3032	2766	2679	2728	2899	3172	3424	3648	3714	3664	3484	3326	3100	2852	2645	2459	2298	2140	
57	3166	60.0	60.0	8	1	1	2	1033	1296	1939	2811	3781	4572	5005	5082	4936	4688	4390	3997	3648	3298	3008	2785	2701	2708	2896	3162	3474	3703	3729	3700	3493	3301	3088	2861	2638	2465	2296	2155	
57	3183	60.0	60.0	8	1	1	2	1028	1328	1960	2809	3784	4537	5004	5072	4986	4690	4340	3974	3660	3305	3019	2797	2684	2746	2884	3192	3443	3622	3720	3651	3517	3344	3097	2902	2653	2482	2287	2161	
57	3201	60.0	60.0	8	1	1	2	1022	1329	1942	2810	3746	4553	4996	5111	4955	4666	4366	3953	3712	3274	2986	2791	2662	2718	2882	3159	3410	3653	3722	3685	3476	3314	3054	2847	2617	2442	2299	2154	
57	3218	60.0	60.0	8	1	1	2	1021	1308	1908	2772	3726	4514	4965	5055	4949	4662	4363	3939	3618	3279	2987	2779	2661	2672	2886	3143	3419	3630	3694	3638	3493	3322	3084	2844	2622	2449	2286	2172	
57	3280	95.2	95.0	9	1	0	2	925	1075	1410	1775	2252	2698	2922	3017	3031	2891	2782	2610	2431	2267	2141	2057	2018	2163	2348	2566	2768	2903	2984	2962	2813	2699	2535	2393	2256	2129	1994	1887	
57	3298	95.0	95.0	9	1	0	2	933	1079	1374	1778	2245	2641	2921	3028	2986	2851	2779	2592	2419	2240	2136	2058	2039	2135	2297	2524	2726	2893	2969	2919	2858	2718	2515	2395	2264	2102	1944	1907	
57	3360	59.8	60.2	9	1	1	2	1021	1293	1889	2769	3683	4466	4891	4931	4902	4593	4317	3924	3583	3273	2992	2776	2641	2682	2890	3146	3412	3602	3690	3648	3464	3334	3047	2832	2623	2433	2283	2149	
57	3378	60.0	60.0	9	1	1	2	1034	1305	1925	2753	3704	4476	4908	5022	4928	4636	4333	3943	3606	3251	3001	2760	2650	2687	2844	3147	3402	3616	3658	3609	3490	3333	3046	2876	2607	2433	2309	2138	
57	3395	60.0	60.0	9	1	1	2	1019	1315	1920	2768	3724	4520	4967	5031	4913	4622	4370	3954	3654	3285	2990	2779	2645	2696	2886	3134	3416	3630	3711	3652	3489	3324	3030	2811	2614	2446	2298	2150	
57	3412	60.0	60.0	9	1	1	2	1048	1306	1908	2806	3718	4513	4945	5040	4958	4654	4343	3967	3627	3274	2993	2802	2658	2716	2883	3150	3415	3600	3728	3620	3480	3285	3065	2868	2628	2454	2290	2159	
57	3429	60.0	60.0	9	1	1	2	1023	1288	1920	2781	3728	4492	4916	5062	4900	4675	4338	3929	3641	3244	2979	2783	2649	2728	2872	3160	3433	3613	3675	3646	3459	3335	3056	2853	2605	2436	2256	2161	
57	3447	60.0	60.0	9	1	1	2	1021	1334	1905	2750	3753	4515	4949	5058	4906	4616	4349	3937	3611	3274	3018	2763	2640	2692	2863	3106	3385	3640	3698	3619	3483	3324	3049	2854	2651	2422	2297	2151	
57	3464	60.0	60.0	9	1	1	2	1024	1296	1922	2753	3726	4501	4901	4983	4921	4590	4346	3964	3565	3235	2998	2778	2656	2697	2845	3115	3401	3580	3656	3637	3462	3275	3064	2836	2613	2453	2280	2149	
57	3528	95.3	95.0	10	1	0	2	928	1070	1358	1783	2253	2718	2931	2991	2991	2884	2790	2565	2416	2291	2122	2062	2019	2128	2294	2533	2732	2911	2983	2931	2813	2715	2517	2392	2224	2129	2009	1899	
57	3546	95.0	95.0	10	1	0	2	929	1066	1354	1778	2249	2623	2872	3002	2959	2867	2771	2542	2408	2236	2084	2027	2030	2136	2323	2536	2725	2901	2940	2930	2804	2676	2518	2385	2222	2094	1993	1883	
57	3609	59.8	60.1	10	1	1	2	1023	1285	1912	2751	3704	4453	4892	4952	4832	4592	4272	3919	3581	3240	2954	2738	2666	2677	2858	3125	3387	3599	3662	3585	3444	3278	3030	2813	2596	2435	2304	2145	
57	3626	59.9	60.0	10	1	1	2	989	1295	1884	2728	3696	4460	4863	4941	4881	4565	4306	3867	3589	3238	2975	2754	2642	2683	2847	3112	3375	3561	3679	3611	3445	3257	3044	2817	2628	2421	2277	2134	
57	3643	59.9	60.0	10	1	1	2	1023	1290	1916	2752	3705	4447	4875	5008	4873	4598	4292	3934	3622	3278	2986	2767	2653	2684	2892	3115	3389	3564	3723	3612	3453	3299	3044	2830	2608	2435	2276	2135	
57	3660	59.9	60.0	10	1	1	2	1036	1289	1920	2757	3724	4517	4914	5066	4893	4621	4308	3955	3620	3260	2974	2790	2684	2704	2863	3124	3402	3575	3654	3584	3456	3285	3039	2819	2574	2428	2262	2158	
57	3677	60.0	60.0	10	1	1	2	1021	1303	1924	2771	3714	4483	4889	5027	4912	4630	4296	3932	3621	3239	2976	2763	2665	2674	2844	3142	3385	3598	3657	3592	3422	3288	3036	2809	2592	2435	2267	2130	
57	3695	60.0	60.0	10	1	1	2	1023	1276	1922	2770	3661	4509	4900	4969	4889	4594	4294	3957	3606	3245	2967	2759	2671	2681	2864	3112	3381	3596	3683	3599	3433	3282	3066	2839	2616	2438	2271	2148	
57	3712	59.9	60.0	10	1	1	2	1024	1303	1931	2755	3702	4472	4926	4998	4857	4578	4281	3938	3587	3240	2923	2766	2654	2681	2851	3142	3357	3574	3685	3620	3454	3285	3024	2824	2619	2425	2251	2125	
57	3776	95.2	95.0	11	1	0	2	928	1072	1365	1738	2257	2646	2896	3007	2963	2888	2754	2573	2370	2227	2133	2037	2035	2118	2317	2549	2741	2895	2930	2909	2803	2675	2504	2347	2255	2079	2011	1871	
57	3794	95.0	95.0	11	1	0	2	940	1056	1345	1748	2229	2659	2870	2969	2948	2865	2776	2571	2391	2239	2107	2014	2035	2115	2272	2534	2729	2866	2954	2900	2790	2656	2548	2368	2232	2113	1996	1859	
57	3856	59.7	60.2	11	1	1	2	1010	1259	1863	2731	3658	4456	4819	4954	4802	4555	4236	3889	3557	3188	2948	2747	2611	2650	2836	3104	3372	3544	3679	3588	3415	3286	3001	2824	2587	2424	2269	2100	
57	3874	59.9	60.0	11	1	1	2	1017	1286	1907	2740	3685	4424	4818	4965	4870	4575	4267	3908	3549	3238	2976	2725	2623	2671	2813	3080	3370	3571	3639	3585	3445	3265	3025	2780	2598	2403	2263	2125	
57	3891	60.0	60.0	11	1	1	2	1019	1303	1901	2762	3699	4454	4869	5006	4888	4617	4269	3887	3562	3240	2959	2758	2657	2674	2845	3109	3390	3609	3642	3614	3469	3280	3040	2821	2600	2447	2262	2138	
57	3908	60.0	60.0	11	1	1	2	1026	1284	1912	2738	3682	4488	4947	5008	4906	4610	4307	3940	3613	3268	2981	2751	2665	2666	2825	3133	3411	3602	3652	3640	3457	3275	3010	2845	2596	2437	2268	2116	
57	3925	60.0	60.0	11	1	1	2	1026	1291	1909	2773	3688	4500	4857	5018	4872	4606	4295	3901	3563	3250	2951	2737	2642	2705	2860	3112	3374	3583	3637	3581	3419	3271	3048	2819	2597	2375	2272	2152	
57	3943	60.0	60.0	11	1	1	2	1011	1295	1917	2751	3718	4479	4876	4962	4901	4610	4286	3894	3612	3252	2945	2756	2614	2673	2854	3123	3361	3558	3642	3608	3440	3278	3004	2813	2607	2407	2270	2143	
57	3960	60.0	60.0	11	1	1	2	1027	1292	1904	2735	3668	4493	4889	4964	4840	4574	4309	3940	3545	3235	2948	2735	2648	2652	2843	3105	3392	3605	3632	3591	3435	3283	3041	2836	2586	2427	2266	2140	
57	4023	95.1	95.0	12	1	0	2	933	1060	1370	1747	2194	2655	2907	3002	2973	2887	2766	2566	2396	2221	2121	2039	2033	2108	2305	2521	2735	2868	2892	2915	2807	2682	2489	2355	2204	2110	1959	1887	
57	4040	95.0	95.0	12	1	0	2	934	1064	1332	1759	2249	2642	2865	2994	2958	2867	2720	2558	2381	2212	2089	2042	2018	2114	2276	2513	2720	2884	2925	2849	2780	2663	2518	2357	2219	2085	1984	1869	
57	4103	59.8	60.1	12	1	1	2	1032	1291	1880	2693	3646	4397	4810	4895	4824	4565	4267	3841	3552	3217	2913	2721	2599	2628	2847	3080	3359	3553	3628	3598	3416	3252	3027	2810	2593	2399	2279	2125	
57	4120	59.9	60.0	12	1	1	2	1008	1296	1878	2723	3664	4486	4814	4886	4845	4577	4254	3940	3532	3230	2931	2759	2646	2635	2851	3116	3380	3560	3667	3587	3418	3265	3018	2774	2592	2415	2272	2114	
57	4137	60.0	60.0	12	1	1	2	1015	1287	1899	2761	3682	4459	4916	4981	4864	4576	4321	3954	3587	3237	2940	2742	2662	2690	2839	3110	3378	3614	3612	3628	3415	3292	3025	2823	2608	2412	2247	2152	
57	4154	60.0	60.0	12	1	1	2	1026	1309	1883	2768	3680	4470	4885	4998	4876	4653	4267	3888	3592	3245	2902	2754	2636	2655	2845	3096	3345	3558	3641	3619	3437	3273	2991	2813	2612	2423	2264	2134	
57	4172	59.9	60.0	12	1	1	2	1033	1311	1914	2767	3731	4453	4828	4962	4870	4575	4275	3901	3594	3251	2988	2731	2624	2726	2813	3112	3352	3570	3647	3589	3471	3256	3015	2815	2597	2434	2270	2149	
57	4189	60.0	60.0	12	1	1	2	1024	1314	1897	2718	3676	4440	4857	4989	4850	4583	4291	3904	3577	3233	2983	2731	2649	2640	2850	3084	3377	3589	3677	3605	3456	3244	2983	2819	2586	2430	2256	2122	
57	4206	60.0	60.0	12	1	1	2	1027	1296	1901	2763	3664	4457	4832	4966	4846	4574	4259	3898	3555	3222	2958	2722	2609	2653	2853	3080	3378	3582	3638	3588	3435	3262	2997	2816	2574	2432	2269	2126	
57	4268	95.2	95.0	13	1	0	2	928	1062	1359	1759	2217	2645	2868	2954	2970	2854	2760	2538	2405	2248	2117	2013	1999	2107	2286	2507	2736	2869	2923	2902	2784	2701	2506	2336	2198	2072	2000	1892	
57	4285	95.0	95.0	13	1	0	2	924	1062	1363	1780	2228	2625	2890	2967	3004	2872	2728	2593	2394	2215	2090	2016	2016	2124	2265	2501	2704	2884	2940	2855	2778	2694	2481	2345	2208	2061	1971	1881	
57	4348	59.7	60.2	13	1	1	2	1020	1284	1910	2711	3643	4397	4809	4908	4798	4528	4225	3860	3542	3200	2941	2729	2615	2649	2817	3064	3359	3500	3606	3526	3446	3246	3030	2810	2605	2417	2245	2117	
57	4365	59.9	60.0	13	1	1	2	1027	1293	1844	2726	3623	4417	4838	4925	4820	4534	4222	3862	3517	3214	2885	2715	2595	2611	2828	3049	3342	3535	3638	3563	3416	3237	2997	2812	2574	2413	2248	2114	
57	4382	59.9	60.0	13	1	1	2	1000	1296	1893	2743	3669	4407	4815	4934	4860	4541	4285	3864	3562	3235	2944	2749	2628	2662	2807	3101	3359	3576	3645	3578	3431	3253	3018	2798	2576	2413	2266	2144	
57	4400	60.0	60.0	13	1	1	2	1022	1299	1910	2743	3652	4453	4844	4959	4872	4555	4304	3903	3604	3226	2965	2733	2612	2644	2865	3092	3352	3573	3644	3620	3400	3216	3000	2805	2585	2412	2260	2140	
57	4417	60.0	60.0	13	1	1	2	1013	1303	1908	2775	3677	4428	4847	5000	4845	4584	4260	3915	3589	3214	2945	2745	2643	2666	2815	3096	3391	3587	3661	3578	3449	3262	3038	2827	2568	2423	2277	2125	
57	4434	60.0	60.0	13	1	1	2	1012	1283	1878	2744	3654	4435	4886	4968	4855	4538	4331	3899	3544	3231	2956	2759	2623	2659	2841	3097	3380	3554	3638	3559	3428	3280	3052	2800	2599	2417	2250	2114	
57	4451	60.0	60.0	13	1	1	2	1030	1291	1905	2724	3652	4422	4831	4912	4828	4553	4264	3872	3531	3226	2941	2741	2639	2648	2831	3081	3387	3547	3654	3559	3439	3270	2978	2799	2570	2378	2243	2144	
57	4514	95.2	95.0	14	1	0	2	931	1086	1377	1744	2245	2634	2891	2988	2983	2885	2760	2554	2402	2229	2109	2036	2024	2142	2283	2518	2724	2873	2939	2908	2798	2699	2518	2356	2230	2045	1960	1871	
57	4531	95.0	95.0	14	1	0	2	933	1069	1356	1750	2237	2638	2874	2967	2938	2867	2738	2556	2389	2230	2108	2048	2032	2108	2308	2505	2737	2882	2956	2899	2788	2661	2512	2376	2193	2086	1973	1878	
57	4594	59.8	60.2	14	1	1	2	1023	1291	1872	2701	3644	4373	4813	4918	4788	4540	4267	3869	3551	3212	2958	2725	2618	2679	2834	3067	3394	3548	3646	3527	3427	3251	3040	2814	2612	2392	2255	2093	
57	4611	59.9	60.0	14	1	1	2	1029	1288	1860	2721	3712	4430	4819	4936	4854	4542	4258	3872	3534	3223	2933	2733	2598	2645	2838	3073	3374	3554	3607	3573	3406	3258	3002	2768	2590	2416	2279	2115	
57	4628	59.9	60.0	14	1	1	2	992	1273	1914	2727	3658	4472	4845	4975	4816	4518	4245	3878	3572	3219	2959	2708	2620	2653	2814	3085	3363	3591	3654	3566	3434	3231	3018	2807	2581	2381	2272	2101	
57	4646	60.0	60.0	14	1	1	2	1030	1306	1904	2726	3666	4438	4821	4931	4870	4581	4262	3886	3567	3228	2970	2729	2615	2631	2796	3111	3399	3559	3688	3587	3432	3281	2997	2785	2586	2443	2234	2122	
57	4663	60.0	60.0	14	1	1	2	1015	1282	1881	2763	3672	4454	4830	4980	4858	4561	4241	3887	3564	3192	2927	2732	2619	2661	2823	3072	3341	3551	3625	3576	3421	3274	3011	2793	2605	2416	2244	2148	
57	4680	60.0	60.0	14	1	1	2	1021	1301	1910	2734	3651	4428	4838	4940	4803	4527	4260	3912	3533	3202	2941	2762	2636	2642	2833	3095	3325	3552	3645	3571	3421	3247	3021	2782	2612	2413	2250	2113	
57	4697	60.0	60.0	14	1	1	2	1022	1296	1850	2739	3637	4420	4807	4877	4811	4533	4222	3879	3516	3202	2898	2724	2567	2624	2799	3061	3340	3518	3621	3573	3395	3247	3011	2770	2550	2409	2249	2116	
57	4762	95.2	95.0	15	1	0	2	924	1035	1367	1784	2225	2611	2883	2975	2992	2857	2735	2544	2392	2232	2091	2031	2030	2124	2295	2492	2739	2898	2932	2866	2784	2683	2492	2372	2212	2104	1955	1866	
57	4779	95.0	95.0	15	1	0	2	921	1062	1360	1780	2227	2625	2862	3006	2930	2831	2693	2515	2372	2196	2095	2021	2014	2108	2274	2504	2703	2875	2896	2888	2761	2658	2519	2353	2198	2065	1947	1866	
57	4842	59.6	60.2	15	1	1	2	1016	1292	1865	2701	3640	4405	4778	4879	4758	4504	4193	3889	3490	3194	2924	2711	2565	2614	2790	3070	3322	3524	3561	3553	3414	3240	3019	2823	2584	2388	2245	2108	
57	4859	59.9	60.0	15	1	1	2	1021	1292	1875	2713	3656	4366	4759	4894	4758	4515	4188	3873	3518	3177	2902	2724	2616	2660	2830	3084	3317	3532	3600	3568	3396	3265	3001	2782	2579	2400	2235	2089	
57	4876	60.0	60.0	15	1	1	2	1004	1281	1894	2703	3670	4410	4808	4886	4802	4508	4208	3874	3538	3213	2913	2697	2602	2673	2811	3074	3349	3538	3596	3541	3399	3230	2983	2805	2540	2395	2229	2113	
57	4894	60.0	60.0	15	1	1	2	998	1308	1894	2736	3642	4401	4837	4905	4806	4543	4234	3844	3540	3176	2933	2699	2585	2636	2831	3088	3362	3515	3582	3538	3394	3247	2999	2785	2588	2416	2248	2120	
57	4911	60.0	60.0	15	1	1	2	1009	1284	1901	2735	3658	4412	4833	4950	4831	4527	4252	3872	3580	3224	2935	2730	2618	2640	2842	3101	3321	3567	3626	3539	3404	3245	2980	2778	2577	2400	2255	2101	
57	4928	60.0	60.0	15	1	1	2	1023	1269	1901	2712	3638	4391	4802	4877	4792	4562	4213	3890	3521	3204	2913	2699	2627	2639	2834	3063	3363	3516	3607	3557	3404	3225	2985	2836	2581	2386	2256	2111	
57	4945	60.0	60.0	15	1	1	2	1011	1281	1891	2693	3632	4404	4802	4912	4799	4498	4239	3837	3512	3185	2927	2736	2597	2636	2810	3072	3326	3535	3605	3528	3416	3232	2992	2777	2566	2377	2249	2138	
57	5010	95.3	95.0	16	1	0	2	947	1075	1340	1753	2222	2585	2825	2954	2938	2828	2722	2539	2360	2191	2095	2006	2006	2108	2283	2499	2724	2852	2896	2895	2779	2656	2478	2340	2227	2094	1956	1866	
57	5027	95.0	95.0	16	1	0	2	936	1065	1349	1755	2211	2591	2856	2926	2910	2813	2688	2559	2377	2212	2100	2008	1989	2081	2267	2473	2689	2845	2911	2855	2746	2632	2497	2329	2194	2070	1946	1863	
57	5090	59.7	60.2	16	1	1	2	1029	1275	1885	2666	3627	4360	4743	4867	4738	4448	4195	3807	3489	3185	2918	2667	2591	2610	2809	3025	3338	3513	3567	3497	3351	3210	2972	2769	2538	2362	2238	2095	
57	5107	60.0	60.0	16	1	1	2	1011	1288	1859	2708	3635	4416	4755	4897	4749	4490	4221	3832	3499	3196	2905	2705	2608	2630	2778	3052	3339	3522	3578	3542	3398	3202	2998	2781	2546	2390	2248	2120	
57	5124	60.0	60.0	16	1	1	2	1021	1287	1855	2749	3648	4415	4780	4937	4798	4508	4216	3893	3549	3205	2903	2698	2630	2627	2858	3083	3311	3520	3604	3550	3413	3216	3028	2769	2580	2407	2244	2106	
57	5142	59.9	60.0	16	1	1	2	1018	1302	1858	2717	3625	4450	4857	4920	4820	4580	4278	3875	3543	3199	2946	2722	2602	2661	2797	3079	3355	3547	3612	3565	3379	3214	2993	2779	2551	2402	2250	2116	
57	5159	60.0	60.0	16	1	1	2	1007	1285	1876	2707	3638	4406	4829	4951	4790	4547	4242	3864	3519	3207	2944	2709	2612	2671	2793	3083	3306	3534	3594	3572	3420	3216	2998	2786	2556	2395	2238	2094	
57	5176	60.0	60.0	16	1	1	2	1033	1280	1898	2753	3647	4424	4823	4913	4776	4533	4223	3851	3537	3214	2894	2724	2587	2655	2795	3073	3327	3457	3621	3504	3380	3228	2987	2766	2595	2368	2236	2111	
57	5193	60.0	60.0	16	1	1	2	1025	1264	1878	2754	3652	4429	4812	4905	4784	4488	4234	3852	3529	3196	2932	2711	2597	2636	2814	3098	3332	3519	3601	3564	3419	3232	2972	2764	2532	2389	2229	2099	
57	5256	95.3	95.0	17	1	0	2	927	1086	1341	1740	2191	2625	2854	2963	2922	2862	2724	2531	2379	2219	2093	2008	2028	2094	2260	2499	2706	2858	2909	2852	2768	2653	2464	2320	2201	2063	1953	1864	
57	5273	95.0	95.0	17	1	0	2	939	1074	1346	1734	2206	2585	2845	2934	2930	2823	2683	2520	2396	2193	2077	2017	1986	2079	2254	2479	2713	2875	2900	2856	2722	2640	2507	2355	2191	2056	1940	1850	
57	5336	59.7	60.1	17	1	1	2	1004	1280	1835	2686	3623	4339	4749	4854	4734	4497	4211	3819	3496	3166	2875	2671	2588	2624	2814	3034	3286	3510	3578	3529	3384	3228	3002	2793	2564	2397	2258	2114	
57	5353	60.0	60.0	17	1	1	2	1008	1280	1871	2716	3634	4335	4746	4905	4735	4493	4184	3850	3496	3182	2904	2689	2591	2625	2798	3058	3337	3524	3589	3542	3383	3216	3012	2776	2539	2397	2218	2108	
57	5371	59.9	60.0	17	1	1	2	1002	1283	1898	2708	3665	4421	4804	4913	4802	4532	4225	3851	3560	3192	2917	2696	2612	2649	2805	3065	3331	3544	3619	3544	3384	3249	2984	2761	2597	2396	2239	2128	
57	5388	60.0	60.0	17	1	1	2	1014	1301	1891	2723	3669	4389	4853	4927	4799	4573	4249	3864	3542	3233	2955	2712	2610	2635	2821	3100	3345	3549	3601	3576	3387	3223	3005	2784	2572	2400	2248	2125	
57	5405	60.0	60.0	17	1	1	2	1013	1292	1874	2716	3639	4442	4806	4917	4832	4535	4248	3860	3559	3195	2929	2727	2616	2607	2792	3071	3393	3530	3604	3581	3401	3209	3004	2795	2562	2403	2242	2093	
57	5422	59.9	60.0	17	1	1	2	1011	1285	1877	2733	3663	4434	4792	4934	4800	4519	4237	3849	3526	3200	2938	2736	2618	2621	2784	3084	3344	3518	3583	3618	3372	3234	2996	2778	2564	2381	2253	2119	
57	5440	60.0	60.0	17	1	1	2	1010	1294	1875	2697	3632	4391	4792	4900	4781	4521	4211	3816	3517	3196	2910	2695	2594	2656	2802	3096	3337	3542	3589	3571	3405	3238	2986	2772	2553	2372	2259	2103	
57	5504	95.3	95.0	18	1	0	2	940	1052	1349	1764	2222	2628	2852	2946	2965	2844	2703	2535	2381	2196	2088	2043	1995	2086	2243	2503	2693	2859	2891	2854	2769	2659	2475	2338	2177	2087	1944	1850	
57	5521	95.0	95.0	18	1	0	2	939	1065	1341	1761	2223	2595	2834	2929	2894	2809	2723	2522	2379	2184	2072	1973	1977	2084	2276	2468	2697	2829	2882	2849	2789	2666	2483	2342	2184	2072	1969	1857	
57	5584	59.8	60.1	18	1	1	2	1019	1278	1880	2677	3604	4312	4716	4820	4691	4509	4177	3829	3519	3181	2889	2695	2576	2633	2823	3073	3292	3509	3585	3527	3356	3214	2990	2758	2535	2433	2243	2133	
57	5601	59.9	60.0	18	1	1	2	1020	1299	1852	2693	3581	4379	4796	4863	4729	4461	4201	3798	3517	3178	2912	2716	2592	2610	2795	3027	3300	3497	3584	3538	3346	3199	2983	2751	2561	2421	2233	2073	
57	5619	60.0	60.0	18	1	1	2	1016	1298	1890	2686	3641	4381	4793	4898	4777	4508	4311	3848	3535	3201	2917	2708	2593	2644	2808	3049	3314	3499	3596	3498	3387	3195	2969	2768	2537	2406	2248	2116	
57	5636	60.0	60.0	18	1	1	2	1035	1291	1883	2716	3638	4441	4820	4886	4808	4551	4244	3875	3574	3204	2902	2710	2619	2637	2827	3048	3318	3535	3589	3560	3380	3249	2990	2776	2564	2362	2261	2114	
57	5653	60.0	60.0	18	1	1	2	1004	1289	1915	2703	3632	4354	4777	4901	4766	4547	4215	3875	3541	3187	2943	2707	2590	2600	2816	3086	3335	3572	3575	3537	3401	3243	2991	2791	2580	2384	2264	2111	
57	5670	60.0	60.0	18	1	1	2	1010	1308	1883	2698	3588	4403	4804	4892	4760	4512	4203	3874	3534	3188	2929	2702	2576	2649	2818	3062	3299	3523	3596	3523	3390	3230	2987	2767	2547	2369	2250	2120	
57	5688	59.9	60.0	18	1	1	2	1013	1280	1867	2716	3624	4368	4781	4826	4768	4476	4208	3844	3526	3210	2916	2699	2598	2622	2803	3065	3333	3518	3571	3546	3404	3215	3004	2754	2552	2381	2226	2122	
57	5752	95.3	95.0	19	1	0	2	924	1079	1347	1780	2216	2600	2847	2969	2945	2807	2722	2513	2375	2211	2067	2014	1995	2086	2280	2487	2675	2863	2892	2865	2743	2664	2508	2321	2198	2045	1953	1865	
57	5769	95.0	95.0	19	1	0	2	939	1070	1344	1749	2226	2614	2863	2918	2912	2822	2689	2517	2331	2180	2090	2010	2016	2076	2255	2473	2699	2837	2895	2846	2726	2644	2454	2344	2186	2076	1974	1835	
57	5832	59.7	60.2	19	1	1	2	1015	1290	1868	2706	3540	4305	4670	4849	4776	4503	4160	3792	3490	3140	2886	2689	2567	2598	2785	3032	3313	3505	3567	3499	3344	3199	2979	2737	2542	2334	2232	2096	
57	5850	59.9	60.0	19	1	1	2	984	1283	1827	2718	3612	4339	4763	4861	4686	4459	4150	3815	3504	3164	2903	2660	2593	2606	2771	3042	3299	3526	3587	3559	3386	3208	2978	2785	2581	2376	2223	2100	
57	5867	59.9	60.0	19	1	1	2	1019	1288	1883	2679	3642	4389	4786	4906	4778	4509	4213	3822	3532	3176	2922	2703	2594	2595	2826	3068	3303	3527	3598	3555	3381	3199	2967	2773	2575	2371	2236	2102	
57	5884	59.9	60.0	19	1	1	2	1026	1290	1881	2727	3623	4400	4813	4906	4817	4529	4261	3878	3505	3202	2932	2710	2594	2633	2814	3080	3338	3547	3573	3534	3400	3224	2986	2784	2576	2384	2249	2109	
57	5901	59.9	60.0	19	1	1	2	1006	1295	1870	2720	3647	4387	4846	4895	4769	4522	4197	3827	3539	3181	2922	2695	2584	2620	2771	3065	3354	3561	3609	3514	3372	3225	2991	2767	2558	2381	2246	2088	
57	5919	60.0	60.0	19	1	1	2	1013	1286	1880	2681	3606	4362	4769	4865	4740	4499	4222	3836	3494	3165	2915	2708	2586	2657	2806	3054	3322	3519	3606	3561	3383	3221	2966	2772	2577	2382	2230	2087	
57	5936	60.0	60.0	19	1	1	2	1005	1294	1867	2704	3632	4350	4751	4880	4737	4466	4194	3822	3471	3160	2950	2698	2600	2603	2797	3012	3313	3523	3578	3500	3360	3234	2954	2747	2556	2344	2229	2098	
57	6000	95.3	95.0	20	1	0	2	927	1090	1333	1772	2209	2610	2862	2962	2939	2821	2742	2529	2384	2243	2090	1998	2014	2098	2234	2514	2704	2836	2904	2894	2778	2630	2481	2328	2174	2087	1963	1860	
57	6018	95.0	95.0	20	1	0	2	924	1060	1357	1737	2240	2588	2862	2959	2925	2811	2688	2569	2368	2214	2077	2005	2008	2087	2277	2497	2693	2871	2926	2850	2720	2676	2450	2328	2195	2063	1948	1857	
57	6080	59.6	60.3	20	1	1	2	1015	1285	1890	2697	3637	4360	4760	4871	4780	4479	4188	3871	3543	3172	2872	2698	2592	2615	2786	3047	3319	3546	3620	3534	3418	3235	2985	2776	2574	2394	2247	2107	
57	6098	60.0	60.0	20	1	1	2	1014	1284	1896	2699	3614	4400	4772	4900	4763	4495	4225	3853	3492	3177	2927	2696	2601	2658	2797	3066	3296	3537	3600	3538	3374	3198	2999	2798	2588	2399	2225	2109	
57	6115	59.9	60.0	20	1	1	2	1003	1300	1876	2742	3678	4455	4797	4927	4811	4557	4231	3853	3543	3206	2960	2715	2613	2645	2822	3099	3404	3514	3626	3596	3439	3223	2972	2766	2588	2388	2247	2134	
57	6132	60.0	60.0	20	1	1	2	1020	1298	1918	2727	3673	4399	4839	4921	4843	4564	4254	3906	3569	3208	2956	2718	2660	2639	2816	3108	3347	3553	3621	3557	3387	3244	3027	2797	2597	2400	2254	2117	
57	6149	60.0	60.0	20	1	1	2	1016	1305	1906	2746	3696	4405	4831	4930	4782	4500	4224	3849	3580	3204	2970	2724	2614	2663	2824	3080	3329	3562	3649	3564	3402	3237	3012	2775	2594	2389	2240	2097	
57	6167	59.9	60.0	20	1	1	2	1015	1298	1907	2708	3637	4413	4812	4900	4805	4485	4243	3886	3558	3235	2914	2742	2622	2641	2811	3084	3306	3537	3601	3594	3400	3214	2967	2798	2576	2403	2253	2104	
57	6184	59.9	60.0	20	1	1	2	1014	1291	1913	2721	3648	4419	4814	4883	4797	4489	4246	3885	3524	3200	2918	2720	2611	2636	2810	3087	3331	3531	3561	3545	3362	3250	2979	2773	2559	2400	2239	2101	
57	6248	95.3	95.0	21	1	0	2	935	1070	1348	1725	2210	2611	2857	2977	2946	2858	2737	2550	2372	2183	2104	2006	2010	2115	2276	2514	2684	2852	2882	2877	2751	2666	2524	2339	2197	2075	1979	1865	
57	6266	95.0	95.0	21	1	0	2	926	1046	1356	1766	2220	2616	2851	2948	2909	2808	2688	2554	2352	2199	2073	2003	1993	2076	2263	2491	2686	2832	2916	2830	2722	2637	2454	2311	2189	2054	1937	1858	
57	6326	59.8	60.3	21	1	1	2	1013	1292	1897	2675	3604	4374	4760	4880	4730	4470	4192	3849	3477	3158	2922	2694	2622	2635	2800	3058	3320	3492	3597	3561	3370	3225	2981	2776	2542	2424	2236	2092	
57	6344	60.0	60.0	21	1	1	2	1018	1289	1885	2695	3632	4351	4725	4904	4775	4486	4208	3831	3517	3179	2908	2697	2582	2600	2795	3036	3329	3515	3613	3548	3345	3208	2968	2766	2559	2397	2207	2126	
57	6361	60.0	60.0	21	1	1	2	980	1274	1887	2729	3658	4446	4857	4917	4781	4519	4227	3881	3529	3195	2914	2695	2604	2639	2804	3122	3382	3500	3611	3593	3411	3267	3014	2789	2584	2387	2245	2082	
57	6378	59.9	60.0	21	1	1	2	1035	1278	1899	2754	3663	4427	4830	4932	4820	4573	4255	3924	3543	3223	2957	2753	2602	2611	2823	3132	3331	3551	3616	3551	3410	3272	2993	2789	2583	2400	2248	2123	
57	6395	60.0	60.0	21	1	1	2	1010	1307	1933	2747	3670	4406	4832	4960	4794	4575	4253	3866	3552	3174	2937	2716	2585	2642	2797	3067	3322	3514	3645	3605	3416	3262	2990	2794	2596	2403	2227	2133	
57	6413	60.0	60.0	21	1	1	2	1020	1304	1898	2716	3641	4395	4831	4896	4804	4552	4243	3848	3509	3182	2913	2714	2631	2629	2832	3068	3315	3551	3587	3531	3404	3250	3016	2782	2594	2392	2233	2125	
57	6430	60.0	60.0	21	1	1	2	1031	1290	1892	2703	3609	4378	4800	4901	4781	4516	4192	3889	3528	3187	2909	2696	2614	2604	2794	3060	3357	3556	3612	3538	3410	3252	2994	2757	2566	2392	2244	2117	
57	6492	95.2	95.0	22	1	0	2	921	1069	1350	1755	2195	2622	2866	2970	2937	2848	2723	2539	2402	2214	2104	2007	1994	2093	2270	2498	2676	2861	2902	2863	2770	2659	2476	2345	2183	2057	1947	1870	
57	6510	95.0	95.0	22	1	0	2	932	1070	1362	1793	2198	2625	2836	2919	2941	2826	2727	2512	2345	2212	2091	2021	2033	2089	2268	2501	2699	2844	2893	2865	2749	2669	2510	2347	2187	2077	1942	1864	
57	6573	59.8	60.1	22	1	1	2	1013	1266	1867	2712	3594	4376	4731	4883	4760	4495	4180	3805	3518	3144	2900	2672	2583	2643	2789	3053	3306	3519	3580	3550	3400	3191	2988	2771	2559	2401	2226	2103	
57	6590	59.9	60.0	22	1	1	2	1018	1285	1873	2687	3596	4346	4762	4860	4731	4475	4188	3829	3519	3172	2905	2677	2604	2619	2760	3049	3317	3526	3613	3527	3407	3239	2974	2753	2555	2395	2214	2081	
57	6607	59.9	60.0	22	1	1	2	1036	1287	1892	2725	3661	4395	4818	4894	4808	4529	4240	3886	3553	3193	2930	2719	2612	2630	2811	3117	3344	3549	3622	3557	3345	3253	3024	2795	2577	2396	2237	2106	
57	6624	60.0	60.0	22	1	1	2	1035	1296	1910	2701	3701	4416	4818	4904	4784	4560	4228	3881	3481	3211	2964	2714	2602	2636	2838	3077	3346	3516	3611	3548	3408	3214	3007	2817	2570	2387	2241	2091	
57	6642	59.9	60.0	22	1	1	2	1025	1294	1895	2716	3619	4396	4837	4912	4784	4522	4216	3872	3520	3165	2916	2723	2596	2626	2815	3048	3365	3559	3596	3536	3396	3231	3018	2758	2573	2365	2255	2121	
57	6659	60.0	60.0	22	1	1	2	1007	1296	1904	2693	3617	4365	4772	4874	4779	4498	4206	3859	3517	3158	2893	2695	2593	2666	2808	3062	3330	3534	3581	3489	3352	3201	2969	2762	2584	2386	2234	2100	
57	6676	59.9	60.0	22	1	1	2	1012	1314	1887	2690	3596	4375	4732	4868	4761	4504	4215	3861	3560	3168	2919	2686	2580	2622	2794	3062	3338	3505	3580	3565	3360	3196	2982	2747	2535	2384	2227	2098	
57	6739	95.3	95.0	23	1	0	2	935	1063	1352	1755	2218	2619	2876	2926	2926	2829	2735	2537	2361	2216	2078	1991	2004	2082	2271	2499	2701	2864	2898	2870	2730	2646	2444	2334	2188	2064	1953	1861	
57	6756	95.0	95.0	23	1	0	2	915	1058	1384	1733	2205	2561	2834	2913	2891	2824	2712	2511	2354	2178	2080	1995	1964	2100	2254	2478	2672	2824	2886	2861	2726	2618	2471	2311	2192	2060	1939	1847	
57	6819	59.8	60.1	23	1	1	2	995	1265	1842	2662	3574	4304	4712	4803	4694	4430	4121	3788	3452	3117	2902	2680	2563	2584	2766	3006	3293	3478	3560	3503	3377	3184	2955	2734	2515	2370	2220	2071	
57	6836	60.0	60.0	23	1	1	2	1020	1260	1869	2683	3586	4334	4724	4827	4733	4429	4167	3791	3476	3152	2900	2693	2572	2604	2751	3044	3285	3497	3566	3532	3380	3176	2963	2744	2556	2369	2225	2079	
57	6853	60.0	60.0	23	1	1	2	1005	1279	1888	2693	3581	4351	4740	4881	4760	4494	4207	3810	3505	3170	2903	2680	2571	2631	2798	3045	3296	3504	3563	3551	3337	3189	2972	2755	2529	2374	2238	2098	
57	6870	60.0	60.0	23	1	1	2	1003	1295	1890	2696	3609	4360	4764	4826	4757	4528	4216	3831	3495	3169	2902	2697	2577	2616	2772	3053	3300	3493	3565	3541	3348	3210	2923	2775	2569	2366	2227	2122	
57	6888	59.9	60.0	23	1	1	2	1003	1291	1879	2704	3615	4397	4762	4856	4765	4500	4130	3872	3507	3190	2893	2711	2573	2638	2792	3040	3302	3501	3560	3519	3375	3200	2959	2751	2544	2365	2232	2109	
57	6905	59.9	60.0	23	1	1	2	1036	1274	1847	2688	3588	4383	4759	4843	4719	4479	4163	3800	3493	3163	2911	2677	2582	2616	2774	3045	3295	3468	3584	3534	3374	3178	2972	2759	2523	2376	2229	2095	
57	6922	60.0	60.0	23	1	1	2	1005	1288	1869	2704	3628	4352	4769	4857	4730	4475	4164	3831	3472	3174	2869	2695	2564	2606	2756	3041	3308	3531	3574	3499	3359	3251	2949	2752	2533	2357	2234	2103	
57	6985	95.1	95.0	24	1	0	2	927	1057	1361	1751	2219	2601	2853	2945	2920	2803	2706	2524	2345	2224	2069	1984	1996	2080	2266	2474	2694	2829	2879	2844	2775	2661	2462	2328	2169	2043	1948	1844	
57	7002	95.0	95.0	24	1	0	2	913	1092	1352	1737	2182	2591	2799	2939	2887	2813	2689	2522	2334	2179	2101	2002	1996	2060	2228	2468	2669	2837	2851	2836	2731	2628	2448	2295	2187	2056	1948	1846	
57	7065	59.8	60.1	24	1	1	2	1015	1271	1846	2657	3557	4307	4759	4853	4689	4425	4143	3804	3457	3171	2879	2666	2575	2608	2765	3048	3292	3455	3553	3503	3341	3186	2962	2726	2557	2369	2215	2092	
57	7082	59.9	60.0	24	1	1	2	1004	1274	1860	2665	3581	4329	4735	4808	4714	4440	4112	3776	3473	3152	2893	2658	2555	2629	2772	3039	3275	3507	3590	3485	3338	3168	2945	2761	2528	2350	2237	2081	
57	7099	59.9	60.0	24	1	1	2	1012	1302	1848	2696	3632	4346	4768	4852	4722	4432	4193	3804	3500	3143	2894	2685	2596	2599	2752	3065	3342	3491	3564	3516	3361	3204	2974	2762	2550	2384	2215	2093	
57	7116	60.0	60.0	24	1	1	2	1007	1302	1883	2719	3618	4445	4820	4855	4755	4475	4204	3830	3507	3176	2893	2707	2608	2641	2762	3033	3273	3477	3558	3513	3363	3207	2937	2742	2557	2366	2207	2088	
57	7134	60.0	60.0	24	1	1	2	1012	1269	1890	2700	3609	4347	4777	4837	4754	4491	4223	3866	3478	3199	2890	2694	2574	2623	2806	3021	3332	3518	3584	3495	3383	3202	2985	2756	2534	2364	2204	2087	
57	7151	59.9	60.0	24	1	1	2	1004	1261	1880	2706	3608	4308	4735	4839	4741	4502	4174	3807	3480	3185	2863	2653	2564	2621	2751	3038	3294	3455	3568	3498	3350	3216	2913	2737	2558	2389	2221	2091	
57	7168	60.0	60.0	24	1	1	2	1016	1277	1889	2677	3592	4321	4771	4852	4743	4485	4150	3798	3493	3154	2843	2685	2576	2616	2763	3065	3284	3520	3533	3507	3389	3225	2985	2767	2524	2341	2222	2075	
57	7233	95.1	95.1	25	1	0	2	925	1062	1352	1754	2205	2603	2855	2935	2931	2791	2668	2526	2342	2198	2058	1981	1986	2087	2278	2474	2672	2858	2870	2857	2744	2616	2459	2288	2192	2063	1933	1823	
57	7250	95.0	95.0	25	1	0	2	929	1064	1359	1734	2197	2565	2810	2936	2878	2785	2670	2511	2347	2190	2074	1991	1996	2057	2237	2468	2691	2801	2863	2824	2691	2620	2450	2345	2173	2043	1986	1852	
57	7313	59.8	60.1	25	1	1	2	992	1263	1864	2655	3580	4325	4681	4805	4690	4455	4131	3811	3469	3138	2866	2646	2564	2593	2762	2977	3278	3478	3561	3475	3377	3193	2924	2736	2555	2348	2222	2093	
57	7330	59.9	60.0	25	1	1	2	1011	1272	1861	2668	3524	4376	4726	4778	4719	4388	4129	3782	3484	3131	2896	2676	2555	2606	2776	3044	3291	3474	3543	3472	3321	3178	2928	2725	2528	2372	2218	2082	
57	7347	59.9	60.0	25	1	1	2	1011	1278	1873	2645	3594	4328	4744	4809	4707	4509	4159	3811	3483	3165	2893	2673	2590	2607	2780	3046	3305	3467	3547	3481	3342	3182	2983	2725	2551	2436	2217	2092	
57	7365	60.0	60.0	25	1	1	2	1012	1285	1872	2699	3640	4390	4792	4865	4783	4496	4200	3830	3540	3175	2900	2681	2556	2617	2777	3041	3291	3509	3556	3491	3355	3222	2972	2725	2539	2371	2193	2106	
57	7382	60.0	60.0	25	1	1	2	1018	1282	1882	2715	3614	4346	4749	4862	4737	4475	4161	3825	3515	3152	2885	2682	2584	2608	2813	3051	3277	3488	3567	3497	3388	3204	2955	2749	2533	2396	2216	2076	
57	7399	60.0	60.0	25	1	1	2	1013	1262	1878	2667	3635	4381	4743	4822	4755	4473	4211	3848	3477	3147	2890	2694	2553	2615	2764	3024	3308	3506	3545	3489	3333	3192	2947	2749	2521	2364	2189	2093	
57	7416	59.9	60.0	25	1	1	2	1006	1288	1878	2685	3586	4316	4740	4818	4694	4429	4179	3834	3466	3171	2915	2684	2564	2586	2795	3044	3261	3475	3530	3492	3358	3191	2932	2720	2519	2369	2184	2091	
57	7479	95.1	95.0	26	1	0	2	925	1065	1363	1748	2187	2579	2838	2934	2925	2834	2661	2513	2358	2175	2058	1988	1979	2085	2244	2484	2638	2836	2918	2830	2724	2617	2451	2316	2186	2066	1951	1852	
57	7496	95.0	95.0	26	1	0	2	922	1060	1353	1731	2174	2596	2821	2905	2909	2805	2696	2488	2344	2193	2065	2008	1972	2072	2261	2489	2677	2841	2889	2792	2720	2616	2427	2323	2162	2073	1947	1823	
57	7559	59.9	60.1	26	1	1	2	1011	1266	1861	2670	3566	4296	4666	4808	4678	4429	4167	3811	3478	3128	2875	2654	2550	2618	2780	3023	3279	3476	3528	3484	3313	3185	2956	2758	2524	2369	2209	2113	
57	7576	59.9	60.0	26	1	1	2	1016	1281	1841	2642	3565	4292	4686	4776	4676	4448	4138	3796	3461	3141	2898	2676	2542	2592	2778	3000	3257	3454	3532	3498	3352	3175	2908	2726	2536	2354	2221	2081	
57	7593	59.9	60.0	26	1	1	2	1016	1264	1877	2676	3616	4358	4764	4837	4733	4447	4200	3808	3493	3135	2943	2683	2597	2613	2783	3047	3308	3470	3543	3516	3361	3202	2931	2747	2518	2360	2200	2083	
57	7611	59.9	60.0	26	1	1	2	1012	1288	1853	2689	3606	4334	4770	4852	4743	4513	4169	3827	3537	3181	2885	2681	2603	2622	2764	3056	3287	3496	3568	3478	3371	3208	2982	2763	2530	2379	2163	2058	
57	7628	60.0	60.0	26	1	1	2	1011	1269	1851	2697	3612	4360	4763	4784	4754	4496	4198	3805	3490	3226	2861	2677	2581	2613	2806	3015	3297	3490	3537	3516	3361	3207	2945	2740	2532	2359	2230	2101	
57	7645	60.0	60.0	26	1	1	2	1020	1276	1876	2697	3601	4361	4708	4846	4769	4474	4188	3841	3497	3148	2907	2680	2533	2624	2744	3026	3282	3465	3545	3486	3364	3189	2932	2740	2555	2378	2237	2075	
57	7662	60.0	60.0	26	1	1	2	1008	1293	1870	2661	3621	4305	4712	4824	4725	4470	4177	3813	3488	3163	2849	2675	2564	2619	2796	3057	3276	3467	3578	3437	3368	3180	2948	2748	2545	2320	2227	2007	
57	7725	95.1	95.0	27	1	0	2	930	1059	1368	1742	2194	2587	2864	2954	2911	2822	2712	2550	2372	2204	2088	2006	1999	2098	2251	2482	2676	2833	2889	2835	2757	2618	2457	2357	2211	2046	1942	1851	
57	7742	95.0	95.0	27	1	0	2	918	1061	1348	1722	2196	2576	2830	2888	2900	2790	2687	2507	2376	2192	2089	1989	2002	2099	2251	2459	2667	2824	2864	2871	2749	2616	2464	2345	2160	2064	1922	1854	
57	7805	59.8	60.1	27	1	1	2	1023	1279	1847	2667	3537	4288	4716	4797	4710	4412	4160	3794	3456	3116	2871	2672	2583	2570	2765	3007	3282	3503	3529	3481	3272	3155	2965	2739	2514	2341	2186	2083	
57	7822	59.9	60.0	27	1	1	2	1016	1272	1854	2682	3581	4312	4704	4820	4655	4447	4127	3789	3472	3143	2869	2668	2565	2607	2760	3031	3263	3485	3552	3496	3357	3167	2957	2731	2533	2372	2204	2076	
57	7840	60.0	60.0	27	1	1	2	1016	1301	1870	2658	3584	4376	4705	4848	4769	4458	4175	3866	3520	3148	2903	2696	2567	2619	2794	3049	3297	3500	3600	3477	3345	3220	2950	2760	2534	2374	2216	2094	
57	7857	60.0	60.0	27	1	1	2	1016	1264	1885	2712	3601	4369	4759	4856	4738	4486	4181	3854	3489	3188	2912	2666	2576	2638	2829	3070	3274	3475	3520	3508	3377	3181	2940	2746	2529	2368	2208	2055	
57	7874	60.0	60.0	27	1	1	2	1010	1298	1872	2669	3612	4362	4756	4848	4695	4457	4151	3833	3478	3158	2906	2665	2572	2602	2751	3002	3289	3488	3555	3544	3340	3179	2948	2715	2524	2355	2217	2086	
57	7891	60.0	60.0	27	1	1	2	1004	1280	1869	2689	3590	4328	4718	4818	4746	4471	4144	3825	3502	3168	2887	2690	2577	2616	2763	2990	3293	3510	3543	3510	3352	3196	2931	2736	2542	2379	2221	2100	
57	7909	60.0	60.0	27	1	1	2	1011	1296	1871	2692	3597	4312	4689	4807	4681	4444	4172	3811	3467	3154	2888	2669	2572	2610	2747	3016	3304	3455	3557	3488	3386	3154	2955	2728	2526	2353	2242	2092	
57	7973	95.1	95.1	28	1	0	2	912	1069	1344	1741	2217	2571	2830	2927	2913	2794	2681	2525	2328	2203	2060	1990	1984	2070	2272	2501	2686	2787	2854	2857	2758	2634	2451	2319	2205	2067	1937	1844	
57	7990	95.0	95.0	28	1	0	2	924	1063	1354	1719	2187	2566	2789	2892	2879	2774	2674	2523	2338	2177	2060	1993	1961	2079	2288	2442	2669	2806	2878	2805	2729	2600	2460	2294	2164	2077	1946	1865	
57	8053	59.7	60.2	28	1	1	2	1010	1272	1872	2648	3583	4303	4676	4776	4672	4408	4141	3794	3491	3110	2868	2629	2576	2600	2749	3025	3324	3471	3546	3478	3332	3187	2939	2746	2531	2330	2196	2068	
57	8070	59.9	60.0	28	1	1	2	1009	1276	1860	2695	3583	4324	4737	4810	4719	4442	4135	3807	3427	3124	2868	2683	2558	2579	2775	3022	3276	3450	3544	3488	3371	3192	2959	2741	2536	2361	2198	2062	
57	8088	59.9	60.0	28	1	1	2	1008	1274	1848	2690	3577	4300	4717	4882	4696	4462	4171	3817	3455	3159	2889	2689	2564	2616	2784	3011	3267	3480	3546	3522	3335	3155	2961	2743	2531	2347	2226	2086	
57	8105	60.0	60.0	28	1	1	2	1002	1289	1877	2692	3644	4357	4799	4845	4733	4477	4201	3807	3494	3178	2884	2684	2600	2600	2763	3030	3283	3508	3572	3484	3321	3209	2934	2767	2550	2349	2231	2076	
57	8122	60.0	60.0	28	1	1	2	1026	1268	1861	2676	3605	4326	4694	4841	4717	4449	4155	3851	3453	3141	2871	2687	2577	2575	2762	3020	3259	3445	3534	3506	3346	3160	2912	2748	2501	2360	2203	2079	
57	8139	59.9	60.0	28	1	1	2	996	1305	1868	2670	3598	4355	4732	4830	4709	4441	4144	3801	3487	3115	2880	2657	2566	2603	2770	3006	3302	3481	3550	3511	3326	3175	2969	2737	2523	2355	2226	2104	
57	8157	60.0	60.0	28	1	1	2	1006	1325	1877	2647	3569	4304	4711	4801	4715	4480	4168	3775	3503	3152	2912	2695	2591	2595	2755	3043	3278	3491	3525	3483	3329	3164	2966	2723	2532	2355	2201	2096	
57	8219	95.2	95.0	29	1	0	2	928	1083	1360	1742	2199	2579	2828	2947	2935	2819	2688	2558	2380	2199	2066	2001	2012	2081	2231	2462	2633	2834	2861	2852	2712	2629	2452	2319	2164	2070	1941	1833	
57	8236	95.0	95.0	29	1	0	2	915	1047	1348	1752	2183	2559	2798	2901	2902	2782	2692	2498	2362	2168	2070	1956	1966	2041	2218	2463	2640	2788	2860	2846	2719	2597	2464	2306	2177	2059	1924	1819	
57	8299	59.7	60.2	29	1	1	2	1029	1258	1853	2640	3551	4284	4686	4767	4679	4436	4165	3796	3477	3130	2851	2660	2564	2597	2725	3010	3268	3469	3546	3503	3328	3150	2935	2753	2514	2357	2201	2052	
57	8317	59.9	60.0	29	1	1	2	1004	1278	1850	2701	3566	4342	4735	4825	4665	4458	4142	3796	3454	3142	2866	2668	2565	2610	2788	3026	3281	3464	3537	3499	3315	3180	2956	2756	2530	2377	2213	2081	
57	8334	60.0	60.0	29	1	1	2	1005	1275	1869	2691	3622	4329	4731	4820	4720	4490	4168	3821	3491	3121	2882	2679	2572	2607	2783	3034	3280	3486	3542	3506	3339	3210	2940	2738	2551	2372	2192	2066	
57	8351	59.9	60.0	29	1	1	2	1016	1282	1868	2689	3641	4342	4729	4850	4705	4528	4224	3839	3527	3175	2907	2693	2595	2621	2812	3030	3305	3504	3582	3511	3353	3214	2973	2736	2527	2381	2246	2095	
57	8368	60.0	60.0	29	1	1	2	1021	1273	1895	2684	3616	4303	4728	4850	4768	4464	4164	3783	3487	3145	2865	2683	2600	2585	2802	2983	3306	3475	3531	3465	3351	3170	2954	2731	2543	2345	2227	2073	
57	8386	60.0	60.0	29	1	1	2	1036	1258	1851	2690	3583	4349	4703	4814	4734	4431	4115	3798	3460	3162	2862	2668	2547	2603	2762	3017	3282	3446	3522	3515	3315	3182	2918	2728	2532	2321	2221	2080	
57	8403	60.0	60.0	29	1	1	2	1015	1266	1886	2697	3577	4313	4758	4775	4741	4415	4157	3806	3502	3162	2879	2678	2539	2610	2759	2994	3272	3460	3538	3442	3345	3149	2934	2738	2513	2361	2194	2063	
57	8467	95.3	95.0	30	1	0	2	944	1061	1334	1735	2205	2612	2824	2930	2925	2832	2718	2518	2364	2197	2077	2000	1983	2066	2275	2479	2668	2851	2864	2865	2733	2648	2458	2334	2163	2055	1932	1858	
57	8485	95.0	95.0	30	1	0	2	930	1060	1337	1741	2167	2595	2823	2920	2906	2813	2661	2523	2343	2189	2066	1993	1985	2022	2249	2490	2679	2825	2868	2821	2719	2646	2453	2318	2189	2060	1943	1837	
57	8547	59.6	60.2	30	1	1	2	1008	1288	1851	2635	3593	4317	4717	4820	4703	4426	4194	3803	3460	3116	2891	2705	2565	2592	2781	3014	3229	3478	3522	3521	3332	3170	2943	2727	2526	2369	2243	2094	
57	8565	59.9	60.0	30	1	1	2	1010	1290	1870	2704	3573	4333	4730	4862	4731	4470	4180	3800	3506	3142	2878	2694	2581	2606	2786	3037	3306	3487	3556	3491	3355	3197	2946	2739	2522	2354	2245	2083	
57	8582	60.0	60.0	30	1	1	2	1013	1301	1873	2691	3616	4385	4805	4858	4761	4496	4212	3832	3529	3156	2880	2698	2573	2625	2824	3044	3337	3496	3571	3518	3380	3188	2976	2761	2529	2377	2224	2093	
57	8599	60.0	60.0	30	1	1	2	1008	1296	1878	2724	3613	4344	4718	4844	4789	4478	4202	3861	3496	3180	2913	2681	2589	2648	2782	3000	3282	3507	3547	3514	3344	3197	2965	2752	2508	2387	2197	2072	
57	8616	59.9	60.0	30	1	1	2	1010	1277	1874	2680	3603	4356	4763	4848	4728	4465	4147	3810	3507	3170	2920	2685	2565	2584	2753	3023	3325	3478	3562	3500	3366	3177	2917	2749	2545	2375	2233	2081	
57	8634	59.9	60.0	30	1	1	2	1018	1315	1873	2683	3583	4339	4701	4837	4715	4474	4136	3801	3486	3149	2905	2718	2577	2610	2756	3020	3276	3506	3518	3484	3366	3199	2912	2737	2530	2352	2220	2088	
57	8651	60.0	60.0	30	1	1	2	1013	1276	1872	2673	3586	4355	4688	4817	4720	4485	4164	3790	3489	3155	2866	2659	2577	2626	2789	3032	3285	3467	3549	3499	3338	3184	2947	2746	2559	2352	2200	2085	
57	8713	95.2	95.0	31	1	0	2	916	1076	1345	1727	2196	2609	2833	2946	2903	2810	2684	2531	2352	2205	2082	1957	1989	2063	2247	2458	2669	2830	2871	2810	2727	2605	2457	2347	2161	2057	1932	1843	
57	8731	95.0	95.0	31	1	0	2	924	1062	1354	1729	2200	2575	2798	2916	2896	2795	2686	2522	2365	2187	2102	1984	1982	2067	2246	2454	2662	2841	2866	2817	2696	2603	2438	2315	2173	2052	1929	1848	
57	8793	59.7	60.2	31	1	1	2	1007	1271	1860	2685	3570	4313	4738	4829	4683	4438	4111	3802	3470	3146	2859	2679	2569	2601	2760	2971	3267	3416	3540	3465	3336	3176	2902	2736	2491	2329	2235	2080	
57	8811	59.9	60.0	31	1	1	2	1004	1273	1861	2668	3574	4318	4684	4756	4679	4426	4140	3763	3459	3153	2839	2679	2545	2605	2765	3038	3290	3484	3531	3450	3336	3169	2954	2752	2534	2353	2221	2078	
57	8828	60.0	60.0	31	1	1	2	1007	1276	1875	2694	3621	4357	4745	4841	4720	4485	4206	3813	3507	3158	2900	2648	2575	2618	2774	3036	3323	3488	3534	3498	3323	3233	2947	2740	2528	2325	2205	2068	
57	8845	59.9	60.0	31	1	1	2	1013	1281	1878	2692	3604	4358	4780	4870	4770	4467	4220	3838	3505	3152	2898	2672	2597	2614	2791	3051	3286	3465	3569	3481	3342	3174	2920	2747	2547	2355	2210	2074	
57	8862	59.9	60.0	31	1	1	2	1012	1304	1907	2702	3607	4368	4824	4812	4733	4477	4213	3831	3484	3157	2890	2677	2573	2622	2757	3028	3308	3473	3555	3507	3327	3194	2953	2736	2552	2376	2205	2069	
57	8880	60.0	60.0	31	1	1	2	990	1296	1852	2672	3618	4343	4718	4834	4749	4469	4164	3809	3490	3160	2920	2677	2583	2589	2764	3026	3260	3493	3518	3464	3364	3165	2952	2741	2522	2344	2222	2051	
57	8897	60.0	60.0	31	1	1	2	1010	1298	1895	2693	3585	4322	4730	4825	4740	4391	4154	3829	3474	3163	2889	2667	2604	2559	2729	3012	3238	3463	3537	3484	3339	3172	2951	2732	2541	2357	2192	2093	
57	8959	95.2	95.0	32	1	0	2	946	1067	1352	1737	2195	2604	2864	2942	2943	2827	2698	2537	2362	2221	2096	1998	1967	2106	2253	2462	2645	2841	2881	2836	2724	2610	2479	2320	2184	2064	1942	1839	
57	8977	95.0	95.0	32	1	0	2	922	1055	1327	1745	2174	2597	2819	2927	2926	2783	2700	2521	2340	2204	2069	1984	1978	2065	2246	2458	2657	2792	2868	2812	2722	2615	2451	2311	2166	2037	1933	1846	
57	9040	59.8	60.1	32	1	1	2	1006	1288	1859	2676	3589	4322	4688	4764	4662	4424	4135	3775	3530	3132	2881	2660	2555	2550	2774	3017	3268	3447	3539	3462	3325	3167	2926	2702	2533	2349	2206	2069	
57	9057	60.0	60.0	32	1	1	2	1015	1280	1872	2694	3569	4358	4722	4856	4700	4454	4182	3798	3480	3148	2912	2681	2555	2596	2760	3027	3262	3488	3532	3462	3359	3165	2923	2701	2514	2365	2179	2068	
57	9074	60.0	60.0	32	1	1	2	999	1280	1842	2693	3653	4368	4765	4844	4758	4508	4216	3824	3497	3205	2891	2703	2582	2633	2801	2999	3346	3493	3549	3475	3348	3184	2956	2757	2558	2373	2215	2069	
57	9091	59.9	60.0	32	1	1	2	1011	1289	1876	2692	3626	4379	4780	4830	4798	4507	4224	3848	3552	3184	2913	2715	2589	2613	2803	3056	3267	3482	3573	3490	3344	3202	2948	2756	2487	2362	2217	2104	
57	9109	60.0	60.0	32	1	1	2	1001	1289	1893	2677	3620	4399	4761	4870	4740	4487	4180	3793	3499	3181	2926	2671	2564	2613	2782	3000	3294	3469	3580	3504	3356	3171	2954	2702	2507	2363	2186	2091	
57	9126	59.9	60.0	32	1	1	2	1016	1282	1851	2680	3608	4372	4739	4885	4766	4474	4180	3868	3486	3158	2880	2680	2582	2617	2770	3022	3272	3452	3546	3488	3349	3159	2937	2767	2516	2348	2207	2069	
57	9143	60.0	60.0	32	1	1	2	1014	1291	1866	2664	3595	4368	4707	4837	4712	4451	4197	3802	3481	3178	2897	2669	2536	2610	2751	3029	3263	3454	3534	3473	3340	3169	2956	2735	2527	2342	2205	2076	
57	9208	95.1	95.1	33	1	0	2	942	1064	1356	1748	2241	2620	2851	2945	2943	2804	2714	2519	2384	2185	2057	1996	1997	2053	2224	2469	2687	2815	2863	2837	2736	2608	2444	2301	2202	2018	1928	1834	
57	9225	95.0	95.0	33	1	0	2	927	1096	1350	1757	2211	2592	2863	2923	2911	2825	2699	2522	2361	2194	2086	1990	1983	2061	2257	2458	2659	2787	2860	2794	2723	2598	2440	2291	2174	2030	1895	1853	
57	9288	59.8	60.1	33	1	1	2	1011	1268	1860	2670	3617	4335	4742	4861	4773	4448	4226	3850	3495	3137	2903	2689	2561	2598	2755	3011	3263	3479	3564	3504	3307	3168	2931	2732	2520	2348	2203	2082	
57	9305	60.0	60.0	33	1	1	2	1006	1279	1886	2708	3612	4335	4783	4878	4768	4478	4195	3816	3504	3186	2915	2692	2557	2639	2757	3011	3300	3447	3555	3482	3326	3141	2934	2742	2520	2371	2181	2081	
57	9322	60.0	60.0	33	1	1	2	1023	1284	1883	2678	3642	4414	4787	4879	4779	4530	4234	3859	3523	3184	2930	2710	2592	2645	2784	3009	3307	3512	3575	3507	3342	3181	2933	2731	2537	2369	2196	2092	
57	9339	60.0	60.0	33	1	1	2	1025	1298	1857	2744	3686	4426	4821	4928	4829	4525	4286	3893	3551	3196	2970	2695	2600	2653	2786	3028	3297	3502	3577	3511	3384	3201	2958	2774	2531	2395	2256	2088	
57	9357	60.0	60.0	33	1	1	2	1033	1277	1896	2701	3636	4405	4824	4888	4790	4557	4228	3852	3555	3189	2925	2715	2595	2626	2771	3044	3306	3477	3503	3475	3363	3175	2923	2739	2506	2325	2229	2113	
57	9374	60.0	60.0	33	1	1	2	997	1295	1882	2738	3634	4403	4782	4904	4789	4482	4246	3849	3517	3193	2919	2688	2588	2652	2776	3019	3307	3494	3567	3484	3333	3165	2920	2736	2555	2359	2214	2082	
57	9391	60.0	60.0	33	1	1	2	1014	1282	1884	2715	3646	4403	4805	4894	4803	4514	4234	3831	3515	3187	2903	2703	2584	2598	2764	3009	3308	3470	3570	3470	3325	3175	2946	2717	2545	2356	2209	2059	
57	9454	95.2	95.0	34	1	0	2	920	1063	1372	1771	2229	2655	2887	2980	2958	2868	2738	2568	2403	2228	2109	2017	2018	2117	2269	2438	2671	2795	2858	2850	2740	2617	2473	2302	2177	2036	1926	1861	
57	9471	95.0	95.0	34	1	0	2	943	1109	1327	1760	2217	2599	2899	2957	2992	2834	2721	2552	2383	2218	2064	2013	1995	2079	2247	2463	2679	2819	2827	2824	2726	2614	2423	2311	2141	2050	1930	1831	
57	9534	59.8	60.1	34	1	1	2	1009	1293	1894	2729	3639	4435	4860	4950	4791	4542	4225	3893	3590	3213	2937	2707	2569	2648	2782	3035	3283	3468	3562	3498	3331	3181	2932	2726	2514	2376	2202	2090	
57	9551	59.9	60.0	34	1	1	2	1014	1288	1900	2745	3662	4434	4836	4938	4818	4573	4271	3901	3551	3203	2933	2721	2613	2618	2796	3026	3314	3500	3572	3496	3343	3161	2935	2736	2538	2363	2224	2080	
57	9568	60.0	60.0	34	1	1	2	1024	1302	1898	2770	3693	4446	4890	4963	4861	4578	4320	3909	3567	3235	2937	2713	2633	2628	2816	3061	3336	3490	3582	3528	3333	3186	2977	2745	2548	2350	2235	2096	
57	9585	59.9	60.0	34	1	1	2	1021	1316	1920	2777	3707	4455	4916	5007	4897	4609	4328	3948	3609	3267	2946	2756	2615	2663	2790	3058	3323	3476	3580	3517	3341	3184	2949	2732	2558	2399	2222	2097	
57	9603	59.9	60.0	34	1	1	2	1004	1304	1915	2733	3711	4444	4897	4986	4825	4625	4297	3948	3582	3253	2967	2739	2621	2610	2840	3061	3323	3517	3568	3502	3376	3195	2962	2730	2536	2371	2230	2082	
57	9620	60.0	60.0	34	1	1	2	1017	1297	1902	2729	3664	4466	4893	4978	4842	4600	4305	3878	3575	3201	2941	2723	2641	2641	2793	3067	3298	3476	3544	3509	3363	3219	2970	2747	2525	2341	2219	2081	
57	9637	60.0	60.0	34	1	1	2	1020	1290	1903	2762	3668	4450	4892	4989	4830	4569	4291	3882	3571	3232	2913	2757	2616	2658	2792	3021	3312	3463	3537	3478	3332	3183	2952	2800	2522	2376	2219	2095	
57	9700	95.0	95.0	35	1	0	2	936	1075	1380	1796	2276	2674	2932	3080	3039	2922	2802	2605	2417	2246	2149	2042	2028	2115	2287	2490	2702	2848	2868	2837	2757	2628	2472	2306	2161	2024	1963	1829	
57	9717	95.0	95.0	35	1	0	2	933	1076	1352	1783	2254	2710	2927	3023	3010	2865	2763	2574	2448	2242	2092	2034	2019	2123	2286	2482	2665	2798	2863	2824	2722	2607	2429	2313	2185	2040	1933	1861	
57	9780	59.8	60.1	35	1	1	2	1030	1293	1939	2768	3736	4557	4983	5029	4940	4634	4358	3996	3643	3314	3001	2785	2642	2679	2831	3052	3332	3502	3546	3523	3355	3176	2951	2741	2561	2360	2226	2095	
57	9797	59.9	60.0	35	1	1	2	1023	1292	1919	2826	3750	4515	4985	5066	4957	4692	4348	4001	3664	3324	3027	2752	2640	2659	2837	3054	3294	3505	3559	3514	3369	3201	2963	2745	2542	2358	2206	2073	
57	9814	59.9	60.0	35	1	1	2	1022	1306	1930	2805	3804	4592	5019	5158	5016	4737	4396	4011	3702	3341	3034	2809	2662	2708	2863	3115	3291	3525	3596	3540	3369	3199	2985	2757	2558	2402	2218	2070	
57	9832	60.0	60.0	35	1	1	2	1025	1314	1947	2828	3785	4598	5013	5185	5016	4744	4467	4041	3676	3328	3039	2839	2723	2704	2839	3070	3372	3504	3582	3540	3362	3198	2962	2794	2558	2360	2251	2104	
57	9849	59.9	60.0	35	1	1	2	1022	1310	1959	2815	3746	4594	5008	5112	5016	4707	4417	4001	3679	3326	3012	2783	2672	2701	2822	3098	3309	3490	3604	3530	3363	3196	2993	2748	2560	2377	2225	2097	
57	9866	60.0	60.0	35	1	1	2	1036	1292	1953	2776	3790	4568	5012	5102	4981	4713	4391	4036	3656	3303	3028	2795	2672	2704	2847	3057	3318	3518	3610	3508	3361	3230	2952	2767	2536	2360	2228	2047	
57	9883	60.0	60.0	35	1	1	2	1030	1307	1948	2798	3789	4582	4992	5124	5009	4703	4374	4033	3675	3319	3020	2791	2680	2685	2836	3092	3298	3505	3584	3511	3366	3210	2962	2749	2536	2372	2226	2103	
57	9946	95.3	95.0	36	1	0	2	925	1081	1390	1824	2352	2812	3039	3159	3142	3003	2889	2684	2492	2309	2182	2087	2074	2128	2313	2498	2699	2829	2922	2863	2745	2644	2469	2331	2221	2056	1949	1840	
57	9963	95.0	95.0	36	1	0	2	928	1088	1417	1836	2322	2751	3018	3113	3129	3011	2895	2710	2502	2302	2185	2080	2064	2132	2295	2524	2687	2865	2876	2865	2746	2624	2489	2331	2182	2064	1968	1836	
57	10026	59.8	60.1	36	1	1	2	1029	1319	1989	2893	3893	4691	5195	5308	5178	4875	4587	4150	3804	3402	3077	2858	2724	2718	2907	3113	3332	3560	3594	3565	3384	3210	2994	2786	2566	2373	2211	2093	
57	10043	59.9	60.0	36	1	1	2	1029	1337	1983	2891	3913	4768	5176	5336	5218	4906	4605	4165	3798	3432	3133	2867	2732	2715	2861	3115	3358	3547	3574	3501	3349	3222	3001	2761	2556	2366	2240	2096	
57	10060	59.9	60.0	36	1	1	2	1052	1333	1990	2886	3966	4794	5287	5366	5263	4963	4662	4236	3856	3468	3180	2879	2690	2763	2929	3145	3376	3554	3604	3564	3430	3242	3008	2789	2573	2389	2257	2120	
57	10078	59.9	60.0	36	1	1	2	1027	1333	2040	2934	4031	4800	5279	5404	5275	4976	4667	4224	3852	3459	3166	2893	2763	2772	2911	3153	3389	3588	3623	3575	3407	3230	2999	2792	2590	2404	2243	2094	
57	10095	59.9	60.0	36	1	1	2	1037	1324	1998	2904	3964	4804	5257	5391	5250	4954	4618	4170	3828	3470	3151	2883	2746	2768	2900	3134	3350	3505	3641	3566	3376	3220	2984	2751	2576	2378	2242	2084	
57	10112	60.0	60.0	36	1	1	2	1020	1337	1987	2921	3956	4789	5204	5417	5234	4989	4604	4217	3847	3475	3182	2880	2726	2756	2898	3137	3353	3561	3604	3538	3376	3237	2983	2772	2561	2392	2203	2118	
57	10129	60.0	60.0	36	1	1	2	1025	1332	1983	2926	3922	4727	5222	5355	5232	4952	4643	4211	3832	3446	3140	2898	2731	2754	2899	3114	3361	3579	3619	3522	3391	3238	2973	2770	2536	2402	2214	2100	
57	10192	95.2	95.0	37	1	0	2	940	1092	1444	1927	2468	2928	3207	3366	3324	3214	3073	2866	2623	2437	2277	2188	2154	2194	2358	2558	2767	2901	2975	2919	2792	2663	2476	2365	2213	2092	1954	1854	
57	10209	95.0	95.0	37	1	0	2	935	1107	1451	1908	2448	2937	3234	3341	3339	3214	3067	2843	2617	2430	2287	2163	2143	2214	2352	2563	2759	2889	2920	2884	2808	2660	2500	2332	2210	2079	1981	1860	
57	10272	59.8	60.1	37	1	1	2	1037	1386	2079	3088	4184	5103	5622	5704	5601	5320	4938	4443	4095	3642	3304	3048	2858	2875	3016	3256	3484	3613	3656	3591	3460	3274	3017	2819	2614	2405	2249	2112	
57	10289	59.9	60.0	37	1	1	2	1061	1380	2091	3045	4218	5114	5644	5753	5646	5299	4886	4506	4158	3640	3315	3076	2876	2890	2999	3238	3449	3652	3688	3606	3425	3292	3034	2815	2583	2436	2243	2128	
57	10307	60.0	60.0	37	1	1	2	1059	1380	2110	3123	4262	5210	5718	5804	5711	5389	5024	4554	4107	3701	3370	3109	2922	2867	3024	3270	3488	3658	3717	3637	3463	3304	3063	2826	2602	2456	2280	2140	
57	10324	59.9	60.0	37	1	1	2	1057	1381	2119	3148	4269	5222	5735	5836	5731	5388	5031	4562	4170	3728	3363	3109	2943	2897	3038	3258	3470	3670	3709	3642	3468	3320	3057	2852	2606	2465	2280	2148	
57	10341	60.0	60.0	37	1	1	2	1052	1392	2093	3131	4300	5127	5708	5803	5736	5330	5010	4558	4144	3696	3383	3089	2891	2887	2996	3252	3456	3640	3703	3655	3467	3306	3023	2807	2622	2419	2252	2162	
57	10358	59.9	60.0	37	1	1	2	1054	1390	2077	3121	4243	5193	5724	5837	5689	5354	4993	4527	4139	3702	3359	3053	2922	2891	2998	3231	3448	3628	3701	3621	3424	3312	3041	2818	2606	2448	2253	2132	
57	10376	60.0	60.0	37	1	1	2	1055	1394	2110	3084	4266	5157	5657	5834	5681	5355	4951	4508	4104	3682	3329	3046	2894	2894	3009	3231	3460	3623	3677	3655	3433	3276	3061	2824	2598	2424	2267	2134	
57	10438	95.2	95.0	38	1	0	2	960	1128	1501	2051	2640	3205	3541	3670	3670	3526	3401	3082	2843	2616	2459	2313	2275	2338	2454	2650	2822	2950	3019	2969	2842	2721	2558	2414	2235	2120	1979	1885	
57	10455	95.0	95.0	38	1	0	2	952	1149	1499	2040	2661	3200	3530	3641	3585	3478	3312	3065	2884	2628	2434	2307	2252	2277	2432	2644	2828	2954	3019	2941	2796	2717	2528	2391	2232	2114	2005	1877	
57	10518	59.9	60.1	38	1	1	2	1063	1416	2201	3315	4546	5554	6093	6316	6130	5761	5417	4884	4441	3957	3578	3251	3064	3020	3128	3352	3569	3702	3759	3687	3523	3341	3091	2825	2630	2419	2293	2134	
57	10535	59.9	60.0	38	1	1	2	1052	1428	2230	3341	4578	5614	6159	6336	6177	5803	5445	4938	4444	3967	3595	3281	3087	3010	3158	3363	3580	3695	3758	3684	3529	3362	3049	2857	2645	2483	2314	2160	
57	10553	59.9	60.0	38	1	1	2	1062	1433	2220	3350	4608	5638	6238	6429	6241	5875	5451	4918	4486	4037	3601	3316	3116	3054	3151	3392	3586	3732	3774	3699	3546	3344	3097	2877	2632	2455	2312	2159	
57	10570	59.9	60.0	38	1	1	2	1078	1418	2240	3359	4605	5681	6267	6380	6206	5845	5451	4924	4481	3976	3611	3315	3103	3072	3159	3340	3594	3739	3740	3687	3550	3345	3108	2875	2636	2448	2296	2173	
57	10587	59.9	60.0	38	1	1	2	1074	1424	2273	3314	4577	5657	6188	6396	6203	5892	5464	4950	4462	4018	3614	3305	3064	3078	3154	3328	3555	3752	3777	3700	3502	3360	3103	2868	2613	2445	2291	2149	
57	10604	60.0	60.0	38	1	1	2	1071	1423	2209	3341	4565	5645	6164	6336	6222	5854	5385	4913	4464	3991	3597	3307	3082	3046	3146	3354	3560	3733	3768	3692	3485	3340	3081	2862	2626	2447	2285	2160	
57	10622	60.0	60.0	38	1	1	2	1067	1445	2243	3322	4640	5641	6230	6326	6251	5857	5456	4934	4436	3984	3607	3324	3061	3078	3109	3342	3564	3707	3760	3712	3537	3321	3104	2843	2656	2478	2285	2164	
57	10686	95.1	95.1	39	1	0	2	967	1157	1603	2216	2933	3530	3909	4019	4035	3862	3661	3389	3111	2825	2629	2462	2381	2434	2535	2721	2888	3058	3058	2987	2900	2729	2572	2400	2269	2136	2010	1906	
57	10703	95.0	95.0	39	1	0	2	972	1174	1577	2210	2894	3553	3881	4051	4013	3873	3649	3356	3107	2868	2652	2465	2396	2401	2540	2710	2852	3043	3034	3007	2885	2762	2582	2413	2280	2109	2026	1908	
57	10764	59.8	60.2	39	1	1	2	1091	1469	2334	3543	4893	6112	6686	6826	6692	6288	5871	5315	4785	4315	3866	3490	3282	3192	3268	3475	3671	3809	3837	3716	3556	3401	3117	2915	2669	2471	2330	2184	
57	10781	59.9	60.0	39	1	1	2	1080	1516	2352	3598	5007	6178	6778	7007	6780	6327	5941	5338	4832	4340	3904	3531	3324	3182	3308	3480	3676	3837	3868	3799	3596	3397	3112	2913	2710	2506	2337	2181	
57	10799	60.0	60.0	39	1	1	2	1104	1487	2393	3576	5016	6183	6803	6973	6821	6434	5933	5403	4872	4376	3920	3560	3294	3240	3319	3489	3678	3834	3854	3732	3566	3405	3143	2919	2694	2495	2349	2197	
57	10816	60.0	60.0	39	1	1	2	1092	1481	2353	3624	5048	6200	6811	7042	6879	6417	6004	5450	4905	4357	3900	3587	3308	3256	3291	3498	3708	3826	3850	3776	3555	3384	3154	2935	2692	2496	2360	2185	
57	10833	59.9	60.0	39	1	1	2	1086	1492	2354	3605	5001	6173	6850	6978	6822	6430	5980	5377	4868	4355	3954	3533	3330	3222	3310	3566	3699	3888	3857	3775	3636	3408	3172	2925	2693	2512	2338	2229	
57	10850	60.0	60.0	39	1	1	2	1090	1488	2351	3605	5030	6240	6832	7000	6848	6419	5980	5417	4892	4331	3944	3556	3282	3231	3308	3480	3684	3855	3827	3742	3611	3414	3117	2919	2690	2497	2328	2193	
57	10868	59.9	60.0	39	1	1	2	1087	1488	2352	3604	5056	6192	6804	6998	6790	6446	5966	5395	4861	4344	3917	3579	3273	3240	3319	3513	3698	3854	3830	3769	3602	3398	3164	2905	2693	2485	2333	2193	
57	10932	95.3	95.0	40	1	0	2	973	1214	1690	2411	3226	3947	4341	4490	4468	4305	4064	3729	3442	3153	2872	2665	2588	2586	2661	2846	3016	3108	3102	3089	2951	2804	2660	2464	2310	2169	2040	1958	
57	10949	95.0	95.0	40	1	0	2	988	1201	1703	2395	3198	3908	4340	4546	4491	4304	4077	3741	3454	3107	2863	2701	2530	2571	2668	2849	3021	3122	3125	3039	2933	2820	2632	2461	2350	2148	2044	1945	
57	11012	59.7	60.2	40	1	1	2	1092	1535	2484	3835	5371	6636	7377	7532	7346	6883	6402	5763	5204	4649	4171	3723	3497	3367	3424	3610	3784	3961	3928	3853	3612	3450	3185	2972	2705	2550	2361	2228	
57	11030	59.9	60.0	40	1	1	2	1122	1551	2512	3888	5432	6688	7431	7606	7481	6970	6487	5806	5305	4680	4178	3761	3519	3400	3434	3630	3796	3926	3952	3874	3663	3452	3198	2988	2738	2526	2359	2226	
57	11047	59.9	60.0	40	1	1	2	1130	1553	2508	3862	5529	6766	7470	7653	7498	7030	6524	5954	5309	4684	4257	3781	3518	3430	3507	3610	3806	3958	3972	3907	3660	3495	3204	3007	2765	2551	2368	2229	
57	11064	60.0	60.0	40	1	1	2	1110	1556	2517	3917	5512	6812	7458	7671	7539	7054	6553	5873	5345	4714	4216	3806	3536	3430	3492	3614	3837	3998	3964	3852	3682	3511	3237	2995	2722	2578	2410	2238	
57	11081	59.9	60.0	40	1	1	2	1106	1549	2500	3862	5450	6787	7467	7680	7462	7016	6520	5898	5318	4698	4235	3794	3523	3429	3451	3648	3813	3973	3931	3884	3683	3463	3205	2992	2753	2522	2368	2198	
57	11099	60.0	60.0	40	1	1	2	1108	1547	2508	3897	5487	6763	7477	7670	7454	7025	6458	5903	5290	4694	4246	3795	3534	3404	3450	3636	3794	3967	4001	3863	3672	3483	3198	2956	2743	2546	2379	2243	
57	11116	60.0	60.0	40	1	1	2	1107	1564	2532	3879	5477	6728	7511	7669	7483	7056	6545	5849	5271	4698	4199	3861	3531	3415	3483	3648	3849	3902	3976	3871	3668	3443	3196	2968	2727	2539	2376	2246	
