Well	Time (1/2 s)	Block Temp	Sample Temp	Repetition	PCR Stage	Extension	Scale	B1	B2	B3	B4	B5	B6	B7	B8	B9	B10	B11	B12	B13	B14	B15	B16	B17	B18	B19	B20	B21	B22	B23	B24	B25	B26	B27	B28	B29	B30	B31	B32
111	100	95.5	94.8	1	0	0	2	881	1026	1312	1764	2384	2887	3166	3328	3258	3147	3016	2758	2601	2410	2244	2165	2134	2258	2463	2788	3070	3189	3267	3245	3081	2931	2747	2566	2371	2237	2097	1964	
111	118	95.0	95.0	1	0	0	2	890	1010	1302	1760	2313	2833	3087	3260	3224	3091	2928	2724	2527	2358	2207	2148	2116	2243	2459	2758	3025	3180	3257	3134	3069	2936	2724	2552	2369	2208	2085	1947	
111	135	95.0	95.0	1	0	0	2	878	991	1295	1748	2321	2807	3081	3208	3187	3101	2948	2727	2509	2373	2189	2135	2078	2229	2461	2751	2999	3173	3236	3175	3069	2914	2738	2555	2397	2206	2067	1984	
111	152	95.0	95.0	1	0	0	2	889	1005	1301	1778	2324	2795	3085	3240	3181	3101	2904	2733	2499	2342	2172	2142	2124	2206	2416	2744	2989	3138	3238	3180	3053	2941	2721	2546	2356	2178	2088	1954	
111	169	95.0	95.0	1	0	0	2	882	1008	1280	1760	2306	2787	3096	3246	3227	3114	2932	2744	2553	2333	2195	2135	2068	2213	2461	2726	2991	3166	3224	3183	3058	2948	2729	2567	2358	2256	2059	1952	
111	187	95.0	95.0	1	0	0	2	888	1011	1310	1751	2322	2802	3068	3238	3187	3080	2928	2747	2509	2348	2184	2127	2120	2241	2442	2732	3025	3179	3219	3176	3071	2902	2709	2544	2381	2225	2089	1970	
111	204	95.0	95.0	1	0	0	2	875	1018	1314	1770	2340	2805	3123	3224	3202	3082	2960	2749	2552	2367	2182	2128	2097	2220	2447	2763	3014	3210	3252	3213	3063	2949	2738	2565	2416	2223	2110	1987	
111	221	95.0	95.0	1	0	0	2	878	1002	1324	1773	2317	2814	3082	3239	3212	3067	2928	2720	2559	2372	2186	2126	2110	2246	2435	2767	3017	3150	3255	3177	3103	2931	2760	2550	2364	2204	2081	1965	
111	238	95.0	95.0	1	0	0	2	894	1003	1312	1748	2325	2795	3130	3227	3156	3097	2945	2742	2538	2363	2211	2121	2106	2244	2467	2728	3001	3161	3253	3188	3069	2943	2757	2542	2364	2253	2055	1962	
111	256	94.9	95.0	1	0	0	2	884	1007	1312	1759	2337	2808	3096	3230	3224	3110	2941	2757	2539	2381	2227	2120	2123	2230	2444	2739	3015	3201	3232	3172	3064	2935	2732	2550	2350	2258	2072	1956	
111	273	95.0	95.0	1	0	0	2	886	1013	1289	1784	2336	2824	3108	3217	3228	3109	2944	2755	2531	2380	2210	2102	2130	2241	2436	2736	2971	3153	3262	3210	3068	2933	2754	2545	2393	2232	2080	1980	
111	290	95.0	95.0	1	0	0	2	871	1018	1302	1765	2317	2826	3089	3231	3230	3091	2933	2755	2567	2379	2229	2109	2135	2239	2456	2752	2991	3197	3236	3201	3062	2928	2733	2544	2392	2193	2068	1968	
111	307	95.0	95.0	1	0	0	2	867	1012	1315	1759	2332	2823	3093	3268	3215	3098	2924	2752	2555	2377	2178	2163	2124	2223	2414	2763	3010	3166	3256	3186	3048	2941	2753	2553	2384	2248	2066	1962	
111	325	95.0	95.0	1	0	0	2	896	1013	1296	1772	2336	2800	3096	3237	3208	3091	2966	2754	2556	2365	2180	2127	2109	2224	2448	2765	3020	3211	3214	3186	3056	2920	2737	2577	2386	2252	2098	1973	
111	342	95.0	95.0	1	0	0	2	889	998	1302	1778	2353	2856	3113	3266	3221	3124	2932	2764	2520	2355	2183	2129	2113	2217	2437	2764	3007	3208	3269	3220	3055	2940	2711	2568	2415	2229	2088	1972	
111	359	95.0	95.0	1	0	0	2	887	1007	1295	1744	2341	2816	3108	3268	3253	3120	2941	2774	2553	2366	2234	2134	2125	2256	2481	2780	3039	3218	3276	3206	3121	2958	2742	2580	2403	2223	2087	1982	
111	376	95.0	95.0	1	0	0	2	874	1006	1304	1763	2353	2800	3138	3285	3237	3106	2977	2761	2554	2376	2214	2140	2130	2235	2460	2755	3038	3215	3293	3174	3081	2906	2755	2561	2394	2197	2088	1965	
111	394	95.0	95.0	1	0	0	2	871	1008	1297	1786	2334	2808	3117	3296	3231	3114	2971	2762	2589	2358	2240	2123	2112	2241	2433	2763	3035	3202	3246	3210	3069	2937	2750	2578	2378	2222	2098	1960	
111	411	95.0	95.0	1	0	0	2	876	997	1295	1788	2337	2808	3103	3253	3245	3134	2980	2762	2581	2390	2231	2131	2149	2215	2469	2727	3018	3198	3275	3220	3122	2935	2741	2557	2409	2223	2116	1975	
111	428	95.0	95.0	1	0	0	2	901	1012	1313	1777	2299	2862	3158	3274	3245	3096	2968	2757	2558	2379	2214	2131	2135	2224	2432	2776	3038	3195	3232	3243	3082	2911	2750	2552	2367	2225	2097	1973	
111	445	94.9	95.0	1	0	0	2	880	1004	1331	1781	2318	2817	3117	3296	3211	3135	2974	2765	2547	2422	2223	2146	2103	2219	2454	2754	3016	3234	3269	3223	3066	2924	2750	2568	2400	2215	2066	1975	
111	463	94.9	95.0	1	0	0	2	884	1033	1297	1768	2338	2838	3127	3247	3246	3100	2995	2797	2568	2402	2221	2153	2143	2246	2487	2779	3046	3215	3255	3230	3086	2932	2748	2558	2390	2252	2100	1990	
111	480	94.9	95.0	1	0	0	2	881	1012	1304	1771	2312	2880	3118	3275	3237	3102	2989	2742	2574	2354	2211	2142	2148	2257	2473	2740	3019	3241	3287	3211	3085	2932	2750	2575	2388	2224	2102	2003	
111	497	94.9	95.0	1	0	0	2	879	1011	1296	1769	2324	2826	3149	3281	3238	3124	2965	2787	2565	2395	2217	2141	2124	2234	2464	2762	3014	3203	3272	3205	3110	2948	2777	2590	2418	2216	2108	1998	
111	514	94.9	95.0	1	0	0	2	881	1018	1294	1756	2344	2874	3134	3302	3198	3140	2986	2778	2593	2385	2212	2152	2146	2255	2480	2776	3036	3182	3316	3192	3093	2949	2764	2559	2392	2232	2102	1990	
111	532	95.0	95.0	1	0	0	2	901	1016	1320	1753	2362	2863	3158	3280	3224	3109	2987	2799	2574	2370	2199	2128	2124	2249	2478	2772	3054	3213	3239	3219	3114	2935	2778	2571	2368	2226	2108	1980	
111	549	94.9	95.0	1	0	0	2	885	1006	1325	1776	2371	2849	3123	3282	3216	3116	2973	2771	2578	2438	2242	2138	2138	2230	2457	2774	3027	3238	3294	3213	3095	2921	2770	2588	2397	2240	2084	1976	
111	566	95.0	95.0	1	0	0	2	888	1006	1319	1764	2338	2816	3109	3289	3234	3118	2982	2781	2582	2392	2224	2160	2132	2249	2480	2752	3030	3215	3252	3205	3104	2907	2754	2568	2388	2234	2088	1981	
111	583	95.0	95.0	1	0	0	2	892	1020	1313	1782	2336	2818	3120	3251	3239	3136	2965	2771	2591	2397	2210	2139	2130	2231	2471	2769	3039	3240	3291	3234	3124	2951	2753	2581	2414	2244	2112	1991	
111	601	95.0	95.0	1	0	0	2	883	1007	1304	1785	2344	2839	3140	3279	3242	3135	2998	2759	2581	2374	2244	2164	2119	2252	2450	2800	3045	3193	3274	3242	3107	2936	2755	2591	2396	2259	2095	1974	
111	618	95.0	95.0	1	0	0	2	862	1003	1316	1800	2387	2872	3143	3256	3292	3114	2955	2792	2556	2421	2216	2150	2130	2262	2482	2779	3041	3220	3290	3235	3106	2952	2772	2584	2412	2255	2100	1985	
111	635	94.9	95.0	1	0	0	2	890	1008	1314	1804	2348	2835	3136	3308	3229	3145	2998	2820	2574	2374	2213	2160	2161	2242	2484	2778	3025	3191	3265	3238	3132	2913	2794	2586	2408	2242	2087	1997	
111	652	95.0	95.0	1	0	0	2	897	1009	1302	1788	2361	2853	3120	3289	3245	3116	2965	2793	2555	2400	2224	2150	2148	2243	2465	2776	3040	3225	3290	3227	3122	2970	2766	2574	2403	2240	2122	1981	
111	670	95.0	95.0	1	0	0	2	884	1005	1299	1800	2352	2840	3132	3304	3272	3141	2973	2796	2565	2400	2214	2148	2165	2263	2475	2775	3021	3208	3281	3225	3097	2959	2802	2568	2381	2247	2123	1972	
111	687	95.0	95.0	1	0	0	2	880	1018	1322	1782	2330	2827	3142	3300	3263	3124	3001	2764	2572	2403	2224	2156	2145	2254	2477	2740	3036	3222	3295	3238	3108	2956	2752	2600	2378	2252	2084	1972	
111	704	95.0	95.0	1	0	0	2	896	1011	1308	1787	2347	2854	3135	3281	3253	3113	3006	2801	2580	2397	2211	2157	2145	2240	2465	2811	3034	3216	3290	3252	3093	2940	2764	2605	2429	2256	2093	1990	
111	721	94.9	95.0	1	0	0	2	886	1017	1311	1801	2351	2838	3180	3337	3257	3161	2975	2794	2598	2413	2250	2164	2140	2291	2455	2780	3052	3228	3293	3227	3128	2949	2784	2596	2422	2256	2109	1983	
111	739	94.9	95.0	1	0	0	2	878	1008	1315	1797	2355	2850	3123	3269	3230	3165	2979	2783	2570	2417	2221	2152	2096	2256	2495	2802	3057	3214	3279	3221	3070	2957	2774	2585	2382	2241	2093	1958	
111	756	95.0	95.0	1	0	0	2	888	1004	1344	1793	2361	2859	3202	3292	3278	3171	3009	2810	2588	2389	2217	2167	2152	2255	2469	2787	3057	3220	3297	3248	3116	2940	2772	2588	2401	2248	2107	1978	
111	773	95.0	95.0	1	0	0	2	888	1010	1320	1775	2411	2827	3132	3283	3277	3152	2996	2833	2612	2382	2236	2173	2158	2267	2493	2756	3060	3247	3246	3261	3135	2952	2809	2576	2421	2259	2111	1997	
111	790	95.0	95.0	1	0	0	2	882	1019	1312	1789	2379	2894	3145	3275	3299	3145	2985	2812	2598	2396	2252	2155	2150	2262	2483	2809	3049	3207	3307	3252	3124	2953	2784	2589	2400	2221	2109	1964	
111	808	95.0	95.0	1	0	0	2	874	1007	1300	1780	2340	2856	3143	3290	3261	3163	2991	2781	2593	2377	2228	2176	2139	2266	2482	2774	3038	3208	3269	3213	3119	2958	2807	2591	2408	2258	2133	2005	
111	825	94.9	95.0	1	0	0	2	890	1010	1301	1800	2353	2865	3162	3295	3255	3183	2998	2815	2593	2393	2218	2164	2137	2243	2487	2814	3046	3246	3282	3228	3102	2918	2769	2595	2424	2238	2089	1994	
111	842	95.0	95.0	1	0	0	2	892	1012	1303	1777	2376	2861	3131	3276	3254	3137	3016	2787	2609	2419	2224	2186	2156	2261	2459	2797	3047	3203	3291	3232	3107	2958	2765	2568	2401	2232	2136	1994	
111	859	95.0	95.0	1	0	0	2	887	1009	1304	1799	2364	2863	3146	3302	3264	3158	2982	2812	2591	2408	2225	2164	2153	2259	2468	2772	3096	3228	3275	3222	3111	2974	2775	2593	2407	2262	2105	1980	
111	877	94.9	95.0	1	0	0	2	891	1011	1317	1754	2343	2868	3155	3301	3281	3135	3001	2788	2597	2391	2252	2175	2135	2263	2519	2773	3047	3225	3261	3195	3096	2968	2795	2605	2388	2250	2108	1960	
111	894	95.0	95.0	1	0	0	2	888	1010	1311	1807	2368	2860	3156	3261	3291	3143	2995	2801	2560	2397	2251	2158	2138	2268	2463	2775	3062	3195	3305	3247	3139	2957	2776	2611	2394	2258	2117	1999	
111	911	95.0	95.0	1	0	0	2	888	1024	1317	1816	2350	2864	3160	3304	3276	3190	3030	2775	2596	2419	2236	2169	2146	2252	2491	2822	3049	3232	3288	3252	3093	2948	2789	2609	2405	2243	2108	2012	
111	928	95.0	95.0	1	0	0	2	888	998	1306	1811	2366	2856	3169	3327	3273	3146	3020	2793	2603	2415	2199	2146	2120	2250	2482	2778	3057	3232	3275	3256	3115	2986	2774	2594	2417	2236	2116	1999	
111	946	95.0	95.0	1	0	0	2	884	1019	1298	1790	2342	2873	3162	3305	3268	3125	3000	2800	2602	2418	2237	2149	2145	2250	2472	2814	3065	3218	3300	3221	3108	2943	2763	2580	2410	2254	2114	1969	
111	963	95.0	95.0	1	0	0	2	887	1012	1312	1774	2354	2876	3193	3330	3305	3174	3004	2808	2605	2405	2266	2148	2137	2255	2497	2798	3053	3229	3310	3262	3115	2975	2791	2598	2410	2246	2143	1985	
111	980	94.9	95.0	1	0	0	2	888	1040	1302	1804	2362	2866	3195	3293	3263	3191	3033	2816	2606	2419	2254	2168	2137	2269	2497	2801	3071	3268	3299	3244	3124	2948	2768	2574	2431	2271	2100	1976	
111	997	95.0	95.0	1	0	0	2	889	1005	1323	1781	2366	2887	3181	3327	3248	3177	3007	2819	2609	2412	2252	2174	2153	2295	2509	2798	3057	3251	3310	3230	3076	2956	2778	2591	2425	2269	2096	1999	
111	1015	95.0	95.0	1	0	0	2	887	1014	1322	1787	2337	2889	3133	3314	3280	3158	3008	2814	2608	2427	2268	2164	2146	2247	2475	2797	3000	3249	3321	3274	3096	2984	2775	2587	2402	2237	2124	1965	
111	1032	95.0	95.0	1	0	0	2	886	1014	1313	1777	2388	2866	3153	3305	3266	3163	2996	2827	2600	2420	2251	2164	2159	2278	2497	2789	3045	3245	3280	3263	3130	2956	2802	2630	2418	2280	2126	2016	
111	1049	95.0	95.0	1	0	0	2	890	1018	1312	1786	2354	2871	3189	3295	3263	3170	3014	2817	2563	2397	2270	2162	2149	2236	2474	2797	3053	3222	3273	3259	3091	2934	2762	2597	2413	2237	2087	1979	
111	1066	94.9	95.0	1	0	0	2	888	1022	1309	1785	2372	2862	3156	3306	3269	3147	3010	2799	2608	2429	2233	2155	2152	2262	2473	2776	3049	3239	3291	3210	3147	2954	2799	2594	2400	2248	2131	1972	
111	1084	95.0	95.0	1	0	0	2	883	999	1315	1794	2363	2861	3199	3319	3286	3147	3016	2850	2595	2404	2241	2198	2130	2266	2519	2807	3058	3240	3284	3262	3110	2957	2772	2580	2430	2257	2141	1971	
111	1101	95.0	95.0	1	0	0	2	882	997	1312	1801	2345	2869	3156	3306	3272	3171	2998	2822	2612	2409	2250	2178	2145	2260	2505	2793	3060	3234	3297	3230	3126	2974	2778	2576	2440	2255	2108	1972	
111	1118	95.0	95.0	1	0	0	2	888	1009	1335	1791	2372	2852	3162	3318	3308	3143	3030	2793	2617	2421	2245	2158	2147	2257	2504	2835	3063	3247	3303	3252	3128	2951	2813	2617	2413	2259	2106	1965	
111	1135	94.9	95.0	1	0	0	2	896	1010	1310	1785	2378	2860	3170	3304	3261	3118	3051	2814	2604	2437	2234	2165	2156	2258	2503	2793	3067	3234	3290	3238	3107	2948	2812	2605	2408	2259	2114	1965	
111	1153	95.0	95.0	1	0	0	2	924	1006	1305	1807	2371	2826	3193	3299	3294	3157	3013	2799	2596	2409	2261	2181	2166	2271	2497	2763	3028	3206	3292	3246	3126	2976	2801	2572	2435	2263	2081	1981	
111	1170	94.9	95.0	1	0	0	2	913	1007	1319	1798	2364	2878	3156	3369	3280	3191	3013	2813	2575	2411	2255	2190	2172	2265	2485	2821	3055	3210	3295	3246	3122	2969	2767	2592	2394	2260	2128	1968	
111	1187	95.0	95.0	1	0	0	2	887	1011	1309	1810	2359	2875	3165	3293	3264	3157	3029	2823	2589	2418	2221	2188	2169	2265	2474	2793	3042	3250	3260	3266	3122	2985	2749	2622	2425	2260	2127	1989	
111	1204	95.0	95.0	1	0	0	2	894	1011	1323	1805	2360	2851	3146	3302	3280	3142	3011	2811	2602	2428	2257	2144	2148	2259	2491	2800	3066	3216	3306	3281	3117	3006	2772	2631	2402	2244	2117	2017	
111	1222	94.9	95.0	1	0	0	2	911	1016	1326	1772	2371	2884	3213	3348	3278	3182	3002	2834	2620	2396	2270	2187	2166	2290	2494	2797	3055	3223	3338	3277	3123	2994	2792	2596	2429	2264	2092	2003	
111	1239	94.9	95.0	1	0	0	2	894	1008	1305	1784	2393	2884	3179	3312	3282	3189	3021	2838	2617	2435	2241	2156	2147	2277	2533	2780	3051	3220	3334	3264	3157	2977	2781	2585	2418	2257	2097	2000	
111	1256	95.0	95.0	1	0	0	2	889	1012	1308	1797	2373	2859	3137	3333	3292	3198	3024	2816	2615	2422	2256	2196	2149	2281	2499	2776	3088	3253	3293	3277	3096	2972	2802	2613	2429	2253	2125	1990	
111	1273	94.9	95.0	1	0	0	2	906	1001	1303	1794	2386	2883	3148	3332	3277	3217	3034	2806	2604	2428	2257	2170	2164	2258	2520	2812	3060	3252	3320	3266	3140	2925	2778	2598	2415	2270	2131	1993	
111	1291	95.0	95.0	1	0	0	2	888	1015	1317	1816	2373	2880	3155	3367	3276	3201	3040	2857	2609	2389	2272	2165	2131	2255	2488	2812	3051	3238	3320	3259	3099	2991	2812	2591	2430	2256	2124	1990	
111	1319	95.0	95.0	1	1	0	2	888	1007	1287	1808	2364	2881	3179	3377	3355	3186	3012	2807	2604	2442	2237	2201	2144	2277	2478	2802	3065	3263	3314	3251	3140	3001	2810	2593	2419	2259	2141	1998	
111	1381	59.7	60.4	1	1	1	2	945	1200	1866	2869	4082	5082	5582	5794	5595	5296	4934	4508	4062	3662	3258	3059	2880	2920	3141	3519	3856	4120	4183	4095	3908	3706	3406	3133	2880	2640	2462	2304	
111	1398	60.0	60.1	1	1	1	2	941	1212	1845	2882	4119	5108	5618	5787	5614	5328	4933	4511	4096	3670	3282	3061	2908	2936	3148	3505	3839	4090	4187	4085	3896	3655	3397	3151	2900	2632	2450	2285	
111	1416	60.0	60.0	1	1	1	2	950	1213	1878	2883	4115	5096	5631	5818	5652	5319	4957	4493	4095	3673	3344	3066	2926	2918	3160	3538	3852	4097	4189	4093	3925	3699	3418	3155	2864	2652	2444	2286	
111	1433	60.0	60.0	1	1	1	2	953	1217	1857	2892	4110	5123	5593	5876	5641	5314	4956	4535	4076	3662	3288	3091	2895	2950	3147	3527	3854	4123	4182	4131	3954	3721	3414	3173	2902	2627	2452	2306	
111	1450	60.0	60.0	1	1	1	2	946	1239	1843	2883	4086	5101	5609	5831	5607	5288	4938	4499	4085	3639	3271	3029	2909	2941	3165	3489	3846	4056	4157	4120	3910	3682	3387	3134	2870	2640	2477	2320	
111	1467	60.0	60.0	1	1	1	2	942	1210	1868	2893	4081	5091	5640	5769	5596	5280	4895	4485	4063	3638	3272	3032	2884	2925	3130	3461	3841	4047	4183	4111	3922	3701	3415	3134	2894	2644	2438	2276	
111	1485	60.0	60.0	1	1	1	2	970	1191	1836	2876	4060	5106	5605	5769	5594	5285	4893	4505	4068	3665	3231	3026	2885	2947	3155	3503	3850	4077	4156	4067	3906	3654	3404	3114	2870	2617	2419	2288	
111	1547	95.4	94.7	2	1	0	2	891	1019	1332	1837	2414	2943	3249	3382	3396	3230	3099	2860	2662	2476	2291	2214	2158	2298	2449	2844	3089	3286	3343	3296	3176	3034	2808	2630	2457	2301	2156	2013	
111	1564	94.9	95.0	2	1	0	2	891	1012	1332	1821	2383	2928	3229	3358	3325	3226	3050	2875	2641	2460	2265	2200	2178	2289	2519	2829	3115	3229	3341	3256	3149	2976	2837	2611	2428	2267	2147	1991	
111	1627	59.7	60.4	2	1	1	2	945	1213	1840	2891	4097	5043	5598	5784	5581	5285	4940	4490	4053	3651	3298	3056	2899	2929	3130	3525	3894	4064	4190	4094	3894	3678	3412	3150	2866	2643	2460	2301	
111	1645	59.9	60.0	2	1	1	2	944	1223	1870	2899	4093	5069	5603	5769	5623	5313	4953	4483	4075	3668	3293	3049	2895	2908	3158	3523	3837	4083	4196	4090	3937	3667	3403	3167	2867	2633	2429	2296	
111	1662	60.0	60.0	2	1	1	2	960	1232	1888	2903	4133	5146	5691	5802	5637	5322	4952	4538	4092	3675	3308	3072	2896	2936	3179	3505	3849	4105	4189	4108	3952	3680	3429	3123	2870	2648	2437	2288	
111	1679	60.0	60.0	2	1	1	2	948	1230	1860	2924	4145	5156	5656	5883	5670	5414	5014	4526	4115	3716	3290	3072	2902	2970	3144	3530	3879	4130	4177	4130	3941	3740	3438	3144	2901	2656	2438	2284	
111	1696	59.9	60.0	2	1	1	2	949	1213	1877	2898	4109	5140	5672	5846	5633	5339	4949	4531	4132	3717	3308	3086	2892	2936	3166	3522	3852	4064	4204	4133	3934	3689	3437	3094	2886	2629	2457	2292	
111	1714	59.9	60.0	2	1	1	2	959	1206	1881	2888	4126	5129	5649	5812	5651	5280	4960	4494	4080	3675	3324	3060	2937	2962	3173	3510	3884	4111	4186	4141	3927	3710	3436	3148	2889	2642	2445	2277	
111	1731	60.0	60.0	2	1	1	2	952	1215	1882	2907	4076	5138	5648	5785	5625	5310	4985	4533	4030	3643	3285	3084	2906	2920	3138	3495	3831	4085	4201	4109	3888	3684	3418	3149	2865	2638	2432	2280	
111	1793	95.3	94.9	3	1	0	2	883	1016	1320	1792	2438	2936	3264	3397	3394	3250	3081	2919	2675	2464	2284	2214	2174	2293	2543	2804	3072	3292	3307	3312	3180	3020	2850	2590	2464	2252	2131	2007	
111	1811	95.0	95.0	3	1	0	2	889	1017	1337	1785	2401	2906	3158	3363	3318	3167	3066	2828	2628	2434	2280	2177	2167	2261	2518	2828	3094	3259	3323	3266	3107	2960	2780	2598	2447	2275	2150	2001	
111	1873	59.7	60.4	3	1	1	2	949	1210	1856	2873	4108	5112	5621	5835	5652	5295	4958	4499	4065	3686	3330	3048	2905	2947	3142	3520	3866	4090	4225	4172	3912	3761	3388	3124	2879	2622	2460	2297	
111	1891	59.9	60.1	3	1	1	2	952	1220	1868	2894	4118	5071	5654	5859	5674	5370	4951	4545	4106	3687	3303	3032	2907	2932	3138	3540	3877	4110	4173	4112	3901	3676	3391	3154	2893	2640	2466	2300	
111	1908	60.0	60.0	3	1	1	2	957	1224	1882	2898	4125	5156	5684	5864	5724	5359	4996	4549	4092	3700	3341	3076	2934	2957	3156	3545	3875	4135	4220	4160	3945	3746	3444	3184	2892	2652	2472	2318	
111	1925	59.9	60.0	3	1	1	2	958	1216	1892	2919	4164	5115	5736	5896	5630	5376	5010	4563	4137	3690	3286	3060	2898	2982	3158	3502	3879	4110	4212	4118	3957	3698	3445	3156	2898	2662	2459	2276	
111	1942	59.9	60.0	3	1	1	2	960	1213	1905	2897	4131	5166	5633	5853	5648	5369	5021	4568	4091	3704	3318	3058	2905	2941	3160	3532	3833	4119	4182	4097	3919	3694	3436	3143	2854	2638	2455	2300	
111	1960	60.0	60.0	3	1	1	2	955	1213	1905	2935	4126	5142	5682	5875	5693	5355	5018	4575	4093	3679	3313	3059	2914	2950	3162	3521	3879	4136	4216	4130	3919	3730	3417	3156	2891	2649	2469	2304	
111	1977	60.0	60.0	3	1	1	2	947	1221	1880	2914	4105	5121	5673	5888	5694	5331	4981	4558	4070	3669	3331	3076	2910	2945	3170	3529	3880	4103	4167	4094	3913	3708	3415	3147	2890	2662	2466	2301	
111	2039	95.5	94.8	4	1	0	2	893	1026	1330	1830	2440	2967	3286	3404	3393	3266	3112	2905	2660	2469	2318	2212	2196	2321	2580	2827	3102	3319	3342	3325	3161	3024	2789	2662	2452	2297	2146	2011	
111	2057	95.0	95.0	4	1	0	2	890	1004	1327	1806	2416	2921	3234	3396	3333	3206	3059	2852	2646	2450	2258	2196	2206	2286	2496	2826	3066	3271	3319	3307	3172	3029	2828	2610	2462	2255	2133	2008	
111	2119	59.6	60.4	4	1	1	2	950	1218	1868	2862	4047	5049	5611	5818	5605	5270	4952	4499	4074	3634	3300	3071	2896	2921	3130	3537	3857	4096	4188	4114	3930	3700	3411	3149	2880	2661	2472	2285	
111	2137	59.9	60.0	4	1	1	2	969	1217	1883	2917	4112	5101	5628	5821	5601	5307	4925	4510	4040	3657	3270	3058	2884	2905	3146	3560	3853	4106	4169	4111	3893	3682	3382	3143	2888	2632	2442	2290	
111	2154	60.0	60.0	4	1	1	2	940	1216	1874	2900	4104	5082	5642	5849	5638	5340	4973	4526	4102	3664	3315	3051	2888	2923	3145	3539	3832	4095	4189	4115	3904	3697	3438	3127	2884	2647	2459	2259	
111	2171	59.9	60.0	4	1	1	2	937	1220	1868	2894	4096	5146	5659	5868	5686	5373	4940	4506	4113	3705	3296	3038	2911	2961	3151	3536	3862	4131	4171	4129	3882	3692	3402	3125	2901	2612	2439	2296	
111	2188	59.9	60.0	4	1	1	2	964	1212	1885	2886	4097	5154	5668	5860	5641	5364	4967	4533	4081	3711	3295	3062	2932	2946	3157	3598	3874	4140	4200	4109	3919	3705	3408	3137	2889	2664	2459	2277	
111	2206	60.0	60.0	4	1	1	2	943	1217	1879	2874	4106	5169	5626	5801	5625	5284	4917	4520	4042	3659	3310	3080	2913	2939	3161	3515	3852	4118	4175	4124	3907	3708	3401	3121	2851	2621	2460	2275	
111	2223	60.0	60.0	4	1	1	2	950	1231	1847	2875	4088	5087	5693	5794	5648	5300	4945	4530	4099	3669	3306	3042	2871	2903	3134	3475	3819	4051	4163	4103	3890	3701	3417	3092	2855	2610	2422	2301	
111	2286	95.5	94.8	5	1	0	2	890	1014	1309	1810	2414	2901	3224	3381	3344	3254	3065	2869	2663	2447	2249	2222	2167	2279	2534	2810	3084	3292	3313	3318	3146	3012	2809	2620	2398	2260	2131	2005	
111	2303	95.0	95.0	5	1	0	2	908	1027	1324	1786	2358	2885	3227	3352	3338	3204	3096	2844	2616	2462	2279	2180	2167	2280	2506	2809	3070	3259	3314	3310	3146	2971	2817	2617	2447	2276	2088	1992	
111	2366	59.6	60.4	5	1	1	2	940	1219	1864	2876	4043	5093	5606	5801	5600	5281	4933	4453	4062	3682	3297	3074	2934	2907	3138	3491	3871	4069	4181	4101	3904	3670	3448	3112	2897	2604	2446	2298	
111	2383	59.9	60.0	5	1	1	2	946	1254	1897	2873	4120	5049	5644	5865	5618	5339	4896	4532	4060	3696	3295	3078	2916	2941	3167	3532	3879	4161	4168	4133	3932	3731	3399	3173	2872	2652	2465	2292	
111	2400	60.0	60.0	5	1	1	2	944	1231	1900	2828	4073	5097	5667	5865	5670	5313	5005	4502	4062	3638	3294	3074	2889	2932	3159	3501	3848	4132	4204	4117	3920	3681	3411	3141	2873	2661	2450	2297	
111	2417	60.0	60.0	5	1	1	2	975	1215	1881	2952	4117	5147	5650	5891	5712	5353	5026	4554	4071	3694	3291	3081	2917	2954	3185	3524	3876	4134	4190	4132	3933	3679	3458	3165	2888	2638	2432	2275	
111	2435	59.9	60.0	5	1	1	2	959	1237	1875	2909	4126	5140	5697	5902	5664	5337	4968	4535	4076	3699	3296	3111	2883	2941	3180	3506	3850	4149	4201	4135	3947	3730	3408	3165	2882	2632	2452	2291	
111	2452	60.0	60.0	5	1	1	2	959	1216	1858	2948	4117	5152	5682	5827	5659	5338	5001	4536	4077	3712	3286	3064	2930	2922	3165	3510	3856	4097	4179	4137	3890	3705	3426	3130	2871	2666	2444	2277	
111	2469	60.0	60.0	5	1	1	2	954	1216	1878	2919	4122	5111	5620	5870	5611	5297	4961	4562	4086	3724	3318	3049	2924	2961	3148	3544	3834	4102	4217	4126	3888	3713	3415	3122	2869	2625	2401	2280	
111	2532	95.5	94.8	6	1	0	2	882	1015	1328	1812	2391	2900	3217	3386	3321	3226	3050	2883	2658	2453	2267	2204	2179	2268	2512	2822	3074	3272	3337	3289	3128	2990	2807	2592	2430	2242	2151	1972	
111	2549	95.0	95.0	6	1	0	2	876	1009	1306	1801	2368	2904	3178	3334	3326	3199	3014	2832	2612	2428	2281	2184	2142	2252	2472	2775	3039	3273	3323	3240	3121	2960	2782	2620	2411	2267	2115	1964	
111	2612	59.6	60.4	6	1	1	2	944	1206	1863	2896	4062	5114	5592	5788	5603	5262	4901	4504	4068	3692	3285	3050	2853	2905	3116	3509	3844	4071	4178	4038	3913	3657	3414	3124	2875	2643	2452	2290	
111	2629	59.9	60.1	6	1	1	2	937	1214	1869	2882	4095	5091	5587	5796	5588	5321	4931	4485	4061	3650	3294	3050	2900	2924	3121	3468	3851	4090	4189	4144	3889	3686	3405	3119	2854	2636	2460	2288	
111	2646	60.0	60.0	6	1	1	2	956	1195	1872	2868	4100	5108	5634	5818	5663	5322	4922	4533	4075	3664	3263	3062	2921	2950	3140	3503	3844	4071	4187	4102	3941	3676	3384	3124	2876	2662	2452	2276	
111	2663	60.0	60.0	6	1	1	2	959	1228	1879	2892	4134	5097	5698	5886	5664	5317	4936	4505	4067	3692	3332	3086	2894	2917	3130	3534	3845	4125	4176	4104	3928	3668	3447	3153	2882	2639	2446	2290	
111	2681	60.0	60.0	6	1	1	2	958	1221	1890	2883	4098	5118	5651	5803	5653	5328	4946	4517	4083	3668	3308	3058	2905	2917	3174	3512	3825	4091	4186	4116	3919	3647	3390	3115	2876	2649	2446	2283	
111	2698	59.9	60.0	6	1	1	2	951	1207	1869	2907	4116	5121	5654	5836	5618	5309	4924	4548	4079	3684	3336	3043	2947	2944	3144	3495	3840	4079	4161	4094	3906	3706	3402	3131	2846	2652	2441	2293	
111	2715	60.0	60.0	6	1	1	2	957	1213	1854	2881	4053	5060	5585	5793	5619	5294	4915	4481	4059	3670	3341	3021	2878	2940	3155	3491	3801	4071	4142	4079	3882	3680	3383	3111	2885	2611	2442	2246	
111	2778	95.3	94.9	7	1	0	2	893	997	1327	1817	2376	2881	3211	3360	3350	3236	3037	2870	2644	2461	2276	2210	2156	2273	2513	2801	3089	3264	3351	3280	3152	2989	2798	2630	2415	2272	2138	2005	
111	2795	95.0	95.0	7	1	0	2	892	1017	1309	1825	2397	2902	3197	3333	3292	3175	3058	2814	2603	2442	2249	2188	2185	2280	2479	2802	3084	3255	3282	3261	3130	2957	2795	2608	2407	2262	2102	1992	
111	2858	59.6	60.4	7	1	1	2	953	1213	1855	2854	4080	5039	5612	5726	5551	5269	4845	4471	4029	3614	3270	3047	2867	2911	3074	3501	3820	4062	4150	4058	3893	3658	3386	3113	2853	2619	2438	2266	
111	2875	59.9	60.0	7	1	1	2	946	1232	1872	2880	4056	5061	5570	5787	5562	5238	4897	4458	4022	3646	3238	3020	2854	2929	3106	3493	3815	4063	4155	4086	3861	3692	3359	3108	2861	2615	2447	2257	
111	2892	59.9	60.0	7	1	1	2	938	1199	1851	2868	4065	5090	5622	5768	5565	5262	4897	4464	4046	3629	3261	3027	2891	2911	3110	3473	3816	4064	4148	4117	3874	3627	3360	3128	2838	2595	2445	2256	
111	2910	60.0	60.0	7	1	1	2	922	1214	1883	2873	4083	5115	5621	5764	5630	5294	4940	4463	4018	3690	3303	3066	2890	2941	3152	3507	3810	4080	4151	4074	3898	3707	3416	3098	2842	2625	2446	2254	
111	2927	59.9	60.0	7	1	1	2	962	1199	1864	2877	4084	5064	5602	5794	5581	5264	4926	4503	4065	3655	3266	3056	2910	2929	3142	3472	3789	4013	4167	4087	3912	3660	3405	3126	2868	2607	2413	2258	
111	2944	60.0	60.0	7	1	1	2	943	1212	1857	2894	4067	5074	5579	5822	5635	5292	4926	4473	4028	3648	3290	3033	2884	2894	3126	3510	3809	4030	4144	4081	3891	3671	3378	3095	2842	2636	2441	2239	
111	2961	60.0	60.0	7	1	1	2	947	1212	1861	2876	4022	5092	5540	5772	5535	5232	4913	4490	4023	3601	3282	3032	2848	2888	3121	3483	3796	4068	4133	4082	3855	3648	3377	3075	2825	2606	2416	2242	
111	3026	95.4	94.9	8	1	0	2	882	1010	1322	1771	2360	2917	3190	3365	3296	3170	3034	2839	2617	2430	2244	2184	2156	2256	2518	2814	3032	3248	3308	3254	3130	2944	2801	2582	2390	2254	2111	1969	
111	3043	95.0	95.0	8	1	0	2	894	1014	1311	1804	2369	2874	3171	3316	3267	3156	3018	2830	2639	2399	2237	2177	2157	2276	2494	2782	3042	3222	3279	3192	3130	2948	2781	2592	2401	2223	2090	1978	
111	3105	59.7	60.6	8	1	1	2	940	1199	1854	2865	4004	5008	5538	5744	5554	5190	4906	4444	4047	3659	3249	3003	2888	2863	3114	3456	3839	4024	4133	4067	3890	3659	3361	3099	2823	2628	2434	2286	
111	3122	60.0	60.1	8	1	1	2	948	1210	1856	2875	4066	5048	5548	5747	5608	5247	4875	4463	4050	3616	3261	3017	2866	2930	3113	3502	3776	4056	4125	4065	3891	3652	3368	3131	2854	2620	2422	2256	
111	3140	60.0	60.0	8	1	1	2	968	1211	1861	2886	4074	5044	5570	5775	5604	5256	4915	4510	4029	3668	3254	3011	2864	2916	3138	3488	3798	4050	4137	4069	3878	3662	3388	3101	2868	2592	2433	2243	
111	3157	60.0	60.0	8	1	1	2	946	1207	1860	2890	4090	5104	5559	5796	5596	5270	4919	4460	4045	3683	3291	3043	2866	2912	3123	3497	3821	4060	4115	4067	3896	3686	3375	3131	2844	2610	2452	2278	
111	3174	59.9	60.0	8	1	1	2	967	1193	1894	2892	4090	5098	5584	5858	5593	5297	4928	4510	4050	3686	3283	3037	2868	2922	3119	3487	3831	4050	4148	4075	3898	3689	3396	3073	2857	2642	2454	2296	
111	3191	60.0	60.0	8	1	1	2	951	1209	1854	2881	4073	5090	5643	5771	5622	5264	4861	4503	4001	3642	3273	3028	2858	2937	3122	3512	3812	4045	4162	4059	3842	3661	3374	3135	2861	2621	2462	2275	
111	3209	60.0	60.0	8	1	1	2	938	1212	1868	2861	4084	5030	5514	5764	5600	5243	4840	4450	4003	3613	3254	3045	2870	2912	3106	3445	3775	4029	4128	4038	3879	3627	3407	3098	2847	2616	2410	2254	
111	3271	95.4	94.5	9	1	0	2	884	1016	1320	1808	2408	2906	3206	3378	3308	3187	3052	2848	2618	2448	2271	2189	2153	2253	2491	2809	3092	3224	3316	3270	3152	2957	2826	2588	2408	2249	2137	1978	
111	3288	94.9	95.0	9	1	0	2	884	1024	1308	1778	2348	2877	3183	3346	3265	3155	2994	2829	2590	2406	2244	2165	2143	2242	2490	2803	3030	3209	3265	3220	3125	2950	2759	2588	2416	2244	2099	1962	
111	3351	59.6	60.6	9	1	1	2	949	1210	1888	2865	4015	4997	5558	5725	5587	5278	4915	4449	4060	3613	3270	3020	2857	2898	3099	3498	3800	4043	4150	4061	3861	3641	3361	3089	2854	2635	2411	2294	
111	3368	60.0	60.1	9	1	1	2	953	1199	1871	2834	4049	5017	5558	5731	5540	5221	4863	4410	3997	3632	3238	3035	2866	2916	3114	3430	3792	4035	4112	4051	3860	3651	3355	3093	2836	2607	2418	2271	
111	3386	60.0	60.0	9	1	1	2	951	1203	1860	2868	4048	5021	5554	5742	5563	5301	4860	4437	4028	3674	3266	3051	2867	2921	3107	3484	3749	4050	4122	4070	3877	3680	3384	3104	2846	2613	2431	2271	
111	3403	60.0	60.0	9	1	1	2	954	1204	1840	2876	4064	5081	5574	5780	5633	5256	4913	4492	4010	3567	3262	3044	2894	2901	3112	3474	3816	4056	4146	4073	3865	3633	3364	3107	2852	2622	2423	2268	
111	3420	59.9	60.0	9	1	1	2	946	1216	1874	2870	4074	5083	5575	5784	5609	5259	4969	4452	4045	3674	3250	3022	2852	2888	3096	3472	3818	4028	4136	4041	3871	3630	3356	3116	2828	2592	2424	2274	
111	3437	60.0	60.0	9	1	1	2	954	1203	1862	2841	4039	5012	5552	5780	5554	5242	4880	4495	4024	3617	3264	3025	2871	2878	3111	3462	3777	4063	4087	4051	3830	3625	3353	3097	2847	2607	2417	2260	
111	3455	60.0	60.0	9	1	1	2	948	1206	1873	2829	4049	5042	5575	5720	5539	5244	4884	4467	4022	3615	3240	3020	2849	2901	3093	3470	3790	3996	4085	4008	3849	3653	3383	3083	2857	2576	2393	2255	
111	3517	95.4	94.7	10	1	0	2	893	1014	1331	1841	2385	2868	3176	3340	3275	3189	3031	2801	2612	2432	2258	2178	2157	2212	2448	2772	3031	3201	3233	3192	3069	2923	2756	2577	2410	2221	2070	1971	
111	3534	95.0	95.0	10	1	0	2	891	1001	1314	1777	2324	2870	3147	3299	3281	3142	3003	2784	2586	2377	2220	2153	2117	2230	2458	2764	2991	3180	3265	3201	3101	2954	2768	2581	2382	2238	2085	1949	
111	3597	59.6	60.4	10	1	1	2	940	1199	1833	2850	3984	4972	5478	5672	5500	5180	4858	4424	3976	3586	3213	2975	2845	2884	3106	3453	3791	3996	4083	4049	3824	3638	3340	3096	2818	2611	2440	2229	
111	3615	60.0	60.1	10	1	1	2	950	1209	1859	2833	4044	4979	5550	5749	5495	5224	4831	4434	3968	3613	3200	2975	2872	2904	3094	3439	3782	4069	4131	4024	3810	3622	3334	3084	2820	2584	2427	2263	
111	3632	59.9	60.0	10	1	1	2	948	1199	1849	2845	4057	5054	5490	5723	5545	5215	4901	4438	3963	3624	3276	3034	2852	2885	3120	3493	3766	4001	4140	4043	3856	3616	3378	3087	2799	2585	2407	2245	
111	3649	59.9	60.0	10	1	1	2	948	1244	1876	2884	4050	5052	5593	5762	5551	5231	4882	4484	4017	3652	3249	3055	2847	2884	3061	3460	3779	4069	4074	4006	3854	3623	3352	3101	2886	2599	2445	2253	
111	3666	60.0	60.0	10	1	1	2	951	1226	1827	2873	4041	5044	5546	5762	5579	5234	4877	4446	3974	3622	3257	3060	2856	2925	3098	3438	3784	4026	4108	4048	3867	3631	3342	3078	2818	2577	2434	2263	
111	3684	60.0	60.0	10	1	1	2	948	1196	1859	2872	4004	5000	5534	5711	5537	5230	4847	4449	3984	3608	3248	3038	2858	2886	3101	3433	3773	4020	4052	4076	3860	3650	3349	3085	2840	2575	2406	2229	
111	3701	59.9	60.0	10	1	1	2	939	1200	1855	2808	4019	5015	5489	5682	5543	5207	4809	4427	3991	3636	3242	3000	2836	2869	3098	3461	3743	4010	4101	4009	3802	3584	3323	3089	2835	2578	2428	2242	
111	3763	95.5	94.7	11	1	0	2	895	1011	1312	1788	2368	2912	3213	3333	3280	3214	3005	2815	2608	2413	2261	2179	2140	2261	2464	2777	3013	3205	3273	3207	3099	2948	2747	2584	2399	2247	2100	1982	
111	3780	94.9	95.0	11	1	0	2	893	1018	1301	1769	2358	2864	3138	3294	3267	3141	2978	2813	2591	2404	2240	2121	2146	2238	2451	2752	3027	3180	3249	3203	3091	2913	2759	2571	2396	2216	2088	1967	
111	3843	59.7	60.4	11	1	1	2	948	1193	1866	2815	4005	4975	5445	5621	5484	5182	4870	4386	3946	3574	3208	2974	2829	2853	3059	3408	3761	3980	4071	4012	3815	3585	3361	3044	2844	2562	2422	2229	
111	3861	60.0	60.1	11	1	1	2	943	1199	1844	2841	4004	4987	5448	5703	5500	5201	4846	4413	3988	3614	3209	3011	2814	2840	3072	3447	3808	3995	4075	4023	3830	3606	3349	3072	2825	2600	2400	2209	
111	3878	60.0	60.0	11	1	1	2	944	1201	1862	2838	4035	4995	5530	5725	5525	5206	4800	4418	4021	3613	3220	3016	2844	2871	3117	3473	3784	4038	4086	4016	3866	3637	3336	3084	2835	2589	2405	2265	
111	3895	60.0	60.0	11	1	1	2	948	1216	1862	2830	4033	5031	5509	5738	5505	5198	4879	4448	3987	3635	3241	2973	2877	2883	3086	3463	3750	3981	4121	4058	3848	3593	3338	3051	2841	2598	2384	2242	
111	3912	60.0	60.0	11	1	1	2	950	1212	1854	2845	4006	5005	5517	5738	5542	5251	4889	4405	3992	3629	3242	2991	2886	2872	3071	3448	3757	4022	4098	4031	3860	3616	3336	3060	2827	2566	2386	2257	
111	3929	59.9	60.0	11	1	1	2	944	1192	1856	2813	3999	4955	5475	5726	5493	5182	4805	4432	4010	3602	3231	2986	2837	2896	3081	3444	3755	3980	4059	4002	3831	3593	3308	3085	2814	2581	2406	2245	
111	3947	59.9	60.0	11	1	1	2	954	1211	1838	2817	4018	4992	5484	5729	5475	5173	4823	4402	3952	3617	3259	3006	2832	2880	3099	3462	3754	4010	4079	4028	3813	3646	3353	3084	2821	2581	2397	2262	
111	4011	95.5	94.9	12	1	0	2	894	1014	1319	1781	2346	2874	3140	3329	3266	3149	3001	2768	2577	2402	2248	2134	2136	2257	2462	2760	2982	3189	3252	3219	3089	2933	2764	2564	2395	2206	2104	1967	
111	4029	95.0	95.0	12	1	0	2	927	1007	1292	1778	2312	2827	3129	3283	3259	3126	2973	2772	2563	2388	2237	2127	2130	2197	2466	2747	3015	3175	3220	3181	3059	2916	2743	2526	2377	2205	2078	1949	
111	4089	59.8	60.5	12	1	1	2	955	1177	1820	2812	3959	4923	5437	5621	5458	5158	4771	4342	3948	3545	3206	2937	2818	2873	3053	3432	3732	3967	4086	3988	3804	3614	3309	3070	2798	2563	2392	2225	
111	4107	60.0	60.1	12	1	1	2	938	1171	1861	2801	3980	4930	5466	5640	5491	5105	4783	4422	3937	3596	3212	2970	2856	2844	3053	3406	3727	3984	4071	4013	3776	3568	3332	3060	2804	2561	2410	2241	
111	4124	60.0	60.0	12	1	1	2	942	1190	1828	2785	3976	4971	5484	5682	5480	5188	4822	4456	4003	3581	3238	2997	2842	2842	3081	3445	3765	3961	4057	3979	3809	3570	3382	3078	2810	2575	2377	2242	
111	4141	60.0	60.0	12	1	1	2	945	1202	1850	2832	4031	5020	5496	5687	5548	5237	4872	4421	3988	3602	3223	2970	2827	2883	3089	3456	3803	3998	4091	4043	3833	3628	3336	3121	2816	2602	2392	2266	
111	4158	59.9	60.0	12	1	1	2	981	1192	1862	2839	4032	4971	5544	5656	5534	5215	4849	4421	3953	3600	3254	2996	2847	2886	3087	3443	3778	3984	4067	3975	3841	3624	3348	3052	2792	2560	2410	2225	
111	4176	59.9	60.0	12	1	1	2	948	1212	1856	2830	4031	5009	5474	5680	5503	5192	4826	4418	3979	3577	3218	2982	2819	2832	3063	3448	3759	3994	4046	4006	3817	3571	3357	3053	2811	2577	2403	2247	
111	4193	59.9	60.0	12	1	1	2	964	1206	1835	2856	3977	4948	5496	5701	5472	5172	4845	4377	3952	3562	3204	2990	2824	2865	3085	3448	3750	3978	4098	3992	3777	3566	3315	3075	2808	2554	2402	2235	
111	4255	95.5	94.7	13	1	0	2	885	1004	1329	1780	2364	2886	3160	3297	3254	3157	3016	2813	2561	2401	2223	2147	2162	2227	2458	2763	3026	3184	3260	3170	3071	2922	2767	2550	2371	2232	2081	1958	
111	4273	95.0	95.0	13	1	0	2	904	1003	1289	1757	2322	2838	3135	3280	3270	3112	3001	2784	2596	2395	2198	2145	2123	2232	2423	2768	2987	3178	3214	3187	3020	2905	2727	2551	2363	2210	2067	1965	
111	4335	59.6	60.4	13	1	1	2	936	1190	1826	2789	3985	4976	5464	5599	5426	5139	4787	4377	3977	3546	3222	2978	2824	2857	3064	3385	3729	3969	4058	3991	3832	3589	3333	3054	2782	2580	2380	2239	
111	4353	60.0	60.1	13	1	1	2	950	1198	1828	2814	3966	4924	5473	5618	5414	5150	4792	4391	3956	3563	3177	2951	2806	2834	3085	3433	3729	3952	4069	3974	3796	3568	3329	3024	2804	2573	2403	2199	
111	4370	60.0	60.0	13	1	1	2	947	1212	1820	2825	3984	4970	5488	5611	5467	5140	4790	4394	3946	3534	3205	2978	2821	2823	3077	3400	3751	3989	4063	3977	3808	3611	3332	3087	2799	2580	2369	2229	
111	4387	59.9	60.0	13	1	1	2	942	1204	1856	2805	4004	4964	5503	5734	5507	5164	4852	4414	3986	3607	3220	2970	2863	2890	3056	3421	3747	3989	4077	4024	3798	3616	3358	3064	2798	2577	2401	2238	
111	4404	59.9	60.0	13	1	1	2	946	1201	1868	2828	4025	4976	5495	5732	5477	5144	4821	4408	3958	3554	3216	2979	2848	2835	3070	3428	3751	3968	4068	4007	3827	3585	3304	3053	2792	2573	2414	2217	
111	4422	60.0	60.0	13	1	1	2	956	1204	1843	2795	3980	4994	5450	5682	5507	5154	4796	4380	3955	3552	3232	2966	2825	2882	3072	3433	3739	3961	4084	3966	3822	3568	3327	3041	2795	2564	2405	2228	
111	4439	59.9	60.0	13	1	1	2	944	1199	1846	2789	3981	4971	5492	5626	5458	5184	4820	4414	3937	3580	3203	2945	2804	2867	3063	3369	3722	3941	4092	3965	3810	3566	3308	3044	2792	2576	2387	2228	
111	4503	95.5	94.9	14	1	0	2	898	1005	1326	1790	2347	2837	3166	3287	3271	3152	3010	2771	2561	2400	2203	2151	2137	2243	2439	2711	3006	3186	3241	3188	3038	2917	2747	2554	2329	2202	2077	1967	
111	4521	95.0	95.0	14	1	0	2	874	1009	1302	1791	2364	2832	3111	3260	3241	3104	2963	2732	2556	2374	2210	2125	2122	2222	2420	2722	2977	3152	3176	3166	3020	2894	2727	2548	2329	2201	2082	1958	
111	4584	59.7	60.4	14	1	1	2	944	1171	1826	2797	3930	4897	5389	5547	5424	5076	4744	4315	3903	3496	3179	2945	2800	2824	3049	3415	3715	3980	4004	3991	3797	3566	3286	3024	2757	2561	2375	2234	
111	4601	60.0	60.1	14	1	1	2	940	1193	1837	2769	3965	4908	5426	5638	5446	5084	4746	4340	3962	3552	3167	2953	2789	2827	3033	3413	3719	3963	4037	3960	3787	3545	3301	3032	2790	2552	2352	2205	
111	4618	60.0	60.0	14	1	1	2	949	1192	1807	2824	3971	4982	5452	5623	5493	5122	4811	4389	3939	3583	3184	2954	2823	2843	3087	3409	3736	3967	4082	3980	3812	3608	3365	3052	2822	2575	2354	2229	
111	4635	60.0	60.0	14	1	1	2	948	1198	1845	2813	3974	4967	5481	5682	5501	5173	4804	4417	3967	3570	3210	2984	2828	2870	3071	3414	3766	3975	4098	3960	3830	3594	3318	3037	2783	2541	2454	2234	
111	4653	59.9	60.0	14	1	1	2	936	1211	1842	2813	3994	4941	5487	5626	5500	5146	4753	4375	3944	3563	3191	2981	2818	2820	3054	3403	3704	3973	4033	3983	3784	3588	3321	3033	2799	2558	2397	2236	
111	4670	59.9	60.0	14	1	1	2	962	1209	1833	2793	3985	4891	5458	5592	5442	5152	4785	4348	3932	3555	3205	2951	2822	2856	3023	3404	3767	3961	4064	3988	3808	3562	3304	3042	2795	2550	2391	2212	
111	4687	59.9	60.0	14	1	1	2	954	1199	1849	2793	3984	4946	5433	5603	5468	5117	4758	4358	3938	3573	3174	2935	2816	2805	3079	3376	3728	3943	4028	3966	3760	3551	3280	3013	2766	2522	2392	2221	
111	4752	95.5	94.9	15	1	0	2	885	1022	1286	1770	2311	2823	3129	3266	3259	3127	2986	2764	2588	2369	2216	2147	2125	2225	2438	2736	2982	3155	3214	3159	3064	2921	2725	2551	2367	2195	2105	1951	
111	4769	95.0	95.0	15	1	0	2	880	1006	1306	1767	2317	2795	3120	3263	3207	3141	2978	2786	2554	2400	2213	2130	2095	2222	2429	2696	2969	3146	3240	3159	3079	2889	2714	2529	2334	2178	2076	1960	
111	4832	59.7	60.4	15	1	1	2	957	1198	1815	2744	3898	4877	5360	5535	5414	5088	4750	4308	3914	3527	3138	2936	2788	2824	3021	3403	3702	3918	4034	3940	3762	3527	3280	3005	2766	2537	2334	2169	
111	4849	60.0	60.1	15	1	1	2	948	1194	1827	2794	3933	4878	5404	5525	5418	5081	4698	4293	3869	3526	3169	2945	2778	2826	3018	3371	3671	3948	4008	3940	3753	3524	3282	3012	2773	2536	2353	2215	
111	4866	60.0	60.0	15	1	1	2	942	1194	1847	2778	3980	4935	5413	5605	5412	5072	4753	4346	3923	3530	3180	2982	2817	2859	3079	3390	3710	3945	4008	3968	3789	3564	3320	3030	2805	2574	2367	2218	
111	4883	59.9	60.0	15	1	1	2	942	1196	1808	2793	3964	4923	5452	5637	5456	5153	4793	4363	3963	3527	3209	2972	2804	2833	3049	3405	3703	3913	4022	3967	3752	3578	3273	2971	2769	2563	2369	2228	
111	4901	59.9	60.0	15	1	1	2	943	1205	1831	2799	3982	4930	5427	5566	5440	5109	4748	4327	3928	3552	3179	2964	2806	2837	3018	3396	3720	3959	4044	3972	3773	3534	3289	3027	2770	2552	2377	2251	
111	4918	60.0	60.0	15	1	1	2	943	1190	1828	2817	3961	4895	5432	5618	5384	5097	4708	4331	3901	3504	3194	2978	2792	2826	3029	3384	3689	3911	4011	3944	3754	3541	3288	3017	2769	2560	2374	2225	
111	4935	60.0	60.0	15	1	1	2	958	1204	1813	2764	3939	4922	5389	5538	5426	5101	4763	4324	3923	3550	3162	2961	2775	2807	3054	3399	3718	3928	4015	3951	3771	3535	3292	3023	2783	2538	2382	2243	
111	5000	95.4	94.9	16	1	0	2	894	1018	1322	1768	2331	2829	3135	3283	3235	3163	2955	2801	2542	2409	2242	2136	2110	2222	2440	2731	2991	3147	3220	3137	3037	2864	2717	2551	2347	2188	2067	1939	
111	5017	95.0	95.0	16	1	0	2	888	1005	1289	1796	2349	2830	3078	3244	3233	3095	2971	2746	2540	2362	2201	2151	2104	2201	2428	2722	2967	3120	3182	3162	3049	2879	2700	2532	2341	2179	2061	1957	
111	5080	59.6	60.4	16	1	1	2	939	1205	1816	2768	3950	4906	5404	5541	5371	5102	4725	4293	3884	3532	3193	2946	2788	2832	3047	3398	3690	3904	4039	3938	3797	3577	3284	3033	2768	2555	2366	2197	
111	5097	60.0	60.1	16	1	1	2	968	1196	1802	2798	3970	4899	5412	5532	5415	5084	4714	4354	3936	3522	3167	2994	2828	2833	3036	3393	3715	3935	4016	3950	3750	3563	3297	3025	2772	2516	2399	2220	
111	5114	59.9	60.0	16	1	1	2	926	1211	1832	2771	3961	4931	5446	5621	5461	5169	4733	4345	3954	3549	3188	2972	2796	2842	3034	3426	3700	3942	3992	3961	3784	3575	3280	3072	2776	2532	2408	2201	
111	5131	60.0	60.0	16	1	1	2	941	1209	1835	2818	3970	4972	5444	5677	5506	5127	4771	4387	3926	3540	3193	2974	2816	2826	3057	3452	3717	3987	4019	3960	3803	3538	3297	3000	2765	2537	2393	2228	
111	5149	59.9	60.0	16	1	1	2	944	1195	1849	2837	3907	4919	5424	5654	5478	5116	4786	4403	3947	3573	3193	2969	2799	2881	3048	3386	3723	3945	4024	3999	3775	3577	3319	3047	2761	2560	2399	2235	
111	5166	59.9	60.0	16	1	1	2	937	1194	1816	2806	3937	4859	5425	5607	5443	5131	4735	4347	3924	3571	3166	2994	2774	2861	3027	3401	3662	3940	4025	3965	3784	3562	3298	3002	2783	2560	2387	2235	
111	5183	60.0	60.0	16	1	1	2	947	1189	1821	2790	3931	4897	5394	5588	5384	5069	4750	4358	3881	3520	3149	2921	2817	2833	3038	3392	3698	3903	3991	3946	3785	3513	3273	3022	2777	2519	2385	2197	
111	5246	95.5	94.7	17	1	0	2	883	966	1321	1793	2333	2833	3131	3273	3224	3146	2966	2795	2548	2367	2203	2135	2124	2239	2429	2698	2952	3135	3190	3188	3051	2845	2714	2520	2363	2216	2081	1946	
111	5263	95.0	95.0	17	1	0	2	882	1009	1288	1764	2324	2818	3077	3272	3215	3100	2958	2735	2542	2375	2211	2122	2140	2215	2400	2720	2958	3152	3210	3142	3045	2877	2710	2511	2378	2177	2080	1947	
111	5326	59.7	60.4	17	1	1	2	946	1180	1808	2753	3925	4897	5384	5552	5384	5115	4774	4320	3896	3545	3169	2949	2778	2825	3036	3388	3724	3947	3985	3911	3763	3560	3280	3010	2798	2560	2364	2206	
111	5343	60.0	60.1	17	1	1	2	950	1205	1810	2767	3919	4842	5322	5577	5373	5105	4729	4318	3882	3513	3134	2951	2820	2818	3041	3361	3705	3956	3969	3928	3736	3552	3281	3005	2768	2546	2359	2224	
111	5360	60.0	60.0	17	1	1	2	945	1200	1824	2791	3941	4946	5414	5599	5408	5106	4788	4376	3928	3533	3176	2950	2826	2792	3020	3368	3721	3967	4006	3930	3775	3549	3303	3037	2767	2565	2360	2202	
111	5377	60.0	60.0	17	1	1	2	933	1217	1831	2837	3950	4948	5476	5628	5468	5140	4801	4340	3948	3551	3160	2971	2806	2845	3031	3388	3708	3936	4033	3977	3788	3557	3268	3001	2770	2542	2381	2223	
111	5395	60.0	60.0	17	1	1	2	937	1205	1825	2803	3943	4935	5445	5628	5393	5108	4784	4319	3934	3547	3197	2961	2820	2854	3053	3366	3722	3962	4008	3917	3748	3541	3296	3050	2764	2556	2362	2231	
111	5412	60.0	60.0	17	1	1	2	935	1191	1815	2815	3935	4873	5384	5579	5426	5120	4754	4334	3889	3539	3199	2918	2803	2829	3017	3404	3729	3960	4019	3941	3765	3534	3281	3011	2774	2590	2372	2233	
111	5429	60.0	60.0	17	1	1	2	933	1186	1842	2769	3936	4860	5398	5534	5412	5077	4753	4334	3891	3554	3184	2937	2804	2801	3028	3382	3714	3923	4024	3961	3736	3514	3246	2981	2789	2546	2345	2226	
111	5494	95.4	94.9	18	1	0	2	886	1006	1312	1817	2347	2797	3107	3255	3232	3111	2979	2804	2585	2378	2217	2111	2098	2221	2433	2675	2994	3150	3192	3169	3031	2894	2738	2489	2370	2207	2040	1948	
111	5511	95.0	95.0	18	1	0	2	889	1024	1316	1809	2317	2805	3117	3219	3194	3103	2943	2770	2532	2374	2196	2143	2103	2195	2436	2701	2983	3135	3175	3150	3019	2870	2687	2521	2331	2208	2053	1944	
111	5574	59.6	60.4	18	1	1	2	944	1217	1787	2733	3855	4824	5334	5501	5347	5052	4715	4286	3846	3501	3135	2924	2764	2785	3022	3360	3681	3888	3963	3894	3751	3512	3239	2987	2747	2546	2357	2196	
111	5591	60.0	60.1	18	1	1	2	930	1212	1810	2751	3885	4840	5325	5510	5348	5030	4738	4274	3891	3501	3141	2920	2751	2817	2989	3345	3669	3896	3993	3938	3745	3579	3274	2978	2781	2522	2339	2202	
111	5608	60.0	60.0	18	1	1	2	958	1188	1820	2787	3937	4878	5416	5574	5362	5062	4740	4310	3866	3549	3160	2939	2761	2829	3016	3401	3695	3957	3993	3943	3752	3553	3290	2980	2760	2559	2336	2208	
111	5626	59.9	60.0	18	1	1	2	961	1193	1834	2777	3952	4938	5424	5587	5412	5100	4743	4384	3924	3566	3190	2944	2771	2819	3010	3394	3719	3932	4018	3930	3729	3558	3278	3029	2779	2553	2364	2218	
111	5643	60.0	60.0	18	1	1	2	945	1203	1817	2754	3946	4897	5366	5619	5390	5046	4750	4329	3908	3542	3168	2941	2785	2837	3036	3368	3729	3920	3983	3909	3761	3545	3279	2961	2755	2524	2374	2222	
111	5660	60.0	60.0	18	1	1	2	958	1199	1823	2775	3906	4851	5365	5515	5339	5080	4727	4334	3906	3539	3136	2938	2780	2807	3012	3393	3669	3918	3994	3926	3744	3556	3309	3007	2735	2540	2364	2171	
111	5677	59.9	60.0	18	1	1	2	939	1194	1815	2767	3916	4850	5363	5550	5379	5033	4735	4335	3861	3532	3146	2917	2811	2816	3020	3355	3646	3909	4001	3933	3757	3524	3264	3013	2753	2525	2366	2225	
111	5742	95.5	94.9	19	1	0	2	893	990	1279	1779	2320	2827	3124	3267	3221	3130	2994	2775	2559	2371	2216	2137	2131	2212	2408	2721	2949	3143	3193	3169	3017	2887	2684	2503	2347	2172	2068	1935	
111	5759	95.0	95.0	19	1	0	2	886	999	1298	1781	2310	2786	3085	3220	3205	3078	2952	2744	2515	2374	2222	2118	2093	2204	2390	2707	2947	3121	3192	3129	3022	2858	2682	2498	2323	2189	2068	1918	
111	5822	59.7	60.4	19	1	1	2	946	1188	1821	2739	3898	4831	5344	5521	5354	5088	4736	4320	3900	3519	3169	2927	2807	2778	3026	3370	3671	3930	4009	3934	3716	3520	3275	3024	2772	2569	2358	2195	
111	5839	60.0	60.1	19	1	1	2	938	1185	1808	2783	3901	4834	5343	5515	5341	5043	4728	4331	3913	3481	3143	2927	2799	2813	2978	3352	3675	3867	3981	3902	3737	3509	3228	3019	2767	2533	2357	2193	
111	5856	60.0	60.0	19	1	1	2	948	1182	1799	2768	3925	4897	5423	5584	5396	5091	4765	4335	3895	3530	3180	2945	2795	2820	3007	3380	3694	3913	4007	3926	3784	3556	3236	3012	2805	2520	2379	2223	
111	5874	60.0	60.0	19	1	1	2	943	1204	1826	2805	3976	4925	5391	5598	5452	5113	4742	4355	3906	3539	3177	2942	2799	2847	3044	3369	3738	3902	4024	3951	3767	3534	3276	3019	2755	2556	2372	2232	
111	5891	59.9	60.0	19	1	1	2	950	1202	1831	2790	3928	4872	5393	5571	5418	5053	4738	4311	3933	3516	3162	2955	2788	2800	3045	3362	3692	3924	4003	3953	3773	3568	3297	2972	2759	2513	2379	2199	
111	5908	59.9	60.0	19	1	1	2	956	1193	1821	2763	3967	4881	5385	5584	5383	5104	4758	4351	3900	3522	3148	2960	2785	2815	3044	3387	3714	3900	3986	3910	3733	3559	3292	3053	2742	2534	2344	2190	
111	5925	60.0	60.0	19	1	1	2	952	1197	1824	2789	3893	4844	5380	5512	5365	5047	4726	4313	3885	3501	3139	2921	2786	2802	3013	3342	3670	3902	3998	3928	3769	3517	3257	2980	2775	2539	2352	2194	
111	5990	95.5	94.9	20	1	0	2	896	1008	1301	1764	2311	2807	3095	3244	3202	3133	2920	2759	2560	2368	2180	2128	2104	2228	2394	2731	2996	3128	3213	3136	3032	2904	2680	2521	2329	2204	2048	1934	
111	6007	95.0	95.0	20	1	0	2	886	1002	1294	1755	2307	2803	3085	3241	3226	3099	2923	2736	2540	2369	2190	2096	2104	2191	2395	2689	2984	3106	3209	3148	3025	2858	2676	2508	2324	2181	2051	1927	
111	6070	59.6	60.4	20	1	1	2	951	1186	1830	2758	3904	4864	5355	5515	5357	5049	4673	4288	3890	3514	3184	2905	2754	2788	3038	3358	3657	3882	4010	3912	3761	3532	3249	2989	2747	2541	2393	2192	
111	6087	60.0	60.1	20	1	1	2	946	1195	1811	2756	3927	4863	5358	5528	5318	5062	4724	4308	3844	3530	3154	2955	2759	2818	3021	3366	3684	3923	4001	3933	3752	3524	3251	3016	2764	2579	2379	2224	
111	6104	60.0	60.0	20	1	1	2	939	1212	1818	2784	3915	4856	5415	5573	5418	5082	4707	4294	3878	3482	3144	2940	2816	2801	3026	3414	3747	3908	3980	3909	3774	3514	3294	3015	2764	2548	2345	2205	
111	6122	59.9	60.0	20	1	1	2	946	1196	1836	2816	3979	4913	5392	5630	5405	5150	4780	4333	3920	3576	3167	3009	2800	2838	3058	3381	3714	3925	4008	3909	3763	3569	3290	3002	2758	2546	2360	2194	
111	6139	60.0	60.0	20	1	1	2	949	1187	1824	2796	3949	4850	5406	5595	5368	5108	4718	4343	3922	3515	3146	2972	2805	2846	3024	3372	3714	3888	4011	3982	3737	3553	3284	3016	2767	2539	2364	2200	
111	6156	60.0	60.0	20	1	1	2	941	1204	1825	2775	3944	4888	5366	5534	5349	5100	4750	4333	3906	3535	3164	2933	2806	2825	3012	3342	3669	3931	3976	3925	3731	3555	3269	3012	2768	2509	2370	2212	
111	6173	60.0	60.0	20	1	1	2	924	1179	1808	2768	3895	4888	5370	5542	5348	5048	4680	4237	3915	3511	3164	2902	2774	2814	3011	3353	3641	3880	3993	3922	3725	3515	3255	2968	2746	2507	2365	2191	
111	6238	95.5	94.8	21	1	0	2	881	999	1286	1769	2337	2799	3105	3225	3241	3126	2972	2764	2528	2356	2173	2139	2112	2209	2431	2719	2960	3133	3129	3162	3028	2895	2698	2510	2349	2181	2055	1904	
111	6255	94.9	95.0	21	1	0	2	886	1003	1301	1755	2302	2797	3072	3243	3204	3071	2959	2730	2546	2346	2180	2134	2104	2184	2399	2692	2909	3105	3176	3128	2970	2864	2679	2488	2347	2195	2046	1917	
111	6316	59.7	60.5	21	1	1	2	957	1192	1831	2756	3911	4858	5309	5539	5310	5028	4664	4267	3830	3509	3147	2912	2768	2801	3015	3369	3696	3891	3988	3930	3710	3528	3246	3004	2767	2522	2359	2225	
111	6333	60.0	60.1	21	1	1	2	939	1180	1801	2784	3853	4852	5338	5538	5307	5045	4678	4295	3829	3497	3137	2936	2798	2796	3009	3336	3683	3832	3953	3894	3728	3528	3261	2994	2740	2515	2375	2175	
111	6351	60.0	60.0	21	1	1	2	941	1195	1856	2779	3930	4896	5407	5574	5398	5109	4751	4360	3893	3512	3193	2939	2820	2838	3016	3336	3700	3938	4001	3911	3765	3509	3273	3018	2764	2542	2355	2226	
111	6368	60.0	60.0	21	1	1	2	962	1208	1828	2774	3903	4930	5431	5619	5407	5108	4756	4335	3931	3539	3161	2943	2799	2836	3049	3379	3725	3949	4058	3940	3752	3553	3239	3006	2769	2552	2374	2215	
111	6385	59.9	60.0	21	1	1	2	935	1204	1810	2766	3986	4894	5422	5591	5388	5110	4752	4353	3907	3508	3141	2959	2799	2807	3043	3373	3688	3902	3961	3949	3745	3485	3267	3016	2771	2534	2348	2209	
111	6402	60.0	60.0	21	1	1	2	941	1203	1834	2783	3907	4872	5415	5574	5412	5115	4710	4322	3899	3536	3155	2957	2789	2828	3022	3353	3678	3940	3984	3924	3744	3554	3302	3004	2763	2530	2334	2195	
111	6420	60.0	60.0	21	1	1	2	936	1203	1813	2795	3908	4890	5408	5558	5363	5041	4719	4303	3895	3547	3176	2948	2796	2809	3005	3363	3660	3909	3969	3947	3729	3532	3256	3021	2769	2527	2341	2201	
111	6482	95.3	94.9	22	1	0	2	882	993	1306	1760	2335	2811	3063	3254	3187	3107	2954	2756	2570	2360	2197	2146	2118	2193	2427	2735	2969	3125	3219	3160	3000	2857	2686	2516	2332	2193	2058	1952	
111	6499	95.0	95.0	22	1	0	2	888	1010	1291	1777	2298	2774	3062	3228	3192	3085	2924	2758	2561	2352	2169	2097	2099	2174	2413	2682	2941	3120	3187	3139	2991	2861	2702	2512	2308	2180	2034	1923	
111	6562	59.6	60.4	22	1	1	2	940	1188	1818	2744	3850	4829	5298	5482	5368	4995	4696	4257	3853	3464	3148	2898	2770	2791	3013	3331	3658	3881	3962	3916	3752	3535	3237	2985	2726	2525	2316	2197	
111	6580	59.9	60.1	22	1	1	2	944	1169	1818	2762	3937	4799	5366	5534	5393	5072	4670	4300	3868	3523	3160	2930	2804	2809	2999	3334	3645	3896	3965	3918	3760	3534	3225	2999	2740	2536	2360	2185	
111	6597	60.0	60.0	22	1	1	2	938	1213	1829	2812	3925	4899	5406	5579	5402	5085	4709	4323	3910	3548	3168	2968	2774	2814	3028	3369	3688	3898	4016	3952	3763	3532	3282	3018	2730	2537	2358	2198	
111	6614	60.0	60.0	22	1	1	2	941	1207	1807	2780	3939	4892	5406	5571	5411	5095	4752	4338	3917	3520	3158	2932	2783	2860	3025	3390	3652	3898	3995	3918	3780	3518	3272	3016	2729	2546	2366	2205	
111	6631	59.9	60.0	22	1	1	2	956	1171	1827	2783	3900	4863	5400	5592	5390	5142	4729	4357	3932	3528	3183	2941	2786	2817	3011	3352	3654	3893	4003	3916	3730	3549	3212	3010	2742	2541	2352	2219	
111	6649	59.9	60.0	22	1	1	2	958	1192	1801	2768	3916	4927	5357	5541	5385	5087	4711	4284	3890	3526	3124	2933	2786	2791	3024	3383	3688	3909	3958	3912	3736	3512	3264	3003	2741	2518	2362	2185	
111	6666	60.0	60.0	22	1	1	2	958	1209	1820	2771	3920	4865	5415	5568	5353	5060	4744	4290	3882	3523	3153	2941	2795	2802	2967	3351	3685	3880	3969	3924	3761	3518	3265	2972	2777	2542	2356	2196	
111	6728	95.4	94.9	23	1	0	2	894	998	1298	1747	2318	2828	3092	3260	3219	3110	2956	2755	2539	2369	2195	2126	2068	2207	2429	2696	2920	3093	3177	3126	2991	2871	2692	2529	2350	2181	2048	1938	
111	6745	94.9	95.0	23	1	0	2	874	1016	1316	1742	2313	2796	3071	3248	3164	3063	2906	2738	2545	2358	2174	2088	2092	2213	2372	2672	2937	3106	3173	3116	2991	2836	2662	2493	2328	2175	2056	1918	
111	6808	59.6	60.4	23	1	1	2	932	1185	1788	2734	3858	4788	5302	5483	5292	4967	4684	4232	3856	3487	3103	2910	2771	2826	2959	3326	3639	3860	3965	3891	3717	3511	3221	2988	2716	2538	2323	2181	
111	6826	60.0	60.1	23	1	1	2	931	1203	1793	2744	3893	4787	5331	5490	5299	5021	4695	4277	3887	3520	3150	2897	2763	2810	3004	3342	3642	3875	3995	3912	3718	3520	3255	2988	2768	2534	2360	2203	
111	6843	60.0	60.0	23	1	1	2	936	1189	1819	2765	3934	4879	5365	5513	5377	5119	4718	4305	3864	3494	3137	2937	2785	2816	3033	3311	3662	3874	3968	3928	3702	3522	3261	3012	2762	2503	2378	2220	
111	6860	60.0	60.0	23	1	1	2	943	1200	1824	2801	3909	4862	5393	5591	5403	5079	4671	4323	3892	3535	3176	2927	2809	2829	2998	3364	3670	3924	3980	3900	3749	3499	3229	3008	2729	2524	2341	2208	
111	6877	60.0	60.0	23	1	1	2	926	1201	1825	2746	3895	4862	5338	5505	5295	5063	4657	4282	3865	3471	3128	2889	2758	2821	3004	3385	3643	3869	3991	3920	3725	3493	3225	2953	2740	2541	2347	2170	
111	6895	60.0	60.0	23	1	1	2	941	1196	1818	2784	3898	4834	5309	5513	5309	5042	4697	4266	3848	3516	3109	2927	2769	2772	3008	3327	3652	3864	3983	3904	3684	3492	3206	2961	2747	2509	2320	2167	
111	6912	60.0	60.0	23	1	1	2	941	1179	1782	2758	3869	4813	5332	5460	5315	5015	4702	4280	3843	3466	3122	2905	2708	2773	2957	3340	3658	3849	3959	3937	3699	3451	3247	2987	2739	2510	2339	2184	
111	6974	95.5	94.7	24	1	0	2	878	999	1298	1752	2361	2819	3110	3241	3192	3085	2946	2767	2537	2382	2207	2113	2092	2178	2414	2692	2938	3121	3143	3159	2999	2830	2685	2506	2343	2197	2054	1916	
111	6992	95.0	95.0	24	1	0	2	887	1003	1275	1724	2299	2778	3058	3237	3176	3055	2919	2727	2497	2331	2183	2110	2070	2179	2379	2673	2917	3100	3142	3112	3013	2839	2664	2498	2330	2174	2044	1942	
111	7054	59.6	60.4	24	1	1	2	941	1183	1820	2722	3847	4819	5307	5466	5315	5011	4668	4273	3859	3491	3108	2884	2737	2785	3011	3327	3670	3873	3947	3891	3724	3529	3261	2980	2733	2536	2331	2201	
111	7072	60.0	60.0	24	1	1	2	936	1201	1809	2740	3859	4845	5311	5505	5283	4993	4681	4296	3859	3502	3132	2886	2781	2790	2982	3323	3641	3896	3924	3897	3726	3525	3237	3010	2728	2505	2309	2171	
111	7089	59.9	60.0	24	1	1	2	936	1176	1798	2755	3931	4858	5373	5560	5397	5030	4727	4297	3866	3506	3131	2934	2758	2794	3014	3327	3683	3897	3969	3935	3716	3525	3228	2999	2771	2521	2357	2177	
111	7106	59.9	60.0	24	1	1	2	940	1193	1792	2758	3917	4908	5399	5556	5411	5067	4705	4330	3853	3534	3177	2934	2771	2800	3007	3351	3683	3897	3993	3926	3739	3530	3249	2984	2760	2496	2364	2192	
111	7123	60.0	60.0	24	1	1	2	938	1197	1806	2751	3886	4842	5362	5521	5312	5078	4699	4294	3860	3516	3177	2910	2780	2820	3013	3339	3679	3855	3962	3904	3721	3498	3273	2999	2718	2542	2357	2209	
111	7141	59.9	60.0	24	1	1	2	960	1180	1809	2748	3869	4824	5319	5499	5327	5074	4674	4300	3843	3489	3151	2940	2730	2777	3002	3336	3658	3867	3966	3928	3695	3522	3242	2965	2780	2528	2360	2149	
111	7158	60.0	60.0	24	1	1	2	950	1209	1816	2742	3883	4812	5313	5537	5320	5013	4657	4263	3860	3495	3103	2895	2745	2794	3007	3342	3644	3862	3969	3892	3747	3512	3290	2998	2753	2540	2348	2180	
111	7222	95.4	94.9	25	1	0	2	888	998	1292	1764	2336	2822	3109	3213	3226	3099	2946	2748	2561	2395	2221	2113	2100	2197	2429	2724	2971	3136	3177	3134	2995	2854	2685	2515	2342	2171	2046	1925	
111	7240	95.0	95.0	25	1	0	2	882	1004	1296	1758	2303	2770	3084	3239	3188	3059	2924	2740	2516	2327	2191	2097	2087	2190	2402	2689	2915	3076	3180	3092	3024	2846	2650	2490	2316	2185	2044	1939	
111	7302	59.7	60.4	25	1	1	2	931	1203	1819	2801	3892	4821	5338	5533	5374	5023	4715	4266	3849	3496	3151	2905	2782	2839	3018	3355	3645	3888	3984	3939	3736	3556	3258	3008	2727	2554	2352	2205	
111	7320	60.0	60.1	25	1	1	2	936	1193	1814	2779	3941	4847	5333	5495	5386	5081	4691	4256	3866	3489	3142	2937	2779	2765	3010	3365	3619	3881	3977	3901	3735	3492	3261	2984	2770	2554	2329	2204	
111	7337	60.0	60.0	25	1	1	2	947	1202	1801	2793	3945	4894	5389	5583	5436	5064	4760	4289	3919	3518	3152	2930	2753	2821	3017	3370	3714	3874	4003	3913	3765	3540	3262	3001	2741	2509	2353	2201	
111	7354	60.0	60.0	25	1	1	2	939	1197	1827	2775	3940	4897	5405	5584	5374	5097	4725	4323	3897	3508	3196	2924	2793	2806	2990	3384	3671	3860	3998	3923	3730	3520	3294	3017	2749	2523	2357	2231	
111	7372	60.0	60.0	25	1	1	2	950	1188	1808	2755	3909	4854	5368	5580	5375	5120	4702	4314	3889	3515	3141	2956	2764	2813	3009	3347	3652	3901	4030	3956	3756	3530	3279	3002	2769	2550	2360	2196	
111	7389	59.9	60.0	25	1	1	2	943	1207	1811	2782	3916	4881	5370	5541	5399	5027	4727	4320	3892	3510	3157	2911	2759	2826	3024	3347	3682	3903	4018	3885	3704	3506	3269	2991	2765	2537	2344	2181	
111	7406	59.9	60.0	25	1	1	2	944	1203	1821	2793	3895	4853	5352	5537	5380	5061	4702	4289	3896	3488	3159	2881	2781	2830	2983	3358	3685	3905	3968	3939	3725	3528	3294	2982	2728	2551	2340	2227	
111	7470	95.4	94.9	26	1	0	2	890	1001	1298	1766	2289	2807	3086	3230	3211	3090	2933	2761	2537	2375	2184	2111	2121	2207	2398	2674	2928	3129	3195	3150	2987	2863	2656	2483	2334	2170	2059	1917	
111	7488	95.0	95.0	26	1	0	2	892	1010	1297	1756	2275	2771	3047	3246	3186	3063	2918	2737	2522	2341	2166	2101	2056	2195	2427	2690	2939	3092	3131	3128	2991	2861	2688	2461	2341	2168	2011	1910	
111	7551	59.6	60.4	26	1	1	2	912	1180	1816	2750	3894	4801	5301	5494	5292	5029	4688	4272	3832	3494	3110	2910	2777	2764	3033	3325	3660	3940	3981	3889	3727	3500	3266	2980	2759	2540	2359	2214	
111	7568	59.9	60.1	26	1	1	2	951	1193	1807	2751	3930	4853	5337	5529	5347	5041	4669	4336	3825	3491	3152	2927	2757	2787	2993	3360	3660	3899	3987	3885	3734	3476	3255	3012	2739	2515	2335	2205	
111	7585	60.0	60.0	26	1	1	2	942	1211	1819	2774	3957	4886	5380	5549	5382	5038	4710	4332	3859	3517	3170	2943	2784	2799	3014	3356	3671	3911	3990	3945	3744	3538	3266	2980	2776	2541	2334	2189	
111	7602	59.9	60.0	26	1	1	2	924	1189	1793	2812	3977	4898	5397	5619	5443	5099	4799	4337	3914	3519	3159	2917	2789	2834	3016	3378	3691	3883	4029	3948	3750	3522	3278	3033	2756	2526	2354	2206	
111	7620	59.9	60.0	26	1	1	2	949	1204	1829	2767	3914	4863	5386	5552	5359	5087	4777	4332	3928	3536	3180	2918	2753	2817	3033	3362	3703	3866	3981	3930	3769	3509	3262	3074	2738	2514	2350	2198	
111	7637	60.0	60.0	26	1	1	2	951	1200	1843	2762	3931	4815	5306	5542	5321	5030	4699	4313	3859	3511	3172	2917	2776	2808	2991	3325	3650	3885	3958	3930	3775	3530	3236	3019	2738	2515	2349	2207	
111	7654	59.9	60.0	26	1	1	2	951	1196	1825	2760	3925	4855	5320	5540	5367	5054	4707	4283	3854	3521	3160	2954	2772	2807	3018	3357	3666	3884	3991	3920	3740	3537	3280	3002	2736	2539	2342	2200	
111	7717	95.3	94.9	27	1	0	2	883	1024	1292	1764	2353	2799	3098	3268	3190	3100	2953	2784	2537	2336	2211	2119	2138	2205	2412	2690	2924	3141	3153	3128	3003	2860	2697	2453	2349	2180	2052	1914	
111	7734	95.0	95.0	27	1	0	2	902	991	1291	1755	2303	2829	3089	3218	3166	3093	2906	2747	2522	2301	2209	2101	2100	2206	2396	2714	2932	3107	3181	3125	3019	2833	2671	2494	2321	2156	2017	1931	
111	7797	59.6	60.4	27	1	1	2	954	1203	1797	2743	3883	4827	5306	5495	5309	5033	4688	4236	3871	3490	3164	2896	2767	2781	3012	3340	3668	3879	3955	3909	3730	3520	3239	3002	2718	2557	2362	2195	
111	7814	59.9	60.1	27	1	1	2	939	1178	1823	2765	3906	4828	5329	5502	5346	5063	4704	4287	3859	3507	3158	2890	2766	2774	3007	3340	3683	3889	3961	3885	3756	3522	3257	2998	2711	2507	2334	2202	
111	7831	59.9	60.0	27	1	1	2	963	1197	1828	2758	3893	4829	5349	5518	5339	5023	4732	4305	3896	3540	3165	2920	2800	2812	3011	3384	3672	3883	3963	3888	3748	3537	3242	2993	2828	2525	2349	2164	
111	7848	59.9	60.0	27	1	1	2	941	1193	1825	2797	3948	4890	5429	5593	5334	5080	4767	4325	3923	3537	3201	2938	2770	2788	3025	3384	3677	3921	3989	3934	3724	3507	3266	3009	2753	2515	2353	2176	
111	7866	60.0	60.0	27	1	1	2	956	1199	1817	2783	3978	4885	5388	5564	5398	5086	4762	4298	3887	3508	3141	2956	2773	2802	2993	3374	3659	3874	4000	3900	3705	3503	3252	2987	2760	2543	2342	2211	
111	7883	60.0	60.0	27	1	1	2	952	1206	1790	2793	3904	4876	5348	5514	5376	5031	4708	4250	3886	3495	3138	2915	2770	2789	3004	3316	3682	3882	3970	3914	3717	3481	3225	3008	2767	2554	2337	2195	
111	7900	60.0	60.0	27	1	1	2	946	1190	1822	2784	3891	4815	5341	5510	5375	5030	4736	4335	3879	3488	3154	2940	2785	2793	2974	3348	3675	3889	3974	3890	3752	3473	3275	2974	2766	2543	2369	2197	
111	7963	95.3	94.9	28	1	0	2	887	1001	1317	1774	2331	2800	3114	3241	3258	3118	2908	2779	2538	2380	2181	2133	2101	2197	2420	2709	2978	3141	3175	3151	3028	2904	2680	2514	2332	2175	2036	1950	
111	7980	95.0	95.0	28	1	0	2	888	1025	1297	1735	2305	2864	3036	3211	3193	3094	2916	2722	2542	2315	2202	2113	2107	2177	2405	2658	2922	3095	3173	3085	2983	2846	2679	2519	2358	2154	2068	1920	
111	8043	59.6	60.4	28	1	1	2	942	1190	1803	2740	3884	4838	5299	5554	5337	5076	4667	4278	3870	3469	3144	2918	2761	2832	3015	3366	3667	3883	3978	3918	3740	3524	3230	3002	2737	2518	2340	2198	
111	8060	60.0	60.1	28	1	1	2	924	1201	1830	2782	3920	4904	5428	5523	5390	5106	4724	4297	3927	3517	3128	2925	2761	2828	3004	3362	3661	3863	4014	3916	3746	3550	3280	2982	2737	2519	2353	2229	
111	8077	60.0	60.0	28	1	1	2	941	1198	1826	2786	3950	4838	5410	5541	5378	5101	4740	4350	3904	3528	3188	2934	2794	2822	3036	3331	3693	3898	3976	3913	3756	3540	3302	3008	2762	2536	2352	2174	
111	8095	59.9	60.0	28	1	1	2	951	1198	1826	2814	3933	4899	5478	5609	5496	5116	4726	4353	3916	3549	3196	2982	2796	2852	3048	3382	3697	3900	4031	3930	3770	3512	3266	2989	2766	2549	2369	2214	
111	8112	59.9	60.0	28	1	1	2	922	1191	1845	2774	3936	4853	5355	5556	5350	5109	4737	4287	3888	3511	3141	2932	2760	2852	2995	3352	3698	3902	3997	3926	3738	3552	3253	2966	2746	2528	2352	2222	
111	8129	60.0	60.0	28	1	1	2	945	1169	1809	2770	3927	4836	5354	5569	5341	5028	4752	4304	3877	3532	3151	2927	2783	2774	2990	3325	3650	3880	3970	3906	3752	3544	3217	2974	2733	2515	2374	2225	
111	8146	60.0	60.0	28	1	1	2	937	1197	1833	2753	3902	4847	5402	5535	5366	5016	4754	4289	3889	3486	3173	2929	2797	2784	3033	3326	3673	3891	3968	3926	3703	3505	3272	2965	2745	2520	2364	2192	
111	8211	95.5	94.9	29	1	0	2	873	1028	1315	1754	2329	2813	3107	3245	3196	3101	2949	2745	2552	2390	2201	2102	2121	2226	2384	2683	2926	3108	3175	3154	3013	2895	2682	2516	2324	2186	2049	1957	
111	8228	95.0	95.0	29	1	0	2	883	988	1284	1745	2304	2753	3108	3198	3189	3077	2940	2744	2534	2363	2195	2121	2068	2180	2404	2683	2918	3113	3176	3089	3009	2819	2690	2467	2326	2183	2066	1918	
111	8291	59.6	60.4	29	1	1	2	937	1169	1812	2741	3882	4838	5318	5499	5368	5007	4720	4311	3873	3494	3113	2916	2803	2788	3002	3317	3660	3887	3944	3896	3723	3495	3214	2984	2724	2528	2348	2200	
111	8308	59.9	60.0	29	1	1	2	952	1195	1817	2746	3914	4847	5332	5513	5347	5037	4716	4244	3876	3494	3109	2900	2784	2803	3008	3337	3679	3893	3986	3921	3701	3494	3251	2989	2728	2499	2358	2194	
111	8325	60.0	60.0	29	1	1	2	938	1194	1808	2790	3948	4867	5409	5631	5425	5129	4772	4331	3904	3536	3173	2940	2795	2838	2998	3351	3695	3941	4004	3964	3757	3528	3273	3000	2788	2524	2367	2214	
111	8343	60.0	60.0	29	1	1	2	927	1216	1836	2836	3953	4925	5444	5618	5435	5147	4737	4331	3918	3559	3179	2952	2791	2840	3046	3372	3704	3888	4006	3966	3744	3531	3283	3015	2749	2560	2365	2207	
111	8360	59.9	60.0	29	1	1	2	941	1198	1813	2816	3954	4893	5386	5563	5442	5150	4765	4316	3889	3532	3163	2958	2773	2805	3030	3356	3685	3919	3982	3957	3733	3522	3253	2985	2727	2537	2363	2205	
111	8377	60.0	60.0	29	1	1	2	944	1200	1821	2799	3920	4862	5378	5532	5364	5032	4692	4323	3893	3542	3144	2931	2782	2792	3017	3347	3683	3870	4021	3938	3717	3507	3236	2988	2738	2498	2321	2190	
111	8394	60.0	60.0	29	1	1	2	948	1194	1809	2795	3905	4848	5398	5495	5394	5053	4705	4342	3907	3454	3162	2926	2780	2839	2985	3327	3649	3908	3986	3926	3700	3532	3257	2981	2732	2516	2347	2211	
111	8459	95.5	94.9	30	1	0	2	872	992	1299	1791	2347	2842	3120	3280	3205	3124	2977	2759	2576	2377	2225	2136	2095	2207	2426	2707	2935	3125	3166	3123	3002	2848	2680	2517	2327	2168	2050	1928	
111	8476	95.0	95.0	30	1	0	2	881	998	1300	1767	2301	2796	3089	3220	3197	3108	2941	2727	2560	2341	2182	2094	2108	2189	2387	2672	2946	3086	3135	3118	2988	2838	2669	2493	2324	2132	2009	1902	
111	8539	59.6	60.4	30	1	1	2	945	1186	1793	2753	3898	4831	5296	5462	5311	5042	4647	4277	3861	3478	3156	2909	2777	2791	3004	3313	3638	3887	3929	3864	3702	3464	3251	2986	2725	2511	2344	2192	
111	8556	59.9	60.1	30	1	1	2	937	1191	1826	2763	3917	4863	5353	5578	5344	5051	4709	4268	3870	3520	3158	2943	2785	2802	3000	3335	3638	3869	3980	3887	3690	3478	3244	2987	2758	2529	2384	2199	
111	8573	60.0	60.0	30	1	1	2	923	1196	1820	2813	3919	4870	5387	5545	5418	5097	4711	4309	3924	3569	3148	2917	2815	2831	3022	3374	3662	3913	4015	3918	3718	3519	3218	2991	2752	2512	2381	2208	
111	8591	59.9	60.0	30	1	1	2	939	1191	1825	2784	3958	4938	5402	5620	5465	5136	4796	4344	3959	3563	3192	2976	2805	2823	3044	3391	3712	3913	3997	3965	3722	3543	3305	2987	2752	2529	2392	2197	
111	8608	60.0	60.0	30	1	1	2	936	1202	1796	2756	3904	4871	5424	5558	5424	5101	4729	4340	3886	3494	3152	2919	2804	2830	2990	3326	3650	3869	4006	3938	3722	3486	3222	2985	2744	2569	2381	2201	
111	8625	60.0	60.0	30	1	1	2	944	1194	1812	2777	3906	4871	5392	5561	5355	5055	4744	4297	3883	3515	3144	2909	2797	2788	3025	3343	3663	3916	3974	3899	3713	3536	3252	2990	2725	2517	2332	2161	
111	8642	60.0	60.0	30	1	1	2	937	1204	1808	2754	3913	4862	5351	5570	5372	5046	4717	4289	3874	3526	3147	2931	2796	2806	3020	3363	3674	3898	3960	3895	3722	3526	3236	2973	2738	2512	2330	2203	
111	8705	95.3	94.8	31	1	0	2	893	1018	1290	1783	2341	2854	3118	3305	3245	3116	2987	2786	2587	2396	2199	2138	2103	2208	2414	2697	2948	3168	3204	3146	3016	2864	2694	2482	2335	2169	2038	1921	
111	8722	95.0	95.0	31	1	0	2	888	1009	1299	1756	2353	2790	3088	3236	3236	3113	2960	2775	2563	2374	2224	2120	2121	2198	2427	2715	2952	3136	3167	3116	3013	2865	2714	2484	2354	2173	2048	1936	
111	8785	59.6	60.4	31	1	1	2	945	1206	1814	2804	3902	4874	5334	5515	5386	5053	4747	4311	3863	3528	3150	2933	2765	2835	3013	3361	3670	3897	3980	3905	3721	3503	3248	2956	2765	2525	2345	2170	
111	8802	60.0	60.1	31	1	1	2	944	1201	1810	2810	3929	4862	5414	5590	5425	5127	4711	4306	3903	3532	3130	2943	2808	2803	3043	3369	3687	3908	3982	3890	3719	3504	3260	2989	2742	2502	2355	2192	
111	8820	60.0	60.0	31	1	1	2	939	1203	1817	2825	3976	4925	5451	5618	5477	5136	4781	4397	3963	3563	3189	2965	2820	2848	3030	3364	3684	3894	3999	3919	3725	3534	3251	3000	2759	2539	2365	2176	
111	8837	60.0	60.0	31	1	1	2	953	1212	1841	2798	3975	4932	5503	5631	5473	5157	4792	4398	3942	3579	3207	2972	2838	2806	3010	3363	3692	3903	3999	3898	3727	3537	3275	2994	2763	2514	2371	2209	
111	8854	60.0	60.0	31	1	1	2	949	1212	1856	2784	3945	4904	5443	5590	5420	5095	4762	4348	3951	3532	3214	2962	2804	2839	3043	3333	3672	3894	3982	3899	3769	3521	3258	2978	2750	2523	2349	2188	
111	8871	59.9	60.0	31	1	1	2	943	1205	1825	2770	3971	4910	5377	5586	5424	5157	4772	4355	3902	3543	3209	2953	2783	2796	3044	3355	3675	3882	4007	3912	3723	3499	3258	2988	2747	2548	2360	2200	
111	8888	59.9	60.0	31	1	1	2	960	1194	1806	2772	3907	4915	5412	5591	5373	5093	4749	4326	3920	3550	3173	2937	2775	2832	3006	3344	3628	3879	3942	3890	3694	3501	3239	2966	2742	2522	2360	2188	
111	8951	95.3	94.9	32	1	0	2	886	990	1336	1790	2343	2846	3197	3305	3300	3143	2996	2804	2586	2421	2221	2129	2110	2196	2416	2703	2959	3138	3197	3132	3039	2863	2701	2512	2340	2188	2079	1937	
111	8968	95.0	95.0	32	1	0	2	883	1001	1312	1773	2345	2850	3105	3280	3258	3114	2977	2785	2581	2369	2195	2128	2092	2205	2414	2683	2952	3120	3159	3134	2975	2870	2668	2485	2353	2172	2045	1932	
111	9031	59.7	60.4	32	1	1	2	940	1199	1822	2798	4005	4936	5468	5636	5465	5132	4851	4433	3936	3571	3223	2997	2817	2813	3046	3415	3705	3921	3985	3953	3786	3539	3260	2982	2747	2553	2378	2198	
111	9048	60.0	60.1	32	1	1	2	942	1196	1856	2836	3991	5024	5496	5652	5499	5172	4857	4416	3974	3605	3210	2979	2853	2833	3050	3384	3688	3927	4013	3935	3777	3540	3285	2988	2783	2521	2350	2223	
111	9066	60.0	60.0	32	1	1	2	941	1215	1847	2834	4059	5035	5551	5753	5530	5259	4846	4418	3976	3631	3236	3004	2828	2845	3041	3414	3745	3914	4020	3965	3744	3566	3312	3018	2757	2544	2366	2204	
111	9083	59.9	60.0	32	1	1	2	946	1228	1860	2828	4078	5042	5580	5723	5579	5238	4884	4459	4018	3645	3248	3022	2888	2848	3073	3393	3738	3936	4052	3960	3726	3548	3282	3038	2771	2559	2364	2206	
111	9100	60.0	60.0	32	1	1	2	950	1201	1853	2832	4005	4965	5523	5692	5552	5193	4849	4398	3992	3606	3184	3001	2841	2841	3012	3368	3735	3906	4014	3863	3724	3521	3262	2993	2761	2538	2368	2173	
111	9117	60.0	60.0	32	1	1	2	938	1212	1856	2844	3981	4967	5459	5678	5506	5229	4860	4411	4036	3618	3221	2978	2846	2860	3037	3380	3688	3894	4040	3894	3724	3510	3249	2980	2765	2548	2347	2200	
111	9135	59.9	60.0	32	1	1	2	936	1214	1827	2839	3988	4970	5526	5682	5487	5175	4835	4425	3994	3597	3225	3003	2829	2811	3040	3365	3704	3872	3979	3906	3742	3545	3266	3004	2725	2531	2357	2192	
111	9197	95.4	94.8	33	1	0	2	892	1009	1331	1797	2402	2908	3213	3401	3334	3214	3044	2854	2601	2448	2253	2190	2131	2242	2452	2740	2964	3131	3221	3150	2995	2902	2710	2526	2330	2192	2070	1926	
111	9214	95.0	95.0	33	1	0	2	881	1016	1320	1767	2395	2905	3169	3331	3292	3191	3032	2832	2617	2422	2235	2162	2141	2216	2434	2721	2950	3130	3199	3117	3005	2872	2672	2529	2328	2189	2033	1933	
111	9277	59.6	60.4	33	1	1	2	954	1217	1844	2851	4061	5086	5616	5792	5615	5262	4914	4509	4010	3647	3270	3007	2874	2834	3070	3395	3743	3932	4016	3961	3767	3551	3248	2999	2742	2530	2367	2210	
111	9294	60.0	60.1	33	1	1	2	936	1208	1877	2889	4079	5086	5608	5833	5658	5323	4938	4542	4046	3650	3252	3061	2884	2872	3096	3417	3705	3957	4032	3965	3749	3513	3266	3033	2801	2562	2378	2206	
111	9312	59.9	60.0	33	1	1	2	932	1214	1895	2894	4134	5152	5647	5876	5740	5388	4999	4562	4113	3662	3301	3093	2887	2911	3100	3425	3739	3999	4059	4008	3809	3569	3255	3017	2784	2583	2364	2240	
111	9329	60.0	60.0	33	1	1	2	964	1207	1878	2915	4114	5168	5677	5885	5706	5380	5019	4579	4101	3723	3352	3089	2903	2917	3072	3440	3713	3967	4002	3987	3803	3558	3299	3023	2806	2554	2399	2222	
111	9346	60.0	60.0	33	1	1	2	947	1210	1886	2907	4093	5151	5688	5844	5648	5321	4972	4561	4143	3689	3311	3038	2881	2882	3096	3428	3729	3931	4012	3945	3771	3564	3312	3010	2758	2580	2368	2223	
111	9363	60.0	60.0	33	1	1	2	950	1227	1871	2886	4106	5124	5675	5852	5647	5352	4963	4560	4076	3677	3301	3068	2880	2886	3084	3406	3732	3935	4001	3950	3760	3558	3306	3026	2770	2530	2367	2208	
111	9381	59.9	60.0	33	1	1	2	945	1199	1878	2881	4102	5125	5629	5833	5662	5379	4962	4489	4090	3659	3263	3049	2880	2881	3074	3380	3701	3976	4008	3949	3763	3552	3270	3022	2792	2529	2349	2197	
111	9443	95.3	94.9	34	1	0	2	890	1010	1334	1877	2467	2994	3317	3484	3426	3296	3157	2949	2709	2515	2316	2193	2202	2249	2480	2746	2990	3167	3215	3169	3042	2876	2703	2540	2364	2206	2096	1925	
111	9461	95.0	95.0	34	1	0	2	894	1008	1337	1847	2414	2986	3325	3425	3416	3277	3160	2939	2699	2501	2307	2194	2172	2273	2489	2734	2986	3144	3191	3150	3022	2884	2716	2496	2357	2194	2065	1919	
111	9523	59.7	60.4	34	1	1	2	954	1235	1915	2936	4201	5184	5805	5996	5853	5511	5102	4644	4201	3758	3373	3128	2927	2948	3138	3458	3744	3925	4026	3941	3795	3585	3290	3012	2767	2572	2365	2257	
111	9541	59.9	60.0	34	1	1	2	941	1229	1937	2974	4274	5291	5834	6076	5876	5531	5133	4694	4196	3786	3411	3130	2920	2966	3159	3479	3778	3976	4039	3981	3810	3570	3308	3057	2779	2568	2362	2216	
111	9558	60.0	60.0	34	1	1	2	954	1235	1954	2972	4299	5362	5968	6149	5923	5653	5228	4737	4244	3876	3423	3186	2978	2986	3174	3494	3807	4000	4074	4028	3814	3580	3318	3067	2801	2563	2385	2212	
111	9575	60.0	60.0	34	1	1	2	961	1222	1940	2988	4315	5388	5975	6173	5987	5631	5239	4788	4279	3850	3430	3143	2998	2985	3185	3496	3783	4003	4098	3993	3836	3621	3330	3062	2832	2580	2384	2212	
111	9592	60.0	60.0	34	1	1	2	950	1240	1920	3022	4270	5378	5886	6173	5943	5618	5154	4738	4253	3841	3427	3164	2981	2980	3147	3481	3800	4023	4082	4000	3791	3609	3310	3058	2810	2575	2387	2220	
111	9610	60.0	60.0	34	1	1	2	932	1222	1939	2987	4245	5327	5917	6082	5914	5601	5183	4686	4241	3810	3441	3152	2950	2959	3184	3464	3782	4002	4092	4003	3821	3576	3308	3045	2782	2555	2372	2224	
111	9627	59.9	60.0	34	1	1	2	942	1225	1946	2976	4264	5340	5864	6134	5893	5589	5221	4697	4240	3841	3397	3128	2985	3013	3161	3465	3752	3994	4042	3979	3770	3582	3282	3053	2793	2574	2371	2214	
111	9691	95.4	94.9	35	1	0	2	918	1035	1377	1905	2578	3142	3481	3662	3644	3473	3307	3079	2833	2628	2385	2292	2264	2312	2515	2796	3045	3177	3282	3227	3082	2910	2706	2582	2353	2196	2072	1980	
111	9709	95.0	95.0	35	1	0	2	898	1060	1373	1898	2569	3150	3455	3638	3632	3490	3293	3043	2794	2582	2370	2281	2244	2287	2521	2798	3035	3181	3238	3209	3054	2898	2727	2536	2366	2214	2079	1953	
111	9771	59.6	60.4	35	1	1	2	952	1254	1976	3108	4453	5597	6196	6438	6242	5858	5441	4958	4462	4000	3564	3288	3060	3076	3206	3542	3828	4011	4123	4003	3808	3583	3378	3081	2808	2580	2411	2231	
111	9789	60.0	60.0	35	1	1	2	962	1251	2006	3117	4486	5660	6300	6521	6333	5934	5544	5016	4515	4054	3581	3290	3061	3104	3254	3566	3840	4081	4116	4039	3854	3617	3353	3078	2819	2602	2410	2212	
111	9806	60.0	60.0	35	1	1	2	970	1258	2014	3183	4510	5675	6333	6521	6324	5949	5504	5056	4543	4061	3629	3354	3129	3102	3266	3596	3893	4069	4149	4064	3866	3612	3396	3086	2810	2594	2419	2261	
111	9823	60.0	60.0	35	1	1	2	956	1262	2022	3155	4559	5740	6358	6565	6363	5941	5539	5078	4581	4082	3634	3324	3137	3111	3360	3561	3869	4086	4142	4048	3854	3633	3368	3081	2824	2601	2434	2242	
111	9840	59.9	60.0	35	1	1	2	992	1268	1991	3145	4519	5655	6323	6572	6308	5934	5509	5022	4547	4054	3630	3328	3091	3078	3211	3592	3903	4032	4131	4044	3851	3600	3364	3098	2811	2609	2425	2247	
111	9858	60.0	60.0	35	1	1	2	958	1263	2000	3145	4505	5695	6304	6513	6286	5977	5497	5032	4516	4080	3584	3332	3084	3074	3264	3582	3881	4029	4126	4058	3839	3602	3325	3093	2805	2589	2405	2256	
111	9875	60.0	60.0	35	1	1	2	963	1261	2016	3192	4527	5643	6312	6479	6297	5912	5532	5020	4549	4055	3614	3326	3080	3086	3262	3561	3835	4060	4090	4065	3828	3620	3328	3040	2822	2616	2409	2240	
111	9937	95.3	94.9	36	1	0	2	881	1045	1434	2011	2796	3411	3751	3969	3882	3716	3544	3303	3007	2799	2555	2407	2344	2418	2588	2849	3088	3244	3293	3225	3113	2967	2762	2573	2387	2232	2101	1954	
111	9955	95.0	95.0	36	1	0	2	894	1057	1421	2041	2737	3372	3704	3916	3863	3736	3536	3304	3017	2769	2522	2420	2344	2436	2578	2860	3079	3221	3278	3188	3065	2921	2761	2545	2371	2207	2086	1963	
111	10017	59.7	60.4	36	1	1	2	965	1293	2084	3333	4814	6067	6751	6993	6792	6414	5921	5392	4853	4358	3861	3550	3275	3245	3378	3694	3917	4093	4179	4112	3899	3665	3375	3120	2867	2612	2435	2277	
111	10035	59.9	60.0	36	1	1	2	971	1285	2097	3360	4881	6184	6879	7106	6882	6474	6002	5475	4895	4332	3858	3559	3315	3234	3404	3664	3967	4159	4217	4135	3892	3690	3398	3120	2850	2646	2462	2271	
111	10052	60.0	60.0	36	1	1	2	976	1293	2107	3383	4941	6220	6973	7164	6977	6547	6079	5456	4933	4429	3919	3558	3321	3306	3405	3712	4023	4156	4240	4124	3928	3685	3414	3140	2892	2644	2457	2292	
111	10069	60.0	60.0	36	1	1	2	953	1297	2132	3381	4905	6226	6916	7167	6988	6565	6066	5486	4952	4416	3888	3586	3322	3287	3446	3731	3975	4179	4233	4120	3952	3682	3396	3147	2901	2635	2477	2284	
111	10086	59.9	60.0	36	1	1	2	970	1300	2119	3410	4902	6233	6903	7179	6976	6491	6075	5522	4917	4412	3912	3563	3313	3271	3410	3713	3966	4196	4207	4145	3905	3713	3437	3125	2884	2611	2456	2312	
111	10104	59.9	60.0	36	1	1	2	978	1292	2150	3376	4894	6184	6859	7132	6897	6523	6040	5508	4884	4392	3911	3557	3316	3211	3405	3713	3957	4165	4202	4099	3937	3673	3390	3140	2895	2624	2436	2279	
111	10121	60.0	60.0	36	1	1	2	988	1298	2104	3371	4916	6144	6810	7114	6890	6530	6013	5467	4915	4376	3856	3555	3304	3247	3339	3739	3993	4134	4225	4112	3892	3672	3368	3118	2843	2621	2438	2285	
111	10186	95.4	94.9	37	1	0	2	900	1092	1500	2213	3018	3756	4200	4395	4337	4170	3980	3628	3337	3044	2758	2656	2509	2556	2738	2957	3186	3353	3346	3295	3153	2987	2814	2609	2473	2256	2116	1958	
111	10203	95.0	95.0	37	1	0	2	900	1081	1503	2175	2984	3718	4158	4365	4346	4116	3924	3622	3317	3035	2768	2593	2520	2523	2681	2966	3176	3296	3328	3267	3141	2980	2803	2598	2392	2252	2120	1965	
111	10266	59.7	60.4	37	1	1	2	968	1338	2227	3620	5266	6645	7400	7712	7511	7035	6509	5906	5270	4738	4152	3844	3527	3421	3549	3831	4038	4247	4273	4201	3993	3739	3471	3173	2927	2679	2460	2316	
111	10283	60.0	60.0	37	1	1	2	987	1347	2231	3645	5361	6820	7552	7840	7632	7144	6641	6011	5338	4812	4196	3809	3507	3469	3595	3857	4076	4257	4341	4264	4013	3776	3470	3204	2899	2677	2513	2311	
111	10300	60.0	60.0	37	1	1	2	975	1360	2274	3695	5388	6879	7647	7940	7688	7224	6720	6138	5420	4810	4286	3883	3580	3500	3596	3892	4164	4325	4360	4233	4033	3794	3485	3219	2930	2688	2493	2321	
111	10317	60.0	60.0	37	1	1	2	976	1351	2228	3700	5431	6864	7642	7947	7714	7251	6762	6092	5416	4842	4313	3846	3589	3476	3632	3898	4145	4341	4333	4286	4051	3797	3493	3224	2924	2672	2515	2318	
111	10335	60.0	60.0	37	1	1	2	991	1359	2271	3683	5431	6831	7641	7935	7697	7178	6657	6047	5386	4807	4257	3882	3528	3480	3600	3874	4167	4296	4342	4235	3992	3763	3513	3210	2911	2705	2494	2286	
111	10352	60.0	60.0	37	1	1	2	976	1357	2216	3693	5370	6807	7595	7931	7658	7190	6677	6066	5359	4768	4227	3873	3559	3482	3583	3858	4127	4283	4301	4237	4012	3781	3493	3175	2911	2709	2482	2312	
111	10369	60.0	60.0	37	1	1	2	976	1373	2270	3683	5384	6843	7579	7919	7650	7176	6658	6051	5435	4821	4220	3893	3579	3460	3620	3866	4105	4299	4355	4244	4014	3815	3506	3196	2942	2666	2500	2297	
111	10432	95.3	94.9	38	1	0	2	926	1124	1610	2437	3378	4243	4769	4971	4906	4744	4460	4074	3700	3376	3055	2840	2681	2746	2859	3096	3287	3438	3491	3400	3255	3095	2900	2683	2477	2301	2174	2034	
111	10449	95.0	95.0	38	1	0	2	925	1116	1606	2380	3366	4168	4700	4920	4884	4643	4373	4077	3688	3342	3005	2857	2728	2734	2872	3125	3306	3456	3447	3328	3202	3064	2890	2670	2483	2305	2143	2031	
111	10512	59.7	60.4	38	1	1	2	986	1377	2371	3913	5751	7324	8170	8510	8290	7745	7168	6520	5793	5160	4565	4134	3759	3650	3722	3984	4232	4390	4437	4305	4093	3830	3556	3254	2983	2693	2517	2357	
111	10529	60.0	60.1	38	1	1	2	1002	1417	2391	4010	5870	7455	8357	8680	8381	7867	7302	6577	5878	5253	4557	4170	3801	3655	3767	4013	4275	4477	4446	4317	4077	3842	3517	3258	2983	2731	2532	2358	
111	10546	59.9	60.0	38	1	1	2	1010	1410	2420	3982	5910	7449	8376	8737	8460	7950	7349	6654	5947	5238	4639	4232	3849	3730	3789	4051	4321	4418	4477	4360	4138	3866	3576	3238	3002	2702	2555	2356	
111	10563	60.0	60.0	38	1	1	2	990	1425	2423	4007	5891	7509	8451	8705	8445	7965	7352	6673	5950	5247	4642	4229	3859	3717	3789	4029	4267	4453	4442	4355	4116	3841	3573	3301	3017	2728	2558	2365	
111	10581	60.0	60.0	38	1	1	2	1013	1409	2381	3947	5870	7506	8301	8680	8362	7872	7283	6534	5833	5221	4660	4160	3829	3693	3803	3993	4240	4410	4413	4318	4094	3825	3534	3237	2979	2713	2531	2359	
111	10598	59.9	60.0	38	1	1	2	1014	1414	2404	3968	5873	7476	8326	8589	8437	7884	7253	6576	5869	5238	4590	4176	3788	3682	3778	4033	4276	4422	4438	4308	4077	3852	3564	3263	2973	2708	2515	2338	
111	10615	59.9	60.0	38	1	1	2	1006	1409	2389	3960	5827	7510	8342	8716	8446	7917	7313	6593	5890	5228	4621	4222	3820	3666	3820	4016	4303	4395	4455	4315	4097	3856	3565	3251	2972	2736	2515	2352	
111	10678	95.5	94.8	39	1	0	2	932	1156	1707	2625	3736	4699	5271	5596	5498	5264	4921	4544	4068	3719	3318	3100	2952	2918	3029	3232	3471	3570	3578	3509	3306	3135	2918	2748	2565	2353	2203	2053	
111	10695	94.9	95.0	39	1	0	2	927	1148	1712	2613	3690	4613	5212	5503	5429	5219	4914	4466	4080	3691	3344	3125	2907	2927	3000	3240	3414	3557	3556	3467	3333	3118	2937	2721	2527	2335	2192	2052	
111	10758	59.6	60.4	39	1	1	2	1023	1430	2517	4124	6163	7903	8878	9203	8957	8393	7755	6974	6232	5546	4889	4450	3994	3878	3895	4161	4330	4527	4515	4418	4170	3904	3614	3328	3026	2782	2584	2375	
111	10775	60.0	60.0	39	1	1	2	1018	1450	2560	4211	6283	8061	8947	9322	9102	8548	7839	7113	6340	5621	4920	4463	4009	3909	3950	4171	4402	4571	4544	4414	4183	3919	3623	3304	3021	2781	2558	2393	
111	10792	60.0	60.0	39	1	1	2	1006	1462	2560	4266	6368	8129	9092	9427	9129	8623	7953	7162	6361	5679	4948	4509	4091	3893	3988	4219	4433	4523	4576	4468	4201	3922	3643	3244	3062	2784	2543	2406	
111	10810	59.9	60.0	39	1	1	2	1007	1466	2547	4273	6364	8120	9051	9471	9173	8562	7966	7189	6381	5686	4981	4478	4064	3892	3933	4218	4438	4530	4588	4452	4180	3947	3637	3322	3051	2781	2574	2418	
111	10827	60.0	60.0	39	1	1	2	1021	1485	2518	4246	6349	8136	9021	9420	9152	8577	7907	7163	6363	5629	4943	4482	4070	3900	3928	4149	4416	4529	4536	4417	4166	3930	3605	3334	3015	2784	2593	2410	
111	10844	59.9	60.0	39	1	1	2	1028	1472	2568	4237	6377	8068	9017	9406	9108	8577	7898	7176	6329	5626	5009	4462	4164	3935	3974	4169	4416	4555	4569	4410	4175	3933	3624	3309	3009	2802	2587	2401	
111	10861	60.0	60.0	39	1	1	2	1018	1459	2545	4249	6322	8079	8995	9350	9106	8538	7937	7129	6327	5622	4924	4467	4075	3920	3965	4224	4405	4544	4535	4411	4168	3884	3583	3323	3006	2731	2583	2360	
111	10926	95.4	94.9	40	1	0	2	942	1209	1814	2830	4037	5143	5757	6088	5991	5754	5394	4935	4476	4048	3611	3342	3132	3103	3180	3388	3546	3658	3642	3531	3436	3210	2994	2779	2578	2385	2249	2082	
111	10943	95.0	95.0	40	1	0	2	937	1208	1801	2813	4022	5070	5693	6064	5980	5723	5370	4945	4447	3994	3589	3337	3129	3071	3173	3370	3534	3631	3660	3546	3345	3215	2968	2764	2580	2364	2216	2071	
111	11006	59.6	60.4	40	1	1	2	1017	1484	2645	4410	6621	8455	9451	9862	9551	9041	8303	7466	6631	5924	5209	4682	4210	4025	4061	4291	4506	4615	4618	4444	4234	3972	3668	3346	3045	2813	2596	2420	
111	11023	59.9	60.1	40	1	1	2	1049	1494	2656	4516	6750	8534	9669	9988	9661	9091	8385	7638	6737	5973	5232	4708	4283	4071	4125	4335	4548	4645	4664	4486	4205	3966	3686	3379	3085	2803	2609	2418	
111	11040	60.0	60.0	40	1	1	2	1052	1498	2654	4524	6749	8635	9716	10096	9776	9147	8485	7638	6770	6017	5285	4729	4291	4074	4159	4359	4579	4668	4671	4523	4241	3978	3688	3374	3055	2816	2648	2443	
111	11058	60.0	60.0	40	1	1	2	1036	1497	2686	4526	6767	8646	9708	10063	9760	9212	8525	7665	6825	6045	5221	4748	4298	4094	4138	4312	4506	4673	4668	4490	4272	4060	3626	3387	3114	2840	2617	2434	
111	11075	60.0	60.0	40	1	1	2	1040	1499	2660	4519	6731	8632	9679	10059	9742	9127	8453	7610	6758	5977	5236	4732	4300	4120	4112	4316	4516	4654	4652	4482	4278	3999	3671	3388	3060	2815	2599	2415	
111	11092	60.0	60.0	40	1	1	2	1014	1500	2667	4514	6754	8697	9666	10070	9816	9152	8499	7628	6832	6008	5282	4714	4317	4074	4120	4337	4552	4684	4670	4515	4296	3984	3667	3352	3061	2800	2612	2430	
111	11109	60.0	60.0	40	1	1	2	1038	1482	2675	4515	6749	8674	9629	10067	9709	9169	8450	7651	6789	5989	5238	4723	4290	4089	4113	4308	4515	4657	4657	4510	4258	4001	3665	3377	3065	2830	2600	2408	
111	11174	95.4	94.9	41	1	0	2	959	1227	1893	2972	4324	5504	6225	6573	6484	6145	5833	5291	4783	4343	3825	3561	3250	3229	3314	3473	3684	3759	3713	3646	3468	3278	3032	2821	2614	2439	2267	2115	
111	11191	95.0	95.0	41	1	0	2	957	1224	1887	2950	4271	5454	6184	6511	6390	6096	5753	5292	4763	4279	3842	3507	3289	3183	3311	3467	3686	3740	3684	3601	3453	3259	3024	2811	2581	2413	2258	2097	
111	11254	59.6	60.4	41	1	1	2	1054	1511	2704	4649	6913	8912	9982	10400	10130	9465	8737	7884	7020	6209	5405	4869	4384	4194	4225	4460	4605	4695	4699	4523	4275	4037	3695	3404	3104	2856	2616	2430	
111	11271	60.0	60.1	41	1	1	2	1045	1514	2761	4709	7071	8983	10148	10554	10167	9586	8901	7906	7072	6247	5450	4926	4433	4233	4218	4419	4582	4689	4697	4561	4286	4052	3700	3372	3127	2843	2642	2430	
111	11288	59.9	60.0	41	1	1	2	1037	1541	2792	4712	7128	9136	10172	10658	10279	9772	8954	7987	7113	6320	5502	4984	4487	4243	4286	4434	4691	4793	4734	4574	4328	4040	3742	3454	3146	2868	2622	2448	
111	11306	60.0	60.0	41	1	1	2	1050	1551	2787	4723	7096	9084	10149	10595	10362	9667	8861	8059	7133	6296	5529	4940	4490	4268	4283	4457	4669	4760	4741	4634	4300	4054	3763	3430	3108	2860	2629	2455	
111	11323	60.0	60.0	41	1	1	2	1050	1526	2732	4730	7058	9093	10165	10604	10239	9632	8884	8005	7103	6317	5481	4902	4485	4225	4296	4459	4650	4747	4720	4554	4320	4059	3720	3429	3164	2839	2651	2459	
111	11340	60.0	60.0	41	1	1	2	1049	1534	2767	4704	7037	9058	10163	10590	10256	9642	8932	8024	7100	6303	5460	4980	4442	4256	4295	4467	4647	4744	4750	4533	4316	4043	3740	3428	3143	2824	2636	2409	
111	11357	59.9	60.0	41	1	1	2	1030	1532	2741	4734	7103	9021	10160	10572	10282	9672	8917	8059	7077	6300	5494	4921	4482	4238	4260	4489	4625	4725	4711	4597	4327	4042	3722	3434	3132	2837	2634	2440	
111	11420	95.3	94.9	42	1	0	2	949	1243	1976	3144	4581	5866	6628	6950	6855	6519	6145	5615	5082	4560	4060	3706	3437	3342	3436	3575	3756	3825	3792	3652	3491	3342	3080	2866	2628	2467	2300	2148	
111	11437	94.9	95.0	42	1	0	2	962	1246	1961	3149	4540	5747	6516	6914	6787	6491	6121	5605	4976	4533	4031	3699	3429	3330	3423	3596	3722	3826	3791	3686	3488	3270	3054	2844	2633	2473	2301	2160	
111	11500	59.6	60.4	42	1	1	2	1049	1514	2805	4819	7229	9234	10410	10808	10470	9835	9075	8197	7324	6432	5596	5051	4553	4329	4300	4487	4657	4790	4730	4606	4322	4056	3749	3477	3124	2888	2658	2460	
111	11517	60.0	60.1	42	1	1	2	1060	1540	2821	4839	7340	9353	10570	10966	10607	9957	9233	8269	7366	6498	5680	5106	4572	4342	4304	4533	4707	4809	4766	4658	4334	4090	3757	3457	3150	2872	2660	2487	
111	11535	60.0	60.0	42	1	1	2	1068	1571	2843	4860	7325	9422	10563	11042	10701	10061	9218	8353	7338	6553	5727	5081	4625	4352	4381	4558	4736	4792	4805	4643	4369	4121	3802	3466	3148	2874	2669	2458	
111	11552	60.0	60.0	42	1	1	2	1049	1572	2823	4878	7397	9459	10560	11062	10673	9992	9227	8298	7384	6555	5693	5111	4645	4324	4380	4545	4712	4838	4772	4631	4373	4138	3745	3470	3168	2893	2689	2473	
111	11569	59.9	60.0	42	1	1	2	1062	1565	2882	4866	7320	9388	10565	11009	10643	9957	9235	8286	7379	6544	5690	5120	4606	4326	4349	4583	4751	4818	4804	4655	4326	4114	3768	3450	3169	2878	2680	2484	
111	11586	59.9	60.0	42	1	1	2	1069	1545	2845	4888	7321	9425	10533	11058	10650	9984	9252	8293	7328	6476	5703	5117	4589	4360	4334	4526	4726	4836	4765	4629	4337	4099	3733	3447	3143	2893	2660	2452	
111	11604	60.0	60.0	42	1	1	2	1064	1571	2829	4875	7296	9373	10497	10952	10653	10000	9198	8282	7300	6497	5703	5110	4556	4332	4375	4519	4691	4817	4740	4638	4363	4050	3756	3445	3115	2885	2639	2442	
111	11666	95.3	94.9	43	1	0	2	965	1262	2015	3264	4717	6070	6848	7241	7189	6815	6386	5843	5227	4705	4124	3878	3542	3449	3485	3677	3800	3866	3854	3728	3554	3362	3127	2904	2655	2490	2332	2155	
111	11683	95.0	95.0	43	1	0	2	966	1267	2011	3228	4714	6041	6779	7172	7101	6725	6367	5824	5200	4643	4192	3832	3498	3420	3492	3654	3767	3873	3838	3739	3531	3320	3097	2897	2684	2484	2317	2178	
111	11745	59.7	60.6	43	1	1	2	1054	1563	2891	4937	7401	9523	10694	11181	10772	10150	9349	8431	7476	6607	5796	5185	4622	4363	4414	4613	4722	4836	4809	4683	4379	4118	3782	3452	3140	2913	2689	2473	
111	11762	60.0	60.1	43	1	1	2	1046	1567	2872	4984	7543	9632	10807	11332	10872	10311	9476	8578	7590	6678	5819	5215	4710	4442	4437	4617	4792	4883	4825	4687	4377	4136	3814	3477	3161	2912	2669	2478	
111	11780	59.9	60.0	43	1	1	2	1067	1578	2912	5040	7541	9768	10940	11385	11068	10344	9552	8620	7610	6710	5856	5231	4729	4438	4477	4632	4798	4919	4854	4684	4458	4158	3837	3512	3187	2921	2702	2490	
111	11797	59.9	60.0	43	1	1	2	1072	1582	2906	4992	7484	9680	10886	11395	11014	10290	9516	8540	7618	6738	5796	5225	4743	4452	4474	4633	4804	4891	4881	4679	4388	4123	3785	3468	3166	2907	2695	2484	
111	11814	60.0	60.0	43	1	1	2	1055	1595	2924	4994	7509	9707	10881	11367	11004	10308	9497	8582	7559	6711	5868	5256	4732	4480	4441	4664	4804	4867	4834	4664	4416	4117	3794	3491	3177	2911	2710	2484	
111	11831	60.0	60.0	43	1	1	2	1047	1576	2888	5007	7487	9683	10872	11272	11006	10306	9488	8484	7559	6684	5796	5209	4696	4447	4445	4632	4743	4872	4795	4674	4387	4099	3796	3463	3192	2906	2696	2484	
111	11849	59.9	60.0	43	1	1	2	1073	1590	2884	4987	7548	9679	10871	11261	10931	10288	9520	8563	7582	6701	5818	5237	4695	4436	4392	4590	4779	4916	4798	4674	4390	4096	3816	3462	3166	2910	2690	2498	
111	11911	95.4	94.7	44	1	0	2	966	1258	2076	3342	4900	6298	7055	7466	7379	7072	6623	6086	5395	4824	4271	3935	3625	3506	3557	3717	3863	3944	3888	3777	3596	3389	3151	2897	2726	2511	2345	2218	
111	11929	95.0	95.0	44	1	0	2	969	1288	2071	3301	4863	6242	7029	7440	7272	6970	6536	5952	5334	4842	4277	3920	3601	3447	3537	3690	3841	3889	3892	3747	3548	3356	3123	2920	2704	2482	2324	2184	
111	11991	59.7	60.6	44	1	1	2	1058	1581	2935	4998	7538	9716	10874	11331	11026	10301	9468	8542	7621	6738	5824	5251	4737	4443	4458	4595	4758	4856	4784	4635	4413	4086	3823	3472	3180	2902	2664	2497	
111	12009	59.9	60.1	44	1	1	2	1068	1645	2931	5012	7692	9803	10932	11456	11104	10438	9603	8631	7673	6803	5882	5237	4744	4525	4443	4620	4834	4862	4872	4673	4432	4129	3781	3494	3200	2916	2670	2464	
111	12026	60.0	60.0	44	1	1	2	1065	1596	2937	5080	7622	9811	11070	11490	11174	10501	9681	8692	7670	6764	5951	5332	4790	4541	4521	4642	4806	4938	4856	4707	4428	4172	3827	3517	3180	2926	2697	2507	
111	12043	59.9	60.0	44	1	1	2	1062	1602	2930	5068	7660	9849	11016	11498	11205	10437	9658	8710	7684	6788	5943	5311	4793	4489	4483	4641	4839	4880	4867	4701	4444	4124	3784	3486	3198	2904	2697	2483	
111	12060	60.0	60.0	44	1	1	2	1074	1607	2920	5050	7668	9819	10996	11507	11124	10431	9630	8656	7684	6801	6000	5249	4766	4504	4468	4652	4812	4891	4856	4656	4461	4158	3809	3485	3174	2899	2712	2474	
111	12078	60.0	60.0	44	1	1	2	1055	1604	2937	5072	7620	9792	10989	11455	11124	10458	9571	8698	7641	6769	5934	5292	4778	4499	4502	4635	4782	4854	4849	4685	4414	4106	3808	3453	3225	2905	2700	2487	
111	12095	60.0	60.0	44	1	1	2	1072	1595	2934	5075	7628	9798	11005	11534	11169	10475	9651	8669	7650	6777	5905	5280	4764	4508	4498	4620	4773	4901	4854	4667	4438	4157	3769	3503	3187	2917	2694	2484	
111	12159	95.4	94.9	45	1	0	2	999	1280	2099	3405	5024	6411	7181	7635	7536	7201	6745	6153	5528	4962	4382	3964	3695	3561	3584	3766	3931	3926	3946	3788	3568	3402	3162	2948	2736	2539	2364	2197	
111	12177	95.0	95.0	45	1	0	2	980	1286	2097	3372	4940	6349	7200	7588	7491	7166	6728	6120	5475	4896	4402	3962	3665	3550	3610	3745	3876	3912	3917	3741	3598	3389	3165	2919	2726	2492	2351	2177	
111	12239	59.7	60.6	45	1	1	2	1068	1617	2949	5081	7691	9919	11103	11615	11317	10566	9676	8757	7756	6830	5990	5329	4822	4574	4494	4700	4800	4927	4850	4728	4413	4147	3838	3473	3192	2929	2718	2488	
111	12257	60.0	60.1	45	1	1	2	1073	1623	2954	5158	7780	9966	11155	11690	11338	10598	9829	8826	7832	6934	5966	5349	4801	4538	4517	4682	4833	4983	4898	4754	4474	4166	3835	3495	3210	2916	2718	2516	
111	12274	59.9	60.0	45	1	1	2	1069	1601	2989	5186	7796	10018	11294	11728	11387	10680	9913	8880	7860	6923	6072	5392	4865	4554	4549	4728	4873	4972	4912	4719	4486	4179	3857	3522	3223	2960	2729	2485	
111	12291	59.9	60.0	45	1	1	2	1088	1618	2984	5195	7803	10050	11286	11733	11400	10708	9838	8871	7855	6948	6054	5425	4859	4554	4489	4724	4875	4962	4901	4748	4449	4189	3882	3507	3200	2934	2698	2516	
111	12308	60.0	60.0	45	1	1	2	1082	1603	3002	5158	7805	10012	11260	11759	11401	10666	9832	8908	7846	6925	6025	5433	4867	4607	4544	4713	4875	4950	4896	4698	4497	4170	3820	3530	3225	2948	2703	2501	
111	12326	60.0	60.0	45	1	1	2	1067	1615	2976	5156	7740	9984	11222	11738	11375	10670	9798	8834	7866	6920	6072	5386	4854	4599	4546	4698	4828	4948	4884	4728	4435	4138	3838	3500	3208	2943	2714	2511	
111	12343	60.0	60.0	45	1	1	2	1103	1603	3011	5145	7738	9961	11199	11705	11350	10582	9785	8831	7790	6914	6039	5407	4837	4562	4553	4692	4829	4877	4856	4678	4434	4146	3858	3486	3209	2922	2694	2497	
