Well	Time (1/2 s)	Block Temp	Sample Temp	Repetition	PCR Stage	Extension	Scale	B1	B2	B3	B4	B5	B6	B7	B8	B9	B10	B11	B12	B13	B14	B15	B16	B17	B18	B19	B20	B21	B22	B23	B24	B25	B26	B27	B28	B29	B30	B31	B32
193	108	94.9	95.1	1	0	0	2	906	1032	1355	1869	2507	2992	3322	3442	3417	3284	3123	2910	2710	2538	2353	2247	2291	2411	2696	2959	3276	3466	3491	3463	3279	3128	2923	2750	2510	2377	2241	2072	
193	126	95.0	95.0	1	0	0	2	894	1011	1334	1855	2473	2984	3352	3472	3426	3298	3122	2893	2702	2518	2372	2256	2259	2402	2658	2986	3259	3471	3480	3428	3292	3092	2920	2753	2544	2334	2203	2064	
193	143	94.9	95.0	1	0	0	2	899	1059	1354	1864	2468	2971	3325	3437	3430	3289	3126	2919	2710	2525	2345	2247	2278	2371	2649	2986	3295	3450	3486	3457	3296	3145	2931	2708	2520	2350	2229	2088	
193	160	95.0	95.0	1	0	0	2	902	1026	1351	1876	2461	3016	3316	3450	3436	3276	3144	2904	2688	2528	2383	2238	2279	2376	2651	2996	3274	3451	3504	3413	3316	3126	2963	2726	2560	2381	2226	2086	
193	177	94.9	95.0	1	0	0	2	911	1037	1365	1855	2490	3006	3353	3485	3435	3337	3138	2912	2714	2511	2358	2239	2279	2381	2674	2981	3277	3482	3457	3465	3334	3104	2909	2731	2528	2367	2226	2090	
193	195	95.0	95.0	1	0	0	2	907	1037	1365	1869	2490	3019	3323	3478	3427	3313	3144	2910	2745	2519	2367	2236	2292	2383	2687	2995	3282	3507	3498	3426	3298	3126	2943	2724	2550	2355	2222	2092	
193	212	95.0	95.0	1	0	0	2	908	1029	1362	1873	2498	2976	3336	3456	3436	3294	3153	2941	2729	2500	2374	2242	2272	2403	2674	2979	3257	3500	3521	3424	3300	3099	2932	2733	2546	2403	2222	2123	
193	229	95.0	95.0	1	0	0	2	894	1043	1376	1867	2523	2997	3352	3451	3414	3285	3155	2960	2694	2517	2340	2266	2260	2408	2668	2992	3269	3498	3490	3482	3289	3127	2920	2745	2552	2397	2243	2127	
193	246	94.9	95.0	1	0	0	2	886	1034	1354	1875	2478	2963	3346	3423	3464	3311	3155	2931	2723	2528	2336	2249	2255	2436	2656	2981	3257	3488	3492	3470	3281	3104	2926	2749	2572	2344	2233	2075	
193	264	95.0	95.0	1	0	0	2	892	1026	1361	1862	2482	2960	3330	3463	3439	3308	3161	2926	2738	2555	2364	2300	2264	2400	2644	2995	3245	3491	3500	3437	3306	3111	2936	2717	2556	2364	2233	2080	
193	281	94.9	95.0	1	0	0	2	908	1033	1368	1868	2479	3005	3363	3435	3439	3292	3150	2940	2728	2521	2375	2254	2278	2394	2664	2989	3301	3462	3465	3433	3319	3138	2943	2765	2561	2418	2256	2104	
193	298	95.0	95.0	1	0	0	2	891	1032	1362	1878	2502	2992	3322	3474	3488	3328	3130	2928	2759	2549	2355	2274	2257	2428	2670	2997	3279	3496	3503	3460	3311	3135	2936	2727	2533	2379	2244	2090	
193	315	94.9	95.0	1	0	0	2	919	1040	1361	1865	2486	3004	3330	3471	3449	3293	3170	2951	2715	2577	2417	2270	2275	2388	2674	2988	3289	3511	3486	3446	3309	3147	2938	2744	2538	2382	2230	2077	
193	333	95.0	95.0	1	0	0	2	908	1030	1362	1873	2471	3032	3332	3474	3453	3308	3142	2947	2752	2530	2394	2274	2278	2417	2649	2996	3318	3488	3487	3433	3310	3117	2925	2741	2552	2370	2261	2094	
193	350	95.0	95.0	1	0	0	2	904	1020	1360	1862	2498	3020	3327	3470	3445	3341	3162	2981	2749	2545	2353	2277	2280	2406	2644	2969	3293	3498	3498	3463	3328	3124	2931	2683	2554	2392	2234	2107	
193	367	95.0	95.0	1	0	0	2	894	1035	1357	1884	2485	2997	3355	3501	3479	3331	3177	2945	2732	2546	2361	2271	2281	2416	2710	2990	3324	3489	3502	3441	3321	3133	2951	2739	2525	2385	2252	2094	
193	384	95.0	95.0	1	0	0	2	912	1046	1365	1880	2502	2989	3347	3497	3491	3337	3145	2954	2720	2535	2381	2259	2262	2415	2685	2997	3298	3495	3519	3460	3345	3138	2954	2742	2541	2363	2272	2096	
193	402	95.0	95.0	1	0	0	2	887	1060	1346	1864	2479	3008	3319	3484	3455	3314	3172	2936	2719	2556	2360	2276	2290	2409	2689	3006	3294	3513	3486	3470	3320	3125	2923	2749	2550	2377	2233	2100	
193	419	95.0	95.0	1	0	0	2	902	1008	1370	1893	2470	2997	3333	3444	3472	3347	3165	2958	2733	2513	2421	2261	2278	2406	2661	3001	3270	3490	3490	3452	3340	3137	2910	2738	2560	2393	2229	2107	
193	436	95.0	95.0	1	0	0	2	906	1031	1349	1881	2492	3020	3391	3483	3500	3374	3147	2954	2728	2549	2364	2279	2301	2416	2681	2986	3273	3489	3482	3454	3322	3150	2945	2765	2589	2397	2245	2110	
193	453	95.0	95.0	1	0	0	2	914	1032	1357	1875	2502	3002	3331	3488	3469	3342	3170	2979	2721	2546	2390	2283	2287	2410	2680	2978	3280	3445	3481	3491	3334	3133	2922	2764	2528	2368	2220	2103	
193	471	94.9	95.0	1	0	0	2	890	1046	1369	1881	2496	3013	3346	3476	3457	3326	3177	2949	2693	2538	2360	2278	2274	2410	2697	3010	3327	3485	3517	3480	3272	3128	2917	2728	2563	2413	2263	2088	
193	488	94.9	95.0	1	0	0	2	907	1030	1368	1866	2477	3014	3363	3496	3459	3341	3138	2942	2710	2569	2378	2264	2300	2408	2676	3020	3275	3536	3539	3495	3350	3117	2938	2760	2553	2365	2275	2110	
193	505	95.0	95.0	1	0	0	2	905	1019	1351	1879	2491	3036	3356	3467	3463	3339	3180	2977	2712	2555	2361	2279	2278	2396	2697	3010	3299	3522	3515	3434	3256	3124	2927	2731	2562	2383	2234	2104	
193	522	95.0	95.0	1	0	0	2	922	1029	1379	1884	2508	3007	3334	3514	3451	3316	3191	2965	2739	2534	2392	2263	2317	2401	2608	2995	3329	3472	3524	3442	3306	3138	2934	2749	2555	2356	2248	2100	
193	540	95.0	95.0	1	0	0	2	906	1026	1376	1862	2464	3004	3373	3484	3473	3362	3180	2953	2729	2499	2398	2219	2292	2390	2662	3006	3313	3491	3524	3469	3319	3126	2959	2738	2552	2374	2242	2099	
193	557	95.0	95.0	1	0	0	2	895	1031	1342	1868	2489	2987	3383	3506	3454	3330	3174	2954	2751	2528	2362	2265	2270	2411	2684	2976	3307	3509	3513	3456	3320	3113	2949	2752	2564	2369	2273	2127	
193	574	94.9	95.0	1	0	0	2	908	1034	1362	1873	2475	3009	3346	3505	3473	3341	3180	2967	2686	2541	2400	2261	2299	2411	2701	2991	3304	3474	3518	3453	3314	3111	2894	2736	2560	2384	2240	2087	
193	591	94.9	95.0	1	0	0	2	898	1019	1358	1890	2486	3036	3347	3499	3463	3339	3193	2953	2727	2515	2395	2287	2278	2409	2688	3009	3299	3505	3523	3472	3302	3120	2949	2752	2558	2394	2258	2086	
193	609	95.0	95.0	1	0	0	2	908	1031	1355	1891	2524	3021	3353	3511	3459	3338	3151	2976	2741	2536	2389	2256	2281	2421	2684	3018	3323	3528	3495	3480	3322	3145	2923	2766	2574	2362	2246	2119	
193	626	95.0	95.0	1	0	0	2	910	1042	1372	1883	2486	3015	3359	3492	3488	3376	3165	2955	2728	2539	2380	2273	2274	2416	2695	3015	3316	3508	3506	3451	3331	3152	2941	2738	2532	2381	2220	2088	
193	643	94.9	95.0	1	0	0	2	918	1032	1369	1894	2484	3004	3337	3464	3444	3339	3153	2976	2741	2534	2390	2296	2286	2404	2681	2990	3308	3461	3516	3461	3306	3156	2923	2737	2551	2369	2255	2111	
193	660	95.0	95.0	1	0	0	2	909	1026	1356	1885	2488	3011	3342	3494	3486	3306	3181	3009	2754	2527	2358	2300	2312	2381	2674	2990	3329	3499	3530	3478	3319	3138	2950	2742	2537	2407	2260	2101	
193	678	94.9	95.0	1	0	0	2	900	1064	1371	1862	2480	3018	3344	3491	3472	3338	3153	2965	2719	2548	2393	2253	2277	2416	2665	3021	3308	3448	3504	3435	3298	3125	2933	2754	2552	2383	2264	2111	
193	695	95.0	95.0	1	0	0	2	900	1026	1366	1870	2483	2998	3395	3522	3466	3336	3204	2979	2732	2579	2382	2291	2313	2403	2688	3000	3292	3480	3490	3525	3288	3126	2951	2722	2551	2379	2241	2085	
193	712	94.9	95.0	1	0	0	2	898	1021	1368	1875	2510	3069	3377	3464	3470	3349	3162	2953	2744	2549	2382	2258	2293	2408	2684	3002	3312	3473	3499	3472	3309	3147	2949	2739	2576	2399	2216	2124	
193	729	95.0	95.0	1	0	0	2	893	1027	1361	1882	2488	3016	3376	3490	3492	3336	3170	2950	2711	2539	2386	2273	2293	2412	2681	3014	3285	3522	3496	3477	3323	3103	2948	2732	2592	2379	2251	2099	
193	747	95.0	95.0	1	0	0	2	894	1032	1371	1886	2520	2988	3356	3494	3473	3357	3195	2955	2724	2518	2369	2268	2280	2436	2681	2984	3316	3487	3489	3464	3318	3142	2920	2780	2594	2349	2223	2105	
193	764	95.0	95.0	1	0	0	2	893	1027	1368	1868	2477	2994	3353	3498	3460	3320	3164	2938	2732	2545	2403	2271	2288	2419	2656	2977	3265	3496	3519	3474	3283	3144	2931	2726	2560	2355	2238	2095	
193	781	95.0	95.0	1	0	0	2	900	1049	1369	1887	2519	3014	3346	3478	3489	3307	3184	2926	2690	2550	2377	2245	2271	2413	2697	2996	3304	3511	3511	3487	3313	3096	2943	2726	2547	2377	2223	2107	
193	798	95.0	95.0	1	0	0	2	914	1035	1371	1869	2484	3008	3338	3488	3432	3364	3171	2963	2703	2509	2380	2264	2288	2411	2674	2977	3285	3503	3485	3462	3295	3143	2947	2729	2589	2331	2255	2102	
193	816	95.0	95.0	1	0	0	2	903	1023	1353	1865	2490	3008	3324	3504	3463	3333	3185	2962	2726	2520	2384	2296	2275	2432	2709	2978	3298	3459	3494	3409	3284	3138	2957	2719	2565	2417	2240	2092	
193	833	94.9	95.0	1	0	0	2	899	1036	1379	1886	2494	3010	3374	3504	3456	3353	3166	2957	2743	2530	2386	2271	2283	2424	2689	3011	3265	3465	3495	3440	3298	3118	2944	2746	2531	2399	2246	2084	
193	850	95.0	95.0	1	0	0	2	895	1035	1342	1867	2514	3021	3364	3523	3488	3330	3159	2928	2728	2540	2376	2268	2291	2403	2680	3039	3326	3487	3512	3458	3334	3141	2965	2746	2543	2385	2232	2127	
193	867	94.9	95.0	1	0	0	2	899	1031	1374	1868	2483	3019	3336	3452	3476	3323	3171	2966	2742	2563	2388	2274	2280	2396	2655	3004	3277	3509	3498	3484	3291	3108	2966	2734	2545	2404	2239	2095	
193	884	95.0	95.0	1	0	0	2	901	1032	1365	1877	2502	3008	3319	3502	3446	3367	3165	2954	2750	2564	2410	2285	2283	2387	2651	3004	3306	3460	3483	3449	3266	3102	2923	2747	2560	2378	2207	2098	
193	902	94.9	95.0	1	0	0	2	898	1017	1353	1877	2498	2996	3348	3512	3453	3325	3135	2944	2706	2549	2385	2281	2294	2437	2661	2998	3341	3446	3473	3441	3276	3123	2925	2744	2550	2313	2235	2112	
193	919	94.9	95.0	1	0	0	2	899	1016	1365	1866	2519	2981	3336	3503	3454	3319	3175	2955	2747	2541	2406	2288	2290	2388	2695	2980	3296	3466	3503	3454	3313	3120	2934	2713	2537	2380	2246	2080	
193	936	94.9	95.0	1	0	0	2	912	1040	1373	1872	2514	3002	3331	3476	3470	3328	3198	2960	2746	2558	2392	2257	2275	2397	2672	3002	3283	3494	3475	3428	3293	3128	2948	2748	2564	2350	2213	2084	
193	953	94.9	95.0	1	0	0	2	904	1033	1357	1874	2515	2985	3348	3524	3470	3336	3145	2982	2710	2561	2402	2283	2289	2425	2646	3024	3275	3475	3506	3460	3301	3078	2940	2776	2554	2376	2243	2098	
193	971	95.0	95.0	1	0	0	2	915	1039	1360	1880	2515	2970	3367	3481	3491	3308	3154	2935	2727	2537	2358	2251	2289	2402	2666	3003	3273	3477	3492	3455	3291	3126	2934	2736	2550	2380	2224	2113	
193	988	95.0	95.0	1	0	0	2	910	1039	1350	1876	2481	2984	3385	3510	3474	3338	3150	2972	2721	2527	2388	2276	2288	2411	2653	2979	3298	3449	3523	3455	3294	3120	2917	2716	2558	2366	2232	2090	
193	1005	95.0	95.0	1	0	0	2	889	1021	1369	1872	2493	3019	3332	3524	3448	3342	3176	2929	2744	2532	2363	2272	2319	2410	2649	2976	3293	3454	3482	3439	3302	3162	2930	2729	2558	2361	2228	2096	
193	1022	94.9	95.0	1	0	0	2	903	1012	1343	1884	2500	2980	3333	3470	3449	3340	3157	2949	2727	2556	2392	2278	2261	2411	2683	2991	3290	3479	3501	3462	3272	3143	2938	2731	2541	2332	2212	2088	
193	1040	94.9	95.0	1	0	0	2	883	1042	1364	1872	2492	3006	3291	3486	3443	3395	3166	2975	2737	2590	2363	2274	2299	2412	2681	3014	3270	3498	3471	3450	3301	3090	2941	2709	2518	2370	2243	2105	
193	1057	95.0	95.0	1	0	0	2	916	1027	1364	1891	2500	3002	3350	3506	3456	3349	3170	2960	2731	2552	2408	2272	2274	2413	2680	3017	3285	3490	3475	3478	3310	3129	2928	2766	2533	2389	2219	2095	
193	1074	94.9	95.0	1	0	0	2	905	1033	1358	1880	2498	3009	3349	3510	3471	3330	3192	2954	2736	2534	2399	2285	2271	2400	2699	3001	3295	3468	3464	3475	3312	3110	2929	2728	2522	2377	2248	2095	
193	1091	95.0	95.0	1	0	0	2	887	1024	1339	1878	2508	2983	3385	3488	3430	3318	3145	2966	2723	2530	2374	2259	2264	2430	2660	3011	3244	3463	3479	3451	3284	3116	2930	2729	2550	2350	2229	2094	
193	1109	95.0	95.0	1	0	0	2	897	1030	1358	1876	2503	3007	3355	3486	3468	3345	3155	2937	2704	2557	2368	2254	2293	2397	2665	3022	3260	3460	3504	3435	3282	3109	2914	2739	2528	2366	2243	2087	
193	1126	95.0	95.0	1	0	0	2	910	1039	1364	1875	2480	3003	3373	3496	3469	3324	3160	2985	2712	2524	2370	2247	2257	2417	2669	2981	3288	3494	3469	3449	3296	3101	2924	2722	2526	2357	2246	2094	
193	1143	95.0	95.0	1	0	0	2	894	1014	1362	1864	2490	3000	3356	3501	3482	3333	3144	2950	2698	2539	2341	2257	2296	2387	2670	2978	3270	3466	3484	3470	3295	3113	2927	2742	2527	2356	2249	2097	
193	1160	95.0	95.0	1	0	0	2	895	1030	1388	1880	2509	3008	3362	3492	3478	3333	3183	2972	2729	2572	2405	2278	2302	2362	2681	2983	3291	3493	3466	3460	3308	3136	2949	2713	2543	2400	2253	2078	
193	1178	95.0	95.0	1	0	0	2	897	1024	1362	1860	2496	2994	3356	3492	3457	3313	3131	2956	2705	2539	2391	2263	2268	2419	2639	2967	3256	3439	3485	3425	3294	3118	2912	2739	2548	2364	2241	2076	
193	1195	94.9	95.0	1	0	0	2	902	1030	1352	1917	2475	2984	3334	3461	3453	3346	3176	2953	2740	2529	2379	2247	2275	2393	2641	2999	3285	3465	3518	3459	3296	3095	2934	2737	2533	2347	2219	2081	
193	1212	95.0	95.0	1	0	0	2	906	1038	1374	1870	2470	3003	3337	3458	3449	3348	3151	2953	2695	2545	2376	2255	2277	2412	2662	2969	3284	3476	3502	3434	3320	3107	2952	2711	2545	2341	2264	2084	
193	1229	94.9	95.0	1	0	0	2	908	1027	1351	1876	2462	2995	3348	3471	3444	3315	3171	2936	2739	2530	2380	2258	2287	2403	2633	2993	3263	3504	3477	3419	3269	3098	2943	2727	2532	2372	2232	2087	
193	1247	95.0	95.0	1	0	0	2	889	1031	1362	1867	2495	3016	3359	3471	3469	3335	3163	2937	2718	2550	2366	2248	2272	2399	2654	2994	3259	3484	3476	3420	3274	3136	2922	2719	2523	2352	2236	2071	
193	1264	95.0	95.0	1	0	0	2	899	1014	1355	1886	2492	2981	3349	3471	3466	3325	3141	2905	2700	2477	2367	2262	2275	2400	2666	2939	3295	3454	3452	3473	3303	3118	2946	2759	2532	2339	2230	2095	
193	1281	95.0	95.0	1	0	0	2	891	1020	1356	1868	2508	3001	3348	3471	3460	3312	3157	2994	2717	2539	2393	2265	2269	2412	2668	3004	3290	3485	3496	3418	3309	3108	2934	2714	2502	2361	2225	2092	
193	1389	60.0	60.1	1	1	1	2	956	1235	1925	2974	4213	5177	5815	5928	5815	5459	5052	4592	4155	3759	3422	3120	3026	3072	3298	3700	4058	4311	4330	4261	4068	3803	3514	3251	2924	2763	2527	2369	
193	1406	59.9	60.0	1	1	1	2	965	1227	1901	2957	4191	5209	5794	5937	5779	5427	5061	4607	4136	3807	3435	3141	3012	3038	3334	3726	4042	4304	4304	4270	4049	3817	3512	3222	2955	2713	2552	2361	
193	1424	60.0	60.0	1	1	1	2	954	1244	1942	2990	4240	5182	5840	5981	5786	5456	5047	4630	4161	3763	3437	3141	3038	3100	3314	3717	4075	4297	4324	4277	4072	3870	3566	3244	2968	2737	2554	2384	
193	1441	60.0	60.0	1	1	1	2	970	1237	1945	2972	4201	5260	5812	5982	5829	5463	5102	4650	4178	3792	3428	3142	3046	3084	3343	3707	4053	4336	4343	4283	4040	3800	3532	3272	2986	2743	2569	2367	
193	1458	60.0	60.0	1	1	1	2	962	1231	1930	2964	4253	5213	5816	5961	5797	5457	5080	4603	4160	3786	3420	3127	3011	3057	3325	3733	4013	4295	4366	4345	4062	3769	3520	3237	2978	2732	2559	2361	
193	1475	60.0	60.0	1	1	1	2	956	1228	1933	2987	4222	5183	5820	5938	5822	5468	5033	4604	4166	3785	3401	3128	3022	3056	3332	3687	4104	4317	4336	4250	4074	3764	3530	3220	2961	2714	2583	2411	
193	1493	60.0	60.0	1	1	1	2	973	1230	1911	3000	4231	5191	5808	6012	5799	5453	5066	4616	4157	3798	3423	3126	2999	3047	3312	3659	4055	4313	4304	4257	4067	3801	3544	3211	2991	2725	2583	2384	
193	1555	94.9	95.1	2	1	0	2	899	1034	1351	1843	2454	2951	3287	3409	3372	3249	3066	2877	2681	2497	2324	2223	2226	2363	2584	2936	3204	3383	3407	3355	3207	3006	2859	2671	2462	2335	2183	2043	
193	1635	60.1	60.1	2	1	1	2	975	1227	1906	2909	4141	5061	5663	5858	5644	5261	4954	4536	4082	3688	3343	3096	2956	3023	3282	3639	3971	4205	4255	4202	3966	3748	3467	3182	2924	2691	2491	2319	
193	1652	60.0	60.0	2	1	1	2	968	1243	1919	2966	4144	5122	5706	5829	5702	5310	4958	4561	4112	3691	3358	3092	2990	3010	3272	3636	3980	4252	4234	4188	3986	3762	3477	3177	2918	2685	2527	2320	
193	1670	59.9	60.0	2	1	1	2	964	1224	1894	2946	4131	5086	5644	5840	5726	5321	4942	4509	4088	3700	3358	3052	2978	3040	3277	3612	3975	4252	4222	4188	3998	3710	3455	3180	2853	2690	2499	2312	
193	1687	60.0	60.0	2	1	1	2	964	1229	1904	2929	4130	5130	5660	5871	5690	5309	4977	4553	4120	3720	3326	3066	2958	2997	3277	3636	4013	4216	4241	4159	3961	3732	3436	3141	2924	2674	2492	2299	
193	1704	60.0	60.0	2	1	1	2	979	1229	1895	2961	4112	5094	5705	5790	5691	5316	4925	4523	4093	3714	3380	3071	2984	3011	3272	3654	3977	4248	4238	4196	3945	3728	3429	3171	2897	2711	2519	2317	
193	1721	60.0	60.0	2	1	1	2	978	1241	1906	2969	4172	5088	5662	5808	5662	5297	4935	4539	4080	3704	3353	3063	2960	3052	3247	3604	3951	4203	4237	4179	3976	3705	3436	3152	2927	2666	2504	2332	
193	1739	60.0	60.0	2	1	1	2	964	1237	1917	2945	4143	5117	5662	5877	5648	5336	4958	4482	4083	3712	3303	3087	2992	2984	3255	3628	3989	4223	4197	4173	3967	3706	3437	3162	2902	2698	2520	2320	
193	1801	94.9	95.0	3	1	0	2	892	1031	1351	1873	2470	2965	3306	3428	3434	3311	3110	2916	2730	2508	2345	2275	2254	2394	2632	2919	3252	3434	3418	3377	3262	3072	2875	2683	2478	2329	2225	2054	
193	1881	60.0	60.0	3	1	1	2	949	1243	1897	2937	4124	5083	5686	5788	5656	5274	4901	4491	4087	3678	3364	3060	2924	3000	3245	3634	3981	4192	4243	4180	3979	3705	3414	3155	2880	2698	2488	2284	
193	1899	59.9	60.0	3	1	1	2	961	1225	1946	2947	4156	5095	5689	5816	5670	5302	4944	4511	4085	3635	3367	3060	2971	3031	3268	3637	4023	4237	4194	4200	3986	3700	3430	3184	2916	2662	2516	2315	
193	1916	60.0	60.0	3	1	1	2	989	1241	1908	2929	4131	5075	5716	5842	5677	5340	4919	4515	4068	3724	3360	3065	2981	3034	3282	3610	3986	4242	4216	4115	3977	3732	3458	3180	2905	2679	2519	2335	
193	1933	60.0	60.0	3	1	1	2	976	1239	1907	2926	4141	5124	5660	5836	5685	5309	4935	4527	4077	3673	3364	3063	2968	2986	3256	3627	4001	4208	4249	4189	3945	3690	3476	3169	2915	2704	2524	2326	
193	1950	60.0	60.0	3	1	1	2	992	1241	1910	2943	4156	5087	5709	5854	5650	5314	4956	4496	4065	3690	3362	3076	2939	3045	3254	3588	3960	4259	4213	4190	3948	3685	3434	3159	2912	2694	2445	2329	
193	1968	60.0	60.0	3	1	1	2	967	1231	1904	2892	4146	5059	5700	5787	5659	5314	4967	4517	4092	3692	3339	3090	2981	3024	3285	3608	4000	4214	4202	4158	3917	3715	3432	3167	2902	2679	2491	2324	
193	1985	60.0	60.0	3	1	1	2	962	1235	1901	2951	4121	5103	5694	5820	5642	5290	4945	4524	4039	3655	3308	3040	2930	2988	3250	3645	4032	4216	4238	4191	3939	3721	3423	3145	2899	2687	2500	2319	
193	2047	94.9	95.1	4	1	0	2	920	1030	1350	1868	2434	2959	3296	3456	3391	3250	3100	2886	2654	2503	2317	2232	2246	2356	2600	2915	3200	3378	3387	3356	3222	3014	2842	2660	2466	2296	2198	2055	
193	2127	60.0	60.0	4	1	1	2	984	1219	1900	2946	4166	5104	5668	5831	5675	5303	4953	4547	4132	3712	3374	3077	2986	3051	3294	3626	3980	4240	4285	4148	3981	3762	3476	3157	2919	2733	2510	2312	
193	2145	59.9	60.0	4	1	1	2	974	1224	1932	2959	4177	5126	5713	5876	5731	5357	4930	4511	4101	3710	3385	3097	2954	3058	3316	3660	4000	4270	4276	4164	3955	3740	3450	3171	2936	2689	2523	2350	
193	2162	59.9	60.0	4	1	1	2	968	1238	1898	2978	4152	5146	5710	5880	5685	5345	4975	4566	4072	3687	3366	3075	2982	3051	3278	3669	4033	4249	4213	4220	3994	3746	3434	3173	2927	2676	2505	2333	
193	2179	60.0	60.0	4	1	1	2	973	1233	1932	2959	4149	5111	5697	5857	5725	5331	5011	4602	4099	3709	3325	3061	2971	3072	3274	3641	4033	4255	4246	4232	3978	3753	3477	3162	2897	2706	2499	2336	
193	2196	59.9	60.0	4	1	1	2	962	1251	1901	2936	4150	5108	5662	5844	5629	5337	4940	4537	4078	3709	3342	3113	2904	3008	3285	3620	4001	4247	4262	4171	3966	3709	3437	3161	2896	2677	2532	2321	
193	2214	60.0	60.0	4	1	1	2	960	1229	1909	2939	4160	5129	5720	5825	5743	5316	4945	4550	4098	3711	3376	3065	2965	3004	3264	3672	3999	4218	4242	4188	3979	3721	3439	3191	2904	2694	2520	2319	
193	2231	60.0	60.0	4	1	1	2	972	1248	1925	2950	4128	5095	5677	5832	5669	5350	4990	4549	4085	3726	3328	3102	2936	3024	3271	3604	3998	4259	4211	4141	3980	3736	3451	3140	2917	2686	2498	2338	
193	2294	94.9	95.0	5	1	0	2	894	1024	1364	1857	2440	2969	3291	3408	3430	3265	3132	2914	2693	2508	2327	2257	2259	2373	2626	2947	3197	3396	3422	3386	3235	3044	2862	2681	2499	2311	2209	2070	
193	2374	60.0	60.0	5	1	1	2	955	1222	1923	2907	4181	5098	5659	5815	5612	5285	4964	4505	4119	3671	3355	3062	2964	2994	3239	3601	3976	4196	4233	4165	3964	3694	3433	3156	2909	2677	2475	2317	
193	2391	60.0	60.0	5	1	1	2	968	1243	1884	2946	4154	5125	5699	5833	5647	5316	5002	4540	4116	3695	3361	3043	2957	3025	3276	3612	3976	4215	4239	4198	3983	3759	3419	3148	2923	2710	2522	2356	
193	2408	59.9	60.0	5	1	1	2	954	1226	1924	2936	4175	5069	5645	5782	5650	5301	4948	4544	4075	3673	3357	3047	2981	3013	3271	3649	3989	4264	4214	4194	3946	3724	3442	3160	2913	2716	2519	2336	
193	2425	60.0	60.0	5	1	1	2	959	1234	1914	2926	4143	5096	5633	5794	5672	5303	4886	4483	4068	3694	3341	3070	2934	3028	3289	3604	3989	4243	4230	4171	3992	3710	3425	3188	2874	2653	2506	2323	
193	2443	60.0	60.0	5	1	1	2	967	1214	1909	2948	4157	5110	5692	5825	5649	5325	4965	4506	4065	3684	3371	3053	2957	3036	3263	3619	3992	4253	4250	4190	3963	3682	3463	3166	2876	2674	2493	2323	
193	2460	60.0	60.0	5	1	1	2	952	1228	1902	2932	4141	5092	5695	5808	5666	5310	4941	4554	4040	3702	3309	3070	2944	3000	3258	3590	3974	4213	4226	4175	3968	3744	3449	3158	2905	2646	2501	2319	
193	2477	60.0	60.0	5	1	1	2	960	1240	1911	2918	4150	5077	5723	5806	5652	5274	4942	4498	4069	3697	3337	3053	2939	2991	3277	3625	3984	4200	4237	4168	3940	3718	3427	3130	2889	2667	2501	2309	
193	2540	94.9	95.1	6	1	0	2	898	1037	1351	1870	2491	2969	3267	3454	3402	3257	3102	2926	2663	2492	2335	2217	2230	2368	2636	2920	3209	3358	3403	3364	3227	3028	2860	2656	2452	2316	2186	2039	
193	2620	60.0	60.0	6	1	1	2	949	1219	1903	2921	4113	5058	5603	5768	5616	5246	4888	4513	4011	3643	3288	3059	2942	3028	3246	3600	3936	4209	4232	4139	3953	3671	3398	3144	2899	2656	2479	2290	
193	2637	59.9	60.0	6	1	1	2	972	1235	1893	2932	4120	5138	5610	5781	5675	5289	4955	4498	4063	3697	3353	3082	2962	3005	3270	3616	3939	4217	4243	4213	4002	3689	3456	3167	2885	2675	2490	2327	
193	2654	59.9	60.0	6	1	1	2	960	1246	1908	2920	4133	5088	5668	5805	5639	5255	4937	4492	4049	3676	3319	3046	2956	2986	3252	3629	3998	4213	4234	4159	3952	3718	3418	3172	2877	2698	2475	2315	
193	2671	60.0	60.0	6	1	1	2	959	1238	1885	2921	4146	5041	5668	5766	5600	5285	4937	4459	4010	3666	3361	3072	2905	2994	3236	3620	3980	4185	4226	4131	3944	3685	3400	3144	2895	2676	2486	2312	
193	2689	59.9	60.0	6	1	1	2	967	1225	1875	2922	4132	5062	5615	5749	5596	5261	4891	4429	4051	3638	3288	3034	2970	2985	3256	3633	3958	4193	4254	4151	3930	3690	3426	3149	2882	2659	2512	2315	
193	2706	60.0	60.0	6	1	1	2	970	1247	1907	2918	4096	5074	5652	5708	5598	5290	4912	4497	4047	3656	3349	3047	2934	2978	3239	3590	3936	4164	4195	4134	3949	3681	3437	3138	2922	2633	2484	2296	
193	2723	60.0	60.0	6	1	1	2	967	1233	1911	2914	4113	5056	5626	5788	5647	5256	4785	4469	4032	3638	3327	3060	2927	2968	3252	3572	3948	4200	4182	4175	3929	3681	3427	3142	2895	2657	2460	2294	
193	2786	94.9	95.0	7	1	0	2	902	1029	1337	1851	2460	2925	3274	3410	3375	3220	3075	2894	2653	2522	2316	2191	2208	2343	2621	2896	3180	3346	3385	3304	3172	2990	2838	2596	2444	2307	2150	2002	
193	2866	60.0	60.1	7	1	1	2	965	1224	1888	2916	4109	5060	5610	5773	5606	5289	4900	4521	4057	3695	3341	3056	2967	2977	3254	3631	3973	4198	4223	4129	3894	3698	3444	3173	2885	2679	2513	2294	
193	2883	60.0	60.0	7	1	1	2	966	1233	1897	2950	4141	5090	5651	5860	5656	5308	4877	4501	4038	3714	3370	3072	2950	3028	3315	3637	4004	4201	4232	4164	3952	3717	3436	3184	2906	2707	2532	2334	
193	2900	60.0	60.0	7	1	1	2	956	1233	1889	2946	4164	5082	5622	5802	5651	5258	4915	4473	4075	3660	3335	3059	2942	3013	3277	3633	3955	4202	4242	4157	3959	3678	3435	3133	2842	2640	2471	2341	
193	2918	60.0	60.0	7	1	1	2	967	1224	1911	2926	4113	5062	5646	5795	5619	5292	4884	4483	4048	3655	3340	3032	2950	3020	3238	3610	3926	4230	4211	4156	3935	3668	3437	3115	2881	2678	2487	2288	
193	2935	60.0	60.0	7	1	1	2	926	1224	1910	2933	4114	5091	5624	5790	5616	5273	4920	4490	4015	3685	3342	3023	2936	2997	3271	3583	3961	4223	4188	4174	3963	3685	3415	3151	2873	2672	2459	2303	
193	2952	60.0	60.0	7	1	1	2	952	1225	1929	2931	4134	5104	5643	5748	5610	5255	4959	4489	4040	3669	3347	3054	2952	3000	3268	3589	3962	4202	4239	4167	3940	3642	3429	3150	2872	2670	2488	2309	
193	2969	59.9	60.0	7	1	1	2	971	1240	1896	2911	4141	5073	5661	5766	5660	5285	4913	4492	4044	3661	3330	3067	2952	3012	3230	3603	3968	4202	4219	4168	3972	3692	3426	3116	2893	2693	2506	2325	
193	3034	94.9	95.0	8	1	0	2	898	1037	1357	1861	2429	2924	3254	3387	3369	3251	3066	2889	2644	2467	2305	2249	2254	2336	2600	2875	3190	3367	3370	3338	3187	3053	2827	2646	2444	2302	2170	2047	
193	3113	59.9	60.1	8	1	1	2	958	1237	1881	2903	4073	5021	5572	5736	5619	5223	4848	4446	4012	3642	3264	2995	2913	2965	3199	3587	3916	4158	4181	4135	3891	3668	3405	3114	2872	2641	2490	2293	
193	3130	59.9	60.0	8	1	1	2	969	1232	1902	2907	4097	5073	5608	5766	5617	5276	4862	4489	4003	3687	3326	3044	2910	2970	3193	3610	3931	4173	4182	4180	3926	3692	3414	3145	2885	2663	2459	2294	
193	3147	60.0	60.0	8	1	1	2	946	1220	1889	2890	4079	5033	5627	5708	5582	5228	4865	4437	4015	3615	3302	3021	2897	2976	3227	3608	3979	4190	4239	4129	3928	3669	3418	3128	2884	2639	2456	2313	
193	3165	59.9	60.0	8	1	1	2	968	1241	1879	2929	4082	5046	5623	5705	5578	5233	4866	4459	4012	3653	3278	3013	2896	3017	3234	3550	3929	4172	4221	4133	3908	3694	3404	3123	2880	2638	2478	2304	
193	3182	59.9	60.0	8	1	1	2	955	1209	1880	2912	4078	5043	5579	5709	5562	5216	4862	4474	4027	3643	3302	3012	2902	2948	3213	3562	3929	4183	4189	4138	3915	3697	3414	3143	2828	2676	2489	2292	
193	3199	60.0	60.0	8	1	1	2	959	1194	1873	2930	4110	5008	5615	5700	5561	5206	4872	4445	4018	3691	3291	2999	2899	2972	3233	3566	3942	4172	4188	4107	3947	3648	3391	3157	2901	2634	2480	2289	
193	3216	59.9	60.0	8	1	1	2	960	1206	1890	2923	4060	5025	5574	5739	5584	5203	4854	4428	3990	3613	3309	3016	2919	2980	3243	3575	3906	4151	4144	4112	3905	3629	3398	3102	2871	2630	2478	2302	
193	3279	95.0	95.1	9	1	0	2	893	1032	1324	1852	2426	2933	3234	3352	3349	3218	3084	2874	2625	2493	2314	2171	2195	2345	2575	2868	3132	3329	3333	3277	3171	3008	2803	2662	2441	2324	2152	2017	
193	3359	59.9	60.1	9	1	1	2	974	1226	1882	2903	4099	5007	5620	5738	5549	5206	4868	4438	4024	3659	3268	3034	2916	3001	3234	3589	3975	4144	4165	4093	3928	3665	3414	3105	2848	2644	2448	2291	
193	3376	59.9	60.0	9	1	1	2	962	1247	1874	2917	4083	5006	5588	5730	5594	5244	4890	4466	4015	3625	3328	3049	2887	2991	3218	3528	3941	4179	4206	4125	3886	3692	3400	3141	2891	2648	2504	2317	
193	3394	59.9	60.0	9	1	1	2	955	1216	1881	2891	4081	4995	5561	5739	5580	5192	4868	4401	3973	3604	3271	2992	2905	2940	3243	3568	3934	4165	4151	4089	3899	3670	3449	3117	2858	2621	2466	2291	
193	3411	60.0	60.0	9	1	1	2	965	1225	1870	2878	4059	4996	5575	5705	5577	5181	4853	4416	3979	3631	3295	2988	2884	2954	3188	3581	3930	4107	4116	4127	3915	3676	3409	3121	2840	2632	2492	2296	
193	3428	59.9	60.0	9	1	1	2	956	1218	1874	2882	4051	4978	5539	5665	5535	5217	4851	4467	4040	3589	3259	3010	2904	2944	3219	3588	3881	4141	4158	4093	3931	3640	3387	3120	2865	2619	2449	2286	
193	3445	60.0	60.0	9	1	1	2	965	1182	1886	2872	4073	5017	5604	5720	5500	5196	4827	4468	4015	3630	3285	3009	2902	2960	3210	3564	3929	4158	4131	4124	3892	3650	3381	3110	2860	2667	2477	2298	
193	3463	60.0	60.0	9	1	1	2	970	1247	1856	2872	4050	4973	5548	5708	5549	5210	4850	4448	3990	3616	3319	3004	2901	2970	3174	3526	3903	4145	4117	4086	3918	3678	3405	3114	2841	2622	2469	2294	
193	3525	94.9	95.0	10	1	0	2	905	1027	1358	1831	2414	2946	3247	3339	3334	3192	3092	2850	2650	2456	2295	2210	2204	2320	2597	2877	3180	3299	3332	3315	3165	3004	2811	2643	2437	2300	2169	2022	
193	3605	60.0	60.1	10	1	1	2	939	1222	1823	2868	4037	4985	5547	5702	5546	5169	4808	4432	3989	3583	3282	3004	2888	2944	3242	3533	3943	4116	4132	4113	3901	3608	3345	3108	2791	2618	2470	2281	
193	3622	60.0	60.0	10	1	1	2	962	1224	1879	2886	4073	5010	5570	5753	5599	5200	4842	4402	3977	3661	3297	3026	2900	2970	3195	3548	3922	4117	4176	4093	3897	3667	3356	3098	2881	2632	2462	2281	
193	3640	59.9	60.0	10	1	1	2	957	1212	1884	2903	4050	5007	5538	5697	5508	5182	4813	4427	4024	3609	3282	2979	2912	2963	3229	3521	3925	4124	4131	4083	3885	3640	3402	3067	2855	2647	2479	2292	
193	3657	60.0	60.0	10	1	1	2	957	1229	1865	2898	4028	4994	5532	5671	5507	5183	4854	4375	3981	3625	3291	3041	2901	2968	3199	3555	3898	4088	4110	4085	3847	3671	3422	3106	2840	2653	2466	2273	
193	3674	60.0	60.0	10	1	1	2	967	1240	1882	2883	4051	4981	5516	5665	5530	5134	4819	4392	3975	3576	3272	2981	2883	2933	3206	3554	3912	4157	4121	4043	3830	3647	3359	3082	2842	2624	2481	2277	
193	3691	60.0	60.0	10	1	1	2	950	1212	1876	2869	4036	4907	5519	5661	5564	5120	4782	4356	3974	3580	3238	2996	2898	2960	3224	3527	3866	4124	4132	4082	3855	3648	3415	3108	2808	2636	2460	2273	
193	3709	60.0	60.0	10	1	1	2	951	1210	1878	2897	4080	4963	5541	5616	5547	5180	4820	4382	3972	3589	3248	3015	2905	2932	3197	3553	3885	4117	4118	4073	3853	3602	3374	3102	2837	2605	2446	2281	
193	3771	95.0	95.1	11	1	0	2	904	1017	1350	1832	2399	2889	3208	3303	3320	3182	2975	2865	2617	2424	2298	2202	2204	2285	2553	2854	3142	3294	3319	3278	3124	2964	2778	2600	2396	2271	2143	2015	
193	3851	60.0	60.1	11	1	1	2	964	1275	1855	2889	4030	4958	5532	5636	5500	5122	4813	4409	3955	3621	3255	2982	2914	2936	3188	3518	3895	4090	4142	4059	3868	3637	3366	3057	2841	2624	2438	2259	
193	3868	59.9	60.0	11	1	1	2	970	1213	1884	2884	4033	5008	5519	5692	5507	5202	4808	4434	3996	3608	3258	2976	2924	2961	3228	3572	3922	4104	4136	4109	3893	3663	3392	3129	2865	2633	2471	2255	
193	3886	59.9	60.0	11	1	1	2	939	1216	1864	2863	4023	4960	5507	5654	5502	5144	4790	4427	3962	3605	3258	3009	2893	2952	3203	3523	3903	4104	4133	4085	3863	3669	3367	3055	2847	2641	2445	2272	
193	3903	59.9	60.0	11	1	1	2	972	1223	1876	2863	4062	4930	5466	5618	5500	5163	4785	4400	3941	3586	3261	2973	2872	2929	3180	3541	3866	4105	4107	4066	3907	3620	3388	3084	2830	2662	2455	2277	
193	3920	60.0	60.0	11	1	1	2	958	1213	1890	2862	4014	4969	5448	5617	5463	5119	4795	4419	3950	3567	3279	2990	2900	2932	3173	3556	3884	4098	4105	4062	3805	3609	3361	3096	2818	2607	2426	2259	
193	3937	59.9	60.0	11	1	1	2	947	1233	1869	2877	4066	4946	5521	5634	5472	5141	4825	4366	3956	3591	3266	2993	2890	2913	3176	3512	3908	4123	4111	4089	3867	3616	3351	3098	2812	2608	2450	2271	
193	3955	60.0	60.0	11	1	1	2	948	1203	1848	2848	4035	4941	5483	5660	5521	5157	4806	4377	3931	3571	3227	2994	2900	2963	3171	3569	3877	4095	4105	4039	3797	3594	3339	3070	2828	2624	2418	2272	
193	4019	95.0	95.1	12	1	0	2	884	1013	1336	1839	2397	2892	3199	3314	3306	3213	3041	2850	2610	2413	2297	2185	2193	2317	2573	2878	3156	3279	3306	3295	3140	2978	2769	2599	2465	2272	2143	2016	
193	4097	59.9	60.1	12	1	1	2	961	1211	1860	2847	3984	4920	5455	5632	5479	5134	4766	4341	3953	3594	3229	2983	2867	2955	3181	3549	3865	4103	4109	4046	3852	3593	3339	3069	2836	2616	2437	2273	
193	4114	59.9	60.0	12	1	1	2	954	1179	1889	2876	4005	4977	5550	5660	5504	5149	4798	4372	3908	3613	3256	2964	2913	2930	3176	3540	3866	4103	4113	4050	3853	3638	3336	3093	2827	2634	2441	2289	
193	4132	60.0	60.0	12	1	1	2	973	1224	1882	2834	4018	4981	5482	5657	5469	5157	4792	4353	3966	3539	3254	3026	2884	2933	3186	3531	3890	4116	4112	4041	3822	3596	3359	3085	2854	2585	2419	2273	
193	4149	60.0	60.0	12	1	1	2	963	1210	1868	2857	4001	4922	5444	5620	5464	5102	4772	4362	3963	3596	3212	2989	2873	2913	3174	3494	3889	4130	4086	4041	3867	3579	3376	3094	2829	2612	2440	2256	
193	4166	60.0	60.0	12	1	1	2	975	1216	1859	2836	4038	4966	5463	5629	5496	5099	4782	4397	3944	3559	3228	2965	2844	2933	3190	3518	3857	4102	4117	4045	3846	3598	3360	3074	2843	2610	2465	2299	
193	4183	60.0	60.0	12	1	1	2	977	1193	1863	2870	3997	4940	5479	5649	5504	5154	4817	4376	3944	3596	3236	2980	2904	2951	3175	3539	3915	4119	4154	4053	3858	3593	3363	3083	2808	2596	2432	2283	
193	4201	60.0	60.0	12	1	1	2	962	1213	1870	2844	4006	4943	5481	5614	5474	5126	4789	4396	3912	3523	3239	2969	2857	2928	3181	3508	3858	4102	4093	4040	3828	3603	3371	3030	2834	2597	2439	2264	
193	4263	95.1	95.1	13	1	0	2	887	1002	1341	1826	2391	2870	3196	3338	3325	3127	3000	2835	2598	2405	2266	2187	2214	2294	2521	2828	3116	3262	3288	3249	3102	2946	2759	2582	2403	2251	2115	1980	
193	4343	60.0	60.0	13	1	1	2	960	1214	1856	2813	3982	4958	5486	5597	5466	5075	4784	4339	3920	3547	3231	2966	2890	2943	3153	3521	3865	4110	4089	4067	3833	3597	3313	3072	2818	2579	2447	2274	
193	4361	59.9	60.0	13	1	1	2	963	1228	1856	2873	3983	4941	5478	5624	5493	5155	4806	4414	3973	3613	3244	2980	2854	2941	3177	3515	3861	4108	4135	4060	3866	3581	3379	3026	2814	2611	2450	2264	
193	4378	59.9	60.0	13	1	1	2	969	1212	1850	2888	3998	4961	5476	5591	5460	5119	4746	4340	3924	3558	3233	2948	2892	2905	3195	3540	3900	4051	4067	4049	3817	3605	3318	3091	2834	2616	2434	2288	
193	4395	60.0	60.0	13	1	1	2	957	1204	1836	2845	4016	4920	5440	5573	5435	5120	4738	4388	3926	3552	3220	2970	2880	2929	3173	3489	3877	4112	4129	4028	3824	3624	3355	3055	2819	2611	2417	2262	
193	4412	60.0	60.0	13	1	1	2	958	1218	1848	2832	3982	4906	5420	5588	5469	5097	4771	4315	3935	3565	3236	2986	2864	2923	3163	3508	3877	4083	4082	4022	3842	3586	3349	3066	2836	2605	2427	2258	
193	4430	60.0	60.0	13	1	1	2	954	1228	1857	2850	3990	4913	5450	5583	5436	5091	4770	4316	3915	3565	3234	2952	2864	2883	3180	3495	3847	4076	4082	4020	3843	3598	3368	3038	2812	2600	2380	2269	
193	4447	60.0	60.0	13	1	1	2	947	1203	1867	2830	3974	4874	5413	5577	5428	5089	4735	4351	3941	3592	3224	2963	2859	2921	3170	3453	3842	4060	4069	4033	3793	3597	3330	3068	2818	2599	2406	2264	
193	4511	94.9	95.0	14	1	0	2	892	1020	1346	1798	2389	2867	3178	3295	3295	3139	3028	2787	2584	2405	2281	2116	2188	2312	2550	2807	3094	3279	3248	3213	3102	2938	2768	2603	2396	2261	2134	1969	
193	4591	60.0	60.1	14	1	1	2	958	1211	1859	2845	3996	4912	5473	5560	5466	5082	4707	4351	3898	3560	3213	2987	2859	2897	3172	3508	3806	4051	4083	4044	3839	3554	3336	3069	2813	2599	2409	2241	
193	4609	59.9	60.0	14	1	1	2	971	1217	1872	2828	4011	4933	5434	5630	5447	5105	4798	4348	3904	3575	3229	2923	2872	2892	3142	3491	3832	4079	4084	4027	3842	3601	3343	3047	2785	2590	2424	2265	
193	4626	59.9	60.0	14	1	1	2	960	1222	1872	2849	3998	4912	5425	5604	5438	5090	4782	4330	3948	3590	3233	2963	2845	2928	3183	3499	3828	4063	4108	4031	3831	3582	3356	3083	2807	2598	2416	2226	
193	4643	60.0	60.0	14	1	1	2	949	1220	1843	2844	4016	4909	5449	5606	5483	5114	4761	4342	3920	3590	3220	2939	2883	2893	3158	3514	3853	4084	4093	4048	3844	3561	3319	3070	2817	2614	2348	2273	
193	4660	59.9	60.0	14	1	1	2	968	1230	1832	2830	4035	4886	5403	5580	5453	5102	4781	4357	3979	3547	3207	2955	2842	2916	3161	3498	3845	4039	4060	4004	3844	3637	3289	3071	2797	2591	2435	2265	
193	4678	59.9	60.0	14	1	1	2	980	1210	1848	2832	3948	4898	5452	5558	5420	5051	4671	4312	3920	3551	3195	2952	2850	2903	3149	3463	3833	4045	4077	4011	3811	3619	3298	3048	2797	2601	2412	2273	
193	4695	60.0	60.0	14	1	1	2	933	1200	1847	2849	3976	4877	5466	5544	5404	5099	4705	4281	3884	3528	3215	2953	2834	2880	3151	3473	3820	4048	4071	3990	3791	3566	3341	3060	2810	2628	2415	2256	
193	4760	94.9	95.0	15	1	0	2	906	1028	1336	1802	2398	2856	3135	3296	3269	3144	2973	2810	2589	2417	2256	2163	2155	2301	2541	2809	3075	3232	3248	3217	3074	2933	2746	2545	2400	2225	2119	1994	
193	4840	60.0	60.0	15	1	1	2	958	1208	1837	2830	3992	4887	5438	5573	5471	5105	4770	4342	3946	3564	3224	2975	2854	2918	3162	3481	3809	4116	4088	4038	3806	3548	3322	3044	2830	2620	2440	2250	
193	4857	60.0	60.0	15	1	1	2	936	1215	1860	2855	4005	4891	5484	5642	5478	5135	4783	4378	3965	3566	3250	2961	2848	2946	3156	3497	3856	4105	4061	4039	3825	3592	3366	3078	2826	2583	2458	2270	
193	4874	60.0	60.0	15	1	1	2	964	1212	1878	2853	3983	4917	5461	5586	5468	5071	4770	4318	3923	3566	3230	2932	2886	2934	3149	3484	3861	4067	4088	4049	3837	3588	3345	3061	2847	2600	2425	2260	
193	4891	60.0	60.0	15	1	1	2	945	1209	1862	2832	3959	4902	5449	5594	5444	5109	4793	4372	3932	3559	3239	2936	2846	2891	3181	3521	3847	4069	4066	4059	3832	3561	3328	3032	2812	2627	2425	2263	
193	4909	60.0	60.0	15	1	1	2	961	1224	1863	2824	4005	4923	5471	5604	5424	5121	4767	4351	3922	3569	3198	2938	2873	2896	3199	3498	3862	4070	4092	4038	3827	3589	3351	3070	2806	2609	2441	2253	
193	4926	60.0	60.0	15	1	1	2	943	1219	1844	2825	3993	4845	5436	5535	5393	5093	4740	4314	3915	3563	3231	2970	2868	2935	3142	3520	3840	4082	4086	4039	3838	3588	3316	3052	2787	2613	2435	2238	
193	4943	60.0	60.0	15	1	1	2	958	1214	1850	2816	3990	4891	5448	5603	5440	5095	4791	4349	3923	3534	3250	2950	2854	2866	3156	3528	3843	4060	4078	4005	3852	3589	3334	3063	2810	2592	2445	2247	
193	5008	94.9	95.0	16	1	0	2	895	1010	1326	1807	2398	2831	3142	3287	3261	3113	2975	2700	2580	2405	2263	2162	2167	2268	2500	2809	3084	3238	3264	3230	3092	2872	2727	2560	2414	2242	2098	1978	
193	5088	60.0	60.0	16	1	1	2	940	1209	1852	2841	3970	4874	5439	5552	5422	5060	4698	4319	3932	3527	3225	2930	2846	2920	3139	3514	3822	4059	4034	4009	3811	3561	3346	3058	2768	2611	2416	2278	
193	5105	60.0	60.0	16	1	1	2	962	1211	1858	2826	3990	4917	5464	5571	5400	5140	4719	4370	3921	3524	3205	2965	2866	2882	3138	3477	3843	4089	4066	3999	3788	3577	3340	3047	2783	2589	2430	2239	
193	5122	60.0	60.0	16	1	1	2	950	1233	1848	2851	3970	4920	5428	5579	5432	5082	4759	4360	3903	3542	3225	2935	2828	2913	3147	3456	3843	4077	4070	4006	3803	3562	3328	3064	2798	2588	2437	2242	
193	5139	60.0	60.0	16	1	1	2	961	1205	1852	2836	3974	4869	5435	5558	5407	5058	4721	4331	3920	3584	3208	2923	2868	2909	3122	3492	3810	4037	4068	4029	3815	3564	3300	3047	2774	2589	2406	2251	
193	5157	59.9	60.0	16	1	1	2	959	1192	1825	2840	3988	4867	5423	5555	5347	5089	4706	4336	3855	3517	3199	2939	2832	2909	3142	3457	3836	4051	4084	4003	3841	3551	3303	3038	2773	2613	2428	2243	
193	5174	59.9	60.0	16	1	1	2	969	1206	1844	2843	3969	4921	5449	5545	5408	5072	4681	4305	3891	3533	3243	2955	2821	2888	3124	3473	3841	4065	4057	4008	3774	3550	3264	3045	2775	2574	2422	2237	
193	5191	60.0	60.0	16	1	1	2	960	1222	1846	2840	3935	4850	5387	5559	5372	5052	4705	4304	3894	3512	3182	2901	2826	2883	3119	3476	3822	4008	4037	3969	3822	3533	3321	3053	2752	2577	2388	2217	
193	5254	94.9	95.1	17	1	0	2	894	1028	1336	1809	2378	2824	3112	3288	3254	3140	2981	2793	2585	2389	2262	2144	2149	2271	2501	2781	3073	3231	3258	3200	3063	2894	2746	2593	2362	2236	2089	1973	
193	5334	60.0	60.0	17	1	1	2	956	1206	1862	2830	3933	4848	5458	5564	5405	5060	4713	4344	3897	3530	3208	2971	2849	2898	3136	3476	3790	4051	4087	4018	3812	3588	3317	3034	2800	2596	2430	2249	
193	5351	59.9	60.0	17	1	1	2	948	1222	1842	2885	3984	4885	5444	5604	5446	5082	4776	4371	3907	3567	3243	2928	2897	2871	3153	3515	3873	4084	4054	4007	3799	3596	3332	3053	2779	2590	2427	2247	
193	5368	59.9	60.0	17	1	1	2	965	1241	1847	2830	3939	4869	5416	5535	5434	5094	4701	4296	3892	3550	3205	2932	2869	2894	3120	3499	3814	4055	4052	4006	3796	3566	3309	3034	2797	2578	2429	2227	
193	5385	60.0	60.0	17	1	1	2	960	1210	1854	2764	3974	4830	5411	5570	5373	5052	4723	4300	3882	3526	3210	2948	2843	2898	3129	3462	3822	4014	4071	4000	3789	3551	3320	3099	2774	2600	2414	2246	
193	5403	60.0	60.0	17	1	1	2	960	1215	1818	2842	3967	4839	5418	5556	5393	5075	4739	4293	3916	3494	3164	2941	2843	2899	3154	3466	3798	4048	4053	4002	3797	3563	3295	3047	2810	2607	2421	2246	
193	5420	59.9	60.0	17	1	1	2	951	1224	1848	2822	3969	4839	5374	5553	5415	5036	4681	4323	3891	3518	3185	2961	2806	2887	3115	3478	3800	4047	4046	3989	3777	3593	3320	3047	2770	2551	2387	2237	
193	5437	60.0	60.0	17	1	1	2	964	1204	1832	2835	3973	4868	5398	5556	5380	5051	4707	4292	3836	3531	3194	2902	2823	2886	3134	3488	3775	3999	4053	3989	3806	3545	3270	2999	2778	2584	2423	2249	
193	5502	94.9	95.0	18	1	0	2	903	1027	1312	1811	2375	2855	3132	3244	3256	3112	2937	2792	2583	2385	2269	2133	2191	2311	2529	2818	3052	3244	3242	3161	3083	2895	2725	2557	2375	2218	2097	1952	
193	5582	60.0	60.0	18	1	1	2	966	1210	1864	2846	3985	4903	5446	5567	5439	5087	4766	4347	3931	3558	3233	2927	2879	2917	3157	3493	3828	4089	4084	4004	3803	3590	3306	3071	2816	2604	2450	2241	
193	5599	59.9	60.0	18	1	1	2	950	1213	1847	2852	3963	4855	5447	5598	5430	5117	4749	4291	3902	3530	3211	2991	2868	2916	3146	3461	3848	4105	4091	3999	3828	3579	3344	3055	2828	2634	2437	2255	
193	5616	60.0	60.0	18	1	1	2	948	1206	1866	2840	3918	4857	5409	5589	5412	5106	4763	4387	3902	3568	3216	2957	2859	2912	3155	3472	3859	4120	4103	4015	3835	3556	3330	3061	2818	2613	2437	2246	
193	5633	60.0	60.0	18	1	1	2	974	1206	1853	2851	4000	4900	5419	5574	5420	5118	4699	4342	3876	3523	3217	2937	2851	2908	3134	3488	3840	3995	4064	4010	3820	3550	3313	3036	2818	2595	2405	2268	
193	5651	60.0	60.0	18	1	1	2	954	1207	1852	2844	3976	4875	5448	5553	5458	5082	4703	4342	3906	3553	3227	2951	2874	2901	3132	3464	3842	4036	4024	4002	3827	3570	3256	3058	2823	2578	2407	2256	
193	5668	59.9	60.0	18	1	1	2	955	1196	1864	2851	3949	4842	5376	5529	5377	5088	4711	4314	3878	3539	3216	2981	2812	2877	3136	3465	3836	4066	4062	4020	3803	3553	3295	3031	2800	2600	2411	2238	
193	5685	60.0	60.0	18	1	1	2	959	1204	1833	2827	3956	4919	5412	5572	5384	5102	4727	4310	3870	3539	3195	2950	2825	2904	3138	3436	3824	4028	4066	4021	3846	3584	3287	3053	2768	2607	2418	2301	
193	5750	94.9	95.0	19	1	0	2	893	1020	1330	1809	2384	2820	3155	3242	3254	3096	2995	2766	2564	2400	2242	2141	2160	2265	2469	2783	3109	3237	3268	3184	3080	2876	2735	2551	2387	2222	2098	1954	
193	5830	60.0	60.0	19	1	1	2	958	1211	1784	2816	3955	4836	5379	5581	5361	5049	4716	4322	3851	3525	3174	2945	2820	2861	3130	3473	3790	4070	4056	4013	3768	3576	3288	3007	2768	2570	2430	2256	
193	5847	59.9	60.0	19	1	1	2	952	1208	1879	2866	3941	4904	5386	5549	5378	5032	4708	4336	3909	3556	3190	2948	2857	2890	3168	3475	3812	4062	4058	4023	3824	3572	3327	3064	2771	2582	2421	2258	
193	5864	60.0	60.0	19	1	1	2	951	1208	1839	2820	3945	4833	5412	5550	5422	5040	4678	4304	3900	3513	3209	2945	2837	2874	3101	3496	3813	4044	4030	4004	3774	3545	3281	3034	2808	2586	2424	2223	
193	5882	60.0	60.0	19	1	1	2	966	1205	1850	2837	3947	4863	5400	5546	5402	5050	4712	4312	3879	3513	3203	2936	2819	2895	3128	3444	3806	4037	4026	3978	3759	3532	3305	3019	2794	2573	2434	2219	
193	5899	59.9	60.0	19	1	1	2	954	1210	1841	2834	3940	4818	5367	5523	5409	5012	4744	4253	3848	3518	3169	2928	2840	2906	3130	3438	3785	4010	4049	3962	3769	3549	3307	3013	2815	2572	2408	2218	
193	5916	60.0	60.0	19	1	1	2	958	1219	1844	2823	3944	4822	5391	5540	5404	5043	4714	4302	3875	3507	3220	2939	2838	2874	3128	3451	3796	4035	4049	3986	3784	3541	3293	3054	2794	2530	2424	2241	
193	5933	59.9	60.0	19	1	1	2	956	1197	1849	2846	3910	4828	5375	5504	5382	5009	4708	4266	3852	3499	3172	2948	2862	2858	3102	3465	3799	4008	4006	3949	3758	3531	3311	3032	2793	2580	2384	2278	
193	5998	94.9	95.0	20	1	0	2	904	1010	1343	1789	2377	2830	3138	3291	3266	3128	2965	2775	2554	2381	2263	2151	2156	2245	2510	2817	3060	3237	3252	3197	3082	2915	2756	2549	2380	2196	2124	1962	
193	6078	60.0	60.0	20	1	1	2	942	1258	1848	2836	3971	4877	5426	5542	5404	5053	4726	4304	3867	3544	3221	2949	2836	2909	3103	3473	3806	4032	4039	4012	3795	3575	3327	3023	2787	2574	2395	2283	
193	6095	59.9	60.0	20	1	1	2	951	1200	1841	2839	3949	4881	5399	5561	5416	5031	4767	4321	3892	3526	3205	2979	2828	2852	3155	3446	3828	4034	4061	4011	3778	3558	3290	3081	2784	2595	2413	2256	
193	6112	59.9	60.0	20	1	1	2	953	1213	1857	2780	3939	4840	5393	5494	5355	5034	4725	4277	3874	3500	3191	2915	2829	2888	3114	3494	3783	4057	4030	3960	3812	3545	3299	3038	2758	2589	2420	2232	
193	6130	60.0	60.0	20	1	1	2	955	1209	1857	2815	3947	4790	5353	5488	5357	5054	4718	4325	3856	3529	3149	2906	2845	2872	3118	3453	3803	4011	3981	3986	3789	3546	3307	3030	2786	2559	2402	2220	
193	6147	60.0	60.0	20	1	1	2	954	1210	1837	2802	3914	4863	5396	5489	5388	5056	4675	4261	3860	3545	3178	2917	2824	2851	3092	3449	3821	4049	4047	3964	3757	3536	3300	3013	2784	2562	2386	2243	
193	6164	59.9	60.0	20	1	1	2	951	1208	1842	2785	3978	4884	5347	5586	5387	5073	4690	4285	3855	3538	3184	2925	2820	2878	3073	3444	3795	4033	4029	4007	3783	3534	3285	3016	2782	2574	2412	2251	
193	6181	60.0	60.0	20	1	1	2	978	1194	1843	2800	3963	4858	5369	5500	5327	5007	4716	4312	3882	3529	3171	2924	2818	2861	3120	3449	3814	4023	4016	3956	3801	3575	3297	3027	2761	2589	2409	2240	
193	6246	94.9	95.1	21	1	0	2	899	1022	1326	1791	2379	2843	3155	3252	3216	3083	2987	2754	2563	2402	2242	2145	2166	2285	2503	2795	3066	3252	3210	3178	3044	2933	2738	2540	2377	2212	2074	1972	
193	6324	60.0	60.1	21	1	1	2	945	1219	1834	2827	3964	4853	5385	5474	5379	5008	4693	4323	3899	3532	3208	2923	2833	2888	3120	3438	3803	4007	4032	3997	3790	3520	3282	3032	2797	2550	2403	2231	
193	6341	59.9	60.0	21	1	1	2	970	1213	1852	2798	3957	4879	5388	5520	5366	5030	4716	4297	3860	3540	3204	2931	2883	2890	3116	3460	3822	4012	4022	3968	3792	3571	3299	3028	2792	2590	2431	2250	
193	6359	60.0	60.0	21	1	1	2	964	1199	1855	2816	3974	4830	5364	5513	5364	5042	4697	4320	3859	3511	3188	2930	2815	2896	3104	3496	3807	3972	4079	3998	3768	3517	3285	3038	2778	2553	2397	2233	
193	6376	59.9	60.0	21	1	1	2	937	1218	1854	2849	3956	4813	5403	5526	5372	5038	4664	4287	3865	3511	3184	2934	2847	2849	3110	3474	3792	4030	4040	3983	3804	3554	3292	3017	2750	2592	2409	2230	
193	6393	59.9	60.0	21	1	1	2	955	1213	1834	2788	3916	4783	5365	5487	5334	5042	4664	4274	3826	3491	3190	2916	2828	2854	3092	3443	3769	4024	4083	3968	3787	3519	3280	3014	2763	2560	2392	2249	
193	6410	60.0	60.0	21	1	1	2	976	1221	1836	2820	3986	4811	5383	5554	5372	5022	4712	4271	3894	3491	3207	2918	2823	2912	3109	3462	3802	4054	4044	3988	3784	3509	3310	3009	2769	2591	2404	2234	
193	6428	60.0	60.0	21	1	1	2	949	1198	1827	2802	3957	4857	5396	5504	5354	5013	4726	4301	3955	3488	3214	2945	2824	2900	3112	3443	3810	4007	4032	3993	3776	3521	3303	3029	2775	2562	2420	2220	
193	6490	94.9	95.0	22	1	0	2	885	1027	1318	1783	2352	2819	3141	3254	3251	3124	2955	2780	2531	2397	2233	2141	2166	2276	2499	2780	3081	3246	3211	3191	3072	2888	2716	2550	2404	2231	2121	1986	
193	6570	60.0	60.0	22	1	1	2	982	1213	1854	2836	3922	4868	5336	5536	5389	5038	4721	4286	3896	3516	3224	2915	2802	2881	3123	3471	3793	4024	4008	3976	3799	3554	3313	3008	2771	2577	2409	2255	
193	6587	59.9	60.0	22	1	1	2	974	1212	1860	2830	3987	4873	5417	5553	5391	5032	4688	4296	3874	3555	3182	2922	2845	2880	3124	3482	3812	4019	4028	3976	3786	3543	3311	3039	2775	2581	2386	2251	
193	6605	60.0	60.0	22	1	1	2	951	1209	1850	2790	3960	4822	5385	5486	5365	5004	4721	4287	3878	3533	3149	2926	2832	2881	3091	3436	3794	4031	4043	3970	3755	3555	3333	3005	2790	2568	2386	2224	
193	6622	60.0	60.0	22	1	1	2	962	1225	1836	2778	3946	4832	5347	5504	5337	5022	4665	4276	3845	3507	3177	2935	2839	2875	3098	3421	3779	4009	4011	3990	3764	3534	3308	3035	2774	2576	2385	2217	
193	6639	60.0	60.0	22	1	1	2	956	1239	1845	2810	3938	4838	5323	5511	5377	5062	4704	4297	3889	3506	3228	2923	2800	2877	3114	3460	3805	4036	4052	3950	3787	3548	3318	3044	2789	2576	2404	2235	
193	6656	60.0	60.0	22	1	1	2	949	1209	1847	2814	3956	4835	5356	5493	5369	5049	4671	4261	3861	3508	3176	2946	2817	2862	3118	3446	3772	4022	4020	3991	3810	3508	3266	3045	2820	2550	2419	2250	
193	6674	60.0	60.0	22	1	1	2	953	1210	1850	2810	3950	4847	5404	5524	5366	4967	4690	4301	3876	3514	3194	2923	2825	2888	3108	3475	3818	4018	4055	3988	3744	3550	3323	2995	2770	2600	2403	2234	
193	6736	94.9	95.0	23	1	0	2	889	1016	1313	1802	2363	2809	3111	3230	3251	3124	2961	2771	2557	2375	2206	2133	2160	2270	2517	2776	3035	3200	3228	3161	3030	2911	2700	2516	2370	2210	2085	1948	
193	6816	60.0	60.0	23	1	1	2	970	1221	1852	2819	3946	4848	5419	5502	5405	5058	4674	4299	3889	3497	3215	2936	2815	2888	3107	3474	3838	4065	4055	3994	3805	3573	3286	3037	2764	2594	2406	2242	
193	6834	60.0	60.0	23	1	1	2	974	1203	1830	2828	3982	4872	5459	5497	5409	5045	4728	4345	3907	3571	3225	2964	2849	2880	3131	3480	3803	4045	4056	4023	3780	3582	3311	3029	2808	2595	2421	2232	
193	6851	59.9	60.0	23	1	1	2	963	1208	1867	2836	3980	4820	5377	5547	5405	5037	4753	4314	3889	3578	3166	2909	2855	2888	3149	3496	3807	4045	4081	3973	3822	3562	3325	3042	2794	2570	2395	2249	
193	6868	59.9	60.0	23	1	1	2	960	1223	1857	2836	3942	4877	5430	5541	5368	5093	4708	4370	3889	3530	3229	2939	2868	2912	3146	3496	3789	4056	4044	4007	3823	3555	3263	3039	2789	2590	2400	2249	
193	6885	60.0	60.0	23	1	1	2	951	1212	1848	2826	3948	4836	5373	5535	5391	5054	4743	4279	3872	3535	3239	2956	2849	2885	3150	3498	3777	4044	4064	4005	3824	3513	3296	3038	2816	2587	2441	2254	
193	6903	59.9	60.0	23	1	1	2	954	1216	1834	2829	3989	4872	5420	5558	5397	5067	4708	4319	3890	3519	3203	2939	2864	2889	3115	3481	3784	3999	4030	4010	3798	3562	3298	3042	2772	2574	2377	2220	
193	6920	60.0	60.0	23	1	1	2	961	1212	1846	2811	3954	4827	5410	5517	5370	5042	4718	4310	3867	3514	3200	2914	2852	2878	3159	3460	3754	4009	4048	3949	3758	3560	3308	3030	2782	2589	2386	2226	
193	6982	94.9	95.1	24	1	0	2	907	1019	1322	1804	2357	2823	3160	3300	3267	3136	3017	2785	2555	2407	2251	2147	2180	2279	2520	2768	3090	3217	3231	3178	3058	2902	2733	2573	2371	2252	2104	1970	
193	7062	60.0	60.0	24	1	1	2	953	1214	1855	2833	3945	4856	5412	5534	5400	5061	4723	4295	3892	3512	3197	2969	2854	2885	3130	3495	3788	4037	4045	4005	3802	3560	3296	3049	2755	2561	2411	2235	
193	7080	59.9	60.0	24	1	1	2	980	1198	1880	2809	3968	4861	5436	5562	5409	5077	4723	4323	3880	3588	3225	2967	2850	2880	3178	3469	3830	4065	4064	3990	3819	3575	3306	3031	2770	2587	2430	2264	
193	7097	59.9	60.0	24	1	1	2	955	1210	1853	2844	3981	4842	5370	5548	5407	5019	4691	4302	3900	3524	3224	2960	2911	2870	3097	3488	3814	4004	4052	4010	3810	3527	3257	3028	2780	2567	2400	2237	
193	7114	60.0	60.0	24	1	1	2	946	1212	1858	2811	3946	4844	5420	5531	5419	5058	4741	4304	3886	3532	3193	2944	2849	2897	3144	3425	3800	4032	4048	3955	3791	3555	3309	3043	2787	2574	2417	2250	
193	7131	59.9	60.0	24	1	1	2	952	1230	1827	2825	3974	4855	5390	5508	5370	5006	4708	4307	3872	3507	3203	2946	2856	2876	3126	3449	3805	4016	4072	4034	3795	3548	3316	3049	2760	2556	2383	2245	
193	7149	60.0	60.0	24	1	1	2	966	1212	1854	2818	3987	4845	5438	5532	5422	5057	4753	4312	3881	3519	3215	2950	2826	2932	3143	3426	3833	4021	4024	3988	3827	3523	3312	3039	2772	2574	2390	2261	
193	7166	60.0	60.0	24	1	1	2	941	1199	1846	2790	3948	4845	5353	5480	5364	5052	4701	4280	3869	3516	3195	2889	2838	2873	3133	3442	3807	4034	4057	3963	3760	3566	3318	3020	2774	2557	2385	2242	
193	7230	94.8	95.0	25	1	0	2	894	1018	1334	1784	2347	2801	3149	3237	3268	3110	2947	2758	2534	2393	2228	2123	2129	2270	2511	2802	3030	3219	3188	3223	3040	2892	2708	2505	2350	2207	2112	1962	
193	7310	60.0	60.1	25	1	1	2	967	1209	1841	2824	3975	4844	5385	5554	5381	5032	4743	4292	3874	3509	3191	2949	2810	2868	3115	3489	3818	3999	4018	4024	3773	3554	3292	3054	2776	2561	2428	2223	
193	7328	60.0	60.0	25	1	1	2	955	1203	1855	2809	3939	4881	5431	5533	5425	5041	4706	4335	3908	3526	3216	2931	2844	2879	3117	3472	3802	4005	4082	3990	3798	3551	3294	3023	2780	2577	2392	2255	
193	7345	60.0	60.0	25	1	1	2	906	1203	1827	2836	3953	4847	5398	5523	5413	5050	4727	4290	3889	3514	3161	2945	2841	2874	3160	3455	3801	3980	4064	3967	3785	3548	3286	3031	2796	2573	2402	2227	
193	7362	60.0	60.0	25	1	1	2	963	1199	1831	2832	3966	4819	5374	5548	5333	5043	4688	4296	3885	3529	3191	2937	2820	2876	3117	3481	3793	4030	4010	3984	3789	3566	3304	3051	2770	2516	2402	2245	
193	7379	60.0	60.0	25	1	1	2	966	1203	1829	2805	3936	4842	5353	5488	5352	5044	4690	4290	3861	3531	3157	2926	2818	2867	3109	3454	3817	4012	4031	3965	3759	3539	3283	3009	2781	2540	2412	2207	
193	7397	60.0	60.0	25	1	1	2	954	1193	1820	2805	3964	4827	5367	5518	5355	5020	4662	4251	3845	3485	3148	2912	2850	2865	3112	3484	3819	4041	4009	3972	3744	3513	3293	3039	2751	2534	2392	2269	
193	7414	60.0	60.0	25	1	1	2	957	1215	1862	2805	3933	4826	5409	5499	5356	4992	4652	4286	3838	3513	3194	2934	2814	2872	3135	3425	3794	4001	4068	3960	3780	3557	3260	3042	2764	2564	2366	2230	
193	7478	94.9	95.0	26	1	0	2	901	1019	1325	1835	2345	2810	3162	3250	3231	3108	2986	2786	2552	2412	2255	2129	2172	2258	2506	2814	3071	3243	3212	3197	3053	2847	2716	2550	2366	2211	2089	1953	
193	7558	60.0	60.1	26	1	1	2	948	1206	1839	2832	3928	4866	5371	5508	5376	5055	4706	4290	3848	3530	3185	2907	2844	2899	3134	3409	3784	4022	4036	3946	3779	3534	3294	3031	2771	2571	2425	2247	
193	7576	59.9	60.0	26	1	1	2	948	1235	1860	2845	3944	4858	5376	5517	5369	5034	4678	4319	3894	3497	3171	2944	2849	2866	3149	3436	3819	4027	3990	3989	3779	3571	3293	3056	2789	2578	2416	2218	
193	7593	60.0	60.0	26	1	1	2	954	1211	1847	2822	3942	4860	5394	5502	5374	5031	4694	4289	3872	3552	3184	2936	2838	2888	3100	3455	3786	4007	4022	4012	3797	3558	3285	3014	2796	2566	2406	2254	
193	7610	59.9	60.0	26	1	1	2	958	1207	1837	2805	3953	4868	5366	5517	5338	5049	4721	4265	3880	3530	3208	2902	2843	2859	3120	3449	3798	4034	4045	3956	3761	3526	3270	3030	2783	2579	2393	2255	
193	7627	60.0	60.0	26	1	1	2	960	1208	1838	2827	3981	4811	5356	5505	5388	5030	4708	4301	3876	3505	3184	2932	2827	2872	3105	3428	3772	4005	4035	3970	3767	3533	3287	3042	2790	2583	2393	2227	
193	7645	60.0	60.0	26	1	1	2	963	1185	1856	2817	3945	4831	5356	5539	5393	5058	4697	4268	3868	3506	3184	2909	2836	2859	3100	3442	3804	4023	4028	3984	3755	3516	3257	3024	2762	2568	2367	2243	
193	7662	59.9	60.0	26	1	1	2	950	1206	1822	2815	3893	4827	5371	5483	5320	4988	4651	4262	3904	3500	3190	2911	2805	2862	3111	3442	3794	4002	4015	3955	3764	3505	3302	2997	2780	2528	2381	2229	
193	7725	94.9	95.0	27	1	0	2	901	1014	1332	1803	2361	2803	3111	3248	3230	3096	2948	2796	2577	2384	2240	2130	2143	2280	2524	2796	3072	3212	3259	3159	3038	2852	2711	2501	2356	2211	2070	1970	
193	7805	60.0	60.0	27	1	1	2	963	1195	1840	2797	3977	4885	5428	5550	5372	5015	4704	4273	3889	3528	3192	2938	2832	2902	3108	3472	3826	4041	4030	3988	3787	3556	3305	2998	2787	2572	2380	2240	
193	7822	59.9	60.0	27	1	1	2	956	1211	1860	2814	3976	4920	5444	5573	5405	5091	4706	4311	3891	3517	3200	2981	2853	2936	3144	3476	3796	4047	4075	4029	3777	3531	3290	3071	2772	2570	2423	2233	
193	7839	59.9	60.0	27	1	1	2	957	1218	1839	2813	3962	4894	5388	5496	5385	5045	4722	4299	3862	3542	3207	2919	2842	2875	3140	3475	3837	3980	4014	3968	3805	3542	3321	3014	2766	2573	2426	2235	
193	7856	60.0	60.0	27	1	1	2	950	1190	1835	2844	3980	4831	5439	5545	5372	5018	4674	4291	3865	3547	3203	2960	2836	2861	3149	3441	3816	3994	4029	3978	3783	3548	3304	3014	2805	2565	2428	2236	
193	7874	59.9	60.0	27	1	1	2	948	1209	1828	2828	3934	4859	5393	5536	5360	5038	4629	4312	3859	3541	3147	2936	2817	2862	3125	3458	3760	3974	4027	3976	3778	3546	3279	3019	2754	2548	2394	2220	
193	7891	59.9	60.0	27	1	1	2	955	1195	1834	2814	3944	4790	5366	5495	5332	5048	4711	4291	3870	3476	3200	2907	2817	2863	3111	3438	3783	3978	3983	3985	3776	3548	3256	3026	2784	2548	2404	2230	
193	7908	60.0	60.0	27	1	1	2	961	1220	1838	2807	3934	4838	5356	5485	5328	5026	4697	4265	3849	3498	3186	2898	2839	2879	3113	3458	3763	4009	4017	3985	3763	3561	3306	2999	2770	2525	2398	2210	
193	7971	94.9	95.0	28	1	0	2	901	1028	1325	1800	2379	2836	3100	3246	3223	3088	2988	2757	2549	2390	2246	2140	2139	2275	2508	2780	3058	3247	3203	3204	3032	2894	2676	2535	2366	2202	2107	1942	
193	8051	60.0	60.1	28	1	1	2	943	1205	1851	2839	3963	4869	5406	5560	5359	5008	4702	4264	3873	3493	3210	2925	2813	2875	3165	3473	3798	3998	4045	3952	3796	3545	3324	3047	2780	2577	2426	2240	
193	8068	59.9	60.0	28	1	1	2	959	1201	1834	2853	3964	4850	5422	5562	5360	5029	4725	4326	3862	3524	3205	2925	2855	2930	3127	3470	3835	4012	4069	3969	3784	3536	3256	3032	2770	2588	2405	2258	
193	8085	60.0	60.0	28	1	1	2	947	1199	1843	2829	3936	4841	5381	5528	5391	5057	4737	4311	3865	3513	3197	2897	2820	2892	3111	3458	3764	4048	4029	3991	3814	3559	3307	3023	2788	2566	2411	2245	
193	8102	59.9	60.0	28	1	1	2	959	1214	1845	2817	3940	4830	5385	5494	5371	5047	4697	4268	3904	3506	3186	2943	2819	2886	3136	3393	3789	4034	4040	3949	3794	3500	3286	3013	2789	2579	2420	2233	
193	8120	60.0	60.0	28	1	1	2	957	1232	1862	2804	3919	4870	5407	5530	5384	5054	4724	4304	3866	3516	3164	2937	2835	2888	3123	3488	3836	4006	4013	3993	3770	3496	3274	3019	2771	2559	2416	2229	
193	8137	60.0	60.0	28	1	1	2	957	1230	1844	2826	3980	4828	5408	5492	5387	5039	4721	4323	3858	3533	3165	2932	2805	2875	3101	3470	3781	3998	4046	3988	3762	3537	3288	3041	2764	2588	2387	2223	
193	8154	59.9	60.0	28	1	1	2	955	1206	1848	2818	3942	4827	5369	5522	5366	5069	4717	4309	3853	3498	3205	2962	2834	2889	3133	3450	3753	4012	4020	3970	3741	3552	3268	3023	2779	2579	2402	2215	
193	8219	94.9	95.0	29	1	0	2	870	1030	1340	1800	2364	2804	3135	3258	3232	3116	2963	2782	2569	2394	2239	2132	2153	2255	2510	2799	3049	3225	3214	3195	3030	2895	2671	2538	2346	2231	2080	1966	
193	8299	60.0	60.0	29	1	1	2	945	1208	1833	2785	3946	4864	5425	5537	5402	5037	4689	4286	3881	3514	3208	2936	2826	2887	3105	3437	3808	3995	4036	4000	3771	3544	3294	3025	2776	2600	2415	2232	
193	8316	60.0	60.0	29	1	1	2	967	1206	1859	2858	3964	4896	5456	5587	5400	5053	4728	4365	3900	3526	3221	2937	2847	2898	3118	3458	3811	4022	4056	4000	3784	3554	3309	3038	2785	2571	2446	2233	
193	8333	60.0	60.0	29	1	1	2	954	1192	1825	2809	3992	4860	5433	5543	5390	5035	4713	4289	3885	3510	3212	2907	2836	2881	3144	3469	3773	4004	4005	3974	3768	3541	3310	3034	2776	2567	2398	2221	
193	8351	60.0	60.0	29	1	1	2	965	1233	1858	2814	3956	4862	5390	5484	5368	5047	4708	4292	3880	3555	3209	2928	2829	2861	3133	3492	3786	4052	4024	4000	3776	3567	3298	3012	2767	2583	2375	2250	
193	8368	59.9	60.0	29	1	1	2	951	1191	1849	2821	3960	4836	5377	5561	5375	5035	4697	4343	3901	3539	3210	2932	2854	2866	3098	3486	3820	4052	4047	3981	3798	3545	3298	2997	2791	2577	2422	2236	
193	8385	60.0	60.0	29	1	1	2	971	1214	1868	2812	3913	4844	5340	5534	5338	5056	4685	4327	3882	3513	3167	2931	2825	2863	3100	3449	3788	4001	4046	3965	3795	3542	3298	3014	2782	2569	2406	2262	
193	8402	60.0	60.0	29	1	1	2	973	1214	1858	2797	3912	4823	5361	5532	5375	5003	4748	4307	3898	3564	3196	2922	2830	2888	3130	3456	3804	3999	4060	3959	3756	3529	3304	3018	2780	2573	2433	2257	
193	8467	94.9	95.0	30	1	0	2	899	1030	1317	1809	2364	2825	3167	3302	3260	3103	2981	2790	2582	2417	2249	2146	2184	2246	2498	2786	3030	3204	3228	3204	3052	2896	2733	2535	2383	2224	2111	1957	
193	8547	60.0	60.0	30	1	1	2	955	1214	1833	2859	3966	4912	5459	5573	5451	5075	4747	4356	3902	3548	3200	2965	2850	2907	3138	3490	3820	4005	4078	3991	3822	3521	3296	3035	2790	2598	2402	2240	
193	8564	59.9	60.0	30	1	1	2	966	1193	1840	2867	3930	4878	5403	5572	5453	5126	4761	4346	3955	3516	3208	2951	2881	2907	3130	3490	3793	4010	4055	4037	3843	3574	3314	3051	2797	2587	2421	2235	
193	8581	60.0	60.0	30	1	1	2	961	1226	1848	2829	3950	4847	5478	5569	5442	5058	4741	4350	3880	3569	3182	2920	2851	2898	3129	3509	3822	4073	4063	3996	3815	3518	3326	3060	2784	2598	2406	2244	
193	8599	59.9	60.0	30	1	1	2	949	1221	1868	2851	3972	4900	5435	5569	5451	5038	4733	4322	3925	3560	3203	2957	2859	2876	3164	3511	3827	4040	4089	4025	3790	3537	3307	3047	2787	2582	2388	2217	
193	8616	59.9	60.0	30	1	1	2	968	1208	1825	2808	3957	4867	5414	5569	5403	4997	4749	4322	3869	3521	3223	2917	2832	2875	3139	3504	3827	4064	4057	3997	3802	3593	3291	3038	2769	2576	2421	2239	
193	8633	60.0	60.0	30	1	1	2	971	1225	1829	2835	3958	4904	5412	5581	5403	5050	4722	4330	3922	3541	3194	2932	2869	2861	3156	3468	3820	4052	4050	3986	3785	3577	3289	3039	2774	2591	2429	2232	
193	8650	59.9	60.0	30	1	1	2	961	1221	1857	2849	3971	4885	5381	5532	5443	5084	4697	4344	3880	3526	3214	2949	2829	2903	3111	3448	3827	4038	4035	3983	3790	3527	3297	3023	2784	2573	2408	2254	
193	8713	94.9	95.0	31	1	0	2	900	1015	1320	1841	2381	2849	3156	3264	3217	3127	2986	2804	2555	2412	2240	2153	2164	2277	2498	2780	3075	3199	3219	3200	3054	2873	2723	2544	2384	2223	2115	1963	
193	8793	60.0	60.0	31	1	1	2	959	1218	1886	2844	4020	4928	5439	5581	5464	5147	4739	4358	3921	3574	3243	2943	2847	2906	3160	3450	3832	4061	4036	3988	3827	3566	3299	3058	2762	2550	2416	2225	
193	8810	59.9	60.0	31	1	1	2	971	1224	1858	2847	4010	4939	5485	5603	5449	5136	4778	4370	3932	3587	3248	2996	2876	2915	3152	3486	3868	4023	4039	4000	3808	3559	3337	3055	2806	2577	2425	2208	
193	8827	60.0	60.0	31	1	1	2	966	1214	1849	2853	4006	4913	5474	5643	5476	5120	4772	4374	3935	3574	3259	2966	2868	2932	3123	3508	3813	4042	4055	4043	3819	3580	3336	3038	2790	2633	2431	2240	
193	8845	59.9	60.0	31	1	1	2	964	1215	1856	2828	3969	4920	5462	5565	5436	5068	4759	4350	3921	3585	3230	2972	2879	2910	3125	3494	3816	4042	4045	3978	3794	3581	3309	3005	2797	2570	2398	2223	
193	8862	60.0	60.0	31	1	1	2	960	1222	1849	2862	3994	4896	5441	5592	5435	5085	4777	4352	3933	3589	3209	2989	2867	2910	3140	3466	3774	4055	4024	4016	3806	3553	3298	3062	2769	2565	2402	2260	
193	8879	60.0	60.0	31	1	1	2	958	1239	1868	2853	3994	4891	5434	5575	5450	5138	4720	4343	3891	3579	3208	2958	2853	2899	3142	3474	3785	4046	3999	3950	3787	3556	3281	3037	2792	2589	2400	2246	
193	8896	60.0	60.0	31	1	1	2	966	1219	1869	2837	4012	4887	5433	5585	5412	5120	4774	4315	3910	3561	3231	2959	2852	2922	3155	3494	3833	4019	4038	4000	3791	3568	3305	3053	2783	2548	2404	2237	
193	8959	94.9	95.0	32	1	0	2	903	1008	1325	1799	2387	2868	3186	3304	3300	3157	3010	2787	2577	2417	2233	2183	2169	2271	2500	2799	3071	3223	3219	3199	3031	2872	2717	2537	2380	2194	2097	1974	
193	9039	60.0	60.1	32	1	1	2	950	1216	1860	2861	3970	4925	5467	5566	5439	5115	4754	4336	3972	3508	3248	2929	2821	2886	3152	3477	3828	4041	4065	3950	3806	3593	3306	3028	2768	2568	2413	2223	
193	9056	59.9	60.0	32	1	1	2	966	1231	1855	2872	4027	4932	5505	5648	5487	5135	4826	4372	3941	3580	3236	2969	2879	2912	3164	3499	3828	4040	4045	3974	3776	3586	3315	3044	2792	2573	2400	2250	
193	9074	60.0	60.0	32	1	1	2	952	1224	1881	2855	4026	4932	5497	5616	5453	5165	4748	4373	3935	3590	3244	2972	2874	2872	3132	3475	3793	4025	4024	3996	3770	3538	3274	3051	2797	2572	2386	2258	
193	9091	59.9	60.0	32	1	1	2	956	1205	1877	2867	4007	4925	5439	5602	5490	5135	4738	4406	3935	3583	3218	2965	2868	2910	3146	3475	3838	4038	4036	4065	3754	3528	3308	3038	2782	2567	2415	2267	
193	9108	60.0	60.0	32	1	1	2	959	1229	1881	2875	4001	4927	5494	5637	5457	5133	4775	4383	3931	3589	3235	2957	2842	2908	3138	3470	3838	4040	4066	4005	3817	3540	3316	3042	2777	2577	2413	2225	
193	9125	60.0	60.0	32	1	1	2	957	1226	1891	2832	4017	4897	5484	5602	5499	5122	4787	4353	3956	3590	3228	2941	2856	2876	3133	3497	3814	4018	4045	4022	3817	3557	3304	3070	2770	2576	2411	2249	
193	9143	60.0	60.0	32	1	1	2	956	1229	1890	2863	4033	4980	5475	5624	5507	5087	4800	4356	3949	3564	3255	2961	2864	2917	3183	3513	3825	4038	4066	4016	3784	3544	3282	3105	2776	2619	2377	2251	
193	9205	94.9	95.0	33	1	0	2	908	1022	1329	1845	2434	2863	3198	3348	3315	3169	3054	2852	2665	2425	2275	2215	2172	2286	2524	2818	3053	3244	3257	3184	3081	2901	2712	2527	2383	2209	2110	1972	
193	9285	60.0	60.0	33	1	1	2	969	1239	1887	2880	4064	5016	5559	5733	5571	5245	4831	4436	4008	3609	3259	3005	2915	2949	3147	3517	3837	4042	4071	4021	3808	3567	3301	3048	2801	2598	2443	2236	
193	9302	60.0	60.0	33	1	1	2	966	1219	1892	2870	4109	5022	5624	5714	5585	5222	4879	4454	4036	3628	3266	2979	2900	2956	3190	3547	3869	4051	4049	4043	3836	3537	3317	3054	2825	2580	2411	2258	
193	9320	60.0	60.0	33	1	1	2	953	1228	1880	2876	4050	5022	5552	5688	5532	5170	4851	4425	4021	3632	3271	3001	2870	2934	3157	3504	3844	4041	4059	4044	3799	3548	3307	3032	2792	2590	2424	2256	
193	9337	60.0	60.0	33	1	1	2	995	1220	1902	2894	4047	5012	5544	5730	5536	5255	4892	4412	4014	3604	3269	3022	2856	2940	3197	3509	3852	4075	4076	3972	3796	3570	3320	3040	2803	2599	2404	2237	
193	9354	59.9	60.0	33	1	1	2	971	1221	1906	2902	4087	5015	5584	5680	5582	5191	4873	4450	3976	3640	3300	3006	2896	2949	3213	3495	3866	4043	4075	3999	3797	3535	3327	3015	2794	2575	2409	2239	
193	9371	60.0	60.0	33	1	1	2	904	1222	1869	2870	4069	5003	5568	5694	5583	5203	4823	4405	3973	3632	3289	2999	2927	2930	3183	3474	3830	4001	4049	3985	3776	3516	3279	3021	2787	2595	2389	2234	
193	9389	59.9	60.0	33	1	1	2	983	1229	1896	2892	4085	5012	5570	5710	5543	5239	4835	4409	3993	3619	3258	3028	2893	2932	3168	3468	3864	4062	4082	3963	3806	3562	3308	3050	2794	2590	2409	2252	
193	9451	94.9	95.0	34	1	0	2	904	1040	1336	1842	2479	2950	3242	3383	3388	3220	3079	2893	2665	2460	2339	2204	2216	2332	2560	2808	3086	3239	3240	3215	3065	2898	2715	2532	2365	2247	2073	2009	
193	9531	60.0	60.0	34	1	1	2	960	1232	1913	2952	4161	5117	5741	5858	5689	5374	5013	4556	4090	3734	3360	3066	2936	3002	3232	3528	3878	4083	4066	4011	3792	3549	3300	3073	2781	2607	2448	2241	
193	9548	59.9	60.0	34	1	1	2	971	1262	1915	2990	4247	5151	5739	5871	5739	5395	5015	4571	4098	3719	3335	3104	2979	2999	3238	3554	3883	4128	4113	4045	3814	3594	3300	3075	2806	2591	2428	2269	
193	9566	59.9	60.0	34	1	1	2	978	1250	1939	2970	4196	5134	5760	5889	5762	5388	4978	4586	4121	3740	3342	3087	2954	2983	3196	3524	3846	4087	4095	3982	3823	3589	3326	3076	2822	2587	2409	2255	
193	9583	60.0	60.0	34	1	1	2	978	1247	1925	2962	4196	5180	5721	5886	5734	5393	4963	4571	4124	3703	3340	3076	2945	2980	3213	3526	3867	4064	4069	4017	3822	3580	3312	3026	2816	2623	2425	2276	
193	9600	60.0	60.0	34	1	1	2	979	1257	1928	2960	4160	5159	5725	5862	5724	5366	5026	4592	4105	3732	3384	3062	2963	2993	3218	3556	3880	4067	4110	4031	3844	3556	3344	3059	2812	2613	2427	2276	
193	9617	60.0	60.0	34	1	1	2	977	1248	1935	2963	4191	5152	5750	5888	5737	5369	4995	4584	4097	3707	3349	3082	2988	2971	3264	3514	3873	4074	4097	4025	3776	3583	3340	3044	2791	2596	2429	2256	
193	9635	60.0	60.0	34	1	1	2	976	1235	1936	2961	4207	5191	5739	5913	5747	5369	4988	4563	4128	3701	3357	3058	2928	2994	3228	3546	3868	4055	4118	4014	3812	3582	3304	3069	2798	2586	2409	2287	
193	9699	94.9	95.0	35	1	0	2	904	1057	1380	1905	2532	3054	3404	3523	3511	3390	3205	2982	2748	2554	2387	2267	2247	2348	2572	2894	3123	3276	3277	3224	3102	2955	2757	2586	2366	2234	2125	1963	
193	9779	60.0	60.0	35	1	1	2	983	1268	1969	3093	4379	5414	6046	6168	5960	5628	5208	4794	4290	3915	3520	3205	3048	3073	3312	3579	3953	4161	4137	4065	3878	3645	3360	3075	2857	2616	2436	2309	
193	9797	59.9	60.0	35	1	1	2	980	1269	1982	3097	4396	5444	6006	6159	6030	5626	5248	4826	4343	3896	3501	3195	3068	3042	3298	3653	3920	4174	4156	4077	3884	3596	3353	3075	2821	2603	2436	2287	
193	9814	60.0	60.0	35	1	1	2	995	1269	2002	3107	4392	5421	6039	6218	6061	5658	5280	4825	4316	3933	3572	3213	3060	3090	3285	3644	3925	4167	4159	4083	3901	3647	3357	3111	2850	2604	2463	2302	
193	9831	59.9	60.0	35	1	1	2	993	1267	1991	3071	4383	5431	6036	6177	6043	5653	5277	4755	4272	3905	3496	3209	3052	3100	3310	3592	3975	4153	4144	4056	3876	3617	3361	3060	2806	2649	2440	2276	
193	9848	60.0	60.0	35	1	1	2	977	1289	2008	3102	4412	5407	5988	6170	6034	5642	5223	4792	4291	3884	3507	3181	3047	3081	3322	3568	3934	4159	4163	4088	3849	3653	3361	3137	2815	2609	2441	2279	
193	9866	60.0	60.0	35	1	1	2	983	1285	2011	3078	4343	5395	6065	6222	6019	5666	5267	4752	4285	3918	3525	3202	3064	3081	3297	3627	3939	4165	4177	4070	3847	3633	3360	3081	2835	2609	2439	2293	
193	9883	60.0	60.0	35	1	1	2	988	1272	1981	3118	4375	5405	6084	6198	5996	5641	5196	4762	4266	3908	3541	3173	3050	3078	3292	3607	3895	4106	4130	4077	3864	3636	3373	3082	2846	2617	2430	2268	
193	9945	94.9	95.0	36	1	0	2	898	1064	1443	2005	2688	3263	3612	3774	3755	3560	3393	3140	2929	2677	2482	2344	2362	2407	2663	2939	3184	3315	3396	3252	3147	2987	2803	2598	2403	2259	2117	2011	
193	10025	60.0	60.1	36	1	1	2	980	1291	2065	3291	4674	5758	6453	6617	6433	6040	5597	5109	4560	4135	3727	3332	3200	3211	3409	3732	4010	4232	4220	4113	3898	3625	3397	3118	2859	2653	2481	2276	
193	10043	59.9	60.0	36	1	1	2	993	1300	2076	3268	4653	5793	6456	6599	6470	6044	5600	5109	4604	4137	3705	3380	3236	3208	3398	3668	4033	4229	4188	4130	3906	3659	3392	3114	2889	2626	2497	2276	
193	10060	59.9	60.0	36	1	1	2	986	1312	2074	3290	4669	5759	6399	6656	6430	6046	5604	5124	4569	4113	3691	3385	3205	3214	3383	3724	3993	4223	4208	4175	3907	3664	3405	3127	2874	2647	2482	2294	
193	10077	60.0	60.0	36	1	1	2	999	1323	2068	3260	4652	5818	6469	6633	6421	6050	5615	5141	4586	4105	3708	3371	3202	3205	3430	3723	4037	4208	4173	4099	3941	3646	3361	3205	2882	2649	2463	2277	
193	10094	59.9	60.0	36	1	1	2	992	1306	2086	3266	4644	5776	6479	6691	6476	6046	5580	5120	4619	4155	3672	3402	3191	3198	3427	3727	4017	4219	4170	4129	3895	3666	3413	3136	2867	2626	2461	2358	
193	10112	60.0	60.0	36	1	1	2	998	1332	2057	3285	4656	5769	6495	6635	6468	6043	5632	5134	4601	4158	3694	3390	3224	3221	3407	3680	4032	4194	4189	4135	3906	3674	3400	3138	2862	2632	2461	2318	
193	10129	59.9	60.0	36	1	1	2	1000	1294	2099	3289	4682	5804	6494	6588	6467	6052	5640	5111	4578	4150	3739	3385	3199	3197	3412	3661	4011	4206	4214	4113	3868	3647	3400	3148	2848	2647	2508	2279	
193	10193	94.9	95.0	37	1	0	2	913	1081	1500	2128	2907	3492	3910	4123	4036	3862	3683	3394	3145	2873	2669	2485	2443	2533	2737	3014	3234	3388	3391	3355	3158	3010	2822	2629	2458	2285	2151	2036	
193	10274	60.0	60.1	37	1	1	2	1013	1331	2201	3452	5040	6234	7073	7216	7049	6530	6065	5540	4927	4458	4013	3602	3381	3393	3526	3861	4095	4314	4298	4207	3992	3771	3460	3160	2904	2672	2458	2329	
193	10291	59.9	60.0	37	1	1	2	1000	1356	2217	3492	5081	6340	7071	7284	7103	6626	6141	5548	4962	4471	4017	3626	3440	3349	3595	3842	4192	4334	4346	4194	4001	3769	3498	3159	2895	2679	2526	2347	
193	10308	60.0	60.0	37	1	1	2	1007	1354	2195	3530	5022	6288	7102	7217	6998	6563	6100	5557	4960	4418	3987	3599	3409	3375	3562	3829	4116	4345	4280	4238	3961	3718	3444	3151	2922	2670	2526	2358	
193	10325	60.0	60.0	37	1	1	2	1004	1349	2221	3501	5042	6289	7043	7257	7094	6581	6081	5588	4957	4507	4010	3588	3401	3366	3556	3854	4129	4313	4317	4191	3960	3735	3465	3181	2923	2688	2513	2350	
193	10343	59.9	60.0	37	1	1	2	973	1348	2205	3515	5091	6309	7103	7293	7053	6643	6150	5546	5012	4505	4031	3593	3431	3375	3530	3867	4160	4320	4296	4198	4024	3729	3445	3178	2914	2685	2488	2325	
193	10360	60.0	60.0	37	1	1	2	1010	1332	2195	3548	5082	6336	7121	7256	7053	6627	6104	5591	4974	4476	4041	3630	3426	3385	3587	3836	4140	4349	4307	4228	4038	3730	3469	3187	2937	2677	2527	2317	
193	10377	60.0	60.0	37	1	1	2	1027	1361	2217	3552	5109	6275	7083	7285	7068	6654	6138	5596	4983	4486	4026	3631	3417	3375	3583	3880	4157	4316	4288	4202	3988	3756	3428	3190	2924	2700	2540	2301	
193	10440	94.9	95.0	38	1	0	2	924	1120	1594	2271	3118	3835	4315	4538	4490	4272	4038	3741	3439	3149	2862	2684	2594	2646	2862	3086	3337	3483	3441	3373	3209	3060	2850	2687	2476	2323	2181	2039	
193	10520	60.0	60.0	38	1	1	2	1035	1405	2313	3767	5524	6859	7714	7930	7714	7207	6627	6063	5415	4858	4334	3876	3642	3556	3741	3995	4232	4450	4401	4327	4089	3790	3538	3250	2952	2743	2548	2365	
193	10537	59.9	60.0	38	1	1	2	1019	1390	2333	3777	5489	6920	7735	7984	7763	7255	6679	6061	5444	4896	4343	3897	3648	3568	3746	4035	4294	4477	4415	4308	4085	3830	3530	3213	2973	2737	2516	2361	
193	10554	59.9	60.0	38	1	1	2	1028	1426	2331	3801	5528	6962	7764	8016	7729	7258	6724	6073	5466	4884	4368	3902	3666	3585	3713	3987	4285	4409	4421	4322	4095	3807	3534	3250	2984	2743	2583	2364	
193	10571	59.9	60.0	38	1	1	2	1018	1406	2340	3801	5512	6952	7750	7966	7743	7235	6728	6098	5481	4869	4366	3898	3666	3643	3738	3995	4334	4475	4427	4296	4063	3805	3589	3247	2958	2747	2526	2333	
193	10589	60.0	60.0	38	1	1	2	1030	1428	2352	3797	5492	6929	7778	7995	7766	7242	6720	6130	5430	4906	4345	3923	3640	3611	3726	4011	4300	4471	4419	4322	4056	3814	3539	3245	2946	2732	2566	2363	
193	10606	60.0	60.0	38	1	1	2	1029	1393	2364	3786	5506	6848	7770	7952	7699	7252	6717	6094	5465	4851	4324	3914	3648	3607	3666	3965	4287	4423	4444	4288	4131	3811	3561	3224	3006	2714	2541	2351	
193	10623	60.0	60.0	38	1	1	2	1029	1384	2344	3824	5579	6905	7790	7962	7783	7304	6721	6105	5463	4877	4370	3900	3665	3583	3743	4021	4301	4463	4407	4333	4074	3825	3548	3232	2986	2764	2556	2360	
193	10686	94.9	95.1	39	1	0	2	926	1144	1684	2447	3445	4260	4835	5022	5013	4731	4465	4121	3723	3404	3125	2885	2820	2842	2963	3233	3464	3587	3516	3456	3282	3099	2915	2715	2538	2360	2232	2071	
193	10766	60.0	60.1	39	1	1	2	1048	1445	2472	4090	5951	7437	8391	8607	8357	7840	7229	6532	5839	5220	4630	4137	3908	3747	3879	4136	4419	4570	4474	4384	4188	3896	3646	3319	3027	2816	2589	2414	
193	10783	59.9	60.0	39	1	1	2	1038	1438	2495	4088	5967	7497	8442	8695	8455	7838	7309	6618	5898	5268	4682	4165	3901	3767	3930	4191	4437	4558	4486	4412	4142	3908	3623	3315	3019	2786	2583	2399	
193	10800	59.9	60.0	39	1	1	2	1033	1443	2495	4081	5968	7468	8417	8651	8404	7849	7306	6604	5881	5229	4681	4156	3873	3763	3884	4163	4389	4576	4485	4413	4165	3909	3635	3280	2995	2791	2582	2397	
193	10817	60.0	60.0	39	1	1	2	1036	1459	2469	4103	6017	7513	8472	8716	8454	7887	7313	6602	5844	5262	4693	4204	3906	3785	3933	4160	4462	4563	4504	4419	4185	3881	3604	3311	3040	2787	2538	2372	
193	10835	60.0	60.0	39	1	1	2	1030	1459	2478	4083	5958	7524	8483	8735	8483	7941	7276	6592	5890	5242	4705	4165	3886	3794	3932	4182	4420	4580	4497	4422	4201	3859	3650	3325	3015	2782	2596	2368	
193	10852	60.0	60.0	39	1	1	2	1039	1452	2496	4070	5974	7471	8422	8696	8488	7912	7249	6608	5883	5256	4686	4195	3891	3760	3879	4151	4423	4553	4532	4396	4171	3877	3545	3297	3005	2785	2576	2397	
193	10869	60.0	60.0	39	1	1	2	1041	1473	2493	4078	5976	7493	8383	8714	8519	7858	7302	6606	5904	5302	4690	4190	3928	3777	3932	4165	4434	4567	4487	4434	4158	3848	3578	3291	3016	2785	2624	2385	
193	10934	94.8	95.0	40	1	0	2	959	1190	1751	2682	3753	4688	5316	5524	5477	5213	4897	4515	4114	3740	3420	3090	2980	2952	3135	3320	3516	3649	3626	3530	3351	3105	2995	2777	2536	2412	2230	2112	
193	11014	60.0	60.0	40	1	1	2	1051	1491	2557	4316	6310	8009	9024	9282	9072	8438	7786	7055	6269	5612	4975	4407	4094	3946	4050	4306	4529	4677	4638	4474	4261	3969	3683	3310	3088	2828	2643	2443	
193	11031	59.9	60.0	40	1	1	2	1056	1493	2614	4358	6355	8040	9071	9345	9117	8540	7826	7053	6349	5604	4982	4441	4130	3990	4091	4308	4566	4664	4626	4524	4265	3958	3656	3381	3060	2820	2653	2430	
193	11048	59.9	60.0	40	1	1	2	1051	1489	2631	4352	6397	8018	9040	9306	9117	8473	7822	7049	6289	5573	4969	4416	4128	3983	4079	4301	4543	4716	4627	4489	4241	3948	3682	3344	3078	2832	2651	2446	
193	11066	60.0	60.0	40	1	1	2	1062	1503	2626	4348	6404	8066	9079	9352	9134	8547	7840	7088	6266	5608	5034	4437	4099	3963	4079	4328	4527	4671	4609	4489	4260	3961	3656	3364	3039	2833	2640	2448	
193	11083	59.9	60.0	40	1	1	2	1068	1490	2614	4379	6457	8079	9129	9387	9132	8524	7893	7109	6311	5618	5023	4445	4135	4014	4084	4315	4581	4764	4629	4494	4236	3956	3668	3388	3098	2833	2633	2438	
193	11100	60.0	60.0	40	1	1	2	1043	1507	2639	4334	6459	8080	9152	9383	9131	8510	7874	7136	6290	5597	4989	4413	4089	3972	4123	4302	4546	4680	4633	4497	4247	3966	3657	3366	3085	2830	2632	2419	
193	11117	59.9	60.0	40	1	1	2	1054	1497	2621	4380	6427	8083	9115	9427	9125	8467	7827	7106	6350	5639	5012	4420	4145	3972	4077	4293	4526	4737	4575	4510	4262	3979	3656	3369	3071	2819	2645	2443	
193	11182	94.9	95.0	41	1	0	2	957	1222	1857	2835	4022	5091	5776	6003	6000	5680	5334	4854	4416	4010	3603	3329	3196	3175	3262	3471	3672	3751	3715	3635	3413	3292	3035	2812	2632	2452	2291	2139	
193	11262	60.0	60.0	41	1	1	2	1055	1545	2710	4578	6810	8584	9623	9896	9664	8978	8280	7485	6656	5938	5223	4666	4308	4132	4217	4433	4684	4781	4697	4593	4319	4022	3718	3413	3132	2855	2670	2512	
193	11279	59.9	60.0	41	1	1	2	1053	1530	2719	4568	6760	8574	9629	9902	9661	8992	8289	7539	6638	5942	5229	4645	4262	4131	4246	4449	4661	4826	4673	4568	4321	4000	3692	3423	3130	2892	2652	2483	
193	11296	60.0	60.0	41	1	1	2	1059	1528	2750	4581	6793	8582	9673	9980	9669	8961	8328	7536	6687	5945	5261	4678	4307	4144	4256	4446	4665	4787	4696	4575	4293	4038	3689	3420	3119	2879	2630	2446	
193	11314	59.9	60.0	41	1	1	2	1069	1533	2726	4574	6786	8626	9590	9923	9664	9030	8331	7551	6725	5968	5250	4648	4302	4130	4222	4447	4687	4768	4692	4562	4309	4032	3736	3436	3108	2883	2681	2466	
193	11331	60.0	60.0	41	1	1	2	1067	1536	2747	4564	6798	8585	9657	9972	9669	8981	8270	7541	6648	5938	5239	4655	4302	4163	4192	4406	4654	4751	4693	4572	4320	3986	3728	3412	3120	2861	2670	2454	
193	11348	60.0	60.0	41	1	1	2	1052	1537	2724	4588	6750	8614	9665	9984	9727	9024	8290	7537	6699	5956	5213	4662	4338	4155	4210	4421	4678	4758	4719	4538	4271	3998	3705	3405	3107	2879	2657	2466	
193	11365	60.0	60.0	41	1	1	2	1056	1539	2756	4623	6771	8612	9713	9967	9687	9033	8368	7580	6679	5951	5264	4652	4321	4164	4263	4396	4681	4764	4695	4609	4291	4055	3699	3429	3103	2877	2643	2450	
193	11428	94.9	95.0	42	1	0	2	980	1249	1960	3036	4341	5395	6179	6407	6363	6049	5717	5153	4714	4263	3828	3469	3323	3251	3378	3554	3721	3867	3777	3693	3487	3264	3115	2845	2630	2480	2330	2132	
193	11508	60.0	60.0	42	1	1	2	1076	1571	2805	4762	7052	8922	10091	10430	10128	9376	8721	7823	6965	6193	5498	4881	4483	4288	4315	4567	4752	4890	4782	4673	4363	4055	3754	3459	3152	2904	2707	2485	
193	11525	60.0	60.0	42	1	1	2	1088	1576	2826	4755	7081	8962	10144	10436	10210	9430	8686	7884	7007	6188	5530	4851	4492	4261	4321	4525	4770	4868	4780	4613	4365	4083	3785	3457	3160	2892	2735	2482	
193	11543	60.0	60.0	42	1	1	2	1074	1602	2857	4803	7127	8980	10166	10378	10193	9484	8760	7902	7041	6234	5507	4837	4498	4272	4346	4508	4782	4930	4784	4639	4385	4109	3781	3456	3182	2877	2716	2499	
193	11560	59.9	60.0	42	1	1	2	1068	1565	2834	4771	7130	8937	10104	10400	10160	9490	8695	7856	6970	6225	5469	4865	4485	4292	4341	4534	4725	4866	4769	4620	4386	4083	3797	3433	3152	2916	2672	2487	
193	11577	59.9	60.0	42	1	1	2	1071	1578	2807	4824	7059	8935	10148	10420	10186	9432	8757	7892	6973	6275	5508	4804	4489	4283	4316	4503	4767	4857	4750	4616	4375	4103	3775	3473	3131	2932	2665	2461	
193	11594	60.0	60.0	42	1	1	2	1068	1587	2828	4802	7047	9000	10115	10425	10140	9423	8682	7885	6975	6197	5503	4816	4477	4239	4340	4537	4788	4867	4773	4668	4368	4125	3746	3448	3193	2896	2693	2503	
193	11612	60.0	60.0	42	1	1	2	1060	1537	2848	4773	7051	8926	10039	10446	10114	9398	8686	7834	6932	6171	5524	4830	4494	4255	4329	4508	4718	4860	4822	4620	4324	4084	3769	3462	3163	2902	2664	2494	
193	11674	94.8	95.0	43	1	0	2	968	1261	1991	3162	4566	5704	6458	6781	6732	6361	5928	5475	4929	4434	3992	3617	3429	3345	3481	3647	3850	3873	3838	3676	3536	3308	3118	2898	2706	2502	2330	2171	
193	11753	59.9	60.1	43	1	1	2	1076	1576	2889	4869	7316	9252	10413	10818	10437	9754	8969	8134	7223	6383	5668	4933	4598	4382	4421	4581	4841	4922	4816	4685	4424	4096	3781	3516	3181	2929	2700	2488	
193	11770	59.9	60.0	43	1	1	2	1100	1606	2898	4918	7357	9307	10529	10833	10543	9729	8998	8158	7231	6392	5716	5023	4620	4384	4441	4660	4858	4903	4801	4703	4411	4142	3804	3496	3194	2958	2752	2516	
193	11788	59.9	60.0	43	1	1	2	1080	1587	2909	4918	7372	9273	10486	10836	10491	9763	8962	8132	7195	6404	5670	4979	4591	4392	4421	4587	4829	4943	4779	4677	4421	4099	3787	3480	3192	2943	2732	2529	
193	11805	59.9	60.0	43	1	1	2	1078	1584	2921	4971	7389	9278	10502	10814	10477	9834	9017	8208	7188	6412	5721	4996	4614	4387	4444	4614	4820	4929	4824	4689	4422	4089	3783	3515	3206	2927	2701	2504	
193	11822	59.9	60.0	43	1	1	2	1076	1609	2904	4983	7351	9306	10488	10867	10534	9831	9036	8167	7243	6433	5658	4988	4608	4393	4432	4626	4831	4943	4814	4702	4461	4128	3844	3500	3207	2912	2738	2507	
193	11839	59.9	60.0	43	1	1	2	1085	1600	2901	4987	7356	9283	10539	10904	10499	9787	9049	8176	7274	6402	5662	5008	4618	4373	4444	4612	4859	4952	4818	4697	4391	4134	3822	3490	3201	2955	2750	2491	
193	11857	60.0	60.0	43	1	1	2	1078	1600	2942	4955	7366	9301	10537	10755	10556	9773	9020	8168	7190	6420	5653	4990	4573	4382	4433	4628	4835	4965	4808	4686	4408	4096	3800	3493	3187	2915	2705	2499	
193	11919	94.9	95.0	44	1	0	2	991	1274	2045	3252	4692	5891	6695	7021	6997	6632	6225	5708	5102	4564	4119	3743	3534	3461	3534	3703	3878	3963	3862	3784	3546	3375	3160	2942	2724	2532	2381	2175	
193	11999	59.9	60.1	44	1	1	2	1081	1631	2966	5029	7515	9550	10748	11117	10792	10137	9320	8417	7462	6626	5814	5119	4709	4481	4537	4693	4868	5017	4878	4748	4472	4149	3849	3512	3215	2980	2735	2531	
193	12016	60.0	60.0	44	1	1	2	1119	1628	2986	5064	7541	9586	10858	11139	10872	10114	9353	8399	7411	6651	5813	5145	4716	4479	4525	4682	4917	5004	4912	4751	4469	4204	3839	3533	3231	2955	2745	2545	
193	12034	60.0	60.0	44	1	1	2	1089	1623	2944	5076	7529	9534	10818	11167	10879	10108	9321	8410	7495	6585	5825	5122	4725	4511	4553	4715	4902	5010	4939	4767	4456	4160	3865	3505	3212	2952	2733	2515	
193	12051	59.9	60.0	44	1	1	2	1089	1617	2992	5085	7544	9567	10778	11168	10864	10166	9360	8378	7414	6623	5840	5183	4734	4491	4526	4720	4950	5008	4891	4736	4447	4184	3887	3557	3208	2967	2760	2536	
193	12068	60.0	60.0	44	1	1	2	1089	1633	3008	5085	7564	9549	10830	11110	10840	10135	9338	8389	7464	6614	5827	5130	4738	4525	4572	4689	4913	4995	4901	4754	4439	4163	3870	3528	3232	2976	2761	2527	
193	12085	60.0	60.0	44	1	1	2	1088	1632	2967	5078	7590	9597	10820	11163	10893	10116	9326	8407	7438	6620	5845	5158	4746	4486	4535	4735	4867	4983	4884	4761	4475	4156	3853	3547	3197	2939	2748	2537	
193	12103	60.0	60.0	44	1	1	2	1080	1602	2980	5079	7547	9535	10850	11205	10853	10060	9343	8409	7438	6654	5827	5106	4720	4453	4505	4693	4948	5015	4951	4794	4423	4165	3846	3516	3226	2959	2754	2504	
193	12167	94.9	95.1	45	1	0	2	982	1302	2075	3336	4804	6094	6952	7248	7161	6763	6388	5839	5227	4732	4247	3844	3617	3491	3619	3732	3960	3974	3957	3768	3580	3394	3165	2931	2733	2526	2370	2197	
193	12247	60.0	60.1	45	1	1	2	1085	1624	3028	5130	7675	9778	11101	11326	11071	10257	9489	8546	7621	6729	5921	5198	4750	4538	4580	4727	4980	5012	4909	4740	4459	4188	3859	3543	3224	2957	2768	2539	
193	12265	60.0	60.0	45	1	1	2	1091	1635	3015	5162	7680	9798	11024	11365	11086	10332	9431	8524	7562	6745	5899	5227	4792	4552	4623	4754	4914	5045	4947	4817	4485	4160	3854	3548	3242	2985	2784	2553	
193	12282	60.0	60.0	45	1	1	2	1092	1630	2998	5174	7690	9725	11065	11435	11029	10237	9445	8562	7603	6740	5953	5215	4795	4516	4554	4745	4911	4980	4906	4754	4427	4170	3878	3546	3239	2950	2732	2541	
193	12299	59.9	60.0	45	1	1	2	1093	1647	3034	5174	7707	9771	11079	11384	11066	10299	9503	8529	7555	6758	5961	5223	4818	4558	4580	4756	4922	5078	4938	4805	4476	4145	3876	3506	3233	2981	2765	2540	
193	12316	59.9	60.0	45	1	1	2	1099	1634	3041	5138	7709	9785	11058	11333	11013	10210	9477	8502	7593	6676	5918	5218	4786	4551	4567	4750	4959	5027	4893	4719	4463	4174	3892	3479	3250	2951	2735	2533	
193	12334	59.9	60.0	45	1	1	2	1109	1636	3012	5116	7709	9809	10992	11305	11028	10234	9429	8521	7525	6734	5936	5186	4783	4535	4548	4722	4922	5002	4872	4750	4460	4155	3866	3507	3230	2940	2721	2531	
193	12351	60.0	60.0	45	1	1	2	1093	1625	3015	5150	7672	9691	10942	11358	10978	10224	9480	8503	7581	6704	5885	5199	4782	4540	4536	4717	4920	5024	4929	4727	4491	4147	3842	3544	3235	2966	2760	2555	
