Well	Time (1/2 s)	Block Temp	Sample Temp	Repetition	PCR Stage	Extension	Scale	B1	B2	B3	B4	B5	B6	B7	B8	B9	B10	B11	B12	B13	B14	B15	B16	B17	B18	B19	B20	B21	B22	B23	B24	B25	B26	B27	B28	B29	B30	B31	B32
61	101	95.5	94.8	1	0	0	2	894	1046	1364	1812	2354	2807	3074	3214	3186	3059	2904	2704	2489	2322	2170	2084	2080	2185	2404	2648	2869	3066	3112	3059	2967	2819	2681	2461	2316	2150	2027	1955	
61	119	95.0	95.0	1	0	0	2	886	1027	1346	1789	2296	2725	3015	3128	3106	2972	2825	2636	2482	2278	2145	2040	2042	2145	2345	2594	2835	3008	3073	3038	2885	2801	2610	2429	2285	2149	2016	1908	
61	136	95.0	95.0	1	0	0	2	886	1023	1354	1776	2279	2747	3019	3105	3086	2950	2835	2656	2445	2254	2139	2036	2048	2152	2347	2567	2844	3024	3103	3034	2893	2819	2605	2448	2282	2157	2021	1910	
61	153	95.0	95.0	1	0	0	2	898	1033	1344	1796	2313	2729	3026	3109	3092	2984	2854	2613	2458	2277	2150	2048	2031	2155	2318	2626	2827	3012	3069	3044	2916	2789	2612	2432	2291	2138	2048	1923	
61	170	95.0	95.0	1	0	0	2	891	1040	1350	1767	2292	2752	3019	3091	3128	2981	2839	2648	2438	2261	2144	2053	2044	2160	2364	2608	2830	3026	3036	3062	2893	2797	2613	2471	2304	2127	2049	1901	
61	188	95.0	95.0	1	0	0	2	888	1029	1350	1787	2299	2747	3016	3117	3126	2988	2858	2613	2447	2248	2148	2054	2034	2170	2369	2605	2859	3024	3091	3056	2909	2790	2609	2443	2276	2141	2024	1911	
61	205	94.9	95.0	1	0	0	2	889	1028	1338	1771	2282	2746	3026	3138	3089	2981	2837	2650	2458	2277	2143	2047	2037	2160	2332	2615	2849	3007	3075	3043	2928	2827	2603	2468	2260	2140	2024	1919	
61	222	95.0	95.0	1	0	0	2	896	1026	1337	1762	2304	2745	3002	3143	3099	2984	2843	2625	2479	2253	2143	2068	2061	2163	2361	2617	2856	3036	3060	3038	2950	2799	2601	2447	2283	2162	2031	1905	
61	239	95.0	95.0	1	0	0	2	888	1032	1328	1780	2306	2787	3016	3109	3133	2985	2859	2618	2441	2291	2159	2065	2049	2148	2371	2612	2861	3020	3098	3024	2922	2812	2621	2471	2263	2155	2044	1893	
61	257	94.9	95.0	1	0	0	2	895	1023	1336	1794	2312	2772	3042	3115	3065	2992	2826	2645	2455	2275	2153	2045	2033	2143	2340	2602	2861	3017	3082	3039	2917	2821	2620	2480	2309	2169	2044	1926	
61	274	95.0	95.0	1	0	0	2	898	1019	1338	1768	2308	2748	3034	3102	3109	2993	2856	2646	2460	2281	2137	2054	2068	2163	2371	2615	2874	2998	3123	3046	2938	2796	2579	2464	2278	2173	2019	1929	
61	291	95.0	95.0	1	0	0	2	885	1033	1336	1764	2308	2751	3040	3110	3126	3012	2838	2653	2477	2273	2164	2070	2074	2156	2361	2609	2836	3003	3080	3053	2945	2827	2631	2437	2308	2145	2031	1914	
61	308	95.0	95.0	1	0	0	2	883	1046	1321	1783	2333	2764	3051	3135	3123	3003	2827	2656	2487	2280	2142	2072	2054	2188	2388	2630	2861	3035	3096	3040	2923	2792	2647	2486	2282	2159	2038	1904	
61	326	95.0	95.0	1	0	0	2	886	1030	1362	1796	2307	2729	3034	3164	3133	2992	2865	2651	2488	2289	2134	2056	2071	2159	2376	2633	2864	3047	3092	3042	2930	2817	2623	2491	2316	2187	2052	1922	
61	343	95.0	95.0	1	0	0	2	884	1037	1335	1800	2327	2768	3024	3153	3108	2997	2865	2685	2481	2290	2130	2078	2042	2159	2397	2621	2905	3041	3088	3070	2946	2824	2627	2465	2380	2178	2016	1907	
61	360	95.0	95.0	1	0	0	2	905	1034	1374	1795	2315	2750	3037	3122	3098	3004	2868	2656	2478	2294	2129	2049	2047	2174	2346	2631	2864	3066	3113	3047	2944	2831	2654	2460	2323	2163	2040	1924	
61	377	95.0	95.0	1	0	0	2	880	1008	1345	1785	2330	2781	3060	3147	3129	3009	2869	2664	2476	2303	2162	2066	2040	2179	2374	2613	2892	3063	3109	3046	2934	2848	2600	2478	2328	2175	2022	1932	
61	395	95.0	95.0	1	0	0	2	897	1031	1352	1793	2314	2775	3034	3154	3149	2989	2837	2671	2453	2263	2167	2084	2053	2170	2390	2646	2894	3054	3124	3085	2953	2801	2645	2467	2318	2140	2058	1924	
61	412	95.0	95.0	1	0	0	2	893	1050	1333	1784	2312	2774	3029	3163	3148	3001	2872	2671	2478	2303	2141	2063	2055	2160	2384	2620	2866	3036	3122	3085	2905	2830	2655	2462	2292	2153	2022	1937	
61	429	95.0	95.0	1	0	0	2	902	1028	1359	1778	2304	2778	3034	3147	3116	3031	2890	2666	2483	2293	2183	2054	2064	2169	2388	2628	2863	3067	3106	3065	2933	2832	2659	2487	2333	2177	2038	1904	
61	446	94.9	95.0	1	0	0	2	884	1024	1336	1812	2352	2781	3024	3171	3208	3003	2882	2654	2477	2306	2152	2070	2090	2164	2365	2664	2842	3043	3122	3073	2981	2791	2633	2468	2316	2170	2022	1892	
61	464	94.9	95.0	1	0	0	2	897	1030	1354	1804	2338	2785	3016	3135	3171	3044	2841	2679	2511	2291	2164	2077	2054	2176	2418	2664	2877	3067	3098	3055	2967	2812	2617	2480	2290	2161	2073	1936	
61	481	95.0	95.0	1	0	0	2	890	1042	1345	1801	2318	2767	3029	3176	3123	3043	2894	2661	2508	2291	2150	2057	2055	2183	2372	2649	2870	3080	3100	3084	2962	2835	2626	2474	2319	2178	2052	1958	
61	498	94.9	95.0	1	0	0	2	891	1046	1357	1805	2317	2789	3046	3174	3149	3042	2882	2670	2488	2287	2171	2066	2060	2176	2388	2626	2859	3065	3116	3053	2976	2824	2618	2460	2298	2198	2037	1939	
61	515	94.9	95.0	1	0	0	2	900	1041	1344	1791	2326	2770	3050	3195	3115	3024	2877	2677	2485	2301	2163	2072	2064	2173	2386	2612	2884	3044	3112	3037	2947	2851	2633	2481	2291	2168	2035	1942	
61	533	94.9	95.0	1	0	0	2	888	1032	1350	1807	2353	2775	3040	3158	3152	3022	2871	2683	2473	2282	2164	2088	2067	2160	2390	2629	2873	3081	3108	3058	2956	2852	2640	2488	2301	2167	2045	1944	
61	550	94.9	95.0	1	0	0	2	887	1048	1336	1806	2325	2750	3071	3186	3146	3032	2910	2660	2492	2281	2152	2074	2071	2182	2384	2633	2889	3032	3126	3066	2936	2830	2647	2493	2329	2158	2051	1947	
61	567	95.0	95.0	1	0	0	2	892	1042	1336	1804	2312	2809	3081	3154	3132	3032	2904	2642	2508	2282	2166	2071	2062	2176	2397	2637	2894	3074	3117	3073	2941	2820	2641	2517	2322	2178	2027	1919	
61	584	94.9	95.0	1	0	0	2	885	1029	1347	1825	2346	2780	3054	3160	3162	3015	2860	2667	2493	2304	2161	2090	2067	2181	2422	2641	2870	3069	3099	3105	2968	2794	2615	2484	2305	2172	2035	1886	
61	602	94.9	95.0	1	0	0	2	889	1042	1350	1797	2317	2788	3060	3159	3126	3026	2877	2670	2488	2310	2151	2093	2074	2165	2394	2655	2870	3068	3124	3072	2951	2807	2632	2479	2304	2179	2057	1941	
61	619	95.0	95.0	1	0	0	2	890	1032	1357	1799	2329	2796	3050	3140	3147	3019	2883	2666	2496	2302	2140	2076	2022	2178	2356	2622	2892	3045	3117	3069	2954	2844	2650	2483	2298	2164	2040	1894	
61	636	94.9	95.0	1	0	0	2	908	1056	1354	1812	2332	2789	3081	3204	3176	3032	2877	2692	2481	2306	2178	2070	2066	2191	2403	2656	2911	3054	3160	3089	2961	2829	2658	2467	2296	2165	2047	1925	
61	653	95.0	95.0	1	0	0	2	895	1040	1354	1799	2312	2806	3057	3181	3151	3017	2867	2677	2502	2320	2163	2064	2060	2178	2367	2644	2875	3062	3115	3076	2934	2818	2645	2502	2290	2162	2038	1929	
61	671	95.0	95.0	1	0	0	2	881	1033	1341	1828	2333	2776	3065	3161	3161	3035	2889	2700	2468	2343	2163	2087	2051	2202	2380	2639	2893	3072	3140	3098	2951	2819	2632	2470	2321	2149	2042	1921	
61	688	95.0	95.0	1	0	0	2	899	1018	1350	1813	2335	2768	3058	3146	3151	3053	2906	2649	2491	2295	2149	2064	2057	2176	2398	2628	2897	3079	3147	3072	2973	2849	2618	2480	2336	2177	2029	1948	
61	705	95.0	95.0	1	0	0	2	894	1042	1368	1806	2344	2796	3064	3180	3180	3032	2881	2673	2512	2291	2156	2068	2039	2163	2397	2637	2873	3055	3094	3080	2965	2811	2632	2472	2312	2185	2057	1945	
61	722	94.9	95.0	1	0	0	2	892	1034	1347	1815	2353	2787	3060	3187	3177	3047	2880	2695	2493	2326	2150	2081	2096	2180	2357	2621	2883	3063	3127	3077	2963	2827	2661	2467	2313	2191	2047	1935	
61	740	94.9	95.0	1	0	0	2	904	1013	1354	1800	2370	2790	3060	3180	3168	3061	2887	2686	2489	2325	2193	2104	2079	2186	2390	2670	2895	3073	3090	3089	2928	2831	2668	2500	2314	2191	2043	1932	
61	757	95.0	95.0	1	0	0	2	890	1029	1360	1772	2309	2783	3074	3198	3163	3044	2893	2689	2503	2300	2147	2080	2064	2181	2373	2664	2889	3042	3116	3059	2937	2804	2655	2459	2321	2185	2080	1926	
61	774	95.0	95.0	1	0	0	2	894	1035	1373	1816	2285	2796	3070	3196	3090	3039	2868	2700	2496	2284	2161	2077	2088	2209	2375	2618	2885	3067	3091	3121	2935	2834	2669	2490	2310	2183	2066	1910	
61	791	95.0	95.0	1	0	0	2	900	1045	1346	1841	2324	2775	3059	3167	3152	3060	2859	2685	2494	2324	2171	2085	2065	2196	2419	2694	2900	3040	3124	3106	2974	2844	2624	2504	2305	2163	2054	1932	
61	809	95.0	95.0	1	0	0	2	892	1037	1355	1810	2342	2776	3067	3167	3156	3053	2865	2697	2457	2340	2152	2089	2069	2185	2389	2665	2874	3048	3137	3130	2972	2847	2645	2481	2339	2166	2040	1950	
61	826	95.0	95.0	1	0	0	2	890	1015	1350	1791	2339	2789	3042	3196	3164	3044	2893	2666	2512	2319	2164	2063	2068	2164	2396	2662	2894	3042	3145	3095	2941	2826	2671	2479	2308	2201	2037	1953	
61	843	95.0	95.0	1	0	0	2	879	1043	1346	1785	2317	2770	3045	3195	3182	3031	2886	2660	2498	2304	2153	2068	2099	2184	2420	2688	2907	3092	3125	3067	2941	2811	2628	2434	2325	2179	2015	1938	
61	860	95.0	95.0	1	0	0	2	890	1033	1354	1810	2372	2785	3104	3225	3165	3022	2884	2701	2515	2322	2177	2068	2076	2202	2414	2634	2917	3089	3132	3081	2989	2858	2652	2471	2342	2170	2034	1934	
61	878	94.9	95.0	1	0	0	2	895	1041	1336	1797	2326	2805	3098	3171	3177	3024	2913	2680	2521	2314	2175	2083	2111	2195	2395	2623	2897	3090	3132	3128	2934	2834	2656	2487	2322	2175	2068	1951	
61	895	95.0	95.0	1	0	0	2	889	1047	1353	1803	2357	2811	3070	3167	3214	3024	2892	2685	2454	2298	2194	2057	2063	2186	2402	2636	2912	3051	3139	3089	2942	2813	2653	2497	2336	2176	2072	1918	
61	912	95.0	95.0	1	0	0	2	899	1050	1370	1813	2351	2790	3070	3202	3211	3017	2916	2704	2502	2323	2200	2089	2064	2222	2389	2642	2911	3098	3125	3110	2969	2846	2673	2484	2303	2176	2048	1926	
61	929	95.0	95.0	1	0	0	2	890	1040	1353	1800	2314	2799	3074	3190	3164	3064	2907	2713	2484	2318	2157	2072	2076	2187	2366	2640	2897	3070	3128	3083	2968	2854	2650	2491	2334	2154	2043	1941	
61	947	95.0	95.0	1	0	0	2	890	1037	1359	1794	2346	2802	3089	3179	3168	3042	2913	2705	2535	2294	2163	2091	2080	2197	2367	2662	2907	3067	3162	3091	2958	2834	2659	2489	2323	2171	2060	1916	
61	964	95.0	95.0	1	0	0	2	901	1034	1341	1803	2328	2788	3087	3179	3159	3043	2922	2667	2510	2300	2187	2080	2089	2173	2396	2635	2887	3064	3127	3072	2979	2840	2647	2491	2326	2205	2052	1944	
61	981	94.9	95.0	1	0	0	2	893	1041	1340	1798	2370	2768	3074	3187	3151	3002	2881	2668	2507	2311	2159	2094	2080	2182	2385	2647	2873	3054	3119	3074	2963	2837	2650	2490	2292	2190	2039	1921	
61	998	94.9	95.0	1	0	0	2	905	1035	1352	1817	2341	2811	3096	3201	3172	3048	2896	2681	2505	2300	2182	2080	2091	2172	2417	2639	2924	3106	3149	3085	2979	2861	2655	2482	2316	2193	2049	1921	
61	1016	95.0	95.0	1	0	0	2	910	1024	1347	1796	2278	2792	3077	3189	3185	3033	2889	2676	2487	2320	2170	2072	2079	2182	2372	2636	2896	3066	3137	3064	2967	2839	2665	2494	2324	2168	2035	1899	
61	1033	95.0	95.0	1	0	0	2	887	1026	1318	1773	2334	2810	3101	3168	3170	3063	2888	2695	2497	2324	2178	2080	2083	2172	2394	2648	2865	3057	3173	3096	2969	2858	2646	2496	2329	2178	2051	1943	
61	1050	95.0	95.0	1	0	0	2	870	1035	1357	1817	2347	2812	3073	3186	3165	3063	2884	2695	2529	2311	2170	2079	2104	2189	2414	2633	2891	3060	3126	3069	2970	2856	2641	2525	2335	2157	2063	1911	
61	1067	94.9	95.0	1	0	0	2	909	1038	1362	1792	2350	2808	3088	3185	3171	3064	2873	2651	2505	2320	2190	2108	2081	2159	2387	2635	2907	3024	3125	3086	2975	2854	2657	2503	2331	2184	2097	1922	
61	1085	95.0	95.0	1	0	0	2	905	1039	1352	1813	2345	2810	3076	3209	3189	3059	2899	2699	2497	2322	2220	2069	2065	2177	2376	2650	2881	3070	3133	3091	2964	2826	2649	2477	2304	2189	2031	1929	
61	1102	95.0	95.0	1	0	0	2	894	1039	1343	1812	2317	2788	3068	3184	3158	3013	2883	2722	2506	2314	2192	2108	2086	2209	2374	2653	2900	3025	3115	3089	2983	2853	2668	2488	2320	2188	2057	1933	
61	1119	94.9	95.0	1	0	0	2	887	1040	1377	1826	2315	2779	3084	3192	3188	3043	2910	2672	2528	2307	2188	2084	2076	2176	2405	2600	2892	3082	3121	3086	2989	2829	2665	2488	2317	2182	2057	1945	
61	1136	94.9	95.0	1	0	0	2	892	1037	1335	1832	2335	2770	3057	3191	3178	3039	2871	2680	2498	2317	2193	2083	2075	2180	2393	2659	2866	3080	3121	3050	2960	2841	2634	2488	2326	2189	2039	1930	
61	1154	95.0	95.0	1	0	0	2	898	1035	1325	1804	2318	2802	3059	3183	3157	3058	2893	2687	2518	2316	2173	2106	2072	2227	2394	2638	2906	3058	3153	3060	2971	2880	2650	2501	2321	2184	2073	1931	
61	1171	94.9	95.0	1	0	0	2	888	1045	1354	1765	2325	2799	3075	3201	3155	3046	2907	2710	2505	2304	2168	2080	2112	2160	2374	2652	2889	3060	3109	3098	2964	2840	2664	2481	2302	2188	2014	1935	
61	1188	95.0	95.0	1	0	0	2	892	1048	1365	1797	2365	2778	3087	3182	3171	3040	2871	2696	2536	2312	2168	2107	2100	2199	2415	2638	2918	3054	3132	3055	2976	2840	2656	2501	2336	2185	2053	1925	
61	1205	95.0	95.0	1	0	0	2	893	1039	1353	1820	2349	2796	3076	3201	3183	3045	2916	2696	2514	2346	2163	2116	2074	2206	2386	2658	2906	3098	3141	3073	2989	2829	2662	2467	2340	2186	2068	1950	
61	1223	95.0	95.0	1	0	0	2	882	1036	1360	1807	2346	2819	3074	3169	3179	3058	2907	2702	2493	2320	2167	2079	2086	2204	2425	2627	2898	3088	3129	3110	2973	2815	2661	2488	2312	2168	2057	1935	
61	1240	94.9	95.0	1	0	0	2	901	1032	1359	1807	2349	2807	3098	3190	3156	3080	2902	2697	2510	2318	2179	2086	2077	2185	2404	2642	2889	3101	3105	3074	2922	2853	2648	2493	2308	2181	2060	1930	
61	1257	95.0	95.0	1	0	0	2	898	1016	1364	1795	2342	2824	3092	3208	3156	3018	2885	2693	2515	2328	2173	2072	2066	2218	2427	2668	2899	3074	3120	3052	2992	2877	2669	2462	2329	2175	2066	1941	
61	1274	94.9	95.0	1	0	0	2	913	1038	1346	1814	2326	2816	3108	3192	3192	3040	2928	2666	2519	2336	2169	2072	2091	2196	2392	2661	2884	3050	3131	3101	2959	2850	2657	2474	2325	2178	2064	1935	
61	1292	95.0	95.0	1	0	0	2	904	1042	1350	1826	2331	2792	3117	3177	3163	3097	2935	2719	2512	2344	2166	2083	2098	2190	2433	2667	2937	3095	3132	3110	2966	2843	2645	2497	2322	2179	2068	1935	
61	1320	95.0	95.0	1	1	0	2	896	1020	1347	1809	2339	2773	3075	3221	3189	3056	2888	2760	2537	2338	2196	2086	2082	2194	2398	2652	2914	3040	3149	3066	2968	2830	2671	2523	2312	2172	2045	1933	
61	1382	59.7	60.4	1	1	1	2	980	1262	1903	2874	4004	4861	5270	5486	5319	4996	4621	4213	3843	3450	3087	2852	2731	2828	2938	3277	3587	3818	3893	3822	3635	3447	3196	2934	2702	2531	2315	2167	
61	1400	60.0	60.0	1	1	1	2	968	1268	1949	2899	4013	4882	5382	5461	5338	5024	4654	4234	3874	3468	3135	2872	2766	2786	2971	3258	3604	3816	3916	3834	3646	3483	3212	2964	2728	2516	2348	2204	
61	1417	59.9	60.0	1	1	1	2	990	1283	1947	2964	4006	4900	5365	5521	5345	5065	4712	4246	3874	3481	3152	2888	2760	2788	2992	3304	3634	3845	3890	3850	3687	3482	3167	2971	2714	2506	2357	2205	
61	1434	60.0	60.0	1	1	1	2	961	1290	1955	2936	4021	4918	5396	5485	5340	4998	4664	4234	3853	3460	3116	2893	2755	2775	2970	3314	3603	3826	3913	3857	3648	3477	3188	2996	2706	2533	2347	2190	
61	1451	60.0	60.0	1	1	1	2	954	1266	1942	2910	4015	4916	5373	5489	5345	5040	4673	4248	3865	3460	3110	2871	2768	2796	2966	3298	3582	3852	3875	3842	3654	3480	3248	2933	2718	2533	2365	2214	
61	1469	60.0	60.0	1	1	1	2	976	1268	1928	2924	3978	4929	5359	5504	5317	5045	4656	4240	3846	3432	3156	2895	2741	2784	2998	3278	3612	3835	3889	3859	3658	3512	3216	2971	2720	2519	2369	2176	
61	1486	60.0	60.0	1	1	1	2	961	1275	1955	2901	4013	4916	5374	5498	5341	5038	4624	4238	3882	3475	3134	2881	2722	2793	2974	3317	3596	3810	3932	3836	3674	3481	3240	2965	2750	2531	2348	2201	
61	1548	95.4	94.7	2	1	0	2	885	1035	1378	1844	2410	2855	3147	3252	3247	3102	2939	2731	2564	2373	2229	2084	2096	2184	2428	2707	2896	3112	3149	3112	2973	2857	2659	2504	2347	2207	2085	1954	
61	1566	95.0	95.0	2	1	0	2	886	1050	1369	1804	2358	2833	3104	3224	3220	3071	2925	2728	2510	2338	2205	2115	2085	2210	2410	2653	2903	3079	3123	3112	2955	2877	2665	2483	2314	2201	2076	1936	
61	1628	59.7	60.4	2	1	1	2	951	1273	1930	2898	3985	4924	5355	5474	5387	5058	4686	4252	3843	3442	3137	2900	2788	2803	2964	3304	3620	3831	3885	3866	3700	3468	3225	2966	2750	2556	2370	2214	
61	1646	59.9	60.0	2	1	1	2	956	1270	1939	2934	3982	4948	5379	5489	5383	5048	4705	4253	3833	3461	3147	2896	2756	2804	3008	3278	3619	3818	3971	3833	3696	3491	3227	3011	2755	2549	2380	2183	
61	1663	60.0	60.0	2	1	1	2	961	1264	1927	2887	4036	4887	5408	5524	5395	5057	4705	4266	3885	3427	3156	2880	2767	2791	2968	3304	3598	3830	3920	3875	3703	3507	3218	2951	2707	2528	2372	2215	
61	1680	60.0	60.0	2	1	1	2	958	1260	1947	2908	4023	4904	5354	5522	5358	5029	4733	4236	3852	3460	3149	2893	2771	2808	2983	3304	3599	3835	3907	3827	3688	3504	3229	2986	2739	2551	2357	2208	
61	1697	60.0	60.0	2	1	1	2	971	1276	1926	2932	4034	4920	5409	5540	5404	5033	4710	4301	3850	3499	3127	2881	2787	2778	2983	3315	3610	3826	3932	3878	3650	3485	3252	2988	2747	2544	2384	2210	
61	1715	59.9	60.0	2	1	1	2	959	1288	1959	2922	4024	4917	5427	5528	5368	5051	4657	4259	3873	3471	3118	2886	2765	2802	2974	3322	3588	3827	3916	3881	3717	3516	3232	2990	2746	2538	2371	2208	
61	1732	60.0	60.0	2	1	1	2	973	1264	1970	2917	4039	4930	5413	5537	5370	5090	4743	4288	3873	3479	3149	2892	2755	2825	3006	3307	3597	3855	3960	3899	3696	3530	3236	3005	2724	2548	2377	2224	
61	1794	95.3	94.9	3	1	0	2	895	1052	1368	1842	2416	2864	3144	3273	3244	3115	2963	2767	2562	2330	2198	2121	2104	2221	2447	2687	2922	3134	3182	3114	3031	2877	2665	2516	2340	2217	2052	1951	
61	1812	95.0	95.0	3	1	0	2	904	1050	1359	1844	2359	2838	3115	3242	3236	3101	2931	2734	2543	2359	2206	2087	2100	2222	2415	2694	2913	3107	3149	3117	2992	2869	2647	2502	2340	2178	2066	1929	
61	1875	59.7	60.2	3	1	1	2	955	1260	1932	2904	3974	4913	5403	5512	5385	5061	4698	4221	3832	3444	3151	2844	2770	2785	2985	3255	3603	3866	3918	3851	3712	3486	3164	2990	2745	2539	2364	2173	
61	1892	59.9	60.1	3	1	1	2	966	1292	1931	2905	3993	4914	5408	5517	5364	5059	4673	4247	3842	3436	3160	2892	2745	2793	2995	3280	3633	3838	3889	3843	3653	3476	3222	2997	2724	2541	2365	2187	
61	1909	59.9	60.0	3	1	1	2	965	1265	1939	2929	3997	4918	5397	5563	5368	5104	4666	4257	3884	3462	3112	2903	2749	2806	3030	3257	3631	3877	3920	3860	3656	3463	3228	2994	2740	2534	2365	2209	
61	1926	59.9	60.0	3	1	1	2	959	1273	1932	2951	4025	4920	5411	5533	5379	5056	4701	4253	3904	3492	3187	2904	2766	2796	3000	3316	3578	3870	3929	3869	3665	3486	3214	2957	2713	2537	2360	2190	
61	1944	60.0	60.0	3	1	1	2	969	1273	1982	2910	4030	4908	5411	5520	5353	5068	4697	4310	3866	3465	3129	2912	2783	2818	3006	3303	3622	3852	3908	3882	3686	3513	3233	2983	2720	2540	2361	2206	
61	1961	59.9	60.0	3	1	1	2	949	1303	1941	2910	4033	4955	5386	5551	5375	5077	4707	4264	3862	3474	3139	2907	2766	2806	3044	3311	3623	3858	3960	3850	3688	3456	3240	3015	2730	2559	2355	2180	
61	1978	60.0	60.0	3	1	1	2	971	1269	1949	2941	4067	4958	5420	5544	5382	5068	4738	4198	3888	3492	3177	2918	2788	2844	3016	3326	3605	3842	3922	3852	3699	3517	3248	2997	2729	2509	2358	2204	
61	2041	95.3	94.9	4	1	0	2	890	1049	1367	1837	2367	2862	3161	3298	3258	3081	2985	2746	2546	2368	2225	2138	2157	2192	2397	2656	2928	3120	3160	3117	3000	2883	2667	2519	2333	2169	2055	1951	
61	2058	95.0	95.0	4	1	0	2	888	1035	1352	1852	2355	2817	3117	3259	3218	3070	2934	2717	2552	2320	2210	2097	2107	2198	2393	2684	2913	3086	3135	3100	2970	2844	2679	2498	2362	2183	2029	1949	
61	2121	59.7	60.2	4	1	1	2	960	1266	1926	2892	3953	4898	5368	5491	5362	5054	4651	4229	3840	3441	3128	2840	2764	2801	2972	3308	3591	3834	3943	3862	3697	3502	3190	2994	2740	2551	2386	2210	
61	2138	59.9	60.0	4	1	1	2	950	1290	1943	2878	4020	4896	5373	5528	5356	5042	4705	4250	3850	3454	3150	2897	2742	2780	2996	3283	3576	3876	3905	3823	3669	3485	3241	2998	2723	2519	2351	2211	
61	2155	60.0	60.0	4	1	1	2	959	1296	1956	2912	4046	4905	5384	5496	5376	5038	4673	4242	3877	3468	3153	2880	2762	2788	3020	3299	3626	3818	3924	3879	3646	3500	3231	2953	2724	2552	2356	2224	
61	2172	59.9	60.0	4	1	1	2	954	1291	1935	2911	4046	4905	5362	5516	5352	5016	4716	4261	3889	3466	3136	2905	2726	2812	3006	3317	3596	3834	3916	3849	3655	3519	3212	2969	2736	2560	2361	2182	
61	2190	59.9	60.0	4	1	1	2	967	1255	1943	2909	3993	4949	5397	5523	5362	5074	4725	4281	3866	3474	3151	2898	2763	2806	2996	3334	3611	3842	3971	3872	3672	3525	3218	2995	2750	2520	2372	2224	
61	2207	59.9	60.0	4	1	1	2	974	1280	1944	2913	4023	4903	5430	5525	5369	5044	4676	4245	3892	3495	3142	2908	2785	2849	2963	3286	3594	3832	3887	3857	3673	3498	3232	3017	2753	2532	2360	2221	
61	2224	60.0	60.0	4	1	1	2	966	1285	1955	2925	4034	4920	5352	5517	5370	5008	4719	4299	3894	3476	3111	2885	2737	2809	2992	3333	3629	3809	3922	3857	3674	3502	3251	2989	2756	2524	2371	2209	
61	2287	95.3	95.0	5	1	0	2	903	1058	1376	1830	2356	2828	3165	3242	3235	3117	2955	2776	2553	2321	2231	2143	2089	2214	2403	2628	2930	3091	3162	3104	2986	2852	2655	2504	2341	2196	2065	1938	
61	2304	95.0	95.0	5	1	0	2	900	1039	1371	1819	2380	2843	3115	3236	3224	3092	2945	2690	2529	2334	2201	2128	2083	2209	2406	2669	2930	3076	3152	3128	2952	2831	2654	2511	2313	2203	2030	1965	
61	2367	59.7	60.2	5	1	1	2	959	1258	1933	2898	3975	4865	5331	5440	5273	4964	4633	4248	3832	3450	3099	2852	2769	2789	2944	3294	3608	3835	3916	3812	3667	3481	3213	2942	2725	2518	2336	2205	
61	2384	59.9	60.0	5	1	1	2	963	1266	1932	2928	4039	4906	5383	5501	5353	5002	4680	4245	3858	3443	3123	2873	2731	2812	2967	3260	3570	3837	3892	3845	3677	3475	3225	2952	2742	2558	2333	2209	
61	2401	59.9	60.0	5	1	1	2	952	1275	1958	2871	4009	4911	5309	5525	5340	5040	4674	4219	3851	3465	3138	2873	2782	2796	2991	3294	3562	3811	3897	3814	3663	3514	3225	2947	2708	2543	2351	2215	
61	2418	60.0	60.0	5	1	1	2	956	1263	1949	2886	4010	4891	5370	5506	5381	5006	4660	4222	3882	3466	3177	2880	2774	2800	2999	3290	3592	3855	3889	3837	3662	3477	3223	2952	2731	2517	2358	2225	
61	2436	59.9	60.0	5	1	1	2	968	1263	1901	2883	4023	4901	5441	5475	5337	5029	4720	4288	3871	3440	3117	2862	2735	2785	2985	3308	3559	3804	3913	3823	3679	3466	3207	2973	2719	2529	2387	2173	
61	2453	60.0	60.0	5	1	1	2	954	1271	1944	2957	4033	4886	5423	5509	5372	4986	4710	4281	3843	3493	3156	2924	2784	2818	2972	3257	3577	3787	3928	3813	3707	3511	3221	2984	2750	2530	2374	2212	
61	2470	60.0	60.0	5	1	1	2	964	1280	1947	2937	4056	4920	5386	5484	5364	5063	4713	4247	3899	3460	3160	2892	2757	2798	2989	3333	3606	3813	3921	3861	3651	3499	3216	2979	2726	2539	2349	2203	
61	2533	95.3	94.9	6	1	0	2	894	1039	1355	1823	2389	2845	3144	3220	3203	3110	2987	2747	2534	2339	2192	2097	2095	2194	2388	2678	2930	3088	3150	3124	3006	2841	2667	2488	2325	2192	2069	1943	
61	2550	95.0	95.0	6	1	0	2	890	1039	1355	1814	2350	2810	3080	3187	3194	3061	2905	2672	2514	2337	2197	2091	2093	2195	2407	2648	2915	3070	3092	3042	2982	2842	2661	2504	2340	2198	2021	1921	
61	2613	59.7	60.2	6	1	1	2	952	1277	1938	2904	3973	4853	5316	5412	5266	4966	4616	4212	3851	3415	3077	2867	2737	2770	2984	3289	3570	3792	3878	3815	3637	3439	3221	2971	2713	2506	2352	2212	
61	2630	59.9	60.1	6	1	1	2	946	1272	1931	2876	3981	4860	5340	5437	5262	4984	4635	4237	3807	3430	3119	2865	2786	2788	2958	3268	3578	3816	3880	3818	3637	3465	3195	2959	2731	2526	2330	2205	
61	2647	59.9	60.0	6	1	1	2	959	1283	1924	2909	3992	4875	5346	5450	5278	5027	4648	4249	3854	3435	3136	2889	2748	2774	2982	3270	3574	3826	3909	3813	3663	3467	3170	2942	2731	2547	2350	2201	
61	2665	59.9	60.0	6	1	1	2	973	1281	1924	2882	3978	4851	5321	5466	5306	5022	4657	4233	3841	3425	3095	2877	2748	2796	2958	3277	3616	3815	3891	3834	3644	3490	3198	2980	2687	2542	2353	2198	
61	2682	60.0	60.0	6	1	1	2	992	1267	1983	2906	4034	4873	5354	5477	5340	5007	4681	4252	3846	3444	3121	2899	2739	2794	2966	3271	3630	3793	3882	3835	3639	3479	3187	2963	2709	2512	2347	2189	
61	2699	60.0	60.0	6	1	1	2	961	1280	1933	2926	3981	4901	5376	5472	5312	4997	4676	4267	3836	3462	3139	2889	2747	2783	2929	3258	3623	3798	3896	3846	3654	3439	3203	2964	2716	2528	2364	2192	
61	2716	60.0	60.0	6	1	1	2	989	1259	1899	2878	4006	4876	5347	5498	5270	5023	4657	4222	3867	3467	3127	2880	2726	2785	3024	3247	3568	3775	3908	3836	3640	3479	3197	2951	2706	2518	2355	2190	
61	2779	95.2	95.0	7	1	0	2	894	1051	1355	1855	2380	2841	3121	3207	3208	3103	2950	2715	2556	2333	2174	2090	2072	2181	2388	2661	2912	3066	3132	3096	2971	2861	2669	2516	2312	2163	2068	1935	
61	2796	95.0	95.0	7	1	0	2	886	1040	1357	1817	2349	2785	3072	3208	3182	3072	2919	2712	2527	2353	2185	2082	2069	2156	2385	2640	2874	3007	3097	3092	2969	2819	2630	2485	2319	2173	2033	1917	
61	2859	59.6	60.4	7	1	1	2	959	1261	1919	2840	3959	4833	5299	5402	5267	4958	4609	4166	3817	3432	3097	2852	2746	2775	2949	3248	3555	3801	3885	3859	3638	3462	3213	2960	2709	2551	2349	2179	
61	2876	59.9	60.0	7	1	1	2	956	1234	1954	2869	3974	4851	5277	5410	5253	4961	4607	4200	3812	3398	3116	2839	2729	2759	2961	3229	3572	3812	3903	3798	3616	3437	3168	2944	2667	2499	2338	2194	
61	2894	59.9	60.0	7	1	1	2	943	1266	1931	2906	3971	4841	5333	5445	5277	4990	4630	4224	3805	3426	3096	2853	2764	2796	2958	3288	3549	3769	3915	3802	3629	3508	3184	2928	2681	2511	2336	2191	
61	2911	60.0	60.0	7	1	1	2	957	1272	1948	2873	3989	4855	5310	5477	5331	4972	4661	4221	3855	3426	3123	2856	2729	2770	2942	3293	3560	3845	3892	3805	3644	3535	3207	2954	2698	2491	2383	2185	
61	2928	59.9	60.0	7	1	1	2	919	1293	1926	2902	3967	4828	5288	5438	5288	4961	4652	4203	3804	3443	3106	2868	2720	2762	2965	3236	3610	3789	3871	3842	3629	3446	3171	2947	2699	2538	2348	2176	
61	2945	60.0	60.0	7	1	1	2	959	1256	1908	2848	3963	4875	5333	5458	5285	4972	4643	4233	3781	3435	3107	2866	2707	2751	2934	3254	3561	3792	3877	3797	3642	3439	3176	2909	2705	2511	2325	2207	
61	2963	59.9	60.0	7	1	1	2	955	1271	1937	2856	3947	4849	5342	5463	5285	4998	4615	4198	3817	3436	3108	2853	2716	2789	3004	3268	3597	3819	3864	3811	3652	3440	3164	2955	2706	2517	2327	2179	
61	3027	95.4	94.9	8	1	0	2	887	1046	1329	1824	2370	2816	3085	3199	3146	3029	2893	2694	2499	2317	2189	2106	2076	2214	2410	2649	2915	3047	3118	3091	2953	2845	2642	2500	2320	2171	2042	1927	
61	3044	95.0	95.0	8	1	0	2	900	1056	1342	1824	2339	2840	3089	3196	3180	3051	2880	2641	2523	2300	2133	2076	2093	2191	2396	2626	2883	3045	3076	3024	2939	2820	2628	2460	2306	2180	2045	1923	
61	3106	59.6	60.4	8	1	1	2	957	1275	1923	2842	3915	4787	5262	5376	5233	4912	4581	4125	3791	3387	3044	2847	2734	2756	2933	3209	3539	3761	3861	3790	3597	3419	3155	2939	2702	2466	2339	2173	
61	3123	60.0	60.1	8	1	1	2	952	1252	1914	2880	3915	4826	5260	5378	5259	4965	4618	4192	3793	3407	3081	2844	2708	2722	2962	3225	3542	3746	3882	3800	3589	3445	3147	2943	2664	2506	2307	2188	
61	3141	60.0	60.0	8	1	1	2	964	1250	1931	2915	3966	4854	5331	5415	5251	4929	4603	4178	3795	3412	3101	2841	2706	2768	2984	3245	3525	3764	3837	3808	3629	3464	3166	2922	2690	2487	2341	2173	
61	3158	60.0	60.0	8	1	1	2	949	1259	1942	2861	3952	4838	5313	5419	5255	4990	4650	4174	3819	3404	3123	2874	2731	2756	2948	3241	3552	3730	3849	3814	3642	3434	3199	2916	2715	2505	2332	2165	
61	3175	60.0	60.0	8	1	1	2	952	1244	1923	2883	4029	4816	5331	5454	5276	5004	4614	4207	3818	3391	3065	2850	2713	2770	2932	3237	3559	3803	3861	3801	3644	3404	3174	3008	2696	2491	2338	2173	
61	3192	60.0	60.0	8	1	1	2	972	1270	1935	2887	3957	4822	5292	5421	5299	4984	4689	4203	3817	3443	3075	2844	2725	2759	2982	3248	3536	3787	3861	3751	3603	3455	3169	2920	2716	2499	2329	2182	
61	3210	60.0	60.0	8	1	1	2	963	1268	1941	2901	3996	4814	5314	5393	5308	4968	4607	4191	3774	3421	3096	2840	2723	2761	2975	3221	3553	3787	3870	3738	3614	3434	3148	2950	2707	2491	2361	2179	
61	3272	95.5	94.7	9	1	0	2	881	1044	1353	1832	2374	2819	3079	3230	3162	3060	2929	2699	2522	2331	2200	2090	2085	2190	2393	2635	2885	3045	3140	3064	2954	2853	2632	2470	2328	2166	2038	1960	
61	3289	95.0	95.0	9	1	0	2	902	1036	1364	1803	2329	2814	3072	3180	3154	3058	2912	2664	2499	2293	2145	2083	2068	2183	2397	2623	2830	3042	3118	3066	2934	2805	2650	2500	2308	2161	2023	1931	
61	3352	59.6	60.4	9	1	1	2	969	1266	1893	2835	3891	4745	5247	5389	5217	4880	4557	4122	3738	3376	3096	2837	2672	2720	2941	3229	3541	3747	3829	3765	3619	3424	3176	2910	2679	2465	2318	2183	
61	3370	60.0	60.1	9	1	1	2	956	1257	1896	2849	3920	4807	5266	5421	5229	4928	4601	4141	3804	3369	3110	2821	2694	2746	2924	3219	3518	3753	3825	3750	3594	3434	3116	2925	2664	2504	2332	2164	
61	3387	59.9	60.0	9	1	1	2	966	1251	1906	2852	3888	4766	5269	5385	5285	4913	4571	4148	3771	3399	3092	2840	2698	2740	2960	3195	3524	3773	3843	3752	3586	3450	3166	2932	2705	2497	2334	2165	
61	3404	60.0	60.0	9	1	1	2	960	1271	1929	2840	3985	4787	5271	5379	5263	4939	4581	4186	3807	3397	3093	2821	2699	2772	2932	3208	3565	3759	3848	3798	3561	3432	3151	2913	2680	2468	2321	2189	
61	3421	60.0	60.0	9	1	1	2	960	1257	1927	2863	3976	4810	5258	5401	5284	4948	4612	4143	3779	3398	3053	2824	2704	2742	2953	3228	3524	3753	3857	3768	3615	3433	3126	2908	2684	2493	2300	2190	
61	3439	60.0	60.0	9	1	1	2	959	1271	1915	2868	3953	4798	5307	5403	5265	4942	4604	4132	3777	3409	3100	2846	2730	2745	2937	3233	3528	3754	3810	3789	3594	3432	3165	2926	2651	2500	2324	2161	
61	3456	60.0	60.0	9	1	1	2	953	1260	1903	2866	3948	4828	5288	5395	5270	4942	4600	4191	3776	3426	3072	2830	2707	2728	2914	3244	3540	3756	3851	3787	3608	3408	3125	2945	2709	2495	2336	2148	
61	3518	95.3	94.9	10	1	0	2	894	1036	1343	1811	2348	2811	3071	3247	3172	3019	2883	2713	2516	2345	2165	2100	2073	2147	2400	2629	2867	3051	3086	3087	2902	2835	2640	2488	2298	2194	2031	1934	
61	3535	95.0	95.0	10	1	0	2	898	1033	1347	1807	2318	2767	3051	3166	3119	3022	2874	2682	2463	2321	2170	2048	2024	2172	2353	2616	2856	3015	3059	3073	2924	2786	2592	2464	2288	2114	2024	1913	
61	3598	59.6	60.4	10	1	1	2	972	1244	1912	2856	3887	4747	5195	5285	5195	4862	4528	4104	3719	3387	3044	2814	2688	2725	2941	3199	3498	3737	3809	3784	3576	3420	3157	2901	2669	2489	2331	2170	
61	3616	59.9	60.0	10	1	1	2	974	1266	1909	2855	3914	4758	5238	5339	5220	4872	4578	4123	3766	3397	3070	2802	2707	2724	2941	3212	3505	3704	3817	3729	3618	3376	3134	2882	2671	2484	2288	2171	
61	3633	60.0	60.0	10	1	1	2	942	1259	1902	2848	3900	4804	5275	5348	5222	4915	4561	4126	3747	3383	3047	2809	2699	2725	2892	3232	3523	3759	3803	3748	3586	3411	3135	2892	2664	2483	2303	2160	
61	3650	59.9	60.0	10	1	1	2	971	1256	1929	2843	3914	4788	5218	5317	5192	4915	4583	4129	3778	3396	3061	2833	2718	2712	2943	3231	3471	3728	3825	3771	3599	3415	3149	2928	2681	2515	2289	2152	
61	3667	60.0	60.0	10	1	1	2	957	1254	1958	2837	3951	4784	5257	5388	5274	4944	4573	4192	3760	3361	3084	2832	2692	2745	2916	3203	3497	3773	3809	3741	3563	3404	3160	2930	2682	2461	2317	2167	
61	3685	60.0	60.0	10	1	1	2	964	1259	1913	2836	3933	4799	5260	5364	5186	4910	4587	4159	3779	3368	3096	2826	2680	2734	2921	3185	3519	3740	3827	3756	3574	3435	3106	2920	2650	2481	2297	2164	
61	3702	60.0	60.0	10	1	1	2	960	1259	1914	2875	3924	4752	5291	5362	5246	4955	4573	4136	3786	3377	3037	2821	2718	2723	2906	3194	3524	3732	3801	3743	3586	3420	3160	2927	2662	2480	2303	2171	
61	3764	95.5	94.7	11	1	0	2	877	1028	1349	1793	2362	2817	3073	3212	3167	3043	2893	2660	2482	2312	2187	2091	2032	2160	2390	2613	2849	3020	3126	3080	2933	2791	2628	2462	2328	2162	2012	1931	
61	3782	95.0	95.0	11	1	0	2	892	1027	1353	1803	2333	2798	3052	3155	3138	2999	2884	2684	2488	2295	2164	2042	2056	2145	2363	2591	2823	3025	3085	3031	2913	2793	2616	2466	2277	2138	2048	1900	
61	3844	59.7	60.4	11	1	1	2	942	1257	1879	2789	3882	4747	5177	5325	5180	4859	4523	4119	3764	3361	3070	2804	2681	2707	2928	3185	3491	3734	3796	3731	3596	3384	3120	2888	2647	2486	2302	2171	
61	3862	59.9	60.1	11	1	1	2	933	1261	1907	2832	3870	4748	5241	5378	5171	4874	4529	4109	3757	3367	3052	2814	2679	2737	2922	3198	3497	3730	3793	3739	3573	3412	3082	2899	2650	2440	2293	2176	
61	3879	60.0	60.0	11	1	1	2	954	1254	1914	2838	3929	4700	5204	5307	5218	4903	4538	4122	3763	3390	3048	2849	2696	2715	2918	3241	3549	3729	3815	3722	3601	3374	3136	2888	2639	2472	2293	2155	
61	3896	60.0	60.0	11	1	1	2	957	1242	1895	2861	3911	4736	5212	5344	5174	4894	4572	4097	3771	3379	3095	2807	2679	2722	2908	3223	3510	3736	3814	3754	3572	3436	3106	2915	2651	2451	2316	2153	
61	3913	60.0	60.0	11	1	1	2	919	1242	1904	2834	3889	4764	5248	5338	5212	4882	4519	4165	3738	3384	3031	2848	2682	2710	2907	3193	3525	3717	3854	3747	3593	3384	3156	2958	2652	2477	2294	2171	
61	3931	59.9	60.0	11	1	1	2	973	1255	1918	2846	3925	4757	5272	5377	5225	4922	4581	4156	3776	3344	3068	2810	2695	2708	2915	3191	3523	3726	3788	3762	3584	3422	3172	2908	2651	2481	2342	2149	
61	3948	60.0	60.0	11	1	1	2	962	1247	1914	2867	3959	4760	5258	5360	5214	4913	4582	4136	3775	3370	3060	2838	2690	2749	2935	3213	3498	3734	3812	3724	3580	3408	3123	2914	2682	2465	2315	2162	
61	4012	95.5	94.9	12	1	0	2	895	1029	1340	1809	2359	2795	3034	3172	3157	3052	2895	2677	2494	2304	2166	2047	2052	2162	2327	2605	2856	3001	3021	3046	2923	2809	2581	2442	2266	2158	2019	1914	
61	4030	95.0	95.0	12	1	0	2	900	1035	1337	1808	2289	2756	3039	3127	3141	2983	2859	2671	2471	2291	2128	2070	2054	2175	2339	2600	2806	3001	3053	2981	2915	2782	2583	2461	2265	2135	1987	1892	
61	4090	59.8	60.5	12	1	1	2	963	1235	1894	2817	3838	4733	5162	5262	5187	4834	4533	4094	3729	3343	3013	2789	2672	2713	2901	3201	3516	3679	3747	3774	3556	3390	3111	2898	2694	2454	2313	2167	
61	4108	59.9	60.1	12	1	1	2	950	1257	1914	2826	3910	4728	5171	5276	5191	4849	4550	4108	3763	3369	3027	2795	2649	2710	2873	3208	3520	3715	3812	3722	3589	3355	3130	2885	2655	2458	2312	2176	
61	4125	60.0	60.0	12	1	1	2	950	1269	1923	2817	3886	4762	5240	5295	5113	4828	4517	4101	3755	3367	3035	2866	2676	2716	2924	3180	3495	3703	3785	3791	3566	3397	3120	2921	2648	2449	2289	2159	
61	4142	60.0	60.0	12	1	1	2	954	1236	1904	2847	3894	4743	5192	5350	5153	4878	4566	4092	3751	3327	3058	2768	2681	2712	2926	3161	3490	3727	3776	3773	3560	3406	3125	2891	2650	2463	2286	2180	
61	4159	60.0	60.0	12	1	1	2	950	1267	1884	2846	3894	4759	5229	5294	5184	4878	4553	4119	3737	3340	3044	2804	2701	2686	2894	3159	3478	3713	3796	3733	3573	3389	3136	2857	2690	2482	2288	2163	
61	4177	60.0	60.0	12	1	1	2	959	1254	1925	2835	3907	4768	5225	5304	5221	4837	4545	4125	3750	3404	3094	2817	2707	2722	2910	3209	3501	3734	3801	3725	3614	3377	3164	2885	2607	2464	2308	2158	
61	4194	59.9	60.0	12	1	1	2	944	1262	1922	2805	3904	4780	5208	5336	5185	4896	4540	4118	3757	3387	3081	2821	2666	2720	2939	3190	3485	3715	3805	3731	3573	3385	3116	2880	2661	2465	2295	2160	
61	4256	95.5	94.7	13	1	0	2	884	1045	1343	1801	2359	2780	3034	3155	3146	3039	2885	2695	2486	2284	2158	2050	2061	2137	2336	2610	2860	3041	3056	3091	2899	2788	2585	2439	2298	2160	2020	1904	
61	4274	94.9	95.0	13	1	0	2	884	1035	1332	1785	2316	2761	3034	3136	3135	2974	2883	2652	2458	2266	2129	2036	2029	2149	2342	2589	2824	2994	3070	2999	2898	2805	2589	2421	2270	2141	2002	1879	
61	4337	59.6	60.2	13	1	1	2	968	1252	1862	2797	3845	4684	5160	5293	5110	4854	4497	4096	3728	3316	3020	2784	2669	2735	2888	3163	3464	3680	3768	3747	3543	3364	3100	2873	2628	2457	2285	2155	
61	4354	59.9	60.1	13	1	1	2	941	1249	1918	2802	3856	4708	5160	5292	5134	4832	4502	4086	3735	3292	3037	2781	2662	2716	2885	3157	3429	3697	3778	3712	3533	3368	3111	2871	2626	2465	2292	2155	
61	4371	60.0	60.0	13	1	1	2	943	1246	1886	2810	3823	4699	5170	5310	5136	4835	4525	4078	3698	3336	3004	2807	2679	2712	2892	3178	3477	3709	3783	3689	3557	3371	3137	2854	2645	2457	2290	2148	
61	4388	59.9	60.0	13	1	1	2	954	1247	1905	2813	3900	4718	5212	5349	5145	4911	4535	4080	3736	3377	3026	2787	2672	2718	2895	3170	3484	3725	3812	3760	3565	3405	3138	2869	2672	2424	2308	2116	
61	4406	60.0	60.0	13	1	1	2	943	1259	1890	2820	3891	4765	5218	5350	5158	4869	4522	4110	3732	3360	3062	2795	2675	2692	2871	3162	3517	3733	3782	3752	3566	3390	3142	2916	2638	2457	2349	2142	
61	4423	60.0	60.0	13	1	1	2	977	1243	1906	2820	3874	4776	5197	5351	5140	4843	4560	4109	3744	3370	3034	2811	2670	2700	2885	3171	3476	3713	3783	3752	3548	3353	3095	2889	2628	2447	2299	2120	
61	4440	60.0	60.0	13	1	1	2	938	1253	1893	2833	3901	4724	5202	5318	5165	4853	4471	4112	3750	3347	3033	2815	2680	2719	2910	3202	3480	3730	3794	3738	3544	3386	3088	2873	2635	2417	2284	2162	
61	4505	95.3	95.0	14	1	0	2	892	1029	1353	1804	2331	2749	3054	3148	3131	3006	2842	2656	2471	2286	2137	2050	2047	2160	2338	2596	2836	3006	3067	3040	2915	2793	2612	2425	2262	2126	2036	1893	
61	4522	95.0	95.0	14	1	0	2	889	1024	1338	1743	2292	2725	3032	3116	3077	2989	2849	2657	2456	2295	2148	2038	2031	2125	2346	2567	2799	3000	3026	2989	2878	2730	2605	2417	2224	2140	1992	1894	
61	4585	59.7	60.2	14	1	1	2	950	1257	1832	2760	3838	4701	5172	5273	5086	4807	4475	4067	3712	3327	3034	2794	2666	2685	2918	3148	3451	3683	3725	3716	3545	3393	3124	2868	2641	2469	2291	2144	
61	4602	59.9	60.1	14	1	1	2	950	1253	1897	2790	3820	4695	5131	5269	5144	4872	4515	4084	3728	3344	3011	2787	2641	2694	2909	3183	3475	3698	3763	3717	3532	3377	3099	2884	2651	2446	2286	2123	
61	4619	60.0	60.0	14	1	1	2	947	1233	1897	2821	3869	4703	5203	5237	5119	4856	4514	4076	3752	3361	3051	2787	2640	2662	2863	3195	3493	3696	3807	3721	3523	3359	3106	2876	2662	2444	2250	2144	
61	4636	60.0	60.0	14	1	1	2	952	1251	1909	2808	3897	4744	5225	5288	5110	4819	4524	4072	3778	3347	3041	2809	2642	2703	2899	3181	3454	3739	3774	3747	3557	3373	3120	2872	2661	2460	2305	2160	
61	4654	59.9	60.0	14	1	1	2	972	1255	1900	2808	3884	4735	5171	5333	5209	4844	4533	4094	3750	3372	3033	2803	2691	2706	2867	3205	3497	3743	3815	3701	3603	3362	3100	2890	2662	2440	2308	2129	
61	4671	60.0	60.0	14	1	1	2	946	1262	1900	2842	3881	4742	5161	5321	5143	4858	4572	4078	3759	3357	3052	2811	2682	2707	2914	3180	3488	3684	3764	3723	3515	3362	3120	2868	2628	2423	2296	2136	
61	4688	59.9	60.0	14	1	1	2	960	1277	1946	2892	3858	4734	5167	5278	5206	4886	4513	4104	3732	3336	3038	2778	2675	2718	2899	3187	3458	3706	3792	3717	3548	3362	3109	2866	2638	2450	2282	2165	
61	4753	95.3	95.0	15	1	0	2	885	1030	1330	1792	2291	2775	3019	3170	3137	3008	2875	2661	2478	2294	2143	2045	2043	2151	2355	2575	2789	2983	3037	2998	2907	2792	2592	2410	2259	2113	1980	1914	
61	4770	95.0	95.0	15	1	0	2	891	1028	1333	1789	2302	2746	3022	3143	3093	2984	2814	2635	2448	2308	2168	2029	2046	2121	2317	2585	2821	2974	3049	3026	2912	2778	2575	2418	2258	2098	2011	1891	
61	4833	59.7	60.2	15	1	1	2	941	1246	1883	2796	3852	4682	5127	5234	5115	4769	4451	4055	3674	3346	3024	2807	2697	2708	2872	3164	3455	3719	3734	3679	3520	3360	3132	2848	2643	2446	2286	2136	
61	4850	59.9	60.0	15	1	1	2	948	1262	1865	2781	3854	4672	5098	5223	5078	4810	4495	4063	3702	3333	2991	2760	2654	2702	2836	3180	3431	3682	3748	3695	3522	3352	3090	2871	2624	2417	2290	2140	
61	4867	60.0	60.0	15	1	1	2	949	1258	1882	2793	3839	4703	5132	5300	5096	4836	4494	4046	3720	3299	3023	2785	2671	2707	2892	3145	3444	3673	3766	3723	3525	3335	3099	2869	2628	2469	2296	2139	
61	4884	60.0	60.0	15	1	1	2	951	1257	1889	2802	3820	4685	5140	5264	5123	4823	4481	4063	3742	3340	3039	2756	2660	2696	2856	3161	3480	3685	3816	3698	3540	3344	3097	2874	2641	2446	2275	2148	
61	4902	59.9	60.0	15	1	1	2	952	1266	1895	2803	3866	4722	5176	5315	5109	4858	4471	4096	3683	3322	3026	2779	2666	2693	2898	3160	3490	3701	3750	3703	3548	3363	3117	2870	2626	2475	2294	2128	
61	4919	60.0	60.0	15	1	1	2	957	1248	1897	2813	3872	4713	5180	5313	5146	4851	4493	4079	3733	3350	3030	2789	2653	2717	2878	3154	3479	3678	3787	3714	3559	3360	3121	2894	2648	2444	2310	2142	
61	4936	59.9	60.0	15	1	1	2	959	1273	1901	2805	3887	4738	5192	5302	5118	4896	4518	4110	3702	3341	3042	2761	2680	2697	2881	3160	3476	3697	3741	3682	3539	3375	3081	2872	2635	2451	2277	2143	
61	5001	95.2	95.0	16	1	0	2	880	1026	1334	1801	2317	2757	3056	3152	3133	3003	2865	2656	2454	2296	2144	2055	2057	2164	2350	2584	2864	3016	3019	2990	2898	2750	2574	2433	2264	2105	1988	1848	
61	5018	95.0	95.0	16	1	0	2	900	1033	1328	1785	2273	2726	3024	3126	3096	2983	2841	2641	2455	2255	2133	2029	2035	2133	2312	2560	2820	2961	3035	3017	2877	2754	2576	2440	2246	2159	2004	1930	
61	5081	59.6	60.2	16	1	1	2	946	1246	1894	2766	3794	4664	5102	5231	5102	4801	4474	4045	3676	3329	3006	2750	2634	2698	2883	3130	3435	3646	3748	3688	3479	3331	3081	2829	2620	2416	2279	2128	
61	5098	59.9	60.0	16	1	1	2	956	1234	1884	2799	3830	4672	5167	5264	5101	4827	4475	4076	3662	3268	3004	2791	2656	2685	2868	3194	3466	3688	3768	3652	3513	3353	3083	2859	2622	2425	2278	2118	
61	5115	59.9	60.0	16	1	1	2	953	1254	1910	2803	3800	4699	5115	5259	5102	4841	4476	4052	3695	3312	3026	2773	2667	2713	2855	3157	3473	3698	3773	3713	3518	3314	3106	2849	2639	2457	2277	2153	
61	5133	59.9	60.0	16	1	1	2	951	1263	1877	2783	3851	4679	5169	5273	5125	4810	4492	4070	3740	3309	3020	2775	2664	2675	2877	3142	3444	3707	3782	3721	3538	3343	3094	2845	2629	2455	2320	2154	
61	5150	60.0	60.0	16	1	1	2	947	1248	1911	2817	3858	4711	5157	5264	5132	4793	4504	4083	3720	3329	3059	2783	2661	2704	2878	3150	3441	3694	3781	3710	3532	3380	3084	2865	2634	2437	2270	2153	
61	5167	60.0	60.0	16	1	1	2	955	1247	1904	2838	3845	4690	5117	5291	5145	4816	4483	4111	3731	3313	3024	2786	2633	2680	2882	3181	3478	3682	3780	3708	3530	3394	3077	2850	2632	2423	2288	2114	
61	5184	60.0	60.0	16	1	1	2	953	1256	1902	2776	3865	4695	5172	5261	5169	4754	4469	4109	3693	3325	3030	2757	2672	2707	2872	3130	3461	3695	3772	3700	3519	3358	3071	2865	2621	2436	2264	2144	
61	5247	95.4	94.9	17	1	0	2	894	1037	1345	1790	2345	2731	3028	3151	3127	3011	2885	2642	2475	2266	2142	2062	2019	2166	2331	2569	2797	3002	3065	3030	2902	2768	2549	2450	2258	2116	2000	1875	
61	5264	95.0	95.0	17	1	0	2	898	1008	1339	1764	2295	2737	3021	3133	3104	2964	2825	2644	2472	2265	2131	2021	2035	2123	2333	2584	2779	2948	3038	2976	2884	2742	2584	2412	2251	2111	1997	1880	
61	5327	59.7	60.4	17	1	1	2	956	1232	1852	2780	3802	4680	5123	5208	5088	4778	4438	4016	3693	3304	3032	2754	2633	2668	2852	3133	3410	3614	3740	3690	3490	3351	3084	2848	2644	2423	2277	2120	
61	5344	59.9	60.1	17	1	1	2	961	1247	1886	2780	3818	4636	5088	5248	5042	4782	4451	4046	3649	3304	2983	2789	2627	2687	2839	3136	3484	3633	3720	3666	3521	3344	3081	2833	2626	2437	2264	2147	
61	5361	60.0	60.0	17	1	1	2	956	1233	1909	2787	3858	4674	5129	5259	5109	4781	4441	4113	3688	3331	3044	2805	2665	2704	2845	3180	3455	3657	3765	3680	3554	3321	3097	2867	2641	2429	2271	2131	
61	5379	60.0	60.0	17	1	1	2	969	1251	1912	2800	3863	4692	5163	5276	5151	4835	4452	4091	3710	3299	3004	2803	2632	2693	2871	3122	3450	3644	3743	3695	3537	3360	3088	2857	2609	2400	2279	2138	
61	5396	60.0	60.0	17	1	1	2	946	1256	1921	2818	3881	4684	5186	5260	5139	4822	4493	4055	3733	3364	3029	2764	2657	2684	2874	3173	3436	3684	3760	3704	3542	3377	3102	2856	2628	2430	2284	2137	
61	5413	59.9	60.0	17	1	1	2	951	1258	1897	2804	3842	4726	5152	5220	5137	4834	4481	4092	3738	3334	3051	2781	2626	2675	2872	3142	3451	3671	3742	3658	3507	3353	3109	2849	2626	2430	2272	2124	
61	5430	60.0	60.0	17	1	1	2	967	1252	1890	2832	3829	4710	5113	5269	5090	4830	4502	4068	3716	3308	3033	2759	2662	2706	2907	3165	3445	3635	3746	3702	3563	3340	3105	2868	2616	2469	2282	2132	
61	5495	95.4	94.9	18	1	0	2	866	1034	1351	1802	2323	2752	3028	3143	3098	3011	2829	2662	2478	2272	2132	2059	2046	2153	2316	2575	2825	2965	3034	2964	2879	2787	2551	2447	2244	2087	2010	1873	
61	5512	95.0	95.0	18	1	0	2	890	1022	1329	1775	2274	2701	3020	3081	3076	2970	2828	2602	2451	2279	2123	2037	2026	2132	2332	2581	2787	2954	3028	2988	2875	2760	2563	2359	2240	2093	2001	1871	
61	5575	59.6	60.4	18	1	1	2	955	1247	1853	2751	3768	4641	5099	5193	5090	4776	4441	4048	3683	3283	2984	2743	2629	2692	2856	3156	3402	3643	3749	3625	3493	3332	3056	2826	2596	2404	2260	2133	
61	5592	60.0	60.1	18	1	1	2	950	1255	1864	2764	3784	4656	5105	5213	5056	4799	4455	4015	3650	3285	2995	2760	2639	2662	2859	3182	3462	3673	3744	3687	3499	3334	3082	2861	2623	2430	2273	2104	
61	5609	60.0	60.0	18	1	1	2	953	1252	1901	2747	3836	4662	5079	5219	5110	4793	4453	4052	3683	3311	2992	2784	2652	2667	2888	3141	3443	3648	3729	3669	3490	3389	3089	2855	2649	2432	2266	2145	
61	5627	59.9	60.0	18	1	1	2	960	1251	1875	2791	3825	4661	5119	5234	5119	4783	4504	4045	3691	3308	2989	2770	2640	2734	2866	3134	3460	3684	3730	3639	3538	3322	3082	2853	2605	2419	2269	2131	
61	5644	60.0	60.0	18	1	1	2	949	1256	1883	2802	3827	4715	5137	5256	5170	4851	4484	4065	3724	3334	3019	2762	2675	2685	2887	3142	3426	3664	3729	3668	3520	3348	3058	2857	2639	2439	2277	2131	
61	5661	60.0	60.0	18	1	1	2	944	1270	1882	2811	3848	4680	5121	5274	5129	4834	4453	4044	3677	3338	3034	2826	2653	2706	2868	3164	3403	3677	3769	3687	3539	3367	3090	2840	2631	2455	2272	2130	
61	5678	60.0	60.0	18	1	1	2	944	1273	1886	2786	3891	4717	5166	5289	5111	4826	4519	4063	3704	3336	2988	2797	2635	2664	2881	3173	3473	3686	3772	3666	3527	3360	3094	2858	2610	2435	2286	2125	
61	5743	95.5	94.9	19	1	0	2	893	1039	1354	1808	2308	2735	3011	3117	3064	2984	2861	2645	2479	2251	2159	2048	2044	2154	2321	2584	2820	2937	3048	2976	2893	2774	2571	2405	2231	2113	1978	1873	
61	5760	95.0	95.0	19	1	0	2	884	1025	1326	1792	2286	2744	2996	3098	3063	2979	2840	2590	2429	2266	2122	2036	2010	2159	2300	2541	2801	2947	2994	3001	2859	2718	2574	2400	2256	2090	1973	1899	
61	5823	59.7	60.4	19	1	1	2	959	1252	1868	2752	3774	4666	5124	5220	5023	4740	4440	4034	3645	3301	2989	2746	2632	2675	2875	3109	3408	3675	3736	3650	3514	3318	3046	2865	2639	2426	2260	2130	
61	5840	60.0	60.0	19	1	1	2	965	1251	1881	2821	3799	4647	5113	5215	5115	4802	4444	4060	3690	3310	2981	2768	2648	2650	2861	3135	3415	3662	3736	3677	3492	3316	3060	2828	2632	2392	2248	2120	
61	5858	59.9	60.0	19	1	1	2	969	1256	1867	2763	3834	4696	5120	5260	5112	4799	4461	4050	3697	3323	3007	2780	2668	2692	2864	3128	3447	3657	3746	3688	3511	3332	3091	2820	2621	2438	2279	2118	
61	5875	60.0	60.0	19	1	1	2	951	1250	1892	2774	3829	4693	5102	5246	5144	4805	4448	4027	3693	3329	2988	2797	2650	2709	2872	3151	3418	3644	3714	3691	3528	3347	3091	2847	2626	2408	2275	2140	
61	5892	60.0	60.0	19	1	1	2	943	1205	1901	2821	3826	4722	5116	5249	5089	4840	4467	4091	3700	3319	3023	2772	2656	2684	2892	3143	3464	3643	3731	3677	3510	3342	3076	2839	2627	2423	2278	2107	
61	5909	59.9	60.0	19	1	1	2	955	1246	1886	2791	3824	4704	5109	5221	5137	4790	4479	4054	3688	3290	3029	2782	2644	2686	2858	3142	3449	3679	3725	3667	3515	3342	3102	2846	2606	2430	2263	2149	
61	5927	60.0	60.0	19	1	1	2	947	1282	1889	2786	3824	4655	5117	5233	5106	4797	4437	4061	3704	3317	3007	2770	2649	2668	2843	3164	3426	3687	3753	3687	3506	3329	3081	2864	2633	2425	2288	2109	
61	5991	95.5	94.9	20	1	0	2	893	1040	1329	1764	2287	2756	2994	3101	3120	2994	2858	2652	2483	2278	2153	2056	2024	2126	2324	2548	2810	2986	3008	2981	2855	2749	2575	2403	2247	2110	2004	1873	
61	6008	95.0	95.0	20	1	0	2	901	1021	1318	1782	2269	2698	3038	3082	3090	2965	2814	2611	2472	2243	2145	2036	2016	2138	2305	2572	2744	2954	3006	2973	2829	2741	2571	2412	2230	2107	2000	1885	
61	6071	59.6	60.4	20	1	1	2	958	1248	1852	2773	3767	4631	5042	5195	5045	4697	4433	4032	3633	3292	2989	2771	2655	2683	2841	3115	3398	3629	3716	3698	3488	3357	3054	2853	2647	2432	2238	2142	
61	6088	60.0	60.1	20	1	1	2	971	1252	1853	2790	3785	4635	5125	5162	5026	4775	4396	3999	3652	3307	2999	2757	2609	2666	2869	3137	3409	3659	3685	3655	3497	3290	3046	2815	2637	2431	2260	2113	
61	6106	59.9	60.0	20	1	1	2	992	1253	1883	2804	3813	4685	5113	5243	5076	4809	4446	4042	3678	3294	3002	2752	2640	2700	2844	3122	3451	3635	3709	3705	3501	3354	3083	2836	2600	2425	2262	2125	
61	6123	59.9	60.0	20	1	1	2	949	1257	1878	2803	3847	4689	5134	5260	5118	4786	4470	4039	3658	3322	2992	2774	2687	2669	2870	3149	3454	3649	3746	3677	3516	3319	3075	2867	2676	2421	2240	2129	
61	6140	59.9	60.0	20	1	1	2	947	1240	1890	2791	3825	4674	5126	5212	5098	4784	4457	4051	3690	3276	3006	2755	2663	2668	2849	3137	3448	3624	3739	3650	3545	3322	3056	2820	2604	2423	2260	2153	
61	6157	60.0	60.0	20	1	1	2	960	1278	1897	2780	3853	4702	5128	5266	5092	4786	4530	4004	3702	3311	3028	2749	2627	2676	2845	3130	3440	3647	3701	3687	3507	3344	3044	2854	2584	2433	2271	2133	
61	6175	60.0	60.0	20	1	1	2	964	1252	1928	2807	3824	4667	5098	5237	5097	4800	4495	4052	3661	3293	3010	2772	2655	2680	2866	3152	3411	3653	3763	3653	3512	3357	3076	2832	2595	2423	2260	2134	
61	6239	95.5	94.8	21	1	0	2	890	1025	1333	1787	2282	2716	3022	3134	3089	2959	2852	2629	2462	2261	2114	2033	1997	2106	2306	2561	2797	2956	3009	2981	2828	2742	2559	2419	2242	2115	1995	1882	
61	6256	95.0	95.0	21	1	0	2	883	1012	1321	1767	2277	2716	2982	3088	3061	2970	2809	2611	2440	2265	2110	2017	2014	2129	2304	2539	2792	2932	2994	2954	2840	2717	2536	2408	2229	2094	1972	1861	
61	6317	59.7	60.5	21	1	1	2	930	1235	1861	2756	3784	4631	5078	5227	5061	4709	4459	4033	3654	3268	2984	2718	2652	2668	2853	3130	3413	3620	3735	3645	3507	3330	3071	2854	2612	2456	2247	2107	
61	6334	60.0	60.1	21	1	1	2	946	1257	1876	2757	3806	4639	5090	5237	5061	4721	4393	4023	3679	3290	2963	2770	2609	2684	2839	3102	3421	3633	3700	3683	3481	3325	3074	2842	2575	2436	2257	2106	
61	6352	60.0	60.0	21	1	1	2	939	1248	1889	2811	3776	4647	5080	5224	5101	4792	4464	4064	3647	3310	2980	2743	2596	2692	2866	3147	3439	3666	3719	3657	3527	3334	3071	2834	2618	2441	2240	2129	
61	6369	60.0	60.0	21	1	1	2	962	1249	1888	2737	3782	4654	5117	5251	5124	4809	4461	4059	3660	3312	2982	2774	2642	2664	2871	3160	3444	3626	3709	3674	3508	3315	3082	2842	2617	2408	2258	2117	
61	6386	59.9	60.0	21	1	1	2	948	1247	1887	2792	3843	4697	5115	5283	5125	4797	4525	4082	3709	3341	3026	2769	2661	2687	2871	3140	3426	3673	3750	3692	3526	3305	3047	2867	2648	2418	2279	2137	
61	6403	60.0	60.0	21	1	1	2	948	1250	1882	2801	3869	4679	5101	5240	5095	4802	4465	4044	3691	3312	3032	2769	2632	2672	2902	3133	3432	3648	3753	3686	3514	3343	3109	2873	2624	2422	2278	2120	
61	6421	60.0	60.0	21	1	1	2	945	1239	1888	2823	3809	4697	5103	5218	5080	4808	4493	4051	3664	3346	3032	2794	2624	2673	2865	3123	3402	3652	3740	3690	3523	3320	3065	2853	2548	2419	2244	2132	
61	6483	95.3	94.9	22	1	0	2	890	1033	1354	1768	2309	2721	2991	3124	3070	2963	2876	2648	2470	2260	2141	2038	2007	2131	2303	2560	2793	2923	2999	2996	2869	2735	2573	2379	2234	2093	1966	1901	
61	6501	95.0	95.0	22	1	0	2	886	1020	1338	1785	2270	2722	2969	3094	3118	2936	2793	2648	2436	2249	2119	2023	2028	2129	2301	2547	2790	2937	3005	2948	2843	2701	2579	2420	2222	2102	1980	1876	
61	6563	59.6	60.4	22	1	1	2	948	1250	1866	2741	3759	4608	5076	5143	5037	4780	4396	4037	3674	3290	2981	2730	2613	2651	2832	3110	3410	3607	3718	3652	3452	3290	3036	2852	2628	2410	2283	2136	
61	6581	59.9	60.1	22	1	1	2	962	1238	1886	2757	3816	4659	5049	5205	5017	4759	4420	4036	3639	3272	2979	2742	2642	2646	2848	3151	3399	3602	3684	3660	3486	3342	3073	2825	2649	2421	2243	2117	
61	6598	60.0	60.0	22	1	1	2	945	1240	1868	2776	3800	4628	5082	5217	5089	4805	4432	4019	3692	3297	2973	2738	2627	2689	2867	3139	3406	3640	3737	3653	3500	3326	3067	2855	2620	2412	2249	2109	
61	6615	60.0	60.0	22	1	1	2	948	1270	1889	2776	3786	4667	5107	5228	5078	4739	4478	4034	3674	3290	3012	2768	2624	2695	2876	3165	3421	3652	3719	3705	3504	3330	3059	2815	2630	2415	2286	2105	
61	6632	60.0	60.0	22	1	1	2	961	1251	1869	2778	3841	4674	5089	5221	5076	4802	4465	4058	3660	3311	3056	2771	2645	2698	2873	3175	3445	3656	3726	3649	3539	3393	3044	2840	2599	2442	2262	2101	
61	6650	59.9	60.0	22	1	1	2	951	1256	1894	2778	3851	4688	5109	5204	5080	4803	4440	4047	3699	3323	2981	2758	2633	2717	2845	3145	3436	3656	3728	3630	3493	3368	3066	2850	2623	2411	2262	2114	
61	6667	60.0	60.0	22	1	1	2	960	1263	1877	2763	3804	4680	5143	5247	5087	4765	4501	4051	3643	3296	3013	2749	2635	2675	2809	3139	3425	3632	3741	3658	3512	3327	3070	2849	2603	2416	2275	2118	
61	6729	95.4	94.9	23	1	0	2	887	1034	1354	1773	2269	2743	3020	3144	3114	3008	2855	2629	2447	2278	2138	2059	2030	2115	2306	2543	2814	2916	2983	2957	2854	2757	2551	2380	2245	2080	1973	1879	
61	6747	95.0	95.0	23	1	0	2	882	1013	1332	1763	2286	2727	2996	3075	3075	2954	2826	2649	2420	2264	2117	2015	2030	2125	2308	2573	2800	2948	3002	2972	2849	2715	2549	2429	2245	2094	1975	1858	
61	6810	59.7	60.2	23	1	1	2	946	1233	1858	2756	3763	4614	5064	5135	5094	4722	4384	4008	3622	3265	2960	2745	2621	2661	2852	3110	3392	3617	3707	3653	3466	3304	3037	2826	2598	2422	2265	2134	
61	6827	60.0	60.1	23	1	1	2	962	1251	1858	2739	3767	4610	5049	5181	5061	4679	4392	4007	3621	3265	2952	2717	2618	2670	2851	3133	3399	3640	3705	3627	3494	3296	3067	2825	2584	2444	2288	2125	
61	6844	60.0	60.0	23	1	1	2	953	1255	1864	2749	3781	4599	5074	5220	5068	4752	4391	4056	3650	3304	3008	2762	2640	2660	2822	3145	3414	3643	3697	3645	3504	3306	3068	2806	2605	2407	2268	2087	
61	6861	60.0	60.0	23	1	1	2	954	1242	1877	2787	3816	4638	5092	5214	5097	4790	4504	4027	3685	3304	2980	2785	2652	2666	2869	3122	3416	3632	3770	3649	3458	3344	3074	2827	2619	2389	2258	2108	
61	6878	60.0	60.0	23	1	1	2	941	1238	1874	2753	3796	4660	5117	5211	5078	4759	4455	4046	3679	3305	2986	2756	2663	2674	2844	3133	3417	3621	3723	3684	3445	3330	3101	2845	2632	2418	2267	2112	
61	6896	60.0	60.0	23	1	1	2	952	1242	1906	2790	3830	4664	5138	5217	5129	4799	4458	4053	3668	3310	3004	2759	2672	2685	2854	3115	3398	3653	3741	3656	3512	3312	3053	2839	2624	2430	2273	2121	
61	6913	60.0	60.0	23	1	1	2	957	1255	1876	2813	3834	4645	5095	5196	5056	4764	4449	4050	3658	3267	2988	2738	2651	2660	2852	3151	3415	3645	3706	3642	3508	3301	3016	2866	2589	2385	2274	2149	
61	6975	95.5	94.7	24	1	0	2	888	1040	1318	1781	2326	2757	3006	3096	3123	2981	2841	2616	2460	2285	2117	2042	2034	2137	2305	2544	2803	2980	2980	2981	2869	2753	2551	2398	2246	2097	1969	1876	
61	6993	95.0	95.0	24	1	0	2	881	1036	1339	1768	2278	2747	3000	3117	3062	2970	2822	2612	2441	2221	2099	2027	2025	2108	2334	2536	2765	2952	3006	2936	2864	2735	2547	2442	2242	2114	1984	1860	
61	7056	59.6	60.2	24	1	1	2	944	1234	1857	2768	3709	4607	5086	5171	5046	4742	4438	4029	3641	3306	2979	2760	2609	2638	2815	3110	3409	3624	3699	3663	3467	3293	3046	2818	2629	2417	2280	2113	
61	7073	60.0	60.0	24	1	1	2	940	1259	1876	2802	3792	4637	5065	5164	5017	4747	4396	3993	3649	3255	2988	2800	2606	2664	2839	3102	3422	3603	3708	3674	3531	3345	3060	2850	2586	2417	2235	2123	
61	7090	59.9	60.0	24	1	1	2	949	1248	1886	2828	3799	4674	5130	5203	5075	4781	4445	4052	3695	3292	3028	2756	2633	2672	2842	3116	3394	3692	3746	3676	3480	3345	3080	2859	2628	2431	2259	2105	
61	7107	59.9	60.0	24	1	1	2	938	1253	1870	2762	3808	4636	5085	5197	5091	4767	4441	4051	3674	3303	3000	2756	2620	2639	2868	3148	3408	3654	3733	3635	3511	3331	3053	2840	2592	2437	2238	2115	
61	7125	60.0	60.0	24	1	1	2	950	1255	1891	2772	3845	4712	5136	5204	5077	4798	4438	4036	3683	3306	3010	2744	2655	2677	2868	3148	3432	3678	3781	3673	3516	3322	3061	2859	2605	2432	2292	2117	
61	7142	60.0	60.0	24	1	1	2	961	1250	1889	2798	3852	4690	5128	5244	5126	4794	4456	4047	3667	3332	3015	2744	2659	2661	2847	3135	3452	3613	3736	3660	3511	3354	3042	2823	2600	2428	2266	2126	
61	7159	60.0	60.0	24	1	1	2	953	1243	1906	2774	3819	4653	5155	5223	5093	4760	4449	4052	3675	3294	3009	2766	2637	2716	2880	3177	3423	3610	3717	3649	3529	3344	3083	2836	2580	2424	2278	2115	
61	7224	95.3	95.0	25	1	0	2	900	1033	1329	1757	2287	2744	3008	3099	3097	2988	2852	2653	2448	2252	2102	2033	2011	2132	2314	2569	2805	2980	2996	2985	2865	2761	2537	2424	2252	2093	1980	1906	
61	7241	95.0	95.0	25	1	0	2	887	1039	1351	1758	2256	2746	3008	3071	3092	2952	2837	2634	2445	2258	2112	2032	2014	2138	2323	2545	2772	2936	3010	2966	2861	2753	2568	2405	2253	2097	1974	1885	
61	7304	59.7	60.2	25	1	1	2	959	1242	1888	2744	3800	4611	5078	5199	5038	4757	4431	4072	3625	3284	2995	2755	2598	2660	2834	3136	3424	3644	3696	3629	3506	3339	3115	2826	2614	2420	2249	2109	
61	7321	60.0	60.1	25	1	1	2	963	1235	1868	2763	3762	4632	5082	5172	5065	4745	4426	3998	3635	3297	2964	2739	2594	2664	2837	3086	3416	3626	3684	3638	3460	3308	3059	2829	2598	2410	2280	2113	
61	7338	59.9	60.0	25	1	1	2	952	1251	1869	2765	3816	4629	5140	5214	5057	4783	4409	4053	3661	3299	3000	2718	2609	2665	2849	3128	3410	3658	3696	3635	3501	3325	3069	2826	2613	2436	2273	2108	
61	7355	59.9	60.0	25	1	1	2	948	1241	1896	2792	3847	4658	5120	5220	5075	4783	4465	4026	3672	3307	3008	2738	2637	2666	2887	3134	3443	3633	3718	3649	3483	3314	3074	2837	2590	2422	2272	2110	
61	7373	60.0	60.0	25	1	1	2	955	1237	1896	2832	3828	4678	5130	5195	5142	4830	4461	4040	3697	3303	3018	2737	2663	2656	2850	3122	3432	3655	3764	3688	3528	3317	3073	2896	2624	2414	2278	2165	
61	7390	60.0	60.0	25	1	1	2	958	1268	1896	2784	3826	4689	5071	5195	5092	4808	4460	4049	3736	3306	3015	2752	2632	2695	2868	3119	3412	3655	3704	3701	3569	3357	3063	2839	2636	2403	2263	2122	
61	7407	59.9	60.0	25	1	1	2	936	1257	1863	2776	3825	4677	5108	5210	5086	4778	4431	4086	3693	3326	2994	2761	2657	2696	2828	3149	3415	3676	3719	3655	3524	3314	3080	2812	2635	2466	2256	2109	
61	7472	95.3	95.0	26	1	0	2	899	1034	1315	1763	2302	2728	3001	3088	3080	2957	2831	2636	2455	2234	2132	2054	2046	2126	2306	2554	2793	2959	2997	2977	2876	2738	2545	2410	2236	2110	1998	1885	
61	7489	95.0	95.0	26	1	0	2	883	1038	1328	1768	2286	2721	2971	3097	3078	2945	2841	2609	2443	2250	2128	2040	2038	2109	2320	2553	2770	2931	3012	2958	2836	2746	2560	2416	2228	2127	1973	1860	
61	7552	59.6	60.4	26	1	1	2	948	1243	1861	2776	3763	4594	5069	5160	5028	4741	4426	3980	3655	3247	2972	2740	2612	2653	2823	3120	3396	3612	3732	3639	3473	3349	3079	2832	2598	2398	2246	2105	
61	7569	59.9	60.1	26	1	1	2	956	1247	1882	2762	3793	4644	5077	5198	5077	4738	4421	4067	3648	3284	2988	2766	2638	2659	2822	3161	3428	3594	3728	3652	3502	3322	3049	2800	2615	2441	2251	2132	
61	7586	60.0	60.0	26	1	1	2	962	1242	1889	2774	3833	4628	5063	5255	5083	4746	4444	4030	3663	3279	2973	2732	2656	2689	2842	3116	3422	3639	3714	3655	3476	3298	3074	2838	2619	2408	2285	2132	
61	7603	59.9	60.0	26	1	1	2	948	1252	1891	2766	3858	4658	5101	5235	5107	4786	4462	4038	3699	3294	3014	2759	2619	2639	2859	3135	3429	3637	3723	3682	3522	3345	3067	2852	2623	2436	2265	2120	
61	7621	60.0	60.0	26	1	1	2	949	1243	1892	2773	3832	4670	5112	5266	5081	4791	4480	4062	3705	3316	2987	2759	2665	2664	2852	3149	3420	3637	3745	3674	3534	3297	3058	2860	2584	2435	2253	2128	
61	7638	60.0	60.0	26	1	1	2	959	1243	1900	2778	3813	4660	5129	5264	5122	4781	4470	4021	3714	3320	3015	2798	2641	2687	2879	3088	3464	3656	3726	3669	3534	3325	3092	2867	2597	2387	2254	2106	
61	7655	59.9	60.0	26	1	1	2	959	1256	1892	2766	3843	4684	5125	5247	5070	4784	4444	4004	3660	3272	3005	2754	2652	2671	2869	3157	3452	3652	3715	3676	3507	3351	3061	2835	2648	2413	2274	2152	
61	7718	95.2	95.0	27	1	0	2	882	1045	1337	1778	2296	2733	3017	3128	3072	2997	2839	2632	2473	2277	2138	2033	2051	2124	2305	2580	2794	2953	3019	2942	2852	2709	2537	2393	2253	2122	1984	1886	
61	7735	95.0	95.0	27	1	0	2	887	1027	1320	1768	2322	2760	3018	3100	3054	2957	2789	2596	2439	2261	2123	2042	2034	2115	2326	2554	2757	2961	2995	2954	2844	2713	2560	2388	2260	2116	1980	1826	
61	7798	59.7	60.2	27	1	1	2	951	1259	1894	2751	3815	4644	5057	5161	5008	4762	4407	4016	3668	3278	2977	2763	2590	2632	2829	3126	3415	3661	3691	3667	3507	3334	3036	2806	2595	2436	2268	2151	
61	7815	59.9	60.1	27	1	1	2	954	1260	1875	2758	3780	4654	5063	5158	5048	4762	4425	4060	3675	3296	2990	2760	2615	2668	2855	3111	3413	3626	3734	3670	3500	3349	3055	2838	2608	2365	2248	2104	
61	7832	59.9	60.0	27	1	1	2	959	1252	1895	2794	3790	4640	5099	5189	5043	4743	4470	4024	3688	3290	2989	2743	2592	2691	2837	3132	3451	3612	3737	3639	3488	3324	3045	2856	2618	2434	2268	2102	
61	7850	60.0	60.0	27	1	1	2	943	1252	1878	2781	3777	4671	5136	5222	5096	4785	4438	4031	3703	3344	2986	2757	2648	2650	2872	3119	3392	3656	3712	3692	3518	3339	3064	2817	2657	2432	2264	2107	
61	7867	59.9	60.0	27	1	1	2	933	1256	1886	2796	3814	4698	5085	5247	5089	4741	4443	4044	3692	3298	3007	2730	2630	2679	2848	3126	3420	3643	3739	3676	3513	3324	3056	2850	2625	2394	2276	2110	
61	7884	60.0	60.0	27	1	1	2	952	1234	1901	2780	3816	4654	5102	5214	5085	4831	4444	4026	3689	3305	2986	2789	2633	2661	2856	3140	3446	3647	3690	3672	3496	3328	3067	2842	2583	2410	2247	2120	
61	7901	60.0	60.0	27	1	1	2	950	1240	1882	2779	3817	4654	5110	5218	5076	4794	4476	4051	3691	3321	3002	2738	2635	2640	2849	3108	3432	3640	3741	3637	3490	3317	3093	2850	2653	2401	2297	2112	
61	7964	95.3	94.9	28	1	0	2	903	1040	1352	1802	2283	2764	2995	3133	3101	2979	2832	2628	2478	2275	2119	2045	2043	2130	2323	2556	2775	2986	3029	2969	2852	2723	2556	2426	2292	2118	1978	1894	
61	7981	95.0	95.0	28	1	0	2	895	1022	1341	1783	2274	2736	3024	3098	3083	2959	2808	2619	2442	2264	2056	2003	2006	2129	2334	2534	2807	2960	2996	2992	2838	2711	2551	2376	2224	2113	2001	1852	
61	8044	59.6	60.4	28	1	1	2	971	1256	1852	2758	3780	4630	5045	5162	5085	4726	4397	4010	3652	3262	2982	2755	2661	2661	2872	3116	3442	3624	3713	3682	3470	3320	3054	2880	2612	2399	2275	2117	
61	8061	60.0	60.1	28	1	1	2	956	1244	1878	2723	3787	4623	5112	5200	5107	4774	4413	4053	3683	3266	2993	2733	2650	2681	2830	3095	3420	3635	3715	3632	3512	3340	3041	2814	2601	2426	2257	2103	
61	8078	59.9	60.0	28	1	1	2	948	1247	1883	2778	3821	4687	5096	5218	5072	4741	4466	4033	3664	3281	2997	2771	2643	2672	2858	3112	3425	3653	3733	3677	3468	3318	3059	2839	2584	2408	2244	2130	
61	8096	59.9	60.0	28	1	1	2	941	1244	1873	2800	3813	4675	5113	5207	5089	4781	4437	4074	3648	3322	3011	2757	2633	2682	2867	3107	3437	3640	3739	3648	3442	3331	3080	2863	2621	2427	2256	2114	
61	8113	60.0	60.0	28	1	1	2	941	1252	1872	2770	3844	4603	5052	5213	5101	4790	4461	4060	3682	3312	2985	2769	2649	2674	2863	3152	3415	3660	3680	3690	3525	3341	3077	2847	2602	2427	2267	2123	
61	8130	60.0	60.0	28	1	1	2	937	1242	1890	2794	3827	4625	5118	5253	5092	4762	4481	4080	3683	3291	3017	2763	2633	2624	2828	3136	3414	3678	3693	3657	3524	3322	3069	2833	2627	2453	2262	2120	
61	8147	60.0	60.0	28	1	1	2	955	1250	1867	2772	3804	4654	5109	5237	5082	4791	4427	4012	3681	3300	3020	2759	2628	2672	2838	3121	3445	3647	3712	3628	3524	3327	3044	2840	2626	2412	2264	2116	
61	8212	95.5	94.9	29	1	0	2	885	1026	1352	1791	2288	2722	3021	3144	3096	2983	2817	2637	2458	2256	2104	2035	2033	2119	2308	2571	2773	2982	3027	2985	2831	2723	2574	2403	2226	2124	1985	1907	
61	8229	95.0	95.0	29	1	0	2	879	1025	1329	1771	2275	2681	2970	3103	3058	3006	2831	2637	2461	2247	2125	2016	2038	2109	2314	2567	2751	2984	3002	2967	2879	2736	2561	2380	2226	2105	1969	1894	
61	8292	59.6	60.4	29	1	1	2	958	1226	1861	2772	3773	4638	5072	5198	5060	4754	4402	4028	3674	3296	2980	2747	2629	2670	2855	3122	3413	3597	3698	3622	3475	3333	3063	2833	2581	2414	2256	2101	
61	8309	59.9	60.0	29	1	1	2	947	1228	1854	2765	3807	4636	5084	5197	5037	4747	4471	4007	3651	3297	2975	2756	2619	2636	2867	3155	3402	3612	3714	3634	3461	3320	3042	2827	2622	2415	2258	2134	
61	8326	59.9	60.0	29	1	1	2	948	1225	1873	2766	3790	4642	5038	5226	5044	4763	4439	4013	3644	3296	2988	2734	2610	2687	2839	3129	3404	3602	3740	3655	3496	3299	3047	2812	2617	2444	2296	2122	
61	8344	60.0	60.0	29	1	1	2	942	1253	1886	2773	3826	4641	5114	5225	5040	4787	4468	4068	3710	3309	3008	2781	2658	2664	2853	3118	3443	3665	3737	3697	3500	3316	3084	2849	2619	2409	2262	2094	
61	8361	59.9	60.0	29	1	1	2	961	1245	1890	2767	3822	4668	5114	5269	5106	4796	4456	4055	3691	3261	2999	2782	2666	2680	2843	3106	3451	3637	3740	3680	3513	3324	3085	2836	2628	2433	2269	2114	
61	8378	60.0	60.0	29	1	1	2	952	1240	1888	2787	3804	4693	5085	5246	5142	4790	4487	4071	3699	3305	2982	2761	2612	2673	2878	3133	3413	3665	3723	3661	3530	3308	3059	2852	2606	2421	2262	2110	
61	8395	60.0	60.0	29	1	1	2	965	1246	1884	2771	3837	4688	5144	5252	5130	4770	4477	4037	3709	3297	3026	2740	2649	2659	2849	3157	3404	3630	3755	3670	3530	3313	3059	2828	2617	2422	2268	2084	
61	8460	95.5	94.9	30	1	0	2	897	1034	1346	1780	2311	2746	3028	3094	3116	3003	2824	2624	2422	2275	2115	2028	2039	2126	2297	2506	2772	2950	3001	2984	2854	2734	2606	2350	2242	2120	1996	1856	
61	8477	95.0	95.0	30	1	0	2	889	1033	1334	1782	2310	2752	3002	3106	3076	2978	2818	2605	2433	2248	2115	2012	2018	2119	2302	2546	2807	2938	3001	2965	2828	2731	2536	2422	2220	2087	1935	1862	
61	8540	59.6	60.4	30	1	1	2	922	1232	1883	2726	3776	4651	5081	5092	5035	4767	4402	4017	3623	3266	2980	2714	2589	2660	2830	3104	3410	3596	3686	3680	3506	3316	3059	2796	2601	2420	2262	2122	
61	8557	59.9	60.1	30	1	1	2	931	1249	1850	2783	3798	4647	5072	5234	5022	4800	4400	4013	3658	3305	2994	2742	2630	2656	2850	3116	3406	3632	3708	3644	3487	3318	3063	2830	2588	2412	2278	2110	
61	8575	60.0	60.0	30	1	1	2	947	1252	1858	2786	3807	4626	5092	5238	5047	4738	4470	4042	3665	3304	2989	2775	2646	2664	2859	3137	3475	3673	3721	3673	3510	3341	3074	2836	2616	2398	2257	2124	
61	8592	59.9	60.0	30	1	1	2	965	1249	1884	2755	3793	4643	5094	5244	5070	4758	4484	4039	3686	3287	2998	2767	2630	2637	2827	3141	3410	3636	3737	3646	3509	3364	3082	2832	2573	2425	2276	2112	
61	8609	60.0	60.0	30	1	1	2	951	1282	1896	2791	3830	4671	5136	5221	5125	4808	4484	4037	3661	3327	3007	2769	2644	2695	2856	3139	3406	3643	3724	3694	3487	3299	3085	2856	2608	2412	2267	2116	
61	8626	60.0	60.0	30	1	1	2	947	1266	1889	2787	3860	4665	5152	5252	5094	4833	4451	4059	3670	3309	3006	2750	2646	2684	2866	3111	3407	3632	3713	3645	3509	3344	3067	2840	2610	2417	2252	2104	
61	8644	60.0	60.0	30	1	1	2	963	1253	1894	2767	3816	4671	5117	5193	5074	4762	4461	4027	3670	3290	3031	2760	2638	2684	2842	3121	3393	3622	3719	3653	3512	3335	3069	2833	2581	2425	2246	2104	
61	8706	95.3	94.8	31	1	0	2	899	1043	1322	1785	2308	2774	3011	3122	3098	2978	2850	2640	2482	2268	2120	2038	2031	2136	2313	2556	2782	2940	3012	2989	2837	2769	2581	2394	2247	2119	1980	1879	
61	8723	95.0	95.0	31	1	0	2	878	1038	1349	1766	2264	2703	2954	3106	3081	2961	2847	2616	2462	2223	2121	2033	2019	2133	2289	2580	2780	2930	2999	2943	2855	2693	2543	2380	2241	2078	1965	1866	
61	8786	59.6	60.4	31	1	1	2	956	1246	1874	2711	3823	4608	5007	5169	5045	4781	4452	4010	3679	3268	2958	2764	2644	2661	2844	3116	3424	3620	3709	3692	3483	3313	3060	2832	2598	2393	2262	2126	
61	8803	60.0	60.0	31	1	1	2	936	1232	1891	2793	3783	4643	5113	5229	5034	4771	4438	4014	3650	3301	3011	2755	2622	2680	2870	3144	3442	3682	3747	3653	3484	3279	3082	2852	2592	2386	2256	2112	
61	8821	60.0	60.0	31	1	1	2	956	1237	1881	2804	3807	4672	5101	5224	5066	4802	4436	4030	3683	3319	3015	2747	2621	2657	2876	3134	3409	3626	3688	3636	3476	3342	3100	2840	2600	2418	2267	2102	
61	8838	60.0	60.0	31	1	1	2	950	1266	1874	2786	3821	4710	5154	5224	5085	4782	4467	4038	3741	3311	3036	2771	2652	2695	2865	3127	3387	3659	3693	3690	3505	3361	3088	2830	2600	2422	2264	2117	
61	8855	60.0	60.0	31	1	1	2	950	1245	1872	2787	3870	4715	5129	5228	5127	4785	4476	4055	3714	3304	2984	2788	2659	2680	2864	3166	3398	3609	3734	3690	3509	3335	3092	2867	2605	2445	2269	2118	
61	8872	59.9	60.0	31	1	1	2	962	1255	1890	2812	3846	4720	5171	5229	5127	4780	4479	4059	3738	3297	3034	2797	2654	2689	2840	3150	3443	3674	3713	3646	3515	3338	3061	2871	2600	2428	2263	2116	
61	8890	60.0	60.0	31	1	1	2	946	1254	1902	2783	3860	4686	5134	5241	5128	4824	4439	4066	3707	3344	3005	2755	2638	2689	2819	3135	3422	3663	3732	3653	3486	3324	3090	2840	2621	2454	2276	2106	
61	8952	95.3	94.9	32	1	0	2	894	1036	1326	1796	2303	2760	3022	3133	3133	3015	2861	2619	2470	2283	2125	2042	2033	2149	2314	2541	2787	2967	3021	2992	2872	2725	2552	2392	2235	2114	2004	1887	
61	8969	95.0	95.0	32	1	0	2	894	1032	1360	1770	2315	2740	2991	3144	3089	3004	2833	2630	2475	2248	2109	2040	2017	2133	2314	2543	2797	2939	3000	2946	2868	2692	2552	2416	2227	2121	1971	1850	
61	9032	59.7	60.4	32	1	1	2	949	1245	1899	2789	3795	4654	5119	5229	5087	4825	4485	4043	3667	3310	2997	2755	2646	2664	2865	3126	3424	3607	3727	3688	3493	3341	3080	2854	2620	2436	2258	2117	
61	9049	59.9	60.0	32	1	1	2	952	1233	1862	2809	3791	4673	5140	5199	5094	4793	4496	4048	3684	3324	2984	2760	2636	2643	2844	3130	3439	3668	3709	3622	3471	3331	3065	2850	2603	2407	2266	2109	
61	9067	60.0	60.0	32	1	1	2	948	1259	1895	2794	3844	4710	5098	5230	5149	4786	4466	4050	3668	3284	3015	2756	2655	2684	2857	3165	3425	3629	3683	3635	3499	3331	3059	2825	2624	2418	2266	2129	
61	9084	59.9	60.0	32	1	1	2	956	1242	1865	2800	3882	4688	5152	5235	5085	4786	4458	4056	3710	3354	3021	2782	2656	2664	2881	3153	3453	3664	3729	3649	3474	3324	3061	2815	2602	2424	2269	2127	
61	9101	60.0	60.0	32	1	1	2	945	1254	1888	2801	3831	4734	5165	5234	5127	4840	4518	4063	3697	3320	3043	2783	2667	2659	2869	3144	3430	3659	3703	3680	3523	3338	3048	2826	2592	2429	2267	2134	
61	9118	60.0	60.0	32	1	1	2	950	1255	1909	2800	3864	4708	5197	5269	5123	4797	4556	4082	3707	3324	3031	2800	2650	2662	2870	3159	3411	3654	3755	3676	3542	3342	3075	2827	2604	2437	2269	2088	
61	9136	59.9	60.0	32	1	1	2	942	1257	1892	2813	3830	4686	5136	5237	5082	4779	4499	4067	3721	3279	3002	2791	2648	2693	2874	3132	3444	3654	3726	3673	3516	3340	3057	2825	2580	2384	2261	2116	
61	9198	95.4	94.8	33	1	0	2	909	1045	1350	1788	2296	2777	2996	3153	3145	3007	2869	2615	2469	2262	2126	2028	2044	2132	2343	2544	2777	2980	3018	2953	2900	2730	2556	2399	2250	2128	1979	1873	
61	9216	95.0	95.0	33	1	0	2	885	1029	1345	1773	2288	2765	3023	3128	3084	2996	2833	2643	2468	2261	2137	2036	2041	2109	2308	2552	2795	2975	2994	2945	2858	2711	2582	2362	2230	2112	1982	1870	
61	9278	59.6	60.4	33	1	1	2	944	1240	1894	2799	3815	4665	5112	5282	5101	4817	4442	4066	3694	3319	3016	2768	2628	2672	2894	3140	3387	3665	3694	3618	3511	3294	3043	2835	2606	2422	2263	2096	
61	9296	59.9	60.1	33	1	1	2	940	1256	1911	2797	3787	4682	5136	5218	5130	4834	4485	4074	3707	3354	3014	2762	2652	2677	2869	3110	3435	3639	3734	3695	3522	3285	3055	2822	2613	2425	2273	2121	
61	9313	59.9	60.0	33	1	1	2	944	1237	1866	2824	3857	4745	5173	5299	5133	4839	4522	4089	3725	3340	3026	2797	2650	2692	2846	3179	3426	3624	3749	3646	3500	3344	3073	2847	2634	2431	2268	2134	
61	9330	59.9	60.0	33	1	1	2	947	1246	1881	2791	3857	4729	5233	5330	5171	4845	4548	4106	3701	3334	3031	2777	2678	2702	2840	3115	3429	3668	3740	3652	3482	3362	3053	2842	2639	2411	2274	2126	
61	9347	60.0	60.0	33	1	1	2	948	1272	1918	2820	3872	4732	5208	5305	5169	4884	4514	4143	3733	3331	3050	2799	2646	2708	2888	3155	3439	3702	3705	3666	3526	3351	3051	2842	2624	2417	2287	2119	
61	9365	60.0	60.0	33	1	1	2	967	1258	1888	2793	3904	4721	5153	5274	5159	4860	4546	4113	3717	3371	3023	2784	2667	2691	2883	3131	3468	3664	3695	3688	3511	3326	3068	2835	2613	2420	2264	2126	
61	9382	59.9	60.0	33	1	1	2	943	1263	1912	2809	3856	4748	5184	5309	5189	4887	4520	4124	3710	3347	3028	2797	2666	2674	2850	3145	3438	3661	3733	3665	3538	3326	3076	2834	2612	2422	2271	2132	
61	9444	95.3	94.9	34	1	0	2	887	1041	1358	1817	2355	2786	3063	3195	3196	3052	2891	2669	2495	2300	2150	2053	2031	2138	2336	2585	2793	2963	3037	2971	2861	2763	2573	2385	2239	2120	1999	1886	
61	9462	95.0	95.0	34	1	0	2	889	1031	1338	1825	2340	2824	3052	3184	3150	3008	2886	2641	2480	2273	2130	2046	2057	2162	2337	2561	2776	2965	3035	2966	2877	2739	2559	2422	2238	2091	1996	1880	
61	9524	59.7	60.4	34	1	1	2	951	1265	1916	2826	3866	4790	5263	5300	5197	4838	4539	4153	3760	3345	3044	2812	2683	2668	2868	3148	3468	3683	3730	3693	3529	3317	3073	2811	2624	2376	2235	2106	
61	9542	59.9	60.0	34	1	1	2	957	1256	1908	2804	3883	4738	5220	5349	5189	4893	4541	4111	3762	3369	3061	2807	2678	2708	2869	3150	3487	3664	3747	3661	3503	3322	3081	2834	2629	2427	2278	2120	
61	9559	59.9	60.0	34	1	1	2	963	1279	1899	2830	3904	4789	5231	5355	5251	4886	4564	4129	3744	3370	3074	2802	2674	2706	2932	3179	3434	3636	3748	3676	3532	3342	3094	2833	2610	2436	2258	2118	
61	9576	60.0	60.0	34	1	1	2	957	1257	1938	2845	3928	4808	5225	5387	5253	4915	4571	4166	3770	3382	3063	2825	2680	2705	2899	3175	3443	3669	3746	3702	3520	3353	3077	2851	2626	2419	2246	2113	
61	9593	60.0	60.0	34	1	1	2	947	1259	1928	2858	3916	4807	5267	5403	5242	4902	4581	4181	3803	3421	3097	2832	2684	2713	2921	3139	3434	3665	3773	3706	3520	3342	3106	2872	2653	2439	2277	2136	
61	9611	60.0	60.0	34	1	1	2	948	1265	1942	2827	3923	4848	5246	5367	5275	4984	4640	4170	3800	3398	3108	2840	2717	2745	2892	3169	3477	3680	3752	3703	3522	3337	3116	2858	2625	2418	2272	2138	
61	9628	59.9	60.0	34	1	1	2	958	1288	1912	2841	3954	4796	5271	5335	5253	4901	4561	4168	3781	3419	3080	2868	2671	2715	2889	3207	3448	3662	3752	3699	3525	3350	3121	2857	2617	2424	2277	2105	
61	9692	95.4	94.9	35	1	0	2	909	1049	1364	1842	2348	2847	3140	3266	3193	3087	2916	2707	2525	2329	2169	2093	2062	2138	2361	2589	2812	2990	3018	3004	2857	2748	2578	2409	2258	2123	2005	1907	
61	9710	95.0	95.0	35	1	0	2	881	1036	1370	1811	2364	2827	3100	3204	3190	3073	2898	2740	2503	2330	2161	2056	2063	2163	2326	2588	2774	2960	3038	2960	2848	2759	2568	2424	2253	2099	1989	1876	
61	9773	59.7	60.2	35	1	1	2	966	1267	1909	2863	3997	4848	5331	5464	5349	4988	4627	4265	3817	3424	3112	2861	2716	2724	2900	3181	3464	3664	3759	3707	3535	3354	3045	2871	2619	2408	2283	2162	
61	9790	60.0	60.0	35	1	1	2	957	1266	1924	2902	3993	4862	5391	5492	5359	5005	4616	4244	3820	3465	3141	2855	2721	2749	2907	3187	3451	3709	3754	3703	3527	3357	3095	2894	2613	2433	2284	2116	
61	9807	60.0	60.0	35	1	1	2	949	1294	1976	2873	4038	4876	5366	5482	5314	5048	4721	4293	3850	3429	3122	2878	2719	2753	2915	3174	3466	3691	3785	3724	3527	3385	3131	2877	2616	2440	2302	2145	
61	9824	60.0	60.0	35	1	1	2	955	1268	1969	2915	4007	4934	5412	5518	5401	5027	4717	4250	3899	3495	3137	2884	2751	2729	2954	3204	3492	3677	3765	3701	3540	3388	3120	2856	2628	2432	2286	2116	
61	9842	60.0	60.0	35	1	1	2	946	1254	1895	2914	4029	4915	5361	5510	5397	5070	4729	4271	3888	3459	3147	2882	2754	2736	2929	3183	3485	3700	3770	3743	3551	3352	3035	2888	2631	2430	2270	2144	
61	9859	60.0	60.0	35	1	1	2	962	1262	1963	2919	4040	4982	5392	5563	5370	5079	4705	4251	3889	3461	3184	2872	2748	2775	2936	3208	3479	3701	3786	3699	3526	3345	3087	2885	2635	2442	2293	2135	
61	9876	60.0	60.0	35	1	1	2	957	1289	1957	2901	3994	4922	5406	5523	5408	5051	4721	4230	3868	3438	3102	2878	2741	2750	2924	3179	3480	3712	3761	3705	3518	3364	3108	2841	2625	2450	2290	2113	
61	9939	95.2	95.0	36	1	0	2	893	1047	1391	1864	2430	2918	3216	3374	3316	3159	3040	2781	2586	2405	2232	2110	2094	2202	2375	2601	2829	2970	3039	2995	2902	2743	2607	2445	2242	2133	2002	1905	
61	9956	95.0	95.0	36	1	0	2	879	1025	1376	1867	2426	2910	3180	3319	3272	3163	3011	2802	2574	2372	2220	2113	2099	2179	2356	2595	2787	2975	3028	2953	2869	2766	2581	2420	2263	2097	2021	1872	
61	10019	59.7	60.3	36	1	1	2	954	1272	1963	2967	4051	5025	5548	5687	5526	5196	4820	4379	4001	3545	3223	2938	2756	2770	2987	3230	3507	3709	3791	3739	3561	3359	3139	2891	2659	2422	2293	2114	
61	10036	59.9	60.0	36	1	1	2	958	1284	1987	2977	4152	5092	5594	5691	5571	5229	4862	4419	4008	3591	3214	2955	2800	2826	2994	3261	3496	3699	3787	3749	3566	3365	3087	2883	2646	2456	2273	2165	
61	10053	60.0	60.0	36	1	1	2	956	1298	1990	3004	4144	5097	5645	5748	5592	5281	4863	4449	4030	3592	3236	2976	2790	2803	3009	3247	3539	3723	3795	3741	3565	3403	3100	2889	2680	2438	2309	2096	
61	10070	60.0	60.0	36	1	1	2	954	1296	2025	2988	4187	5119	5579	5750	5581	5256	4874	4382	4036	3575	3230	2983	2813	2822	2982	3249	3502	3746	3827	3711	3583	3393	3153	2867	2661	2428	2297	2146	
61	10088	59.9	60.0	36	1	1	2	956	1288	2008	3026	4182	5156	5675	5779	5597	5224	4897	4448	3980	3599	3252	2975	2832	2846	2927	3246	3545	3745	3859	3745	3570	3365	3096	2878	2673	2438	2285	2160	
61	10105	60.0	60.0	36	1	1	2	964	1301	2023	3015	4184	5133	5630	5814	5614	5241	4927	4423	4027	3592	3280	2931	2779	2800	3004	3239	3527	3739	3806	3747	3563	3440	3115	2905	2650	2497	2302	2143	
61	10122	60.0	60.0	36	1	1	2	960	1280	2000	3004	4172	5122	5622	5752	5629	5278	4895	4423	4002	3601	3229	2960	2830	2843	3005	3254	3521	3718	3779	3702	3563	3382	3111	2893	2633	2427	2291	2145	
61	10187	95.3	95.0	37	1	0	2	897	1064	1439	1918	2517	3054	3412	3487	3488	3334	3171	2934	2708	2498	2296	2175	2150	2238	2419	2621	2868	3018	3068	3004	2948	2768	2598	2440	2292	2138	2007	1876	
61	10204	95.0	95.0	37	1	0	2	906	1039	1420	1914	2515	3069	3352	3505	3499	3360	3132	2917	2693	2498	2315	2189	2112	2231	2404	2633	2839	3043	3066	3046	2866	2781	2581	2411	2257	2117	1987	1930	
61	10267	59.8	60.2	37	1	1	2	971	1309	2046	3147	4339	5349	5928	6064	5939	5527	5192	4676	4231	3776	3387	3103	2931	2919	3052	3300	3540	3762	3869	3727	3571	3423	3151	2900	2660	2462	2300	2153	
61	10284	60.0	60.0	37	1	1	2	974	1336	2091	3163	4414	5443	5986	6100	5941	5611	5138	4681	4211	3776	3415	3097	2914	2910	3056	3334	3578	3813	3815	3747	3596	3432	3143	2891	2659	2494	2275	2164	
61	10301	60.0	60.0	37	1	1	2	986	1306	2078	3153	4408	5459	6025	6124	5998	5608	5248	4652	4279	3757	3412	3114	2952	2944	3081	3326	3617	3804	3865	3806	3563	3446	3136	2927	2722	2476	2319	2172	
61	10319	60.0	60.0	37	1	1	2	976	1329	2084	3176	4425	5460	5998	6168	6009	5615	5262	4717	4286	3806	3422	3152	2935	2947	3089	3327	3592	3801	3877	3841	3601	3425	3140	2949	2685	2523	2299	2183	
61	10336	60.0	60.0	37	1	1	2	981	1331	2098	3132	4418	5475	5968	6179	6029	5674	5267	4740	4308	3800	3443	3161	2941	2950	3099	3336	3609	3841	3907	3813	3632	3466	3195	2906	2697	2475	2332	2178	
61	10353	60.0	60.0	37	1	1	2	976	1315	2106	3235	4453	5464	6063	6196	6044	5667	5246	4735	4297	3810	3451	3144	2960	2950	3081	3343	3618	3799	3885	3798	3637	3450	3167	2883	2687	2525	2313	2163	
61	10370	60.0	60.0	37	1	1	2	987	1330	2094	3186	4426	5470	6022	6204	6023	5641	5232	4733	4265	3800	3435	3132	3015	2910	3071	3357	3610	3781	3858	3776	3603	3438	3181	2913	2676	2492	2309	2189	
61	10433	95.2	95.0	38	1	0	2	906	1101	1468	2036	2738	3359	3670	3812	3768	3611	3423	3169	2912	2685	2506	2336	2280	2323	2501	2719	2940	3138	3108	3068	2974	2834	2628	2485	2313	2176	2023	1905	
61	10450	95.0	95.0	38	1	0	2	891	1106	1468	2061	2728	3298	3671	3824	3778	3624	3436	3175	2881	2667	2491	2329	2268	2355	2484	2714	2945	3077	3091	3061	2945	2822	2620	2459	2290	2141	2047	1922	
61	10513	59.7	60.2	38	1	1	2	990	1378	2182	3314	4696	5877	6490	6620	6451	6059	5625	5099	4626	4061	3665	3287	3104	3087	3213	3423	3717	3871	3916	3826	3660	3496	3189	2969	2705	2530	2298	2231	
61	10530	59.9	60.0	38	1	1	2	981	1368	2210	3395	4783	5945	6541	6700	6544	6078	5680	5100	4611	4108	3696	3359	3129	3109	3224	3456	3701	3893	3898	3847	3667	3487	3174	2988	2721	2527	2325	2178	
61	10547	59.9	60.0	38	1	1	2	979	1366	2193	3386	4816	5997	6581	6727	6585	6155	5720	5153	4642	4103	3713	3358	3140	3084	3230	3478	3745	3906	3952	3863	3681	3453	3247	2964	2726	2518	2339	2185	
61	10565	59.9	60.0	38	1	1	2	980	1375	2207	3378	4809	5987	6589	6762	6565	6185	5772	5193	4647	4164	3706	3379	3137	3116	3249	3461	3701	3916	3935	3906	3703	3502	3221	2978	2732	2534	2337	2187	
61	10582	60.0	60.0	38	1	1	2	985	1374	2221	3427	4863	5990	6565	6795	6620	6169	5732	5182	4663	4145	3709	3383	3187	3114	3205	3479	3696	3893	3952	3883	3676	3510	3222	2975	2720	2517	2348	2209	
61	10599	60.0	60.0	38	1	1	2	1001	1388	2210	3411	4812	5989	6614	6753	6619	6106	5744	5195	4671	4163	3730	3389	3118	3104	3251	3449	3688	3866	3961	3897	3680	3490	3197	2974	2702	2544	2392	2222	
61	10616	59.9	60.0	38	1	1	2	986	1375	2230	3437	4806	5985	6583	6739	6580	6163	5705	5176	4691	4148	3720	3374	3135	3104	3215	3479	3740	3886	3945	3842	3662	3473	3212	2959	2710	2540	2324	2219	
61	10679	95.5	94.8	39	1	0	2	896	1126	1584	2250	3003	3652	4124	4288	4240	4049	3788	3505	3218	2925	2692	2529	2437	2479	2582	2793	3041	3130	3195	3160	2995	2851	2689	2506	2366	2198	2074	1940	
61	10696	94.9	95.0	39	1	0	2	919	1126	1568	2214	3000	3633	4080	4205	4192	4021	3762	3483	3185	2920	2673	2515	2410	2454	2587	2824	3024	3148	3175	3126	2985	2828	2668	2480	2367	2191	2071	1922	
61	10759	59.6	60.4	39	1	1	2	1000	1438	2317	3634	5197	6435	7138	7292	7166	6639	6163	5534	5019	4458	3968	3575	3330	3241	3338	3611	3821	4039	4044	3938	3716	3529	3278	3031	2750	2581	2414	2224	
61	10776	60.0	60.0	39	1	1	2	997	1417	2317	3681	5222	6526	7226	7369	7228	6764	6256	5635	5080	4493	4015	3585	3376	3292	3393	3616	3796	4044	3993	3950	3760	3568	3281	3008	2777	2566	2374	2229	
61	10793	59.9	60.0	39	1	1	2	1004	1430	2343	3715	5288	6520	7278	7438	7251	6782	6262	5690	5107	4515	4020	3657	3381	3303	3423	3600	3839	4022	4052	3940	3752	3567	3293	3027	2789	2560	2364	2212	
61	10811	60.0	60.0	39	1	1	2	996	1430	2343	3688	5263	6536	7265	7463	7260	6820	6293	5647	5100	4535	4053	3643	3344	3295	3371	3610	3844	3980	4037	3955	3764	3553	3276	3024	2779	2584	2392	2219	
61	10828	60.0	60.0	39	1	1	2	1004	1436	2362	3707	5251	6551	7269	7456	7322	6842	6309	5684	5130	4520	4052	3702	3394	3314	3424	3589	3844	4023	4063	3954	3737	3573	3253	3051	2788	2547	2390	2211	
61	10845	59.9	60.0	39	1	1	2	1001	1418	2380	3727	5271	6573	7295	7446	7235	6784	6361	5673	5121	4544	4029	3628	3399	3270	3417	3632	3860	4043	4047	3938	3779	3574	3246	3008	2794	2544	2405	2231	
61	10862	60.0	60.0	39	1	1	2	996	1424	2359	3716	5276	6608	7306	7432	7301	6799	6293	5661	5100	4522	4046	3657	3360	3282	3392	3589	3831	4030	4079	3945	3755	3569	3280	3035	2793	2569	2385	2245	
61	10927	95.4	94.9	40	1	0	2	932	1167	1662	2446	3342	4089	4582	4798	4732	4552	4273	3889	3579	3221	2963	2716	2605	2642	2758	2978	3137	3245	3308	3208	3071	2955	2737	2545	2404	2250	2099	1969	
61	10944	95.0	95.0	40	1	0	2	917	1172	1686	2418	3316	4092	4564	4720	4704	4515	4242	3876	3520	3233	2906	2732	2608	2626	2725	2968	3072	3217	3280	3161	3106	2930	2723	2543	2369	2218	2076	1935	
61	11007	59.6	60.4	40	1	1	2	1007	1461	2499	3926	5652	7035	7792	8022	7856	7356	6792	6092	5448	4849	4288	3861	3552	3495	3517	3691	3948	4112	4144	4001	3826	3644	3317	3096	2852	2632	2424	2254	
61	11024	59.9	60.1	40	1	1	2	991	1500	2529	3998	5696	7179	7887	8143	7951	7419	6901	6185	5526	4898	4393	3932	3567	3483	3579	3722	4033	4114	4156	4094	3790	3648	3322	3066	2824	2619	2410	2241	
61	11042	59.9	60.0	40	1	1	2	1012	1492	2487	3950	5757	7222	7953	8124	7967	7437	6911	6166	5584	4938	4393	3905	3614	3492	3543	3750	3979	4137	4136	4021	3803	3609	3340	3072	2824	2619	2435	2244	
61	11059	59.9	60.0	40	1	1	2	1012	1473	2526	4036	5746	7199	7977	8165	8010	7482	6910	6241	5593	4910	4328	3914	3623	3488	3569	3756	3959	4132	4166	4078	3856	3656	3352	3104	2824	2601	2449	2275	
61	11076	60.0	60.0	40	1	1	2	1024	1486	2534	4031	5760	7168	8038	8214	8022	7542	6938	6228	5572	4923	4425	3941	3635	3528	3593	3769	4049	4130	4183	4062	3841	3642	3382	3100	2826	2611	2420	2262	
61	11093	60.0	60.0	40	1	1	2	1011	1478	2510	4024	5757	7249	7996	8227	8039	7589	6902	6241	5588	4929	4378	3970	3629	3508	3562	3795	3989	4130	4134	4083	3844	3612	3328	3081	2846	2596	2420	2268	
61	11111	59.9	60.0	40	1	1	2	1019	1484	2518	4039	5801	7211	8028	8200	8055	7475	6954	6211	5565	4919	4379	3936	3600	3488	3565	3792	3989	4120	4143	4048	3850	3639	3353	3099	2835	2619	2411	2250	
61	11175	95.4	94.9	41	1	0	2	927	1180	1801	2656	3664	4599	5076	5300	5237	5013	4741	4332	3924	3527	3192	2942	2805	2809	2896	3067	3254	3334	3350	3254	3165	3014	2772	2612	2440	2280	2135	1982	
61	11192	95.0	95.0	41	1	0	2	944	1192	1784	2597	3681	4524	5070	5294	5238	5001	4746	4316	3940	3520	3204	2953	2801	2811	2883	3060	3230	3352	3385	3286	3134	3012	2782	2608	2409	2265	2138	1998	
61	11255	59.6	60.4	41	1	1	2	1024	1535	2637	4245	6076	7668	8457	8668	8504	7982	7347	6578	5936	5185	4639	4129	3806	3646	3695	3876	4072	4196	4183	4120	3918	3715	3396	3129	2844	2661	2468	2282	
61	11272	60.0	60.0	41	1	1	2	1031	1544	2684	4284	6169	7741	8523	8814	8638	8051	7441	6675	6008	5319	4732	4183	3802	3674	3721	3901	4071	4233	4216	4101	3905	3687	3407	3141	2884	2642	2464	2276	
61	11290	60.0	60.0	41	1	1	2	1017	1531	2642	4282	6180	7752	8607	8879	8696	8129	7489	6729	5994	5303	4717	4195	3862	3682	3736	3897	4102	4260	4252	4110	3916	3707	3410	3173	2887	2669	2489	2306	
61	11307	59.9	60.0	41	1	1	2	1049	1561	2654	4265	6203	7776	8665	8936	8624	8092	7516	6713	6086	5279	4709	4261	3847	3726	3769	3894	4107	4250	4270	4144	3953	3716	3426	3135	2859	2688	2487	2306	
61	11324	60.0	60.0	41	1	1	2	1028	1540	2671	4295	6225	7832	8667	8949	8704	8175	7528	6731	6045	5341	4747	4242	3822	3708	3773	3947	4110	4257	4278	4145	3940	3732	3414	3149	2892	2643	2464	2328	
61	11341	60.0	60.0	41	1	1	2	1043	1526	2681	4275	6219	7800	8660	8925	8718	8122	7532	6730	6040	5305	4729	4194	3840	3702	3791	3915	4122	4274	4237	4126	3954	3685	3425	3155	2882	2688	2484	2278	
61	11359	59.9	60.0	41	1	1	2	1013	1552	2701	4306	6229	7861	8650	8950	8738	8197	7601	6789	6037	5320	4704	4203	3871	3720	3737	3891	4104	4218	4252	4132	3944	3686	3397	3154	2889	2648	2523	2297	
61	11421	95.3	94.9	42	1	0	2	961	1240	1876	2834	4006	4978	5556	5842	5739	5517	5191	4740	4286	3825	3457	3160	2997	2952	3034	3196	3363	3506	3458	3346	3190	3030	2836	2647	2496	2330	2177	2034	
61	11438	95.0	95.0	42	1	0	2	955	1231	1889	2837	3974	4927	5579	5819	5788	5468	5141	4684	4249	3792	3455	3154	2949	2971	3033	3183	3335	3442	3424	3365	3178	3031	2827	2628	2485	2315	2152	2066	
61	11501	59.6	60.4	42	1	1	2	1056	1567	2740	4442	6476	8141	9043	9334	9086	8490	7857	7032	6288	5500	4917	4343	3965	3844	3895	4003	4185	4319	4309	4179	3944	3746	3437	3176	2889	2708	2496	2353	
61	11518	60.0	60.0	42	1	1	2	1048	1584	2751	4530	6587	8264	9194	9432	9217	8580	7978	7091	6318	5603	4939	4366	4010	3811	3904	4008	4200	4326	4330	4155	4047	3743	3481	3163	2918	2693	2541	2303	
61	11536	60.0	60.0	42	1	1	2	1047	1576	2790	4579	6615	8303	9228	9545	9227	8686	7948	7181	6418	5615	5013	4420	4049	3852	3924	4053	4215	4364	4373	4236	3988	3773	3477	3160	2912	2691	2533	2324	
61	11553	60.0	60.0	42	1	1	2	1057	1584	2803	4548	6602	8361	9251	9555	9260	8685	8020	7169	6431	5614	4995	4467	4053	3880	3916	4035	4254	4379	4384	4233	3991	3781	3471	3177	2894	2698	2504	2343	
61	11570	59.9	60.0	42	1	1	2	1046	1591	2820	4562	6635	8358	9299	9541	9302	8729	8082	7189	6445	5614	4986	4439	4043	3886	3888	4049	4262	4384	4361	4232	4029	3783	3501	3238	2921	2691	2508	2320	
61	11587	59.9	60.0	42	1	1	2	1056	1588	2790	4536	6612	8281	9297	9544	9256	8650	8023	7181	6427	5630	4988	4440	4046	3851	3866	4058	4249	4407	4320	4223	3993	3759	3443	3207	2929	2737	2508	2324	
61	11605	60.0	60.0	42	1	1	2	1048	1582	2794	4512	6575	8307	9248	9512	9217	8696	8024	7145	6430	5622	4998	4483	4050	3900	3881	4068	4248	4350	4348	4209	3990	3772	3462	3189	2914	2695	2483	2332	
61	11667	95.3	94.9	43	1	0	2	944	1290	1986	3047	4301	5358	6066	6284	6209	5895	5549	5027	4561	4081	3709	3352	3135	3095	3150	3274	3452	3521	3536	3439	3241	3098	2901	2711	2537	2348	2200	2049	
61	11684	95.0	95.0	43	1	0	2	951	1272	1966	3037	4238	5349	5965	6224	6153	5901	5509	5017	4553	4069	3678	3326	3091	3053	3150	3272	3467	3530	3522	3416	3261	3104	2886	2694	2495	2330	2174	2054	
61	11746	59.7	60.4	43	1	1	2	1079	1624	2844	4651	6756	8588	9547	9780	9562	8961	8331	7328	6598	5773	5142	4571	4168	3993	3943	4120	4303	4374	4394	4277	4028	3778	3510	3218	2976	2722	2535	2373	
61	11764	59.9	60.0	43	1	1	2	1046	1610	2850	4693	6867	8684	9627	9936	9627	8982	8375	7474	6661	5867	5194	4586	4203	3963	3975	4134	4283	4402	4412	4238	4025	3803	3492	3242	2970	2705	2514	2361	
61	11781	59.9	60.0	43	1	1	2	1041	1603	2877	4724	6895	8674	9684	9967	9717	9078	8404	7464	6715	5895	5173	4599	4221	4000	4014	4163	4305	4429	4406	4269	4031	3820	3507	3265	2962	2738	2525	2345	
61	11798	59.9	60.0	43	1	1	2	1050	1661	2915	4738	6954	8722	9763	9968	9768	9157	8386	7541	6710	5913	5213	4622	4213	4008	3987	4191	4317	4466	4444	4318	4038	3827	3539	3239	2991	2737	2543	2353	
61	11815	59.9	60.0	43	1	1	2	1050	1625	2906	4739	6928	8729	9728	9991	9765	9102	8410	7516	6739	5944	5212	4613	4203	3999	4012	4135	4315	4413	4419	4315	4062	3827	3516	3265	2957	2752	2544	2360	
61	11833	59.9	60.0	43	1	1	2	1049	1649	2924	4787	6952	8744	9712	10030	9808	9160	8430	7556	6758	5949	5193	4681	4202	4030	4038	4179	4346	4448	4450	4310	4107	3841	3527	3270	2963	2739	2533	2370	
61	11850	60.0	60.0	43	1	1	2	1092	1618	2893	4715	6893	8724	9750	10057	9719	9111	8430	7557	6728	5901	5202	4619	4206	4009	4021	4166	4340	4367	4426	4269	4041	3820	3485	3214	2975	2744	2564	2343	
61	11912	95.3	94.9	44	1	0	2	953	1316	2059	3180	4557	5671	6352	6631	6600	6253	5853	5315	4809	4273	3858	3507	3291	3193	3262	3370	3503	3645	3572	3464	3327	3137	2963	2724	2529	2380	2247	2094	
61	11930	95.0	95.0	44	1	0	2	970	1307	2036	3168	4454	5626	6332	6620	6555	6233	5811	5277	4839	4239	3873	3487	3267	3188	3222	3387	3514	3548	3575	3479	3283	3154	2937	2754	2544	2376	2216	2097	
61	11992	59.7	60.4	44	1	1	2	1052	1642	2929	4825	7040	8921	9999	10228	9983	9338	8597	7678	6914	6052	5347	4732	4320	4069	4076	4200	4352	4480	4450	4295	4107	3867	3544	3252	2998	2754	2545	2368	
61	12010	60.0	60.0	44	1	1	2	1058	1644	2952	4879	7136	8985	9966	10333	10091	9360	8712	7697	6930	6080	5349	4758	4315	4086	4099	4231	4357	4464	4438	4309	4066	3884	3542	3240	3010	2776	2541	2349	
61	12027	60.0	60.0	44	1	1	2	1062	1663	2950	4888	7152	8993	10029	10359	10076	9418	8693	7748	6963	6105	5409	4765	4352	4112	4122	4215	4379	4472	4466	4333	4104	3885	3531	3268	3032	2742	2570	2420	
61	12044	59.9	60.0	44	1	1	2	1072	1643	2998	4920	7184	9119	10120	10390	10136	9445	8691	7787	6922	6116	5351	4762	4333	4152	4108	4228	4356	4505	4495	4344	4074	3877	3555	3280	2992	2783	2548	2373	
61	12061	60.0	60.0	44	1	1	2	1054	1650	2984	4903	7132	9002	10127	10404	10104	9473	8720	7845	6935	6082	5394	4786	4357	4145	4136	4244	4370	4481	4484	4360	4079	3896	3553	3298	2999	2762	2563	2398	
61	12079	60.0	60.0	44	1	1	2	1060	1660	2976	4904	7142	9042	10097	10371	10106	9457	8690	7814	6961	6117	5410	4796	4312	4122	4112	4235	4396	4520	4489	4312	4092	3859	3556	3267	3001	2779	2584	2377	
61	12096	59.9	60.0	44	1	1	2	1051	1647	2968	4888	7157	9000	10114	10350	10097	9394	8738	7800	6963	6112	5402	4749	4324	4148	4077	4210	4362	4480	4467	4339	4090	3860	3567	3274	3002	2759	2561	2378	
61	12160	95.4	94.9	45	1	0	2	969	1326	2102	3305	4694	5854	6594	6856	6836	6489	6143	5590	4997	4446	3991	3604	3387	3297	3322	3439	3578	3670	3602	3501	3329	3216	2961	2759	2570	2396	2256	2093	
61	12178	95.0	95.0	45	1	0	2	958	1316	2093	3263	4641	5885	6635	6896	6834	6469	6039	5503	4989	4439	4018	3599	3347	3236	3324	3427	3572	3618	3612	3490	3320	3193	2948	2749	2535	2391	2232	2105	
61	12241	59.6	60.4	45	1	1	2	1058	1661	3026	4969	7260	9096	10236	10552	10293	9586	8837	7894	7103	6163	5493	4832	4400	4151	4152	4236	4425	4483	4487	4319	4142	3877	3555	3277	3008	2761	2538	2376	
61	12258	60.0	60.1	45	1	1	2	1068	1672	3012	4999	7316	9262	10302	10577	10277	9634	8938	7938	7116	6217	5497	4856	4404	4200	4137	4261	4413	4518	4501	4352	4094	3880	3542	3251	3003	2776	2554	2382	
61	12275	59.9	60.0	45	1	1	2	1062	1672	3023	5024	7359	9253	10388	10608	10394	9667	8968	7995	7206	6214	5520	4904	4431	4204	4171	4299	4448	4547	4509	4406	4142	3862	3577	3286	3005	2778	2565	2392	
61	12292	59.9	60.0	45	1	1	2	1060	1672	3046	5015	7339	9293	10407	10667	10400	9703	8972	8012	7164	6261	5515	4873	4416	4193	4164	4282	4435	4526	4515	4369	4136	3904	3589	3313	3021	2790	2626	2391	
61	12310	60.0	60.0	45	1	1	2	1068	1670	3060	5059	7365	9288	10329	10689	10490	9770	9004	8052	7160	6266	5499	4901	4462	4207	4201	4294	4458	4555	4542	4406	4154	3909	3581	3318	3033	2793	2580	2382	
61	12327	60.0	60.0	45	1	1	2	1077	1679	3040	4966	7402	9314	10364	10634	10352	9697	8940	8030	7129	6265	5512	4866	4427	4195	4172	4254	4439	4505	4477	4337	4142	3918	3567	3301	3008	2774	2581	2400	
61	12344	60.0	60.0	45	1	1	2	1067	1672	3040	5010	7371	9298	10339	10619	10424	9722	8941	7981	7131	6305	5512	4862	4401	4202	4160	4310	4410	4539	4524	4342	4135	3890	3540	3302	3003	2798	2571	2387	
