Well	Time (1/2 s)	Block Temp	Sample Temp	Repetition	PCR Stage	Extension	Scale	B1	B2	B3	B4	B5	B6	B7	B8	B9	B10	B11	B12	B13	B14	B15	B16	B17	B18	B19	B20	B21	B22	B23	B24	B25	B26	B27	B28	B29	B30	B31	B32
247	105	95.2	95.0	1	0	0	2	932	1040	1349	1854	2424	2879	3182	3270	3250	3104	2943	2772	2552	2382	2265	2199	2202	2312	2583	2887	3137	3344	3350	3268	3085	2874	2727	2556	2402	2267	2142	2005	
247	122	95.0	95.0	1	0	0	2	902	1044	1369	1842	2384	2885	3128	3301	3199	3090	2935	2753	2556	2376	2253	2185	2200	2323	2571	2897	3178	3286	3353	3291	3081	2917	2746	2582	2401	2258	2137	2004	
247	139	95.0	95.0	1	0	0	2	904	1038	1363	1843	2402	2863	3148	3244	3190	3103	2914	2762	2594	2357	2226	2160	2145	2338	2567	2884	3143	3324	3338	3300	3081	2905	2752	2602	2386	2239	2122	2000	
247	157	95.0	95.0	1	0	0	2	900	1035	1370	1828	2397	2876	3110	3286	3213	3101	2928	2728	2571	2375	2248	2179	2178	2330	2593	2877	3154	3292	3358	3287	3099	2921	2750	2583	2383	2244	2152	2025	
247	174	94.9	95.0	1	0	0	2	901	1044	1366	1831	2422	2869	3171	3255	3208	3091	2973	2771	2557	2386	2236	2192	2147	2320	2584	2914	3133	3317	3342	3300	3104	2916	2754	2568	2412	2274	2124	1996	
247	191	95.0	95.0	1	0	0	2	906	1038	1362	1837	2377	2900	3141	3260	3211	3101	2968	2760	2558	2373	2261	2165	2153	2342	2576	2893	3147	3302	3331	3258	3108	2909	2774	2551	2415	2250	2161	2029	
247	208	95.0	95.0	1	0	0	2	895	1051	1351	1858	2420	2903	3142	3261	3260	3107	2929	2777	2566	2369	2248	2177	2178	2350	2605	2881	3177	3311	3358	3281	3095	2905	2763	2570	2410	2257	2142	2031	
247	226	95.0	95.0	1	0	0	2	903	1039	1360	1862	2409	2895	3185	3266	3274	3118	2920	2769	2568	2384	2241	2170	2156	2357	2630	2918	3155	3303	3374	3282	3106	2931	2773	2604	2404	2270	2147	2030	
247	243	95.0	95.0	1	0	0	2	911	1045	1372	1845	2404	2883	3154	3267	3251	3093	2930	2737	2547	2381	2262	2160	2175	2348	2571	2929	3167	3330	3390	3264	3105	2931	2748	2566	2409	2295	2141	2024	
247	260	95.0	95.0	1	0	0	2	902	1038	1359	1866	2420	2942	3175	3295	3254	3082	2960	2759	2526	2393	2276	2195	2184	2340	2586	2918	3177	3338	3360	3285	3103	2935	2754	2594	2410	2300	2129	2014	
247	277	94.9	95.0	1	0	0	2	890	1041	1377	1864	2408	2902	3156	3282	3236	3129	2969	2755	2579	2368	2248	2187	2176	2369	2563	2916	3186	3367	3376	3298	3114	2954	2741	2587	2437	2277	2157	2007	
247	295	94.9	95.0	1	0	0	2	902	1056	1383	1824	2410	2914	3156	3267	3241	3153	2987	2754	2587	2372	2258	2211	2202	2339	2593	2904	3162	3337	3366	3306	3093	2946	2759	2597	2427	2272	2176	2033	
247	312	95.0	95.0	1	0	0	2	910	1094	1362	1852	2457	2914	3148	3258	3255	3143	2960	2796	2562	2400	2240	2196	2169	2340	2569	2881	3199	3353	3370	3324	3101	2941	2785	2610	2469	2279	2157	2059	
247	329	94.9	95.0	1	0	0	2	877	1036	1386	1857	2411	2884	3163	3272	3243	3149	3002	2795	2563	2383	2235	2236	2151	2344	2589	2930	3203	3325	3394	3308	3098	2919	2782	2577	2460	2281	2126	2041	
247	346	95.0	95.0	1	0	0	2	904	1046	1364	1887	2414	2891	3187	3301	3225	3093	2993	2789	2560	2382	2246	2216	2176	2308	2581	2909	3201	3333	3365	3342	3104	2936	2773	2607	2455	2273	2136	2022	
247	364	95.0	95.0	1	0	0	2	909	1038	1382	1844	2414	2964	3185	3277	3252	3135	2966	2759	2573	2383	2267	2206	2186	2359	2620	2927	3152	3322	3397	3352	3130	2901	2800	2584	2422	2252	2148	2025	
247	381	95.0	95.0	1	0	0	2	899	1051	1355	1837	2424	2900	3164	3289	3256	3143	2985	2792	2604	2377	2243	2221	2177	2347	2576	2911	3173	3307	3373	3360	3129	2952	2800	2585	2402	2280	2167	2032	
247	398	95.0	95.0	1	0	0	2	911	1039	1359	1856	2442	2907	3186	3297	3267	3136	2971	2796	2617	2376	2286	2190	2198	2382	2590	2916	3183	3338	3346	3335	3125	2931	2748	2596	2419	2272	2173	2028	
247	415	94.9	95.0	1	0	0	2	900	1044	1373	1858	2425	2926	3161	3324	3300	3103	3015	2815	2599	2386	2266	2218	2226	2374	2599	2934	3201	3341	3405	3340	3107	2951	2765	2627	2436	2279	2158	2038	
247	433	94.9	95.0	1	0	0	2	900	1051	1387	1887	2416	2899	3178	3312	3238	3121	2976	2796	2596	2386	2246	2192	2235	2349	2592	2908	3202	3360	3405	3271	3088	2933	2763	2586	2447	2301	2152	2034	
247	450	94.9	95.0	1	0	0	2	889	1035	1356	1850	2439	2916	3173	3320	3262	3124	2991	2781	2613	2380	2264	2184	2190	2341	2584	2904	3173	3358	3389	3296	3126	2954	2805	2586	2403	2291	2160	2046	
247	467	95.0	95.0	1	0	0	2	900	1054	1364	1855	2446	2907	3178	3308	3247	3153	2985	2776	2591	2406	2269	2199	2186	2328	2614	2897	3152	3371	3365	3319	3134	2989	2800	2601	2431	2308	2164	2021	
247	484	95.0	95.0	1	0	0	2	908	1028	1355	1898	2429	2886	3208	3301	3249	3142	3016	2783	2611	2410	2279	2204	2204	2341	2576	2923	3176	3323	3372	3300	3143	2925	2778	2592	2424	2281	2168	2045	
247	502	94.9	95.0	1	0	0	2	906	1058	1363	1856	2420	2921	3195	3280	3246	3140	2985	2779	2608	2396	2289	2204	2208	2366	2616	2940	3162	3341	3391	3378	3121	2950	2782	2600	2442	2309	2152	2055	
247	519	95.0	95.0	1	0	0	2	906	1043	1367	1874	2433	2895	3214	3305	3254	3151	2992	2807	2600	2415	2262	2206	2189	2347	2628	2903	3209	3332	3413	3360	3128	2945	2796	2575	2420	2262	2155	2012	
247	536	94.9	95.0	1	0	0	2	906	1058	1377	1858	2419	2927	3216	3317	3280	3131	2978	2778	2612	2392	2255	2221	2200	2346	2603	2948	3193	3350	3409	3305	3123	2964	2792	2562	2440	2285	2188	2006	
247	553	95.0	95.0	1	0	0	2	918	1039	1368	1865	2456	2886	3193	3326	3289	3157	2978	2770	2584	2392	2267	2211	2198	2356	2612	2919	3208	3353	3366	3332	3114	2943	2793	2635	2437	2270	2166	2026	
247	571	95.0	95.0	1	0	0	2	913	1028	1385	1856	2452	2918	3185	3295	3251	3138	3023	2785	2582	2383	2277	2204	2202	2324	2582	2929	3202	3345	3377	3321	3140	2962	2791	2590	2449	2294	2153	2027	
247	588	95.0	95.0	1	0	0	2	902	1049	1356	1863	2433	2921	3155	3317	3248	3154	2973	2792	2601	2402	2293	2206	2198	2362	2628	2926	3215	3334	3379	3309	3139	2963	2775	2598	2430	2275	2159	2026	
247	605	94.9	95.0	1	0	0	2	905	1062	1364	1866	2416	2921	3187	3348	3258	3199	2980	2845	2605	2413	2268	2231	2205	2378	2616	2933	3215	3354	3406	3340	3142	2944	2804	2589	2428	2289	2167	2019	
247	622	94.9	95.0	1	0	0	2	916	1049	1375	1853	2441	2912	3185	3283	3294	3144	2967	2781	2580	2410	2275	2219	2204	2374	2619	2920	3222	3356	3404	3308	3140	2975	2797	2589	2434	2269	2163	2057	
247	640	94.9	95.0	1	0	0	2	884	1053	1381	1873	2434	2922	3166	3343	3278	3150	2972	2781	2589	2435	2246	2188	2176	2351	2622	2928	3188	3327	3399	3320	3121	2941	2802	2602	2423	2275	2166	2041	
247	657	94.9	95.0	1	0	0	2	902	1056	1376	1871	2438	2898	3207	3329	3280	3143	2982	2780	2609	2406	2260	2223	2207	2356	2609	2932	3159	3362	3429	3311	3153	2972	2794	2592	2447	2257	2143	2048	
247	674	95.0	95.0	1	0	0	2	898	1066	1367	1906	2432	2936	3215	3322	3277	3171	3030	2805	2596	2415	2282	2213	2213	2353	2612	2910	3201	3337	3386	3324	3152	2965	2799	2586	2431	2283	2154	2024	
247	691	94.9	95.0	1	0	0	2	900	1045	1376	1852	2436	2914	3210	3304	3252	3184	3018	2805	2640	2397	2293	2208	2229	2344	2606	2939	3197	3326	3407	3297	3129	2983	2805	2609	2436	2296	2145	2009	
247	709	94.9	95.0	1	0	0	2	919	1029	1377	1857	2429	2893	3194	3339	3283	3155	2996	2794	2603	2408	2272	2197	2216	2352	2590	2928	3182	3338	3428	3309	3156	2964	2769	2620	2439	2299	2172	2041	
247	726	95.0	95.0	1	0	0	2	929	1037	1367	1878	2423	2938	3211	3345	3256	3182	2998	2788	2632	2382	2271	2207	2207	2372	2612	2924	3178	3384	3408	3342	3125	2970	2781	2621	2425	2281	2145	2042	
247	743	95.0	95.0	1	0	0	2	904	1046	1388	1851	2442	2919	3178	3333	3285	3155	3017	2803	2604	2412	2299	2211	2195	2373	2613	2919	3196	3347	3383	3333	3130	2959	2781	2601	2478	2287	2171	2047	
247	760	94.9	95.0	1	0	0	2	911	1049	1362	1887	2448	2915	3192	3312	3257	3129	3011	2789	2634	2420	2260	2214	2203	2336	2621	2928	3189	3345	3412	3315	3132	2959	2789	2608	2417	2291	2167	2052	
247	778	94.9	95.0	1	0	0	2	910	1036	1376	1867	2419	2931	3198	3286	3307	3141	3007	2804	2614	2392	2269	2183	2185	2361	2599	2959	3230	3344	3430	3330	3126	2956	2776	2592	2440	2285	2146	2020	
247	795	95.0	95.0	1	0	0	2	912	1051	1371	1866	2456	2935	3199	3318	3280	3161	2983	2792	2622	2423	2266	2210	2196	2364	2591	2929	3208	3363	3403	3306	3086	2965	2808	2568	2434	2273	2178	2052	
247	812	95.0	95.0	1	0	0	2	903	1053	1386	1878	2440	2955	3203	3304	3299	3167	3026	2815	2616	2422	2255	2228	2218	2335	2605	2912	3180	3367	3376	3356	3117	2963	2765	2613	2438	2321	2184	2051	
247	829	95.0	95.0	1	0	0	2	886	1052	1369	1875	2434	2955	3209	3335	3283	3137	3020	2791	2628	2408	2262	2202	2220	2343	2603	2934	3202	3345	3400	3316	3146	2968	2783	2605	2416	2303	2181	2024	
247	847	95.0	95.0	1	0	0	2	901	1063	1354	1887	2458	2908	3214	3371	3296	3176	3025	2831	2592	2430	2262	2230	2193	2360	2618	2958	3229	3355	3399	3331	3112	2963	2775	2600	2422	2307	2171	2058	
247	864	95.0	95.0	1	0	0	2	917	1044	1364	1866	2427	2918	3240	3318	3273	3165	3015	2784	2622	2407	2264	2195	2204	2347	2605	2944	3224	3355	3375	3356	3125	2925	2789	2609	2430	2302	2187	2045	
247	881	95.0	95.0	1	0	0	2	909	1061	1402	1861	2433	2937	3196	3328	3266	3159	3010	2799	2597	2392	2280	2227	2190	2357	2631	2917	3185	3351	3409	3329	3138	2971	2812	2625	2440	2306	2154	2036	
247	898	95.0	95.0	1	0	0	2	894	1035	1371	1885	2475	2924	3220	3313	3284	3179	2988	2808	2611	2446	2256	2201	2201	2354	2615	2957	3200	3332	3398	3321	3156	2952	2785	2592	2446	2299	2166	2060	
247	916	95.0	95.0	1	0	0	2	930	1043	1388	1861	2448	2920	3222	3335	3280	3164	3001	2828	2620	2430	2295	2250	2220	2357	2621	2948	3213	3376	3408	3334	3119	2961	2796	2608	2421	2301	2172	2058	
247	933	95.0	95.0	1	0	0	2	917	1036	1391	1871	2444	2942	3222	3340	3299	3160	3003	2813	2633	2395	2283	2194	2193	2368	2604	2914	3234	3383	3370	3339	3140	2984	2804	2617	2451	2300	2177	2048	
247	950	95.0	95.0	1	0	0	2	906	1039	1379	1869	2424	2947	3192	3365	3296	3161	2991	2840	2595	2425	2284	2229	2225	2352	2595	2928	3197	3385	3399	3311	3121	2947	2792	2611	2449	2287	2179	2047	
247	967	95.0	95.0	1	0	0	2	909	1046	1367	1865	2433	2928	3263	3332	3320	3163	3002	2828	2624	2410	2298	2184	2197	2382	2601	2916	3210	3342	3412	3333	3144	2976	2790	2603	2427	2276	2168	2007	
247	985	95.0	95.0	1	0	0	2	922	1058	1359	1865	2425	2920	3218	3333	3314	3172	2993	2825	2623	2406	2289	2229	2208	2341	2625	2916	3196	3302	3359	3316	3140	2937	2788	2617	2458	2303	2186	2064	
247	1002	94.9	95.0	1	0	0	2	897	1060	1356	1861	2432	2917	3203	3346	3295	3163	3024	2826	2602	2437	2282	2233	2256	2359	2624	2927	3236	3370	3407	3332	3159	2982	2816	2615	2446	2276	2165	2035	
247	1019	95.0	95.0	1	0	0	2	901	1041	1392	1866	2405	2939	3236	3324	3278	3171	3021	2815	2625	2436	2295	2231	2212	2372	2628	2971	3231	3357	3390	3304	3132	2948	2799	2592	2458	2317	2164	2028	
247	1036	95.0	95.0	1	0	0	2	911	1040	1422	1865	2432	2961	3226	3350	3275	3177	3014	2835	2635	2429	2277	2243	2215	2370	2612	2975	3194	3359	3412	3364	3122	2959	2821	2646	2466	2308	2186	2028	
247	1054	94.9	95.0	1	0	0	2	902	1061	1381	1875	2443	2963	3198	3360	3277	3176	3016	2801	2624	2411	2269	2221	2216	2384	2623	2928	3173	3366	3410	3358	3144	2962	2814	2625	2455	2296	2161	2083	
247	1071	95.0	95.0	1	0	0	2	921	1048	1368	1865	2416	2946	3209	3318	3304	3150	3025	2829	2614	2428	2251	2250	2217	2373	2599	2968	3185	3360	3415	3326	3105	2943	2776	2609	2425	2303	2178	2024	
247	1088	95.0	95.0	1	0	0	2	910	1036	1374	1859	2441	2939	3230	3320	3283	3167	2999	2838	2597	2426	2295	2241	2206	2378	2618	2939	3221	3410	3398	3325	3136	2969	2777	2605	2436	2285	2183	2033	
247	1105	94.9	95.0	1	0	0	2	904	1056	1375	1898	2452	2955	3227	3348	3302	3171	3011	2803	2634	2413	2294	2200	2212	2352	2615	2927	3216	3366	3410	3338	3121	2956	2804	2596	2455	2294	2153	2045	
247	1123	94.9	95.0	1	0	0	2	906	1052	1368	1859	2445	2952	3206	3341	3319	3193	3037	2852	2623	2400	2286	2210	2238	2391	2649	2913	3225	3351	3442	3319	3111	2972	2823	2593	2434	2279	2169	2054	
247	1140	95.0	95.0	1	0	0	2	893	1043	1367	1849	2459	2925	3232	3347	3268	3167	3008	2794	2599	2416	2293	2223	2193	2380	2606	2958	3203	3359	3411	3327	3113	2967	2792	2600	2427	2288	2162	2029	
247	1157	95.0	95.0	1	0	0	2	902	1026	1376	1876	2439	2946	3225	3333	3295	3200	3016	2823	2616	2423	2268	2212	2199	2368	2602	2902	3233	3377	3395	3316	3146	2964	2792	2589	2449	2287	2201	2064	
247	1174	95.0	95.0	1	0	0	2	906	1052	1385	1888	2440	2925	3230	3373	3259	3178	3015	2831	2649	2414	2276	2216	2213	2362	2642	2945	3223	3363	3404	3324	3142	2987	2794	2610	2444	2297	2167	2062	
247	1192	95.0	95.0	1	0	0	2	906	1047	1378	1855	2439	2944	3253	3338	3313	3196	3018	2820	2617	2456	2282	2211	2213	2378	2617	2917	3246	3369	3382	3341	3137	2964	2791	2589	2477	2296	2182	2041	
247	1209	95.0	95.0	1	0	0	2	911	1039	1383	1884	2412	2943	3221	3330	3306	3173	3038	2818	2614	2411	2283	2212	2206	2373	2611	2949	3211	3356	3410	3342	3157	2965	2801	2604	2449	2285	2161	2050	
247	1226	94.9	95.0	1	0	0	2	910	1042	1373	1902	2481	2922	3216	3348	3366	3198	2993	2839	2606	2391	2309	2271	2229	2360	2618	2931	3220	3406	3418	3354	3125	2951	2813	2613	2428	2279	2172	2048	
247	1243	94.9	95.0	1	0	0	2	921	1041	1378	1853	2457	2958	3226	3324	3329	3188	3010	2826	2624	2411	2319	2231	2228	2372	2609	2911	3223	3380	3406	3308	3120	2942	2785	2611	2450	2284	2166	2033	
247	1261	95.0	95.0	1	0	0	2	920	1046	1370	1874	2444	2952	3268	3361	3307	3191	3054	2796	2555	2432	2295	2248	2213	2381	2626	2960	3222	3380	3429	3326	3155	2966	2770	2609	2445	2290	2179	2046	
247	1278	94.9	95.0	1	0	0	2	905	1046	1394	1891	2441	2928	3216	3335	3288	3195	3031	2822	2629	2393	2282	2249	2227	2386	2638	2957	3245	3356	3389	3328	3177	2963	2786	2628	2444	2322	2167	2054	
247	1323	95.0	95.0	1	1	0	2	901	1046	1378	1877	2451	2967	3254	3363	3295	3186	3035	2829	2625	2422	2255	2220	2204	2368	2623	2914	3238	3393	3413	3355	3156	2977	2797	2619	2463	2308	2189	2032	
247	1386	59.9	60.2	1	1	1	2	996	1307	1999	3004	4174	5148	5601	5768	5540	5170	4848	4418	4016	3644	3290	3074	2891	3015	3293	3669	4001	4204	4289	4156	3914	3634	3377	3087	2869	2673	2506	2351	
247	1403	60.0	60.0	1	1	1	2	977	1311	2001	3025	4218	5157	5621	5746	5570	5187	4859	4381	4022	3571	3302	3046	2867	3017	3309	3640	3993	4231	4261	4149	3886	3625	3381	3120	2888	2665	2463	2311	
247	1420	60.0	60.0	1	1	1	2	975	1296	1991	3007	4118	5108	5597	5739	5578	5259	4822	4429	4018	3568	3313	3066	2894	2995	3240	3641	3998	4195	4260	4175	3876	3609	3359	3087	2886	2644	2480	2337	
247	1437	59.9	60.0	1	1	1	2	979	1296	1984	3049	4239	5105	5598	5708	5525	5192	4824	4441	4046	3595	3318	3080	2918	3035	3285	3631	4035	4174	4243	4134	3870	3646	3367	3101	2833	2653	2488	2333	
247	1455	60.0	60.0	1	1	1	2	960	1289	2024	2994	4179	5140	5598	5710	5570	5192	4857	4394	4017	3606	3292	3085	2915	3004	3294	3632	3987	4186	4262	4171	3900	3601	3360	3094	2896	2643	2491	2321	
247	1472	60.0	60.0	1	1	1	2	979	1302	2000	3030	4187	5126	5629	5712	5555	5216	4820	4413	4034	3593	3280	3079	2923	3009	3257	3660	4022	4179	4246	4120	3905	3595	3367	3071	2835	2654	2484	2304	
247	1489	59.9	60.0	1	1	1	2	970	1313	2007	3002	4181	5131	5607	5727	5549	5188	4881	4400	4014	3645	3240	3069	2941	2990	3266	3664	3981	4163	4235	4140	3876	3676	3364	3075	2848	2628	2493	2336	
247	1552	95.2	95.0	2	1	0	2	896	1046	1395	1867	2449	2970	3252	3372	3363	3225	3016	2874	2639	2429	2285	2238	2259	2362	2634	2945	3274	3388	3433	3385	3176	3055	2839	2634	2483	2319	2159	2052	
247	1569	95.0	95.0	2	1	0	2	904	1062	1369	1884	2442	2992	3274	3355	3320	3165	3032	2840	2635	2425	2319	2233	2216	2396	2619	2947	3221	3394	3412	3372	3149	2980	2798	2618	2454	2296	2160	2044	
247	1632	59.8	60.1	2	1	1	2	1005	1294	2007	3026	4224	5108	5658	5735	5545	5248	4894	4404	4054	3629	3279	3116	2919	3048	3274	3682	4022	4230	4261	4190	3919	3646	3389	3133	2876	2662	2503	2328	
247	1649	59.9	60.0	2	1	1	2	952	1313	1999	3088	4222	5216	5658	5834	5592	5311	4912	4502	4090	3635	3315	3103	2986	3080	3341	3691	4038	4256	4263	4200	3927	3667	3386	3125	2884	2695	2505	2357	
247	1666	59.9	60.0	2	1	1	2	982	1303	1983	3052	4224	5149	5660	5763	5579	5244	4855	4474	4054	3614	3310	3082	2915	3052	3296	3659	4005	4234	4264	4194	3882	3651	3406	3091	2890	2689	2485	2323	
247	1684	60.0	60.0	2	1	1	2	996	1304	1966	3036	4211	5135	5642	5783	5598	5240	4889	4471	4017	3640	3315	3095	2934	3057	3276	3687	4038	4199	4274	4178	3893	3646	3378	3096	2908	2670	2508	2339	
247	1701	59.9	60.0	2	1	1	2	977	1289	1990	3022	4198	5158	5603	5759	5550	5255	4873	4474	4050	3606	3311	3109	2928	3053	3201	3653	4006	4207	4248	4172	3901	3653	3391	3092	2876	2656	2488	2339	
247	1718	59.9	60.0	2	1	1	2	989	1299	2023	3026	4204	5139	5644	5699	5576	5206	4843	4471	4018	3599	3307	3080	2932	3037	3256	3657	4027	4242	4259	4178	3920	3659	3413	3136	2880	2660	2508	2352	
247	1735	59.9	60.0	2	1	1	2	967	1278	2006	3051	4205	5126	5626	5706	5545	5217	4882	4439	4004	3604	3264	3096	2935	3021	3245	3644	4032	4204	4288	4208	3915	3633	3385	3122	2881	2652	2521	2336	
247	1798	95.1	95.0	3	1	0	2	909	1051	1398	1881	2494	3021	3273	3384	3376	3211	3066	2888	2632	2444	2329	2230	2226	2380	2668	2956	3272	3381	3457	3381	3181	2974	2842	2634	2463	2309	2167	2040	
247	1815	95.0	95.0	3	1	0	2	892	1046	1397	1910	2455	2991	3248	3403	3305	3221	3042	2875	2623	2446	2314	2243	2232	2398	2621	2967	3240	3383	3432	3365	3190	2980	2823	2650	2455	2311	2198	2051	
247	1878	59.8	60.1	3	1	1	2	979	1275	1999	3043	4195	5173	5662	5780	5549	5268	4849	4457	4041	3627	3290	3085	2921	3047	3283	3644	4034	4246	4279	4172	3891	3651	3414	3125	2874	2682	2509	2369	
247	1895	59.9	60.0	3	1	1	2	973	1284	2012	3049	4244	5220	5710	5854	5612	5286	4915	4471	4104	3662	3359	3108	2969	3060	3340	3694	4061	4255	4337	4194	3894	3677	3426	3150	2885	2675	2499	2342	
247	1912	59.9	60.0	3	1	1	2	982	1289	1991	3044	4212	5146	5637	5751	5574	5230	4884	4450	4053	3610	3337	3084	2934	3063	3302	3687	4021	4239	4251	4149	3900	3664	3404	3147	2872	2673	2505	2343	
247	1930	60.0	60.0	3	1	1	2	979	1305	2017	3022	4210	5125	5647	5752	5584	5246	4865	4457	4015	3576	3311	3085	2943	2993	3276	3682	4033	4200	4259	4159	3864	3645	3376	3080	2879	2670	2499	2344	
247	1947	60.0	60.0	3	1	1	2	990	1282	2006	3015	4201	5137	5636	5778	5581	5186	4869	4429	4001	3617	3325	3101	2900	3051	3276	3684	3998	4179	4306	4177	3916	3635	3386	3125	2884	2659	2508	2312	
247	1964	60.0	60.0	3	1	1	2	988	1282	2004	3028	4178	5133	5620	5787	5582	5207	4853	4464	4025	3625	3297	3075	2934	3036	3256	3670	3992	4204	4270	4150	3872	3645	3394	3093	2857	2652	2493	2319	
247	1981	60.0	60.0	3	1	1	2	982	1286	2020	3028	4175	5166	5645	5703	5589	5257	4885	4436	4019	3588	3309	3091	2942	3040	3295	3640	4000	4174	4253	4168	3876	3647	3366	3096	2851	2674	2495	2332	
247	2044	95.2	95.0	4	1	0	2	903	1052	1392	1893	2481	2997	3294	3359	3331	3220	3056	2866	2629	2490	2329	2245	2242	2386	2642	2972	3239	3400	3415	3358	3176	2973	2795	2640	2478	2298	2176	2046	
247	2061	95.0	95.0	4	1	0	2	908	1044	1405	1880	2465	2984	3284	3385	3343	3225	3038	2860	2665	2448	2295	2244	2250	2405	2641	2946	3248	3406	3432	3367	3169	3011	2807	2639	2459	2309	2168	2028	
247	2124	59.8	60.1	4	1	1	2	988	1297	2017	3034	4221	5173	5704	5734	5606	5266	4917	4521	4026	3638	3326	3088	2970	3056	3305	3666	4040	4267	4321	4206	3939	3656	3398	3107	2890	2682	2489	2339	
247	2141	59.9	60.0	4	1	1	2	977	1301	1984	3061	4238	5200	5680	5787	5623	5295	4884	4438	4037	3653	3309	3095	2946	3034	3285	3723	4026	4238	4316	4218	3927	3661	3383	3136	2892	2690	2512	2362	
247	2159	59.9	60.0	4	1	1	2	997	1298	2002	3029	4189	5181	5644	5749	5589	5229	4918	4460	4055	3648	3298	3102	2941	3033	3313	3657	4025	4234	4272	4151	3882	3620	3411	3123	2872	2652	2504	2319	
247	2176	60.0	60.0	4	1	1	2	996	1293	1995	3049	4187	5177	5641	5740	5575	5206	4853	4432	4020	3594	3300	3052	2932	3061	3276	3664	3990	4215	4269	4186	3889	3658	3415	3104	2848	2648	2497	2330	
247	2193	60.0	60.0	4	1	1	2	980	1302	2004	3039	4217	5143	5627	5749	5593	5243	4875	4437	4055	3610	3318	3070	2935	3024	3274	3643	4031	4195	4304	4145	3852	3656	3394	3119	2857	2645	2479	2293	
247	2210	59.9	60.0	4	1	1	2	1022	1274	1987	3028	4185	5150	5612	5734	5534	5176	4829	4437	4036	3619	3284	3070	2906	3023	3255	3650	3999	4192	4228	4163	3857	3622	3380	3143	2835	2641	2460	2321	
247	2227	60.0	60.0	4	1	1	2	979	1291	2000	3041	4184	5115	5594	5738	5546	5204	4843	4402	4039	3576	3283	3072	2945	3018	3272	3678	4037	4195	4254	4165	3911	3622	3368	3103	2859	2654	2481	2338	
247	2290	95.1	95.0	5	1	0	2	898	1051	1396	1898	2482	2990	3255	3365	3335	3222	3043	2888	2633	2413	2317	2247	2241	2379	2617	2954	3210	3394	3443	3359	3184	2996	2827	2635	2447	2294	2130	2061	
247	2307	95.0	95.0	5	1	0	2	912	1049	1386	1892	2477	2992	3245	3329	3341	3196	3009	2854	2656	2430	2297	2261	2229	2384	2643	2964	3244	3363	3434	3333	3176	2972	2798	2611	2445	2292	2209	2024	
247	2370	59.8	60.1	5	1	1	2	977	1275	1999	3025	4182	5111	5644	5784	5582	5228	4878	4452	4032	3643	3290	3078	2928	3033	3257	3687	4022	4205	4311	4164	3896	3656	3389	3133	2875	2641	2483	2334	
247	2387	59.9	60.0	5	1	1	2	986	1299	1993	3046	4209	5169	5715	5758	5611	5231	4888	4497	4043	3629	3344	3133	2936	3023	3288	3680	4028	4230	4283	4197	3923	3650	3376	3153	2918	2650	2450	2356	
247	2405	60.0	60.0	5	1	1	2	957	1268	1987	3041	4175	5110	5620	5716	5587	5224	4875	4454	4056	3593	3307	3101	2904	3042	3262	3667	4035	4213	4250	4156	3926	3658	3373	3120	2874	2673	2497	2310	
247	2422	60.0	60.0	5	1	1	2	978	1299	2001	3024	4181	5130	5620	5708	5524	5232	4843	4447	3992	3595	3293	3081	2928	2975	3264	3651	3983	4216	4273	4165	3897	3637	3360	3132	2856	2661	2504	2319	
247	2439	59.9	60.0	5	1	1	2	983	1294	2009	3029	4197	5140	5633	5691	5538	5215	4874	4428	4000	3631	3289	3030	2927	3017	3266	3644	4026	4216	4250	4147	3849	3633	3376	3086	2848	2681	2481	2316	
247	2456	60.0	60.0	5	1	1	2	985	1295	1998	3035	4170	5179	5596	5716	5520	5218	4802	4463	4047	3626	3248	3090	2884	3012	3278	3644	4003	4179	4294	4112	3855	3623	3360	3094	2819	2641	2485	2312	
247	2474	60.0	60.0	5	1	1	2	969	1295	1996	3015	4140	5127	5594	5694	5540	5191	4825	4422	3981	3589	3274	3073	2898	3028	3250	3664	4028	4195	4253	4128	3907	3596	3366	3100	2854	2666	2485	2306	
247	2536	95.2	95.0	6	1	0	2	903	1052	1404	1903	2462	2934	3239	3360	3338	3183	3052	2822	2631	2451	2287	2230	2238	2378	2627	2931	3202	3371	3399	3349	3151	2980	2799	2633	2446	2308	2161	2051	
247	2553	95.0	95.0	6	1	0	2	883	1055	1381	1893	2443	2976	3197	3359	3325	3197	3012	2876	2640	2479	2302	2208	2222	2372	2630	2927	3227	3375	3383	3349	3134	2957	2782	2615	2431	2291	2207	2044	
247	2616	59.8	60.1	6	1	1	2	982	1300	1974	3019	4212	5115	5612	5736	5542	5201	4874	4408	4016	3583	3261	3069	2949	3029	3272	3627	3985	4198	4248	4176	3899	3620	3382	3064	2868	2667	2494	2302	
247	2634	59.9	60.0	6	1	1	2	987	1306	2018	3062	4184	5163	5637	5751	5528	5234	4852	4490	4047	3630	3319	3093	2958	3017	3270	3653	4050	4238	4296	4145	3885	3626	3406	3118	2859	2648	2504	2346	
247	2651	60.0	60.0	6	1	1	2	973	1281	1986	3006	4183	5112	5585	5718	5578	5206	4846	4405	3979	3595	3289	3075	2880	3031	3268	3647	3953	4195	4280	4122	3851	3596	3323	3117	2850	2659	2496	2297	
247	2668	60.0	60.0	6	1	1	2	981	1290	1989	3041	4131	5120	5547	5712	5542	5207	4818	4424	4038	3572	3317	3060	2917	3010	3252	3629	3994	4164	4199	4105	3851	3607	3342	3081	2813	2645	2451	2317	
247	2685	60.0	60.0	6	1	1	2	982	1294	1997	3006	4125	5106	5593	5669	5499	5182	4801	4408	4011	3567	3282	3051	2905	3017	3248	3621	3973	4189	4262	4113	3859	3635	3387	3106	2850	2594	2484	2332	
247	2703	60.0	60.0	6	1	1	2	987	1273	1976	3039	4169	5101	5501	5718	5515	5212	4796	4413	4011	3611	3261	3057	2910	3019	3229	3635	3999	4172	4217	4123	3852	3568	3311	3083	2842	2627	2492	2308	
247	2720	60.0	60.0	6	1	1	2	1006	1282	1983	3026	4155	5095	5564	5683	5508	5201	4798	4396	4000	3562	3278	3054	2907	2965	3258	3660	4000	4152	4285	4122	3855	3612	3340	3075	2835	2626	2480	2322	
247	2782	95.1	95.0	7	1	0	2	912	1066	1379	1883	2446	2947	3239	3345	3333	3179	3011	2814	2632	2450	2279	2237	2221	2376	2615	2950	3208	3387	3410	3306	3140	2970	2797	2620	2448	2267	2153	2030	
247	2800	95.0	95.0	7	1	0	2	911	1055	1421	1876	2439	2962	3237	3334	3314	3181	3013	2813	2630	2426	2269	2212	2204	2373	2619	2893	3191	3377	3408	3302	3112	2928	2774	2592	2446	2300	2156	2034	
247	2862	59.8	60.1	7	1	1	2	991	1293	1999	3024	4165	5132	5600	5730	5530	5201	4854	4422	4015	3579	3266	3049	2893	3003	3246	3632	3994	4208	4238	4100	3904	3597	3374	3081	2858	2661	2486	2319	
247	2880	60.0	60.0	7	1	1	2	985	1265	2002	3000	4182	5120	5597	5764	5537	5175	4830	4468	4030	3565	3292	3096	2925	3023	3242	3672	4016	4198	4226	4192	3857	3625	3364	3110	2837	2642	2495	2316	
247	2897	59.9	60.0	7	1	1	2	979	1294	1979	3016	4160	5067	5601	5668	5505	5196	4821	4364	3980	3578	3259	3068	2905	3011	3279	3655	3987	4179	4263	4099	3844	3623	3358	3073	2851	2654	2498	2326	
247	2914	59.9	60.0	7	1	1	2	985	1274	1996	3028	4129	5099	5548	5700	5501	5153	4836	4394	3986	3534	3248	3032	2878	2992	3259	3597	3982	4176	4223	4100	3861	3597	3327	3085	2834	2654	2479	2313	
247	2931	59.9	60.0	7	1	1	2	985	1292	1981	2995	4132	5037	5556	5714	5481	5194	4779	4406	3995	3542	3221	3061	2915	2994	3253	3608	3958	4154	4248	4112	3867	3598	3364	3107	2854	2642	2471	2314	
247	2949	60.0	60.0	7	1	1	2	999	1273	1980	3001	4147	5064	5535	5693	5475	5175	4773	4407	3918	3585	3283	3074	2877	2980	3250	3631	3998	4157	4248	4132	3886	3590	3345	3089	2837	2639	2402	2312	
247	2966	60.0	60.0	7	1	1	2	982	1276	1970	2991	4134	5060	5521	5668	5452	5158	4804	4374	3978	3560	3262	3082	2863	3011	3229	3602	3985	4155	4225	4137	3818	3581	3322	3063	2847	2635	2454	2282	
247	3030	95.0	95.1	8	1	0	2	908	1047	1382	1872	2444	2970	3192	3354	3270	3155	3008	2813	2630	2427	2285	2216	2196	2353	2590	2945	3185	3349	3367	3305	3116	2934	2789	2557	2418	2273	2145	2042	
247	3048	95.0	95.0	8	1	0	2	906	1041	1373	1874	2453	2924	3198	3326	3312	3146	2992	2788	2625	2413	2284	2193	2206	2369	2580	2939	3210	3366	3364	3296	3139	2948	2774	2565	2455	2295	2148	2049	
247	3110	59.8	60.1	8	1	1	2	977	1282	1968	3004	4131	5056	5552	5656	5503	5170	4784	4369	3968	3557	3200	3016	2886	2959	3249	3635	3975	4109	4223	4091	3871	3569	3338	3057	2876	2636	2434	2303	
247	3127	59.9	60.0	8	1	1	2	987	1269	1989	3019	4146	5101	5564	5685	5550	5193	4826	4423	3993	3579	3281	3042	2924	2987	3236	3620	3999	4150	4217	4058	3835	3588	3351	3106	2897	2640	2483	2308	
247	3144	60.0	60.0	8	1	1	2	980	1288	1936	3027	4130	5062	5533	5658	5492	5141	4764	4370	3977	3528	3228	3056	2919	3021	3210	3623	3991	4172	4221	4136	3832	3613	3350	3034	2817	2637	2465	2304	
247	3161	60.0	60.0	8	1	1	2	979	1286	1967	2955	4156	5073	5569	5700	5498	5120	4760	4368	3957	3534	3228	3019	2879	2962	3234	3574	3969	4145	4187	4090	3814	3567	3357	3078	2826	2632	2463	2300	
247	3179	60.0	60.0	8	1	1	2	976	1268	1993	2994	4141	5059	5484	5649	5449	5125	4705	4377	3931	3529	3254	3010	2886	2998	3212	3611	3939	4155	4194	4072	3825	3539	3315	3056	2797	2621	2488	2302	
247	3196	60.0	60.0	8	1	1	2	970	1280	1970	2990	4112	5091	5513	5645	5448	5116	4787	4358	3970	3560	3227	3034	2890	2981	3219	3602	3938	4130	4174	4145	3808	3568	3327	3075	2837	2631	2483	2272	
247	3213	60.0	60.0	8	1	1	2	977	1312	1963	3004	4126	5039	5480	5580	5432	5101	4748	4353	3935	3519	3252	3017	2892	2978	3220	3648	3954	4158	4194	4059	3810	3576	3313	3080	2791	2634	2447	2306	
247	3276	95.1	95.0	9	1	0	2	908	1069	1389	1864	2446	2956	3209	3293	3281	3159	3003	2826	2600	2399	2270	2223	2186	2360	2591	2922	3163	3336	3356	3304	3105	2932	2767	2587	2422	2281	2120	2027	
247	3293	95.0	95.0	9	1	0	2	895	1045	1364	1868	2419	2942	3204	3354	3271	3169	2978	2796	2600	2428	2264	2200	2181	2371	2585	2898	3183	3318	3375	3298	3145	2967	2768	2564	2439	2271	2153	2006	
247	3356	59.8	60.1	9	1	1	2	971	1284	1970	2980	4095	5037	5501	5602	5454	5100	4780	4339	3936	3534	3259	2991	2876	3001	3216	3578	3912	4136	4225	4053	3829	3572	3324	3071	2818	2619	2440	2321	
247	3373	60.0	60.0	9	1	1	2	984	1280	1983	2992	4139	5108	5585	5650	5495	5175	4780	4364	4020	3581	3247	3037	2871	3000	3239	3631	3925	4157	4199	4100	3829	3572	3331	3074	2828	2640	2499	2311	
247	3390	59.9	60.0	9	1	1	2	1000	1273	1970	2964	4128	5051	5511	5612	5461	5128	4781	4356	3934	3558	3208	3043	2888	2985	3204	3590	3959	4098	4173	4074	3798	3568	3327	3037	2814	2604	2455	2272	
247	3407	59.9	60.0	9	1	1	2	988	1270	1977	2996	4097	5000	5464	5586	5442	5131	4733	4354	3913	3553	3229	3008	2870	2960	3227	3566	3959	4122	4181	4046	3808	3549	3309	3049	2797	2615	2467	2285	
247	3425	60.0	60.0	9	1	1	2	984	1319	1983	2995	4099	5030	5494	5607	5436	5108	4742	4314	3954	3526	3229	3035	2874	2984	3195	3588	3939	4119	4156	4065	3781	3542	3348	3024	2802	2619	2464	2291	
247	3442	59.9	60.0	9	1	1	2	998	1278	1975	2974	4081	5023	5481	5598	5409	5121	4758	4303	3932	3517	3230	2995	2882	2971	3208	3560	3936	4083	4197	4056	3786	3570	3309	3044	2802	2618	2446	2314	
247	3459	60.0	60.0	9	1	1	2	994	1278	1949	2965	4065	4928	5460	5615	5434	5096	4715	4349	3988	3519	3244	3037	2871	2956	3240	3571	3936	4076	4137	4081	3782	3571	3275	3032	2795	2614	2435	2296	
247	3522	95.0	95.0	10	1	0	2	921	1038	1377	1865	2417	2920	3179	3340	3285	3128	2962	2792	2595	2416	2271	2188	2203	2351	2594	2909	3167	3336	3372	3319	3113	2936	2753	2558	2433	2255	2137	2030	
247	3539	95.0	95.0	10	1	0	2	882	1047	1371	1878	2442	2912	3214	3281	3260	3132	2983	2796	2584	2403	2274	2224	2179	2360	2598	2919	3145	3298	3370	3295	3095	2910	2739	2592	2425	2287	2161	2027	
247	3602	59.8	60.1	10	1	1	2	998	1268	1965	2965	4075	5048	5472	5596	5426	5099	4737	4361	3940	3535	3219	3000	2868	2955	3194	3586	3916	4120	4193	4049	3855	3565	3314	3042	2829	2637	2460	2337	
247	3619	59.9	60.0	10	1	1	2	985	1287	2002	2945	4094	5087	5492	5685	5460	5109	4709	4374	3908	3528	3245	3011	2884	2947	3205	3600	3941	4100	4190	4111	3822	3566	3321	3071	2848	2617	2454	2295	
247	3636	60.0	60.0	10	1	1	2	983	1283	1961	3014	4086	5040	5443	5629	5435	5123	4701	4302	3936	3528	3233	3027	2849	2943	3193	3563	3904	4128	4198	4070	3814	3571	3270	3052	2795	2593	2458	2304	
247	3654	60.0	60.0	10	1	1	2	986	1280	1953	2969	4128	5029	5513	5576	5445	5094	4736	4310	3935	3504	3196	3049	2887	2933	3187	3586	3947	4107	4179	4076	3769	3505	3292	3050	2806	2608	2433	2297	
247	3671	59.9	60.0	10	1	1	2	976	1288	1968	2985	4068	5019	5438	5549	5377	5092	4732	4326	3921	3489	3202	2982	2873	2954	3194	3560	3901	4040	4134	4054	3795	3548	3338	3037	2781	2633	2445	2283	
247	3688	60.0	60.0	10	1	1	2	982	1281	1955	2977	4095	4974	5477	5564	5434	5069	4699	4360	3921	3495	3191	2991	2846	2987	3182	3571	3877	4102	4156	4059	3765	3567	3307	3055	2784	2583	2450	2261	
247	3705	59.9	60.0	10	1	1	2	976	1262	1948	2978	4068	4973	5455	5558	5395	5078	4710	4308	3933	3515	3182	2959	2822	2947	3206	3573	3903	4086	4143	4074	3806	3546	3305	2998	2783	2603	2414	2269	
247	3768	95.2	95.0	11	1	0	2	909	1046	1358	1873	2436	2915	3180	3314	3266	3159	2998	2792	2585	2423	2249	2183	2186	2331	2576	2876	3179	3286	3347	3280	3106	2932	2758	2566	2402	2264	2131	2041	
247	3785	95.0	95.0	11	1	0	2	890	1044	1369	1859	2424	2914	3191	3308	3246	3143	3000	2788	2594	2382	2278	2178	2171	2348	2575	2896	3169	3289	3342	3256	3083	2900	2743	2578	2395	2253	2138	2015	
247	3848	59.8	60.1	11	1	1	2	983	1253	1960	2952	4098	4972	5460	5575	5417	5070	4727	4319	3884	3492	3192	2992	2868	2963	3196	3584	3887	4100	4128	4033	3798	3563	3292	3040	2833	2602	2444	2263	
247	3865	59.9	60.0	11	1	1	2	966	1264	1968	2939	4075	5059	5469	5602	5485	5107	4753	4318	3939	3543	3196	3006	2864	2974	3210	3567	3917	4150	4146	4066	3822	3556	3306	3072	2833	2585	2448	2268	
247	3882	60.0	60.0	11	1	1	2	983	1274	1968	2952	4079	5021	5429	5522	5405	5054	4656	4315	3891	3530	3193	2995	2863	2936	3186	3568	3918	4060	4119	4026	3792	3531	3284	3039	2808	2593	2423	2275	
247	3900	60.0	60.0	11	1	1	2	987	1265	1955	2948	4082	5018	5432	5582	5392	5061	4687	4322	3899	3489	3180	2987	2873	2952	3180	3590	3922	4101	4144	4041	3814	3527	3314	3026	2789	2617	2429	2293	
247	3917	60.0	60.0	11	1	1	2	977	1300	1966	2950	4048	5000	5429	5565	5388	5051	4690	4288	3873	3505	3221	3011	2840	2956	3195	3552	3895	4119	4137	4033	3787	3551	3290	3013	2802	2577	2420	2262	
247	3934	60.0	60.0	11	1	1	2	976	1276	1937	2918	4030	5001	5420	5527	5349	5019	4657	4328	3932	3453	3174	2995	2847	2939	3171	3587	3890	4080	4156	4031	3765	3516	3278	3014	2795	2605	2432	2251	
247	3951	60.0	60.0	11	1	1	2	972	1275	1956	2942	4072	4987	5432	5544	5374	5021	4692	4291	3904	3502	3170	2970	2845	2943	3175	3590	3870	4061	4115	4028	3788	3551	3290	3028	2758	2566	2413	2275	
247	4016	95.1	95.1	12	1	0	2	903	1046	1378	1857	2441	2893	3181	3283	3257	3118	2989	2774	2580	2378	2239	2193	2205	2324	2545	2908	3145	3289	3343	3250	3057	2886	2692	2530	2372	2263	2129	2004	
247	4033	95.0	95.0	12	1	0	2	900	1060	1370	1849	2416	2879	3179	3286	3224	3134	2968	2788	2574	2389	2280	2186	2169	2302	2560	2897	3138	3290	3322	3284	3044	2897	2725	2537	2382	2274	2124	2001	
247	4094	59.8	60.2	12	1	1	2	975	1278	1949	2952	4037	4947	5415	5519	5346	5057	4719	4303	3901	3489	3177	3017	2837	2960	3157	3529	3909	4105	4092	3996	3757	3522	3346	3021	2791	2604	2433	2272	
247	4111	59.9	60.0	12	1	1	2	983	1262	1977	2987	4101	5025	5479	5618	5416	5080	4743	4325	3926	3521	3190	2988	2868	2992	3216	3569	3919	4133	4156	4059	3804	3565	3295	3077	2794	2600	2438	2297	
247	4128	60.0	60.0	12	1	1	2	970	1285	1959	2982	4045	4994	5441	5585	5352	5042	4715	4316	3907	3502	3194	2988	2855	2955	3164	3529	3878	4085	4163	4019	3769	3536	3280	3028	2787	2580	2425	2259	
247	4146	60.0	60.0	12	1	1	2	976	1272	1930	2956	4037	4974	5446	5553	5381	5056	4699	4306	3888	3467	3176	2996	2854	2949	3196	3553	3887	4083	4148	4056	3766	3537	3307	3026	2794	2596	2427	2268	
247	4163	60.0	60.0	12	1	1	2	974	1268	1960	2898	4052	4917	5442	5472	5335	5049	4686	4251	3856	3486	3186	2967	2830	2961	3175	3541	3903	4080	4127	4018	3779	3491	3288	3031	2793	2573	2422	2263	
247	4180	59.9	60.0	12	1	1	2	972	1272	1966	2927	4019	4918	5365	5510	5342	5020	4674	4278	3916	3492	3189	2971	2861	2930	3185	3501	3873	4062	4158	4028	3764	3519	3296	3016	2788	2601	2428	2266	
247	4197	60.0	60.0	12	1	1	2	976	1271	1945	2935	4039	4955	5390	5540	5371	5044	4705	4264	3898	3476	3206	2976	2856	2944	3187	3520	3884	4076	4120	4051	3749	3539	3259	3013	2797	2571	2420	2255	
247	4260	95.3	95.0	13	1	0	2	915	1041	1389	1864	2416	2902	3160	3241	3233	3154	2934	2772	2549	2390	2267	2186	2167	2302	2559	2856	3141	3273	3314	3232	3063	2891	2711	2531	2367	2240	2141	1992	
247	4277	95.0	95.0	13	1	0	2	906	1038	1358	1837	2446	2888	3150	3249	3219	3097	2938	2758	2557	2359	2253	2178	2146	2296	2524	2872	3132	3262	3328	3253	3062	2878	2719	2539	2387	2251	2133	2012	
247	4340	59.7	60.1	13	1	1	2	965	1289	1947	2909	4034	4964	5413	5549	5329	5038	4697	4299	3868	3517	3162	2980	2850	2956	3150	3543	3853	4065	4122	3995	3764	3529	3258	3026	2758	2581	2431	2289	
247	4357	59.9	60.0	13	1	1	2	975	1271	1957	2927	4068	4966	5429	5506	5381	5060	4728	4344	3938	3500	3178	2980	2861	2960	3164	3579	3885	4112	4120	4048	3801	3519	3275	3013	2773	2626	2442	2273	
247	4374	60.0	60.0	13	1	1	2	976	1268	1942	2951	4025	4933	5365	5552	5372	5048	4686	4291	3812	3488	3173	2990	2841	2946	3190	3551	3875	4071	4112	4041	3742	3530	3278	3016	2784	2611	2421	2276	
247	4392	59.9	60.0	13	1	1	2	959	1255	1957	2925	4024	4929	5421	5472	5323	5018	4678	4285	3865	3488	3183	2988	2833	2936	3173	3536	3856	4055	4110	4001	3767	3477	3290	3019	2758	2574	2396	2265	
247	4409	60.0	60.0	13	1	1	2	970	1278	1955	2879	4046	4954	5396	5507	5325	5023	4643	4267	3877	3478	3173	2963	2852	2924	3149	3530	3851	4073	4123	4029	3734	3493	3278	3020	2779	2574	2408	2273	
247	4426	60.0	60.0	13	1	1	2	979	1272	1917	2910	4027	4932	5356	5507	5284	4997	4685	4260	3855	3454	3177	2951	2807	2910	3150	3522	3869	4047	4119	4000	3723	3505	3256	3022	2764	2582	2410	2262	
247	4443	59.9	60.0	13	1	1	2	985	1275	1969	2928	4024	4923	5350	5506	5336	5013	4640	4245	3842	3481	3185	2973	2833	2930	3187	3514	3861	4036	4097	4001	3764	3501	3246	3014	2763	2543	2399	2262	
247	4508	95.1	95.1	14	1	0	2	906	1048	1360	1860	2392	2883	3168	3262	3206	3112	2968	2772	2538	2356	2265	2167	2137	2327	2523	2849	3106	3272	3306	3251	3070	2876	2746	2504	2390	2217	2117	1996	
247	4525	95.0	95.0	14	1	0	2	898	1044	1374	1844	2388	2896	3181	3247	3226	3099	2964	2720	2546	2354	2227	2161	2165	2308	2540	2832	3083	3260	3305	3232	3058	2874	2713	2542	2399	2232	2132	1999	
247	4588	59.8	60.1	14	1	1	2	962	1271	1953	2936	4076	4944	5400	5504	5329	5030	4637	4296	3874	3460	3177	2957	2821	2920	3141	3524	3858	4055	4079	3999	3740	3502	3263	3012	2786	2604	2408	2251	
247	4605	59.9	60.0	14	1	1	2	977	1276	1989	2922	4057	4968	5426	5523	5420	5011	4654	4250	3886	3504	3188	2956	2845	2936	3103	3522	3869	4093	4131	4003	3774	3511	3261	3017	2794	2588	2437	2239	
247	4623	60.0	60.0	14	1	1	2	966	1292	1930	2943	4021	4944	5376	5477	5319	4993	4664	4270	3858	3457	3168	2960	2814	2918	3177	3514	3860	4041	4121	3996	3761	3506	3271	2990	2793	2573	2408	2262	
247	4640	59.9	60.0	14	1	1	2	972	1273	1923	2931	4022	4956	5411	5455	5311	5000	4640	4281	3869	3468	3181	2958	2811	2914	3145	3508	3850	4031	4059	3972	3750	3467	3261	3012	2783	2548	2409	2286	
247	4657	59.9	60.0	14	1	1	2	1005	1263	1944	2930	4001	4921	5370	5486	5360	4977	4650	4239	3862	3442	3128	2984	2850	2931	3154	3502	3847	4040	4100	3984	3739	3504	3252	3015	2774	2582	2415	2248	
247	4674	60.0	60.0	14	1	1	2	963	1281	1960	2888	4015	4893	5351	5483	5325	4984	4620	4300	3877	3484	3159	2941	2828	2918	3156	3461	3877	4039	4066	3986	3731	3536	3238	3010	2787	2575	2412	2266	
247	4692	60.0	60.0	14	1	1	2	988	1255	1924	2913	4028	4924	5356	5478	5298	4994	4656	4241	3847	3458	3151	2953	2821	2907	3184	3501	3817	4054	4111	4025	3753	3469	3296	3026	2779	2587	2414	2231	
247	4756	95.1	95.1	15	1	0	2	898	1068	1353	1856	2400	2886	3132	3264	3206	3097	2957	2744	2557	2369	2225	2156	2165	2292	2540	2852	3106	3277	3305	3226	3068	2876	2689	2517	2355	2232	2100	1993	
247	4773	95.0	95.0	15	1	0	2	898	1039	1381	1845	2403	2864	3157	3284	3209	3111	2930	2746	2556	2351	2231	2134	2168	2274	2560	2850	3100	3277	3288	3236	3046	2861	2698	2544	2376	2226	2097	1993	
247	4836	59.7	60.1	15	1	1	2	972	1265	1941	2936	3997	4941	5352	5497	5315	5016	4631	4269	3869	3508	3174	2958	2817	2874	3146	3510	3828	4054	4101	4002	3717	3491	3277	2999	2756	2583	2424	2263	
247	4853	60.0	60.0	15	1	1	2	975	1284	1954	2944	4047	4942	5403	5515	5339	5032	4672	4256	3874	3501	3193	3013	2802	2955	3141	3541	3851	4029	4095	4052	3757	3521	3277	3009	2758	2575	2430	2282	
247	4871	60.0	60.0	15	1	1	2	972	1266	1932	2921	4059	4910	5360	5421	5331	5007	4687	4268	3861	3483	3132	2993	2814	2949	3147	3502	3840	3996	4092	3992	3736	3502	3247	3005	2783	2555	2401	2243	
247	4888	59.9	60.0	15	1	1	2	992	1267	1958	2915	4004	4957	5379	5492	5290	4953	4647	4235	3893	3443	3193	2986	2807	2887	3135	3515	3841	4041	4090	3997	3735	3486	3254	2995	2754	2583	2401	2227	
247	4905	59.9	60.0	15	1	1	2	982	1273	1940	2910	4042	4924	5321	5496	5309	4994	4641	4229	3855	3443	3159	2978	2844	2922	3153	3523	3852	4056	4107	3976	3744	3477	3251	2997	2777	2556	2397	2238	
247	4922	60.0	60.0	15	1	1	2	967	1277	1955	2917	4014	4885	5358	5454	5311	4958	4651	4212	3836	3469	3155	2959	2829	2913	3176	3509	3858	4024	4082	3969	3733	3468	3244	2982	2758	2568	2381	2231	
247	4940	60.0	60.0	15	1	1	2	989	1264	1938	2917	4019	4928	5388	5490	5277	4942	4595	4191	3858	3430	3147	2958	2885	2910	3153	3532	3831	4055	4089	3996	3727	3440	3234	2978	2766	2563	2424	2254	
247	5004	95.1	95.1	16	1	0	2	890	1042	1364	1820	2387	2860	3154	3259	3175	3101	2957	2755	2543	2354	2229	2164	2158	2300	2499	2848	3118	3248	3271	3234	3023	2847	2705	2542	2352	2242	2097	1986	
247	5021	95.0	95.0	16	1	0	2	914	1052	1354	1826	2385	2849	3138	3248	3170	3122	2912	2743	2549	2350	2248	2147	2152	2277	2524	2854	3100	3241	3293	3207	3079	2870	2694	2530	2373	2222	2106	1992	
247	5084	59.8	60.1	16	1	1	2	969	1279	1941	2885	3986	4922	5357	5469	5247	5006	4662	4221	3820	3451	3166	2961	2797	2915	3160	3523	3811	4059	4081	4002	3696	3488	3241	3028	2771	2561	2408	2241	
247	5101	59.9	60.0	16	1	1	2	984	1276	1942	2912	4037	4939	5415	5509	5316	5033	4656	4235	3872	3468	3168	2943	2803	2914	3147	3553	3799	4018	4088	3965	3718	3517	3270	3022	2794	2589	2410	2295	
247	5119	59.9	60.0	16	1	1	2	971	1285	1950	2888	3983	4940	5330	5472	5327	4976	4627	4245	3866	3461	3173	2944	2796	2893	3132	3486	3843	4020	4063	3984	3719	3504	3218	2991	2754	2568	2374	2257	
247	5136	60.0	60.0	16	1	1	2	974	1258	1938	2935	4013	4883	5349	5468	5301	4954	4610	4248	3842	3472	3153	2950	2803	2913	3114	3503	3822	3991	4099	3984	3745	3460	3248	2967	2728	2584	2385	2245	
247	5153	60.0	60.0	16	1	1	2	971	1288	1927	2916	3984	4876	5344	5447	5312	4973	4632	4249	3865	3435	3159	2960	2783	2893	3158	3456	3817	4045	4089	3987	3702	3473	3279	2955	2764	2587	2395	2246	
247	5170	60.0	60.0	16	1	1	2	991	1261	1904	2905	3999	4883	5330	5417	5300	4949	4645	4216	3813	3458	3123	2945	2792	2937	3119	3506	3845	4024	4113	3982	3702	3474	3243	2982	2766	2552	2398	2222	
247	5188	60.0	60.0	16	1	1	2	972	1285	1944	2907	3985	4902	5291	5441	5284	4940	4622	4239	3822	3437	3157	2951	2827	2903	3149	3532	3805	4058	4080	3950	3722	3486	3246	2993	2738	2546	2390	2258	
247	5250	95.3	95.0	17	1	0	2	909	1029	1368	1854	2394	2840	3123	3245	3203	3093	2989	2746	2547	2328	2228	2157	2162	2315	2514	2845	3067	3234	3292	3226	3023	2892	2699	2535	2366	2231	2117	1985	
247	5267	95.0	95.0	17	1	0	2	903	1042	1374	1839	2405	2876	3148	3260	3188	3068	2927	2755	2523	2343	2224	2161	2151	2329	2517	2856	3106	3227	3284	3208	3030	2888	2666	2523	2359	2221	2114	1986	
247	5330	59.8	60.1	17	1	1	2	974	1264	1927	2905	4029	4907	5381	5456	5282	4969	4579	4207	3847	3459	3140	2935	2795	2929	3167	3482	3836	3999	4084	3979	3721	3453	3233	2981	2761	2556	2405	2253	
247	5348	59.9	60.0	17	1	1	2	976	1283	1966	2925	4050	4885	5358	5469	5316	4988	4635	4263	3881	3480	3173	2936	2805	2886	3170	3543	3859	4040	4093	4004	3752	3473	3254	3001	2760	2535	2410	2265	
247	5365	59.9	60.0	17	1	1	2	973	1260	1928	2903	4010	4910	5352	5421	5279	4932	4594	4272	3841	3436	3168	2947	2792	2872	3116	3487	3874	4021	4079	3951	3708	3449	3273	3000	2747	2563	2394	2238	
247	5382	59.9	60.0	17	1	1	2	978	1263	1931	2918	4040	4884	5346	5481	5318	4989	4587	4199	3856	3419	3152	2959	2789	2884	3154	3510	3785	4000	4025	3979	3702	3471	3245	2981	2751	2577	2407	2222	
247	5399	59.9	60.0	17	1	1	2	980	1270	1937	2895	3973	4902	5308	5452	5275	4922	4632	4237	3822	3485	3156	2959	2796	2909	3111	3483	3837	4016	4100	3962	3702	3468	3240	3017	2735	2568	2391	2217	
247	5417	60.0	60.0	17	1	1	2	970	1277	1919	2926	4011	4888	5294	5417	5272	4962	4596	4226	3837	3449	3153	2921	2786	2882	3118	3486	3846	4004	4068	3978	3708	3449	3225	2964	2766	2585	2389	2232	
247	5434	60.0	60.0	17	1	1	2	975	1280	1949	2896	3991	4903	5304	5446	5250	4957	4590	4230	3818	3405	3146	2939	2784	2889	3135	3482	3818	4040	4096	3990	3720	3474	3225	2979	2760	2537	2397	2230	
247	5498	95.1	95.1	18	1	0	2	904	1039	1353	1845	2341	2845	3101	3222	3185	3079	2887	2731	2569	2316	2222	2118	2154	2314	2515	2832	3087	3244	3282	3222	3021	2846	2688	2511	2349	2196	2097	1982	
247	5516	95.0	95.0	18	1	0	2	905	1044	1351	1856	2394	2857	3096	3211	3205	3116	2929	2741	2558	2349	2218	2154	2153	2275	2540	2823	3092	3216	3266	3183	3055	2871	2688	2498	2343	2214	2121	1975	
247	5578	59.8	60.1	18	1	1	2	963	1278	1922	2875	4007	4881	5292	5455	5260	4944	4658	4215	3816	3470	3166	2933	2810	2888	3190	3477	3808	4027	4094	4001	3729	3464	3263	2988	2772	2575	2372	2250	
247	5596	59.9	60.0	18	1	1	2	974	1285	1935	2916	4015	4903	5359	5538	5298	5017	4642	4261	3873	3444	3183	2956	2810	2891	3098	3525	3882	4056	4076	4036	3725	3445	3254	2987	2744	2554	2412	2257	
247	5613	59.9	60.0	18	1	1	2	967	1280	1944	2895	3957	4909	5351	5450	5297	4970	4597	4234	3848	3443	3173	2928	2816	2882	3134	3515	3858	4009	4077	3973	3727	3468	3276	3014	2743	2572	2398	2257	
247	5630	60.0	60.0	18	1	1	2	980	1273	1947	2918	3974	4897	5330	5463	5282	4919	4594	4210	3821	3453	3106	2959	2810	2886	3128	3515	3832	4038	4046	3955	3722	3476	3235	2960	2729	2533	2379	2253	
247	5647	59.9	60.0	18	1	1	2	956	1274	1934	2931	4013	4889	5359	5427	5252	4942	4633	4199	3845	3452	3133	2923	2807	2872	3094	3487	3835	4020	4072	3964	3712	3466	3255	2985	2760	2551	2389	2238	
247	5665	60.0	60.0	18	1	1	2	978	1272	1920	2905	3961	4879	5361	5468	5276	4968	4605	4182	3819	3419	3127	2947	2778	2915	3110	3484	3828	3989	4057	3966	3730	3466	3230	2990	2772	2543	2390	2234	
247	5682	60.0	60.0	18	1	1	2	966	1271	1939	2912	3963	4851	5355	5444	5290	4921	4640	4199	3822	3435	3115	2932	2814	2878	3118	3493	3843	4012	4038	3954	3701	3457	3240	2964	2762	2535	2445	2250	
247	5746	95.1	95.1	19	1	0	2	910	1041	1374	1847	2382	2842	3134	3237	3184	3073	2913	2733	2545	2333	2217	2143	2141	2314	2510	2853	3090	3220	3245	3196	3035	2874	2698	2514	2354	2217	2095	1992	
247	5764	95.0	95.0	19	1	0	2	897	1023	1355	1845	2376	2893	3104	3203	3200	3077	2922	2716	2529	2344	2205	2181	2150	2286	2573	2833	3085	3203	3301	3197	3042	2881	2692	2517	2364	2205	2089	2004	
247	5827	59.8	60.1	19	1	1	2	974	1274	1946	2908	3946	4858	5326	5447	5277	4983	4626	4192	3828	3462	3107	2923	2798	2936	3097	3487	3839	4010	4078	3980	3718	3476	3211	2986	2729	2546	2412	2204	
247	5844	59.9	60.0	19	1	1	2	976	1268	1926	2924	3958	4905	5341	5451	5343	4990	4618	4255	3873	3466	3187	2924	2797	2918	3144	3518	3831	4044	4088	3988	3725	3480	3281	2971	2737	2575	2382	2235	
247	5861	60.0	60.0	19	1	1	2	977	1255	1956	2875	3975	4874	5328	5474	5274	4958	4605	4199	3850	3462	3122	2925	2788	2900	3116	3482	3780	3953	4017	3969	3719	3473	3216	2965	2754	2561	2397	2240	
247	5878	60.0	60.0	19	1	1	2	963	1294	1900	2902	3996	4875	5305	5444	5288	4962	4631	4233	3847	3427	3148	2963	2829	2932	3125	3499	3771	4001	4029	3959	3698	3466	3219	2965	2720	2532	2398	2223	
247	5896	59.9	60.0	19	1	1	2	972	1256	1925	2897	3972	4878	5348	5428	5242	4926	4578	4200	3828	3450	3139	2941	2815	2853	3128	3495	3795	4009	4057	3924	3670	3496	3248	2960	2720	2547	2380	2250	
247	5913	60.0	60.0	19	1	1	2	973	1238	1941	2883	3972	4855	5304	5392	5257	4926	4577	4187	3815	3433	3133	2928	2802	2872	3107	3498	3850	3945	4045	3924	3668	3446	3197	2964	2747	2517	2382	2251	
247	5930	60.0	60.0	19	1	1	2	965	1263	1936	2850	3979	4850	5286	5435	5271	4936	4572	4201	3804	3433	3152	2948	2759	2895	3118	3493	3804	3999	4038	3980	3658	3464	3231	2956	2726	2527	2386	2261	
247	5995	95.1	95.1	20	1	0	2	884	1050	1341	1846	2384	2853	3136	3221	3193	3107	2908	2735	2527	2347	2249	2153	2141	2292	2515	2835	3074	3182	3267	3167	3018	2857	2686	2517	2356	2215	2097	1983	
247	6012	95.0	95.0	20	1	0	2	905	1024	1370	1839	2381	2837	3149	3238	3189	3071	2928	2701	2561	2332	2205	2163	2153	2278	2539	2825	3116	3202	3231	3169	3033	2838	2695	2522	2340	2213	2120	1979	
247	6074	59.8	60.1	20	1	1	2	975	1258	1942	2902	3971	4900	5298	5435	5199	4931	4609	4211	3848	3451	3127	2954	2796	2894	3138	3469	3817	3979	4054	3947	3659	3475	3223	2964	2768	2550	2376	2235	
247	6092	59.9	60.0	20	1	1	2	975	1307	1932	2911	4010	4876	5330	5449	5286	4954	4617	4225	3892	3454	3185	2944	2792	2881	3133	3519	3806	4021	4079	3979	3740	3516	3251	2987	2737	2596	2376	2229	
247	6109	59.9	60.0	20	1	1	2	980	1268	1936	2899	3978	4859	5296	5476	5259	4984	4568	4206	3779	3437	3152	2922	2794	2866	3078	3471	3838	4001	4057	3937	3692	3479	3215	2976	2707	2534	2397	2221	
247	6126	60.0	60.0	20	1	1	2	956	1268	1951	2893	3997	4858	5293	5410	5272	4940	4578	4191	3823	3418	3106	2951	2802	2894	3141	3478	3766	4032	4055	3972	3693	3453	3243	2972	2729	2527	2394	2220	
247	6143	60.0	60.0	20	1	1	2	958	1248	1949	2898	3991	4845	5337	5443	5203	4987	4577	4189	3798	3409	3131	2923	2802	2884	3132	3469	3796	3977	4050	3939	3697	3459	3262	2965	2719	2555	2377	2231	
247	6161	59.9	60.0	20	1	1	2	970	1269	1932	2900	3965	4848	5324	5407	5238	4918	4539	4223	3837	3418	3110	2918	2714	2881	3100	3469	3817	4005	4024	3906	3693	3444	3236	2947	2682	2568	2417	2232	
247	6178	60.0	60.0	20	1	1	2	964	1274	1916	2864	3988	4828	5315	5400	5215	4938	4640	4202	3843	3419	3146	2910	2782	2885	3096	3479	3819	3989	4052	4007	3701	3445	3225	2979	2735	2544	2389	2236	
247	6243	95.2	95.1	21	1	0	2	870	1040	1321	1830	2371	2841	3112	3195	3170	3097	2896	2727	2545	2328	2226	2137	2151	2286	2521	2817	3077	3221	3236	3173	3020	2832	2664	2506	2354	2214	2101	1969	
247	6260	95.0	95.0	21	1	0	2	903	1044	1333	1838	2360	2826	3084	3237	3208	3098	2906	2745	2533	2339	2226	2157	2141	2274	2504	2831	3088	3185	3253	3202	2984	2852	2679	2495	2344	2220	2081	1960	
247	6321	59.8	60.2	21	1	1	2	953	1267	1917	2881	3974	4852	5295	5452	5269	4988	4594	4161	3841	3414	3129	2958	2817	2908	3139	3464	3808	3979	4053	3962	3694	3452	3229	2962	2738	2541	2400	2221	
247	6338	59.9	60.0	21	1	1	2	961	1265	1950	2901	3981	4899	5326	5444	5287	4967	4621	4233	3842	3407	3152	2929	2817	2901	3133	3491	3812	4007	4060	3982	3688	3508	3243	2992	2765	2552	2400	2254	
247	6355	60.0	60.0	21	1	1	2	955	1290	1946	2885	3999	4872	5317	5400	5270	4904	4599	4180	3819	3456	3138	2935	2808	2857	3103	3486	3806	3990	4037	3929	3665	3473	3213	2983	2736	2556	2381	2219	
247	6372	59.9	60.0	21	1	1	2	971	1289	1945	2897	3986	4851	5291	5450	5242	4970	4591	4197	3831	3425	3131	2928	2791	2863	3121	3457	3764	3989	4048	3959	3679	3431	3240	2981	2734	2541	2376	2244	
247	6390	59.9	60.0	21	1	1	2	955	1275	1899	2893	3993	4866	5322	5403	5291	4956	4612	4228	3812	3424	3104	2926	2774	2866	3126	3467	3801	3970	4066	3906	3662	3447	3245	2972	2713	2565	2375	2224	
247	6407	60.0	60.0	21	1	1	2	959	1272	1909	2872	3985	4888	5274	5413	5232	4924	4585	4186	3819	3429	3160	2947	2772	2881	3140	3480	3784	3992	4029	3960	3650	3453	3240	2949	2737	2593	2412	2226	
247	6424	60.0	60.0	21	1	1	2	970	1280	1947	2888	3920	4875	5285	5404	5224	4933	4596	4218	3819	3406	3135	2931	2772	2892	3107	3490	3776	4006	4043	3947	3663	3432	3213	2946	2725	2521	2408	2221	
247	6487	95.1	95.0	22	1	0	2	899	1032	1349	1847	2373	2839	3127	3252	3180	3115	2914	2742	2535	2324	2202	2153	2175	2278	2495	2796	3078	3229	3300	3211	2980	2820	2685	2500	2346	2201	2105	1968	
247	6504	95.0	95.0	22	1	0	2	897	1043	1343	1815	2370	2869	3118	3208	3184	3095	2906	2702	2540	2351	2207	2174	2132	2270	2517	2821	3069	3226	3278	3186	3032	2836	2687	2496	2344	2193	2065	1975	
247	6567	59.7	60.1	22	1	1	2	975	1249	1932	2923	3960	4864	5295	5417	5239	4913	4581	4179	3862	3450	3129	2900	2791	2908	3128	3505	3883	4021	4054	3940	3667	3488	3204	2938	2714	2545	2390	2235	
247	6584	59.9	60.0	22	1	1	2	972	1280	1956	2899	3976	4852	5325	5420	5261	5001	4628	4226	3856	3456	3164	2939	2807	2888	3119	3496	3866	3996	4047	3965	3698	3444	3248	2971	2744	2561	2386	2213	
247	6601	59.9	60.0	22	1	1	2	983	1283	1931	2886	3975	4859	5330	5418	5261	4916	4576	4186	3809	3424	3148	2905	2791	2899	3098	3469	3811	4018	4041	3972	3707	3463	3240	2973	2757	2525	2390	2255	
247	6619	59.9	60.0	22	1	1	2	968	1264	1952	2854	3979	4844	5318	5393	5270	4928	4600	4189	3792	3424	3140	2926	2788	2870	3139	3471	3805	3985	4055	3941	3660	3443	3203	2952	2705	2537	2363	2266	
247	6636	60.0	60.0	22	1	1	2	978	1266	1932	2877	3984	4855	5284	5360	5254	4885	4590	4189	3815	3411	3118	2932	2789	2860	3092	3484	3785	4012	4035	3951	3687	3456	3221	2974	2720	2532	2397	2231	
247	6653	59.9	60.0	22	1	1	2	976	1264	1948	2911	3913	4872	5278	5453	5201	4915	4589	4145	3822	3379	3109	2903	2781	2871	3124	3456	3751	3969	4028	3927	3664	3454	3245	2956	2740	2528	2368	2212	
247	6670	60.0	60.0	22	1	1	2	968	1275	1914	2888	3928	4831	5279	5361	5230	4863	4623	4199	3780	3377	3119	2922	2792	2883	3073	3461	3749	3956	4037	3931	3704	3394	3256	2960	2734	2521	2365	2232	
247	6733	95.0	95.0	23	1	0	2	900	1035	1370	1813	2369	2840	3143	3196	3157	3101	2913	2730	2533	2317	2207	2147	2134	2282	2525	2834	3073	3225	3264	3187	3010	2809	2684	2500	2357	2200	2089	1968	
247	6750	95.0	95.0	23	1	0	2	902	1028	1361	1826	2361	2846	3087	3227	3184	3087	2908	2731	2548	2337	2202	2145	2117	2285	2516	2819	3057	3242	3233	3190	3030	2849	2687	2497	2339	2211	2088	1986	
247	6813	59.8	60.1	23	1	1	2	978	1265	1926	2914	3947	4903	5313	5436	5213	4954	4558	4181	3787	3439	3112	2947	2790	2874	3104	3500	3823	4014	4041	3942	3718	3438	3204	2947	2734	2553	2396	2247	
247	6830	59.9	60.0	23	1	1	2	972	1263	1970	2889	3955	4896	5335	5410	5253	4981	4598	4221	3797	3460	3166	2916	2815	2876	3137	3527	3839	4033	4063	3963	3726	3460	3223	2975	2735	2553	2377	2246	
247	6847	60.0	60.0	23	1	1	2	973	1272	1932	2899	3983	4871	5273	5382	5254	4925	4590	4189	3809	3444	3140	2937	2813	2877	3098	3482	3843	3994	4028	3912	3710	3448	3214	2975	2734	2552	2370	2228	
247	6865	59.9	60.0	23	1	1	2	979	1284	1950	2883	3985	4853	5294	5438	5245	4894	4567	4193	3809	3409	3068	2936	2776	2885	3117	3472	3788	4032	4045	3962	3659	3457	3191	2927	2733	2546	2389	2229	
247	6882	60.0	60.0	23	1	1	2	978	1284	1927	2886	3952	4859	5264	5381	5243	4882	4631	4196	3809	3392	3078	2932	2799	2893	3128	3508	3804	4004	4033	3923	3698	3424	3230	2936	2714	2536	2384	2198	
247	6899	60.0	60.0	23	1	1	2	964	1260	1915	2898	3950	4807	5294	5401	5228	4970	4556	4161	3790	3406	3124	2920	2781	2909	3111	3473	3806	3985	4036	3938	3686	3436	3220	2946	2725	2511	2354	2224	
247	6916	60.0	60.0	23	1	1	2	969	1269	1913	2866	3964	4835	5296	5391	5199	4921	4617	4184	3814	3412	3153	2904	2779	2894	3117	3479	3815	3980	4056	3967	3709	3415	3240	2964	2732	2558	2382	2215	
247	6979	95.2	95.0	24	1	0	2	914	1057	1349	1828	2369	2861	3089	3233	3198	3089	2917	2706	2533	2336	2231	2133	2128	2285	2502	2825	3084	3183	3243	3226	3016	2824	2663	2498	2345	2192	2082	1968	
247	6996	95.0	95.0	24	1	0	2	893	1039	1352	1812	2382	2825	3094	3235	3185	3070	2908	2710	2547	2359	2236	2130	2139	2286	2533	2817	3055	3200	3264	3165	3008	2830	2671	2512	2354	2194	2076	1961	
247	7059	59.7	60.1	24	1	1	2	975	1289	1920	2875	3961	4854	5310	5419	5241	4924	4628	4171	3801	3393	3136	2923	2781	2893	3089	3486	3794	4017	4014	3929	3731	3444	3227	2974	2736	2563	2363	2210	
247	7076	59.9	60.0	24	1	1	2	976	1265	1944	2903	3986	4871	5311	5451	5267	4966	4589	4270	3814	3471	3158	2935	2817	2885	3110	3494	3852	4043	4038	3960	3752	3438	3225	3009	2757	2544	2399	2230	
247	7093	59.9	60.0	24	1	1	2	973	1265	1946	2905	3950	4896	5316	5442	5231	4934	4598	4238	3796	3431	3149	2929	2822	2896	3127	3453	3773	3995	4053	3957	3697	3421	3208	2951	2735	2557	2374	2232	
247	7111	60.0	60.0	24	1	1	2	970	1272	1945	2869	3946	4847	5298	5445	5246	4961	4596	4210	3798	3444	3149	2902	2791	2866	3132	3504	3798	3996	4076	3924	3700	3447	3218	2968	2733	2551	2398	2218	
247	7128	60.0	60.0	24	1	1	2	981	1277	1927	2879	3984	4867	5298	5425	5228	4881	4601	4138	3804	3405	3107	2912	2782	2883	3127	3494	3825	4030	4078	3920	3693	3442	3197	2947	2745	2526	2376	2244	
247	7145	59.9	60.0	24	1	1	2	979	1257	1927	2870	3948	4819	5290	5422	5210	4931	4542	4193	3772	3379	3117	2936	2764	2870	3109	3497	3771	4016	4031	3972	3690	3428	3187	3005	2725	2535	2384	2245	
247	7162	60.0	60.0	24	1	1	2	971	1257	1937	2886	3918	4820	5296	5434	5196	4920	4569	4177	3848	3425	3133	2935	2785	2870	3116	3475	3754	3973	4040	3940	3713	3447	3201	2966	2694	2543	2371	2217	
247	7227	95.1	95.1	25	1	0	2	918	1038	1346	1800	2372	2841	3128	3243	3211	3052	2900	2760	2542	2334	2235	2136	2139	2296	2485	2812	3031	3223	3273	3177	2993	2862	2666	2482	2354	2187	2082	1965	
247	7244	95.0	95.0	25	1	0	2	894	1042	1344	1800	2357	2861	3110	3227	3208	3074	2909	2715	2518	2350	2182	2155	2121	2277	2467	2841	3073	3212	3268	3186	3014	2833	2683	2508	2378	2189	2091	1962	
247	7307	59.8	60.1	25	1	1	2	958	1266	1934	2891	3948	4836	5295	5412	5241	4935	4607	4219	3850	3412	3135	2908	2805	2831	3129	3506	3768	3980	4038	3978	3686	3453	3225	2963	2742	2551	2372	2218	
247	7324	59.9	60.0	25	1	1	2	978	1264	1926	2905	3977	4891	5310	5430	5256	4967	4610	4231	3813	3422	3170	2930	2808	2893	3143	3478	3851	4002	4063	3957	3733	3515	3233	2991	2777	2566	2398	2242	
247	7342	59.9	60.0	25	1	1	2	984	1275	1937	2886	3934	4881	5313	5406	5259	4974	4594	4184	3790	3442	3104	2891	2759	2858	3130	3445	3793	3942	4024	3973	3697	3474	3245	2941	2748	2491	2348	2213	
247	7359	59.9	60.0	25	1	1	2	967	1264	1935	2931	3971	4818	5280	5384	5212	4948	4566	4186	3815	3405	3105	2940	2779	2880	3116	3444	3817	3950	4037	3928	3689	3453	3215	2947	2726	2522	2383	2234	
247	7376	60.0	60.0	25	1	1	2	985	1281	1934	2900	3929	4835	5332	5414	5233	4947	4537	4174	3821	3457	3124	2924	2788	2863	3109	3458	3805	3981	4018	3954	3664	3456	3211	2949	2721	2544	2403	2222	
247	7393	60.0	60.0	25	1	1	2	955	1272	1933	2857	3978	4830	5323	5403	5246	4931	4541	4215	3823	3383	3112	2925	2775	2862	3111	3455	3803	3985	4037	3932	3689	3430	3247	2969	2734	2524	2368	2234	
247	7411	59.9	60.0	25	1	1	2	974	1282	1930	2897	3968	4815	5243	5400	5219	4889	4574	4169	3801	3421	3098	2927	2772	2870	3136	3502	3773	3993	4030	3967	3683	3424	3218	2963	2733	2522	2398	2214	
247	7475	95.1	95.1	26	1	0	2	901	1020	1360	1802	2372	2826	3094	3217	3209	3041	2924	2738	2539	2349	2224	2124	2122	2292	2487	2815	3050	3223	3247	3197	3007	2839	2675	2494	2340	2190	2080	1972	
247	7492	95.0	95.0	26	1	0	2	910	1059	1352	1821	2370	2839	3149	3242	3153	3062	2921	2716	2564	2323	2217	2145	2139	2262	2496	2814	3038	3203	3289	3176	2979	2829	2694	2507	2348	2196	2072	1980	
247	7555	59.8	60.1	26	1	1	2	963	1281	1905	2860	3948	4870	5278	5441	5228	4943	4578	4187	3775	3413	3145	2951	2782	2847	3114	3476	3795	4003	3993	3913	3682	3470	3220	2972	2764	2533	2361	2225	
247	7572	59.9	60.0	26	1	1	2	973	1244	1944	2903	3991	4883	5327	5445	5280	4945	4569	4199	3835	3445	3154	2921	2785	2925	3127	3508	3826	4013	4056	3951	3723	3444	3229	2973	2753	2579	2400	2239	
247	7590	59.9	60.0	26	1	1	2	985	1277	1923	2870	3989	4842	5281	5439	5218	4925	4577	4204	3814	3446	3145	2899	2779	2874	3143	3469	3820	3995	4034	3918	3700	3466	3219	2965	2728	2564	2382	2221	
247	7607	60.0	60.0	26	1	1	2	964	1275	1935	2886	3963	4858	5297	5371	5218	4945	4597	4188	3812	3411	3141	2898	2767	2854	3100	3441	3816	3977	4037	3923	3671	3459	3218	2960	2762	2552	2370	2245	
247	7624	60.0	60.0	26	1	1	2	975	1290	1932	2870	3966	4806	5310	5420	5164	4914	4576	4188	3751	3412	3151	2902	2758	2853	3090	3420	3782	3964	4024	3920	3665	3431	3234	2948	2717	2544	2383	2223	
247	7641	60.0	60.0	26	1	1	2	962	1273	1922	2864	3938	4860	5274	5400	5226	4913	4549	4210	3775	3446	3133	2915	2842	2873	3121	3431	3799	3968	4048	3915	3681	3452	3181	2950	2734	2551	2372	2206	
247	7659	60.0	60.0	26	1	1	2	967	1276	1928	2888	3987	4837	5268	5378	5211	4883	4554	4169	3802	3410	3104	2917	2796	2857	3126	3456	3771	3948	4019	3937	3677	3420	3232	2943	2711	2531	2359	2222	
247	7721	95.1	95.0	27	1	0	2	904	1044	1354	1825	2367	2834	3105	3201	3189	3033	2916	2739	2538	2357	2200	2162	2153	2311	2496	2805	3065	3198	3233	3197	2972	2875	2698	2527	2331	2207	2114	1955	
247	7738	95.0	95.0	27	1	0	2	904	1028	1338	1836	2373	2823	3118	3211	3172	3059	2924	2734	2536	2326	2191	2161	2133	2259	2517	2817	3082	3196	3260	3224	2976	2841	2653	2468	2340	2225	2093	1996	
247	7801	59.8	60.1	27	1	1	2	962	1260	1937	2896	3984	4852	5316	5405	5259	4925	4589	4186	3831	3414	3133	2927	2806	2874	3105	3474	3829	3979	4021	3969	3716	3451	3219	2974	2755	2549	2374	2257	
247	7818	59.9	60.0	27	1	1	2	978	1269	1938	2889	3977	4909	5297	5430	5325	4992	4616	4223	3833	3458	3148	2959	2773	2922	3124	3454	3841	3976	4068	3964	3713	3478	3207	2965	2751	2541	2355	2216	
247	7836	60.0	60.0	27	1	1	2	971	1274	1945	2880	3938	4838	5274	5415	5254	4946	4613	4181	3809	3408	3132	2934	2824	2874	3102	3470	3790	3963	4058	3926	3696	3412	3217	2958	2733	2544	2382	2200	
247	7853	60.0	60.0	27	1	1	2	975	1268	1937	2888	3966	4820	5271	5396	5209	4918	4580	4222	3819	3397	3139	2917	2743	2889	3115	3487	3764	3995	4020	3889	3697	3419	3211	2974	2714	2536	2381	2231	
247	7870	60.0	60.0	27	1	1	2	988	1287	1906	2901	3960	4857	5333	5400	5264	4907	4571	4189	3777	3415	3146	2889	2765	2875	3092	3472	3789	3949	4051	3955	3688	3457	3207	2947	2742	2522	2371	2215	
247	7887	60.0	60.0	27	1	1	2	973	1264	1941	2867	3970	4844	5285	5436	5223	4893	4550	4194	3785	3419	3106	2910	2768	2866	3092	3448	3811	4029	4042	3913	3710	3397	3186	2941	2738	2539	2369	2219	
247	7905	60.0	60.0	27	1	1	2	970	1266	1886	2896	3938	4824	5298	5445	5225	4911	4579	4206	3806	3414	3116	2923	2798	2844	3080	3521	3777	3955	4031	3943	3661	3477	3197	2973	2711	2541	2374	2209	
247	7967	95.0	95.0	28	1	0	2	894	1038	1348	1813	2383	2822	3080	3243	3205	3064	2908	2745	2538	2345	2194	2152	2095	2286	2503	2801	3060	3212	3276	3176	3001	2848	2684	2504	2361	2208	2071	1987	
247	7985	95.0	95.0	28	1	0	2	892	1050	1362	1829	2386	2844	3098	3193	3182	3094	2898	2749	2532	2341	2196	2157	2130	2276	2519	2816	3062	3211	3238	3167	2977	2815	2681	2523	2325	2202	2082	1955	
247	8047	59.8	60.1	28	1	1	2	982	1266	1944	2893	4002	4880	5316	5420	5230	4958	4589	4201	3789	3441	3136	2945	2783	2910	3093	3432	3792	4015	4013	3930	3677	3466	3222	2922	2741	2571	2370	2205	
247	8065	59.9	60.0	28	1	1	2	974	1292	1929	2877	3971	4899	5315	5477	5290	4947	4599	4237	3845	3480	3129	2939	2822	2903	3098	3469	3793	3979	4062	3954	3719	3465	3205	2981	2734	2553	2391	2245	
247	8082	59.9	60.0	28	1	1	2	970	1277	1927	2898	3964	4840	5300	5386	5242	4965	4606	4211	3824	3407	3130	2929	2784	2889	3091	3507	3792	3973	4047	3968	3692	3464	3191	2974	2735	2552	2359	2224	
247	8099	60.0	60.0	28	1	1	2	964	1253	1940	2862	3944	4869	5256	5421	5221	4952	4642	4195	3779	3414	3123	2950	2757	2860	3093	3474	3770	3984	4007	3951	3684	3422	3218	2965	2749	2553	2368	2204	
247	8116	60.0	60.0	28	1	1	2	950	1267	1937	2878	3973	4822	5314	5361	5208	4911	4587	4200	3802	3417	3128	2900	2773	2863	3100	3449	3789	3945	4008	3932	3698	3435	3189	2971	2721	2533	2405	2218	
247	8134	59.9	60.0	28	1	1	2	976	1261	1893	2876	3974	4835	5278	5397	5223	4933	4580	4164	3773	3426	3153	2912	2790	2884	3104	3474	3772	3989	3999	3919	3664	3428	3204	2974	2722	2540	2364	2236	
247	8151	60.0	60.0	28	1	1	2	967	1261	1936	2845	3960	4834	5298	5351	5249	4915	4577	4207	3779	3410	3115	2908	2790	2865	3074	3457	3799	3981	4010	3959	3687	3443	3205	2945	2722	2550	2356	2223	
247	8215	95.1	95.1	29	1	0	2	915	1042	1360	1804	2364	2841	3111	3255	3136	3063	2906	2720	2533	2345	2216	2161	2109	2261	2537	2814	3078	3167	3269	3191	2983	2832	2667	2537	2361	2233	2080	1971	
247	8233	95.0	95.0	29	1	0	2	900	1034	1392	1819	2389	2808	3119	3226	3160	3096	2900	2718	2517	2347	2156	2149	2127	2301	2517	2804	3024	3198	3272	3172	2992	2837	2676	2499	2357	2188	2087	1972	
247	8295	59.8	60.1	29	1	1	2	970	1265	1942	2877	3980	4852	5305	5421	5264	4947	4561	4219	3807	3407	3129	2913	2788	2881	3100	3466	3789	3960	4024	3916	3697	3457	3203	2972	2739	2569	2369	2233	
247	8313	59.9	60.0	29	1	1	2	975	1312	1939	2874	3966	4872	5334	5469	5290	4972	4613	4219	3813	3422	3161	2913	2803	2862	3133	3451	3788	4015	4071	3948	3691	3472	3205	2975	2743	2566	2399	2241	
247	8330	60.0	60.0	29	1	1	2	978	1261	1947	2868	3944	4876	5338	5419	5261	4918	4573	4188	3809	3399	3149	2914	2797	2867	3123	3502	3842	3970	4045	3938	3675	3461	3181	2953	2758	2494	2378	2225	
247	8347	59.9	60.0	29	1	1	2	977	1274	1912	2896	4008	4844	5290	5383	5220	4924	4559	4179	3803	3412	3113	2923	2802	2887	3116	3487	3780	4012	4025	3945	3648	3445	3208	2994	2717	2524	2383	2230	
247	8364	60.0	60.0	29	1	1	2	962	1264	1937	2868	3962	4838	5297	5399	5208	4916	4582	4180	3761	3429	3125	2923	2755	2848	3093	3468	3821	3971	4043	3928	3656	3433	3209	2967	2740	2547	2338	2220	
247	8382	60.0	60.0	29	1	1	2	974	1280	1922	2879	3956	4833	5227	5370	5200	4914	4555	4217	3799	3418	3120	2931	2754	2848	3112	3451	3818	3964	4054	3931	3674	3429	3218	2969	2759	2550	2351	2246	
247	8399	60.0	60.0	29	1	1	2	974	1287	1927	2844	3952	4824	5306	5366	5219	4890	4612	4169	3803	3420	3083	2901	2807	2881	3065	3477	3813	3957	4005	3950	3683	3425	3210	2938	2743	2540	2381	2191	
247	8463	95.1	95.1	30	1	0	2	902	1041	1360	1811	2361	2830	3119	3190	3207	3042	2900	2682	2544	2330	2227	2165	2148	2280	2520	2823	3077	3129	3263	3207	2992	2843	2664	2485	2349	2214	2082	1964	
247	8481	95.0	95.0	30	1	0	2	902	1045	1351	1838	2370	2837	3104	3246	3129	3069	2906	2728	2536	2356	2194	2162	2146	2283	2522	2802	3073	3192	3225	3137	3006	2818	2645	2499	2342	2193	2097	1970	
247	8543	59.8	60.1	30	1	1	2	968	1273	1936	2894	3985	4866	5297	5424	5230	4968	4549	4196	3819	3407	3118	2952	2788	2894	3120	3490	3790	3976	4027	3964	3696	3438	3225	2977	2737	2538	2344	2218	
247	8561	59.9	60.0	30	1	1	2	974	1269	1963	2903	4001	4933	5323	5436	5274	4955	4602	4218	3794	3456	3157	2923	2804	2913	3119	3447	3824	3981	4054	3947	3706	3434	3252	2982	2736	2555	2414	2224	
247	8578	60.0	60.0	30	1	1	2	971	1268	1937	2870	3997	4838	5304	5408	5228	4908	4603	4206	3806	3387	3136	2906	2818	2863	3105	3460	3791	3948	4041	3982	3704	3429	3198	2989	2708	2543	2390	2232	
247	8595	60.0	60.0	30	1	1	2	977	1283	1934	2861	3939	4823	5286	5389	5211	4918	4572	4150	3815	3409	3137	2936	2786	2869	3134	3465	3794	3976	4046	3954	3695	3432	3231	2965	2734	2544	2389	2221	
247	8612	60.0	60.0	30	1	1	2	1000	1284	1943	2861	3941	4843	5302	5373	5221	4913	4577	4170	3812	3390	3130	2892	2788	2874	3121	3460	3813	4011	4009	3968	3694	3432	3213	2914	2744	2541	2384	2229	
247	8630	60.0	60.0	30	1	1	2	973	1284	1911	2879	3940	4844	5311	5375	5224	4943	4582	4174	3823	3411	3149	2901	2779	2888	3093	3451	3811	3999	4016	3957	3691	3453	3223	2952	2742	2554	2380	2226	
247	8647	60.0	60.0	30	1	1	2	996	1258	1923	2841	4002	4832	5282	5368	5197	4959	4552	4150	3771	3400	3129	2940	2778	2861	3106	3441	3771	3932	4036	3949	3664	3434	3179	2967	2699	2531	2355	2220	
247	8709	95.1	95.0	31	1	0	2	911	1037	1361	1846	2367	2830	3130	3210	3179	3043	2905	2727	2510	2328	2214	2141	2150	2281	2518	2805	3084	3243	3262	3178	3007	2832	2614	2493	2344	2205	2090	1986	
247	8727	95.0	95.0	31	1	0	2	897	1028	1352	1826	2358	2868	3114	3197	3181	3064	2910	2709	2540	2323	2200	2153	2123	2269	2491	2842	3107	3223	3286	3202	2994	2822	2689	2502	2337	2192	2064	1974	
247	8790	59.8	60.1	31	1	1	2	975	1286	1918	2892	3977	4877	5320	5419	5253	4965	4596	4213	3845	3446	3118	2938	2794	2866	3148	3464	3800	3952	4058	3971	3678	3447	3198	2979	2714	2532	2390	2226	
247	8807	60.0	60.0	31	1	1	2	972	1282	1954	2892	4002	4912	5322	5438	5288	5000	4612	4230	3869	3440	3156	2928	2796	2920	3137	3514	3858	4025	4066	3954	3723	3454	3247	2971	2738	2559	2362	2235	
247	8824	60.0	60.0	31	1	1	2	972	1280	1942	2902	3989	4856	5306	5376	5232	4899	4606	4181	3825	3429	3133	2919	2791	2913	3133	3497	3811	4024	4060	3962	3692	3469	3230	2928	2753	2545	2420	2222	
247	8841	60.0	60.0	31	1	1	2	964	1275	1947	2892	3960	4886	5265	5477	5255	4899	4589	4158	3826	3428	3139	2924	2749	2881	3099	3466	3808	3956	4052	3966	3687	3395	3224	2956	2714	2569	2383	2239	
247	8859	60.0	60.0	31	1	1	2	965	1293	1942	2896	3965	4853	5284	5407	5217	4908	4589	4216	3797	3386	3132	2914	2768	2855	3128	3483	3777	3979	4052	3933	3721	3426	3231	2948	2721	2533	2405	2222	
247	8876	59.9	60.0	31	1	1	2	976	1268	1919	2889	3954	4832	5319	5419	5216	4987	4624	4209	3814	3404	3130	2911	2803	2911	3080	3486	3773	3949	4051	3933	3699	3416	3222	2961	2737	2536	2383	2222	
247	8893	59.9	60.0	31	1	1	2	973	1269	1960	2878	3975	4865	5301	5411	5233	4932	4573	4198	3784	3417	3100	2922	2778	2914	3106	3496	3787	4027	3999	3942	3681	3446	3190	2944	2705	2543	2365	2216	
247	8956	95.0	95.0	32	1	0	2	899	1036	1339	1865	2374	2869	3096	3205	3190	3084	2896	2739	2546	2353	2210	2128	2138	2285	2502	2792	3050	3163	3256	3177	3006	2859	2649	2492	2354	2216	2102	1965	
247	8973	95.0	95.0	32	1	0	2	896	1044	1368	1825	2386	2833	3114	3234	3182	3101	2903	2723	2492	2361	2201	2198	2151	2300	2529	2802	3060	3204	3227	3225	3023	2850	2727	2496	2333	2225	2091	1962	
247	9036	59.8	60.1	32	1	1	2	959	1268	1942	2883	3943	4842	5304	5452	5227	4905	4622	4195	3837	3446	3153	2946	2775	2884	3121	3458	3811	4004	4054	3954	3679	3467	3210	2971	2743	2538	2380	2215	
247	9053	60.0	60.0	32	1	1	2	974	1277	1940	2849	3996	4901	5311	5456	5259	4933	4616	4213	3840	3450	3172	2937	2782	2905	3131	3488	3810	3987	4038	3995	3695	3459	3258	2976	2756	2563	2390	2240	
247	9070	59.9	60.0	32	1	1	2	980	1287	1942	2892	3980	4877	5316	5397	5223	4909	4584	4174	3839	3391	3151	2940	2764	2885	3109	3465	3797	3988	4013	3942	3691	3414	3208	2996	2720	2500	2397	2227	
247	9087	59.9	60.0	32	1	1	2	970	1286	1948	2844	3971	4827	5306	5424	5261	4973	4567	4174	3806	3410	3141	2915	2791	2888	3095	3463	3819	3979	4009	3936	3666	3421	3203	2958	2738	2540	2371	2213	
247	9105	59.9	60.0	32	1	1	2	947	1273	1912	2849	3964	4858	5331	5403	5227	4939	4586	4209	3818	3434	3094	2914	2778	2878	3115	3450	3797	3932	4027	3962	3694	3417	3207	2948	2718	2525	2367	2204	
247	9122	60.0	60.0	32	1	1	2	971	1261	1930	2853	3983	4864	5272	5387	5254	4934	4562	4212	3818	3419	3087	2916	2767	2868	3127	3476	3814	3984	4064	3919	3647	3430	3206	2932	2741	2537	2369	2202	
247	9139	60.0	60.0	32	1	1	2	976	1277	1943	2872	3967	4852	5287	5370	5193	4908	4609	4197	3798	3446	3125	2935	2802	2884	3109	3481	3761	3964	4048	3934	3670	3454	3205	2972	2735	2537	2366	2220	
247	9202	95.1	95.0	33	1	0	2	904	1034	1358	1817	2382	2836	3106	3236	3176	3058	2906	2717	2541	2308	2231	2141	2130	2265	2518	2785	3116	3233	3253	3194	2995	2832	2695	2476	2377	2187	2074	1974	
247	9219	95.0	95.0	33	1	0	2	904	1064	1365	1817	2361	2854	3104	3244	3164	3060	2891	2727	2549	2354	2217	2149	2156	2258	2512	2796	3050	3238	3229	3188	2994	2839	2651	2521	2304	2212	2064	1991	
247	9282	59.8	60.1	33	1	1	2	964	1278	1954	2898	3967	4842	5312	5411	5277	4931	4586	4203	3856	3437	3140	2951	2753	2890	3096	3472	3784	3985	4035	3950	3647	3467	3222	2978	2732	2536	2383	2232	
247	9299	59.9	60.0	33	1	1	2	971	1289	1918	2892	3998	4872	5347	5436	5320	4986	4621	4229	3856	3456	3152	2910	2793	2907	3147	3499	3817	4014	4092	3957	3730	3451	3232	2975	2740	2567	2393	2244	
247	9316	60.0	60.0	33	1	1	2	976	1262	1921	2868	3933	4869	5347	5454	5290	4913	4590	4188	3854	3424	3131	2949	2763	2880	3108	3487	3813	3961	4039	3985	3718	3435	3237	2942	2757	2548	2377	2222	
247	9333	60.0	60.0	33	1	1	2	969	1298	1927	2877	3964	4834	5326	5393	5237	4977	4561	4176	3811	3414	3141	2926	2772	2874	3088	3491	3761	3962	4052	3929	3696	3461	3180	2961	2713	2532	2381	2207	
247	9351	60.0	60.0	33	1	1	2	957	1279	1929	2881	3952	4852	5322	5426	5216	4942	4561	4165	3826	3439	3110	2947	2807	2843	3084	3468	3750	3980	4018	3916	3693	3442	3211	2949	2703	2517	2345	2222	
247	9368	59.9	60.0	33	1	1	2	1005	1279	1941	2874	3942	4871	5253	5396	5231	4922	4587	4198	3775	3393	3122	2943	2764	2889	3105	3460	3780	3980	4059	3930	3686	3405	3240	2953	2727	2527	2372	2211	
247	9385	60.0	60.0	33	1	1	2	986	1284	1929	2895	3951	4835	5255	5412	5209	4937	4548	4202	3814	3397	3106	2927	2773	2879	3091	3467	3783	3983	4050	3939	3684	3425	3186	2952	2711	2515	2379	2225	
247	9448	95.0	95.0	34	1	0	2	874	1040	1331	1819	2376	2865	3117	3245	3176	3057	2922	2758	2554	2359	2215	2139	2152	2302	2500	2822	3058	3211	3216	3186	2990	2863	2678	2493	2344	2185	2072	1973	
247	9465	95.0	95.0	34	1	0	2	905	1048	1353	1817	2398	2863	3108	3216	3168	3070	2920	2748	2549	2343	2205	2153	2127	2268	2504	2794	3069	3224	3233	3190	2991	2824	2661	2474	2369	2190	2081	1962	
247	9528	59.8	60.1	34	1	1	2	975	1267	1952	2872	4004	4881	5326	5396	5245	4956	4638	4216	3838	3426	3155	2938	2753	2867	3134	3478	3777	4011	4046	3956	3655	3440	3231	2980	2746	2533	2380	2244	
247	9545	59.9	60.0	34	1	1	2	968	1276	1946	2894	3980	4903	5384	5464	5282	4994	4632	4259	3833	3456	3146	2909	2796	2912	3144	3480	3822	4025	4070	3954	3676	3462	3267	2955	2708	2535	2360	2258	
247	9562	60.0	60.0	34	1	1	2	970	1286	1928	2897	3973	4890	5324	5466	5222	4948	4607	4178	3819	3422	3150	2914	2812	2876	3108	3428	3809	3984	4061	3962	3700	3438	3216	2957	2725	2546	2382	2242	
247	9580	59.9	60.0	34	1	1	2	976	1274	1933	2878	4028	4903	5325	5432	5231	4931	4624	4205	3808	3424	3106	2921	2791	2878	3111	3489	3795	3987	4055	3937	3692	3438	3232	2960	2729	2563	2400	2240	
247	9597	60.0	60.0	34	1	1	2	979	1291	1934	2883	3964	4888	5312	5392	5265	4915	4589	4164	3813	3373	3133	2928	2769	2875	3090	3473	3776	3952	4009	3948	3673	3433	3199	2974	2746	2543	2380	2254	
247	9614	60.0	60.0	34	1	1	2	956	1284	1919	2907	3967	4844	5303	5447	5272	4921	4585	4203	3797	3409	3117	2921	2774	2870	3110	3491	3773	3947	4053	3957	3668	3416	3230	2957	2738	2534	2371	2230	
247	9631	60.0	60.0	34	1	1	2	947	1249	1923	2901	3968	4846	5287	5419	5204	4834	4581	4211	3816	3431	3132	2922	2811	2881	3102	3478	3781	3970	4034	3906	3655	3449	3202	2945	2758	2507	2381	2221	
247	9696	95.1	95.1	35	1	0	2	882	1040	1367	1825	2370	2858	3103	3218	3178	3138	2907	2701	2553	2342	2197	2171	2146	2281	2514	2842	3080	3224	3261	3187	3018	2856	2697	2512	2344	2219	2062	1948	
247	9713	95.0	95.0	35	1	0	2	898	1016	1365	1819	2355	2860	3096	3218	3183	3062	2923	2726	2540	2309	2206	2140	2138	2285	2494	2827	3053	3221	3246	3173	2992	2844	2680	2480	2349	2192	2073	1967	
247	9776	59.8	60.1	35	1	1	2	982	1259	1963	2911	3968	4844	5331	5419	5260	4883	4634	4218	3812	3439	3118	2917	2778	2873	3140	3478	3831	3998	4052	3933	3695	3454	3233	2934	2704	2571	2386	2226	
247	9793	59.9	60.0	35	1	1	2	966	1300	1935	2858	4006	4911	5383	5450	5311	5025	4617	4242	3830	3449	3164	2952	2804	2916	3123	3466	3821	4052	4060	3954	3733	3470	3255	2966	2782	2514	2379	2242	
247	9810	60.0	60.0	35	1	1	2	971	1312	1913	2893	3969	4858	5300	5425	5266	4925	4606	4203	3838	3403	3158	2925	2746	2901	3124	3489	3840	3981	4014	3972	3720	3419	3214	2957	2731	2551	2366	2232	
247	9828	60.0	60.0	35	1	1	2	981	1283	1939	2873	4015	4862	5263	5422	5203	4930	4575	4180	3749	3428	3129	2922	2781	2900	3129	3463	3771	3993	4034	3956	3672	3417	3208	2960	2724	2531	2365	2193	
247	9845	59.9	60.0	35	1	1	2	970	1273	1942	2902	3948	4869	5293	5441	5263	4922	4591	4196	3804	3403	3133	2946	2789	2857	3114	3448	3801	3987	4036	3943	3695	3476	3221	2945	2752	2537	2374	2230	
247	9862	60.0	60.0	35	1	1	2	978	1288	1953	2890	3967	4885	5272	5431	5194	4917	4561	4180	3799	3423	3131	2912	2757	2821	3096	3466	3788	3998	4033	3924	3694	3430	3222	2964	2714	2526	2370	2216	
247	9879	60.0	60.0	35	1	1	2	955	1285	1900	2895	3959	4860	5256	5378	5224	4910	4540	4170	3807	3409	3113	2919	2776	2875	3132	3462	3827	3969	4020	3909	3694	3435	3216	2962	2749	2554	2364	2218	
247	9942	95.0	95.0	36	1	0	2	892	1032	1390	1810	2358	2840	3105	3209	3196	3083	2923	2720	2516	2340	2224	2158	2119	2284	2503	2827	3087	3230	3256	3186	3020	2832	2670	2497	2322	2194	2091	1966	
247	9959	95.0	95.0	36	1	0	2	900	1066	1370	1824	2373	2856	3119	3226	3174	3034	2907	2719	2534	2357	2219	2156	2161	2281	2526	2824	3058	3200	3263	3207	2989	2824	2690	2513	2336	2207	2055	1965	
247	10022	59.8	60.1	36	1	1	2	951	1289	1962	2886	3994	4840	5307	5432	5252	4958	4598	4188	3832	3430	3130	2920	2800	2882	3110	3399	3824	3989	4055	3924	3703	3456	3203	2962	2752	2554	2392	2220	
247	10039	59.9	60.0	36	1	1	2	969	1273	1957	2888	4005	4876	5369	5465	5285	4958	4664	4218	3844	3445	3162	2960	2803	2884	3136	3509	3817	4021	4070	3975	3738	3436	3256	2968	2780	2562	2403	2229	
247	10057	60.0	60.0	36	1	1	2	974	1285	1934	2881	3980	4857	5316	5385	5259	4933	4541	4183	3811	3400	3134	2916	2805	2893	3113	3470	3782	3975	4055	3933	3669	3449	3215	2977	2731	2528	2360	2256	
247	10074	59.9	60.0	36	1	1	2	966	1278	1962	2895	3929	4807	5311	5436	5215	4935	4600	4173	3776	3386	3133	2945	2801	2901	3098	3479	3799	3969	4037	3963	3680	3449	3200	2967	2755	2560	2384	2208	
247	10091	60.0	60.0	36	1	1	2	961	1279	1936	2904	3955	4816	5269	5374	5194	4913	4612	4204	3810	3441	3114	2930	2766	2866	3127	3470	3794	3985	3996	3974	3674	3424	3216	2941	2736	2560	2361	2223	
247	10108	59.9	60.0	36	1	1	2	986	1285	1934	2873	3965	4880	5339	5372	5230	4935	4545	4172	3819	3423	3136	2937	2775	2887	3115	3427	3794	4017	4001	3950	3705	3478	3189	2977	2759	2524	2372	2231	
247	10126	60.0	60.0	36	1	1	2	972	1293	1954	2875	3992	4817	5254	5404	5221	4942	4546	4197	3813	3409	3116	2906	2808	2888	3136	3440	3788	3975	4049	3952	3686	3416	3203	2948	2718	2559	2364	2243	
247	10190	95.0	95.1	37	1	0	2	885	1034	1354	1806	2364	2835	3100	3217	3188	3061	2910	2713	2531	2347	2218	2138	2124	2281	2551	2787	3067	3211	3250	3192	3002	2834	2690	2485	2338	2202	2080	1987	
247	10207	95.0	95.0	37	1	0	2	902	1036	1346	1837	2364	2855	3090	3248	3207	3047	2931	2712	2539	2333	2223	2144	2140	2278	2520	2809	3088	3186	3263	3196	2994	2857	2689	2511	2318	2202	2102	1970	
247	10270	59.9	60.1	37	1	1	2	960	1280	1938	2890	3987	4888	5340	5384	5257	4938	4602	4169	3823	3409	3143	2933	2792	2891	3130	3445	3806	3969	4043	3946	3668	3480	3240	2929	2737	2535	2371	2232	
247	10287	60.0	60.0	37	1	1	2	973	1286	1944	2897	3977	4883	5368	5444	5281	4952	4634	4202	3855	3442	3160	2970	2812	2886	3121	3491	3814	3991	4047	4009	3714	3463	3234	2972	2728	2526	2366	2231	
247	10305	60.0	60.0	37	1	1	2	965	1253	1954	2902	3983	4887	5282	5402	5254	4932	4577	4164	3776	3405	3124	2938	2791	2877	3080	3462	3812	3986	4067	3958	3685	3402	3229	2964	2761	2569	2397	2249	
247	10322	60.0	60.0	37	1	1	2	975	1280	1959	2909	3974	4857	5351	5436	5230	4947	4597	4191	3830	3417	3142	2910	2809	2908	3153	3468	3796	4003	4064	3927	3711	3433	3200	2949	2698	2559	2370	2223	
247	10339	60.0	60.0	37	1	1	2	968	1284	1967	2884	3940	4873	5281	5372	5228	4949	4589	4219	3819	3418	3141	2930	2768	2880	3062	3497	3806	4034	4038	3939	3705	3450	3240	2956	2712	2551	2370	2228	
247	10356	59.9	60.0	37	1	1	2	980	1291	1943	2875	4000	4838	5292	5390	5204	4954	4579	4156	3796	3400	3148	2920	2802	2892	3103	3463	3800	3986	4001	3987	3670	3443	3191	2949	2751	2546	2364	2230	
247	10374	60.0	60.0	37	1	1	2	972	1291	1916	2844	3966	4837	5292	5382	5233	4922	4545	4190	3804	3418	3150	2907	2777	2856	3112	3468	3766	3963	4027	3956	3693	3460	3221	2995	2724	2532	2385	2238	
247	10436	95.1	95.0	38	1	0	2	892	1041	1336	1827	2365	2826	3146	3215	3157	3067	2928	2734	2539	2328	2225	2155	2172	2260	2496	2804	3055	3206	3269	3203	3021	2852	2664	2498	2354	2204	2089	1948	
247	10453	95.0	95.0	38	1	0	2	902	1041	1360	1826	2396	2884	3122	3203	3172	3078	2918	2744	2542	2326	2213	2144	2161	2275	2504	2821	3065	3207	3270	3200	3011	2848	2696	2501	2335	2224	2084	1964	
247	10516	59.8	60.1	38	1	1	2	994	1286	1929	2886	3980	4889	5344	5456	5288	4965	4591	4240	3810	3414	3105	2947	2803	2859	3096	3464	3791	3984	4051	3915	3699	3479	3243	2981	2717	2560	2391	2223	
247	10533	60.0	60.0	38	1	1	2	971	1298	1964	2887	3972	4893	5348	5436	5284	4936	4609	4229	3830	3416	3129	2984	2786	2905	3143	3486	3800	4014	4051	3969	3706	3482	3242	2975	2763	2541	2385	2239	
247	10551	60.0	60.0	38	1	1	2	987	1269	1950	2869	3960	4883	5344	5450	5217	4895	4592	4195	3857	3446	3133	2922	2781	2862	3143	3464	3758	4006	4065	3917	3683	3476	3198	2946	2709	2531	2384	2225	
247	10568	60.0	60.0	38	1	1	2	971	1273	1950	2882	3950	4864	5323	5425	5302	4941	4589	4193	3796	3443	3156	2927	2786	2847	3110	3487	3800	3959	3992	3929	3684	3421	3186	2970	2718	2527	2380	2239	
247	10585	60.0	60.0	38	1	1	2	968	1285	1926	2904	3967	4821	5306	5438	5274	4928	4590	4179	3807	3436	3107	2928	2793	2899	3102	3447	3817	3980	4033	3977	3675	3467	3217	2982	2735	2523	2388	2225	
247	10602	60.0	60.0	38	1	1	2	976	1261	1954	2854	3974	4869	5289	5376	5292	4896	4569	4208	3826	3426	3132	2937	2766	2872	3120	3497	3817	4015	4038	3950	3680	3422	3220	2969	2728	2543	2375	2224	
247	10620	60.0	60.0	38	1	1	2	982	1272	1938	2877	3988	4884	5273	5380	5206	4912	4580	4164	3777	3431	3134	2908	2745	2841	3128	3480	3814	3972	4004	3958	3692	3452	3193	2971	2722	2552	2388	2213	
247	10682	95.2	95.0	39	1	0	2	910	1035	1368	1821	2360	2848	3138	3232	3205	3060	2933	2747	2521	2328	2228	2147	2141	2256	2503	2829	3056	3212	3261	3181	3009	2839	2659	2496	2348	2206	2082	1977	
247	10700	95.0	95.0	39	1	0	2	895	1031	1370	1828	2380	2840	3103	3237	3212	3062	2914	2750	2520	2339	2216	2153	2146	2283	2469	2807	3071	3209	3244	3164	3016	2858	2710	2512	2340	2210	2067	1990	
247	10762	59.9	60.1	39	1	1	2	957	1300	1964	2892	3976	4866	5287	5449	5228	4955	4598	4240	3814	3443	3141	2931	2801	2926	3115	3488	3802	4015	4040	3929	3711	3486	3214	2973	2773	2536	2395	2261	
247	10780	59.9	60.0	39	1	1	2	980	1292	1925	2898	4010	4907	5356	5470	5268	4984	4602	4201	3847	3456	3145	2946	2774	2897	3119	3473	3831	3986	4068	3960	3715	3454	3214	2980	2715	2546	2385	2227	
247	10797	59.9	60.0	39	1	1	2	1000	1282	1926	2887	3970	4869	5334	5435	5284	4956	4586	4195	3814	3456	3107	2933	2818	2862	3105	3460	3754	4002	4036	3972	3681	3433	3216	2945	2720	2526	2372	2214	
247	10814	60.0	60.0	39	1	1	2	989	1294	1934	2877	4003	4851	5327	5397	5262	4921	4619	4224	3842	3442	3164	2938	2817	2888	3109	3472	3795	4001	4027	3916	3693	3445	3206	2957	2770	2518	2377	2225	
247	10831	59.9	60.0	39	1	1	2	969	1273	1938	2881	3955	4819	5249	5361	5234	4933	4552	4169	3784	3414	3108	2912	2813	2861	3084	3460	3815	3985	4019	3920	3699	3451	3208	2928	2714	2527	2382	2211	
247	10849	59.9	60.0	39	1	1	2	971	1285	1925	2898	3965	4846	5268	5454	5246	4936	4583	4202	3819	3412	3137	2918	2763	2870	3146	3467	3776	3978	4054	3938	3683	3442	3192	2971	2700	2549	2372	2218	
247	10866	59.9	60.0	39	1	1	2	966	1281	1937	2869	3961	4854	5282	5432	5308	4933	4589	4163	3804	3411	3117	2913	2782	2881	3090	3455	3794	3986	4032	3924	3653	3457	3179	2946	2748	2526	2393	2212	
247	10930	95.1	95.1	40	1	0	2	906	1032	1345	1835	2384	2860	3100	3183	3209	3068	2949	2734	2531	2329	2221	2141	2129	2304	2527	2808	3060	3220	3233	3232	3016	2832	2673	2520	2346	2196	2088	1967	
247	10948	95.0	95.0	40	1	0	2	886	1046	1366	1833	2386	2834	3111	3247	3200	3084	2939	2721	2529	2398	2179	2155	2139	2281	2526	2812	3053	3221	3243	3163	2997	2824	2677	2496	2362	2196	2089	1959	
247	11010	59.8	60.1	40	1	1	2	970	1263	1943	2897	4004	4893	5315	5454	5271	4920	4605	4204	3827	3416	3160	2928	2769	2911	3110	3453	3819	3991	4055	3958	3700	3445	3211	2975	2765	2554	2399	2234	
247	11028	60.0	60.0	40	1	1	2	990	1271	1963	2932	3978	4920	5331	5402	5268	4934	4566	4222	3872	3438	3169	2951	2821	2907	3107	3473	3831	3995	4050	3932	3712	3471	3242	2979	2737	2537	2390	2255	
247	11045	60.0	60.0	40	1	1	2	965	1245	1915	2873	3974	4866	5285	5424	5267	4976	4603	4216	3827	3440	3115	2921	2789	2911	3138	3508	3782	3992	4056	3997	3700	3451	3238	2960	2741	2552	2369	2233	
247	11062	60.0	60.0	40	1	1	2	967	1278	1958	2903	3959	4874	5330	5423	5292	4920	4588	4202	3828	3431	3128	2973	2804	2911	3121	3461	3804	4028	4047	3926	3692	3456	3191	2942	2738	2547	2397	2209	
247	11079	60.0	60.0	40	1	1	2	982	1278	1948	2882	3961	4832	5327	5383	5246	4936	4572	4190	3839	3434	3120	2939	2803	2874	3132	3464	3825	3976	4035	3987	3683	3420	3202	2924	2719	2558	2396	2232	
247	11097	60.0	60.0	40	1	1	2	972	1280	1934	2892	3983	4850	5284	5393	5213	4936	4546	4204	3771	3442	3131	2927	2791	2890	3101	3484	3794	4002	4010	3958	3694	3452	3217	2945	2723	2553	2396	2211	
247	11114	60.0	60.0	40	1	1	2	957	1293	1950	2866	3993	4866	5338	5391	5245	4914	4571	4190	3827	3396	3100	2915	2799	2869	3124	3512	3828	4008	4054	3962	3672	3445	3190	2947	2745	2535	2390	2222	
247	11179	95.1	95.1	41	1	0	2	897	1036	1355	1838	2384	2853	3110	3253	3215	3091	2934	2731	2538	2366	2215	2161	2144	2290	2534	2790	3101	3226	3296	3195	3016	2861	2660	2514	2351	2214	2073	1954	
247	11196	95.0	95.0	41	1	0	2	898	1043	1362	1843	2366	2853	3131	3223	3171	3032	2911	2718	2547	2364	2227	2146	2152	2273	2518	2823	3081	3227	3241	3174	3032	2846	2679	2498	2360	2212	2080	1978	
247	11258	59.7	60.1	41	1	1	2	976	1322	1966	2880	4000	4836	5336	5424	5301	4923	4608	4217	3811	3432	3143	2946	2774	2872	3085	3517	3817	3988	4071	3984	3703	3481	3211	2965	2757	2538	2405	2229	
247	11276	60.0	60.0	41	1	1	2	955	1292	1965	2918	4014	4933	5349	5438	5281	4997	4622	4265	3836	3470	3160	2969	2795	2922	3151	3488	3829	4001	4108	3940	3709	3466	3232	2953	2746	2599	2397	2209	
247	11293	59.9	60.0	41	1	1	2	976	1296	1933	2885	3948	4883	5301	5453	5273	4950	4632	4212	3897	3410	3145	2958	2795	2903	3113	3497	3770	4009	4038	3944	3726	3417	3221	2964	2742	2547	2382	2237	
247	11310	60.0	60.0	41	1	1	2	1000	1279	1935	2892	3975	4847	5315	5388	5202	4944	4618	4244	3852	3447	3160	2953	2808	2890	3081	3470	3813	4003	4042	3933	3711	3437	3204	2940	2748	2570	2400	2229	
247	11327	59.9	60.0	41	1	1	2	956	1284	1908	2931	3938	4868	5316	5454	5228	4929	4612	4219	3830	3446	3119	2935	2775	2865	3090	3477	3823	3994	4092	3948	3677	3429	3228	2972	2680	2539	2361	2228	
247	11345	60.0	60.0	41	1	1	2	970	1308	1947	2856	3957	4835	5307	5404	5234	4924	4582	4216	3801	3423	3120	2920	2786	2889	3123	3481	3799	3987	4053	3931	3733	3456	3223	2937	2759	2551	2367	2239	
247	11362	60.0	60.0	41	1	1	2	967	1286	1936	2880	3983	4870	5289	5422	5256	4915	4594	4185	3762	3445	3133	2925	2815	2878	3100	3496	3790	3962	4057	3946	3698	3477	3232	2952	2738	2568	2389	2248	
247	11425	95.0	95.0	42	1	0	2	896	1019	1347	1843	2354	2842	3115	3241	3177	3070	2936	2728	2549	2340	2223	2164	2150	2279	2532	2818	3077	3222	3244	3196	3001	2830	2678	2516	2334	2229	2069	1959	
247	11442	95.0	95.0	42	1	0	2	894	1034	1338	1859	2346	2837	3158	3242	3199	3085	2923	2733	2542	2371	2244	2142	2144	2283	2510	2811	3068	3206	3260	3212	3035	2834	2685	2500	2358	2207	2101	1972	
247	11505	59.8	60.1	42	1	1	2	989	1282	1925	2930	3985	4897	5290	5459	5286	4964	4624	4223	3835	3430	3148	2921	2790	2897	3126	3489	3801	3971	4034	3947	3683	3439	3254	2956	2736	2537	2396	2233	
247	11522	59.9	60.0	42	1	1	2	973	1296	1947	2926	4008	4917	5362	5511	5281	5006	4607	4291	3889	3426	3197	2957	2803	2908	3122	3510	3855	4019	4107	3995	3740	3488	3245	2973	2763	2532	2396	2257	
247	11539	59.9	60.0	42	1	1	2	962	1313	1942	2885	3944	4855	5333	5452	5267	4937	4600	4170	3858	3434	3150	2953	2821	2885	3106	3491	3823	4023	4062	3941	3693	3472	3210	2957	2752	2558	2374	2244	
247	11556	59.9	60.0	42	1	1	2	970	1288	1937	2898	3999	4852	5333	5421	5262	4932	4612	4220	3833	3435	3097	2950	2816	2883	3128	3501	3799	4005	4044	3960	3710	3432	3210	2956	2753	2540	2385	2246	
247	11574	60.0	60.0	42	1	1	2	972	1293	1932	2883	3982	4879	5330	5426	5304	4944	4569	4219	3849	3434	3134	2923	2836	2883	3163	3448	3817	3992	4039	3962	3660	3448	3206	2975	2722	2575	2364	2249	
247	11591	60.0	60.0	42	1	1	2	979	1262	1944	2898	3976	4820	5322	5413	5274	5002	4623	4184	3800	3411	3124	2931	2788	2885	3107	3450	3792	3956	4044	3964	3701	3456	3218	2963	2721	2572	2371	2218	
247	11608	60.0	60.0	42	1	1	2	964	1277	1947	2905	3985	4870	5293	5433	5273	4956	4573	4217	3818	3409	3152	2931	2768	2879	3120	3461	3831	3985	4059	3949	3682	3451	3203	2962	2745	2544	2386	2247	
247	11671	95.1	95.0	43	1	0	2	909	1048	1358	1824	2365	2837	3093	3251	3183	3069	2919	2751	2533	2339	2238	2151	2140	2289	2534	2828	3063	3232	3267	3211	2996	2865	2702	2525	2367	2217	2075	1970	
247	11688	95.0	95.0	43	1	0	2	902	1031	1359	1831	2378	2852	3152	3227	3200	3080	2926	2726	2541	2356	2235	2134	2145	2276	2517	2806	3071	3241	3255	3202	3006	2815	2670	2500	2345	2231	2104	1968	
247	11750	59.8	60.1	43	1	1	2	974	1289	1957	2896	3964	4864	5344	5443	5296	4971	4605	4218	3846	3443	3129	2943	2782	2865	3148	3490	3836	3979	4097	3942	3714	3452	3183	2979	2739	2576	2388	2243	
247	11767	60.0	60.0	43	1	1	2	972	1331	1924	2910	3980	4892	5338	5467	5318	5032	4631	4239	3848	3483	3162	2940	2813	2930	3152	3527	3862	4017	4062	4003	3693	3520	3221	2992	2718	2556	2411	2224	
247	11784	60.0	60.0	43	1	1	2	964	1295	1950	2893	3961	4904	5323	5431	5267	4959	4584	4208	3818	3462	3131	2871	2803	2868	3122	3493	3802	4026	4059	3932	3708	3450	3194	2983	2739	2533	2398	2213	
247	11802	60.0	60.0	43	1	1	2	980	1271	1933	2900	3948	4902	5329	5449	5311	4959	4596	4169	3805	3435	3127	2922	2784	2896	3112	3481	3812	4011	4052	3968	3700	3431	3226	2993	2758	2554	2386	2245	
247	11819	60.0	60.0	43	1	1	2	978	1289	1931	2906	3953	4864	5295	5401	5254	4898	4605	4244	3814	3453	3127	2929	2793	2894	3100	3461	3805	3973	4048	3960	3714	3442	3254	2985	2719	2532	2372	2229	
247	11836	60.0	60.0	43	1	1	2	965	1294	1931	2891	3986	4869	5305	5434	5238	4930	4570	4215	3827	3448	3110	2929	2791	2868	3129	3478	3776	3982	4035	3981	3687	3432	3232	2973	2752	2534	2384	2207	
247	11853	59.9	60.0	43	1	1	2	977	1300	1940	2885	3998	4839	5281	5441	5227	4938	4603	4197	3815	3446	3136	2940	2797	2880	3116	3524	3828	4037	4040	3949	3688	3434	3201	2959	2759	2544	2377	2253	
247	11916	95.0	95.0	44	1	0	2	904	1038	1350	1836	2384	2869	3108	3233	3196	3087	2921	2742	2537	2357	2216	2167	2129	2299	2544	2827	3048	3200	3268	3200	3023	2841	2689	2510	2355	2190	2128	1950	
247	11933	95.0	95.0	44	1	0	2	897	1042	1356	1833	2344	2839	3120	3242	3205	3066	2895	2756	2537	2352	2217	2157	2107	2278	2504	2838	3073	3228	3257	3162	3003	2844	2686	2543	2360	2224	2088	1976	
247	11996	59.8	60.1	44	1	1	2	980	1290	1938	2908	3943	4883	5361	5466	5272	4993	4634	4219	3823	3427	3172	2971	2803	2890	3101	3492	3845	4008	4079	3944	3737	3465	3228	2975	2720	2574	2376	2229	
247	12013	59.9	60.0	44	1	1	2	977	1301	1946	2928	4024	4933	5396	5490	5320	4989	4662	4262	3865	3452	3161	2965	2824	2920	3167	3492	3807	3992	4079	4011	3715	3522	3227	2982	2786	2539	2399	2264	
247	12030	60.0	60.0	44	1	1	2	985	1275	1950	2926	3993	4885	5334	5443	5273	4969	4621	4235	3863	3438	3136	2956	2789	2918	3152	3474	3829	4003	4049	3978	3727	3433	3236	2972	2794	2555	2380	2246	
247	12048	60.0	60.0	44	1	1	2	973	1299	1949	2903	3983	4876	5333	5436	5276	4996	4624	4232	3829	3477	3161	2924	2791	2905	3119	3478	3822	3968	4046	3965	3713	3457	3223	2982	2713	2570	2437	2233	
247	12065	60.0	60.0	44	1	1	2	974	1285	1950	2924	3967	4876	5309	5437	5300	4972	4579	4218	3878	3386	3146	2941	2802	2909	3121	3518	3795	3988	4088	3951	3690	3450	3218	3006	2748	2518	2400	2241	
247	12082	60.0	60.0	44	1	1	2	948	1293	1950	2885	3990	4812	5312	5409	5273	4953	4606	4236	3851	3423	3135	2938	2786	2886	3131	3476	3797	4016	4040	3961	3719	3460	3220	2973	2736	2556	2403	2240	
247	12099	59.9	60.0	44	1	1	2	958	1289	1953	2890	3976	4897	5318	5397	5260	4944	4626	4218	3842	3415	3132	2961	2767	2884	3132	3465	3829	4028	4048	3967	3651	3476	3228	2970	2757	2545	2390	2231	
247	12164	95.0	95.1	45	1	0	2	903	1038	1374	1844	2379	2877	3130	3238	3219	3084	2926	2732	2555	2365	2224	2162	2139	2310	2546	2828	3109	3232	3265	3222	3013	2838	2687	2511	2372	2217	2080	1968	
247	12181	95.0	95.0	45	1	0	2	905	1034	1352	1854	2406	2843	3127	3244	3215	3076	2917	2723	2533	2344	2247	2171	2156	2271	2530	2796	3064	3211	3260	3210	3022	2804	2672	2505	2361	2228	2088	1973	
247	12244	59.8	60.1	45	1	1	2	969	1294	1930	2909	3974	4868	5313	5457	5277	4998	4629	4209	3845	3461	3141	2940	2794	2870	3094	3490	3827	4064	4102	3935	3707	3469	3232	2983	2760	2574	2399	2249	
247	12261	59.9	60.0	45	1	1	2	986	1296	1937	2897	4058	4899	5389	5528	5320	4995	4652	4275	3853	3448	3150	2943	2833	2922	3151	3504	3824	4047	4080	4001	3745	3503	3251	2989	2768	2562	2412	2240	
247	12278	60.0	60.0	45	1	1	2	977	1279	1938	2885	3952	4887	5328	5469	5308	4984	4602	4230	3827	3487	3154	2948	2803	2896	3122	3483	3826	3971	4064	3960	3715	3463	3222	2994	2744	2562	2377	2261	
247	12296	59.9	60.0	45	1	1	2	965	1305	1946	2903	4002	4815	5306	5429	5254	4944	4605	4232	3803	3449	3100	2949	2808	2893	3108	3507	3811	4003	4087	3973	3715	3453	3190	2984	2752	2536	2385	2240	
247	12313	59.9	60.0	45	1	1	2	994	1281	1942	2915	3963	4892	5314	5397	5260	4983	4623	4167	3837	3409	3162	2935	2805	2873	3114	3473	3802	3997	4010	3964	3689	3440	3224	3007	2746	2540	2406	2244	
247	12330	60.0	60.0	45	1	1	2	977	1294	1967	2891	3987	4861	5315	5449	5228	4952	4605	4191	3835	3433	3141	2936	2782	2875	3096	3483	3824	3976	4036	3936	3689	3449	3221	3004	2747	2559	2400	2210	
247	12347	60.0	60.0	45	1	1	2	972	1284	1934	2861	3941	4867	5337	5421	5261	4910	4611	4255	3850	3429	3174	2910	2802	2895	3120	3471	3801	4015	4059	3971	3709	3447	3214	2974	2742	2553	2385	2220	
