Well	Time (1/2 s)	Block Temp	Sample Temp	Repetition	PCR Stage	Extension	Scale	B1	B2	B3	B4	B5	B6	B7	B8	B9	B10	B11	B12	B13	B14	B15	B16	B17	B18	B19	B20	B21	B22	B23	B24	B25	B26	B27	B28	B29	B30	B31	B32
255	100	95.5	94.8	1	0	0	2	889	1048	1381	1851	2394	2874	3131	3277	3226	3066	2957	2734	2549	2389	2228	2151	2152	2340	2541	2841	3104	3242	3311	3235	3063	2871	2736	2533	2399	2241	2122	2002	
255	118	95.0	95.0	1	0	0	2	922	1038	1348	1816	2353	2820	3116	3178	3145	3035	2905	2678	2492	2324	2196	2135	2138	2276	2502	2796	3094	3181	3279	3223	3011	2866	2682	2553	2331	2217	2110	1971	
255	135	95.0	95.0	1	0	0	2	915	1046	1363	1809	2352	2840	3065	3215	3096	3011	2854	2685	2523	2329	2179	2139	2138	2284	2516	2829	3100	3213	3255	3207	3020	2833	2685	2510	2389	2221	2099	1972	
255	152	95.0	95.0	1	0	0	2	900	1037	1351	1795	2349	2813	3060	3192	3148	3045	2901	2714	2506	2308	2198	2141	2126	2258	2531	2811	3073	3233	3276	3232	3017	2879	2697	2520	2356	2215	2088	1995	
255	169	95.0	95.0	1	0	0	2	891	1040	1340	1809	2353	2820	3068	3174	3111	3035	2876	2710	2470	2334	2185	2121	2126	2306	2515	2845	3092	3229	3284	3221	3004	2862	2709	2547	2353	2224	2123	1976	
255	187	95.0	95.0	1	0	0	2	900	1039	1354	1807	2359	2857	3075	3170	3143	3032	2907	2687	2534	2313	2179	2140	2132	2285	2562	2854	3087	3234	3251	3237	3015	2860	2689	2523	2367	2208	2120	1993	
255	204	95.0	95.0	1	0	0	2	892	1039	1353	1798	2345	2844	3081	3247	3151	3045	2882	2705	2508	2336	2216	2156	2142	2310	2526	2834	3117	3264	3258	3257	3053	2867	2673	2504	2403	2212	2108	1997	
255	221	95.0	95.0	1	0	0	2	916	1045	1350	1824	2362	2804	3079	3201	3161	3053	2910	2743	2503	2317	2193	2153	2125	2314	2509	2835	3110	3250	3300	3210	3038	2887	2696	2503	2373	2259	2091	1977	
255	238	95.0	95.0	1	0	0	2	904	1041	1358	1829	2364	2830	3084	3205	3176	3026	2889	2717	2511	2329	2215	2166	2148	2299	2493	2828	3124	3277	3315	3234	3059	2863	2718	2530	2378	2245	2115	2000	
255	256	94.9	95.0	1	0	0	2	933	1037	1370	1817	2384	2809	3096	3184	3198	3038	2914	2709	2518	2332	2207	2154	2141	2290	2531	2869	3074	3265	3298	3236	3066	2856	2724	2547	2386	2215	2122	2032	
255	273	95.0	95.0	1	0	0	2	909	1049	1347	1824	2385	2785	3084	3224	3147	3077	2900	2713	2505	2336	2248	2168	2158	2279	2556	2835	3071	3279	3299	3233	3043	2878	2703	2523	2391	2244	2123	1995	
255	290	95.0	95.0	1	0	0	2	911	1045	1355	1830	2381	2818	3097	3185	3193	3074	2924	2743	2543	2350	2211	2185	2136	2311	2525	2880	3122	3246	3314	3220	3027	2885	2706	2544	2382	2221	2121	1994	
255	307	95.0	95.0	1	0	0	2	913	1035	1360	1834	2372	2822	3101	3223	3168	3070	2899	2689	2523	2398	2224	2194	2138	2307	2522	2818	3131	3261	3321	3249	3062	2880	2722	2539	2371	2256	2109	1996	
255	325	95.0	95.0	1	0	0	2	913	1050	1371	1818	2345	2822	3104	3192	3200	3042	2932	2724	2565	2345	2211	2151	2128	2272	2529	2854	3097	3223	3312	3261	3096	2906	2699	2536	2392	2234	2121	1986	
255	342	95.0	95.0	1	0	0	2	903	1043	1366	1818	2383	2863	3114	3246	3150	3080	2898	2728	2557	2352	2220	2150	2157	2294	2544	2854	3122	3244	3328	3229	3072	2877	2738	2558	2382	2257	2141	1987	
255	359	95.0	95.0	1	0	0	2	890	1040	1365	1820	2372	2866	3104	3234	3197	3063	2919	2725	2535	2360	2234	2169	2152	2299	2541	2866	3104	3271	3297	3255	3079	2893	2708	2532	2389	2225	2123	2011	
255	376	95.0	95.0	1	0	0	2	899	1054	1356	1820	2375	2786	3128	3202	3202	3058	2924	2714	2512	2359	2196	2177	2174	2317	2533	2856	3103	3294	3306	3276	3042	2904	2729	2562	2391	2226	2086	1991	
255	394	95.0	95.0	1	0	0	2	904	1046	1370	1844	2395	2864	3108	3244	3177	3086	2891	2745	2532	2341	2222	2175	2162	2312	2571	2865	3116	3263	3309	3255	3077	2894	2739	2556	2381	2248	2112	1990	
255	411	95.0	95.0	1	0	0	2	924	1045	1357	1823	2362	2839	3104	3217	3171	3096	2903	2760	2538	2344	2243	2132	2181	2316	2547	2870	3132	3277	3347	3242	3060	2894	2725	2550	2415	2247	2071	1992	
255	428	95.0	95.0	1	0	0	2	907	1032	1361	1832	2381	2826	3150	3214	3197	3056	2920	2712	2565	2345	2220	2157	2145	2324	2543	2892	3130	3278	3322	3235	3055	2896	2736	2541	2404	2266	2124	1992	
255	445	94.9	95.0	1	0	0	2	908	1026	1351	1848	2385	2824	3135	3234	3178	3058	2938	2765	2514	2326	2231	2182	2170	2339	2568	2852	3089	3266	3301	3228	3073	2901	2733	2548	2384	2250	2122	2018	
255	463	94.9	95.0	1	0	0	2	904	1054	1359	1839	2374	2874	3141	3227	3189	3096	2925	2736	2554	2350	2183	2183	2135	2320	2563	2893	3123	3263	3376	3256	3086	2891	2721	2570	2395	2262	2125	1979	
255	480	94.9	95.0	1	0	0	2	906	1061	1346	1824	2372	2856	3120	3220	3190	3058	2934	2763	2557	2354	2230	2125	2161	2328	2558	2862	3134	3303	3314	3239	3066	2893	2752	2572	2400	2245	2108	1997	
255	497	94.9	95.0	1	0	0	2	955	1046	1364	1858	2387	2868	3108	3233	3202	3044	2934	2731	2557	2364	2220	2159	2172	2315	2545	2878	3135	3277	3341	3260	3050	2907	2720	2534	2382	2269	2119	1990	
255	514	94.9	95.0	1	0	0	2	905	1045	1334	1842	2384	2850	3112	3230	3197	3101	2933	2748	2552	2380	2214	2190	2152	2324	2562	2877	3118	3288	3343	3231	3054	2889	2735	2568	2380	2224	2140	1983	
255	532	95.0	95.0	1	0	0	2	904	1054	1328	1845	2382	2863	3171	3227	3219	3098	2946	2734	2543	2332	2249	2207	2137	2294	2551	2870	3123	3262	3309	3233	3081	2880	2762	2548	2403	2244	2130	2004	
255	549	94.9	95.0	1	0	0	2	913	1049	1356	1838	2380	2874	3142	3267	3189	3095	2920	2709	2539	2370	2243	2160	2150	2323	2570	2874	3150	3302	3349	3262	3071	2916	2714	2559	2375	2278	2139	2016	
255	566	95.0	95.0	1	0	0	2	916	1049	1350	1842	2396	2878	3151	3257	3217	3076	2938	2739	2572	2369	2233	2168	2177	2295	2544	2866	3147	3294	3332	3278	3104	2896	2746	2555	2397	2281	2140	2039	
255	583	95.0	95.0	1	0	0	2	929	1047	1349	1845	2394	2863	3124	3258	3228	3089	2934	2733	2588	2362	2225	2164	2187	2318	2533	2883	3136	3266	3356	3257	3060	2916	2735	2547	2380	2257	2130	2019	
255	601	95.0	95.0	1	0	0	2	918	1053	1370	1837	2383	2837	3131	3250	3201	3092	2926	2730	2576	2374	2224	2165	2144	2302	2558	2903	3114	3252	3322	3266	3085	2891	2720	2552	2372	2250	2137	2018	
255	618	95.0	95.0	1	0	0	2	921	1073	1370	1844	2388	2868	3131	3231	3241	3084	2932	2745	2538	2369	2221	2187	2150	2318	2568	2856	3146	3250	3338	3244	3070	2896	2741	2582	2405	2255	2141	1989	
255	635	94.9	95.0	1	0	0	2	899	1038	1370	1844	2395	2878	3131	3268	3210	3084	2978	2745	2550	2368	2224	2175	2159	2340	2556	2868	3144	3296	3341	3276	3079	2886	2753	2559	2410	2262	2165	1998	
255	652	95.0	95.0	1	0	0	2	913	1045	1366	1822	2391	2862	3163	3242	3216	3083	2929	2726	2576	2368	2232	2159	2157	2329	2578	2857	3132	3305	3327	3265	3068	2905	2738	2559	2380	2234	2140	1991	
255	670	95.0	95.0	1	0	0	2	911	1038	1359	1844	2406	2859	3138	3232	3201	3105	2938	2752	2556	2381	2218	2200	2179	2337	2569	2855	3148	3269	3306	3249	3107	2898	2746	2586	2404	2245	2130	2001	
255	687	95.0	95.0	1	0	0	2	896	1037	1357	1825	2402	2865	3128	3248	3236	3114	2918	2751	2585	2356	2249	2170	2145	2329	2568	2908	3140	3264	3352	3275	3089	2907	2752	2577	2399	2267	2110	2010	
255	704	95.0	95.0	1	0	0	2	913	1052	1359	1851	2379	2916	3115	3266	3210	3101	2932	2766	2551	2369	2229	2179	2167	2313	2564	2869	3147	3304	3315	3248	3109	2913	2744	2571	2425	2250	2112	2015	
255	721	94.9	95.0	1	0	0	2	905	1029	1362	1826	2369	2877	3183	3281	3259	3112	2939	2742	2584	2361	2229	2173	2175	2325	2544	2906	3155	3297	3317	3239	3068	2912	2739	2552	2404	2254	2133	2002	
255	739	94.9	95.0	1	0	0	2	906	1049	1363	1828	2392	2899	3154	3260	3199	3081	2926	2760	2550	2361	2244	2216	2175	2340	2566	2872	3143	3309	3369	3262	3072	2911	2749	2558	2396	2249	2117	2010	
255	756	95.0	95.0	1	0	0	2	909	1045	1352	1847	2406	2890	3168	3253	3203	3077	2969	2762	2551	2311	2263	2196	2160	2305	2553	2865	3160	3326	3317	3265	3081	2880	2735	2576	2395	2240	2159	2009	
255	773	95.0	95.0	1	0	0	2	918	1044	1377	1832	2409	2855	3133	3274	3229	3106	2955	2774	2585	2379	2238	2175	2172	2334	2545	2873	3136	3291	3321	3264	3092	2913	2754	2534	2414	2269	2107	1999	
255	790	95.0	95.0	1	0	0	2	910	1042	1364	1844	2408	2856	3129	3245	3218	3108	2947	2747	2567	2379	2245	2167	2181	2303	2547	2860	3153	3276	3345	3281	3092	2916	2746	2576	2391	2261	2135	2018	
255	808	95.0	95.0	1	0	0	2	909	1034	1354	1835	2417	2865	3123	3273	3242	3131	2941	2784	2569	2370	2228	2152	2156	2302	2547	2872	3144	3283	3339	3296	3078	2913	2735	2582	2408	2248	2116	2026	
255	825	94.9	95.0	1	0	0	2	908	1015	1339	1849	2399	2871	3172	3294	3229	3124	2964	2753	2560	2385	2250	2167	2191	2330	2560	2903	3139	3311	3338	3259	3083	2949	2802	2593	2404	2245	2142	2019	
255	842	95.0	95.0	1	0	0	2	912	1040	1363	1854	2385	2875	3133	3268	3215	3109	2963	2744	2556	2375	2250	2180	2167	2322	2565	2889	3146	3287	3344	3259	3064	2913	2742	2555	2418	2247	2141	2029	
255	859	95.0	95.0	1	0	0	2	899	1036	1369	1846	2404	2857	3182	3273	3223	3114	2938	2780	2570	2390	2239	2211	2178	2331	2560	2870	3169	3291	3324	3287	3088	2922	2749	2554	2392	2254	2149	2025	
255	877	94.9	95.0	1	0	0	2	911	1041	1385	1862	2442	2892	3161	3276	3222	3109	2958	2738	2551	2389	2235	2190	2163	2312	2577	2869	3132	3307	3352	3270	3095	2903	2756	2566	2416	2268	2134	2033	
255	894	95.0	95.0	1	0	0	2	924	1045	1350	1835	2400	2878	3152	3292	3217	3100	2968	2755	2586	2400	2260	2170	2163	2324	2550	2882	3160	3302	3340	3256	3097	2916	2741	2607	2394	2267	2134	2001	
255	911	95.0	95.0	1	0	0	2	892	1054	1365	1838	2377	2867	3163	3264	3217	3098	2912	2763	2576	2380	2234	2179	2156	2320	2553	2897	3160	3290	3319	3299	3085	2949	2751	2574	2428	2262	2130	2009	
255	928	95.0	95.0	1	0	0	2	915	1074	1365	1826	2427	2858	3134	3259	3228	3112	2985	2741	2551	2387	2250	2191	2175	2337	2535	2877	3135	3317	3319	3291	3105	2916	2745	2543	2404	2233	2124	2016	
255	946	95.0	95.0	1	0	0	2	905	1044	1360	1851	2401	2890	3153	3259	3240	3086	2927	2745	2585	2373	2250	2216	2211	2309	2547	2906	3184	3341	3351	3266	3104	2916	2747	2588	2416	2255	2130	2032	
255	963	95.0	95.0	1	0	0	2	929	1039	1369	1839	2426	2882	3167	3271	3252	3081	2926	2738	2576	2381	2238	2181	2188	2332	2578	2868	3168	3306	3357	3268	3081	2904	2766	2549	2400	2261	2140	1989	
255	980	94.9	95.0	1	0	0	2	904	1048	1340	1856	2423	2897	3160	3272	3227	3097	2964	2742	2591	2371	2277	2194	2158	2319	2565	2844	3161	3276	3331	3291	3089	2888	2750	2569	2391	2265	2136	2014	
255	997	95.0	95.0	1	0	0	2	922	1052	1386	1858	2394	2915	3164	3288	3240	3144	2971	2756	2575	2362	2262	2180	2182	2325	2536	2881	3136	3304	3350	3254	3077	2913	2772	2557	2400	2280	2122	2007	
255	1015	95.0	95.0	1	0	0	2	902	1049	1365	1850	2389	2897	3136	3251	3242	3091	2977	2818	2593	2401	2251	2181	2174	2325	2581	2885	3169	3294	3328	3258	3081	2908	2742	2602	2374	2280	2154	2035	
255	1032	95.0	95.0	1	0	0	2	917	1036	1371	1846	2401	2868	3171	3285	3218	3114	2979	2760	2559	2361	2265	2208	2186	2323	2532	2909	3147	3312	3349	3301	3059	2922	2757	2569	2423	2233	2132	2008	
255	1049	95.0	95.0	1	0	0	2	915	1051	1383	1830	2417	2882	3172	3259	3254	3076	2964	2767	2582	2375	2231	2212	2184	2331	2576	2887	3161	3299	3315	3301	3075	2899	2767	2535	2410	2280	2139	2000	
255	1066	94.9	95.0	1	0	0	2	907	1052	1361	1849	2390	2883	3176	3270	3227	3137	2975	2756	2571	2392	2248	2208	2184	2326	2562	2891	3155	3314	3352	3270	3081	2887	2771	2586	2421	2253	2130	2010	
255	1084	95.0	95.0	1	0	0	2	909	1037	1345	1849	2392	2890	3156	3293	3241	3125	2972	2784	2610	2406	2240	2186	2174	2331	2548	2854	3163	3314	3372	3259	3106	2912	2767	2580	2408	2238	2141	2029	
255	1101	95.0	95.0	1	0	0	2	912	1041	1371	1858	2399	2876	3168	3252	3224	3127	2960	2770	2587	2401	2242	2205	2161	2299	2600	2894	3139	3299	3368	3278	3098	2926	2758	2584	2399	2247	2136	2013	
255	1118	95.0	95.0	1	0	0	2	914	1040	1370	1837	2402	2897	3126	3255	3224	3131	2936	2773	2572	2370	2240	2174	2178	2316	2566	2865	3158	3296	3347	3285	3121	2912	2750	2576	2402	2268	2140	2026	
255	1135	94.9	95.0	1	0	0	2	918	1052	1375	1848	2396	2884	3147	3294	3262	3112	2969	2794	2558	2404	2257	2185	2176	2332	2576	2894	3180	3295	3349	3256	3094	2915	2758	2568	2409	2239	2152	2002	
255	1153	95.0	95.0	1	0	0	2	911	1034	1374	1849	2436	2873	3154	3292	3250	3121	2966	2776	2580	2385	2253	2180	2179	2312	2546	2889	3152	3328	3374	3287	3105	2946	2734	2598	2405	2281	2176	2010	
255	1170	94.9	95.0	1	0	0	2	928	1064	1367	1857	2394	2847	3153	3310	3241	3103	2952	2836	2576	2391	2259	2192	2184	2330	2563	2910	3134	3298	3341	3278	3079	2896	2743	2568	2418	2290	2140	1990	
255	1187	95.0	95.0	1	0	0	2	908	1067	1377	1864	2393	2892	3161	3285	3257	3098	2971	2749	2548	2376	2237	2185	2180	2313	2560	2874	3145	3275	3347	3283	3112	2942	2726	2535	2412	2258	2133	2036	
255	1204	95.0	95.0	1	0	0	2	908	1048	1378	1848	2434	2883	3191	3280	3277	3137	2956	2805	2571	2376	2233	2243	2204	2318	2555	2850	3165	3301	3333	3292	3080	2950	2760	2575	2402	2252	2139	2014	
255	1222	94.9	95.0	1	0	0	2	915	1044	1385	1836	2363	2890	3171	3277	3262	3134	2976	2757	2573	2390	2250	2201	2182	2326	2585	2891	3153	3273	3330	3277	3080	2884	2729	2560	2414	2253	2139	2019	
255	1239	94.9	95.0	1	0	0	2	912	1052	1386	1853	2402	2876	3176	3277	3224	3108	2959	2778	2570	2384	2247	2212	2175	2342	2575	2881	3154	3311	3360	3283	3089	2908	2744	2565	2408	2266	2130	1995	
255	1256	95.0	95.0	1	0	0	2	921	1043	1367	1872	2432	2882	3152	3263	3236	3144	2978	2763	2568	2362	2252	2205	2162	2336	2551	2896	3144	3293	3312	3283	3101	2916	2766	2570	2411	2234	2165	1985	
255	1273	94.9	95.0	1	0	0	2	910	1024	1353	1858	2404	2894	3155	3279	3238	3148	2969	2768	2584	2399	2270	2197	2179	2339	2559	2860	3173	3300	3323	3279	3094	2925	2749	2546	2393	2277	2128	2005	
255	1291	95.0	95.0	1	0	0	2	902	1052	1357	1864	2435	2885	3170	3267	3246	3137	2958	2743	2599	2384	2283	2168	2178	2323	2563	2868	3164	3285	3351	3264	3089	2926	2769	2585	2375	2271	2135	2033	
255	1319	95.0	95.0	1	1	0	2	898	1053	1359	1858	2418	2927	3156	3314	3254	3138	2973	2763	2572	2391	2241	2192	2180	2321	2579	2843	3160	3310	3360	3292	3101	2912	2762	2564	2420	2290	2134	2006	
255	1381	59.7	60.4	1	1	1	2	975	1261	1918	2907	4016	4962	5443	5544	5393	5045	4740	4295	3936	3520	3254	3002	2869	2945	3188	3572	3890	4115	4115	4069	3791	3579	3344	3068	2806	2606	2420	2315	
255	1398	60.0	60.1	1	1	1	2	977	1280	1929	2924	4068	5007	5447	5588	5421	5073	4756	4331	3927	3526	3233	3022	2884	2940	3204	3561	3941	4141	4204	4123	3831	3569	3293	3055	2798	2608	2454	2299	
255	1416	60.0	60.0	1	1	1	2	977	1236	1940	2945	4073	5051	5451	5544	5440	5118	4726	4365	3933	3548	3264	3030	2873	2967	3198	3572	3917	4125	4209	4069	3834	3583	3332	3063	2817	2625	2440	2287	
255	1433	60.0	60.0	1	1	1	2	980	1273	1947	2931	4046	4971	5484	5610	5412	5107	4734	4301	3930	3543	3211	3005	2862	2960	3173	3588	3928	4114	4216	4091	3820	3569	3305	3012	2814	2598	2425	2282	
255	1450	60.0	60.0	1	1	1	2	967	1273	1941	2954	4094	5025	5499	5595	5424	5060	4772	4356	3959	3482	3228	3011	2840	2933	3218	3582	3905	4125	4205	4084	3810	3556	3348	3098	2828	2633	2465	2271	
255	1467	60.0	60.0	1	1	1	2	983	1286	1963	2936	4107	5034	5487	5583	5405	5115	4761	4320	3933	3535	3239	3034	2885	2991	3201	3566	3931	4101	4203	4087	3832	3607	3311	3041	2788	2610	2448	2298	
255	1485	60.0	60.0	1	1	1	2	974	1272	1942	2949	4094	5015	5430	5572	5443	5067	4726	4311	3964	3556	3219	3020	2862	2963	3191	3564	3887	4098	4176	4089	3825	3558	3308	3062	2817	2610	2461	2278	
255	1547	95.4	94.7	2	1	0	2	906	1064	1364	1885	2417	2959	3250	3361	3286	3143	3037	2789	2641	2434	2274	2222	2185	2349	2568	2891	3187	3331	3400	3302	3119	2952	2778	2603	2438	2267	2175	2030	
255	1564	94.9	95.0	2	1	0	2	911	1064	1368	1865	2405	2912	3173	3318	3248	3128	2983	2791	2595	2385	2256	2221	2186	2356	2592	2932	3148	3312	3342	3285	3108	2922	2783	2566	2412	2263	2152	2031	
255	1627	59.7	60.4	2	1	1	2	972	1276	1955	2934	4037	5049	5482	5584	5449	5142	4747	4385	3952	3579	3224	3006	2879	2955	3232	3605	3925	4111	4214	4139	3841	3570	3317	3082	2835	2671	2464	2322	
255	1645	59.9	60.0	2	1	1	2	985	1276	1936	2968	4080	5020	5508	5624	5463	5120	4783	4376	3965	3540	3252	3025	2866	2969	3203	3590	3924	4135	4218	4101	3868	3569	3347	3091	2818	2627	2460	2296	
255	1662	60.0	60.0	2	1	1	2	1002	1277	1954	2957	4110	5019	5529	5656	5510	5122	4777	4388	3953	3558	3253	3016	2885	2992	3229	3628	3958	4151	4207	4123	3850	3596	3348	3089	2831	2685	2453	2313	
255	1679	60.0	60.0	2	1	1	2	976	1289	1966	2957	4160	5088	5559	5703	5537	5210	4827	4406	4002	3572	3232	3055	2892	3045	3214	3623	3940	4169	4244	4125	3842	3616	3372	3081	2856	2616	2469	2311	
255	1696	59.9	60.0	2	1	1	2	978	1289	1940	2951	4091	5092	5549	5659	5445	5219	4777	4437	3969	3565	3255	3050	2899	3026	3226	3634	3930	4151	4246	4140	3836	3608	3351	3090	2834	2664	2477	2312	
255	1714	59.9	60.0	2	1	1	2	980	1288	1977	2991	4144	5039	5571	5661	5483	5100	4825	4334	3994	3564	3246	3005	2923	2978	3248	3611	3921	4199	4211	4087	3858	3596	3380	3045	2829	2633	2489	2297	
255	1731	60.0	60.0	2	1	1	2	984	1319	1974	2957	4061	5071	5540	5657	5454	5120	4751	4369	3945	3569	3283	3045	2881	2981	3223	3620	3948	4166	4204	4096	3839	3621	3352	3087	2856	2633	2446	2308	
255	1793	95.3	94.9	3	1	0	2	922	1065	1373	1867	2429	2966	3225	3356	3316	3169	3009	2833	2611	2422	2300	2229	2190	2356	2600	2888	3175	3362	3403	3254	3120	2955	2795	2579	2440	2285	2160	2006	
255	1811	95.0	95.0	3	1	0	2	925	1047	1370	1862	2416	2914	3196	3281	3268	3154	3007	2803	2625	2405	2288	2208	2200	2330	2569	2872	3226	3300	3340	3286	3083	2923	2779	2597	2412	2253	2148	2030	
255	1873	59.7	60.4	3	1	1	2	980	1274	1941	2938	4108	5033	5497	5625	5464	5119	4746	4341	3960	3542	3210	2994	2874	2993	3230	3538	3946	4156	4193	4081	3832	3582	3344	3084	2803	2602	2453	2309	
255	1891	59.9	60.1	3	1	1	2	988	1263	1953	2962	4075	5034	5528	5606	5432	5110	4794	4361	3992	3539	3238	3005	2875	2976	3208	3566	3939	4136	4208	4121	3789	3557	3353	3078	2842	2599	2472	2277	
255	1908	60.0	60.0	3	1	1	2	966	1252	1945	2994	4095	5069	5565	5663	5490	5211	4801	4355	4014	3578	3300	3044	2901	2975	3207	3614	3916	4142	4231	4129	3844	3567	3348	3106	2814	2650	2469	2309	
255	1925	59.9	60.0	3	1	1	2	987	1285	1960	2987	4131	5057	5535	5706	5480	5164	4805	4394	3971	3590	3273	3071	2907	2972	3218	3606	4000	4151	4204	4127	3894	3594	3327	3080	2859	2650	2472	2298	
255	1942	59.9	60.0	3	1	1	2	982	1288	1963	2958	4110	5066	5525	5687	5500	5179	4808	4388	3967	3544	3244	3042	2882	3011	3227	3598	3938	4168	4213	4069	3860	3585	3385	3085	2869	2671	2478	2331	
255	1960	60.0	60.0	3	1	1	2	986	1268	1952	2970	4105	5032	5567	5656	5474	5115	4730	4361	3966	3546	3254	3040	2867	2974	3213	3628	3933	4145	4208	4111	3818	3569	3346	3082	2848	2614	2429	2286	
255	1977	60.0	60.0	3	1	1	2	984	1268	1949	2946	4073	5059	5465	5629	5446	5146	4802	4369	3940	3552	3276	3028	2875	2989	3247	3622	3912	4113	4167	4086	3844	3575	3334	3077	2843	2634	2452	2282	
255	2039	95.5	94.8	4	1	0	2	903	1061	1379	1873	2427	2928	3262	3372	3308	3174	3009	2768	2605	2440	2282	2219	2195	2358	2583	2908	3163	3319	3381	3311	3125	2909	2742	2612	2420	2271	2156	2019	
255	2057	95.0	95.0	4	1	0	2	913	1043	1366	1876	2406	2916	3172	3308	3226	3139	2998	2802	2601	2403	2251	2215	2168	2324	2576	2880	3193	3287	3342	3276	3092	2921	2726	2573	2428	2257	2141	2010	
255	2119	59.6	60.4	4	1	1	2	977	1262	1949	2945	4068	5009	5545	5656	5436	5066	4742	4323	3965	3544	3219	3031	2864	2993	3198	3577	3897	4096	4173	4092	3837	3568	3335	3074	2846	2670	2472	2340	
255	2137	59.9	60.0	4	1	1	2	977	1274	1951	2947	4072	5009	5558	5622	5420	5136	4776	4369	3954	3577	3224	3051	2879	2950	3217	3606	3965	4136	4180	4136	3807	3602	3328	3053	2855	2623	2433	2309	
255	2154	60.0	60.0	4	1	1	2	967	1292	1975	2980	4114	5059	5532	5674	5475	5129	4796	4357	3988	3575	3258	3034	2919	2998	3208	3641	3939	4168	4221	4106	3830	3621	3336	3063	2840	2632	2495	2324	
255	2171	59.9	60.0	4	1	1	2	969	1292	1969	2950	4158	5069	5597	5677	5454	5161	4826	4429	3993	3575	3248	3044	2896	2979	3208	3618	3954	4168	4231	4145	3806	3581	3324	3046	2875	2613	2480	2334	
255	2188	59.9	60.0	4	1	1	2	986	1285	1949	2992	4113	5076	5540	5663	5476	5156	4768	4421	3991	3544	3254	3045	2871	3004	3218	3604	3934	4147	4162	4112	3819	3584	3318	3051	2828	2624	2481	2289	
255	2206	60.0	60.0	4	1	1	2	986	1270	1955	2958	4088	5014	5550	5620	5424	5130	4730	4361	3954	3539	3218	3022	2874	2971	3220	3598	3910	4152	4230	4085	3827	3553	3322	3075	2824	2625	2436	2310	
255	2223	60.0	60.0	4	1	1	2	992	1270	1957	2947	4054	5061	5461	5670	5435	5135	4762	4371	3958	3585	3249	3002	2877	2975	3185	3596	3936	4128	4182	4105	3817	3549	3338	3074	2834	2633	2444	2292	
255	2286	95.5	94.8	5	1	0	2	911	1045	1404	1873	2425	2938	3250	3305	3283	3164	2985	2818	2607	2422	2264	2243	2188	2344	2545	2890	3168	3286	3328	3286	3081	2928	2744	2565	2384	2242	2156	2040	
255	2303	95.0	95.0	5	1	0	2	901	1047	1376	1859	2382	2903	3190	3318	3256	3117	2978	2763	2610	2397	2257	2193	2187	2323	2564	2905	3150	3328	3341	3273	3085	2933	2770	2571	2419	2237	2116	1985	
255	2366	59.6	60.4	5	1	1	2	969	1268	1940	2927	4088	4984	5469	5586	5434	5097	4729	4285	3940	3535	3206	3008	2838	2939	3188	3575	3944	4088	4150	4065	3825	3565	3324	3063	2824	2602	2453	2291	
255	2383	59.9	60.0	5	1	1	2	975	1266	1934	2952	4113	5026	5454	5606	5413	5103	4773	4312	3903	3546	3223	3022	2883	2935	3207	3590	3903	4127	4195	4073	3798	3586	3333	3048	2819	2626	2472	2276	
255	2400	60.0	60.0	5	1	1	2	973	1281	1955	2945	4107	5036	5529	5627	5434	5112	4779	4299	3985	3556	3231	3038	2874	2956	3234	3586	3958	4179	4179	4117	3829	3561	3360	3037	2848	2613	2485	2312	
255	2417	60.0	60.0	5	1	1	2	974	1282	1940	2979	4122	5079	5547	5700	5455	5163	4816	4383	3983	3581	3274	3026	2891	2984	3166	3652	3946	4156	4168	4124	3853	3602	3339	3043	2842	2632	2458	2301	
255	2435	59.9	60.0	5	1	1	2	968	1293	1954	2960	4066	5055	5512	5625	5478	5144	4768	4347	3976	3530	3246	3011	2896	2961	3199	3568	3936	4125	4204	4100	3828	3606	3321	3064	2852	2626	2474	2302	
255	2452	60.0	60.0	5	1	1	2	971	1270	1956	2940	4098	5025	5488	5631	5393	5123	4745	4343	3933	3573	3239	3030	2880	2985	3209	3537	3941	4114	4180	4021	3825	3580	3326	3062	2835	2629	2477	2299	
255	2469	60.0	60.0	5	1	1	2	942	1274	1941	2940	4082	4949	5456	5607	5444	5064	4711	4357	3888	3525	3228	3002	2858	2940	3162	3569	3937	4085	4157	4094	3798	3581	3323	3066	2797	2630	2457	2289	
255	2532	95.5	94.8	6	1	0	2	904	1050	1353	1886	2446	2925	3231	3356	3269	3168	2966	2795	2598	2413	2280	2225	2184	2335	2559	2881	3163	3270	3363	3275	3105	2934	2803	2549	2405	2276	2134	2020	
255	2549	95.0	95.0	6	1	0	2	923	1075	1360	1855	2399	2898	3167	3291	3230	3110	2994	2763	2584	2397	2244	2195	2170	2334	2539	2888	3131	3240	3316	3263	3077	2907	2719	2549	2417	2268	2130	1997	
255	2612	59.6	60.4	6	1	1	2	979	1260	1932	2886	4047	4959	5412	5550	5348	5050	4709	4282	3876	3511	3213	2992	2851	2973	3186	3564	3897	4090	4176	4066	3820	3570	3332	3053	2819	2561	2436	2271	
255	2629	59.9	60.1	6	1	1	2	974	1263	1939	2914	4043	4997	5436	5577	5380	5126	4744	4303	3935	3518	3229	2992	2854	2909	3211	3589	3900	4092	4148	4049	3788	3552	3293	3031	2853	2604	2440	2258	
255	2646	60.0	60.0	6	1	1	2	980	1264	1940	2950	4098	5019	5518	5622	5445	5088	4787	4342	3963	3548	3232	3022	2831	2944	3237	3587	3929	4151	4186	4093	3796	3616	3343	3016	2820	2585	2434	2277	
255	2663	60.0	60.0	6	1	1	2	969	1271	1936	2945	4151	5043	5491	5614	5460	5138	4785	4372	3987	3552	3234	3028	2862	2954	3212	3585	3956	4118	4176	4104	3843	3514	3318	3068	2799	2615	2438	2298	
255	2681	60.0	60.0	6	1	1	2	992	1290	1929	2898	4097	5000	5500	5609	5410	5107	4758	4332	3942	3539	3217	3008	2890	2951	3183	3571	3942	4128	4195	4088	3802	3534	3328	3073	2833	2592	2443	2280	
255	2698	59.9	60.0	6	1	1	2	981	1271	1954	2940	4052	4987	5461	5624	5406	5107	4675	4303	3920	3522	3232	2970	2840	2962	3184	3561	3878	4094	4139	4055	3780	3577	3316	3072	2778	2588	2451	2279	
255	2715	60.0	60.0	6	1	1	2	983	1262	1947	2921	4095	4967	5466	5570	5330	5082	4693	4332	3925	3520	3193	2992	2897	2951	3182	3554	3875	4075	4132	4084	3783	3547	3317	3043	2817	2604	2434	2266	
255	2778	95.3	94.9	7	1	0	2	907	1044	1385	1856	2391	2882	3178	3352	3258	3136	3001	2788	2581	2377	2251	2216	2184	2358	2579	2863	3138	3325	3326	3256	3085	2961	2769	2563	2427	2234	2104	2031	
255	2795	95.0	95.0	7	1	0	2	907	1044	1364	1857	2412	2877	3139	3256	3242	3083	2966	2779	2621	2378	2236	2165	2155	2319	2560	2848	3166	3264	3328	3224	3051	2920	2775	2549	2380	2232	2099	2033	
255	2858	59.6	60.4	7	1	1	2	968	1258	1924	2915	4046	4932	5376	5541	5350	5054	4690	4280	3909	3480	3204	2987	2834	2950	3158	3558	3877	4065	4138	4086	3733	3524	3274	3032	2804	2605	2428	2265	
255	2875	59.9	60.0	7	1	1	2	997	1264	1941	2886	4012	4987	5399	5515	5362	5082	4702	4289	3900	3502	3213	2976	2876	2945	3163	3513	3898	4091	4137	4031	3814	3520	3298	3008	2780	2618	2438	2272	
255	2892	59.9	60.0	7	1	1	2	978	1279	1913	2934	4079	4996	5493	5618	5425	5124	4727	4310	3930	3507	3233	3006	2847	2925	3208	3595	3912	4116	4182	4090	3781	3589	3332	3029	2797	2590	2474	2316	
255	2910	60.0	60.0	7	1	1	2	967	1268	1942	2913	4083	5007	5498	5660	5417	5120	4782	4323	3936	3531	3217	3019	2861	2953	3165	3576	3916	4086	4207	4043	3810	3564	3313	3038	2819	2616	2470	2275	
255	2927	59.9	60.0	7	1	1	2	987	1276	1953	2939	4052	4925	5415	5533	5383	5070	4735	4303	3912	3527	3169	3021	2861	2928	3195	3558	3898	4052	4117	4070	3800	3541	3297	3037	2774	2625	2405	2279	
255	2944	60.0	60.0	7	1	1	2	982	1272	1941	2929	4030	4975	5439	5591	5373	5065	4696	4263	3879	3484	3216	2979	2864	2921	3164	3543	3896	4084	4158	4065	3777	3542	3293	3015	2774	2621	2460	2264	
255	2961	60.0	60.0	7	1	1	2	980	1285	1925	2930	4039	4907	5410	5556	5334	5034	4686	4252	3894	3481	3206	2968	2808	2944	3169	3521	3885	4083	4116	4047	3770	3528	3257	3073	2838	2610	2413	2278	
255	3026	95.4	94.9	8	1	0	2	914	1018	1362	1828	2413	2875	3143	3257	3243	3138	2981	2759	2550	2380	2226	2185	2127	2321	2538	2880	3119	3268	3316	3241	3077	2877	2745	2538	2376	2221	2149	2013	
255	3043	95.0	95.0	8	1	0	2	903	1051	1362	1855	2390	2844	3125	3264	3191	3114	2967	2774	2556	2375	2238	2186	2152	2313	2522	2857	3124	3263	3282	3205	3038	2904	2714	2558	2359	2254	2083	1994	
255	3105	59.7	60.6	8	1	1	2	978	1272	1929	2929	4016	4935	5349	5486	5314	4999	4665	4275	3893	3457	3166	2988	2815	2906	3146	3527	3870	4061	4128	4022	3772	3505	3266	3041	2789	2568	2420	2246	
255	3122	60.0	60.1	8	1	1	2	974	1272	1921	2894	3993	4957	5381	5510	5325	5023	4676	4301	3883	3450	3169	3009	2835	2938	3148	3552	3869	4056	4110	4034	3746	3550	3287	3022	2781	2600	2441	2293	
255	3140	60.0	60.0	8	1	1	2	984	1263	1919	2932	4040	4994	5459	5551	5405	5048	4709	4273	3906	3509	3199	2984	2850	2926	3157	3554	3864	4107	4151	4043	3777	3561	3278	3038	2814	2564	2448	2278	
255	3157	60.0	60.0	8	1	1	2	985	1260	1934	2953	4054	4965	5469	5566	5401	5093	4724	4346	3941	3519	3201	3027	2848	2949	3178	3546	3874	4067	4175	4029	3781	3532	3285	3035	2770	2607	2429	2324	
255	3174	59.9	60.0	8	1	1	2	978	1255	1915	2928	4019	4976	5413	5559	5403	5083	4690	4287	3894	3524	3187	2949	2836	2906	3135	3557	3836	4074	4160	4049	3772	3503	3264	3018	2792	2610	2395	2269	
255	3191	60.0	60.0	8	1	1	2	953	1263	1935	2898	4045	4946	5410	5543	5338	5059	4673	4317	3877	3464	3175	2990	2818	2920	3161	3492	3869	4084	4155	4011	3769	3529	3277	3038	2787	2610	2390	2265	
255	3209	60.0	60.0	8	1	1	2	977	1278	1923	2908	3960	4947	5383	5537	5322	5000	4661	4265	3854	3474	3204	2972	2811	2949	3136	3520	3864	4043	4081	3986	3788	3493	3286	3014	2807	2586	2440	2287	
255	3271	95.4	94.5	9	1	0	2	907	1051	1381	1887	2415	2892	3193	3286	3260	3107	2934	2771	2576	2392	2255	2182	2151	2288	2531	2872	3113	3237	3308	3210	3077	2887	2727	2563	2381	2195	2106	1981	
255	3288	94.9	95.0	9	1	0	2	910	1039	1374	1827	2359	2873	3178	3253	3216	3112	2956	2778	2554	2345	2203	2206	2151	2288	2515	2840	3111	3278	3282	3212	3057	2881	2670	2549	2393	2225	2108	1996	
255	3351	59.6	60.6	9	1	1	2	989	1259	1920	2880	3949	4895	5355	5456	5291	4942	4639	4240	3865	3475	3170	2988	2843	2910	3140	3521	3837	4058	4103	3994	3741	3523	3217	3008	2749	2589	2417	2248	
255	3368	60.0	60.1	9	1	1	2	981	1254	1927	2891	3943	4895	5367	5501	5318	5000	4654	4260	3870	3470	3218	2945	2836	2882	3135	3552	3858	4072	4093	4040	3747	3503	3252	2978	2783	2597	2443	2252	
255	3386	60.0	60.0	9	1	1	2	977	1252	1910	2909	4028	4997	5397	5530	5345	5036	4669	4259	3880	3500	3191	2984	2834	2924	3147	3502	3850	4060	4145	4044	3788	3500	3254	3036	2794	2601	2415	2274	
255	3403	60.0	60.0	9	1	1	2	974	1260	1942	2891	4052	4950	5396	5551	5366	5063	4707	4298	3890	3536	3146	3005	2836	2900	3144	3544	3877	4081	4138	4020	3794	3534	3283	3026	2803	2606	2420	2278	
255	3420	59.9	60.0	9	1	1	2	975	1261	1946	2914	3996	4923	5393	5534	5323	5011	4675	4287	3871	3496	3182	2979	2816	2935	3143	3522	3868	4076	4092	3990	3735	3484	3281	3011	2780	2602	2471	2281	
255	3437	60.0	60.0	9	1	1	2	969	1250	1947	2906	3997	4903	5367	5488	5321	4994	4655	4238	3879	3464	3154	2976	2827	2927	3135	3543	3866	4038	4107	4037	3768	3472	3239	2999	2761	2573	2389	2239	
255	3455	60.0	60.0	9	1	1	2	980	1282	1937	2910	4044	4869	5384	5479	5305	5025	4643	4198	3853	3457	3165	2937	2791	2919	3152	3492	3848	4039	4077	3995	3744	3495	3265	2987	2756	2566	2400	2244	
255	3517	95.4	94.7	10	1	0	2	904	1060	1369	1844	2387	2874	3148	3259	3223	3085	2949	2735	2578	2354	2239	2192	2132	2297	2522	2842	3093	3227	3281	3215	3027	2888	2695	2520	2384	2209	2126	1991	
255	3534	95.0	95.0	10	1	0	2	921	1036	1348	1829	2375	2829	3145	3220	3191	3064	2912	2719	2521	2356	2219	2156	2139	2289	2496	2809	3068	3246	3286	3204	3035	2841	2716	2517	2352	2211	2099	1981	
255	3597	59.6	60.4	10	1	1	2	978	1202	1932	2882	3926	4850	5327	5461	5316	4989	4621	4205	3875	3462	3164	2941	2795	2886	3112	3479	3813	4038	4087	3919	3715	3477	3261	3024	2746	2559	2411	2235	
255	3615	60.0	60.1	10	1	1	2	969	1267	1934	2944	3957	4887	5348	5476	5306	4982	4608	4256	3862	3426	3170	2965	2799	2886	3119	3479	3819	4014	4073	3984	3734	3447	3267	2969	2791	2579	2410	2287	
255	3632	59.9	60.0	10	1	1	2	987	1264	1916	2914	4005	4921	5387	5502	5313	5042	4706	4247	3874	3481	3173	2980	2810	2907	3142	3503	3888	4076	4109	4023	3750	3490	3280	3015	2779	2564	2406	2272	
255	3649	59.9	60.0	10	1	1	2	978	1276	1916	2899	4022	4927	5404	5536	5372	4978	4698	4295	3920	3477	3194	3019	2819	2935	3149	3527	3859	4025	4126	4067	3729	3537	3277	2978	2777	2587	2407	2279	
255	3666	60.0	60.0	10	1	1	2	975	1246	1930	2898	4000	4913	5359	5495	5306	5002	4627	4256	3837	3443	3177	2946	2812	2892	3130	3493	3851	4062	4112	4015	3759	3523	3258	3011	2802	2551	2385	2286	
255	3684	60.0	60.0	10	1	1	2	967	1257	1921	2886	3973	4916	5358	5457	5281	5008	4642	4240	3873	3460	3172	2924	2805	2914	3129	3488	3819	4041	4091	3989	3750	3508	3254	2977	2755	2513	2409	2260	
255	3701	59.9	60.0	10	1	1	2	972	1261	1913	2916	3964	4858	5325	5415	5293	4953	4628	4211	3845	3442	3126	2934	2834	2914	3117	3503	3839	4023	4056	3988	3726	3494	3249	2988	2790	2564	2386	2223	
255	3763	95.5	94.7	11	1	0	2	906	1053	1369	1847	2406	2868	3157	3253	3225	3082	2947	2768	2557	2376	2271	2144	2164	2328	2481	2811	3083	3238	3276	3189	3022	2866	2689	2523	2379	2219	2094	1987	
255	3780	94.9	95.0	11	1	0	2	922	1046	1368	1813	2356	2834	3094	3210	3185	3070	2889	2709	2526	2363	2198	2177	2132	2264	2495	2815	3072	3224	3278	3179	3026	2826	2720	2508	2353	2220	2107	1973	
255	3843	59.7	60.4	11	1	1	2	972	1261	1894	2870	3930	4846	5309	5407	5242	4958	4577	4184	3850	3460	3157	2916	2779	2904	3136	3458	3798	4002	4061	3954	3703	3475	3210	2983	2760	2566	2394	2245	
255	3860	60.0	60.1	11	1	1	2	957	1258	1902	2896	3937	4859	5313	5461	5293	4977	4595	4264	3840	3446	3116	2917	2839	2883	3097	3488	3846	3996	4072	3965	3708	3471	3231	2958	2755	2580	2385	2250	
255	3878	60.0	60.0	11	1	1	2	999	1251	1909	2885	3954	4921	5309	5453	5285	4983	4647	4214	3862	3504	3168	2977	2794	2891	3120	3502	3822	4065	4090	4005	3749	3498	3222	3048	2745	2573	2416	2284	
255	3895	60.0	60.0	11	1	1	2	982	1263	1941	2893	3990	4898	5371	5522	5340	4995	4665	4224	3862	3472	3157	2966	2836	2916	3120	3522	3874	4020	4108	4015	3717	3498	3250	2974	2741	2567	2411	2230	
255	3912	60.0	60.0	11	1	1	2	965	1258	1928	2907	3983	4896	5333	5473	5313	4957	4656	4239	3853	3482	3128	2956	2826	2907	3103	3469	3783	4025	4083	4007	3708	3445	3257	2993	2739	2592	2405	2240	
255	3929	59.9	60.0	11	1	1	2	957	1250	1902	2873	3936	4836	5286	5436	5288	4943	4586	4245	3812	3432	3142	2935	2784	2913	3100	3490	3826	4004	4060	3959	3716	3466	3208	3009	2761	2567	2410	2244	
255	3947	59.9	60.0	11	1	1	2	970	1254	1893	2872	3995	4855	5320	5425	5213	4967	4613	4215	3840	3421	3131	2926	2785	2864	3124	3497	3824	3987	4062	3979	3711	3472	3255	2981	2736	2569	2392	2235	
255	4011	95.5	94.9	12	1	0	2	909	1037	1350	1825	2398	2871	3116	3239	3185	3061	2928	2727	2540	2335	2204	2144	2158	2282	2505	2819	3052	3219	3272	3186	3013	2852	2691	2532	2358	2221	2082	1970	
255	4029	95.0	95.0	12	1	0	2	904	1034	1346	1812	2374	2811	3098	3225	3209	3085	2933	2724	2517	2319	2200	2156	2145	2255	2455	2776	3046	3194	3243	3162	2957	2852	2662	2510	2377	2206	2077	1956	
255	4089	59.8	60.5	12	1	1	2	953	1253	1903	2853	3930	4820	5289	5357	5220	4932	4602	4193	3856	3420	3100	2892	2770	2913	3108	3491	3793	3983	4053	3899	3693	3453	3253	3003	2770	2541	2380	2233	
255	4107	60.0	60.1	12	1	1	2	969	1245	1904	2874	3888	4836	5288	5414	5212	4913	4651	4208	3829	3433	3140	2969	2790	2884	3106	3498	3796	3979	4042	3982	3691	3466	3234	2980	2761	2555	2384	2216	
255	4124	60.0	60.0	12	1	1	2	979	1279	1892	2889	3924	4886	5324	5416	5294	4918	4653	4217	3807	3446	3121	2942	2806	2914	3113	3485	3824	4009	4061	3919	3720	3474	3226	2986	2767	2558	2407	2242	
255	4141	60.0	60.0	12	1	1	2	984	1267	1924	2860	3988	4876	5314	5486	5304	4928	4647	4210	3877	3475	3126	2963	2828	2902	3130	3507	3818	4015	4078	3964	3713	3467	3243	2974	2766	2580	2401	2213	
255	4158	59.9	60.0	12	1	1	2	999	1257	1902	2847	3977	4889	5320	5450	5267	4970	4640	4258	3824	3438	3119	2922	2793	2885	3133	3439	3798	3991	4051	3965	3703	3480	3222	2967	2766	2541	2391	2231	
255	4176	59.9	60.0	12	1	1	2	973	1255	1915	2879	3987	4861	5335	5382	5238	4930	4572	4222	3815	3431	3142	2928	2793	2878	3123	3460	3799	3961	4028	3950	3686	3451	3255	2957	2730	2540	2408	2234	
255	4193	59.9	60.0	12	1	1	2	965	1243	1904	2858	3945	4802	5288	5404	5232	4920	4562	4188	3825	3434	3150	2933	2767	2900	3091	3446	3797	3960	4014	3953	3723	3454	3233	2972	2742	2592	2396	2232	
255	4255	95.5	94.7	13	1	0	2	933	1029	1349	1808	2369	2856	3109	3249	3219	3040	2921	2724	2548	2335	2231	2142	2118	2276	2482	2825	3100	3243	3277	3171	3015	2864	2712	2503	2343	2211	2082	1989	
255	4273	95.0	95.0	13	1	0	2	907	1041	1353	1808	2336	2820	3072	3196	3159	3032	2877	2699	2515	2304	2219	2149	2091	2262	2460	2813	3029	3196	3208	3168	2991	2821	2645	2512	2366	2210	2060	1977	
255	4335	59.6	60.4	13	1	1	2	958	1253	1916	2864	3920	4792	5249	5400	5188	4893	4563	4172	3795	3428	3117	2899	2770	2878	3130	3469	3760	3930	4048	3963	3693	3444	3205	2963	2748	2535	2399	2234	
255	4353	60.0	60.1	13	1	1	2	967	1240	1902	2826	3920	4812	5254	5393	5255	4921	4558	4167	3807	3409	3116	2884	2793	2902	3078	3471	3788	3977	3988	3926	3642	3444	3228	2932	2725	2537	2371	2231	
255	4370	60.0	60.0	13	1	1	2	966	1277	1898	2861	3957	4880	5296	5444	5266	4926	4635	4248	3816	3432	3148	2928	2807	2896	3092	3500	3797	3980	4039	3956	3691	3516	3216	2974	2709	2557	2382	2252	
255	4387	59.9	60.0	13	1	1	2	987	1260	1902	2893	3959	4878	5379	5436	5315	4940	4619	4195	3834	3437	3128	2973	2777	2880	3085	3478	3773	3979	4078	3955	3725	3484	3268	2931	2744	2553	2400	2260	
255	4404	59.9	60.0	13	1	1	2	983	1219	1895	2884	3914	4829	5300	5413	5202	4943	4574	4191	3799	3460	3125	2925	2789	2882	3100	3449	3794	3986	4039	3959	3689	3476	3201	2954	2750	2546	2386	2247	
255	4422	60.0	60.0	13	1	1	2	991	1240	1893	2854	3937	4846	5232	5369	5248	4891	4560	4176	3809	3384	3130	2907	2750	2881	3107	3430	3764	3949	4072	3950	3673	3440	3198	2949	2740	2520	2376	2224	
255	4439	59.9	60.0	13	1	1	2	971	1248	1886	2841	3918	4815	5268	5321	5203	4858	4558	4169	3825	3429	3097	2924	2767	2824	3072	3457	3766	3916	4028	3949	3688	3447	3196	2942	2694	2534	2345	2214	
255	4503	95.5	94.9	14	1	0	2	910	1067	1359	1820	2368	2807	3094	3212	3191	3060	2894	2700	2517	2336	2192	2120	2151	2266	2489	2819	3062	3204	3211	3173	2972	2859	2674	2496	2355	2193	2058	1970	
255	4521	95.0	95.0	14	1	0	2	905	1057	1346	1816	2344	2811	3052	3218	3123	3026	2881	2682	2513	2323	2184	2143	2099	2250	2500	2780	3023	3185	3218	3165	2965	2794	2648	2507	2336	2180	2062	1953	
255	4584	59.7	60.4	14	1	1	2	962	1247	1907	2835	3883	4749	5235	5330	5185	4896	4529	4192	3749	3443	3111	2914	2725	2853	3083	3421	3719	3968	3982	3932	3649	3413	3194	2932	2739	2510	2351	2210	
255	4601	60.0	60.1	14	1	1	2	966	1256	1894	2808	3908	4792	5284	5387	5192	4891	4553	4167	3769	3417	3095	2893	2762	2854	3100	3444	3760	3942	4031	3920	3717	3424	3179	2968	2733	2545	2388	2222	
255	4618	60.0	60.0	14	1	1	2	975	1220	1897	2883	3919	4861	5300	5402	5246	4948	4574	4171	3778	3462	3188	2941	2779	2868	3114	3460	3798	3956	4019	3916	3670	3468	3212	3000	2739	2523	2366	2223	
255	4635	60.0	60.0	14	1	1	2	995	1255	1887	2864	3959	4858	5295	5445	5257	4954	4617	4228	3836	3401	3149	2956	2816	2885	3098	3470	3772	3972	4019	3943	3703	3468	3208	2952	2754	2553	2376	2244	
255	4653	59.9	60.0	14	1	1	2	963	1249	1895	2847	3943	4824	5226	5369	5245	4951	4567	4184	3773	3419	3097	2909	2784	2854	3109	3464	3787	4006	4042	3924	3678	3425	3240	2968	2738	2556	2370	2208	
255	4670	59.9	60.0	14	1	1	2	983	1262	1906	2865	3902	4821	5286	5364	5208	4904	4571	4156	3781	3395	3116	2907	2753	2878	3101	3449	3768	3949	3995	3956	3690	3425	3245	2943	2706	2552	2375	2205	
255	4687	59.9	60.0	14	1	1	2	982	1247	1905	2837	3900	4816	5251	5372	5225	4882	4541	4163	3773	3393	3148	2912	2748	2866	3075	3453	3757	3957	4016	3896	3649	3448	3192	2946	2721	2548	2380	2231	
255	4752	95.5	94.9	15	1	0	2	910	1042	1342	1856	2347	2809	3090	3262	3171	3013	2888	2691	2498	2306	2216	2135	2115	2250	2486	2773	3048	3206	3197	3172	2991	2812	2669	2495	2322	2215	2066	1973	
255	4769	95.0	95.0	15	1	0	2	897	1017	1366	1815	2323	2814	3038	3192	3147	3004	2884	2687	2512	2310	2192	2124	2106	2240	2487	2771	3009	3184	3214	3151	2983	2785	2632	2484	2303	2190	2076	1950	
255	4832	59.7	60.4	15	1	1	2	963	1242	1879	2813	3853	4745	5223	5331	5110	4877	4539	4133	3783	3411	3088	2912	2765	2842	3107	3424	3756	3930	4019	3894	3674	3407	3191	2926	2721	2555	2378	2219	
255	4849	60.0	60.1	15	1	1	2	962	1256	1893	2854	3911	4802	5209	5354	5242	4909	4520	4228	3777	3409	3101	2904	2794	2846	3080	3434	3772	3958	3996	3929	3687	3430	3185	2949	2695	2529	2361	2220	
255	4866	60.0	60.0	15	1	1	2	984	1240	1901	2873	3919	4855	5292	5406	5239	4935	4578	4196	3823	3409	3138	2948	2786	2873	3100	3430	3761	3973	4005	3945	3664	3460	3163	2939	2773	2519	2354	2226	
255	4883	59.9	60.0	15	1	1	2	965	1254	1890	2875	3952	4842	5301	5404	5244	4919	4624	4223	3832	3404	3095	2912	2783	2867	3107	3445	3772	3950	4019	3963	3708	3478	3202	2951	2731	2550	2392	2235	
255	4901	59.9	60.0	15	1	1	2	964	1260	1883	2815	3920	4812	5288	5354	5199	4860	4586	4204	3774	3401	3096	2916	2775	2848	3091	3428	3764	3930	4037	3958	3687	3455	3209	2954	2688	2527	2371	2199	
255	4918	60.0	60.0	15	1	1	2	965	1269	1874	2881	3912	4814	5235	5377	5211	4853	4544	4167	3793	3400	3085	2903	2731	2855	3062	3421	3752	3932	4027	3916	3674	3431	3213	2935	2736	2536	2358	2227	
255	4935	60.0	60.0	15	1	1	2	956	1255	1890	2834	3942	4744	5139	5354	5177	4856	4520	4158	3767	3377	3120	2885	2759	2851	3077	3408	3742	3946	4006	3912	3693	3401	3228	2937	2707	2550	2353	2208	
255	5000	95.4	94.9	16	1	0	2	898	1036	1340	1833	2330	2808	3092	3200	3175	3032	2894	2721	2521	2335	2188	2113	2140	2240	2498	2815	3027	3187	3225	3154	2963	2809	2697	2488	2289	2183	2062	1966	
255	5017	95.0	95.0	16	1	0	2	918	1028	1340	1802	2329	2806	3051	3181	3119	3000	2867	2675	2484	2285	2170	2108	2073	2218	2500	2775	3026	3192	3220	3129	2960	2807	2652	2475	2330	2171	2060	1928	
255	5080	59.6	60.4	16	1	1	2	965	1242	1883	2825	3854	4758	5221	5336	5141	4892	4543	4129	3770	3384	3068	2899	2755	2849	3048	3418	3706	3890	3994	3887	3645	3409	3200	2945	2736	2512	2355	2228	
255	5097	60.0	60.1	16	1	1	2	970	1244	1878	2834	3880	4819	5233	5356	5198	4872	4555	4163	3755	3385	3069	2901	2740	2844	3060	3430	3780	3925	4013	3913	3668	3405	3222	2933	2700	2491	2349	2238	
255	5114	59.9	60.0	16	1	1	2	987	1250	1904	2839	3919	4810	5284	5356	5205	4883	4578	4166	3824	3437	3106	2882	2780	2912	3108	3408	3760	3975	4009	3964	3683	3421	3203	2949	2756	2529	2369	2252	
255	5131	60.0	60.0	16	1	1	2	962	1245	1901	2843	3926	4788	5252	5407	5222	4929	4560	4183	3802	3460	3126	2903	2774	2846	3107	3471	3770	3982	4031	3899	3691	3453	3185	2984	2716	2544	2356	2206	
255	5149	59.9	60.0	16	1	1	2	991	1249	1882	2835	3934	4775	5253	5349	5186	4907	4548	4155	3777	3368	3054	2868	2769	2833	3050	3467	3756	3946	4000	3912	3664	3419	3191	2939	2718	2535	2324	2208	
255	5166	59.9	60.0	16	1	1	2	970	1239	1904	2859	3911	4733	5222	5355	5185	4836	4521	4140	3769	3383	3107	2925	2748	2855	3056	3409	3745	3914	3988	3885	3675	3415	3206	2920	2708	2525	2339	2204	
255	5183	60.0	60.0	16	1	1	2	976	1245	1892	2820	3868	4753	5198	5329	5159	4857	4487	4126	3763	3361	3079	2886	2739	2791	3059	3391	3736	3938	4001	3920	3652	3406	3165	2934	2708	2494	2350	2237	
255	5246	95.5	94.7	17	1	0	2	899	1035	1331	1824	2333	2830	3088	3193	3168	3072	2891	2688	2511	2323	2167	2128	2103	2276	2475	2787	3038	3167	3185	3137	3016	2796	2662	2479	2332	2194	2089	1963	
255	5263	95.0	95.0	17	1	0	2	904	1033	1333	1800	2336	2780	3067	3188	3115	3037	2845	2659	2480	2350	2192	2117	2103	2245	2464	2750	3043	3112	3222	3155	2934	2776	2642	2460	2322	2169	2057	1942	
255	5326	59.7	60.4	17	1	1	2	978	1236	1876	2764	3897	4772	5236	5288	5153	4841	4541	4102	3741	3380	3084	2893	2761	2831	3095	3420	3727	3955	4020	3912	3629	3386	3189	2922	2662	2503	2378	2192	
255	5343	60.0	60.1	17	1	1	2	971	1253	1889	2842	3874	4750	5204	5369	5180	4846	4530	4112	3744	3384	3093	2889	2751	2820	3072	3418	3716	3897	3981	3889	3657	3410	3209	2895	2725	2526	2342	2229	
255	5360	60.0	60.0	17	1	1	2	956	1251	1895	2843	3948	4820	5304	5366	5228	4911	4579	4182	3791	3415	3132	2892	2775	2864	3091	3425	3768	3976	4030	3928	3686	3403	3205	2941	2734	2556	2386	2215	
255	5377	60.0	60.0	17	1	1	2	974	1259	1882	2849	3924	4862	5251	5378	5216	4902	4579	4185	3808	3412	3115	2907	2772	2843	3058	3452	3744	3973	4005	3899	3669	3446	3219	2942	2736	2504	2387	2236	
255	5395	60.0	60.0	17	1	1	2	962	1249	1882	2844	3878	4767	5181	5354	5169	4845	4538	4138	3759	3377	3122	2899	2753	2854	3099	3409	3728	3914	4002	3915	3673	3435	3149	2919	2718	2522	2350	2228	
255	5412	60.0	60.0	17	1	1	2	978	1260	1885	2793	3902	4761	5233	5277	5174	4883	4544	4135	3742	3386	3091	2906	2761	2825	3038	3429	3720	3927	3969	3898	3655	3404	3171	2925	2694	2511	2401	2236	
255	5429	60.0	60.0	17	1	1	2	972	1243	1866	2824	3854	4737	5237	5324	5141	4811	4526	4135	3729	3374	3083	2894	2742	2862	3056	3439	3744	3937	3985	3901	3627	3412	3181	2937	2723	2496	2370	2192	
255	5494	95.4	94.9	18	1	0	2	910	1040	1349	1820	2333	2805	3103	3184	3129	3042	2894	2708	2512	2323	2230	2103	2101	2242	2464	2773	3025	3192	3206	3155	2956	2802	2601	2482	2291	2190	2077	1937	
255	5511	95.0	95.0	18	1	0	2	903	1042	1349	1799	2319	2805	3056	3178	3139	3014	2848	2687	2481	2302	2189	2128	2094	2236	2468	2751	3015	3151	3177	3107	2976	2798	2666	2456	2279	2185	2041	1942	
255	5574	59.6	60.4	18	1	1	2	967	1243	1889	2792	3829	4747	5136	5298	5128	4832	4551	4127	3764	3402	3079	2900	2708	2819	3040	3415	3739	3913	3982	3894	3673	3414	3170	2922	2668	2521	2352	2221	
255	5591	60.0	60.1	18	1	1	2	961	1227	1904	2839	3919	4806	5208	5277	5168	4840	4539	4145	3780	3385	3096	2882	2743	2808	3077	3439	3742	3896	4010	3893	3678	3393	3196	2911	2727	2503	2363	2231	
255	5608	60.0	60.0	18	1	1	2	981	1256	1897	2843	3937	4819	5253	5395	5221	4877	4581	4163	3789	3404	3097	2917	2763	2868	3090	3413	3782	3950	4038	3894	3668	3459	3209	2952	2754	2509	2357	2230	
255	5626	59.9	60.0	18	1	1	2	965	1272	1898	2849	3896	4825	5247	5362	5203	4896	4563	4201	3785	3430	3139	2923	2746	2847	3032	3418	3791	3961	4000	3894	3677	3416	3194	2966	2705	2534	2378	2204	
255	5643	60.0	60.0	18	1	1	2	971	1254	1887	2811	3883	4761	5205	5328	5197	4861	4525	4149	3761	3365	3066	2894	2763	2833	3117	3420	3727	3957	3971	3910	3678	3386	3182	2958	2701	2513	2347	2220	
255	5660	60.0	60.0	18	1	1	2	964	1258	1905	2805	3901	4772	5194	5286	5180	4882	4510	4136	3737	3379	3089	2888	2781	2852	3052	3411	3746	3955	3973	3884	3666	3413	3187	2891	2707	2500	2353	2205	
255	5677	59.9	60.0	18	1	1	2	974	1245	1891	2826	3878	4741	5188	5328	5147	4813	4499	4142	3772	3378	3080	2890	2777	2842	3046	3440	3752	3937	3960	3876	3635	3448	3172	2912	2728	2518	2340	2212	
255	5742	95.5	94.9	19	1	0	2	901	1068	1330	1806	2347	2797	3077	3176	3153	3024	2894	2733	2509	2345	2197	2131	2106	2254	2467	2795	3018	3134	3216	3157	2968	2809	2656	2466	2309	2159	2063	1952	
255	5759	95.0	95.0	19	1	0	2	905	1032	1346	1809	2308	2764	3067	3177	3119	2981	2815	2664	2489	2294	2186	2118	2117	2224	2447	2740	2992	3180	3192	3114	2930	2786	2635	2459	2297	2199	2051	1940	
255	5822	59.7	60.4	19	1	1	2	972	1248	1862	2824	3895	4777	5138	5276	5126	4839	4502	4087	3727	3358	3073	2882	2754	2843	3043	3394	3696	3914	3939	3877	3623	3413	3153	2913	2692	2497	2361	2205	
255	5839	60.0	60.1	19	1	1	2	995	1256	1875	2828	3881	4720	5190	5303	5152	4820	4504	4105	3743	3381	3040	2873	2723	2824	3072	3412	3726	3918	4001	3860	3635	3391	3181	2931	2711	2528	2357	2154	
255	5856	60.0	60.0	19	1	1	2	971	1242	1884	2805	3933	4774	5245	5372	5202	4899	4559	4175	3745	3374	3093	2884	2760	2840	3099	3413	3779	3977	3970	3885	3666	3410	3197	2939	2706	2526	2358	2201	
255	5874	60.0	60.0	19	1	1	2	983	1272	1899	2825	3921	4822	5227	5382	5175	4866	4569	4150	3815	3400	3093	2926	2743	2838	3094	3410	3716	3924	4004	3892	3667	3411	3204	2907	2747	2522	2359	2215	
255	5891	59.9	60.0	19	1	1	2	966	1249	1888	2800	3901	4778	5174	5335	5168	4852	4536	4159	3722	3371	3085	2896	2749	2840	3070	3409	3729	3889	3990	3932	3660	3417	3178	2913	2733	2493	2361	2229	
255	5908	59.9	60.0	19	1	1	2	962	1243	1873	2834	3875	4737	5165	5286	5138	4835	4535	4093	3801	3374	3056	2884	2772	2817	3061	3407	3720	3938	4004	3920	3635	3376	3160	2945	2750	2511	2365	2196	
255	5925	60.0	60.0	19	1	1	2	979	1240	1885	2817	3879	4710	5180	5277	5137	4816	4552	4086	3706	3368	3090	2906	2766	2819	3036	3385	3777	3863	3967	3912	3644	3366	3161	2916	2691	2508	2355	2184	
255	5990	95.5	94.9	20	1	0	2	895	1028	1347	1808	2327	2786	3081	3162	3089	3002	2865	2686	2493	2302	2190	2117	2122	2245	2480	2750	3013	3158	3204	3142	2997	2783	2640	2472	2288	2159	2064	1958	
255	6007	95.0	95.0	20	1	0	2	900	1038	1346	1787	2305	2795	3015	3158	3109	3013	2865	2677	2471	2306	2177	2106	2088	2223	2459	2748	2988	3113	3187	3141	2924	2784	2641	2465	2302	2176	2069	1942	
255	6070	59.6	60.4	20	1	1	2	979	1234	1852	2804	3852	4722	5142	5283	5080	4800	4505	4114	3740	3364	3060	2880	2727	2845	3024	3395	3716	3917	3959	3848	3639	3374	3164	2931	2686	2508	2348	2230	
255	6087	60.0	60.1	20	1	1	2	977	1254	1872	2827	3915	4772	5187	5317	5158	4867	4489	4114	3725	3349	3084	2884	2748	2799	3068	3402	3729	3919	3983	3881	3646	3419	3189	2958	2719	2507	2356	2212	
255	6104	60.0	60.0	20	1	1	2	964	1228	1899	2854	3893	4799	5261	5367	5195	4908	4537	4092	3809	3408	3142	2930	2741	2843	3064	3436	3725	3908	4000	3908	3676	3429	3201	2959	2735	2506	2358	2224	
255	6122	59.9	60.0	20	1	1	2	988	1237	1885	2839	3904	4781	5234	5328	5197	4873	4517	4163	3774	3413	3101	2909	2745	2814	3081	3423	3724	3931	4002	3918	3642	3382	3183	2949	2686	2505	2357	2246	
255	6139	60.0	60.0	20	1	1	2	965	1250	1875	2821	3899	4747	5207	5309	5192	4866	4544	4122	3792	3373	3125	2894	2732	2862	3082	3398	3714	3945	3990	3895	3632	3406	3191	2956	2700	2518	2360	2203	
255	6156	60.0	60.0	20	1	1	2	972	1255	1883	2802	3885	4761	5182	5362	5141	4832	4539	4132	3766	3382	3135	2878	2745	2818	3018	3413	3736	3956	3966	3940	3585	3416	3182	2897	2708	2494	2325	2235	
255	6173	60.0	60.0	20	1	1	2	968	1248	1872	2834	3856	4759	5234	5305	5162	4813	4490	4149	3750	3315	3046	2867	2721	2794	3051	3401	3679	3917	3985	3917	3562	3373	3176	2899	2704	2503	2337	2203	
255	6238	95.5	94.8	21	1	0	2	893	1053	1357	1800	2319	2787	3055	3167	3110	3006	2871	2676	2501	2314	2173	2112	2103	2240	2475	2752	3010	3166	3201	3130	2953	2783	2631	2452	2320	2171	2061	1950	
255	6255	94.9	95.0	21	1	0	2	902	1027	1317	1792	2306	2730	3040	3127	3118	3015	2866	2669	2463	2281	2159	2118	2084	2233	2445	2734	3020	3133	3192	3110	2955	2756	2624	2443	2303	2172	2064	1962	
255	6316	59.7	60.5	21	1	1	2	972	1244	1884	2775	3829	4687	5203	5288	5116	4814	4501	4123	3742	3356	3067	2897	2743	2817	3059	3395	3747	3897	3964	3897	3611	3400	3100	2931	2700	2504	2324	2206	
255	6333	60.0	60.1	21	1	1	2	965	1248	1901	2783	3833	4721	5154	5319	5077	4829	4509	4122	3756	3360	3071	2870	2733	2840	3081	3397	3734	3924	3951	3903	3640	3364	3165	2928	2694	2525	2336	2220	
255	6351	60.0	60.0	21	1	1	2	963	1243	1890	2828	3917	4781	5216	5340	5187	4918	4492	4156	3776	3410	3069	2901	2761	2828	3019	3405	3746	3895	3985	3918	3654	3382	3223	2900	2717	2508	2374	2201	
255	6368	60.0	60.0	21	1	1	2	975	1236	1894	2847	3895	4804	5208	5349	5161	4901	4533	4137	3770	3422	3097	2886	2738	2865	3084	3437	3755	3937	3966	3926	3665	3409	3191	2953	2697	2526	2378	2216	
255	6385	59.9	60.0	21	1	1	2	961	1246	1863	2810	3872	4768	5200	5334	5133	4815	4511	4166	3756	3381	3095	2880	2745	2826	3050	3452	3740	3930	3976	3890	3643	3388	3157	2928	2710	2509	2351	2191	
255	6402	60.0	60.0	21	1	1	2	953	1242	1876	2781	3864	4721	5214	5296	5130	4855	4525	4104	3721	3350	3067	2874	2758	2824	3025	3377	3764	3915	3978	3873	3657	3382	3159	2921	2683	2514	2348	2197	
255	6420	60.0	60.0	21	1	1	2	957	1248	1874	2848	3840	4724	5232	5297	5141	4797	4508	4101	3750	3370	3065	2893	2717	2815	3021	3407	3763	3907	3994	3835	3639	3396	3162	2947	2693	2523	2338	2209	
255	6482	95.3	94.9	22	1	0	2	909	1058	1348	1828	2339	2815	3115	3181	3158	3047	2915	2707	2540	2322	2164	2119	2106	2249	2479	2754	2997	3145	3203	3113	2927	2795	2574	2469	2293	2184	2044	1937	
255	6499	95.0	95.0	22	1	0	2	910	1022	1328	1791	2332	2788	3022	3131	3096	2983	2838	2672	2480	2314	2162	2117	2097	2258	2394	2723	3008	3162	3190	3091	2957	2798	2620	2483	2312	2176	2054	1940	
255	6562	59.6	60.4	22	1	1	2	963	1236	1857	2810	3881	4750	5137	5241	5084	4818	4477	4083	3722	3349	3047	2854	2740	2810	3038	3366	3751	3876	3972	3831	3611	3430	3161	2913	2692	2501	2352	2217	
255	6580	59.9	60.1	22	1	1	2	960	1244	1867	2812	3840	4734	5216	5329	5110	4798	4472	4097	3751	3339	3065	2872	2705	2808	3035	3372	3706	3893	3965	3840	3624	3391	3154	2916	2694	2539	2370	2211	
255	6597	60.0	60.0	22	1	1	2	982	1256	1882	2832	3929	4785	5243	5345	5172	4859	4526	4146	3750	3348	3084	2908	2752	2854	3055	3437	3734	3978	3974	3925	3638	3430	3205	2959	2704	2498	2342	2214	
255	6614	60.0	60.0	22	1	1	2	976	1243	1892	2838	3894	4765	5213	5363	5164	4873	4582	4140	3805	3406	3093	2883	2707	2823	3081	3430	3728	3941	3988	3874	3666	3393	3189	2919	2676	2519	2350	2207	
255	6631	59.9	60.0	22	1	1	2	958	1263	1858	2818	3852	4750	5185	5290	5171	4808	4527	4128	3747	3371	3057	2904	2760	2825	3022	3397	3719	3905	3980	3879	3618	3386	3183	2920	2685	2501	2360	2203	
255	6649	59.9	60.0	22	1	1	2	961	1210	1898	2799	3876	4788	5188	5283	5134	4830	4485	4118	3754	3350	3057	2865	2761	2821	3074	3392	3728	3965	4021	3891	3585	3412	3170	2937	2691	2505	2358	2206	
255	6666	60.0	60.0	22	1	1	2	975	1275	1885	2813	3856	4703	5195	5317	5119	4836	4480	4141	3751	3373	3032	2888	2714	2836	3048	3395	3730	3906	3940	3890	3606	3373	3164	2922	2668	2468	2320	2213	
255	6728	95.4	94.9	23	1	0	2	888	1042	1340	1810	2325	2769	3079	3182	3126	3012	2858	2689	2529	2307	2184	2132	2092	2229	2491	2765	3005	3127	3180	3134	2964	2802	2637	2454	2302	2168	2023	1962	
255	6745	94.9	95.0	23	1	0	2	892	1025	1336	1790	2313	2782	3036	3163	3116	2991	2855	2662	2487	2278	2154	2135	2059	2237	2478	2768	3014	3104	3178	3097	2921	2788	2631	2421	2276	2159	2044	1917	
255	6808	59.6	60.4	23	1	1	2	967	1238	1876	2805	3833	4721	5150	5262	5123	4801	4488	4139	3743	3350	3050	2873	2725	2836	3020	3388	3733	3923	3977	3876	3660	3403	3160	2940	2707	2508	2349	2191	
255	6826	60.0	60.1	23	1	1	2	958	1250	1870	2816	3835	4737	5176	5278	5138	4854	4517	4125	3709	3336	3072	2846	2739	2825	3019	3396	3716	3911	3946	3865	3612	3377	3190	2918	2705	2514	2363	2195	
255	6843	60.0	60.0	23	1	1	2	979	1236	1887	2800	3884	4772	5199	5372	5200	4894	4546	4200	3754	3413	3104	2889	2764	2832	3093	3427	3741	3934	3966	3917	3638	3400	3246	2938	2717	2489	2361	2228	
255	6860	60.0	60.0	23	1	1	2	961	1247	1878	2851	3897	4780	5237	5330	5186	4825	4595	4139	3753	3368	3079	2884	2757	2856	3052	3384	3732	3915	3970	3945	3640	3338	3188	2930	2700	2523	2372	2210	
255	6877	60.0	60.0	23	1	1	2	984	1253	1848	2814	3859	4741	5179	5276	5129	4773	4484	4123	3748	3329	3084	2845	2704	2795	3053	3388	3714	3919	3985	3858	3611	3376	3187	2893	2671	2476	2343	2162	
255	6895	60.0	60.0	23	1	1	2	965	1244	1888	2803	3896	4739	5152	5307	5152	4782	4486	4108	3728	3338	3079	2894	2745	2802	3053	3411	3734	3940	3970	3885	3632	3393	3166	2913	2676	2484	2387	2187	
255	6912	60.0	60.0	23	1	1	2	969	1242	1887	2810	3860	4696	5197	5265	5112	4804	4524	4116	3727	3358	3060	2871	2741	2820	3052	3394	3720	3889	3979	3870	3617	3378	3194	2907	2674	2490	2380	2186	
255	6974	95.5	94.7	24	1	0	2	914	1044	1353	1806	2361	2794	3071	3179	3148	3038	2873	2672	2494	2297	2179	2123	2109	2246	2486	2723	3025	3145	3196	3123	2985	2808	2628	2459	2326	2185	2054	1919	
255	6992	95.0	95.0	24	1	0	2	894	1027	1330	1762	2320	2767	3040	3154	3117	3001	2835	2652	2460	2296	2174	2084	2102	2239	2443	2772	2990	3155	3180	3126	2941	2777	2632	2436	2312	2138	2073	1930	
255	7054	59.6	60.4	24	1	1	2	975	1231	1870	2787	3862	4715	5151	5239	5118	4811	4497	4104	3753	3311	3067	2861	2736	2825	3052	3367	3714	3945	3941	3884	3606	3386	3133	2912	2686	2492	2380	2199	
255	7072	60.0	60.0	24	1	1	2	966	1253	1894	2772	3869	4748	5188	5290	5131	4820	4498	4099	3752	3378	3049	2869	2750	2869	3040	3372	3738	3894	3997	3881	3609	3374	3141	2911	2684	2514	2359	2195	
255	7089	59.9	60.0	24	1	1	2	973	1239	1882	2845	3895	4784	5284	5346	5209	4872	4530	4178	3741	3412	3126	2900	2773	2828	3052	3425	3768	3960	4010	3911	3653	3425	3181	2942	2698	2511	2374	2191	
255	7106	59.9	60.0	24	1	1	2	975	1258	1875	2819	3891	4708	5196	5293	5196	4833	4521	4159	3762	3391	3059	2907	2725	2850	3052	3434	3715	3933	3997	3877	3667	3399	3164	2928	2686	2536	2338	2190	
255	7123	60.0	60.0	24	1	1	2	973	1252	1867	2828	3904	4780	5186	5322	5157	4826	4518	4105	3752	3353	3057	2878	2746	2846	3066	3427	3731	3920	3973	3888	3639	3377	3149	2889	2683	2506	2350	2210	
255	7141	59.9	60.0	24	1	1	2	983	1263	1882	2799	3868	4750	5141	5292	5140	4803	4460	4107	3724	3375	3077	2869	2736	2804	3075	3394	3693	3908	3982	3826	3626	3402	3156	2912	2701	2481	2337	2207	
255	7158	60.0	60.0	24	1	1	2	974	1256	1926	2787	3864	4725	5162	5308	5108	4823	4500	4084	3734	3375	3077	2854	2769	2836	3075	3388	3726	3900	3950	3870	3620	3410	3171	2918	2697	2505	2358	2180	
255	7222	95.4	94.9	25	1	0	2	916	1037	1338	1805	2306	2797	3067	3156	3109	3020	2887	2667	2505	2289	2180	2113	2102	2229	2478	2764	3008	3117	3186	3143	2920	2784	2633	2437	2327	2164	2070	1931	
255	7240	95.0	95.0	25	1	0	2	897	1050	1345	1802	2348	2769	3011	3135	3102	2993	2856	2656	2503	2292	2164	2133	2102	2236	2437	2732	3005	3125	3153	3122	2937	2758	2607	2429	2321	2180	2049	1935	
255	7302	59.7	60.4	25	1	1	2	973	1250	1860	2824	3840	4728	5172	5269	5133	4818	4484	4106	3719	3353	3056	2830	2727	2814	3033	3353	3722	3939	3973	3854	3624	3368	3162	2901	2694	2507	2329	2185	
255	7320	60.0	60.1	25	1	1	2	959	1233	1855	2817	3851	4720	5169	5289	5140	4837	4507	4095	3743	3366	3065	2878	2718	2812	3034	3413	3711	3902	3956	3888	3648	3382	3133	2893	2673	2484	2331	2198	
255	7337	60.0	60.0	25	1	1	2	968	1248	1872	2831	3895	4798	5214	5374	5190	4855	4538	4117	3725	3369	3118	2909	2747	2823	3080	3422	3714	3934	3993	3880	3638	3416	3118	2932	2722	2504	2355	2210	
255	7354	60.0	60.0	25	1	1	2	980	1232	1903	2825	3912	4786	5188	5341	5169	4813	4512	4161	3758	3366	3065	2900	2759	2839	3056	3407	3718	3928	3949	3880	3629	3432	3174	2936	2708	2524	2350	2205	
255	7372	60.0	60.0	25	1	1	2	970	1252	1878	2783	3870	4739	5200	5309	5119	4832	4480	4135	3751	3369	3078	2855	2750	2829	3045	3408	3730	3880	3985	3894	3617	3377	3174	2902	2678	2509	2344	2201	
255	7389	59.9	60.0	25	1	1	2	963	1266	1872	2825	3839	4759	5184	5298	5162	4820	4510	4113	3736	3362	3062	2876	2726	2799	3045	3417	3737	3917	3938	3886	3588	3391	3121	2925	2703	2507	2358	2198	
255	7406	59.9	60.0	25	1	1	2	970	1250	1859	2819	3880	4709	5137	5284	5101	4838	4494	4141	3732	3335	3078	2886	2740	2821	3020	3370	3726	3895	3989	3874	3606	3387	3158	2873	2683	2512	2336	2210	
255	7470	95.4	94.9	26	1	0	2	900	1035	1351	1804	2337	2786	3088	3181	3147	3030	2868	2665	2497	2327	2176	2132	2103	2247	2441	2749	2974	3170	3198	3106	2938	2790	2633	2444	2308	2167	2026	1928	
255	7488	95.0	95.0	26	1	0	2	896	993	1343	1796	2301	2780	3048	3165	3089	3030	2857	2636	2514	2280	2172	2079	2105	2218	2440	2727	3016	3143	3155	3124	2955	2758	2610	2471	2307	2173	2043	1941	
255	7551	59.6	60.4	26	1	1	2	965	1227	1854	2799	3833	4709	5146	5310	5092	4852	4510	4114	3710	3348	3097	2854	2751	2805	3010	3409	3694	3873	3935	3843	3602	3377	3149	2906	2690	2492	2349	2195	
255	7568	59.9	60.1	26	1	1	2	983	1247	1867	2819	3864	4760	5155	5311	5108	4802	4501	4091	3747	3384	3080	2884	2704	2799	3057	3380	3740	3901	3946	3871	3620	3377	3177	2916	2730	2519	2313	2187	
255	7585	60.0	60.0	26	1	1	2	973	1246	1865	2830	3879	4794	5207	5342	5161	4860	4550	4168	3748	3350	3089	2860	2753	2841	3080	3406	3744	3918	3942	3909	3655	3404	3156	2900	2695	2523	2372	2218	
255	7602	59.9	60.0	26	1	1	2	969	1267	1890	2813	3905	4769	5172	5303	5154	4861	4537	4157	3758	3366	3121	2895	2758	2817	3067	3419	3751	3917	3999	3892	3661	3386	3208	2892	2689	2509	2338	2202	
255	7620	59.9	60.0	26	1	1	2	969	1278	1893	2814	3887	4726	5188	5305	5133	4814	4505	4162	3738	3403	3069	2870	2760	2824	3059	3399	3719	3887	3974	3861	3614	3387	3167	2913	2684	2517	2373	2184	
255	7637	60.0	60.0	26	1	1	2	971	1242	1864	2796	3851	4742	5186	5282	5115	4809	4487	4107	3717	3348	3075	2882	2731	2839	3055	3372	3703	3890	3969	3887	3626	3409	3159	2917	2713	2494	2339	2199	
255	7654	59.9	60.0	26	1	1	2	977	1258	1878	2829	3882	4749	5182	5296	5114	4827	4480	4116	3760	3368	3080	2873	2726	2815	3076	3388	3694	3894	3971	3864	3615	3394	3163	2909	2656	2516	2331	2179	
255	7717	95.3	94.9	27	1	0	2	902	996	1332	1793	2313	2792	3079	3213	3151	3011	2852	2673	2488	2341	2168	2125	2106	2225	2455	2761	2999	3110	3152	3128	2947	2772	2636	2462	2298	2172	2036	1921	
255	7734	95.0	95.0	27	1	0	2	908	1042	1346	1783	2334	2774	3046	3138	3121	3005	2798	2691	2446	2280	2195	2116	2067	2232	2441	2764	2984	3127	3178	3109	2936	2754	2627	2450	2316	2184	2034	1901	
255	7797	59.6	60.4	27	1	1	2	963	1241	1859	2780	3826	4714	5147	5277	5146	4810	4473	4108	3734	3327	3068	2836	2717	2828	3053	3381	3698	3885	3968	3871	3557	3398	3133	2939	2667	2494	2332	2181	
255	7814	59.9	60.1	27	1	1	2	963	1253	1875	2817	3871	4736	5197	5305	5112	4788	4464	4119	3776	3376	3084	2871	2748	2819	3042	3392	3702	3907	4013	3854	3600	3381	3176	2900	2669	2501	2350	2187	
255	7831	59.9	60.0	27	1	1	2	968	1250	1902	2857	3870	4807	5200	5366	5206	4816	4537	4183	3767	3380	3084	2872	2762	2851	3059	3392	3721	3928	3982	3879	3633	3380	3199	2912	2683	2524	2365	2178	
255	7848	59.9	60.0	27	1	1	2	973	1237	1882	2799	3926	4760	5204	5319	5183	4898	4536	4134	3757	3371	3102	2906	2751	2829	3100	3406	3720	3918	4030	3919	3636	3385	3157	2938	2705	2519	2356	2194	
255	7866	60.0	60.0	27	1	1	2	968	1247	1880	2788	3876	4764	5193	5310	5160	4777	4539	4104	3737	3369	3097	2815	2735	2809	3045	3406	3690	3899	3946	3881	3611	3389	3155	2900	2669	2514	2387	2164	
255	7883	60.0	60.0	27	1	1	2	966	1242	1871	2822	3875	4723	5204	5243	5130	4826	4476	4114	3711	3355	3048	2877	2748	2848	3030	3397	3739	3932	3968	3866	3611	3366	3161	2910	2676	2470	2357	2189	
255	7900	60.0	60.0	27	1	1	2	970	1271	1866	2809	3875	4746	5183	5266	5112	4800	4487	4072	3737	3370	3065	2863	2710	2814	3050	3352	3704	3877	3957	3870	3648	3382	3165	2942	2685	2494	2353	2215	
255	7963	95.3	94.9	28	1	0	2	903	1030	1318	1760	2349	2826	3072	3189	3131	3002	2891	2676	2483	2316	2181	2111	2119	2235	2467	2757	3024	3158	3185	3134	2927	2785	2647	2465	2299	2171	2029	1940	
255	7980	95.0	95.0	28	1	0	2	896	1036	1345	1796	2292	2786	3058	3155	3132	3023	2856	2650	2483	2290	2178	2096	2107	2228	2455	2758	2973	3145	3161	3113	2915	2774	2632	2437	2317	2161	2030	1930	
255	8043	59.6	60.4	28	1	1	2	960	1229	1890	2826	3825	4726	5210	5261	5085	4789	4472	4113	3713	3339	3059	2852	2727	2817	3037	3384	3711	3899	3946	3816	3592	3376	3136	2912	2703	2488	2360	2223	
255	8060	60.0	60.1	28	1	1	2	949	1242	1878	2798	3887	4696	5148	5281	5103	4809	4491	4161	3767	3394	3057	2859	2730	2828	3056	3397	3692	3885	3994	3840	3600	3389	3174	2935	2686	2527	2317	2185	
255	8077	60.0	60.0	28	1	1	2	969	1241	1890	2844	3926	4772	5211	5352	5201	4898	4515	4184	3787	3402	3097	2918	2777	2832	3036	3444	3745	3915	3983	3867	3657	3394	3176	2949	2719	2529	2335	2201	
255	8095	59.9	60.0	28	1	1	2	968	1243	1870	2834	3914	4737	5268	5357	5183	4851	4538	4130	3740	3389	3074	2899	2738	2835	3063	3425	3729	3895	3991	3870	3632	3421	3180	2939	2709	2490	2342	2220	
255	8112	59.9	60.0	28	1	1	2	965	1254	1878	2806	3865	4757	5172	5287	5132	4819	4513	4145	3745	3383	3088	2905	2725	2815	3056	3393	3743	3919	3908	3874	3651	3373	3160	2918	2689	2486	2350	2193	
255	8129	60.0	60.0	28	1	1	2	962	1266	1872	2809	3857	4700	5225	5340	5171	4812	4501	4114	3729	3352	3066	2848	2752	2822	3056	3384	3730	3924	3979	3882	3639	3394	3122	2878	2713	2492	2351	2184	
255	8146	60.0	60.0	28	1	1	2	958	1237	1879	2805	3851	4740	5181	5280	5152	4812	4506	4112	3736	3382	3032	2858	2737	2808	3015	3381	3748	3926	3946	3860	3635	3382	3132	2922	2693	2477	2368	2183	
255	8211	95.5	94.9	29	1	0	2	904	1040	1346	1804	2316	2782	3042	3161	3144	2986	2866	2680	2490	2323	2176	2104	2107	2256	2464	2737	3032	3140	3168	3117	2959	2784	2621	2455	2355	2173	2044	1929	
255	8228	95.0	95.0	29	1	0	2	886	1039	1340	1782	2316	2778	3044	3151	3096	3017	2867	2685	2474	2307	2142	2109	2089	2207	2456	2745	2984	3150	3191	3093	2959	2785	2623	2436	2279	2162	2047	1924	
255	8291	59.6	60.4	29	1	1	2	956	1243	1861	2805	3843	4713	5166	5245	5093	4753	4471	4070	3764	3343	3039	2813	2723	2845	3016	3373	3695	3878	3947	3846	3601	3369	3144	2925	2662	2478	2329	2183	
255	8308	59.9	60.0	29	1	1	2	960	1242	1869	2832	3851	4725	5169	5281	5121	4846	4482	4144	3734	3352	3080	2860	2753	2816	3035	3384	3727	3854	3966	3856	3608	3410	3147	2912	2715	2491	2345	2191	
255	8325	60.0	60.0	29	1	1	2	970	1252	1881	2841	3886	4780	5225	5327	5135	4893	4544	4193	3789	3372	3102	2879	2768	2809	3078	3441	3743	3900	3993	3891	3624	3422	3177	2921	2694	2520	2396	2192	
255	8343	60.0	60.0	29	1	1	2	959	1246	1910	2801	3875	4762	5192	5326	5136	4844	4500	4110	3761	3358	3080	2870	2764	2830	3040	3426	3739	3923	3980	3905	3631	3377	3146	2941	2676	2513	2357	2200	
255	8360	59.9	60.0	29	1	1	2	975	1257	1888	2804	3888	4725	5176	5306	5132	4819	4484	4143	3736	3377	3049	2866	2747	2831	3047	3354	3714	3889	3950	3848	3622	3399	3175	2934	2668	2496	2338	2205	
255	8377	60.0	60.0	29	1	1	2	959	1256	1883	2802	3848	4783	5174	5244	5106	4860	4529	4101	3704	3381	3064	2866	2723	2814	3050	3397	3714	3888	3974	3842	3621	3361	3161	2915	2702	2498	2352	2190	
255	8394	60.0	60.0	29	1	1	2	944	1244	1871	2793	3863	4708	5189	5304	5154	4783	4477	4123	3729	3346	3049	2890	2713	2805	3028	3407	3684	3895	3945	3855	3637	3368	3153	2918	2690	2498	2317	2191	
255	8459	95.5	94.9	30	1	0	2	898	1033	1347	1824	2320	2797	3067	3157	3149	2974	2901	2710	2536	2319	2189	2124	2107	2220	2457	2771	2999	3152	3165	3119	2932	2776	2628	2434	2284	2177	2061	1948	
255	8476	95.0	95.0	30	1	0	2	887	1035	1336	1759	2338	2787	3037	3155	3122	2992	2873	2652	2492	2271	2157	2122	2094	2222	2451	2748	2989	3131	3144	3119	2924	2775	2633	2447	2306	2163	2043	1952	
255	8539	59.6	60.4	30	1	1	2	983	1235	1868	2789	3832	4720	5133	5242	5121	4801	4495	4079	3725	3317	3071	2874	2714	2827	3046	3361	3697	3892	3933	3889	3624	3363	3163	2927	2652	2500	2321	2201	
255	8556	59.9	60.1	30	1	1	2	967	1243	1858	2770	3852	4721	5201	5276	5136	4837	4528	4128	3739	3358	3029	2882	2727	2804	3048	3389	3738	3870	3956	3856	3636	3383	3163	2923	2685	2518	2344	2200	
255	8573	60.0	60.0	30	1	1	2	959	1252	1876	2842	3907	4778	5263	5345	5133	4899	4509	4123	3762	3351	3081	2896	2757	2831	3101	3421	3754	3920	3960	3943	3634	3424	3171	2935	2695	2512	2360	2237	
255	8591	59.9	60.0	30	1	1	2	964	1248	1875	2830	3864	4748	5211	5320	5176	4880	4530	4145	3726	3401	3112	2894	2752	2868	3051	3404	3688	3891	3965	3914	3598	3388	3159	2941	2688	2510	2344	2195	
255	8608	60.0	60.0	30	1	1	2	975	1268	1874	2803	3869	4758	5185	5273	5131	4822	4456	4102	3754	3346	3053	2894	2751	2842	3031	3384	3686	3842	3944	3877	3623	3363	3155	2921	2697	2481	2346	2185	
255	8625	60.0	60.0	30	1	1	2	972	1254	1879	2791	3834	4759	5164	5284	5153	4847	4471	4100	3740	3347	3060	2877	2739	2803	3041	3405	3719	3924	3922	3845	3667	3383	3128	2937	2675	2509	2332	2206	
255	8642	60.0	60.0	30	1	1	2	967	1259	1893	2809	3842	4719	5178	5266	5147	4757	4502	4132	3735	3387	3071	2886	2753	2835	3023	3390	3706	3909	3961	3822	3586	3403	3201	2905	2682	2499	2354	2186	
255	8705	95.3	94.8	31	1	0	2	893	1032	1338	1813	2332	2819	3070	3177	3151	3019	2898	2703	2533	2331	2174	2125	2077	2241	2474	2716	2992	3122	3186	3066	2958	2781	2652	2471	2293	2166	2066	1937	
255	8722	95.0	95.0	31	1	0	2	885	1034	1345	1780	2322	2767	3046	3183	3124	2969	2876	2654	2483	2310	2194	2108	2096	2237	2468	2744	3004	3102	3160	3112	2926	2775	2614	2448	2307	2148	2052	1920	
255	8785	59.6	60.4	31	1	1	2	970	1232	1871	2793	3850	4684	5145	5244	5091	4775	4487	4111	3731	3343	3053	2874	2732	2834	3055	3390	3718	3920	3949	3881	3669	3361	3178	2937	2692	2529	2387	2207	
255	8802	60.0	60.1	31	1	1	2	957	1259	1902	2806	3869	4734	5204	5289	5120	4839	4504	4106	3750	3395	3079	2889	2753	2833	3066	3387	3711	3908	3945	3846	3628	3384	3168	2912	2693	2524	2330	2194	
255	8820	60.0	60.0	31	1	1	2	981	1255	1880	2870	3923	4806	5248	5336	5213	4884	4557	4188	3803	3384	3112	2910	2776	2853	3088	3416	3758	3944	3960	3911	3641	3427	3191	2947	2716	2499	2370	2218	
255	8837	60.0	60.0	31	1	1	2	962	1233	1890	2812	3910	4782	5235	5323	5157	4839	4535	4131	3757	3408	3083	2903	2744	2827	3073	3443	3749	3921	4006	3885	3656	3383	3169	2928	2699	2507	2361	2214	
255	8854	60.0	60.0	31	1	1	2	964	1260	1899	2817	3886	4774	5177	5306	5166	4853	4489	4110	3757	3370	3060	2845	2736	2831	3061	3412	3740	3914	3958	3907	3596	3395	3157	2918	2714	2510	2277	2220	
255	8871	59.9	60.0	31	1	1	2	982	1247	1870	2802	3865	4777	5175	5340	5140	4845	4480	4100	3783	3350	3081	2885	2706	2837	3039	3436	3699	3905	3958	3873	3640	3402	3131	2918	2696	2495	2342	2208	
255	8888	59.9	60.0	31	1	1	2	973	1252	1880	2833	3844	4764	5177	5303	5128	4821	4472	4119	3725	3356	3051	2844	2750	2822	3068	3380	3721	3905	3927	3883	3648	3384	3140	2921	2683	2501	2348	2210	
255	8951	95.3	94.9	32	1	0	2	921	1033	1358	1802	2341	2821	3106	3193	3155	3005	2869	2710	2492	2298	2190	2152	2085	2245	2449	2745	3034	3159	3168	3161	2942	2799	2626	2464	2319	2188	2040	1942	
255	8968	95.0	95.0	32	1	0	2	901	1035	1308	1804	2320	2766	3023	3142	3100	3005	2849	2679	2492	2301	2160	2090	2069	2247	2477	2756	2984	3133	3213	3153	2940	2784	2634	2448	2312	2173	2055	1944	
255	9031	59.7	60.4	32	1	1	2	961	1235	1873	2790	3865	4695	5167	5318	5126	4830	4494	4094	3747	3316	3068	2879	2736	2798	3028	3384	3711	3880	3940	3850	3618	3393	3172	2930	2691	2502	2315	2165	
255	9048	60.0	60.1	32	1	1	2	962	1233	1848	2825	3878	4738	5230	5290	5105	4871	4495	4136	3747	3352	3073	2888	2730	2832	3057	3424	3726	3929	3941	3873	3595	3414	3131	2925	2711	2473	2330	2203	
255	9066	60.0	60.0	32	1	1	2	969	1267	1880	2859	3890	4786	5262	5375	5186	4911	4546	4195	3788	3417	3090	2929	2739	2856	3038	3439	3752	3903	3984	3896	3646	3416	3190	2940	2690	2512	2350	2198	
255	9083	59.9	60.0	32	1	1	2	964	1245	1877	2832	3879	4827	5216	5333	5185	4889	4546	4125	3772	3373	3091	2911	2751	2815	3060	3396	3700	3911	3936	3895	3664	3434	3164	2928	2702	2520	2346	2206	
255	9100	60.0	60.0	32	1	1	2	958	1258	1862	2812	3873	4758	5199	5306	5113	4842	4496	4121	3722	3374	3078	2866	2746	2811	3057	3420	3712	3907	3985	3894	3653	3398	3135	2924	2686	2487	2351	2191	
255	9117	60.0	60.0	32	1	1	2	966	1257	1884	2808	3850	4814	5209	5286	5158	4829	4524	4123	3748	3377	3076	2871	2751	2843	3029	3404	3696	3887	3975	3872	3638	3381	3185	2902	2681	2481	2346	2215	
255	9135	59.9	60.0	32	1	1	2	976	1251	1879	2790	3885	4746	5175	5305	5161	4791	4487	4146	3709	3374	3104	2868	2736	2796	3019	3420	3694	3910	3965	3878	3606	3388	3161	2926	2700	2510	2360	2192	
255	9197	95.4	94.8	33	1	0	2	888	1034	1347	1794	2360	2783	3090	3174	3144	3032	2876	2664	2491	2329	2181	2118	2120	2251	2468	2764	2992	3132	3185	3145	2957	2739	2650	2477	2296	2186	2045	1967	
255	9214	95.0	95.0	33	1	0	2	905	1027	1334	1811	2306	2784	3047	3134	3121	2984	2830	2688	2503	2316	2177	2118	2072	2250	2447	2726	2989	3149	3153	3118	2955	2777	2631	2457	2293	2177	2058	1895	
255	9277	59.6	60.4	33	1	1	2	961	1244	1870	2766	3795	4712	5136	5309	5110	4825	4493	4141	3696	3305	3054	2856	2708	2820	3038	3381	3728	3871	3959	3839	3616	3362	3140	2906	2677	2532	2344	2193	
255	9294	60.0	60.1	33	1	1	2	959	1257	1861	2749	3864	4742	5202	5313	5137	4821	4508	4091	3718	3380	3073	2892	2712	2821	3057	3378	3713	3883	3961	3882	3615	3416	3202	2905	2696	2498	2323	2236	
255	9312	59.9	60.0	33	1	1	2	967	1252	1884	2832	3910	4818	5272	5348	5209	4916	4515	4186	3770	3423	3092	2938	2762	2814	3057	3431	3743	3945	4000	3903	3620	3410	3190	2938	2696	2493	2320	2219	
255	9329	60.0	60.0	33	1	1	2	973	1260	1911	2839	3878	4763	5224	5342	5185	4868	4524	4132	3781	3401	3116	2880	2743	2844	3054	3401	3718	3886	3986	3908	3608	3399	3160	2921	2725	2502	2337	2208	
255	9346	60.0	60.0	33	1	1	2	973	1256	1877	2797	3892	4789	5211	5315	5174	4814	4525	4123	3737	3388	3102	2876	2731	2831	3036	3402	3738	3898	4000	3866	3629	3402	3172	2908	2704	2513	2341	2231	
255	9363	60.0	60.0	33	1	1	2	968	1238	1854	2835	3852	4765	5194	5301	5153	4827	4456	4157	3749	3385	3077	2898	2727	2830	3019	3384	3740	3884	3948	3851	3651	3380	3174	2885	2708	2484	2360	2215	
255	9381	59.9	60.0	33	1	1	2	983	1247	1867	2800	3868	4772	5196	5329	5130	4835	4507	4100	3741	3375	3100	2857	2744	2827	3069	3403	3717	3873	3972	3859	3623	3370	3154	2937	2674	2476	2360	2203	
255	9443	95.3	94.9	34	1	0	2	905	1011	1339	1808	2346	2816	3068	3184	3157	3018	2884	2698	2524	2337	2184	2134	2089	2253	2456	2761	3010	3141	3180	3077	2931	2812	2628	2460	2308	2160	2040	1940	
255	9461	95.0	95.0	34	1	0	2	932	1036	1343	1774	2320	2786	3041	3123	3094	2992	2881	2655	2474	2318	2184	2111	2110	2232	2449	2767	3010	3114	3163	3126	2935	2767	2639	2473	2301	2165	2049	1909	
255	9523	59.7	60.4	34	1	1	2	970	1241	1807	2781	3854	4738	5162	5276	5129	4828	4483	4134	3744	3348	3086	2887	2736	2817	3030	3393	3736	3887	3945	3858	3627	3430	3143	2885	2708	2495	2348	2198	
255	9541	59.9	60.0	34	1	1	2	979	1250	1859	2805	3876	4744	5233	5296	5171	4799	4523	4133	3747	3369	3096	2880	2744	2818	3035	3386	3734	3920	3978	3887	3639	3363	3183	2894	2678	2507	2336	2221	
255	9558	60.0	60.0	34	1	1	2	972	1259	1883	2822	3965	4820	5268	5360	5234	4907	4566	4178	3833	3421	3114	2931	2777	2847	3060	3455	3772	3932	3982	3898	3664	3455	3178	2961	2706	2524	2369	2211	
255	9575	60.0	60.0	34	1	1	2	966	1236	1863	2823	3894	4775	5233	5329	5206	4873	4548	4147	3784	3383	3125	2870	2772	2832	3040	3420	3750	3900	3970	3893	3639	3405	3174	2914	2653	2521	2339	2239	
255	9592	60.0	60.0	34	1	1	2	963	1254	1885	2824	3913	4754	5210	5330	5136	4856	4523	4140	3774	3380	3077	2892	2746	2832	3043	3403	3734	3913	3964	3899	3639	3397	3178	2916	2694	2512	2358	2213	
255	9610	60.0	60.0	34	1	1	2	970	1241	1904	2832	3863	4738	5203	5308	5137	4859	4508	4133	3782	3384	3082	2877	2748	2836	3008	3407	3716	3922	3954	3867	3614	3412	3150	2915	2699	2513	2351	2212	
255	9627	59.9	60.0	34	1	1	2	973	1273	1868	2833	3894	4753	5231	5328	5142	4863	4495	4152	3749	3372	3083	2879	2771	2828	3048	3384	3719	3887	3965	3865	3595	3406	3144	2919	2701	2510	2342	2200	
255	9691	95.4	94.9	35	1	0	2	897	1030	1346	1819	2322	2798	3090	3194	3167	3051	2892	2733	2492	2309	2156	2144	2069	2240	2478	2770	3026	3140	3223	3139	2955	2803	2628	2462	2297	2150	2067	1963	
255	9709	95.0	95.0	35	1	0	2	913	1055	1349	1778	2337	2791	3057	3186	3139	3036	2872	2669	2476	2297	2204	2124	2108	2229	2443	2741	3003	3134	3161	3078	2933	2799	2652	2473	2318	2187	2040	1938	
255	9771	59.6	60.4	35	1	1	2	967	1251	1886	2806	3873	4797	5192	5326	5123	4802	4505	4146	3755	3358	3085	2880	2747	2835	3053	3362	3719	3912	3978	3864	3616	3386	3177	2912	2658	2520	2350	2204	
255	9789	60.0	60.0	35	1	1	2	970	1264	1911	2817	3906	4776	5242	5360	5184	4891	4502	4144	3766	3414	3061	2918	2771	2845	3038	3410	3695	3890	3972	3888	3622	3404	3159	2930	2707	2502	2369	2216	
255	9806	60.0	60.0	35	1	1	2	974	1263	1893	2845	3940	4840	5297	5431	5180	4908	4571	4173	3810	3402	3138	2889	2763	2861	3082	3477	3721	3942	3977	3901	3613	3430	3202	2916	2715	2516	2358	2216	
255	9823	60.0	60.0	35	1	1	2	999	1266	1914	2860	3894	4831	5302	5378	5201	4871	4545	4194	3781	3393	3115	2950	2762	2855	3073	3421	3773	3944	3993	3859	3664	3445	3201	2955	2706	2506	2350	2208	
255	9840	59.9	60.0	35	1	1	2	964	1263	1911	2836	3898	4795	5250	5372	5176	4856	4535	4148	3792	3371	3104	2875	2758	2832	3077	3358	3737	3948	4009	3874	3644	3380	3157	2936	2701	2493	2337	2206	
255	9858	60.0	60.0	35	1	1	2	988	1255	1888	2813	3904	4766	5211	5355	5126	4844	4524	4147	3761	3385	3112	2889	2753	2820	3069	3393	3713	3913	3946	3883	3589	3394	3169	2901	2713	2508	2351	2183	
255	9875	60.0	60.0	35	1	1	2	990	1251	1872	2799	3893	4762	5215	5333	5187	4876	4541	4130	3793	3418	3080	2915	2733	2853	3075	3400	3754	3960	3994	3862	3634	3390	3189	2961	2712	2503	2351	2190	
255	9937	95.3	94.9	36	1	0	2	908	1036	1343	1817	2346	2830	3073	3205	3161	3059	2912	2722	2518	2324	2196	2132	2104	2254	2463	2774	2997	3132	3183	3177	2970	2796	2616	2450	2295	2166	2057	1948	
255	9955	95.0	95.0	36	1	0	2	902	1047	1341	1797	2337	2802	3090	3202	3157	3030	2890	2705	2517	2332	2199	2111	2117	2245	2445	2786	3001	3140	3195	3113	2929	2806	2637	2490	2317	2165	2057	1948	
255	10017	59.7	60.4	36	1	1	2	962	1266	1882	2825	3893	4747	5201	5356	5178	4864	4541	4175	3784	3414	3089	2923	2734	2854	3063	3398	3710	3904	3987	3871	3606	3363	3189	2901	2692	2498	2348	2209	
255	10035	59.9	60.0	36	1	1	2	961	1254	1901	2848	3947	4816	5246	5371	5201	4913	4582	4175	3801	3413	3115	2915	2760	2874	3053	3402	3735	3951	3997	3906	3651	3386	3231	2940	2710	2509	2372	2195	
255	10052	60.0	60.0	36	1	1	2	973	1255	1909	2878	3939	4857	5347	5447	5306	4967	4606	4200	3812	3434	3114	2936	2797	2848	3093	3456	3767	3928	4002	3911	3650	3415	3197	2973	2737	2525	2343	2226	
255	10069	60.0	60.0	36	1	1	2	984	1263	1905	2833	3923	4849	5235	5362	5260	4929	4585	4229	3841	3428	3128	2903	2764	2877	3081	3431	3778	3923	4009	3889	3658	3407	3164	2957	2681	2527	2361	2209	
255	10086	59.9	60.0	36	1	1	2	958	1247	1882	2852	3893	4838	5258	5408	5216	4916	4554	4188	3809	3403	3116	2914	2731	2821	3068	3410	3740	3991	3954	3890	3654	3375	3170	2934	2698	2491	2345	2206	
255	10104	59.9	60.0	36	1	1	2	958	1272	1900	2857	3880	4803	5254	5392	5208	4947	4565	4176	3767	3404	3112	2879	2770	2838	3026	3460	3750	3938	3961	3881	3620	3392	3169	2926	2698	2523	2353	2206	
255	10121	60.0	60.0	36	1	1	2	966	1254	1875	2858	3866	4759	5233	5367	5205	4890	4551	4212	3761	3401	3120	2883	2782	2855	3070	3418	3739	3924	3978	3879	3670	3376	3173	2917	2707	2519	2337	2219	
255	10186	95.4	94.9	37	1	0	2	914	1073	1355	1829	2364	2834	3119	3240	3192	3039	2913	2711	2529	2330	2234	2145	2120	2253	2499	2745	3019	3149	3197	3117	2989	2784	2632	2462	2298	2179	2061	1954	
255	10203	95.0	95.0	37	1	0	2	906	1052	1376	1829	2332	2808	3063	3202	3177	3042	2883	2727	2544	2319	2206	2139	2098	2275	2490	2752	3008	3166	3186	3156	2964	2798	2633	2448	2326	2181	2039	1927	
255	10266	59.7	60.4	37	1	1	2	968	1262	1884	2839	3945	4831	5270	5395	5198	4921	4550	4199	3788	3435	3144	2938	2789	2863	3046	3459	3730	3927	3976	3871	3667	3405	3152	2937	2695	2525	2346	2221	
255	10283	60.0	60.0	37	1	1	2	965	1244	1900	2842	3936	4810	5341	5452	5243	4959	4648	4262	3812	3441	3171	2927	2821	2869	3065	3409	3757	3938	3984	3901	3669	3438	3165	2936	2729	2496	2350	2193	
255	10300	60.0	60.0	37	1	1	2	976	1264	1931	2903	3994	4888	5400	5511	5333	4966	4641	4254	3896	3455	3164	2966	2806	2889	3089	3424	3761	4011	4025	3931	3665	3423	3184	2946	2743	2502	2366	2231	
255	10317	60.0	60.0	37	1	1	2	980	1263	1897	2905	3959	4921	5344	5460	5294	4960	4683	4237	3871	3475	3138	2963	2815	2869	3080	3454	3772	3961	4013	3914	3664	3399	3170	2930	2720	2536	2378	2220	
255	10335	60.0	60.0	37	1	1	2	977	1230	1919	2904	3927	4857	5352	5485	5288	4948	4636	4216	3822	3450	3147	2961	2762	2882	3128	3422	3742	3939	3982	3881	3670	3403	3190	2940	2700	2516	2365	2239	
255	10352	60.0	60.0	37	1	1	2	972	1258	1931	2900	3948	4860	5344	5440	5252	4908	4666	4200	3852	3443	3131	2946	2797	2884	3056	3407	3744	3921	4012	3877	3651	3412	3198	2942	2700	2515	2382	2228	
255	10369	60.0	60.0	37	1	1	2	973	1278	1907	2881	3948	4832	5308	5420	5286	4924	4587	4209	3846	3425	3170	2907	2777	2873	3097	3453	3736	3916	3979	3913	3661	3402	3165	2919	2690	2523	2357	2212	
255	10432	95.3	94.9	38	1	0	2	921	1042	1344	1853	2431	2907	3184	3276	3242	3129	2954	2739	2608	2348	2231	2173	2168	2298	2481	2784	3034	3167	3210	3185	2969	2817	2636	2504	2339	2197	2065	1953	
255	10449	95.0	95.0	38	1	0	2	923	1044	1351	1834	2379	2840	3172	3263	3214	3076	2961	2752	2586	2342	2239	2156	2161	2257	2501	2781	3027	3142	3197	3142	2927	2801	2644	2454	2313	2164	2033	1922	
255	10512	59.7	60.4	38	1	1	2	972	1252	1943	2887	3980	4892	5387	5501	5345	5043	4688	4284	3870	3475	3161	2961	2790	2906	3115	3455	3740	3939	4012	3924	3675	3429	3177	2937	2686	2519	2376	2207	
255	10529	60.0	60.1	38	1	1	2	977	1258	1936	2945	4037	5007	5426	5528	5395	5041	4712	4302	3912	3547	3184	2980	2814	2912	3168	3463	3766	3949	3973	3922	3676	3460	3208	2949	2721	2523	2393	2222	
255	10546	59.9	60.0	38	1	1	2	990	1260	1973	2937	4097	5034	5480	5621	5468	5120	4732	4354	3972	3536	3256	3032	2805	2907	3140	3506	3814	3982	4035	3955	3690	3463	3223	2952	2739	2543	2380	2215	
255	10563	60.0	60.0	38	1	1	2	989	1265	1939	2915	4059	5004	5470	5591	5404	5118	4694	4360	3946	3531	3252	2979	2834	2933	3128	3447	3806	3969	4035	3932	3667	3439	3185	2976	2744	2555	2375	2223	
255	10581	60.0	60.0	38	1	1	2	966	1266	1929	2909	4047	4986	5434	5586	5360	5010	4736	4297	3917	3519	3191	2965	2840	2915	3119	3453	3791	3964	3980	3934	3677	3408	3180	2925	2709	2538	2345	2222	
255	10598	59.9	60.0	38	1	1	2	973	1276	1947	2903	4011	4954	5416	5546	5376	5038	4733	4252	3910	3475	3217	2951	2829	2892	3121	3459	3772	3947	4001	3890	3658	3419	3191	2940	2725	2532	2389	2210	
255	10615	59.9	60.0	38	1	1	2	961	1260	1940	2947	4027	4994	5409	5566	5385	5078	4681	4295	3918	3549	3208	2961	2830	2916	3123	3453	3786	3948	4019	3912	3656	3432	3166	2937	2687	2532	2342	2205	
255	10678	95.5	94.8	39	1	0	2	922	1063	1383	1887	2455	2948	3274	3388	3325	3231	3036	2826	2662	2420	2289	2206	2168	2304	2500	2810	3057	3202	3264	3170	3006	2831	2668	2487	2321	2186	2085	1941	
255	10695	94.9	95.0	39	1	0	2	903	1039	1382	1866	2441	2944	3239	3325	3289	3183	3017	2796	2636	2411	2266	2213	2162	2308	2496	2801	3092	3190	3222	3142	2962	2785	2647	2507	2328	2190	2069	1946	
255	10758	59.6	60.4	39	1	1	2	974	1248	1973	2966	4141	5092	5595	5716	5562	5234	4790	4415	4008	3606	3246	3051	2888	2949	3146	3479	3819	3962	4024	3921	3687	3450	3232	2979	2747	2540	2373	2241	
255	10775	60.0	60.0	39	1	1	2	974	1282	1962	2975	4135	5146	5634	5743	5570	5246	4888	4460	4018	3640	3314	3076	2891	2981	3157	3505	3805	3995	4014	3907	3656	3428	3213	2967	2732	2540	2378	2219	
255	10792	60.0	60.0	39	1	1	2	980	1301	1958	3050	4200	5244	5706	5851	5642	5257	4931	4511	4034	3675	3352	3130	2913	2990	3190	3533	3880	4006	4117	3992	3732	3462	3214	2974	2740	2543	2384	2236	
255	10810	59.9	60.0	39	1	1	2	985	1284	1984	3049	4198	5168	5641	5803	5629	5278	4904	4446	4048	3681	3313	3107	2912	2986	3160	3507	3840	4020	4068	3954	3693	3443	3249	2972	2759	2556	2382	2241	
255	10827	60.0	60.0	39	1	1	2	978	1287	1974	3005	4189	5120	5625	5755	5570	5284	4934	4464	4043	3616	3307	3069	2890	2986	3170	3507	3834	3999	4021	3946	3679	3478	3213	2969	2722	2555	2360	2202	
255	10844	59.9	60.0	39	1	1	2	981	1284	1975	3012	4220	5130	5659	5789	5617	5234	4890	4443	4037	3625	3302	3069	2903	2938	3127	3497	3839	3996	4027	3971	3702	3447	3216	2960	2745	2544	2417	2218	
255	10861	60.0	60.0	39	1	1	2	978	1297	1987	2994	4158	5142	5609	5777	5577	5249	4864	4463	4057	3596	3293	3056	2885	2941	3166	3526	3796	3997	4035	3959	3694	3438	3231	2956	2733	2545	2374	2240	
255	10926	95.4	94.9	40	1	0	2	912	1069	1416	1948	2560	3077	3358	3541	3460	3299	3177	2959	2734	2515	2349	2267	2210	2373	2550	2828	3091	3195	3227	3195	3014	2859	2654	2503	2337	2240	2092	1968	
255	10943	95.0	95.0	40	1	0	2	917	1063	1402	1939	2539	3040	3416	3503	3452	3302	3134	2883	2697	2489	2326	2254	2221	2340	2556	2831	3067	3200	3242	3164	2972	2839	2666	2477	2299	2236	2067	1932	
255	11006	59.6	60.4	40	1	1	2	994	1320	2051	3072	4317	5376	5875	5991	5848	5473	5095	4666	4162	3738	3393	3198	2994	3064	3249	3582	3845	4033	4063	3955	3725	3501	3241	2994	2741	2576	2386	2229	
255	11023	59.9	60.1	40	1	1	2	992	1312	2064	3124	4376	5424	5934	6039	5914	5586	5160	4663	4254	3824	3432	3181	2989	3080	3238	3544	3882	4069	4074	3994	3732	3488	3254	2990	2731	2541	2388	2249	
255	11040	60.0	60.0	40	1	1	2	991	1332	2052	3159	4422	5490	6045	6169	5976	5611	5235	4748	4306	3841	3497	3207	3036	3091	3263	3613	3932	4055	4123	4005	3741	3486	3283	3041	2786	2576	2402	2243	
255	11058	60.0	60.0	40	1	1	2	998	1300	2037	3169	4425	5457	6003	6134	5946	5566	5224	4711	4299	3813	3456	3263	3021	3075	3288	3601	3907	4031	4134	4021	3774	3470	3242	3008	2782	2576	2419	2264	
255	11075	60.0	60.0	40	1	1	2	978	1325	2049	3139	4414	5466	5974	6160	5944	5580	5203	4725	4274	3810	3446	3210	3029	3050	3252	3581	3915	4094	4083	3982	3732	3506	3235	3004	2757	2609	2407	2251	
255	11092	60.0	60.0	40	1	1	2	991	1317	2079	3162	4413	5442	6012	6101	5894	5546	5166	4691	4275	3776	3452	3238	3032	3033	3244	3579	3893	4010	4092	3982	3705	3520	3268	2987	2774	2576	2407	2249	
255	11109	60.0	60.0	40	1	1	2	974	1321	2066	3138	4436	5434	5931	6114	5913	5574	5161	4691	4242	3839	3437	3207	3025	3061	3250	3573	3867	4104	4101	4005	3746	3472	3248	2997	2799	2545	2412	2210	
255	11174	95.4	94.9	41	1	0	2	915	1086	1471	2032	2689	3279	3649	3782	3707	3548	3371	3123	2923	2651	2482	2361	2304	2438	2648	2955	3120	3251	3283	3246	3018	2864	2716	2540	2349	2235	2106	1968	
255	11191	95.0	95.0	41	1	0	2	916	1063	1479	2016	2662	3285	3587	3745	3692	3588	3400	3162	2898	2647	2454	2361	2311	2417	2611	2891	3155	3276	3275	3228	3049	2858	2700	2526	2353	2227	2105	1974	
255	11254	59.6	60.4	41	1	1	2	1010	1329	2112	3290	4655	5747	6314	6468	6266	5890	5459	4958	4527	4021	3626	3363	3127	3187	3330	3690	3962	4070	4140	4030	3802	3528	3273	3029	2807	2607	2406	2266	
255	11271	60.0	60.1	41	1	1	2	1006	1346	2166	3363	4711	5776	6424	6566	6381	6000	5553	5032	4556	4060	3667	3389	3163	3204	3371	3712	4010	4143	4126	4053	3806	3536	3277	3049	2805	2606	2423	2267	
255	11288	59.9	60.0	41	1	1	2	1004	1343	2174	3368	4791	5936	6515	6670	6446	6015	5624	5092	4553	4115	3715	3403	3193	3208	3356	3688	4016	4147	4209	4099	3822	3516	3336	3045	2799	2624	2455	2286	
255	11306	60.0	60.0	41	1	1	2	1000	1355	2170	3407	4768	5893	6470	6674	6442	6036	5534	5100	4605	4095	3699	3379	3163	3233	3388	3684	3979	4176	4187	4078	3786	3559	3294	3032	2821	2633	2404	2265	
255	11323	60.0	60.0	41	1	1	2	995	1350	2155	3346	4747	5859	6466	6617	6441	6018	5568	5127	4568	4044	3704	3408	3162	3201	3362	3702	3990	4121	4193	4096	3807	3538	3267	3017	2823	2595	2458	2254	
255	11340	60.0	60.0	41	1	1	2	985	1369	2137	3356	4725	5870	6468	6620	6390	5973	5592	5078	4555	4080	3689	3370	3176	3208	3347	3674	3992	4139	4176	4048	3750	3559	3280	3038	2793	2602	2439	2219	
255	11357	59.9	60.0	41	1	1	2	987	1364	2177	3384	4713	5912	6475	6637	6417	5981	5600	5052	4566	4055	3700	3404	3150	3189	3356	3690	4001	4151	4172	4046	3765	3512	3323	3041	2803	2607	2396	2269	
255	11420	95.3	94.9	42	1	0	2	929	1093	1532	2165	2913	3561	4010	4133	4068	3919	3686	3381	3166	2888	2667	2514	2446	2537	2728	2983	3228	3349	3358	3320	3073	2888	2754	2584	2374	2249	2123	2012	
255	11437	94.9	95.0	42	1	0	2	919	1124	1527	2180	2964	3585	3965	4142	4050	3904	3676	3406	3146	2844	2622	2539	2457	2532	2734	3007	3222	3352	3368	3288	3090	2864	2744	2569	2362	2254	2124	2024	
255	11500	59.6	60.4	42	1	1	2	1007	1392	2248	3560	5038	6234	6847	7060	6835	6402	6006	5395	4869	4333	3915	3597	3295	3336	3462	3790	4069	4157	4237	4099	3823	3553	3356	3064	2814	2628	2440	2279	
255	11517	60.0	60.1	42	1	1	2	1028	1398	2269	3592	5120	6379	7043	7220	6976	6562	6026	5507	4927	4392	3947	3633	3377	3373	3510	3827	4122	4239	4262	4136	3839	3622	3337	3077	2854	2642	2467	2299	
255	11535	60.0	60.0	42	1	1	2	1004	1400	2276	3636	5190	6462	7112	7302	7036	6609	6118	5551	4976	4436	3991	3685	3384	3400	3568	3836	4145	4263	4278	4164	3902	3648	3365	3133	2880	2630	2486	2326	
255	11552	60.0	60.0	42	1	1	2	1003	1417	2272	3644	5148	6413	7077	7309	7056	6625	6118	5572	5011	4435	3967	3662	3436	3349	3552	3834	4109	4240	4263	4116	3891	3592	3361	3070	2867	2646	2476	2320	
255	11569	59.9	60.0	42	1	1	2	1020	1385	2284	3669	5175	6410	7076	7325	7066	6569	6093	5517	4974	4438	3988	3667	3393	3366	3555	3809	4111	4255	4236	4176	3858	3609	3350	3099	2854	2678	2487	2279	
255	11586	59.9	60.0	42	1	1	2	1005	1405	2290	3639	5164	6437	7058	7265	6983	6565	6094	5548	5003	4423	3957	3676	3371	3394	3528	3804	4140	4270	4280	4147	3828	3594	3367	3116	2874	2643	2465	2317	
255	11604	60.0	60.0	42	1	1	2	1006	1389	2290	3644	5152	6466	7104	7253	6987	6566	6142	5516	4990	4387	3967	3665	3359	3364	3558	3845	4132	4219	4272	4161	3859	3611	3360	3102	2833	2660	2470	2308	
255	11666	95.3	94.9	43	1	0	2	944	1138	1636	2388	3239	3979	4389	4570	4517	4343	4055	3761	3433	3084	2880	2692	2612	2684	2862	3110	3328	3423	3446	3344	3125	2941	2794	2622	2450	2303	2158	2035	
255	11683	95.0	95.0	43	1	0	2	926	1143	1632	2365	3224	3974	4399	4576	4503	4300	4074	3711	3401	3118	2904	2712	2622	2670	2851	3092	3319	3401	3395	3342	3109	2969	2826	2563	2438	2285	2167	2035	
255	11745	59.7	60.6	43	1	1	2	1010	1443	2381	3834	5437	6836	7506	7656	7472	6977	6464	5887	5231	4631	4209	3828	3529	3485	3640	3930	4162	4305	4297	4156	3930	3659	3397	3085	2868	2661	2507	2344	
255	11762	60.0	60.1	43	1	1	2	1019	1433	2433	3891	5517	6912	7621	7817	7607	7153	6577	6000	5377	4735	4248	3934	3538	3523	3681	3972	4242	4339	4325	4235	3972	3644	3426	3153	2900	2705	2523	2353	
255	11780	59.9	60.0	43	1	1	2	1022	1455	2440	3912	5573	7018	7745	7946	7651	7154	6684	6023	5391	4809	4319	3915	3601	3586	3693	3984	4221	4362	4363	4279	3962	3720	3428	3148	2911	2662	2514	2366	
255	11797	59.9	60.0	43	1	1	2	1033	1443	2438	3943	5582	7008	7752	7956	7665	7150	6633	6010	5430	4772	4306	3907	3596	3556	3702	4068	4241	4373	4380	4225	3964	3658	3424	3156	2905	2690	2486	2358	
255	11814	60.0	60.0	43	1	1	2	1023	1465	2426	3899	5556	6990	7674	7933	7680	7203	6607	5979	5370	4769	4284	3894	3568	3545	3675	3956	4213	4366	4378	4272	3945	3654	3411	3167	2902	2713	2526	2383	
255	11831	60.0	60.0	43	1	1	2	1023	1459	2432	3884	5580	6953	7708	7908	7621	7154	6566	5927	5395	4776	4270	3910	3584	3563	3678	3976	4232	4380	4346	4226	3916	3700	3412	3130	2892	2670	2510	2358	
255	11849	59.9	60.0	43	1	1	2	1021	1465	2417	3953	5619	6962	7721	7941	7619	7124	6543	5970	5382	4771	4259	3895	3585	3529	3696	3997	4232	4342	4360	4228	3953	3689	3428	3119	2887	2687	2492	2333	
255	11911	95.4	94.7	44	1	0	2	936	1153	1730	2552	3547	4381	4848	5022	4992	4789	4486	4144	3756	3373	3110	2961	2738	2841	2998	3220	3414	3514	3565	3452	3229	3036	2849	2638	2482	2321	2171	2060	
255	11929	95.0	95.0	44	1	0	2	969	1156	1715	2568	3488	4353	4838	5025	4971	4755	4469	4082	3751	3382	3122	2894	2773	2834	2970	3222	3420	3510	3512	3402	3174	3017	2821	2661	2475	2310	2182	2050	
255	11991	59.7	60.6	44	1	1	2	1039	1478	2489	4104	5869	7351	8056	8326	8032	7539	6974	6355	5671	4952	4505	4093	3753	3719	3831	4082	4334	4433	4399	4300	3926	3739	3410	3151	2936	2691	2554	2347	
255	12009	59.9	60.1	44	1	1	2	1045	1514	2522	4121	5974	7501	8296	8504	8165	7693	7112	6425	5765	5067	4562	4147	3791	3743	3836	4117	4332	4461	4458	4308	3967	3749	3485	3216	2932	2680	2549	2361	
255	12026	60.0	60.0	44	1	1	2	1047	1510	2561	4183	6000	7574	8330	8582	8320	7787	7204	6492	5828	5136	4607	4179	3815	3760	3879	4172	4371	4518	4513	4350	4014	3781	3529	3219	2980	2747	2561	2412	
255	12043	59.9	60.0	44	1	1	2	1041	1496	2558	4197	6016	7561	8344	8527	8346	7750	7169	6462	5792	5121	4608	4156	3844	3776	3840	4117	4325	4501	4468	4324	4052	3716	3522	3212	2953	2719	2557	2407	
255	12060	60.0	60.0	44	1	1	2	1056	1507	2561	4175	6002	7546	8290	8576	8234	7736	7147	6475	5842	5085	4567	4179	3797	3727	3856	4094	4349	4482	4410	4308	4010	3767	3473	3203	2932	2729	2565	2370	
255	12078	60.0	60.0	44	1	1	2	1043	1508	2568	4144	5960	7522	8297	8501	8251	7712	7149	6447	5805	5118	4560	4164	3810	3760	3852	4087	4364	4456	4443	4296	4024	3720	3471	3176	2910	2759	2551	2336	
255	12095	60.0	60.0	44	1	1	2	1032	1495	2569	4187	5977	7482	8295	8571	8237	7731	7138	6405	5788	5104	4620	4151	3799	3734	3820	4103	4360	4493	4422	4288	4007	3725	3475	3225	2966	2716	2535	2378	
255	12159	95.4	94.9	45	1	0	2	963	1200	1808	2750	3835	4741	5282	5501	5440	5157	4888	4489	4069	3628	3353	3126	2939	2989	3110	3337	3509	3600	3603	3487	3276	3077	2869	2688	2510	2358	2242	2084	
255	12177	95.0	95.0	45	1	0	2	958	1200	1799	2735	3805	4741	5295	5531	5385	5164	4853	4498	4063	3649	3352	3129	2956	2966	3070	3308	3521	3580	3593	3485	3265	3020	2877	2695	2507	2361	2206	2065	
255	12239	59.7	60.6	45	1	1	2	1053	1518	2612	4312	6250	7824	8701	8910	8643	8037	7473	6734	5982	5329	4717	4324	3915	3850	3928	4199	4440	4530	4500	4385	4068	3751	3508	3226	2979	2767	2573	2382	
255	12257	60.0	60.1	45	1	1	2	1021	1528	2644	4400	6347	7987	8813	9070	8760	8264	7543	6879	6137	5364	4814	4373	3966	3873	3967	4223	4438	4551	4544	4373	4069	3790	3497	3260	3012	2768	2592	2388	
255	12274	59.9	60.0	45	1	1	2	1049	1554	2693	4437	6401	8072	8871	9216	8900	8267	7614	6936	6176	5459	4858	4421	3983	3938	4016	4226	4525	4572	4553	4430	4093	3848	3510	3236	3007	2766	2577	2392	
255	12291	59.9	60.0	45	1	1	2	1038	1557	2706	4386	6436	8034	8863	9186	8839	8293	7671	6925	6174	5474	4888	4388	3979	3927	3973	4242	4464	4551	4541	4401	4093	3782	3538	3261	2981	2787	2599	2409	
255	12308	60.0	60.0	45	1	1	2	1049	1534	2673	4416	6390	8049	8871	9126	8801	8276	7602	6927	6176	5471	4847	4376	4002	3900	4003	4224	4487	4540	4548	4412	4068	3793	3532	3236	2989	2762	2560	2418	
255	12326	60.0	60.0	45	1	1	2	1054	1535	2708	4416	6369	8044	8889	9157	8812	8220	7595	6870	6162	5393	4837	4393	3955	3906	3956	4256	4431	4526	4562	4389	4091	3789	3524	3234	2986	2731	2580	2396	
255	12343	60.0	60.0	45	1	1	2	1041	1558	2686	4380	6375	8042	8923	9074	8753	8261	7633	6902	6177	5477	4869	4386	4005	3914	3986	4208	4469	4540	4520	4397	4080	3816	3539	3198	2951	2740	2560	2418	
