Well	Time (1/2 s)	Block Temp	Sample Temp	Repetition	PCR Stage	Extension	Scale	B1	B2	B3	B4	B5	B6	B7	B8	B9	B10	B11	B12	B13	B14	B15	B16	B17	B18	B19	B20	B21	B22	B23	B24	B25	B26	B27	B28	B29	B30	B31	B32
124	108	94.9	95.1	1	0	0	2	936	1057	1330	1822	2355	2820	3169	3284	3246	3140	2964	2815	2592	2380	2279	2186	2187	2296	2548	2817	3080	3265	3321	3273	3127	2957	2800	2608	2451	2279	2152	1983	
124	125	95.0	95.0	1	0	0	2	933	1067	1336	1796	2377	2761	3141	3247	3243	3128	2959	2788	2588	2407	2232	2180	2189	2297	2501	2793	3047	3234	3302	3206	3109	2957	2796	2582	2419	2290	2137	2013	
124	142	95.0	95.0	1	0	0	2	945	1048	1328	1772	2322	2788	3116	3219	3229	3089	2949	2779	2562	2377	2262	2189	2166	2281	2512	2806	3052	3246	3273	3217	3105	2929	2813	2576	2433	2256	2110	2004	
124	159	95.0	95.0	1	0	0	2	922	1036	1356	1774	2326	2754	3097	3231	3211	3104	2926	2780	2584	2410	2259	2157	2195	2278	2511	2798	3018	3239	3291	3230	3100	2939	2804	2588	2416	2263	2139	2004	
124	177	95.0	95.0	1	0	0	2	931	1048	1338	1784	2315	2771	3126	3206	3224	3106	2936	2779	2569	2372	2239	2164	2158	2272	2486	2770	3007	3204	3261	3198	3076	2931	2778	2593	2390	2253	2148	2003	
124	194	95.0	95.0	1	0	0	2	932	1028	1320	1790	2317	2775	3101	3207	3198	3095	2943	2750	2563	2396	2285	2150	2132	2293	2493	2801	2996	3219	3208	3237	3090	2919	2812	2577	2411	2248	2109	1977	
124	211	95.0	95.0	1	0	0	2	924	1057	1319	1778	2324	2743	3112	3213	3217	3121	2964	2775	2557	2391	2239	2169	2151	2247	2510	2793	3047	3236	3255	3213	3123	2916	2771	2555	2407	2248	2104	1973	
124	228	94.9	95.0	1	0	0	2	931	1043	1340	1790	2322	2768	3112	3179	3207	3109	2956	2777	2570	2401	2242	2189	2162	2274	2515	2798	3028	3236	3260	3235	3056	2934	2771	2566	2438	2241	2119	1984	
124	246	95.0	95.0	1	0	0	2	939	1040	1338	1783	2304	2770	3108	3199	3198	3081	2953	2761	2586	2382	2255	2190	2149	2267	2486	2812	3029	3266	3263	3236	3092	2945	2776	2588	2414	2247	2126	2005	
124	263	95.0	95.0	1	0	0	2	923	1050	1354	1798	2322	2790	3124	3177	3233	3081	2930	2771	2552	2401	2241	2182	2161	2275	2532	2781	3034	3236	3252	3242	3085	2959	2792	2603	2402	2249	2127	1998	
124	280	95.0	95.0	1	0	0	2	937	1034	1332	1783	2334	2759	3118	3176	3216	3086	2945	2771	2600	2389	2264	2175	2164	2255	2491	2781	3043	3182	3268	3220	3072	2904	2788	2589	2417	2229	2122	1998	
124	297	95.0	95.0	1	0	0	2	932	1043	1337	1784	2305	2787	3125	3232	3220	3102	2936	2724	2571	2385	2251	2161	2158	2277	2499	2779	3001	3253	3267	3191	3081	2923	2806	2573	2425	2226	2120	1989	
124	315	95.0	95.0	1	0	0	2	939	1040	1340	1777	2317	2753	3165	3223	3200	3112	2931	2760	2584	2384	2258	2169	2151	2285	2501	2771	3025	3246	3263	3232	3113	2958	2777	2586	2409	2234	2124	2009	
124	332	95.0	95.0	1	0	0	2	927	1050	1353	1784	2338	2776	3149	3192	3233	3094	2988	2776	2560	2382	2240	2182	2170	2261	2528	2779	3043	3273	3286	3201	3111	2940	2806	2611	2426	2262	2131	1995	
124	349	95.0	95.0	1	0	0	2	929	1059	1284	1779	2340	2752	3107	3241	3207	3088	2953	2759	2550	2386	2242	2154	2167	2294	2506	2768	3027	3237	3285	3228	3089	2941	2793	2568	2410	2272	2117	1997	
124	366	94.9	95.0	1	0	0	2	935	1047	1344	1782	2342	2781	3140	3213	3218	3105	2943	2771	2571	2420	2260	2182	2174	2300	2490	2780	2991	3229	3260	3226	3096	2935	2776	2630	2410	2268	2148	2003	
124	384	95.0	95.0	1	0	0	2	931	1014	1330	1760	2351	2777	3122	3233	3229	3108	2934	2775	2580	2393	2257	2185	2160	2286	2493	2779	3059	3227	3278	3200	3117	2935	2784	2589	2432	2240	2140	1986	
124	401	95.0	95.0	1	0	0	2	950	1062	1335	1780	2340	2780	3141	3216	3227	3103	2974	2769	2582	2400	2261	2188	2138	2301	2504	2767	3068	3229	3262	3213	3110	2934	2793	2571	2429	2239	2134	2003	
124	418	95.0	95.0	1	0	0	2	933	1038	1335	1796	2338	2795	3135	3245	3226	3110	2968	2777	2596	2368	2264	2162	2176	2277	2501	2820	3033	3215	3281	3210	3106	2959	2790	2628	2416	2240	2130	2007	
124	435	94.9	95.0	1	0	0	2	927	1044	1338	1800	2343	2763	3119	3232	3199	3112	2994	2779	2606	2369	2270	2150	2164	2280	2473	2758	3034	3210	3295	3236	3073	2942	2767	2588	2414	2237	2149	1986	
124	453	95.0	95.0	1	0	0	2	905	1057	1352	1802	2329	2809	3098	3213	3218	3126	2929	2762	2592	2412	2246	2187	2177	2286	2500	2800	3064	3260	3292	3252	3131	2929	2773	2614	2418	2241	2111	2024	
124	470	95.0	95.0	1	0	0	2	920	1048	1352	1784	2335	2780	3123	3240	3217	3112	2954	2772	2579	2411	2257	2173	2167	2291	2499	2790	3024	3229	3281	3201	3104	2931	2783	2582	2428	2255	2135	2009	
124	487	95.0	95.0	1	0	0	2	930	1044	1352	1778	2345	2808	3148	3230	3233	3115	3010	2788	2606	2402	2278	2191	2180	2283	2512	2784	3069	3243	3301	3229	3108	2965	2784	2580	2430	2245	2134	2006	
124	504	94.9	95.0	1	0	0	2	937	1046	1328	1798	2342	2792	3156	3207	3238	3112	2945	2781	2593	2401	2250	2195	2167	2334	2490	2815	3017	3218	3308	3234	3095	2932	2801	2586	2433	2263	2126	2014	
124	522	95.0	95.0	1	0	0	2	926	1042	1330	1785	2352	2788	3122	3217	3233	3112	2933	2778	2578	2410	2267	2177	2143	2294	2500	2809	3059	3237	3297	3201	3100	2944	2797	2593	2431	2252	2109	2001	
124	539	94.9	95.0	1	0	0	2	942	1040	1341	1794	2334	2775	3135	3217	3219	3108	2957	2760	2569	2348	2262	2170	2170	2265	2545	2779	3074	3229	3266	3231	3136	2973	2796	2601	2434	2253	2130	2019	
124	556	95.0	95.0	1	0	0	2	931	1052	1353	1787	2298	2771	3145	3199	3201	3105	2940	2763	2575	2375	2266	2148	2151	2286	2507	2832	3042	3206	3280	3247	3066	2949	2773	2601	2410	2256	2127	1996	
124	573	95.0	95.0	1	0	0	2	921	1039	1362	1777	2351	2801	3158	3251	3226	3084	2947	2777	2592	2406	2253	2184	2150	2288	2497	2815	3045	3260	3325	3230	3104	2951	2794	2606	2428	2253	2136	1997	
124	591	95.0	95.0	1	0	0	2	933	1056	1334	1794	2336	2788	3061	3224	3233	3112	2965	2779	2613	2400	2257	2189	2167	2287	2508	2795	3065	3247	3304	3218	3114	2961	2792	2622	2441	2285	2143	2003	
124	608	95.0	95.0	1	0	0	2	942	1050	1344	1787	2320	2770	3114	3223	3227	3129	2953	2777	2586	2401	2259	2183	2173	2301	2492	2808	3057	3229	3291	3248	3120	2958	2805	2627	2447	2243	2118	2006	
124	625	95.0	95.0	1	0	0	2	939	1051	1337	1787	2345	2801	3137	3191	3213	3089	2962	2802	2590	2406	2279	2201	2181	2274	2515	2796	3039	3250	3255	3237	3113	2933	2820	2593	2441	2229	2157	2009	
124	642	94.9	95.0	1	0	0	2	922	1050	1343	1796	2336	2807	3145	3224	3243	3104	2978	2762	2577	2394	2268	2182	2191	2330	2499	2808	3082	3252	3301	3228	3114	2949	2829	2618	2456	2246	2154	1996	
124	660	95.0	95.0	1	0	0	2	929	1061	1344	1788	2341	2795	3127	3225	3233	3099	2980	2801	2580	2417	2262	2181	2180	2289	2530	2826	3047	3255	3259	3248	3105	2951	2807	2603	2439	2304	2130	2008	
124	677	95.0	95.0	1	0	0	2	932	1044	1352	1818	2361	2798	3156	3221	3234	3163	2982	2800	2587	2427	2296	2176	2185	2294	2509	2819	3088	3238	3284	3289	3141	3004	2821	2606	2471	2260	2141	2019	
124	694	95.0	95.0	1	0	0	2	944	1052	1342	1796	2321	2793	3147	3232	3292	3083	2982	2798	2565	2402	2288	2183	2166	2290	2519	2787	3055	3251	3305	3252	3105	2977	2801	2590	2440	2245	2158	2001	
124	711	95.0	95.0	1	0	0	2	943	1038	1348	1786	2333	2822	3132	3243	3266	3141	2986	2795	2613	2418	2261	2194	2179	2308	2520	2794	3082	3254	3298	3270	3135	2941	2804	2603	2422	2261	2130	2025	
124	729	95.0	95.0	1	0	0	2	926	1054	1353	1801	2332	2772	3118	3254	3275	3143	2975	2788	2597	2399	2248	2188	2199	2287	2521	2824	3071	3238	3310	3231	3116	3018	2822	2586	2455	2259	2155	1993	
124	746	94.9	95.0	1	0	0	2	933	1042	1333	1790	2352	2785	3123	3227	3250	3127	3001	2801	2583	2428	2280	2181	2166	2273	2507	2816	3037	3281	3305	3272	3148	2943	2776	2621	2418	2255	2139	2003	
124	763	94.9	95.0	1	0	0	2	934	1047	1354	1832	2350	2817	3167	3269	3241	3144	2982	2775	2634	2416	2281	2181	2161	2294	2518	2826	3073	3235	3316	3259	3138	2971	2825	2595	2439	2278	2139	2032	
124	780	95.0	95.0	1	0	0	2	931	1051	1335	1804	2350	2795	3170	3263	3256	3151	2965	2791	2584	2425	2281	2183	2181	2297	2510	2811	3090	3257	3343	3239	3107	2966	2818	2591	2437	2288	2155	2029	
124	798	95.0	95.0	1	0	0	2	938	1050	1339	1783	2341	2813	3163	3267	3235	3144	2977	2790	2594	2442	2303	2181	2172	2247	2512	2824	3070	3271	3263	3255	3101	2953	2785	2626	2447	2276	2121	2021	
124	815	94.9	95.0	1	0	0	2	931	1058	1322	1786	2325	2793	3119	3254	3255	3132	2969	2791	2615	2430	2292	2177	2155	2287	2504	2764	3062	3262	3295	3233	3126	2956	2793	2605	2441	2257	2150	1991	
124	832	94.9	95.0	1	0	0	2	933	1050	1342	1801	2333	2783	3152	3242	3236	3149	2977	2791	2601	2437	2310	2203	2164	2297	2522	2798	3075	3246	3289	3232	3140	2944	2821	2601	2426	2272	2154	2011	
124	849	94.9	95.0	1	0	0	2	938	1060	1352	1791	2344	2813	3164	3260	3242	3137	2984	2799	2620	2389	2280	2200	2181	2318	2499	2796	3071	3273	3296	3250	3151	2952	2791	2632	2446	2250	2119	2064	
124	867	94.9	95.0	1	0	0	2	924	1083	1364	1797	2349	2814	3152	3224	3243	3127	2977	2806	2601	2436	2253	2200	2181	2285	2532	2799	3044	3265	3301	3242	3104	2961	2798	2626	2444	2259	2135	2004	
124	884	95.0	95.0	1	0	0	2	942	1052	1346	1829	2341	2779	3144	3250	3234	3124	2967	2789	2577	2418	2273	2189	2180	2301	2548	2799	3047	3245	3281	3224	3116	2948	2796	2622	2426	2289	2140	1980	
124	901	95.0	95.0	1	0	0	2	940	1049	1344	1783	2352	2773	3168	3263	3261	3136	2968	2766	2613	2408	2262	2184	2181	2296	2520	2837	3068	3252	3295	3250	3136	2965	2807	2620	2451	2252	2129	2035	
124	918	95.0	95.0	1	0	0	2	930	1047	1344	1801	2328	2816	3172	3249	3242	3158	2988	2816	2577	2403	2275	2202	2171	2288	2522	2809	3032	3275	3326	3238	3094	2982	2805	2630	2456	2262	2132	1990	
124	936	95.0	95.0	1	0	0	2	937	1052	1326	1801	2329	2804	3132	3278	3274	3130	2981	2805	2565	2427	2274	2199	2179	2283	2511	2794	3036	3217	3339	3261	3151	2974	2832	2628	2410	2262	2145	2010	
124	953	95.0	95.0	1	0	0	2	921	1037	1340	1795	2368	2799	3160	3238	3272	3126	2994	2796	2582	2418	2273	2187	2163	2290	2501	2779	3053	3246	3314	3272	3142	2959	2812	2612	2426	2287	2145	2007	
124	970	95.0	95.0	1	0	0	2	938	1050	1338	1808	2346	2781	3139	3221	3252	3154	2993	2820	2600	2402	2297	2174	2176	2311	2508	2840	3066	3239	3307	3229	3107	2974	2824	2593	2451	2250	2153	2016	
124	987	95.0	95.0	1	0	0	2	933	1055	1346	1788	2344	2790	3132	3262	3236	3129	2935	2806	2578	2437	2274	2170	2176	2299	2509	2802	3077	3182	3300	3260	3116	2978	2793	2602	2442	2283	2143	1983	
124	1005	95.0	95.0	1	0	0	2	943	1059	1354	1808	2368	2805	3155	3237	3281	3152	2975	2809	2608	2438	2271	2177	2168	2308	2543	2800	3036	3279	3296	3260	3110	2973	2829	2587	2437	2271	2137	2024	
124	1022	95.0	95.0	1	0	0	2	954	1050	1342	1786	2326	2833	3139	3247	3258	3140	2996	2796	2596	2419	2266	2198	2156	2296	2521	2823	3050	3242	3297	3240	3107	2952	2811	2611	2443	2265	2137	2004	
124	1039	95.0	95.0	1	0	0	2	942	1061	1341	1812	2307	2771	3166	3249	3286	3165	2998	2831	2597	2408	2298	2193	2148	2302	2552	2825	3070	3231	3319	3261	3130	2956	2799	2618	2426	2253	2131	2000	
124	1056	94.9	95.0	1	0	0	2	944	1070	1347	1792	2356	2808	3176	3253	3252	3150	2996	2789	2604	2423	2283	2193	2171	2288	2512	2787	3063	3270	3312	3265	3083	2966	2811	2613	2443	2240	2148	1981	
124	1073	95.0	95.0	1	0	0	2	937	1044	1346	1794	2344	2794	3170	3282	3260	3144	2982	2796	2584	2429	2282	2188	2174	2313	2524	2791	3047	3240	3310	3244	3090	2944	2833	2617	2431	2270	2116	2005	
124	1091	94.9	95.0	1	0	0	2	920	1062	1325	1812	2348	2810	3187	3250	3250	3138	3021	2788	2601	2403	2292	2209	2196	2291	2512	2816	3062	3258	3336	3267	3121	2952	2833	2600	2450	2257	2150	2019	
124	1108	95.0	95.0	1	0	0	2	937	1036	1341	1791	2369	2823	3194	3286	3246	3172	2974	2773	2592	2404	2293	2173	2197	2282	2491	2826	3097	3233	3310	3267	3120	2959	2836	2619	2395	2282	2127	1980	
124	1125	95.0	95.0	1	0	0	2	931	1043	1344	1795	2360	2817	3151	3278	3265	3137	3004	2810	2613	2444	2245	2171	2184	2294	2516	2820	3081	3223	3310	3262	3124	2957	2810	2610	2419	2255	2158	2005	
124	1142	95.0	95.0	1	0	0	2	933	1058	1352	1803	2360	2790	3170	3270	3260	3155	3022	2814	2606	2447	2298	2205	2169	2298	2493	2798	3054	3250	3332	3246	3109	2979	2824	2605	2423	2253	2146	1997	
124	1160	95.0	95.0	1	0	0	2	912	1060	1345	1818	2347	2806	3146	3274	3248	3155	2966	2800	2598	2428	2264	2184	2162	2282	2515	2816	3036	3250	3307	3270	3126	2942	2790	2613	2440	2248	2132	2019	
124	1177	95.0	95.0	1	0	0	2	937	1043	1331	1781	2351	2791	3148	3276	3288	3176	2955	2815	2621	2405	2277	2209	2184	2300	2494	2787	3047	3265	3297	3186	3117	2987	2778	2618	2404	2252	2127	2012	
124	1194	95.0	95.0	1	0	0	2	934	1052	1318	1803	2325	2821	3168	3261	3255	3168	3004	2804	2609	2416	2287	2194	2185	2310	2516	2838	3080	3273	3291	3257	3116	2996	2827	2613	2411	2280	2131	2015	
124	1211	95.0	95.0	1	0	0	2	934	1052	1330	1796	2348	2825	3160	3281	3246	3156	3003	2803	2630	2407	2274	2196	2182	2300	2554	2827	3043	3253	3281	3197	3129	2966	2821	2618	2427	2270	2137	2006	
124	1229	95.0	95.0	1	0	0	2	943	1043	1351	1802	2382	2824	3176	3258	3267	3129	2993	2806	2625	2414	2279	2206	2191	2292	2522	2806	3099	3248	3317	3263	3097	2983	2803	2611	2452	2233	2153	1984	
124	1246	95.0	95.0	1	0	0	2	937	1057	1320	1809	2350	2813	3156	3252	3241	3147	2991	2831	2597	2410	2271	2179	2172	2315	2526	2796	3062	3258	3281	3264	3092	2967	2807	2591	2447	2241	2137	2007	
124	1263	94.9	95.0	1	0	0	2	931	1059	1356	1795	2345	2829	3137	3278	3250	3134	2968	2793	2621	2414	2280	2188	2160	2295	2551	2793	3048	3229	3297	3275	3109	2925	2813	2576	2408	2273	2149	2001	
124	1280	95.0	95.0	1	0	0	2	929	1062	1337	1812	2337	2818	3202	3265	3279	3163	3018	2807	2640	2464	2289	2169	2189	2303	2505	2803	3078	3224	3296	3279	3132	2944	2790	2607	2437	2283	2151	2002	
124	1327	94.9	95.0	1	1	0	2	938	1051	1346	1799	2361	2816	3188	3246	3267	3164	2997	2813	2650	2435	2298	2218	2182	2321	2491	2837	3051	3232	3256	3224	3127	2945	2826	2606	2410	2291	2136	2032	
124	1390	59.9	60.1	1	1	1	2	1026	1235	1840	2772	3856	4727	5379	5464	5340	5024	4670	4316	3914	3498	3232	2955	2838	2878	3063	3455	3742	4026	4045	3974	3835	3571	3380	3063	2834	2600	2424	2280	
124	1408	59.9	60.0	1	1	1	2	1003	1260	1853	2782	3844	4714	5319	5410	5306	5017	4684	4268	3883	3485	3226	2965	2822	2867	3087	3403	3739	3970	4055	3960	3794	3565	3324	3074	2796	2599	2428	2254	
124	1425	59.9	60.0	1	1	1	2	1012	1257	1852	2747	3872	4664	5336	5404	5291	4996	4643	4255	3885	3486	3204	2924	2819	2881	3066	3425	3717	3950	4033	3955	3753	3513	3304	3053	2814	2572	2417	2220	
124	1442	59.9	60.0	1	1	1	2	1026	1252	1839	2769	3840	4697	5365	5433	5306	5009	4656	4264	3886	3500	3205	2974	2793	2866	3049	3418	3725	3951	4034	3956	3755	3563	3302	3028	2803	2564	2418	2270	
124	1459	60.0	60.0	1	1	1	2	1008	1256	1865	2747	3864	4733	5334	5375	5354	4985	4638	4271	3869	3508	3219	2977	2818	2896	3079	3374	3737	3990	4023	3951	3785	3548	3299	3034	2807	2564	2384	2221	
124	1477	60.0	60.0	1	1	1	2	1035	1241	1840	2758	3811	4712	5309	5376	5348	4980	4650	4296	3882	3488	3205	2983	2804	2864	3076	3415	3686	3937	4006	3957	3805	3576	3317	3036	2795	2551	2407	2238	
124	1494	59.9	60.0	1	1	1	2	1027	1254	1838	2761	3803	4675	5288	5482	5274	4970	4630	4262	3860	3473	3198	2952	2829	2857	3076	3383	3711	3982	4013	3923	3769	3485	3311	3031	2795	2559	2393	2249	
124	1556	95.0	95.1	2	1	0	2	916	1047	1333	1789	2329	2772	3155	3213	3216	3113	2936	2793	2580	2380	2240	2172	2137	2262	2467	2732	2984	3186	3198	3187	3042	2921	2749	2558	2400	2187	2112	1974	
124	1574	95.0	95.0	2	1	1	2	932	1042	1317	1784	2328	2779	3118	3205	3169	3096	2924	2760	2563	2369	2228	2173	2127	2263	2482	2743	2975	3165	3232	3178	3017	2889	2716	2560	2408	2215	2100	2001	
124	1635	59.9	60.1	2	1	1	2	1022	1243	1827	2738	3793	4677	5222	5380	5252	4941	4598	4242	3840	3477	3214	2918	2808	2871	3042	3422	3711	3911	4029	3934	3773	3538	3317	3037	2795	2586	2404	2239	
124	1652	59.9	60.0	2	1	1	2	1020	1249	1871	2741	3812	4710	5293	5363	5287	4987	4611	4239	3857	3476	3188	2905	2784	2882	3064	3372	3684	3932	4024	3960	3775	3527	3307	3026	2828	2547	2410	2237	
124	1669	59.9	60.0	2	1	1	2	1005	1249	1840	2736	3821	4700	5320	5422	5265	5031	4631	4255	3868	3461	3172	2922	2790	2863	3064	3394	3696	3928	3993	3966	3761	3551	3287	3012	2798	2542	2371	2238	
124	1686	59.9	60.0	2	1	1	2	1015	1249	1840	2759	3833	4708	5307	5386	5235	4961	4616	4292	3898	3469	3192	2952	2818	2844	3031	3350	3713	3984	4029	3956	3793	3521	3309	3030	2793	2551	2397	2276	
124	1703	59.9	60.0	2	1	1	2	1020	1253	1828	2779	3864	4719	5317	5395	5289	4972	4637	4301	3885	3512	3187	2944	2827	2886	3066	3371	3696	3939	4048	3921	3737	3546	3315	3030	2789	2570	2398	2224	
124	1721	60.0	60.0	2	1	1	2	1003	1240	1858	2765	3828	4665	5305	5407	5307	4990	4616	4260	3859	3430	3165	2943	2803	2840	3028	3360	3721	3957	3996	3946	3756	3520	3315	3064	2816	2560	2394	2250	
124	1738	59.9	60.0	2	1	1	2	1015	1252	1842	2759	3815	4689	5304	5381	5250	4967	4609	4254	3867	3470	3177	2940	2778	2865	3011	3429	3712	3951	4042	3926	3765	3512	3280	3035	2783	2568	2394	2238	
124	1801	95.0	95.0	3	1	0	2	938	1036	1324	1792	2325	2754	3106	3212	3218	3094	2950	2764	2549	2398	2252	2144	2148	2269	2474	2728	3020	3178	3243	3187	3053	2922	2735	2558	2407	2228	2122	1980	
124	1818	95.0	95.0	3	1	1	2	951	1036	1330	1753	2324	2740	3092	3166	3180	3064	2924	2760	2563	2378	2244	2154	2137	2261	2444	2736	2982	3148	3201	3130	3038	2936	2764	2521	2392	2205	2103	1973	
124	1879	59.9	60.1	3	1	1	2	1023	1236	1843	2727	3802	4590	5224	5316	5230	4925	4651	4230	3843	3489	3152	2898	2797	2848	3034	3376	3684	3912	3974	3911	3713	3527	3299	3036	2763	2556	2398	2224	
124	1896	59.9	60.0	3	1	1	2	1017	1233	1842	2755	3834	4664	5323	5327	5242	4994	4629	4232	3820	3485	3143	2930	2783	2841	3021	3367	3709	3950	3984	3932	3729	3501	3297	3055	2780	2557	2412	2211	
124	1913	60.0	60.0	3	1	1	2	1022	1229	1826	2749	3814	4661	5272	5325	5252	4976	4599	4271	3847	3471	3158	2927	2797	2857	3060	3381	3702	3944	3987	3899	3772	3540	3296	2997	2788	2556	2372	2215	
124	1930	60.0	60.0	3	1	1	2	1023	1245	1840	2757	3867	4714	5283	5375	5295	4964	4659	4269	3865	3479	3170	2950	2788	2844	3029	3389	3692	3970	4016	3965	3758	3543	3292	3037	2785	2587	2421	2226	
124	1948	60.0	60.0	3	1	1	2	1014	1262	1824	2751	3833	4707	5339	5426	5280	5013	4623	4241	3875	3476	3172	2916	2805	2862	3051	3382	3662	3972	4002	3916	3753	3555	3256	3027	2792	2557	2372	2251	
124	1965	59.9	60.0	3	1	1	2	1021	1220	1869	2743	3845	4653	5270	5330	5275	4945	4599	4227	3822	3465	3164	2930	2787	2854	3028	3356	3697	3933	4022	3925	3727	3525	3296	3049	2789	2556	2404	2252	
124	1982	60.0	60.0	3	1	1	2	1014	1258	1840	2764	3823	4677	5271	5385	5268	4962	4607	4269	3847	3468	3189	2910	2774	2854	3039	3393	3696	3956	3998	3913	3748	3500	3295	2996	2772	2556	2407	2260	
124	2047	94.9	95.1	4	1	0	2	929	1047	1337	1782	2316	2763	3122	3211	3157	3073	2934	2766	2553	2372	2269	2138	2168	2224	2445	2754	2977	3189	3204	3181	3056	2881	2720	2538	2362	2207	2108	1973	
124	2064	95.0	95.0	4	1	1	2	940	1026	1343	1777	2314	2737	3077	3185	3198	3041	2901	2726	2560	2359	2251	2151	2161	2239	2460	2740	2988	3159	3198	3158	3040	2881	2738	2534	2360	2207	2088	1951	
124	2127	59.9	60.1	4	1	1	2	1005	1222	1811	2711	3826	4620	5276	5316	5236	4896	4591	4220	3827	3454	3182	2954	2761	2814	3047	3375	3680	3877	3972	3890	3728	3516	3273	3014	2783	2543	2359	2225	
124	2144	60.0	60.0	4	1	1	2	1003	1259	1818	2733	3809	4645	5277	5319	5239	4950	4537	4232	3803	3457	3177	2922	2794	2827	3044	3353	3663	3948	3975	3884	3690	3496	3289	3004	2784	2553	2385	2254	
124	2161	59.9	60.0	4	1	1	2	1005	1227	1835	2744	3828	4665	5268	5375	5263	4981	4584	4253	3835	3473	3164	2883	2791	2825	3045	3347	3637	3909	3973	3939	3748	3536	3328	3023	2797	2564	2416	2223	
124	2179	60.0	60.0	4	1	1	2	992	1238	1836	2759	3831	4700	5303	5367	5207	5009	4622	4244	3877	3490	3169	2967	2790	2864	3023	3392	3704	3936	3996	3886	3726	3529	3296	3017	2784	2541	2401	2232	
124	2196	60.0	60.0	4	1	1	2	1022	1229	1820	2741	3813	4645	5246	5366	5267	4955	4580	4232	3847	3485	3133	2912	2807	2806	3031	3372	3674	3921	3977	3882	3715	3500	3283	3046	2784	2534	2387	2215	
124	2213	60.0	60.0	4	1	1	2	1014	1239	1827	2745	3812	4648	5305	5311	5237	4933	4584	4222	3825	3456	3133	2894	2799	2825	3005	3360	3684	3883	3949	3879	3690	3506	3268	3007	2762	2545	2362	2219	
124	2230	60.0	60.0	4	1	1	2	1024	1238	1823	2763	3832	4660	5285	5351	5272	4952	4624	4204	3806	3454	3170	2918	2779	2802	3051	3352	3668	3943	3969	3899	3716	3518	3297	3015	2785	2554	2372	2232	
124	2293	95.1	95.1	5	1	0	2	946	1043	1305	1777	2277	2737	3096	3201	3189	3078	2946	2739	2539	2371	2245	2146	2143	2251	2452	2742	2961	3185	3208	3179	3025	2887	2768	2536	2373	2211	2099	1979	
124	2310	95.0	95.0	5	1	1	2	936	1067	1336	1772	2232	2723	3070	3163	3148	3062	2896	2718	2528	2351	2233	2133	2102	2233	2424	2713	2939	3158	3191	3160	3028	2892	2703	2550	2365	2176	2061	1925	
124	2373	59.9	60.1	5	1	1	2	1017	1252	1818	2725	3804	4614	5212	5258	5248	4901	4545	4195	3828	3453	3140	2909	2801	2829	3032	3346	3638	3888	3964	3877	3703	3492	3271	2997	2782	2530	2356	2216	
124	2390	59.9	60.0	5	1	1	2	1023	1232	1828	2722	3772	4603	5210	5341	5186	4902	4547	4216	3806	3431	3162	2892	2772	2841	2986	3358	3630	3901	3954	3882	3716	3474	3284	3000	2776	2547	2372	2190	
124	2407	59.9	60.0	5	1	1	2	1002	1231	1869	2720	3789	4650	5271	5362	5273	4915	4582	4167	3792	3462	3165	2934	2783	2830	3050	3357	3637	3919	3971	3899	3719	3507	3282	3004	2768	2551	2392	2213	
124	2425	60.0	60.0	5	1	1	2	1016	1246	1838	2755	3848	4696	5292	5341	5264	4923	4650	4230	3830	3483	3174	2927	2842	2821	3037	3373	3669	3922	3986	3923	3769	3495	3286	3026	2792	2526	2379	2222	
124	2442	59.9	60.0	5	1	1	2	1019	1247	1841	2751	3820	4721	5247	5368	5237	4960	4601	4216	3845	3474	3186	2911	2792	2822	3013	3370	3703	3885	3980	3854	3756	3517	3283	3011	2789	2541	2371	2226	
124	2459	60.0	60.0	5	1	1	2	1011	1240	1836	2749	3795	4653	5227	5297	5210	4879	4621	4210	3822	3442	3136	2939	2746	2822	3024	3338	3657	3863	3941	3868	3679	3489	3259	2998	2773	2543	2364	2247	
124	2476	59.9	60.0	5	1	1	2	1019	1236	1836	2722	3802	4624	5196	5290	5206	4911	4567	4185	3815	3451	3155	2860	2775	2815	3005	3358	3654	3909	3975	3904	3696	3499	3293	2996	2769	2525	2347	2235	
124	2541	95.0	95.1	6	1	0	2	928	1042	1320	1718	2284	2740	3076	3166	3207	3037	2909	2746	2554	2373	2209	2115	2128	2242	2445	2732	2937	3138	3189	3152	2998	2874	2691	2530	2373	2185	2086	1967	
124	2558	95.0	95.0	6	1	1	2	932	1042	1344	1757	2266	2718	3097	3202	3173	3080	2897	2747	2547	2360	2235	2132	2113	2260	2425	2677	2941	3121	3180	3131	2985	2868	2721	2510	2363	2201	2088	1947	
124	2621	59.9	60.1	6	1	1	2	1003	1234	1839	2715	3742	4587	5196	5321	5179	4876	4523	4192	3765	3445	3147	2896	2803	2775	3020	3345	3612	3873	3930	3862	3710	3464	3236	3002	2752	2535	2369	2227	
124	2638	59.9	60.0	6	1	1	2	993	1244	1862	2710	3750	4632	5238	5330	5207	4902	4540	4196	3791	3458	3108	2896	2748	2820	3001	3344	3624	3860	3969	3864	3670	3512	3267	2970	2764	2530	2396	2213	
124	2655	60.0	60.0	6	1	1	2	1011	1233	1813	2707	3802	4628	5224	5293	5194	4936	4552	4216	3804	3436	3102	2910	2748	2836	2995	3354	3640	3894	3959	3870	3674	3468	3286	2972	2767	2506	2396	2209	
124	2673	59.9	60.0	6	1	1	2	1009	1248	1834	2719	3844	4638	5267	5321	5228	4920	4585	4210	3857	3467	3147	2894	2745	2824	3015	3327	3649	3891	3944	3917	3739	3492	3250	3007	2756	2524	2393	2210	
124	2690	60.0	60.0	6	1	1	2	1011	1246	1841	2744	3787	4622	5191	5312	5215	4941	4575	4169	3830	3461	3147	2943	2750	2826	3024	3386	3636	3872	3941	3864	3699	3467	3283	2987	2756	2533	2374	2222	
124	2707	60.0	60.0	6	1	1	2	998	1242	1844	2704	3772	4607	5218	5240	5208	4877	4544	4180	3774	3415	3130	2892	2757	2811	3016	3315	3661	3868	3944	3823	3702	3499	3220	2976	2757	2510	2370	2204	
124	2724	60.0	60.0	6	1	1	2	1001	1246	1825	2697	3782	4602	5221	5305	5156	4933	4518	4162	3812	3425	3119	2919	2732	2798	3014	3350	3639	3896	3942	3896	3692	3468	3258	2980	2764	2541	2360	2214	
124	2789	94.9	95.1	7	1	0	2	931	1037	1312	1773	2294	2748	3032	3175	3153	3054	2918	2722	2526	2344	2237	2148	2112	2252	2446	2725	2942	3161	3144	3140	3010	2862	2725	2539	2352	2177	2072	1953	
124	2806	95.0	95.0	7	1	1	2	911	1054	1301	1771	2275	2716	3042	3179	3166	3054	2880	2747	2511	2352	2204	2121	2106	2220	2454	2664	2938	3079	3179	3128	2986	2841	2739	2479	2334	2154	2099	1924	
124	2869	59.9	60.1	7	1	1	2	1004	1237	1819	2703	3754	4638	5179	5276	5181	4942	4523	4193	3794	3419	3077	2867	2783	2825	3001	3348	3607	3897	3906	3845	3663	3470	3284	2974	2723	2492	2369	2209	
124	2886	59.9	60.0	7	1	1	2	1001	1232	1796	2698	3763	4581	5165	5275	5143	4898	4517	4165	3759	3427	3107	2898	2720	2817	3023	3308	3589	3853	3911	3846	3658	3491	3245	2970	2724	2503	2338	2228	
124	2903	60.0	60.0	7	1	1	2	997	1224	1807	2693	3785	4631	5205	5300	5225	4902	4580	4161	3788	3427	3128	2892	2749	2809	3025	3351	3604	3874	3944	3893	3706	3468	3250	3006	2767	2544	2351	2164	
124	2921	60.0	60.0	7	1	1	2	1002	1240	1838	2753	3820	4636	5256	5306	5236	4897	4564	4228	3779	3461	3161	2900	2765	2814	3014	3329	3630	3870	3936	3846	3711	3519	3255	2982	2758	2542	2340	2223	
124	2938	60.0	60.0	7	1	1	2	1010	1231	1832	2704	3773	4584	5184	5274	5172	4894	4537	4165	3759	3419	3102	2858	2772	2785	3018	3323	3618	3877	3934	3838	3662	3485	3220	2974	2731	2527	2362	2184	
124	2955	59.9	60.0	7	1	1	2	1023	1245	1834	2732	3753	4592	5185	5264	5200	4848	4501	4173	3783	3442	3100	2892	2738	2820	2989	3290	3625	3844	3913	3863	3654	3465	3232	2979	2738	2499	2371	2206	
124	2972	60.0	60.0	7	1	1	2	1011	1230	1841	2710	3769	4592	5237	5262	5144	4875	4535	4134	3779	3394	3126	2868	2748	2798	3008	3322	3612	3820	3905	3847	3688	3475	3258	2964	2779	2502	2360	2196	
124	3037	94.9	95.1	8	1	0	2	914	1043	1323	1744	2304	2694	3089	3154	3184	3038	2879	2747	2530	2370	2217	2104	2120	2228	2433	2698	2933	3106	3166	3110	3007	2879	2735	2506	2344	2209	2076	1935	
124	3054	95.0	95.0	8	1	1	2	926	1035	1308	1754	2267	2723	3056	3161	3144	3017	2899	2698	2601	2360	2196	2115	2115	2215	2449	2690	2920	3101	3188	3084	3015	2838	2675	2493	2335	2188	2069	1942	
124	3117	59.9	60.1	8	1	1	2	1003	1227	1794	2682	3737	4555	5143	5224	5132	4791	4500	4149	3766	3413	3084	2868	2738	2775	2988	3312	3614	3860	3918	3835	3695	3463	3268	2967	2722	2514	2348	2184	
124	3134	59.9	60.0	8	1	1	2	1006	1226	1828	2700	3757	4601	5194	5258	5144	4888	4506	4172	3775	3416	3104	2868	2730	2780	2984	3326	3588	3846	3915	3875	3655	3474	3226	2944	2734	2514	2345	2198	
124	3152	60.0	60.0	8	1	1	2	1026	1229	1820	2691	3762	4588	5165	5249	5157	4877	4495	4177	3754	3400	3122	2869	2744	2835	3001	3291	3619	3819	3926	3860	3691	3475	3224	2983	2729	2514	2371	2146	
124	3169	60.0	60.0	8	1	1	2	995	1227	1802	2718	3752	4549	5174	5257	5151	4844	4544	4204	3774	3396	3094	2854	2751	2789	2974	3306	3610	3866	3898	3864	3660	3468	3215	2961	2736	2485	2332	2158	
124	3186	59.9	60.0	8	1	1	2	1006	1234	1813	2705	3726	4593	5177	5292	5112	4863	4499	4149	3796	3391	3103	2870	2718	2810	2970	3324	3556	3861	3879	3815	3665	3485	3230	2962	2742	2493	2357	2186	
124	3203	59.9	60.0	8	1	1	2	997	1228	1812	2690	3710	4564	5142	5206	5103	4850	4459	4132	3768	3361	3090	2851	2752	2795	2997	3314	3596	3831	3906	3797	3630	3449	3237	2933	2712	2525	2320	2179	
124	3221	60.0	60.0	8	1	1	2	1018	1221	1810	2691	3736	4561	5132	5224	5128	4843	4516	4151	3779	3393	3079	2869	2751	2772	2990	3313	3608	3826	3933	3825	3630	3457	3222	2956	2746	2494	2346	2187	
124	3283	94.9	95.0	9	1	0	2	917	1027	1309	1751	2274	2719	3030	3137	3153	3052	2869	2694	2506	2346	2203	2107	2082	2202	2399	2667	2942	3112	3160	3087	2988	2832	2668	2488	2351	2154	2081	1932	
124	3300	95.0	95.0	9	1	1	2	933	1035	1317	1738	2269	2713	3027	3140	3113	3000	2863	2736	2502	2370	2191	2097	2100	2209	2390	2688	2905	3086	3126	3076	2966	2838	2710	2478	2322	2128	2064	1912	
124	3363	60.0	60.1	9	1	1	2	1009	1236	1808	2687	3693	4513	5106	5200	5135	4744	4475	4102	3734	3359	3083	2846	2722	2766	2947	3313	3585	3823	3878	3797	3645	3438	3187	2951	2705	2492	2337	2179	
124	3380	59.9	60.0	9	1	1	2	1016	1212	1788	2672	3705	4527	5114	5199	5103	4823	4461	4113	3759	3387	3106	2867	2725	2770	2944	3293	3573	3804	3873	3816	3633	3404	3197	2936	2733	2507	2329	2178	
124	3398	59.9	60.0	9	1	1	2	983	1227	1825	2716	3750	4538	5152	5268	5080	4833	4523	4130	3750	3402	3074	2891	2716	2780	2934	3287	3626	3841	3901	3865	3632	3420	3205	2934	2706	2524	2345	2168	
124	3415	60.0	60.0	9	1	1	2	995	1244	1810	2694	3663	4553	5156	5248	5156	4813	4503	4112	3766	3382	3088	2908	2747	2782	2934	3312	3581	3829	3899	3810	3622	3464	3230	2932	2726	2478	2333	2196	
124	3432	60.0	60.0	9	1	1	2	1008	1243	1786	2696	3718	4537	5114	5190	5092	4810	4466	4112	3725	3357	3065	2852	2726	2762	2949	3255	3557	3829	3812	3825	3607	3440	3181	2917	2715	2503	2340	2179	
124	3449	59.9	60.0	9	1	1	2	1002	1248	1794	2675	3671	4532	5161	5190	5024	4795	4459	4101	3716	3363	3094	2850	2727	2769	2961	3270	3550	3793	3856	3773	3611	3409	3178	2943	2725	2478	2316	2195	
124	3467	60.0	60.0	9	1	1	2	997	1235	1794	2652	3691	4490	5104	5158	5031	4798	4412	4102	3724	3344	3084	2840	2709	2736	2947	3214	3550	3790	3851	3764	3650	3390	3212	2898	2718	2471	2331	2155	
124	3531	94.9	95.1	10	1	0	2	934	1028	1310	1754	2281	2700	2995	3145	3119	3003	2839	2704	2482	2331	2160	2096	2103	2205	2409	2642	2880	3084	3157	3081	2940	2803	2660	2472	2261	2173	2042	1917	
124	3548	95.0	95.0	10	1	1	2	927	1054	1320	1739	2247	2662	3017	3096	3116	2986	2852	2657	2508	2310	2179	2074	2082	2183	2390	2678	2882	3077	3112	3073	2936	2803	2676	2487	2307	2155	2038	1935	
124	3611	60.0	60.1	10	1	1	2	1000	1237	1809	2673	3700	4492	5142	5204	5088	4790	4422	4081	3742	3370	3058	2839	2712	2784	2948	3252	3562	3795	3865	3805	3628	3408	3215	2916	2727	2510	2304	2190	
124	3629	59.9	60.0	10	1	1	2	981	1226	1806	2634	3675	4534	5099	5171	5098	4792	4449	4072	3757	3348	3091	2831	2740	2787	2961	3263	3558	3796	3826	3779	3612	3397	3190	2953	2738	2489	2329	2175	
124	3646	60.0	60.0	10	1	1	2	987	1235	1822	2666	3721	4540	5129	5176	5089	4780	4463	4092	3746	3394	3072	2804	2705	2780	2958	3300	3541	3811	3863	3792	3627	3436	3205	2935	2703	2507	2323	2168	
124	3663	60.0	60.0	10	1	1	2	1015	1231	1796	2672	3709	4535	5119	5200	5100	4856	4484	4126	3714	3353	3081	2852	2701	2791	2965	3300	3570	3851	3875	3789	3624	3414	3220	2938	2715	2479	2346	2200	
124	3680	59.9	60.0	10	1	1	2	1008	1223	1803	2687	3725	4490	5146	5189	5080	4773	4462	4121	3712	3374	3065	2872	2722	2765	2948	3264	3590	3826	3888	3800	3637	3406	3198	2947	2706	2489	2323	2166	
124	3698	59.9	60.0	10	1	1	2	991	1232	1786	2716	3714	4535	5060	5156	5053	4777	4440	4069	3709	3392	3080	2832	2689	2754	2942	3262	3588	3802	3803	3762	3621	3409	3196	2952	2695	2469	2325	2155	
124	3715	60.0	60.0	10	1	1	2	994	1219	1800	2625	3680	4507	5106	5148	5053	4815	4427	4044	3716	3336	3061	2828	2704	2755	2941	3256	3531	3777	3865	3808	3633	3401	3155	2905	2716	2453	2297	2161	
124	3779	94.9	95.1	11	1	0	2	945	1052	1293	1746	2272	2707	3034	3124	3130	3050	2859	2660	2497	2303	2209	2108	2085	2173	2449	2665	2888	3072	3140	3087	2946	2822	2652	2459	2358	2138	2033	1938	
124	3797	95.0	95.0	11	1	1	2	929	1047	1296	1733	2239	2685	3030	3068	3096	3026	2887	2692	2489	2301	2189	2104	2083	2172	2389	2659	2871	3081	3098	3057	2931	2791	2665	2472	2298	2148	2016	1936	
124	3859	60.0	60.1	11	1	1	2	999	1216	1785	2650	3651	4526	5064	5152	5073	4764	4458	4083	3691	3337	3066	2857	2722	2731	2954	3288	3547	3793	3818	3803	3604	3386	3171	2936	2697	2483	2309	2167	
124	3877	59.9	60.0	11	1	1	2	1000	1229	1805	2656	3691	4497	5061	5158	5076	4784	4417	4086	3727	3364	3083	2846	2706	2746	2959	3266	3547	3768	3839	3792	3596	3408	3204	2920	2704	2495	2331	2169	
124	3894	60.0	60.0	11	1	1	2	1019	1230	1805	2675	3740	4533	5136	5152	5058	4826	4460	4131	3705	3346	3102	2845	2708	2776	2945	3269	3523	3791	3839	3763	3625	3415	3213	2945	2729	2481	2321	2186	
124	3911	60.0	60.0	11	1	1	2	1006	1223	1824	2662	3734	4525	5111	5158	5067	4793	4438	4075	3742	3355	3036	2857	2703	2733	2939	3250	3578	3793	3865	3800	3613	3398	3206	2929	2691	2483	2346	2176	
124	3928	60.0	60.0	11	1	1	2	1015	1234	1785	2663	3652	4543	5067	5166	5047	4800	4438	4064	3749	3340	3063	2814	2692	2737	2911	3253	3590	3777	3825	3792	3621	3406	3192	2905	2684	2473	2313	2176	
124	3946	60.0	60.0	11	1	1	2	1004	1218	1787	2653	3673	4512	5066	5197	5106	4784	4394	4040	3713	3379	3070	2829	2682	2765	2937	3321	3536	3799	3868	3792	3629	3378	3190	2939	2677	2427	2312	2168	
124	3963	60.0	60.0	11	1	1	2	1016	1231	1800	2647	3690	4487	5071	5157	5049	4774	4457	4106	3674	3351	3059	2837	2727	2746	2941	3258	3512	3784	3860	3759	3580	3406	3186	2904	2706	2474	2334	2158	
124	4025	95.1	95.1	12	1	0	2	937	1029	1314	1736	2257	2681	2971	3134	3119	2997	2866	2711	2495	2295	2180	2094	2081	2208	2396	2646	2879	3039	3102	3061	2923	2797	2635	2483	2290	2174	2019	1927	
124	4043	95.0	95.0	12	1	1	2	925	1035	1306	1750	2224	2658	3018	3103	3088	2955	2832	2678	2461	2297	2170	2064	2063	2200	2357	2664	2867	3057	3085	3036	2931	2811	2664	2432	2314	2151	2008	1882	
124	4105	59.9	60.1	12	1	1	2	1010	1214	1782	2653	3672	4476	5043	5135	5077	4751	4394	4055	3670	3362	3027	2822	2710	2740	2936	3241	3544	3774	3851	3752	3611	3382	3168	2929	2700	2457	2285	2166	
124	4123	59.9	60.0	12	1	1	2	1004	1233	1774	2654	3677	4468	5095	5141	5095	4779	4423	4050	3685	3360	3062	2830	2699	2748	2980	3224	3545	3814	3838	3776	3599	3404	3177	2924	2704	2446	2324	2151	
124	4140	60.0	60.0	12	1	1	2	1004	1252	1782	2658	3649	4517	5054	5160	5041	4759	4440	4068	3692	3340	3057	2840	2716	2736	2934	3258	3571	3765	3842	3813	3579	3419	3223	2886	2696	2478	2314	2155	
124	4157	60.0	60.0	12	1	1	2	1008	1226	1796	2656	3710	4517	5120	5190	5055	4754	4450	4082	3715	3314	3066	2829	2698	2741	2947	3250	3548	3807	3820	3768	3588	3388	3175	2919	2700	2464	2333	2172	
124	4174	60.0	60.0	12	1	1	2	987	1230	1828	2640	3687	4488	5078	5141	5070	4788	4403	4067	3700	3347	3073	2831	2709	2763	2948	3271	3543	3752	3825	3799	3606	3390	3178	2921	2711	2434	2300	2163	
124	4192	60.0	60.0	12	1	1	2	1000	1225	1791	2654	3654	4434	5037	5130	4995	4749	4417	4039	3693	3326	3042	2774	2704	2729	2934	3218	3545	3755	3839	3764	3555	3376	3136	2892	2678	2443	2316	2132	
124	4209	60.0	60.0	12	1	1	2	996	1215	1800	2706	3659	4500	5026	5155	5049	4756	4399	4056	3681	3361	3041	2808	2694	2723	2938	3240	3516	3803	3812	3755	3606	3352	3151	2899	2681	2464	2326	2141	
124	4271	94.9	95.0	13	1	0	2	943	1037	1312	1733	2251	2671	3021	3109	3135	3031	2847	2699	2487	2301	2168	2076	2106	2151	2386	2660	2875	3082	3102	3024	2948	2828	2647	2484	2309	2161	2049	1913	
124	4288	95.0	95.0	13	1	0	2	929	1037	1312	1725	2245	2701	3003	3107	3083	2948	2834	2662	2473	2288	2172	2102	2043	2193	2362	2640	2848	3047	3082	3070	2956	2778	2673	2442	2309	2128	2044	1914	
124	4351	60.0	60.1	13	1	1	2	998	1222	1793	2650	3667	4485	5055	5122	5040	4787	4415	4066	3707	3329	3017	2831	2673	2750	2937	3262	3529	3780	3846	3747	3587	3426	3169	2878	2702	2453	2321	2145	
124	4368	59.9	60.0	13	1	1	2	1004	1209	1772	2653	3659	4459	5066	5117	5030	4738	4373	4064	3674	3343	3038	2845	2723	2744	2928	3235	3522	3719	3841	3759	3570	3370	3163	2880	2680	2470	2342	2139	
124	4385	60.0	60.0	13	1	1	2	987	1251	1788	2652	3678	4504	5029	5144	5010	4774	4435	4039	3689	3356	3054	2846	2686	2771	2953	3236	3543	3761	3840	3808	3614	3365	3167	2905	2688	2444	2312	2167	
124	4402	60.0	60.0	13	1	1	2	1008	1222	1797	2636	3671	4481	5139	5191	5044	4787	4473	4096	3708	3341	3086	2841	2728	2736	2947	3298	3526	3790	3848	3798	3614	3380	3170	2923	2650	2456	2378	2153	
124	4420	60.0	60.0	13	1	1	2	999	1223	1797	2667	3699	4522	5056	5156	5069	4742	4439	4057	3672	3315	3055	2832	2707	2761	2931	3226	3560	3757	3816	3755	3597	3357	3176	2905	2711	2472	2323	2147	
124	4437	59.9	60.0	13	1	1	2	1019	1224	1780	2630	3666	4499	4997	5178	5046	4711	4429	4050	3672	3324	3046	2805	2698	2723	2905	3253	3523	3774	3815	3755	3572	3376	3159	2874	2654	2452	2326	2144	
124	4454	60.0	60.0	13	1	1	2	1009	1209	1784	2633	3671	4464	5041	5110	5015	4750	4405	4031	3659	3355	3073	2808	2677	2716	2930	3226	3493	3781	3831	3741	3580	3380	3146	2907	2670	2450	2321	2164	
124	4517	95.0	95.0	14	1	0	2	922	1038	1299	1743	2242	2694	3016	3088	3084	2988	2868	2644	2471	2303	2202	2078	2078	2186	2383	2663	2832	3029	3081	3061	2928	2783	2660	2464	2295	2159	2031	1933	
124	4534	95.0	95.0	14	1	0	2	925	1022	1324	1722	2264	2660	2994	3058	3053	2975	2833	2649	2481	2334	2147	2095	2064	2198	2350	2639	2864	3031	3070	3039	2920	2780	2632	2446	2301	2150	2015	1886	
124	4597	60.0	60.1	14	1	1	2	990	1214	1799	2646	3650	4421	4995	5151	4976	4742	4389	4017	3701	3327	3038	2820	2659	2743	2913	3244	3505	3746	3818	3750	3569	3390	3188	2896	2673	2433	2287	2149	
124	4614	59.9	60.0	14	1	1	2	994	1224	1784	2689	3623	4455	5031	5090	4997	4738	4341	4026	3676	3298	3014	2816	2689	2734	2918	3207	3533	3742	3783	3769	3587	3367	3157	2893	2672	2461	2306	2150	
124	4631	60.0	60.0	14	1	1	2	1007	1230	1780	2648	3706	4502	5072	5154	5068	4721	4441	4061	3668	3329	3022	2805	2705	2738	2930	3247	3533	3760	3809	3727	3594	3387	3168	2909	2688	2478	2347	2156	
124	4648	60.0	60.0	14	1	1	2	996	1222	1769	2686	3682	4479	5060	5166	5044	4745	4448	4076	3715	3335	3052	2826	2686	2737	2904	3266	3526	3777	3834	3791	3621	3374	3160	2911	2688	2458	2295	2146	
124	4666	59.9	60.0	14	1	1	2	1000	1211	1792	2641	3673	4456	5025	5090	5025	4715	4423	4064	3679	3318	3058	2825	2684	2719	2872	3228	3511	3753	3813	3740	3601	3387	3150	2854	2683	2456	2309	2140	
124	4683	59.9	60.0	14	1	1	2	992	1228	1791	2657	3619	4427	5026	5112	5044	4711	4385	4048	3672	3324	3080	2778	2682	2709	2926	3242	3508	3726	3802	3774	3571	3374	3162	2879	2697	2435	2296	2159	
124	4700	60.0	60.0	14	1	1	2	1000	1209	1787	2660	3654	4446	4989	5129	4977	4737	4389	4034	3668	3352	3021	2797	2703	2733	2908	3221	3516	3761	3823	3715	3593	3370	3121	2922	2670	2464	2305	2156	
124	4765	94.9	95.1	15	1	0	2	929	1034	1308	1723	2245	2692	2975	3090	3099	2955	2812	2678	2468	2307	2139	2094	2072	2179	2354	2634	2869	3050	3089	3059	2906	2772	2655	2435	2279	2150	2028	1907	
124	4782	95.0	95.0	15	1	0	2	928	1035	1314	1714	2230	2628	2996	3090	3086	2989	2800	2654	2482	2296	2164	2078	2047	2164	2390	2632	2813	3038	3065	3046	2885	2797	2642	2438	2294	2127	2019	1900	
124	4845	59.9	60.1	15	1	1	2	1038	1219	1755	2649	3613	4448	5027	5091	5005	4688	4370	4060	3673	3329	3000	2810	2696	2685	2904	3214	3502	3732	3793	3743	3571	3355	3148	2860	2661	2451	2295	2147	
124	4862	59.9	60.0	15	1	1	2	1010	1209	1754	2620	3644	4452	5019	5078	4970	4717	4408	4042	3663	3300	3020	2806	2660	2705	2922	3215	3512	3762	3820	3759	3555	3359	3176	2870	2665	2448	2308	2140	
124	4879	59.9	60.0	15	1	1	2	1012	1200	1785	2602	3623	4464	4993	5104	5017	4726	4392	4027	3680	3284	3039	2803	2678	2730	2937	3211	3520	3737	3802	3753	3578	3395	3124	2908	2688	2431	2282	2132	
124	4897	59.9	60.0	15	1	1	2	1001	1191	1781	2615	3696	4464	5062	5117	5018	4735	4425	4048	3702	3326	3083	2815	2704	2725	2941	3242	3542	3748	3837	3750	3584	3382	3154	2917	2650	2441	2310	2158	
124	4914	59.9	60.0	15	1	1	2	1008	1218	1784	2632	3649	4446	4988	5070	5016	4720	4385	4032	3665	3305	3069	2813	2661	2733	2902	3224	3523	3737	3799	3752	3549	3349	3143	2872	2687	2463	2314	2144	
124	4931	60.0	60.0	15	1	1	2	999	1210	1770	2620	3663	4438	4981	5050	4980	4713	4341	4018	3652	3264	3047	2781	2658	2689	2892	3209	3494	3724	3791	3734	3552	3356	3161	2881	2659	2431	2283	2114	
124	4948	60.0	60.0	15	1	1	2	983	1223	1793	2609	3628	4432	5012	5079	4980	4701	4384	4044	3682	3295	2967	2813	2660	2734	2882	3238	3496	3720	3802	3733	3543	3379	3147	2880	2667	2434	2308	2153	
124	5013	94.9	95.1	16	1	0	2	932	1024	1304	1720	2252	2642	2992	3067	3064	2981	2817	2641	2461	2332	2142	2085	2053	2169	2337	2594	2844	3003	3084	3046	2908	2768	2645	2436	2290	2113	2008	1903	
124	5030	95.0	95.0	16	1	0	2	932	1025	1295	1705	2210	2633	2971	3097	3042	2917	2787	2629	2468	2284	2137	2050	2037	2129	2381	2624	2852	3034	3052	2989	2885	2761	2621	2453	2273	2128	2005	1872	
124	5093	60.0	60.1	16	1	1	2	992	1242	1811	2610	3655	4441	5016	5090	4970	4698	4362	4053	3661	3312	3025	2762	2670	2722	2942	3230	3498	3706	3799	3709	3555	3372	3136	2877	2671	2436	2305	2148	
124	5110	59.9	60.0	16	1	1	2	1009	1199	1764	2660	3635	4450	4994	5084	4966	4724	4346	4030	3644	3299	3030	2790	2659	2717	2916	3219	3492	3719	3818	3729	3552	3361	3138	2906	2690	2463	2295	2149	
124	5127	59.9	60.0	16	1	1	2	1008	1218	1780	2620	3678	4434	5043	5060	4996	4727	4383	4031	3653	3289	3059	2833	2657	2733	2906	3244	3517	3754	3787	3759	3590	3360	3160	2902	2687	2457	2328	2177	
124	5145	59.9	60.0	16	1	1	2	997	1213	1785	2629	3647	4445	5017	5102	4950	4700	4372	4013	3671	3298	3031	2792	2656	2746	2896	3214	3493	3747	3816	3742	3541	3358	3139	2879	2644	2441	2301	2137	
124	5162	60.0	60.0	16	1	1	2	992	1234	1774	2635	3598	4406	4987	5074	4966	4690	4370	4048	3680	3276	3036	2840	2689	2712	2870	3218	3509	3741	3814	3757	3560	3332	3134	2856	2668	2462	2278	2142	
124	5179	60.0	60.0	16	1	1	2	1002	1218	1783	2634	3622	4440	5006	5091	4954	4700	4361	4048	3647	3305	3030	2810	2656	2717	2916	3236	3508	3728	3771	3711	3560	3371	3133	2862	2675	2434	2279	2159	
124	5196	60.0	60.0	16	1	1	2	1000	1217	1772	2630	3629	4475	4984	5129	4943	4714	4375	4024	3644	3265	3007	2820	2695	2718	2886	3195	3524	3734	3791	3717	3543	3367	3142	2863	2700	2438	2293	2155	
124	5259	95.0	95.0	17	1	0	2	928	1042	1297	1726	2238	2658	2976	3085	3082	2960	2866	2646	2514	2310	2148	2093	2067	2156	2366	2645	2834	3043	3086	2988	2916	2776	2611	2434	2299	2146	1997	1886	
124	5276	95.0	95.0	17	1	0	2	914	1040	1298	1723	2201	2646	2973	3060	3070	2953	2807	2637	2471	2277	2154	2071	2061	2175	2357	2626	2847	3001	3080	3016	2917	2735	2621	2444	2289	2114	2027	1887	
124	5339	59.9	60.1	17	1	1	2	1005	1223	1790	2627	3645	4458	5017	5057	4990	4696	4369	4031	3662	3348	3012	2821	2662	2742	2916	3233	3511	3747	3776	3732	3575	3379	3159	2864	2689	2442	2311	2123	
124	5356	59.9	60.0	17	1	1	2	987	1217	1787	2616	3596	4429	4967	5063	4950	4712	4338	3964	3678	3268	3011	2820	2671	2715	2922	3201	3465	3704	3795	3717	3540	3360	3138	2901	2633	2431	2284	2162	
124	5373	59.9	60.0	17	1	1	2	986	1217	1774	2626	3673	4397	5035	5076	4970	4724	4408	4034	3655	3286	3015	2807	2646	2719	2957	3193	3507	3746	3792	3702	3576	3353	3139	2898	2649	2477	2296	2151	
124	5391	59.9	60.0	17	1	1	2	1001	1217	1782	2638	3651	4441	4994	5076	5026	4750	4388	4026	3640	3299	3004	2813	2697	2718	2881	3212	3517	3773	3802	3716	3529	3359	3146	2883	2683	2440	2258	2133	
124	5408	59.9	60.0	17	1	1	2	982	1214	1791	2634	3630	4440	4992	5070	4968	4725	4389	4015	3672	3298	3024	2768	2641	2719	2877	3224	3484	3753	3783	3727	3539	3328	3135	2870	2651	2447	2296	2135	
124	5425	60.0	60.0	17	1	1	2	1004	1215	1790	2611	3609	4401	4998	5044	4957	4662	4377	3975	3655	3279	3027	2740	2646	2697	2892	3188	3484	3715	3790	3701	3529	3342	3127	2881	2657	2433	2293	2138	
124	5442	60.0	60.0	17	1	1	2	997	1236	1791	2644	3672	4431	4946	5022	4952	4676	4375	3979	3669	3289	3004	2789	2668	2706	2911	3222	3507	3743	3779	3698	3558	3362	3135	2878	2649	2446	2291	2141	
124	5507	94.9	95.1	18	1	0	2	918	1055	1305	1708	2235	2670	2977	3051	3064	2956	2798	2641	2466	2295	2136	2076	2054	2144	2364	2633	2860	3037	3080	3021	2901	2768	2617	2440	2277	2134	2029	1896	
124	5524	95.0	95.0	18	1	0	2	924	1032	1290	1712	2197	2659	2975	3046	3041	2946	2812	2644	2426	2260	2152	2052	2037	2139	2325	2617	2843	2988	3024	2985	2918	2757	2599	2435	2292	2104	2021	1875	
124	5587	60.0	60.1	18	1	1	2	980	1217	1790	2626	3590	4419	4954	5049	4956	4697	4369	4024	3646	3281	2996	2766	2668	2701	2882	3221	3479	3702	3732	3701	3543	3316	3124	2868	2652	2465	2285	2142	
124	5604	59.9	60.0	18	1	1	2	987	1221	1800	2620	3591	4460	4996	5024	5014	4697	4349	4023	3670	3304	2997	2811	2668	2711	2884	3213	3509	3742	3768	3732	3571	3343	3149	2873	2659	2454	2280	2164	
124	5621	60.0	60.0	18	1	1	2	1024	1262	1751	2609	3652	4450	5012	5065	4977	4660	4383	3992	3692	3303	3042	2786	2659	2706	2904	3227	3493	3730	3783	3704	3525	3369	3154	2915	2702	2439	2272	2137	
124	5639	60.0	60.0	18	1	1	2	999	1208	1795	2628	3663	4439	4994	5121	4936	4703	4381	4028	3657	3298	3023	2801	2650	2719	2916	3222	3479	3737	3810	3761	3545	3381	3166	2892	2689	2436	2279	2178	
124	5656	60.0	60.0	18	1	1	2	999	1213	1804	2626	3625	4441	4953	5033	4966	4656	4325	4000	3643	3279	3004	2727	2668	2712	2901	3196	3472	3713	3793	3727	3559	3321	3115	2871	2662	2436	2282	2126	
124	5673	60.0	60.0	18	1	1	2	1003	1227	1780	2627	3593	4407	4955	5047	4972	4676	4334	3978	3645	3258	3008	2776	2666	2676	2880	3210	3471	3712	3765	3694	3523	3350	3081	2839	2611	2441	2307	2135	
124	5690	60.0	60.0	18	1	1	2	998	1214	1760	2592	3645	4397	4985	5045	4942	4664	4330	3958	3618	3260	3034	2786	2661	2715	2864	3198	3480	3668	3766	3698	3580	3333	3111	2872	2654	2442	2284	2149	
124	5755	95.0	95.1	19	1	0	2	933	1025	1299	1715	2239	2605	2956	3070	3041	2972	2799	2643	2454	2287	2153	2082	2058	2177	2332	2636	2854	3001	3053	3008	2915	2751	2609	2440	2309	2148	2012	1916	
124	5772	95.0	95.0	19	1	0	2	946	1017	1291	1711	2203	2655	2995	3075	3061	2948	2818	2647	2453	2242	2143	2058	2065	2147	2352	2608	2851	2989	3069	3006	2904	2747	2603	2434	2283	2138	2004	1863	
124	5835	59.9	60.1	19	1	1	2	993	1202	1764	2583	3606	4417	4971	5010	4944	4655	4375	3974	3629	3294	2995	2802	2656	2718	2889	3202	3467	3736	3778	3719	3544	3318	3112	2861	2619	2459	2293	2141	
124	5852	59.9	60.0	19	1	1	2	1003	1214	1757	2617	3640	4411	4963	5018	4936	4637	4337	4023	3624	3294	2982	2780	2645	2675	2887	3211	3456	3720	3744	3701	3553	3321	3125	2866	2632	2456	2268	2153	
124	5870	60.0	60.0	19	1	1	2	1002	1225	1762	2630	3651	4451	5021	5121	4956	4728	4350	4029	3642	3278	3012	2793	2662	2713	2913	3212	3484	3718	3822	3738	3517	3349	3146	2874	2653	2440	2321	2133	
124	5887	59.9	60.0	19	1	1	2	993	1238	1773	2615	3617	4417	5022	5071	4994	4748	4346	4014	3673	3270	2982	2788	2646	2742	2901	3217	3475	3762	3813	3728	3558	3338	3123	2902	2677	2427	2291	2111	
124	5904	60.0	60.0	19	1	1	2	998	1225	1769	2606	3628	4393	4940	5035	4947	4653	4341	3968	3637	3287	2993	2805	2647	2711	2887	3225	3436	3733	3747	3696	3525	3325	3131	2847	2656	2439	2267	2136	
124	5921	60.0	60.0	19	1	1	2	1000	1220	1761	2618	3606	4417	5000	5076	4930	4704	4397	3988	3655	3279	3042	2745	2669	2682	2859	3248	3489	3721	3779	3700	3520	3319	3141	2829	2637	2446	2301	2141	
124	5939	60.0	60.0	19	1	1	2	996	1202	1778	2635	3602	4376	5020	5015	4953	4680	4347	4011	3627	3269	2984	2782	2692	2717	2877	3149	3495	3706	3731	3725	3551	3340	3128	2859	2648	2437	2251	2140	
124	6003	95.0	95.1	20	1	0	2	920	1024	1321	1704	2220	2656	2997	3041	3055	2985	2824	2621	2446	2277	2135	2062	2042	2176	2328	2607	2825	3023	3054	2991	2863	2793	2569	2430	2268	2083	1997	1898	
124	6020	95.0	95.0	20	1	0	2	918	1053	1300	1718	2226	2624	2939	3055	3040	2961	2792	2624	2427	2265	2141	2060	2039	2143	2324	2597	2841	2993	3048	2980	2899	2758	2585	2440	2303	2119	2026	1885	
124	6083	59.8	60.1	20	1	1	2	989	1216	1784	2626	3601	4395	5001	4991	4969	4659	4390	3972	3688	3259	2975	2765	2676	2708	2888	3198	3503	3684	3726	3684	3512	3332	3118	2870	2658	2438	2272	2154	
124	6100	59.9	60.0	20	1	1	2	993	1211	1787	2632	3576	4349	4994	5066	4948	4691	4336	4012	3636	3264	2979	2784	2662	2710	2848	3181	3494	3697	3755	3707	3548	3364	3110	2839	2648	2424	2296	2141	
124	6118	60.0	60.0	20	1	1	2	998	1212	1766	2629	3655	4455	4980	5062	4984	4720	4377	3994	3689	3299	3029	2804	2652	2738	2883	3227	3520	3718	3731	3717	3538	3318	3146	2862	2655	2426	2296	2143	
124	6135	59.9	60.0	20	1	1	2	1017	1215	1788	2615	3638	4443	4999	5097	4955	4742	4374	4013	3658	3307	2997	2775	2633	2718	2904	3219	3486	3726	3794	3734	3547	3337	3167	2880	2678	2434	2289	2135	
124	6152	59.9	60.0	20	1	1	2	1000	1200	1764	2595	3609	4412	4979	5051	4973	4686	4382	3991	3640	3269	3014	2788	2676	2740	2873	3217	3458	3699	3785	3748	3513	3331	3128	2870	2671	2419	2280	2141	
124	6169	59.9	60.0	20	1	1	2	1002	1224	1758	2611	3578	4399	4975	5020	4963	4670	4325	3975	3633	3288	3011	2777	2641	2695	2896	3168	3463	3724	3802	3695	3549	3318	3124	2857	2633	2408	2284	2138	
124	6187	59.9	60.0	20	1	1	2	1002	1203	1779	2642	3563	4384	4889	4974	4908	4656	4352	4001	3629	3248	2964	2818	2620	2697	2848	3194	3471	3679	3780	3669	3528	3314	3090	2858	2652	2416	2257	2132	
124	6251	95.0	95.1	21	1	0	2	915	1032	1296	1701	2224	2648	2963	3061	3093	2966	2774	2644	2451	2286	2164	2070	2068	2169	2356	2604	2870	3008	3055	3005	2878	2728	2607	2447	2266	2141	2011	1921	
124	6268	95.0	95.0	21	1	0	2	928	1020	1314	1718	2202	2624	2937	3051	3073	2960	2796	2636	2435	2267	2159	2064	2049	2149	2348	2589	2861	3006	3068	3026	2873	2755	2622	2419	2271	2108	2011	1875	
124	6329	59.9	60.1	21	1	1	2	1004	1208	1759	2577	3619	4410	4935	5020	4916	4659	4361	4024	3645	3298	3014	2766	2640	2727	2896	3201	3463	3723	3773	3671	3524	3386	3110	2872	2627	2431	2266	2124	
124	6347	60.0	60.0	21	1	1	2	981	1213	1776	2630	3614	4435	4967	5032	4968	4662	4329	3982	3663	3281	3000	2796	2652	2701	2882	3188	3486	3711	3763	3703	3508	3354	3127	2868	2607	2452	2284	2133	
124	6364	60.0	60.0	21	1	1	2	1010	1218	1776	2618	3628	4429	4969	5055	5062	4644	4354	4008	3666	3340	2996	2796	2649	2710	2919	3195	3537	3683	3789	3738	3564	3324	3142	2882	2645	2440	2299	2133	
124	6381	60.0	60.0	21	1	1	2	1016	1223	1768	2645	3623	4461	4978	5067	4976	4707	4379	4023	3687	3306	3035	2765	2678	2727	2912	3213	3500	3728	3786	3702	3541	3389	3188	2877	2693	2455	2338	2144	
124	6398	59.9	60.0	21	1	1	2	998	1234	1789	2621	3607	4408	4951	5049	4947	4699	4371	4008	3618	3289	2996	2799	2698	2686	2891	3226	3479	3698	3744	3714	3546	3321	3107	2877	2652	2401	2279	2125	
124	6416	60.0	60.0	21	1	1	2	991	1232	1775	2588	3635	4427	5027	5063	4963	4658	4352	4008	3658	3301	3025	2777	2657	2734	2865	3209	3484	3764	3778	3723	3521	3376	3121	2874	2640	2462	2317	2151	
124	6433	60.0	60.0	21	1	1	2	1007	1195	1777	2593	3601	4373	4947	5034	4962	4671	4354	3985	3618	3283	3043	2772	2634	2727	2894	3252	3522	3701	3773	3718	3509	3324	3136	2863	2631	2427	2280	2145	
124	6495	95.0	95.0	22	1	0	2	934	1047	1302	1720	2222	2604	2973	3060	3050	2949	2805	2616	2469	2272	2159	2060	2039	2154	2358	2591	2822	3001	3062	3032	2908	2756	2586	2419	2294	2137	1989	1883	
124	6513	95.0	95.0	22	1	0	2	910	1048	1302	1724	2213	2645	2960	3063	3065	2950	2801	2623	2471	2274	2151	2068	2056	2142	2356	2578	2840	2991	3068	3003	2886	2724	2603	2444	2284	2102	2014	1867	
124	6575	59.9	60.1	22	1	1	2	987	1189	1783	2613	3583	4406	4938	5007	4924	4654	4334	3991	3616	3307	3035	2770	2644	2679	2868	3204	3456	3697	3756	3667	3561	3318	3097	2862	2644	2403	2278	2144	
124	6593	60.0	60.0	22	1	1	2	1004	1214	1747	2593	3583	4372	4960	5001	4959	4666	4381	3981	3633	3288	2974	2786	2654	2702	2861	3182	3433	3681	3789	3682	3508	3327	3081	2844	2635	2431	2262	2137	
124	6610	60.0	60.0	22	1	1	2	995	1226	1783	2621	3597	4451	4965	5049	4962	4693	4338	3983	3653	3269	2985	2793	2649	2668	2880	3170	3476	3712	3784	3686	3510	3335	3123	2837	2677	2426	2270	2135	
124	6627	59.9	60.0	22	1	1	2	978	1221	1784	2617	3648	4436	4981	5091	4988	4716	4370	3976	3661	3302	3008	2794	2665	2728	2924	3203	3480	3688	3804	3727	3571	3334	3096	2856	2686	2429	2278	2130	
124	6644	60.0	60.0	22	1	1	2	1020	1210	1758	2616	3610	4413	4958	5032	4939	4682	4351	3993	3596	3253	2993	2775	2636	2689	2895	3181	3470	3711	3754	3736	3540	3307	3125	2873	2645	2423	2269	2148	
124	6662	59.9	60.0	22	1	1	2	994	1208	1782	2591	3565	4385	5001	5036	4965	4681	4331	3969	3638	3282	2991	2788	2654	2724	2918	3206	3461	3708	3733	3691	3543	3319	3101	2860	2650	2433	2267	2156	
124	6679	60.0	60.0	22	1	1	2	998	1220	1802	2590	3613	4392	4972	5024	4933	4661	4330	4005	3628	3271	2973	2781	2680	2705	2868	3173	3471	3699	3751	3686	3551	3375	3112	2870	2629	2435	2286	2110	
124	6741	95.0	95.1	23	1	0	2	931	1037	1287	1722	2243	2646	2969	3061	3051	2957	2811	2640	2447	2203	2176	2072	2041	2156	2352	2625	2835	2987	3037	3013	2869	2743	2612	2440	2279	2117	1995	1894	
124	6759	95.0	95.0	23	1	0	2	927	1024	1289	1716	2230	2625	2961	3034	3024	2923	2803	2617	2423	2283	2129	2072	2059	2154	2338	2626	2813	2971	3038	3000	2876	2722	2608	2421	2231	2105	2005	1881	
124	6821	59.9	60.1	23	1	1	2	1007	1206	1770	2601	3577	4392	4974	5008	4890	4650	4283	3956	3609	3263	2997	2801	2629	2676	2877	3212	3440	3688	3762	3700	3517	3324	3136	2837	2680	2434	2242	2097	
124	6839	59.9	60.0	23	1	1	2	1008	1224	1759	2581	3601	4381	4925	5003	4892	4633	4333	3991	3611	3269	2992	2778	2644	2703	2887	3180	3452	3688	3736	3713	3530	3311	3091	2864	2636	2416	2282	2132	
124	6856	60.0	60.0	23	1	1	2	987	1218	1770	2630	3604	4426	4989	4996	4974	4665	4350	3962	3602	3278	3015	2791	2662	2700	2891	3210	3444	3729	3794	3686	3535	3363	3123	2884	2665	2357	2301	2127	
124	6873	59.9	60.0	23	1	1	2	1013	1229	1777	2623	3651	4421	4990	5078	4994	4694	4361	4033	3621	3285	3013	2787	2646	2696	2873	3191	3467	3726	3747	3685	3537	3366	3146	2870	2681	2437	2291	2119	
124	6890	59.9	60.0	23	1	1	2	995	1204	1763	2606	3618	4395	4976	5006	4886	4630	4313	3959	3619	3310	2992	2753	2627	2736	2867	3183	3471	3682	3749	3733	3523	3321	3110	2836	2632	2437	2248	2116	
124	6908	59.9	60.0	23	1	1	2	1008	1203	1749	2607	3606	4386	4907	5026	4895	4635	4315	3978	3600	3244	2983	2750	2636	2677	2862	3170	3489	3687	3753	3692	3532	3323	3079	2839	2654	2421	2265	2105	
124	6925	60.0	60.0	23	1	1	2	1000	1211	1766	2636	3592	4374	4931	5016	4979	4646	4322	3980	3611	3258	2985	2764	2644	2711	2838	3189	3470	3725	3751	3689	3490	3341	3099	2847	2634	2423	2276	2107	
124	6987	95.0	95.0	24	1	0	2	917	1037	1280	1715	2225	2641	2968	3070	3067	2911	2798	2638	2458	2243	2158	2061	2036	2127	2325	2588	2798	2976	3066	2992	2878	2768	2616	2400	2267	2095	1980	1879	
124	7005	95.0	95.0	24	1	1	2	907	1031	1305	1712	2216	2618	2951	3013	3022	2924	2774	2618	2427	2263	2138	2062	2021	2145	2326	2610	2817	2982	3034	2979	2904	2721	2575	2429	2256	2087	2009	1911	
124	7068	59.9	60.1	24	1	1	2	1001	1216	1773	2598	3585	4383	4944	4995	4941	4664	4317	3931	3599	3250	2982	2750	2651	2656	2873	3175	3448	3666	3741	3670	3477	3312	3105	2887	2649	2416	2275	2148	
124	7085	59.9	60.0	24	1	1	2	999	1236	1760	2594	3571	4378	4953	5005	4905	4651	4325	3989	3647	3257	2981	2770	2598	2724	2848	3188	3440	3703	3750	3629	3497	3323	3119	2841	2643	2429	2274	2140	
124	7102	60.0	60.0	24	1	1	2	996	1209	1763	2626	3601	4386	5006	5077	4958	4702	4340	4023	3666	3311	3054	2755	2650	2680	2879	3186	3477	3709	3801	3690	3517	3311	3131	2837	2635	2465	2274	2121	
124	7119	59.9	60.0	24	1	1	2	987	1198	1747	2612	3603	4410	4926	5007	4890	4631	4306	3956	3602	3252	2997	2752	2598	2674	2863	3175	3437	3633	3745	3676	3488	3301	3121	2843	2648	2438	2267	2142	
124	7137	59.9	60.0	24	1	1	2	991	1212	1771	2566	3644	4389	4925	5015	4909	4671	4350	3963	3616	3275	2978	2801	2633	2687	2862	3172	3490	3718	3761	3672	3508	3337	3142	2837	2622	2410	2245	2118	
124	7154	59.9	60.0	24	1	1	2	997	1212	1778	2610	3589	4439	4921	5019	4923	4628	4331	3956	3603	3247	3001	2768	2628	2712	2875	3173	3436	3663	3733	3667	3527	3328	3109	2862	2632	2414	2262	2122	
124	7171	60.0	60.0	24	1	1	2	997	1206	1764	2609	3581	4373	4931	5014	4880	4607	4299	3956	3613	3234	2961	2767	2612	2702	2892	3161	3464	3688	3745	3666	3503	3344	3076	2844	2625	2424	2260	2104	
124	7236	95.0	95.1	25	1	0	2	911	1014	1298	1699	2214	2579	2935	3023	3038	2907	2737	2615	2422	2250	2161	2061	2047	2160	2301	2592	2845	2982	3044	2971	2881	2739	2592	2408	2258	2096	1967	1890	
124	7253	95.0	95.0	25	1	0	2	899	1036	1288	1718	2199	2634	2924	3024	3014	2916	2781	2603	2429	2266	2134	2022	2046	2132	2353	2584	2782	2995	3012	2986	2862	2710	2609	2398	2264	2108	1968	1880	
124	7316	59.9	60.1	25	1	1	2	996	1210	1758	2594	3555	4345	4931	4980	4884	4634	4271	3984	3593	3241	2964	2741	2635	2670	2840	3169	3421	3665	3722	3684	3509	3324	3121	2821	2640	2394	2256	2159	
124	7333	59.9	60.0	25	1	1	2	1025	1202	1787	2579	3600	4346	4922	4996	4882	4649	4282	3919	3617	3271	2972	2722	2632	2696	2844	3157	3426	3668	3730	3642	3499	3307	3108	2828	2600	2437	2260	2110	
124	7350	60.0	60.0	25	1	1	2	997	1203	1772	2592	3578	4362	4987	4983	4928	4624	4340	3959	3588	3232	3007	2775	2626	2683	2914	3152	3458	3690	3764	3693	3509	3323	3120	2835	2633	2434	2271	2112	
124	7367	60.0	60.0	25	1	1	2	990	1218	1762	2590	3634	4411	4958	5027	4952	4641	4315	3956	3634	3249	3020	2770	2644	2690	2881	3166	3454	3697	3775	3714	3488	3334	3107	2846	2628	2432	2277	2115	
124	7385	59.9	60.0	25	1	1	2	991	1221	1780	2609	3579	4360	4898	5049	4861	4618	4336	3932	3607	3275	2962	2728	2672	2720	2854	3175	3410	3667	3738	3682	3497	3322	3081	2842	2642	2409	2278	2139	
124	7402	59.9	60.0	25	1	1	2	997	1210	1751	2613	3592	4418	4892	5046	4919	4636	4324	3970	3649	3274	2995	2782	2614	2693	2858	3203	3444	3681	3744	3698	3534	3328	3089	2836	2638	2425	2272	2123	
124	7419	60.0	60.0	25	1	1	2	996	1207	1774	2597	3588	4386	4938	4948	4893	4638	4319	3915	3560	3247	2958	2752	2643	2665	2851	3170	3472	3711	3721	3682	3477	3292	3095	2844	2620	2420	2266	2135	
124	7482	95.0	95.0	26	1	0	2	921	1024	1284	1705	2210	2635	2948	3049	3049	2926	2809	2638	2457	2280	2118	2054	2048	2165	2323	2598	2801	3013	3019	2989	2888	2733	2608	2425	2260	2103	1985	1884	
124	7499	95.0	95.0	26	1	0	2	917	1026	1293	1710	2216	2600	2923	2994	3013	2922	2771	2601	2419	2274	2124	2048	2028	2117	2321	2575	2817	2950	3011	2961	2843	2704	2613	2417	2254	2088	1992	1872	
124	7562	60.0	60.1	26	1	1	2	998	1208	1742	2574	3559	4320	4921	4981	4884	4632	4332	3929	3602	3262	3013	2738	2615	2699	2834	3160	3443	3711	3718	3670	3522	3293	3075	2840	2634	2409	2271	2109	
124	7579	60.0	60.0	26	1	1	2	1009	1228	1762	2576	3558	4395	4916	5001	4911	4627	4306	3938	3603	3259	2997	2755	2647	2681	2874	3184	3473	3683	3711	3625	3523	3315	3092	2818	2593	2417	2276	2123	
124	7596	60.0	60.0	26	1	1	2	993	1208	1758	2623	3574	4393	4973	5049	4947	4645	4308	3972	3640	3249	2996	2759	2623	2710	2904	3174	3429	3681	3752	3684	3499	3323	3078	2825	2630	2417	2257	2126	
124	7614	60.0	60.0	26	1	1	2	1002	1223	1780	2612	3603	4404	4953	5015	4970	4680	4376	3996	3608	3332	2979	2778	2636	2708	2863	3185	3429	3697	3746	3666	3547	3331	3138	2861	2621	2425	2287	2105	
124	7631	59.9	60.0	26	1	1	2	1020	1189	1756	2559	3596	4350	4903	4988	4924	4636	4294	3972	3610	3258	2987	2749	2626	2673	2871	3173	3470	3666	3730	3689	3506	3299	3106	2866	2632	2414	2246	2127	
124	7648	59.9	60.0	26	1	1	2	982	1221	1746	2607	3589	4316	4918	4966	4907	4608	4334	3957	3612	3244	2948	2744	2629	2670	2874	3170	3459	3665	3700	3673	3481	3308	3060	2860	2620	2454	2266	2119	
124	7665	60.0	60.0	26	1	1	2	989	1219	1779	2564	3552	4361	4921	4994	4893	4653	4327	3985	3614	3283	2975	2748	2618	2682	2867	3178	3459	3619	3747	3719	3519	3302	3059	2805	2636	2428	2265	2116	
124	7728	95.0	95.0	27	1	0	2	916	1021	1295	1688	2207	2618	2935	3025	3051	2893	2786	2635	2425	2273	2164	2060	2028	2148	2334	2596	2803	3004	3011	2972	2898	2723	2583	2414	2265	2131	1972	1884	
124	7745	95.0	95.0	27	1	1	2	921	1026	1288	1668	2195	2635	2929	3010	3005	2902	2769	2632	2419	2265	2139	2042	2048	2139	2307	2569	2799	2963	3021	2940	2879	2705	2579	2400	2239	2118	1987	1889	
124	7808	59.9	60.1	27	1	1	2	1009	1222	1754	2606	3601	4395	4960	5028	4896	4664	4313	3960	3639	3256	2971	2744	2642	2706	2869	3175	3445	3720	3742	3654	3511	3333	3108	2885	2629	2483	2259	2123	
124	7825	60.0	60.0	27	1	1	2	984	1229	1750	2598	3597	4367	4899	4986	4884	4650	4267	3956	3566	3276	2956	2744	2622	2677	2870	3152	3436	3672	3710	3694	3525	3280	3101	2841	2622	2383	2275	2109	
124	7842	59.9	60.0	27	1	1	2	981	1220	1772	2597	3624	4355	4954	5034	4936	4660	4359	4006	3597	3298	2983	2770	2666	2701	2854	3159	3423	3674	3732	3721	3499	3303	3118	2850	2622	2419	2261	2117	
124	7860	59.9	60.0	27	1	1	2	987	1208	1776	2626	3608	4381	4959	5042	4978	4690	4344	3987	3662	3288	3020	2792	2658	2680	2885	3200	3446	3694	3779	3695	3547	3342	3093	2861	2641	2427	2257	2106	
124	7877	59.9	60.0	27	1	1	2	989	1229	1776	2596	3571	4393	4890	5012	4956	4620	4338	3977	3594	3246	3014	2756	2628	2702	2836	3217	3464	3692	3739	3673	3467	3312	3095	2841	2634	2427	2265	2110	
124	7894	60.0	60.0	27	1	1	2	992	1211	1754	2593	3591	4367	4938	4993	4952	4678	4324	3966	3587	3274	2995	2776	2632	2696	2883	3143	3427	3685	3752	3660	3511	3323	3124	2852	2652	2418	2276	2128	
124	7911	60.0	60.0	27	1	1	2	1024	1218	1772	2592	3597	4358	4901	5000	4896	4612	4339	3960	3649	3245	2961	2748	2648	2673	2862	3165	3446	3648	3739	3719	3519	3293	3090	2844	2638	2426	2275	2092	
124	7976	95.0	95.1	28	1	0	2	933	1030	1288	1720	2184	2624	2966	3058	3017	2928	2779	2643	2442	2258	2136	2059	2044	2149	2326	2586	2802	2977	3038	3009	2868	2720	2607	2420	2258	2112	2020	1873	
124	7993	95.0	95.0	28	1	0	2	917	1035	1286	1707	2177	2630	2941	3018	3029	2920	2768	2622	2410	2266	2156	2037	2033	2134	2316	2580	2790	2975	3024	2996	2832	2713	2551	2401	2251	2107	1992	1860	
124	8056	59.9	60.1	28	1	1	2	991	1206	1753	2579	3572	4357	4934	4973	4883	4592	4288	3977	3556	3242	2981	2744	2678	2672	2837	3171	3397	3642	3717	3652	3471	3297	3059	2842	2632	2404	2265	2126	
124	8073	59.9	60.0	28	1	1	2	985	1212	1757	2574	3570	4356	4932	4996	4930	4630	4310	3958	3599	3272	2927	2777	2636	2669	2868	3165	3450	3685	3753	3667	3531	3329	3096	2848	2603	2401	2282	2105	
124	8090	59.9	60.0	28	1	1	2	1009	1224	1758	2593	3607	4365	4932	5024	4926	4670	4313	3969	3610	3264	2987	2748	2644	2689	2839	3163	3422	3664	3731	3690	3477	3278	3067	2819	2622	2391	2260	2116	
124	8108	60.0	60.0	28	1	1	2	1041	1204	1746	2609	3575	4427	4949	5008	4971	4663	4313	3983	3617	3295	2966	2755	2644	2688	2894	3185	3479	3706	3749	3692	3530	3311	3112	2852	2620	2413	2257	2118	
124	8125	59.9	60.0	28	1	1	2	1009	1235	1761	2616	3570	4327	4929	4995	4907	4610	4308	3965	3604	3272	2965	2822	2607	2685	2864	3174	3419	3717	3732	3710	3514	3312	3094	2862	2611	2459	2279	2136	
124	8142	60.0	60.0	28	1	1	2	970	1249	1771	2586	3615	4390	4937	5013	4893	4620	4303	3993	3583	3271	2949	2760	2603	2700	2886	3126	3446	3691	3726	3653	3528	3307	3086	2834	2618	2425	2264	2142	
124	8159	59.9	60.0	28	1	1	2	988	1213	1756	2601	3577	4353	4952	4978	4932	4619	4324	3946	3559	3247	2983	2739	2644	2676	2858	3149	3442	3660	3746	3673	3482	3320	3100	2851	2623	2400	2247	2122	
124	8222	95.1	95.1	29	1	0	2	911	1033	1288	1694	2215	2637	2952	3049	3054	2916	2789	2611	2446	2250	2118	2072	2082	2135	2338	2577	2806	2988	3018	2980	2867	2753	2572	2424	2242	2072	1971	1871	
124	8239	95.0	95.0	29	1	0	2	927	1033	1286	1714	2200	2627	2933	2998	3016	2921	2775	2618	2420	2257	2130	2024	2049	2115	2312	2572	2811	2984	3023	2955	2837	2675	2577	2388	2225	2095	1963	1862	
124	8302	59.9	60.1	29	1	1	2	1001	1214	1771	2602	3576	4389	4889	4931	4896	4589	4292	3942	3607	3246	2974	2743	2608	2675	2859	3150	3459	3659	3717	3667	3485	3299	3108	2844	2647	2404	2264	2130	
124	8319	60.0	60.0	29	1	1	2	996	1223	1736	2628	3573	4399	4911	5028	4899	4642	4314	3981	3598	3265	2943	2788	2627	2663	2830	3203	3433	3691	3770	3680	3512	3305	3118	2846	2625	2403	2255	2128	
124	8337	59.9	60.0	29	1	1	2	1001	1223	1773	2598	3605	4377	4911	5032	4894	4659	4321	3996	3631	3253	2997	2778	2639	2689	2892	3171	3457	3673	3754	3676	3512	3315	3096	2823	2646	2430	2276	2106	
124	8354	60.0	60.0	29	1	1	2	1000	1216	1764	2595	3606	4390	4947	5014	4932	4628	4309	3975	3611	3273	2963	2749	2650	2691	2842	3203	3424	3675	3742	3673	3495	3279	3088	2843	2619	2427	2259	2104	
124	8371	60.0	60.0	29	1	1	2	985	1233	1763	2570	3553	4374	4900	4977	4896	4592	4293	3956	3564	3255	2964	2723	2645	2666	2868	3153	3458	3664	3728	3672	3484	3280	3077	2845	2637	2410	2294	2102	
124	8388	60.0	60.0	29	1	1	2	999	1195	1765	2586	3573	4356	4932	4986	4909	4579	4306	3931	3594	3211	2970	2755	2624	2652	2879	3145	3434	3632	3718	3648	3483	3329	3062	2812	2612	2390	2284	2080	
124	8406	59.9	60.0	29	1	1	2	1003	1199	1753	2568	3619	4391	4936	4993	4930	4614	4302	3927	3609	3252	2959	2743	2602	2658	2852	3172	3417	3635	3695	3704	3505	3305	3055	2836	2625	2407	2262	2108	
124	8470	94.9	95.1	30	1	0	2	912	1031	1308	1722	2200	2617	2940	3012	3029	2975	2794	2627	2430	2256	2120	2048	2027	2122	2297	2577	2812	2981	3050	2979	2855	2709	2599	2420	2264	2107	1991	1891	
124	8487	95.0	95.0	30	1	0	2	926	1024	1303	1720	2184	2614	2946	3036	3033	2924	2763	2605	2420	2262	2145	2052	2059	2139	2308	2575	2793	2970	3036	2967	2867	2704	2575	2350	2258	2110	1975	1879	
124	8550	59.9	60.1	30	1	1	2	973	1177	1727	2586	3570	4316	4897	4990	4867	4633	4274	3947	3590	3225	2967	2736	2597	2672	2872	3178	3420	3656	3733	3691	3496	3284	3086	2802	2608	2402	2258	2105	
124	8567	59.9	60.0	30	1	1	2	953	1198	1770	2556	3572	4357	4921	4940	4897	4601	4276	3924	3609	3226	2971	2753	2625	2634	2861	3177	3415	3619	3699	3684	3497	3288	3111	2822	2611	2397	2247	2107	
124	8585	60.0	60.0	30	1	1	2	1016	1219	1777	2603	3611	4371	4930	4995	4887	4642	4312	3994	3593	3254	2946	2771	2641	2672	2900	3165	3422	3664	3754	3698	3506	3270	3121	2827	2621	2418	2243	2106	
124	8602	60.0	60.0	30	1	1	2	1001	1204	1764	2584	3533	4370	4950	5025	4850	4620	4293	3977	3550	3231	2923	2743	2630	2666	2857	3158	3419	3632	3722	3625	3512	3301	3083	2819	2597	2412	2250	2104	
124	8619	59.9	60.0	30	1	1	2	1000	1221	1773	2621	3584	4341	4937	5007	4855	4613	4314	3914	3591	3212	2976	2738	2654	2691	2847	3158	3427	3682	3706	3680	3505	3304	3106	2817	2617	2393	2257	2101	
124	8636	60.0	60.0	30	1	1	2	990	1213	1759	2594	3554	4346	4908	5014	4870	4580	4309	3924	3596	3225	2979	2746	2637	2621	2848	3131	3388	3672	3727	3663	3458	3269	3089	2853	2610	2389	2246	2100	
124	8654	60.0	60.0	30	1	1	2	997	1198	1760	2623	3585	4340	4925	4994	4945	4647	4319	3955	3585	3278	2970	2762	2631	2705	2861	3150	3436	3656	3761	3670	3483	3315	3072	2844	2634	2398	2245	2096	
124	8716	95.0	95.0	31	1	0	2	920	1030	1301	1722	2222	2621	2935	3031	3039	2899	2792	2627	2442	2237	2135	2059	2044	2169	2330	2582	2826	2975	3030	2946	2869	2717	2578	2368	2235	2103	1995	1865	
124	8733	95.0	95.0	31	1	0	2	924	1024	1280	1713	2198	2599	2911	3023	2970	2923	2760	2616	2412	2240	2094	2040	2011	2122	2328	2578	2773	2946	3009	2964	2840	2705	2588	2393	2227	2099	1971	1857	
124	8796	60.0	60.1	31	1	1	2	999	1200	1730	2594	3513	4329	4915	4954	4834	4634	4268	3923	3592	3231	2941	2753	2607	2679	2840	3171	3433	3634	3705	3643	3450	3249	3069	2789	2612	2402	2260	2107	
124	8813	59.9	60.0	31	1	1	2	1000	1219	1739	2592	3563	4322	4915	4943	4887	4613	4296	3966	3600	3263	2993	2738	2619	2656	2844	3147	3433	3657	3684	3653	3498	3263	3065	2839	2623	2410	2258	2110	
124	8831	60.0	60.0	31	1	1	2	994	1220	1770	2575	3570	4375	4957	5059	4951	4623	4332	3963	3632	3241	2987	2772	2631	2686	2896	3189	3413	3705	3766	3665	3504	3320	3097	2819	2623	2417	2274	2122	
124	8848	60.0	60.0	31	1	1	2	988	1223	1751	2585	3593	4393	4912	5012	4946	4680	4307	3977	3594	3240	2999	2737	2626	2696	2863	3137	3443	3654	3727	3661	3472	3309	3095	2862	2644	2397	2261	2121	
124	8865	60.0	60.0	31	1	1	2	1001	1214	1757	2586	3582	4373	4897	4987	4910	4590	4311	3921	3576	3226	2988	2734	2625	2683	2839	3146	3412	3657	3713	3675	3493	3249	3093	2829	2630	2411	2244	2110	
124	8882	60.0	60.0	31	1	1	2	991	1216	1756	2596	3594	4342	4899	4966	4898	4597	4307	3942	3591	3244	2944	2721	2618	2672	2843	3159	3467	3681	3694	3665	3522	3280	3073	2830	2607	2432	2231	2096	
124	8900	59.9	60.0	31	1	1	2	992	1204	1761	2577	3575	4322	4898	4985	4888	4620	4296	3935	3579	3210	2958	2744	2590	2679	2856	3174	3426	3641	3730	3688	3510	3294	3051	2830	2600	2392	2245	2105	
124	8962	94.9	95.0	32	1	0	2	915	1025	1294	1709	2207	2628	2957	3029	3027	2954	2780	2609	2422	2236	2139	2052	2031	2137	2309	2566	2766	2961	3008	2948	2845	2741	2583	2397	2267	2107	1992	1879	
124	8980	95.0	95.0	32	1	1	2	924	1024	1297	1695	2218	2589	2925	3016	3012	2923	2765	2622	2430	2242	2128	2042	2034	2123	2315	2567	2797	3010	3034	2972	2884	2715	2564	2400	2238	2107	1986	1867	
124	9042	59.9	60.1	32	1	1	2	1007	1215	1741	2583	3569	4334	4828	4981	4862	4591	4297	3920	3568	3272	2974	2722	2602	2640	2856	3163	3420	3668	3741	3652	3493	3298	3029	2804	2646	2404	2239	2100	
124	9060	59.9	60.0	32	1	1	2	996	1205	1789	2542	3553	4349	4893	4980	4864	4633	4261	3957	3626	3304	2948	2748	2611	2684	2864	3144	3436	3675	3707	3682	3501	3283	3056	2811	2602	2407	2249	2105	
124	9077	59.9	60.0	32	1	1	2	1005	1197	1774	2577	3588	4356	4936	5011	4952	4614	4334	3960	3611	3276	2994	2725	2618	2662	2867	3148	3430	3664	3708	3672	3518	3287	3087	2846	2621	2417	2292	2105	
124	9094	60.0	60.0	32	1	1	2	993	1198	1768	2604	3590	4338	4888	4991	4890	4617	4330	3928	3605	3263	2990	2719	2612	2704	2848	3155	3421	3629	3732	3654	3516	3301	3105	2796	2609	2420	2260	2113	
124	9111	60.0	60.0	32	1	1	2	1002	1209	1762	2587	3563	4349	4898	4973	4900	4608	4267	3934	3595	3260	2982	2754	2641	2654	2841	3159	3426	3637	3738	3679	3491	3287	3063	2825	2616	2411	2272	2118	
124	9129	60.0	60.0	32	1	1	2	1000	1221	1771	2591	3567	4357	4900	4969	4892	4594	4307	3933	3608	3244	2956	2716	2613	2660	2806	3154	3412	3654	3722	3630	3479	3317	3061	2793	2625	2393	2264	2119	
124	9146	59.9	60.0	32	1	1	2	989	1210	1774	2596	3557	4332	4880	5009	4914	4608	4321	3925	3636	3259	2978	2758	2615	2675	2850	3178	3418	3658	3738	3672	3499	3293	3078	2839	2633	2411	2268	2118	
124	9210	95.0	95.1	33	1	0	2	927	1027	1297	1714	2212	2587	2920	3017	3029	2897	2753	2605	2452	2247	2127	2019	2012	2116	2314	2594	2774	2980	3008	2951	2816	2729	2567	2406	2250	2116	1983	1890	
124	9228	95.0	95.0	33	1	1	2	921	1038	1334	1691	2189	2596	2914	2981	2968	2900	2776	2608	2384	2251	2125	2038	2044	2137	2311	2596	2799	2964	3000	2965	2828	2707	2560	2360	2217	2099	1988	1838	
124	9290	60.0	60.1	33	1	1	2	983	1206	1757	2583	3585	4341	4899	4947	4847	4623	4301	3968	3592	3227	2993	2758	2655	2666	2833	3131	3430	3647	3745	3661	3492	3300	3106	2866	2632	2410	2253	2117	
124	9308	60.0	60.0	33	1	1	2	979	1221	1750	2585	3585	4342	4882	4993	4894	4632	4267	3943	3568	3246	2956	2749	2622	2689	2854	3153	3380	3623	3716	3627	3484	3284	3072	2839	2592	2412	2267	2118	
124	9325	60.0	60.0	33	1	1	2	996	1214	1758	2604	3618	4359	4935	5004	4872	4636	4347	3964	3593	3263	2979	2749	2598	2720	2849	3172	3418	3684	3752	3691	3528	3302	3080	2886	2626	2399	2304	2134	
124	9342	59.9	60.0	33	1	1	2	1006	1222	1765	2588	3602	4381	4941	5005	4902	4645	4356	3976	3600	3257	2976	2735	2634	2689	2851	3200	3453	3674	3730	3686	3502	3298	3072	2826	2649	2406	2265	2115	
124	9359	60.0	60.0	33	1	1	2	975	1203	1765	2589	3584	4357	4897	4976	4881	4637	4291	3953	3587	3262	2971	2749	2615	2683	2845	3140	3438	3652	3725	3652	3480	3316	3089	2819	2624	2416	2255	2094	
124	9377	59.9	60.0	33	1	1	2	973	1224	1748	2560	3559	4322	4875	4939	4887	4548	4255	3928	3570	3248	2961	2715	2620	2649	2818	3121	3430	3627	3725	3644	3487	3256	3076	2830	2588	2384	2244	2097	
124	9394	60.0	60.0	33	1	1	2	984	1198	1750	2590	3605	4320	4882	4933	4896	4593	4308	3915	3581	3226	2988	2752	2611	2630	2845	3143	3399	3662	3704	3638	3447	3288	3089	2810	2618	2408	2248	2096	
124	9457	95.0	95.1	34	1	0	2	912	1032	1310	1695	2206	2618	2906	3007	3038	2931	2799	2612	2444	2246	2115	2032	2038	2150	2308	2602	2773	2943	3041	2968	2853	2722	2587	2413	2254	2078	2002	1862	
124	9474	95.0	95.0	34	1	1	2	921	1014	1290	1746	2212	2628	2926	2996	3015	2916	2806	2590	2399	2251	2117	2045	2020	2141	2322	2572	2823	2943	3013	2960	2824	2712	2576	2368	2243	2103	1996	1862	
124	9536	60.0	60.1	34	1	1	2	977	1202	1745	2567	3537	4388	4894	4950	4844	4600	4293	3930	3561	3260	2948	2703	2612	2684	2833	3110	3419	3640	3728	3630	3478	3309	3064	2870	2604	2392	2248	2119	
124	9554	59.9	60.0	34	1	1	2	997	1204	1761	2609	3606	4346	4904	4989	4881	4581	4295	3939	3596	3224	2986	2720	2643	2686	2859	3180	3445	3659	3730	3645	3482	3306	3119	2850	2601	2368	2281	2101	
124	9571	59.9	60.0	34	1	1	2	1004	1194	1793	2583	3598	4345	4911	4981	4899	4607	4296	3953	3616	3246	2949	2764	2634	2646	2878	3188	3410	3655	3708	3708	3474	3300	3096	2846	2609	2442	2256	2097	
124	9588	60.0	60.0	34	1	1	2	992	1208	1766	2589	3591	4377	4921	5013	4950	4634	4314	3968	3599	3273	2963	2728	2613	2678	2841	3180	3413	3655	3722	3678	3481	3308	3078	2829	2616	2393	2255	2115	
124	9605	60.0	60.0	34	1	1	2	1005	1209	1762	2588	3554	4334	4879	4968	4866	4595	4297	3977	3585	3250	2975	2742	2604	2654	2858	3186	3424	3666	3696	3649	3478	3296	3069	2846	2584	2374	2261	2094	
124	9623	59.9	60.0	34	1	1	2	1012	1207	1760	2585	3563	4384	4854	4940	4888	4589	4288	3912	3617	3207	2970	2765	2618	2639	2870	3125	3432	3629	3681	3666	3490	3271	3081	2805	2588	2399	2249	2109	
124	9640	60.0	60.0	34	1	1	2	1000	1203	1744	2578	3583	4318	4872	5029	4869	4604	4292	3999	3561	3253	2983	2750	2609	2658	2849	3131	3438	3688	3724	3624	3464	3318	3066	2847	2597	2431	2253	2104	
124	9703	94.9	95.0	35	1	0	2	927	1020	1316	1710	2200	2614	2910	3034	3037	2898	2796	2614	2412	2258	2116	2065	2049	2129	2333	2564	2805	2948	2995	2982	2860	2730	2588	2414	2237	2084	1985	1894	
124	9720	94.9	95.0	35	1	1	2	918	1033	1286	1688	2181	2588	2885	3005	3005	2909	2740	2579	2406	2242	2129	2058	2008	2114	2303	2581	2796	2949	3003	2965	2808	2714	2569	2391	2229	2072	1995	1888	
124	9783	60.0	60.1	35	1	1	2	993	1197	1763	2576	3544	4356	4904	4945	4876	4632	4258	3902	3595	3217	2960	2725	2612	2630	2868	3159	3420	3688	3696	3643	3490	3275	3051	2822	2627	2408	2218	2097	
124	9800	60.0	60.0	35	1	1	2	1004	1226	1761	2566	3548	4347	4892	5028	4901	4614	4263	3961	3579	3228	2981	2736	2634	2679	2826	3126	3449	3650	3693	3684	3521	3282	3047	2828	2615	2405	2244	2096	
124	9817	60.0	60.0	35	1	1	2	1006	1206	1771	2584	3567	4367	4927	4982	4884	4667	4334	3946	3618	3287	3000	2801	2629	2685	2860	3145	3454	3660	3717	3640	3487	3301	3056	2837	2614	2407	2239	2084	
124	9834	59.9	60.0	35	1	1	2	992	1210	1757	2623	3575	4396	4880	4979	4868	4617	4279	3926	3571	3238	2996	2758	2608	2663	2848	3147	3415	3650	3730	3641	3468	3270	3086	2815	2622	2404	2222	2088	
124	9852	59.9	60.0	35	1	1	2	1002	1200	1772	2590	3600	4323	4935	5003	4911	4654	4304	3955	3627	3243	2956	2743	2632	2661	2856	3145	3445	3667	3738	3625	3492	3294	3093	2826	2606	2404	2261	2125	
124	9869	60.0	60.0	35	1	1	2	993	1204	1768	2580	3573	4333	4896	4958	4894	4607	4275	3952	3604	3230	2944	2777	2613	2628	2850	3162	3427	3602	3688	3623	3498	3266	3086	2807	2614	2423	2247	2096	
124	9886	59.9	60.0	35	1	1	2	993	1206	1759	2564	3561	4327	4897	4944	4867	4586	4257	3932	3574	3233	2944	2708	2634	2663	2844	3126	3404	3660	3696	3658	3513	3292	3093	2840	2633	2369	2271	2084	
124	9949	95.1	95.1	36	1	0	2	906	997	1289	1699	2190	2601	2951	3005	2998	2921	2779	2591	2402	2258	2123	2048	2048	2126	2319	2596	2792	2990	3006	2940	2829	2709	2571	2393	2257	2096	2011	1856	
124	9966	95.0	95.0	36	1	1	2	918	1028	1286	1694	2193	2599	2929	3033	2981	2893	2765	2620	2417	2251	2127	2043	2029	2128	2294	2571	2802	2929	2977	2964	2833	2684	2546	2394	2245	2076	1966	1850	
124	10029	59.9	60.1	36	1	1	2	978	1201	1766	2551	3552	4353	4898	4950	4910	4598	4302	3953	3574	3254	2964	2708	2599	2663	2836	3156	3412	3665	3723	3605	3506	3250	3093	2810	2621	2410	2258	2111	
124	10046	59.9	60.0	36	1	1	2	995	1228	1786	2574	3517	4344	4913	4947	4838	4609	4261	3948	3590	3259	2940	2770	2614	2659	2868	3125	3408	3647	3723	3654	3485	3274	3055	2836	2603	2427	2229	2089	
124	10063	60.0	60.0	36	1	1	2	1000	1212	1767	2613	3591	4383	4946	5011	4914	4622	4289	3954	3601	3275	2971	2737	2635	2683	2901	3174	3433	3675	3709	3701	3504	3297	3080	2811	2639	2447	2276	2137	
124	10081	59.9	60.0	36	1	1	2	988	1190	1747	2630	3593	4433	4926	4975	4905	4659	4319	3970	3595	3284	2986	2747	2637	2674	2893	3185	3466	3643	3733	3674	3504	3320	3085	2850	2632	2404	2248	2126	
124	10098	60.0	60.0	36	1	1	2	1008	1195	1740	2581	3561	4333	4887	4963	4862	4620	4305	3938	3613	3259	2978	2736	2617	2670	2850	3160	3454	3676	3738	3632	3446	3290	3075	2832	2612	2401	2227	2087	
124	10115	60.0	60.0	36	1	1	2	998	1214	1784	2574	3555	4339	4933	4965	4903	4615	4261	3903	3591	3234	2966	2748	2604	2658	2852	3163	3397	3673	3736	3656	3457	3311	3064	2854	2621	2372	2262	2090	
124	10132	60.0	60.0	36	1	1	2	983	1223	1754	2593	3571	4336	4889	4945	4899	4618	4311	3946	3584	3212	2959	2756	2605	2660	2843	3168	3440	3668	3722	3686	3505	3296	3089	2826	2639	2421	2230	2100	
124	10195	95.0	95.1	37	1	0	2	920	1029	1281	1715	2207	2617	2925	3037	3034	2919	2788	2592	2430	2278	2092	2041	2021	2162	2307	2569	2804	2928	3002	2956	2858	2703	2569	2393	2233	2081	1963	1863	
124	10212	95.0	95.0	37	1	1	2	922	1033	1283	1686	2193	2612	2932	2980	3012	2929	2762	2604	2447	2237	2127	2055	2018	2145	2322	2576	2770	3011	3005	2956	2838	2737	2569	2407	2246	2078	1987	1877	
124	10275	59.9	60.1	37	1	1	2	999	1197	1752	2577	3555	4347	4902	4952	4851	4585	4262	3930	3576	3195	2973	2741	2618	2670	2828	3140	3408	3627	3722	3621	3505	3320	3071	2817	2604	2410	2240	2148	
124	10292	59.9	60.0	37	1	1	2	991	1228	1765	2598	3553	4343	4873	5032	4924	4559	4286	3970	3587	3268	2951	2752	2607	2665	2873	3146	3433	3691	3774	3636	3518	3313	3086	2854	2626	2385	2258	2091	
124	10309	59.9	60.0	37	1	1	2	1000	1217	1752	2592	3565	4402	4967	5009	4916	4630	4373	3994	3594	3238	3002	2770	2661	2673	2865	3169	3450	3625	3712	3676	3462	3299	3085	2795	2608	2419	2269	2104	
124	10327	60.0	60.0	37	1	1	2	988	1214	1783	2575	3579	4393	4930	4957	4900	4623	4337	3954	3567	3269	2984	2754	2629	2671	2845	3158	3442	3652	3697	3678	3483	3297	3073	2807	2608	2424	2255	2084	
124	10344	60.0	60.0	37	1	1	2	1006	1214	1764	2573	3555	4364	4942	5004	4872	4596	4288	3975	3600	3235	2968	2764	2616	2666	2869	3130	3427	3652	3742	3671	3480	3302	3076	2829	2618	2408	2277	2104	
124	10361	59.9	60.0	37	1	1	2	996	1222	1771	2576	3602	4368	4909	4994	4855	4635	4284	3948	3578	3243	2954	2758	2600	2679	2844	3181	3445	3682	3695	3669	3488	3325	3072	2836	2578	2406	2256	2075	
124	10378	60.0	60.0	37	1	1	2	1009	1211	1761	2577	3594	4364	4914	4996	4887	4629	4323	3911	3595	3240	2939	2763	2605	2651	2835	3154	3420	3671	3696	3657	3477	3277	3076	2822	2626	2413	2262	2096	
124	10441	95.0	95.1	38	1	0	2	923	1056	1290	1698	2233	2615	2953	3024	3006	2906	2757	2619	2419	2263	2140	2040	2033	2119	2304	2578	2795	2994	3008	2998	2863	2738	2558	2410	2260	2070	1974	1866	
124	10458	95.0	95.0	38	1	1	2	919	1024	1291	1703	2173	2611	2913	3016	3043	2917	2785	2574	2433	2237	2115	2056	2037	2162	2311	2585	2777	2964	2980	2978	2865	2687	2589	2432	2219	2091	1972	1871	
124	10521	60.0	60.1	38	1	1	2	989	1228	1772	2578	3552	4312	4929	4942	4831	4598	4282	3931	3562	3241	2973	2720	2618	2653	2854	3125	3434	3641	3742	3644	3484	3272	3082	2846	2596	2398	2259	2097	
124	10538	59.9	60.0	38	1	1	2	1004	1228	1752	2575	3584	4321	4913	4990	4832	4617	4280	3966	3565	3216	2964	2727	2611	2641	2843	3133	3409	3644	3701	3662	3484	3250	3086	2832	2633	2392	2255	2120	
124	10555	60.0	60.0	38	1	1	2	985	1227	1796	2566	3591	4397	4943	4945	4931	4645	4283	3987	3617	3252	2966	2746	2666	2708	2861	3174	3438	3706	3722	3639	3499	3289	3091	2847	2598	2386	2259	2100	
124	10573	59.9	60.0	38	1	1	2	1007	1226	1750	2574	3584	4351	4970	5013	4906	4668	4309	3936	3627	3274	3002	2738	2627	2703	2834	3154	3436	3658	3737	3646	3497	3316	3093	2853	2616	2406	2274	2136	
124	10590	60.0	60.0	38	1	1	2	992	1221	1777	2595	3575	4331	4916	4977	4901	4653	4289	3929	3601	3242	2967	2744	2615	2677	2877	3126	3435	3625	3772	3667	3496	3262	3077	2849	2610	2382	2259	2119	
124	10607	59.9	60.0	38	1	1	2	984	1210	1771	2574	3567	4397	4905	5002	4880	4654	4311	3981	3633	3219	2970	2737	2621	2681	2837	3162	3366	3672	3717	3670	3519	3346	3080	2805	2646	2380	2235	2128	
124	10624	60.0	60.0	38	1	1	2	976	1225	1771	2600	3556	4332	4913	4984	4884	4596	4278	3929	3587	3242	2952	2741	2661	2662	2841	3151	3418	3646	3727	3652	3479	3288	3066	2816	2609	2373	2246	2096	
124	10689	95.0	95.1	39	1	0	2	930	1025	1296	1718	2206	2615	2960	2982	3018	2925	2766	2565	2415	2249	2131	2047	2017	2122	2323	2596	2804	2960	3020	2962	2851	2720	2566	2383	2233	2091	2002	1862	
124	10706	95.0	95.0	39	1	1	2	934	1026	1295	1712	2195	2597	2905	2976	3003	2894	2767	2616	2428	2246	2125	2051	2026	2143	2307	2563	2800	2912	3017	2959	2847	2726	2556	2395	2210	2072	1991	1861	
124	10767	59.9	60.1	39	1	1	2	993	1208	1756	2543	3543	4336	4871	4974	4884	4592	4274	3929	3591	3236	2938	2745	2610	2682	2846	3132	3432	3643	3709	3662	3530	3306	3060	2819	2623	2404	2218	2118	
124	10784	59.9	60.0	39	1	1	2	991	1200	1776	2597	3536	4329	4897	4981	4867	4581	4307	3984	3612	3260	2968	2746	2625	2658	2819	3124	3398	3641	3740	3654	3498	3283	3075	2820	2591	2404	2250	2102	
124	10802	60.0	60.0	39	1	1	2	998	1207	1766	2561	3601	4377	4939	5058	4963	4621	4307	3954	3617	3215	2985	2745	2648	2661	2844	3162	3461	3657	3744	3642	3478	3303	3104	2840	2612	2381	2282	2093	
124	10819	60.0	60.0	39	1	1	2	986	1197	1768	2600	3553	4346	4902	5008	4897	4659	4295	3963	3608	3253	2990	2761	2621	2690	2839	3166	3456	3688	3720	3663	3522	3313	3130	2820	2604	2380	2276	2119	
124	10836	59.9	60.0	39	1	1	2	999	1209	1771	2609	3564	4357	4910	5025	4940	4602	4291	3982	3615	3242	2985	2776	2628	2663	2840	3172	3415	3650	3734	3636	3493	3326	3092	2841	2625	2422	2273	2102	
124	10853	60.0	60.0	39	1	1	2	995	1194	1775	2586	3533	4346	4895	4928	4861	4614	4280	3934	3585	3208	2977	2746	2640	2681	2842	3143	3427	3630	3732	3628	3485	3289	3062	2825	2617	2399	2234	2100	
124	10870	60.0	60.0	39	1	1	2	990	1215	1743	2562	3559	4347	4876	4942	4874	4602	4279	3909	3501	3240	2963	2718	2632	2677	2852	3138	3395	3653	3688	3636	3447	3268	3064	2811	2578	2392	2236	2100	
124	10935	95.0	95.1	40	1	0	2	924	1033	1267	1701	2234	2644	2950	3031	3028	2943	2781	2635	2454	2262	2144	2065	2053	2129	2349	2591	2796	2990	3024	3000	2860	2711	2580	2435	2251	2100	2000	1880	
124	10952	95.0	95.0	40	1	1	2	917	996	1282	1695	2181	2632	2924	3001	2973	2936	2777	2594	2390	2240	2124	2035	2012	2130	2329	2557	2760	2940	2962	2953	2821	2688	2549	2410	2249	2090	1970	1869	
124	11015	60.0	60.1	40	1	1	2	996	1217	1749	2572	3556	4341	4938	5000	4891	4612	4283	3925	3602	3272	2927	2739	2640	2678	2847	3141	3456	3655	3739	3634	3502	3289	3100	2808	2613	2423	2233	2117	
124	11032	60.0	60.0	40	1	1	2	989	1204	1751	2572	3543	4348	4896	4984	4894	4601	4276	3939	3559	3244	2952	2733	2642	2649	2846	3173	3426	3656	3728	3645	3508	3295	3082	2840	2590	2390	2241	2090	
124	11050	60.0	60.0	40	1	1	2	1001	1205	1742	2595	3577	4400	4970	5052	4934	4645	4277	3996	3627	3289	2962	2744	2628	2685	2875	3154	3439	3697	3702	3660	3532	3318	3100	2838	2607	2403	2253	2113	
124	11067	60.0	60.0	40	1	1	2	986	1216	1765	2641	3629	4391	4955	5008	4945	4702	4302	3975	3651	3255	2984	2756	2652	2657	2856	3159	3447	3686	3705	3676	3492	3311	3100	2858	2635	2402	2246	2101	
124	11084	59.9	60.0	40	1	1	2	998	1215	1782	2588	3576	4339	4914	4983	4872	4586	4326	3964	3612	3228	2938	2719	2601	2662	2857	3104	3449	3663	3727	3658	3492	3291	3090	2829	2570	2402	2242	2127	
124	11101	60.0	60.0	40	1	1	2	999	1213	1768	2613	3579	4352	4913	5030	4922	4642	4335	3912	3591	3228	2984	2737	2625	2662	2860	3177	3450	3720	3733	3651	3500	3325	3089	2792	2611	2396	2278	2100	
124	11119	59.9	60.0	40	1	1	2	998	1192	1765	2594	3562	4334	4877	5011	4899	4609	4295	3990	3601	3265	2985	2734	2631	2647	2840	3160	3396	3659	3685	3709	3488	3277	3088	2833	2614	2404	2251	2089	
