Well	Time (1/2 s)	Block Temp	Sample Temp	Repetition	PCR Stage	Extension	Scale	B1	B2	B3	B4	B5	B6	B7	B8	B9	B10	B11	B12	B13	B14	B15	B16	B17	B18	B19	B20	B21	B22	B23	B24	B25	B26	B27	B28	B29	B30	B31	B32
76	108	94.9	95.1	1	0	0	2	926	1057	1366	1782	2312	2774	3068	3171	3114	3041	2873	2712	2514	2367	2216	2114	2145	2210	2440	2698	2989	3111	3189	3119	3013	2883	2701	2534	2364	2221	2069	1964	
76	125	95.0	95.0	1	0	0	2	940	1053	1357	1803	2263	2733	2978	3093	3108	3000	2838	2689	2509	2326	2197	2082	2098	2214	2424	2668	2954	3085	3158	3146	3022	2895	2650	2522	2359	2199	2075	1952	
76	142	95.0	95.0	1	0	0	2	933	1051	1332	1754	2255	2735	2970	3066	3076	2934	2813	2668	2493	2319	2184	2104	2106	2198	2408	2648	2935	3048	3134	3082	3009	2854	2682	2511	2317	2191	2073	1953	
76	159	95.0	95.0	1	0	0	2	936	1039	1363	1762	2268	2701	2959	3053	3071	2996	2791	2683	2465	2315	2177	2105	2118	2168	2404	2660	2953	3071	3154	3080	2971	2844	2696	2502	2350	2185	2050	1968	
76	177	95.0	95.0	1	0	0	2	934	1086	1347	1770	2248	2709	2956	3066	3040	2958	2797	2670	2466	2296	2147	2102	2059	2208	2398	2636	2934	3098	3156	3107	2981	2858	2698	2476	2342	2158	2074	1954	
76	194	95.0	95.0	1	0	0	2	933	1052	1357	1779	2251	2712	2970	3075	3076	2935	2803	2659	2456	2290	2169	2066	2110	2179	2394	2664	2926	3063	3134	3117	3000	2850	2665	2500	2335	2173	2065	1950	
76	211	95.0	95.0	1	0	0	2	930	1102	1336	1759	2277	2711	2948	3086	3086	2977	2840	2635	2483	2324	2171	2109	2056	2227	2400	2680	2971	3049	3137	3082	2986	2854	2672	2488	2338	2202	2066	1958	
76	228	94.9	95.0	1	0	0	2	915	1050	1357	1759	2260	2701	2939	3067	3056	2992	2807	2658	2476	2307	2185	2085	2101	2169	2393	2675	2954	3068	3173	3105	2958	2864	2659	2467	2325	2173	2073	1928	
76	246	95.0	95.0	1	0	0	2	931	1082	1331	1770	2263	2705	2973	3087	3066	2966	2808	2629	2463	2284	2168	2077	2097	2189	2390	2625	2984	3076	3163	3111	2985	2855	2646	2485	2349	2178	2081	1945	
76	263	95.0	95.0	1	0	0	2	925	1042	1337	1763	2265	2719	2940	3068	3076	2957	2818	2629	2442	2321	2166	2088	2099	2222	2421	2667	2928	3081	3156	3071	2962	2854	2629	2486	2335	2194	2091	1929	
76	280	95.0	95.0	1	0	0	2	932	1049	1352	1757	2241	2689	2947	3072	3050	2962	2809	2656	2462	2291	2169	2083	2080	2190	2410	2652	2962	3048	3149	3094	2983	2850	2608	2496	2338	2159	2075	1928	
76	297	95.0	95.0	1	0	0	2	935	1053	1336	1757	2235	2712	2993	3049	3051	2973	2804	2641	2462	2278	2172	2094	2103	2190	2405	2645	2933	3074	3135	3076	2966	2820	2677	2474	2327	2151	2043	1933	
76	315	95.0	95.0	1	0	0	2	933	1042	1334	1753	2262	2701	2902	3062	3065	2918	2828	2636	2485	2293	2170	2072	2121	2178	2399	2658	2930	3097	3137	3094	2970	2812	2691	2491	2337	2175	2033	1922	
76	332	95.0	95.0	1	0	0	2	928	1071	1312	1762	2269	2699	2956	3025	3046	2957	2813	2649	2475	2293	2173	2086	2094	2219	2394	2675	2938	3048	3119	3097	3002	2860	2647	2489	2331	2178	2077	1944	
76	349	95.0	95.0	1	0	0	2	941	1063	1334	1746	2270	2707	2977	3033	3040	2951	2830	2654	2477	2301	2154	2101	2110	2198	2427	2657	2955	3072	3139	3085	2961	2872	2653	2493	2315	2204	2083	1936	
76	366	94.9	95.0	1	0	0	2	934	1047	1352	1746	2257	2681	2977	3031	3067	2962	2832	2654	2474	2318	2156	2073	2121	2182	2388	2671	2954	3082	3167	3097	2961	2850	2651	2511	2347	2174	2102	1992	
76	384	95.0	95.0	1	0	0	2	925	1067	1328	1764	2256	2690	2940	3057	3041	2979	2788	2641	2462	2316	2130	2074	2072	2197	2389	2635	2933	3055	3149	3099	2990	2854	2654	2520	2324	2176	2063	1943	
76	401	95.0	95.0	1	0	0	2	925	1053	1339	1775	2266	2675	2946	3063	3052	2952	2812	2655	2472	2304	2177	2077	2109	2195	2399	2639	2930	3050	3120	3094	2992	2835	2649	2494	2358	2187	2061	1933	
76	418	95.0	95.0	1	0	0	2	935	1056	1348	1740	2271	2721	2938	3068	3079	2948	2832	2640	2470	2296	2157	2114	2106	2185	2394	2667	2933	3065	3165	3128	2971	2837	2665	2497	2343	2162	2079	1950	
76	435	94.9	95.0	1	0	0	2	926	1051	1358	1758	2275	2722	2983	3063	3075	2948	2811	2653	2439	2295	2162	2081	2104	2199	2427	2682	2953	3074	3150	3079	2992	2830	2657	2469	2332	2181	2076	1953	
76	453	95.0	95.0	1	0	0	2	932	1038	1333	1744	2263	2691	2971	3031	3050	2957	2771	2673	2468	2288	2169	2090	2083	2155	2389	2654	2925	3069	3160	3063	2985	2852	2678	2462	2313	2153	2068	1958	
76	470	95.0	95.0	1	0	0	2	935	1058	1334	1748	2262	2712	2961	3045	3040	2962	2804	2604	2455	2308	2141	2077	2094	2181	2409	2669	2960	3052	3108	3084	3002	2847	2648	2496	2332	2171	2063	1952	
76	487	95.0	95.0	1	0	0	2	918	1049	1329	1761	2284	2706	2930	3051	3062	2982	2798	2672	2488	2268	2161	2073	2121	2198	2427	2666	2972	3093	3142	3114	2989	2857	2707	2507	2369	2187	2052	1954	
76	504	94.9	95.0	1	0	0	2	933	1051	1343	1765	2238	2676	2971	3073	3063	2954	2842	2655	2493	2344	2168	2114	2108	2191	2384	2682	2944	3084	3201	3106	2992	2875	2660	2483	2328	2176	2063	1959	
76	522	95.0	95.0	1	0	0	2	913	1046	1328	1750	2261	2712	2968	3073	3066	2972	2782	2636	2464	2268	2175	2086	2106	2193	2423	2705	2958	3090	3132	3128	2997	2798	2637	2491	2348	2174	2068	1962	
76	539	94.9	95.0	1	0	0	2	943	1048	1327	1735	2276	2699	2948	3066	3079	2984	2815	2653	2481	2296	2212	2097	2092	2178	2390	2660	2949	3069	3140	3086	3027	2846	2652	2505	2350	2168	2107	1951	
76	556	95.0	95.0	1	0	0	2	936	1082	1333	1787	2286	2683	2946	3088	3063	2981	2787	2665	2467	2297	2187	2092	2097	2205	2406	2663	2938	3068	3130	3104	3017	2839	2656	2466	2305	2202	2082	1946	
76	573	95.0	95.0	1	0	0	2	928	1053	1324	1789	2278	2707	2950	3051	3040	2991	2828	2636	2448	2328	2180	2099	2121	2176	2375	2658	2937	3121	3133	3111	2972	2832	2689	2496	2361	2170	2072	1939	
76	591	95.0	95.0	1	0	0	2	945	1067	1330	1754	2236	2694	2980	3041	3057	2971	2841	2653	2495	2268	2149	2097	2107	2219	2390	2667	2941	3080	3185	3102	3010	2852	2707	2461	2352	2173	2066	1947	
76	608	95.0	95.0	1	0	0	2	952	1053	1341	1772	2289	2690	2952	3054	3076	2941	2805	2678	2463	2314	2172	2101	2098	2188	2381	2685	2934	3076	3136	3124	2961	2872	2660	2465	2349	2140	2062	1949	
76	625	95.0	95.0	1	0	0	2	935	1053	1368	1758	2246	2710	2978	3073	3082	2983	2801	2669	2460	2296	2206	2096	2090	2196	2436	2657	2941	3076	3152	3120	2985	2832	2679	2491	2309	2195	2070	1960	
76	642	94.9	95.0	1	0	0	2	953	1043	1352	1776	2279	2706	2979	3069	3059	3013	2815	2682	2468	2308	2170	2089	2118	2200	2396	2659	2925	3080	3177	3099	2997	2857	2689	2480	2348	2172	2070	1945	
76	660	95.0	95.0	1	0	0	2	934	1041	1354	1739	2257	2678	2958	3088	3090	2984	2835	2659	2482	2324	2187	2083	2116	2224	2397	2653	2939	3055	3164	3095	2976	2849	2664	2488	2365	2199	2069	1949	
76	677	95.0	95.0	1	0	0	2	936	1044	1338	1752	2272	2704	2968	3053	3055	2955	2813	2664	2480	2275	2198	2090	2092	2194	2412	2645	2905	3065	3124	3099	3003	2878	2676	2504	2346	2188	2081	1936	
76	694	95.0	95.0	1	0	0	2	928	1045	1335	1761	2264	2716	2967	3052	3085	2998	2829	2650	2497	2317	2172	2091	2090	2199	2410	2669	2949	3083	3185	3096	2991	2809	2656	2504	2346	2193	2094	1960	
76	711	95.0	95.0	1	0	0	2	931	1059	1338	1770	2282	2708	2990	3067	3109	3002	2857	2676	2473	2333	2180	2096	2084	2181	2432	2688	2950	3063	3148	3092	2988	2890	2662	2504	2347	2194	2070	1951	
76	729	95.0	95.0	1	0	0	2	938	1061	1354	1777	2269	2704	2965	3087	3092	2984	2841	2673	2474	2316	2189	2077	2128	2193	2415	2662	2952	3090	3144	3090	2977	2864	2671	2494	2334	2193	2094	1943	
76	746	94.9	95.0	1	0	0	2	928	1070	1331	1765	2286	2697	2970	3084	3083	2975	2832	2668	2484	2336	2206	2075	2107	2192	2406	2644	2950	3042	3142	3097	2976	2834	2650	2471	2351	2209	2096	1965	
76	763	94.9	95.0	1	0	0	2	939	1068	1340	1764	2278	2729	2974	3064	3070	2962	2864	2645	2477	2322	2193	2106	2068	2169	2412	2648	2908	3060	3127	3126	2977	2846	2660	2482	2339	2200	2056	1951	
76	780	95.0	95.0	1	0	0	2	938	1068	1341	1757	2254	2749	2996	3077	3080	2985	2809	2658	2490	2328	2194	2095	2082	2209	2390	2675	2952	3092	3202	3132	2987	2858	2686	2490	2356	2202	2069	1932	
76	798	95.0	95.0	1	0	0	2	941	1046	1335	1764	2275	2730	3005	3051	3046	2978	2812	2652	2480	2306	2190	2092	2092	2161	2393	2661	2952	3090	3180	3083	3017	2869	2674	2489	2367	2168	2064	1954	
76	815	94.9	95.0	1	0	0	2	924	1047	1336	1776	2254	2684	2961	3089	3076	2972	2834	2674	2494	2321	2227	2103	2113	2203	2388	2678	2921	3067	3166	3094	2990	2877	2660	2492	2347	2184	2085	1939	
76	832	94.9	95.0	1	0	0	2	932	1057	1343	1760	2262	2707	2984	3084	3080	2988	2843	2671	2465	2320	2197	2082	2091	2194	2403	2662	2934	3066	3202	3122	2976	2842	2652	2519	2358	2181	2071	1964	
76	849	94.9	95.0	1	0	0	2	924	1041	1350	1755	2271	2726	3000	3075	3064	2968	2829	2653	2485	2316	2182	2101	2091	2211	2395	2676	2966	3072	3140	3099	2999	2833	2671	2478	2365	2186	2075	1963	
76	867	94.9	95.0	1	0	0	2	936	1058	1341	1760	2243	2696	2958	3067	3088	3002	2802	2691	2488	2339	2179	2113	2103	2193	2383	2680	2951	3085	3153	3119	2995	2864	2675	2476	2360	2163	2080	1935	
76	884	95.0	95.0	1	0	0	2	920	1064	1345	1710	2271	2715	2976	3090	3083	3001	2827	2667	2477	2320	2170	2097	2100	2184	2377	2675	2963	3088	3185	3112	2965	2840	2676	2488	2344	2191	2064	1944	
76	901	95.0	95.0	1	0	0	2	927	1057	1348	1773	2257	2736	2977	3087	3073	2980	2821	2664	2512	2318	2197	2099	2103	2200	2395	2675	2959	3066	3129	3096	2970	2843	2650	2472	2334	2160	2064	1940	
76	918	95.0	95.0	1	0	0	2	934	1048	1350	1744	2274	2720	3002	3083	3104	2982	2818	2658	2484	2317	2167	2113	2092	2215	2394	2651	2949	3072	3155	3095	3012	2857	2681	2501	2336	2184	2087	1944	
76	936	95.0	95.0	1	0	0	2	918	1070	1356	1781	2284	2730	2977	3092	3074	2966	2830	2664	2473	2301	2172	2095	2090	2177	2420	2679	2933	3055	3152	3129	2988	2858	2659	2501	2301	2173	2077	1950	
76	953	95.0	95.0	1	0	0	2	921	1061	1333	1727	2276	2732	2953	3121	3089	2982	2828	2661	2468	2323	2219	2102	2110	2208	2439	2691	2985	3040	3187	3116	2991	2878	2681	2508	2335	2180	2095	1945	
76	970	95.0	95.0	1	0	0	2	932	1045	1348	1745	2278	2718	3000	3092	3098	2994	2818	2693	2467	2311	2179	2099	2106	2215	2403	2683	2967	3055	3158	3105	3010	2844	2647	2504	2329	2181	2089	1937	
76	987	95.0	95.0	1	0	0	2	938	1055	1357	1769	2266	2710	2974	3091	3098	3021	2862	2658	2492	2310	2196	2091	2095	2207	2393	2681	2982	3088	3169	3091	2999	2880	2699	2488	2347	2205	2084	1981	
76	1005	95.0	95.0	1	0	0	2	920	1048	1333	1784	2272	2741	3015	3085	3029	3015	2835	2680	2473	2344	2178	2092	2123	2185	2401	2676	2968	3093	3182	3119	3020	2860	2668	2490	2365	2198	2073	1937	
76	1022	95.0	95.0	1	0	0	2	924	1059	1345	1775	2281	2714	2966	3088	3042	2972	2841	2664	2495	2296	2172	2092	2096	2212	2402	2665	2932	3078	3151	3094	2988	2859	2670	2468	2314	2165	2056	1959	
76	1039	95.0	95.0	1	0	0	2	930	1055	1345	1765	2286	2729	3008	3097	3079	2988	2847	2704	2498	2310	2217	2085	2100	2200	2409	2656	2965	3076	3145	3086	2985	2851	2704	2498	2308	2200	2075	1956	
76	1056	94.9	95.0	1	0	0	2	929	1056	1327	1743	2269	2722	2981	3086	3077	2956	2839	2664	2480	2302	2186	2091	2073	2229	2406	2666	2950	3056	3180	3087	2999	2847	2645	2466	2347	2174	2072	1953	
76	1073	95.0	95.0	1	0	0	2	939	1067	1350	1765	2298	2726	3015	3096	3092	2985	2820	2696	2508	2296	2196	2109	2092	2209	2403	2687	2952	3077	3183	3117	3004	2889	2668	2511	2320	2201	2091	1971	
76	1091	94.9	95.0	1	0	0	2	930	1046	1341	1763	2254	2700	2971	3069	3108	2989	2844	2716	2488	2359	2163	2102	2118	2203	2430	2681	2953	3052	3147	3096	2982	2884	2648	2479	2343	2181	2050	1952	
76	1108	95.0	95.0	1	0	0	2	933	1043	1341	1780	2277	2730	3006	3077	3069	3034	2799	2670	2480	2305	2180	2073	2104	2206	2408	2679	2937	3092	3175	3107	2987	2860	2656	2487	2355	2187	2062	1944	
76	1125	95.0	95.0	1	0	0	2	926	1059	1356	1768	2276	2745	2976	3082	3085	3026	2836	2695	2481	2336	2198	2082	2119	2215	2387	2690	2937	3070	3168	3095	2982	2885	2643	2509	2341	2212	2068	1945	
76	1142	95.0	95.0	1	0	0	2	934	1048	1340	1769	2299	2734	3009	3092	3092	3016	2824	2698	2501	2325	2189	2083	2107	2223	2409	2663	2942	3057	3140	3098	2983	2856	2662	2515	2360	2216	2066	1959	
76	1160	95.0	95.0	1	0	0	2	932	1052	1352	1774	2280	2708	3000	3114	3095	3001	2812	2648	2482	2283	2183	2093	2104	2217	2392	2634	2959	3055	3184	3090	2983	2850	2665	2513	2357	2196	2083	1947	
76	1177	95.0	95.0	1	0	0	2	937	1052	1354	1790	2291	2713	2996	3150	3101	3023	2843	2715	2512	2336	2179	2118	2102	2224	2386	2692	2956	3064	3160	3132	2980	2858	2663	2526	2319	2209	2070	1946	
76	1194	95.0	95.0	1	0	0	2	935	1068	1347	1777	2275	2714	2972	3066	3101	2990	2853	2650	2514	2313	2203	2085	2105	2185	2464	2649	2951	3096	3150	3118	3025	2851	2678	2499	2312	2202	2086	1959	
76	1211	95.0	95.0	1	0	0	2	943	1051	1358	1767	2288	2740	2996	3106	3067	3011	2829	2692	2442	2336	2201	2124	2091	2193	2400	2662	2945	3044	3156	3100	3000	2844	2650	2492	2337	2205	2086	1944	
76	1229	95.0	95.0	1	0	0	2	938	1064	1365	1764	2282	2737	3019	3070	3101	3004	2874	2679	2494	2323	2208	2106	2101	2203	2387	2689	2964	3110	3140	3093	2980	2847	2698	2484	2319	2206	2088	1945	
76	1246	95.0	95.0	1	0	0	2	938	1053	1348	1757	2293	2740	2979	3070	3131	3016	2872	2701	2487	2336	2206	2099	2109	2185	2380	2680	2953	3094	3174	3119	2980	2838	2669	2506	2328	2174	2085	1940	
76	1263	94.9	95.0	1	0	0	2	927	1068	1333	1751	2234	2707	2993	3100	3106	3002	2820	2653	2508	2333	2168	2119	2109	2205	2402	2691	2965	3089	3128	3128	2976	2856	2651	2474	2343	2198	2063	1950	
76	1280	95.0	95.0	1	0	0	2	935	1069	1341	1785	2293	2746	3009	3104	3088	3011	2855	2683	2520	2314	2207	2118	2113	2198	2431	2691	2951	3093	3117	3112	3004	2844	2673	2511	2368	2221	2095	1965	
76	1327	94.9	95.0	1	1	0	2	933	1073	1330	1770	2266	2752	2993	3066	3110	2998	2837	2704	2503	2348	2198	2127	2062	2205	2430	2674	2905	3092	3171	3125	2994	2858	2692	2506	2346	2208	2091	1966	
76	1390	59.9	60.1	1	1	1	2	1018	1284	1880	2793	3845	4733	5210	5265	5168	4948	4571	4219	3839	3421	3164	2928	2809	2830	3024	3332	3684	3836	3939	3905	3715	3543	3234	2985	2755	2550	2390	2211	
76	1408	59.9	60.0	1	1	1	2	995	1261	1880	2814	3840	4712	5205	5295	5175	4912	4561	4188	3798	3431	3165	2896	2776	2796	3009	3300	3675	3832	3953	3913	3701	3532	3225	2992	2757	2548	2397	2213	
76	1425	59.9	60.0	1	1	1	2	1015	1268	1884	2789	3849	4778	5147	5260	5183	4915	4519	4163	3786	3462	3127	2904	2805	2806	3010	3300	3681	3815	3966	3895	3704	3503	3224	2930	2746	2553	2382	2214	
76	1442	59.9	60.0	1	1	1	2	1012	1280	1906	2786	3845	4728	5133	5274	5154	4884	4572	4181	3789	3474	3097	2893	2794	2831	2993	3295	3651	3831	3957	3884	3665	3503	3220	2932	2729	2520	2385	2186	
76	1459	60.0	60.0	1	1	1	2	1018	1297	1885	2754	3867	4723	5142	5293	5175	4885	4509	4189	3785	3426	3149	2905	2795	2820	2984	3343	3665	3836	3932	3855	3662	3476	3227	2981	2750	2514	2384	2213	
76	1477	60.0	60.0	1	1	1	2	1012	1268	1921	2785	3812	4715	5184	5259	5140	4878	4555	4186	3759	3461	3121	2874	2780	2782	3008	3310	3637	3799	3951	3882	3685	3494	3216	2969	2728	2522	2401	2237	
76	1494	59.9	60.0	1	1	1	2	1025	1287	1895	2794	3848	4703	5176	5281	5141	4867	4519	4157	3820	3411	3160	2869	2765	2804	2987	3322	3642	3844	3925	3874	3651	3487	3212	2968	2751	2521	2391	2200	
76	1556	95.0	95.1	2	1	0	2	930	1045	1347	1744	2226	2668	2928	2999	3017	2928	2808	2625	2450	2277	2107	2048	2067	2143	2356	2601	2883	3000	3086	3033	2913	2777	2611	2451	2287	2135	2029	1880	
76	1574	95.0	95.0	2	1	1	2	937	1032	1290	1745	2244	2684	2913	2998	3057	2933	2744	2659	2423	2294	2137	2083	2085	2164	2334	2637	2874	2989	3095	3024	2937	2790	2618	2456	2295	2142	2032	1876	
76	1635	59.9	60.1	2	1	1	2	1000	1241	1856	2717	3707	4567	5024	5086	5028	4734	4407	4050	3680	3353	3047	2829	2716	2742	2940	3203	3549	3740	3898	3763	3617	3430	3147	2902	2719	2472	2345	2172	
76	1652	59.9	60.0	2	1	1	2	1021	1249	1833	2720	3738	4556	5002	5128	4959	4739	4374	4064	3668	3292	3036	2826	2709	2736	2936	3217	3559	3724	3825	3766	3612	3437	3137	2908	2681	2494	2354	2194	
76	1669	59.9	60.0	2	1	1	2	1004	1251	1841	2700	3712	4575	4985	5100	4948	4745	4383	4034	3649	3346	3053	2780	2712	2705	2903	3249	3575	3725	3824	3787	3596	3413	3148	2911	2700	2476	2323	2166	
76	1686	59.9	60.0	2	1	1	2	1017	1278	1828	2712	3744	4551	5013	5086	4991	4740	4408	4033	3661	3359	3033	2809	2702	2771	2906	3249	3595	3724	3831	3772	3626	3413	3136	2912	2668	2486	2325	2167	
76	1703	59.9	60.0	2	1	1	2	1030	1267	1842	2698	3745	4568	5007	5131	4983	4765	4430	4063	3672	3340	3043	2812	2728	2730	2925	3250	3623	3740	3814	3779	3604	3399	3125	2926	2701	2480	2337	2173	
76	1721	60.0	60.0	2	1	1	2	1016	1261	1861	2720	3706	4575	5024	5096	4990	4718	4378	4082	3707	3337	3010	2790	2735	2737	2920	3280	3540	3757	3823	3773	3621	3434	3139	2884	2720	2481	2342	2174	
76	1738	59.9	60.0	2	1	1	2	1021	1280	1859	2721	3702	4593	5006	5117	5008	4747	4391	4072	3712	3340	3061	2815	2721	2726	2941	3247	3553	3785	3852	3783	3617	3425	3138	2896	2734	2488	2349	2176	
76	1801	95.0	95.0	3	1	0	2	918	1064	1328	1759	2281	2711	2999	3066	3071	2991	2790	2644	2479	2268	2157	2074	2100	2148	2367	2615	2877	3018	3112	3006	2927	2813	2626	2429	2308	2157	2041	1912	
76	1818	95.0	95.0	3	1	1	2	928	1049	1348	1753	2248	2679	2938	3046	3043	2962	2790	2616	2462	2250	2144	2097	2059	2145	2356	2612	2865	2996	3063	3002	2933	2778	2577	2442	2276	2138	2032	1925	
76	1879	59.9	60.1	3	1	1	2	994	1274	1814	2692	3665	4542	4883	5040	4916	4688	4293	3995	3591	3287	2998	2794	2697	2704	2891	3178	3529	3688	3784	3760	3578	3398	3129	2867	2665	2476	2290	2147	
76	1896	59.9	60.0	3	1	1	2	994	1259	1841	2671	3676	4502	4919	5027	4953	4695	4353	4024	3617	3309	3025	2795	2659	2711	2938	3211	3519	3704	3830	3710	3591	3385	3117	2872	2663	2462	2306	2125	
76	1913	60.0	60.0	3	1	1	2	1008	1258	1854	2684	3664	4554	4971	5114	4972	4700	4340	4022	3656	3317	3021	2816	2682	2730	2909	3174	3540	3720	3862	3781	3569	3387	3154	2890	2671	2476	2314	2159	
76	1930	60.0	60.0	3	1	1	2	1003	1245	1880	2742	3704	4592	5032	5120	5015	4772	4392	4074	3666	3352	3046	2814	2690	2736	2904	3226	3586	3755	3876	3761	3597	3420	3134	2885	2677	2499	2299	2187	
76	1948	60.0	60.0	3	1	1	2	1017	1253	1841	2745	3706	4569	4950	5059	4964	4723	4387	4018	3687	3319	3023	2822	2702	2726	2906	3242	3599	3731	3847	3776	3600	3432	3112	2912	2687	2460	2319	2140	
76	1965	59.9	60.0	3	1	1	2	1019	1256	1850	2684	3712	4560	4947	5056	4955	4721	4353	4069	3661	3326	2998	2815	2723	2715	2887	3204	3546	3727	3839	3783	3590	3408	3081	2873	2702	2470	2319	2159	
76	1982	60.0	60.0	3	1	1	2	1004	1206	1872	2678	3702	4526	5015	5072	5000	4730	4328	4027	3684	3313	3031	2799	2713	2704	2908	3232	3556	3719	3798	3762	3581	3411	3128	2894	2676	2476	2367	2183	
76	2047	94.9	95.1	4	1	0	2	933	1043	1330	1745	2246	2696	2950	3060	3038	2967	2762	2616	2458	2281	2167	2105	2060	2168	2361	2639	2869	3006	3090	3057	2913	2799	2628	2449	2252	2153	2011	1927	
76	2064	95.0	95.0	4	1	1	2	916	1044	1342	1724	2254	2652	2962	3013	3034	2946	2804	2616	2439	2300	2156	2030	2063	2162	2347	2607	2870	3007	3073	3000	2918	2797	2612	2403	2283	2136	2015	1893	
76	2127	59.9	60.1	4	1	1	2	995	1267	1850	2690	3667	4511	4922	5016	4934	4635	4332	4008	3650	3282	3000	2754	2711	2739	2888	3187	3518	3687	3782	3746	3571	3380	3150	2870	2677	2442	2315	2156	
76	2144	60.0	60.0	4	1	1	2	995	1240	1855	2671	3694	4519	4920	5008	4934	4712	4323	4007	3663	3311	2993	2777	2692	2700	2900	3228	3527	3716	3785	3720	3573	3411	3123	2885	2682	2461	2280	2111	
76	2161	59.9	60.0	4	1	1	2	1010	1266	1857	2758	3693	4548	4954	5082	4979	4735	4380	4052	3681	3329	3049	2811	2719	2683	2911	3216	3543	3754	3838	3757	3583	3401	3132	2871	2709	2473	2315	2170	
76	2179	60.0	60.0	4	1	1	2	1013	1252	1841	2703	3743	4536	5002	5084	5000	4705	4391	4008	3644	3303	3042	2810	2706	2717	2913	3188	3530	3696	3832	3737	3586	3371	3119	2888	2699	2466	2336	2127	
76	2196	60.0	60.0	4	1	1	2	1005	1251	1848	2718	3722	4562	4987	5073	4984	4707	4370	4030	3666	3303	2997	2784	2696	2714	2896	3215	3548	3701	3814	3749	3584	3406	3121	2859	2658	2460	2312	2133	
76	2213	60.0	60.0	4	1	1	2	1011	1247	1838	2742	3691	4523	4945	5042	4983	4713	4318	4036	3616	3327	3029	2806	2667	2703	2888	3194	3549	3704	3804	3743	3551	3404	3139	2874	2677	2483	2300	2159	
76	2230	60.0	60.0	4	1	1	2	989	1262	1868	2711	3685	4592	5013	5090	4991	4704	4352	4060	3690	3327	3036	2802	2683	2691	2909	3197	3568	3680	3817	3746	3563	3401	3117	2914	2687	2464	2321	2149	
76	2293	95.1	95.1	5	1	0	2	922	1068	1337	1753	2239	2703	2964	3002	3013	2956	2773	2611	2433	2290	2157	2060	2057	2153	2326	2601	2843	2953	3063	3018	2921	2764	2594	2398	2310	2145	2035	1927	
76	2310	95.0	95.0	5	1	1	2	943	1045	1332	1741	2221	2647	2907	3025	3013	2947	2758	2639	2425	2240	2157	2071	2080	2133	2360	2584	2849	2968	3037	2997	2915	2753	2590	2402	2250	2153	2029	1873	
76	2373	59.9	60.1	5	1	1	2	1003	1242	1820	2667	3667	4477	4921	5011	4925	4661	4347	3976	3626	3302	2979	2797	2685	2726	2877	3201	3550	3650	3765	3739	3568	3378	3077	2842	2675	2462	2294	2136	
76	2390	59.9	60.0	5	1	1	2	1011	1260	1861	2692	3728	4519	4934	5047	4934	4667	4358	4003	3622	3299	3026	2784	2702	2735	2912	3203	3540	3699	3829	3736	3562	3386	3098	2913	2673	2458	2325	2166	
76	2407	59.9	60.0	5	1	1	2	1025	1244	1851	2701	3722	4576	4978	5060	4970	4761	4375	4002	3683	3358	3046	2793	2705	2713	2906	3236	3560	3707	3795	3768	3573	3378	3135	2891	2699	2464	2361	2163	
76	2425	60.0	60.0	5	1	1	2	1005	1249	1848	2704	3717	4571	4982	5040	4993	4719	4355	4067	3681	3287	3028	2829	2724	2748	2924	3199	3575	3711	3810	3743	3562	3391	3158	2922	2658	2489	2345	2160	
76	2442	59.9	60.0	5	1	1	2	1004	1265	1843	2697	3722	4514	4984	5075	4958	4707	4341	4016	3673	3314	3038	2812	2695	2754	2905	3224	3544	3706	3817	3745	3602	3380	3145	2896	2678	2451	2312	2159	
76	2459	60.0	60.0	5	1	1	2	1002	1253	1826	2716	3708	4537	4962	5061	4968	4704	4353	4017	3710	3308	3023	2795	2705	2728	2900	3196	3503	3705	3784	3717	3577	3382	3130	2862	2677	2463	2297	2163	
76	2476	59.9	60.0	5	1	1	2	997	1271	1827	2696	3690	4521	4962	5078	4949	4704	4357	4039	3677	3309	2999	2775	2650	2730	2900	3180	3543	3714	3779	3721	3565	3379	3134	2882	2668	2438	2292	2168	
76	2541	95.0	95.1	6	1	0	2	942	1049	1338	1754	2239	2675	2916	2963	3018	2912	2758	2622	2454	2267	2127	2050	2052	2147	2328	2588	2853	2965	3049	3027	2892	2758	2583	2422	2252	2127	2007	1886	
76	2558	95.0	95.0	6	1	1	2	934	1056	1322	1739	2220	2634	2925	2981	2990	2939	2758	2608	2420	2286	2131	2060	2036	2140	2295	2565	2834	2954	3024	2991	2898	2719	2569	2426	2259	2135	2016	1896	
76	2621	59.9	60.1	6	1	1	2	1008	1239	1826	2664	3688	4485	4925	5013	4905	4673	4290	3975	3614	3306	3019	2755	2654	2715	2889	3221	3517	3681	3772	3739	3540	3351	3101	2862	2629	2458	2315	2140	
76	2638	59.9	60.0	6	1	1	2	1004	1278	1832	2693	3671	4540	4920	5026	4888	4692	4317	3980	3628	3300	3005	2778	2648	2695	2881	3204	3521	3680	3785	3715	3571	3376	3085	2832	2648	2439	2292	2130	
76	2655	60.0	60.0	6	1	1	2	1012	1270	1860	2713	3713	4512	5024	5069	4979	4682	4365	4076	3655	3306	2989	2797	2683	2697	2906	3216	3559	3730	3844	3736	3575	3383	3118	2879	2664	2448	2309	2149	
76	2673	59.9	60.0	6	1	1	2	1025	1263	1844	2689	3727	4521	4955	5038	4957	4710	4373	4005	3644	3309	3006	2807	2681	2695	2882	3204	3512	3680	3756	3744	3577	3368	3144	2852	2696	2448	2308	2164	
76	2690	60.0	60.0	6	1	1	2	1008	1242	1848	2700	3718	4502	4960	5022	4967	4616	4338	3953	3615	3278	2996	2777	2696	2690	2880	3208	3523	3710	3772	3714	3553	3342	3075	2885	2673	2477	2303	2135	
76	2707	60.0	60.0	6	1	1	2	1010	1256	1857	2652	3694	4532	4954	5083	4950	4674	4355	3989	3654	3303	3016	2800	2693	2671	2903	3174	3535	3709	3787	3729	3580	3368	3124	2865	2649	2446	2321	2149	
76	2724	60.0	60.0	6	1	1	2	1030	1256	1852	2691	3658	4522	4978	5037	4947	4668	4355	4017	3628	3314	3039	2818	2708	2690	2874	3184	3508	3711	3790	3732	3554	3352	3127	2895	2644	2456	2287	2141	
76	2789	94.9	95.1	7	1	0	2	932	1046	1352	1738	2243	2674	2905	3026	3031	2931	2789	2608	2416	2263	2136	2043	2033	2146	2342	2590	2865	2980	3041	2966	2901	2765	2562	2406	2274	2111	1996	1904	
76	2806	95.0	95.0	7	1	1	2	932	1040	1321	1727	2209	2641	2881	2980	3020	2916	2767	2579	2409	2238	2112	2026	2051	2124	2308	2559	2809	2968	3017	2968	2881	2695	2572	2409	2282	2095	1998	1897	
76	2869	59.9	60.1	7	1	1	2	1008	1250	1844	2669	3673	4488	4921	5027	4868	4670	4327	3947	3603	3298	2976	2775	2702	2692	2884	3173	3510	3666	3735	3712	3549	3373	3086	2866	2646	2434	2314	2107	
76	2886	59.9	60.0	7	1	1	2	999	1261	1833	2672	3654	4484	4934	5001	4916	4686	4302	3988	3609	3299	2997	2766	2678	2690	2862	3176	3500	3692	3749	3755	3517	3355	3084	2870	2634	2440	2303	2150	
76	2903	60.0	60.0	7	1	1	2	1014	1275	1856	2702	3664	4517	4978	5078	4933	4672	4339	4020	3648	3312	3037	2799	2682	2705	2884	3196	3525	3682	3805	3741	3587	3359	3075	2858	2644	2419	2295	2140	
76	2921	60.0	60.0	7	1	1	2	1017	1247	1842	2681	3677	4535	4966	5075	4935	4689	4349	4003	3633	3338	2995	2750	2688	2721	2892	3172	3526	3681	3798	3742	3549	3383	3126	2864	2643	2445	2309	2147	
76	2938	60.0	60.0	7	1	1	2	1017	1246	1840	2727	3692	4532	4916	5028	4953	4679	4311	4001	3633	3306	3004	2786	2678	2664	2916	3184	3508	3690	3792	3717	3539	3328	3118	2851	2646	2453	2299	2132	
76	2955	59.9	60.0	7	1	1	2	1010	1239	1836	2670	3669	4492	4896	5022	4889	4641	4305	3998	3612	3286	2984	2778	2651	2687	2858	3188	3515	3634	3791	3732	3516	3358	3066	2860	2658	2422	2299	2129	
76	2972	60.0	60.0	7	1	1	2	1012	1239	1842	2660	3659	4491	4934	5018	4962	4650	4320	4001	3625	3339	3013	2763	2652	2713	2861	3173	3518	3683	3792	3710	3541	3364	3112	2833	2636	2455	2292	2150	
76	3037	94.9	95.1	8	1	0	2	954	1036	1324	1760	2241	2678	2932	3000	3031	2894	2779	2626	2443	2282	2129	2047	2048	2136	2365	2593	2846	2970	3025	2997	2903	2767	2593	2402	2250	2094	2021	1883	
76	3054	95.0	95.0	8	1	1	2	926	1050	1328	1717	2215	2685	2916	3006	2995	2911	2759	2605	2404	2254	2132	2056	2046	2125	2309	2581	2807	2972	3013	2993	2867	2751	2558	2406	2286	2103	2010	1865	
76	3117	59.9	60.1	8	1	1	2	1007	1272	1814	2636	3635	4416	4897	4948	4864	4624	4271	3950	3588	3276	2959	2776	2654	2684	2872	3168	3473	3633	3745	3672	3537	3336	3103	2831	2647	2444	2283	2109	
76	3134	59.9	60.0	8	1	1	2	1005	1267	1821	2652	3632	4457	4893	4991	4899	4629	4290	3949	3593	3237	3016	2790	2667	2683	2866	3152	3474	3650	3776	3704	3509	3344	3092	2853	2622	2430	2279	2122	
76	3152	60.0	60.0	8	1	1	2	997	1251	1832	2669	3708	4510	4924	5037	4886	4628	4335	4010	3663	3266	3019	2780	2658	2672	2869	3207	3520	3673	3776	3675	3504	3372	3101	2865	2636	2439	2291	2124	
76	3169	60.0	60.0	8	1	1	2	1001	1243	1855	2661	3701	4530	4898	5022	4915	4655	4316	3955	3575	3299	3001	2753	2671	2698	2901	3166	3511	3663	3781	3661	3505	3352	3096	2843	2658	2426	2288	2131	
76	3186	59.9	60.0	8	1	1	2	1007	1249	1839	2698	3685	4491	4914	4993	4908	4681	4324	3965	3630	3252	2966	2787	2670	2687	2900	3158	3482	3656	3768	3678	3517	3340	3052	2843	2644	2445	2308	2130	
76	3203	59.9	60.0	8	1	1	2	1006	1244	1845	2659	3698	4487	4924	5000	4865	4588	4319	3967	3610	3285	2958	2754	2648	2681	2839	3179	3490	3677	3746	3690	3523	3369	3087	2826	2653	2423	2286	2148	
76	3221	60.0	60.0	8	1	1	2	1010	1249	1863	2691	3699	4509	4888	5002	4900	4619	4280	3980	3609	3264	3002	2755	2647	2691	2848	3180	3457	3677	3772	3667	3501	3319	3089	2833	2660	2421	2271	2130	
76	3283	94.9	95.0	9	1	0	2	927	1067	1321	1715	2211	2665	2883	2996	2976	2868	2761	2621	2418	2248	2120	2032	2032	2120	2298	2529	2806	2918	3039	2945	2879	2751	2549	2397	2260	2106	2003	1878	
76	3300	95.0	95.0	9	1	1	2	920	1044	1318	1732	2196	2602	2887	2948	2969	2896	2710	2576	2407	2237	2107	2006	2034	2091	2292	2541	2810	2903	2984	2932	2831	2716	2530	2372	2241	2079	1974	1863	
76	3363	60.0	60.1	9	1	1	2	998	1240	1824	2597	3599	4424	4843	4904	4784	4556	4279	3920	3557	3230	2978	2762	2635	2665	2819	3119	3464	3620	3732	3653	3482	3322	3048	2808	2608	2425	2245	2115	
76	3380	59.9	60.0	9	1	1	2	1001	1241	1843	2630	3616	4468	4848	4987	4863	4609	4275	3976	3619	3236	2970	2767	2647	2677	2821	3161	3477	3620	3735	3664	3519	3309	3052	2828	2619	2389	2276	2153	
76	3398	59.9	60.0	9	1	1	2	1017	1270	1819	2632	3644	4486	4918	5012	4903	4599	4278	3954	3600	3246	2988	2747	2660	2685	2882	3150	3511	3638	3770	3708	3520	3355	3093	2864	2634	2423	2284	2139	
76	3415	60.0	60.0	9	1	1	2	1018	1241	1833	2649	3650	4470	4899	4930	4852	4625	4299	3956	3587	3267	2970	2760	2648	2681	2835	3139	3491	3606	3734	3685	3459	3333	3053	2837	2614	2414	2269	2119	
76	3432	60.0	60.0	9	1	1	2	1011	1256	1814	2651	3624	4477	4878	4963	4849	4582	4305	3944	3594	3286	2965	2750	2627	2668	2854	3113	3472	3622	3727	3698	3524	3305	3053	2841	2650	2396	2271	2133	
76	3449	59.9	60.0	9	1	1	2	995	1241	1816	2671	3620	4463	4866	4941	4845	4635	4264	3923	3573	3258	2960	2736	2647	2668	2834	3130	3469	3615	3720	3687	3517	3310	3039	2844	2631	2431	2291	2128	
76	3467	60.0	60.0	9	1	1	2	1001	1248	1818	2668	3585	4457	4813	4974	4797	4605	4260	3922	3603	3222	2953	2737	2615	2650	2846	3136	3445	3620	3710	3687	3484	3275	3054	2822	2593	2419	2256	2101	
76	3531	94.9	95.1	10	1	0	2	929	1039	1316	1722	2196	2638	2903	2992	2981	2876	2704	2608	2405	2249	2123	2023	2027	2121	2277	2584	2796	2919	2990	2943	2862	2678	2510	2408	2233	2092	2011	1871	
76	3548	95.0	95.0	10	1	1	2	937	1024	1286	1714	2193	2612	2817	2970	2980	2856	2749	2561	2382	2223	2118	2030	1977	2070	2262	2555	2803	2925	2978	2914	2841	2695	2517	2374	2234	2084	1991	1858	
76	3611	60.0	60.1	10	1	1	2	1006	1220	1821	2638	3621	4430	4854	4936	4857	4635	4280	3946	3543	3255	2976	2771	2619	2637	2853	3170	3468	3635	3702	3656	3490	3348	3080	2841	2620	2398	2259	2168	
76	3629	59.9	60.0	10	1	1	2	1003	1234	1815	2661	3587	4373	4817	4907	4814	4522	4207	3909	3554	3226	2942	2718	2647	2660	2815	3108	3440	3599	3731	3624	3474	3308	3076	2785	2589	2408	2276	2109	
76	3646	60.0	60.0	10	1	1	2	1022	1234	1812	2646	3656	4457	4900	4978	4881	4596	4286	3977	3595	3233	2939	2722	2657	2680	2837	3152	3461	3637	3720	3663	3482	3317	3067	2806	2607	2419	2293	2122	
76	3663	60.0	60.0	10	1	1	2	998	1245	1800	2667	3639	4480	4865	4950	4861	4596	4267	3963	3594	3267	2979	2746	2658	2683	2850	3150	3461	3621	3733	3658	3519	3324	3061	2852	2620	2418	2255	2105	
76	3680	59.9	60.0	10	1	1	2	1012	1255	1815	2693	3667	4460	4890	4998	4821	4600	4281	3928	3542	3233	2967	2743	2660	2630	2824	3138	3452	3587	3737	3637	3511	3298	3062	2839	2606	2415	2291	2141	
76	3698	59.9	60.0	10	1	1	2	1003	1255	1822	2663	3567	4421	4799	4951	4833	4587	4263	3939	3539	3231	2953	2728	2636	2636	2844	3104	3414	3635	3711	3649	3492	3300	3055	2816	2612	2432	2262	2104	
76	3715	60.0	60.0	10	1	1	2	1018	1255	1814	2652	3634	4455	4836	4925	4825	4616	4231	3915	3570	3192	2959	2752	2628	2657	2831	3123	3457	3620	3730	3656	3477	3290	3041	2840	2595	2416	2299	2112	
76	3779	94.9	95.1	11	1	0	2	913	1046	1321	1722	2166	2604	2887	2948	2931	2827	2716	2568	2389	2201	2104	2000	2028	2102	2254	2490	2792	2891	2991	2882	2821	2675	2521	2348	2208	2079	1963	1868	
76	3797	95.0	95.0	11	1	1	2	914	1046	1312	1701	2185	2616	2822	2958	2945	2877	2703	2534	2394	2220	2106	2015	2032	2086	2266	2514	2785	2890	2981	2944	2803	2669	2519	2356	2245	2086	1959	1875	
76	3859	60.0	60.1	11	1	1	2	1010	1227	1795	2610	3562	4412	4799	4932	4780	4581	4220	3871	3568	3218	2940	2692	2602	2635	2798	3097	3422	3598	3738	3636	3477	3292	3056	2800	2569	2376	2256	2119	
76	3877	59.9	60.0	11	1	1	2	994	1249	1801	2678	3590	4412	4835	4924	4803	4613	4238	3906	3527	3219	2932	2733	2637	2648	2824	3121	3483	3573	3715	3652	3505	3325	3030	2822	2653	2398	2300	2102	
76	3894	60.0	60.0	11	1	1	2	973	1231	1827	2635	3559	4478	4897	4964	4858	4635	4235	3921	3600	3249	2940	2749	2654	2670	2847	3161	3455	3614	3796	3682	3488	3307	3066	2802	2622	2431	2261	2095	
76	3911	60.0	60.0	11	1	1	2	1008	1241	1841	2640	3598	4424	4810	4944	4842	4593	4252	3896	3562	3232	2953	2732	2629	2652	2844	3130	3451	3579	3693	3615	3488	3303	3045	2807	2614	2417	2270	2089	
76	3928	60.0	60.0	11	1	1	2	1003	1232	1806	2654	3613	4459	4852	4957	4834	4577	4223	3924	3567	3229	2956	2720	2646	2644	2830	3117	3458	3605	3745	3629	3470	3292	3059	2792	2594	2413	2276	2120	
76	3946	60.0	60.0	11	1	1	2	1003	1211	1835	2649	3599	4418	4847	4906	4814	4596	4214	3934	3583	3284	2938	2757	2620	2658	2821	3082	3434	3635	3687	3628	3466	3306	3044	2820	2614	2393	2268	2096	
76	3963	60.0	60.0	11	1	1	2	1007	1246	1835	2657	3646	4440	4860	4945	4843	4646	4238	3925	3554	3264	2978	2771	2637	2631	2843	3117	3435	3605	3679	3666	3499	3290	3035	2824	2623	2396	2258	2107	
76	4025	95.1	95.1	12	1	0	2	926	1044	1328	1728	2202	2616	2883	2973	2973	2879	2742	2564	2408	2220	2080	2025	2005	2085	2289	2546	2778	2930	2995	2949	2866	2732	2542	2376	2223	2108	1982	1890	
76	4043	95.0	95.0	12	1	1	2	916	1042	1322	1701	2189	2609	2893	2939	2945	2824	2713	2555	2371	2214	2078	2007	2019	2104	2290	2528	2791	2905	2957	2927	2791	2701	2515	2351	2223	2062	1959	1853	
76	4105	59.9	60.1	12	1	1	2	1006	1255	1802	2597	3576	4382	4748	4856	4752	4543	4188	3931	3475	3192	2892	2745	2617	2642	2799	3143	3404	3599	3676	3592	3445	3279	3041	2782	2589	2394	2272	2106	
76	4123	59.9	60.0	12	1	1	2	990	1232	1791	2644	3600	4358	4807	4940	4810	4590	4218	3907	3554	3221	2963	2742	2638	2655	2828	3094	3436	3624	3696	3656	3488	3315	3028	2819	2578	2418	2245	2121	
76	4140	60.0	60.0	12	1	1	2	1014	1247	1826	2641	3564	4412	4866	4929	4790	4602	4221	3902	3572	3277	2989	2714	2627	2671	2834	3112	3438	3628	3681	3630	3464	3281	3043	2785	2598	2400	2254	2106	
76	4157	60.0	60.0	12	1	1	2	1001	1238	1816	2629	3599	4414	4812	4903	4838	4556	4234	3904	3516	3254	2957	2730	2630	2656	2848	3122	3482	3586	3718	3634	3460	3279	3029	2802	2606	2419	2290	2097	
76	4174	60.0	60.0	12	1	1	2	994	1234	1789	2643	3623	4380	4847	4927	4809	4549	4248	3899	3551	3231	2940	2704	2607	2652	2837	3099	3467	3583	3696	3602	3445	3267	3054	2804	2616	2397	2240	2084	
76	4192	60.0	60.0	12	1	1	2	994	1244	1806	2638	3593	4407	4763	4867	4847	4568	4182	3895	3494	3212	2924	2717	2590	2618	2815	3165	3401	3580	3700	3623	3475	3285	3029	2786	2598	2392	2280	2103	
76	4209	60.0	60.0	12	1	1	2	1013	1223	1783	2632	3586	4417	4838	4911	4790	4569	4233	3874	3536	3208	2948	2702	2644	2621	2828	3096	3416	3581	3696	3623	3458	3292	3069	2797	2593	2413	2250	2100	
76	4271	94.9	95.0	13	1	0	2	918	1054	1365	1721	2215	2629	2904	2984	2980	2875	2716	2553	2424	2227	2114	2013	2038	2106	2294	2557	2796	2938	3012	2941	2843	2698	2533	2350	2222	2082	1977	1837	
76	4288	95.0	95.0	13	1	0	2	914	1033	1317	1718	2160	2577	2835	2948	2953	2852	2688	2549	2367	2206	2088	2015	1986	2101	2275	2525	2767	2875	2975	2951	2795	2686	2485	2373	2200	2069	1923	1868	
76	4351	60.0	60.1	13	1	1	2	1001	1235	1826	2625	3561	4374	4776	4904	4762	4512	4204	3884	3489	3206	2916	2698	2597	2626	2813	3092	3425	3585	3656	3640	3457	3282	3009	2816	2570	2385	2248	2095	
76	4368	59.9	60.0	13	1	1	2	999	1240	1802	2616	3543	4401	4776	4885	4793	4564	4189	3893	3526	3235	2904	2698	2628	2626	2810	3095	3418	3607	3681	3644	3450	3252	3013	2787	2595	2382	2246	2097	
76	4385	60.0	60.0	13	1	1	2	1001	1283	1822	2672	3645	4415	4888	4958	4845	4584	4221	3914	3543	3230	2962	2731	2635	2642	2826	3103	3420	3610	3707	3606	3469	3287	3044	2813	2613	2386	2233	2111	
76	4402	60.0	60.0	13	1	1	2	993	1231	1812	2651	3588	4432	4874	4945	4842	4596	4231	3912	3561	3267	2978	2749	2673	2650	2821	3146	3444	3582	3699	3638	3462	3321	3026	2775	2621	2424	2279	2108	
76	4420	60.0	60.0	13	1	1	2	995	1250	1814	2661	3590	4409	4792	4883	4820	4551	4220	3896	3534	3210	2931	2692	2619	2636	2833	3114	3445	3581	3709	3628	3437	3296	3018	2822	2577	2429	2233	2104	
76	4437	59.9	60.0	13	1	1	2	993	1231	1812	2626	3605	4416	4786	4863	4785	4577	4231	3844	3529	3205	2918	2736	2639	2663	2815	3108	3436	3609	3680	3601	3465	3295	2997	2808	2614	2390	2237	2092	
76	4454	60.0	60.0	13	1	1	2	990	1266	1822	2638	3587	4395	4799	4882	4788	4548	4229	3883	3559	3231	2936	2734	2605	2622	2818	3127	3430	3597	3691	3605	3477	3297	3008	2813	2586	2381	2235	2099	
76	4517	95.0	95.0	14	1	0	2	932	1052	1331	1726	2170	2612	2883	2987	2984	2880	2702	2557	2381	2207	2113	2049	2004	2101	2301	2524	2772	2917	2993	2934	2828	2721	2519	2366	2212	2080	1982	1849	
76	4534	95.0	95.0	14	1	0	2	944	1041	1306	1699	2201	2619	2820	2934	2937	2855	2699	2559	2362	2209	2078	2011	2022	2100	2302	2502	2763	2884	2959	2921	2791	2671	2495	2362	2194	2077	1963	1881	
76	4597	60.0	60.1	14	1	1	2	1005	1231	1792	2603	3570	4298	4721	4878	4745	4514	4183	3866	3530	3200	2923	2687	2604	2633	2762	3085	3429	3581	3628	3572	3431	3254	2998	2774	2585	2384	2232	2092	
76	4614	59.9	60.0	14	1	1	2	1005	1255	1798	2623	3609	4395	4803	4865	4761	4513	4198	3881	3525	3244	2962	2678	2619	2611	2830	3092	3416	3605	3663	3610	3482	3275	3028	2798	2571	2366	2252	2132	
76	4631	60.0	60.0	14	1	1	2	1007	1231	1796	2622	3598	4413	4853	4862	4806	4552	4235	3894	3523	3195	2935	2728	2624	2650	2803	3087	3421	3595	3701	3600	3451	3290	3017	2793	2597	2402	2256	2096	
76	4648	60.0	60.0	14	1	1	2	998	1240	1817	2644	3610	4395	4859	4917	4835	4538	4218	3905	3534	3219	2914	2735	2613	2648	2783	3114	3414	3601	3697	3636	3456	3299	3054	2791	2604	2392	2253	2113	
76	4666	59.9	60.0	14	1	1	2	1002	1231	1801	2636	3576	4403	4815	4890	4797	4556	4222	3859	3541	3230	2912	2718	2603	2606	2801	3120	3416	3564	3693	3622	3450	3238	3007	2806	2596	2383	2250	2122	
76	4683	59.9	60.0	14	1	1	2	994	1248	1799	2621	3543	4407	4804	4888	4792	4538	4171	3903	3553	3211	2928	2724	2603	2632	2816	3103	3398	3597	3690	3618	3476	3244	3050	2796	2598	2397	2253	2112	
76	4700	60.0	60.0	14	1	1	2	1001	1241	1801	2641	3550	4374	4770	4882	4785	4541	4210	3868	3529	3203	2944	2711	2603	2618	2813	3104	3407	3599	3691	3622	3428	3284	3034	2790	2590	2385	2247	2064	
76	4765	94.9	95.1	15	1	0	2	944	1035	1305	1718	2202	2584	2814	2945	2932	2841	2704	2551	2354	2214	2094	2008	1993	2071	2277	2541	2721	2871	2952	2898	2815	2668	2508	2346	2237	2062	1968	1861	
76	4782	95.0	95.0	15	1	0	2	918	1035	1306	1709	2148	2605	2819	2934	2932	2821	2707	2546	2377	2201	2081	1991	1978	2086	2283	2495	2741	2907	2915	2905	2794	2685	2515	2353	2225	2052	1986	1829	
76	4845	59.9	60.1	15	1	1	2	1005	1243	1805	2601	3541	4370	4756	4879	4774	4503	4181	3825	3505	3170	2901	2699	2616	2626	2785	3086	3399	3589	3689	3584	3436	3270	3029	2806	2565	2398	2245	2092	
76	4862	59.9	60.0	15	1	1	2	997	1226	1845	2620	3569	4307	4786	4866	4761	4508	4219	3840	3537	3227	2919	2699	2572	2614	2781	3108	3406	3618	3687	3612	3441	3269	3058	2760	2584	2382	2242	2083	
76	4879	59.9	60.0	15	1	1	2	1003	1248	1840	2627	3599	4435	4865	4908	4803	4540	4214	3900	3566	3191	2943	2704	2619	2627	2805	3104	3429	3590	3658	3611	3395	3297	3038	2811	2610	2360	2256	2096	
76	4897	59.9	60.0	15	1	1	2	991	1249	1808	2612	3587	4406	4794	4916	4792	4556	4230	3915	3493	3202	2908	2707	2633	2628	2833	3110	3402	3594	3715	3631	3460	3280	3035	2816	2579	2399	2244	2086	
76	4914	59.9	60.0	15	1	1	2	993	1222	1830	2626	3541	4368	4771	4851	4775	4491	4193	3881	3530	3187	2930	2725	2626	2613	2776	3094	3393	3533	3676	3577	3445	3246	3005	2772	2549	2356	2224	2099	
76	4931	60.0	60.0	15	1	1	2	1013	1240	1778	2595	3570	4336	4764	4840	4746	4490	4108	3885	3509	3199	2901	2701	2601	2615	2775	3062	3398	3552	3632	3594	3421	3284	3016	2766	2570	2360	2234	2101	
76	4948	60.0	60.0	15	1	1	2	989	1229	1775	2629	3534	4385	4803	4795	4752	4505	4187	3852	3500	3184	2904	2704	2607	2652	2757	3145	3428	3585	3684	3577	3443	3263	3012	2744	2596	2379	2263	2090	
76	5013	94.9	95.1	16	1	0	2	920	1024	1335	1691	2158	2595	2842	2935	2933	2825	2678	2540	2360	2186	2083	1992	1990	2083	2286	2501	2762	2874	2926	2875	2775	2689	2507	2332	2217	2056	1988	1837	
76	5030	95.0	95.0	16	1	0	2	925	1032	1291	1707	2174	2619	2822	2916	2931	2849	2707	2532	2360	2208	2078	1994	2006	2092	2265	2497	2754	2879	2942	2914	2798	2675	2491	2341	2218	2076	1979	1819	
76	5093	60.0	60.1	16	1	1	2	983	1224	1776	2603	3557	4319	4745	4834	4746	4502	4200	3831	3517	3165	2869	2700	2591	2611	2816	3122	3404	3539	3703	3586	3413	3239	3037	2770	2557	2376	2256	2068	
76	5110	59.9	60.0	16	1	1	2	1000	1263	1797	2624	3544	4348	4757	4882	4778	4489	4202	3898	3500	3179	2885	2709	2581	2613	2774	3096	3438	3561	3687	3605	3410	3266	2996	2770	2569	2400	2247	2071	
76	5127	59.9	60.0	16	1	1	2	992	1245	1839	2579	3578	4387	4803	4881	4803	4546	4199	3880	3543	3198	2941	2740	2599	2624	2792	3045	3420	3569	3686	3580	3460	3263	3010	2790	2551	2406	2223	2095	
76	5145	59.9	60.0	16	1	1	2	1001	1225	1818	2622	3577	4354	4751	4841	4754	4571	4173	3865	3516	3176	2901	2693	2581	2614	2773	3047	3398	3543	3634	3561	3428	3280	3016	2786	2572	2358	2218	2056	
76	5162	60.0	60.0	16	1	1	2	985	1227	1790	2610	3592	4335	4767	4877	4769	4551	4188	3869	3517	3188	2905	2687	2579	2600	2817	3061	3432	3556	3669	3599	3387	3252	3016	2782	2586	2381	2249	2104	
76	5179	60.0	60.0	16	1	1	2	989	1242	1782	2593	3591	4349	4822	4840	4779	4522	4227	3876	3518	3191	2929	2687	2614	2651	2805	3091	3391	3559	3688	3637	3477	3252	2992	2798	2602	2387	2242	2084	
76	5196	60.0	60.0	16	1	1	2	990	1250	1806	2579	3580	4337	4757	4879	4780	4456	4149	3894	3506	3215	2946	2695	2605	2612	2787	3098	3359	3559	3654	3559	3440	3288	2993	2765	2570	2380	2240	2093	
76	5259	95.0	95.0	17	1	0	2	914	1034	1318	1710	2162	2580	2848	2940	2920	2846	2714	2564	2351	2211	2074	1991	1990	2096	2237	2483	2788	2869	2970	2917	2837	2647	2504	2360	2203	2070	1970	1843	
76	5276	95.0	95.0	17	1	0	2	934	1031	1342	1692	2174	2570	2806	2926	2944	2838	2691	2527	2366	2209	2077	1989	2014	2063	2248	2524	2762	2864	2924	2912	2770	2667	2505	2332	2197	2072	1947	1862	
76	5339	59.9	60.1	17	1	1	2	980	1246	1802	2612	3568	4354	4751	4878	4770	4499	4180	3868	3512	3198	2920	2716	2616	2617	2790	3060	3393	3578	3666	3625	3469	3280	3019	2804	2588	2396	2246	2076	
76	5356	59.9	60.0	17	1	1	2	985	1223	1778	2589	3565	4365	4733	4876	4761	4539	4193	3826	3473	3195	2906	2687	2581	2610	2813	3052	3415	3585	3679	3588	3412	3253	2978	2777	2575	2394	2236	2080	
76	5373	59.9	60.0	17	1	1	2	990	1237	1795	2657	3533	4388	4779	4901	4827	4527	4208	3872	3521	3196	2919	2662	2606	2605	2821	3085	3413	3569	3684	3514	3461	3274	3033	2764	2588	2386	2232	2099	
76	5391	59.9	60.0	17	1	1	2	1008	1252	1835	2605	3568	4385	4780	4854	4794	4548	4195	3908	3544	3190	2904	2713	2606	2612	2795	3102	3405	3552	3659	3597	3464	3261	3048	2787	2593	2406	2221	2096	
76	5408	59.9	60.0	17	1	1	2	1031	1229	1789	2625	3612	4341	4793	4824	4738	4521	4175	3864	3517	3189	2902	2704	2562	2607	2772	3054	3418	3542	3653	3564	3407	3245	2994	2775	2574	2382	2229	2082	
76	5425	60.0	60.0	17	1	1	2	1010	1218	1811	2617	3534	4382	4732	4834	4759	4541	4175	3817	3521	3192	2912	2664	2568	2591	2778	3050	3375	3548	3639	3578	3419	3292	2996	2751	2545	2381	2195	2089	
76	5442	60.0	60.0	17	1	1	2	998	1228	1795	2609	3590	4355	4749	4845	4731	4463	4165	3843	3509	3188	2877	2676	2579	2601	2780	3076	3362	3516	3649	3557	3436	3274	2996	2784	2568	2363	2250	2082	
76	5507	94.9	95.1	18	1	0	2	905	1035	1318	1708	2162	2579	2849	2927	2955	2829	2704	2506	2366	2201	2066	2016	1972	2105	2249	2513	2747	2841	2928	2857	2798	2679	2482	2324	2202	2054	1950	1851	
76	5524	95.0	95.0	18	1	0	2	926	1043	1292	1694	2128	2575	2794	2905	2918	2824	2654	2511	2361	2193	2105	1999	2016	2073	2244	2478	2746	2852	2961	2875	2773	2673	2518	2335	2198	2071	1928	1848	
76	5587	60.0	60.1	18	1	1	2	989	1221	1801	2612	3515	4335	4705	4825	4702	4437	4136	3815	3493	3142	2888	2677	2568	2590	2754	3066	3374	3544	3609	3562	3390	3234	3013	2783	2547	2392	2222	2082	
76	5604	59.9	60.0	18	1	1	2	998	1236	1781	2623	3551	4355	4776	4839	4728	4467	4183	3851	3500	3171	2888	2699	2585	2615	2792	3093	3404	3540	3654	3612	3428	3275	2993	2779	2578	2381	2220	2101	
76	5621	60.0	60.0	18	1	1	2	1003	1224	1803	2575	3548	4341	4758	4858	4766	4459	4201	3848	3532	3182	2910	2689	2576	2614	2786	3081	3411	3570	3646	3617	3440	3245	3004	2790	2598	2378	2237	2104	
76	5639	60.0	60.0	18	1	1	2	992	1230	1802	2637	3546	4348	4754	4816	4750	4504	4192	3842	3493	3199	2933	2713	2609	2626	2802	3061	3366	3572	3623	3590	3465	3215	2956	2780	2585	2371	2233	2076	
76	5656	60.0	60.0	18	1	1	2	997	1247	1790	2596	3577	4313	4762	4824	4720	4497	4153	3865	3511	3156	2908	2668	2600	2593	2785	3093	3368	3552	3649	3563	3460	3212	2994	2786	2558	2376	2239	2088	
76	5673	60.0	60.0	18	1	1	2	1004	1223	1801	2610	3507	4312	4734	4869	4730	4460	4150	3839	3501	3190	2913	2681	2607	2615	2787	3054	3366	3549	3667	3521	3392	3237	2989	2740	2551	2384	2261	2064	
76	5690	60.0	60.0	18	1	1	2	989	1240	1799	2632	3569	4333	4760	4860	4720	4539	4163	3870	3517	3212	2892	2683	2616	2614	2794	3076	3411	3577	3666	3581	3441	3283	2998	2753	2589	2372	2221	2065	
76	5755	95.0	95.1	19	1	0	2	907	1060	1308	1694	2167	2576	2844	2919	2935	2838	2712	2532	2346	2189	2102	2007	2004	2077	2276	2504	2732	2863	2949	2910	2775	2654	2514	2309	2216	2053	1958	1820	
76	5772	95.0	95.0	19	1	0	2	923	1029	1301	1711	2166	2584	2854	2898	2907	2816	2670	2550	2355	2194	2071	1987	1987	2074	2261	2504	2742	2828	2927	2850	2770	2661	2503	2298	2188	2038	1948	1837	
76	5835	59.9	60.1	19	1	1	2	1009	1223	1803	2596	3499	4304	4708	4820	4729	4411	4164	3855	3489	3190	2939	2673	2574	2607	2812	3063	3377	3551	3631	3562	3435	3261	2996	2760	2604	2350	2266	2080	
76	5852	59.9	60.0	19	1	1	2	1004	1234	1783	2617	3539	4310	4768	4853	4768	4468	4176	3859	3498	3185	2875	2671	2587	2610	2784	3067	3388	3551	3640	3577	3428	3282	2958	2744	2552	2372	2254	2080	
76	5870	60.0	60.0	19	1	1	2	1016	1236	1804	2614	3569	4353	4788	4856	4755	4483	4199	3881	3481	3200	2925	2692	2592	2629	2809	3083	3400	3556	3693	3606	3442	3261	2983	2784	2565	2378	2235	2078	
76	5887	59.9	60.0	19	1	1	2	981	1233	1814	2615	3578	4389	4738	4852	4766	4528	4183	3868	3481	3163	2912	2690	2587	2595	2793	3087	3386	3568	3664	3595	3410	3252	3003	2769	2565	2379	2246	2098	
76	5904	60.0	60.0	19	1	1	2	1004	1262	1811	2598	3543	4387	4758	4842	4735	4488	4162	3857	3496	3192	2914	2690	2598	2587	2796	3069	3372	3526	3639	3613	3425	3229	3000	2763	2588	2389	2224	2081	
76	5921	60.0	60.0	19	1	1	2	994	1230	1805	2626	3595	4375	4762	4864	4717	4522	4202	3863	3534	3196	2900	2704	2568	2601	2828	3093	3392	3554	3675	3602	3421	3260	3002	2779	2573	2405	2242	2093	
76	5939	60.0	60.0	19	1	1	2	1004	1223	1797	2592	3564	4352	4766	4865	4744	4504	4187	3886	3505	3181	2909	2675	2598	2602	2808	3092	3382	3560	3645	3559	3421	3260	2961	2768	2577	2382	2228	2080	
76	6003	95.0	95.1	20	1	0	2	929	1035	1297	1700	2185	2581	2857	2898	2931	2825	2705	2551	2370	2187	2074	2009	1996	2080	2247	2485	2731	2843	2947	2888	2778	2648	2476	2336	2198	2062	1970	1852	
76	6020	95.0	95.0	20	1	0	2	918	1002	1293	1693	2169	2566	2800	2913	2897	2833	2673	2519	2345	2198	2062	1974	2006	2052	2250	2488	2716	2834	2918	2882	2768	2653	2502	2308	2184	2049	1947	1832	
76	6083	59.8	60.1	20	1	1	2	983	1223	1784	2585	3516	4300	4707	4813	4746	4435	4114	3807	3464	3161	2868	2689	2560	2600	2837	3066	3379	3543	3641	3564	3410	3246	2977	2772	2558	2366	2205	2073	
76	6100	59.9	60.0	20	1	1	2	1015	1231	1750	2595	3547	4326	4741	4840	4691	4438	4157	3845	3540	3174	2892	2672	2566	2603	2786	3094	3417	3538	3617	3572	3400	3237	2966	2811	2556	2360	2220	2104	
76	6118	60.0	60.0	20	1	1	2	1002	1225	1807	2597	3593	4332	4756	4841	4784	4491	4233	3859	3510	3191	2899	2689	2598	2618	2816	3059	3421	3556	3652	3587	3450	3261	3009	2750	2605	2383	2230	2076	
76	6135	59.9	60.0	20	1	1	2	1005	1240	1793	2621	3570	4365	4779	4863	4742	4533	4138	3883	3522	3202	2934	2724	2590	2627	2787	3088	3406	3604	3680	3584	3415	3267	3014	2792	2580	2370	2230	2081	
76	6152	59.9	60.0	20	1	1	2	997	1237	1817	2599	3572	4352	4767	4813	4756	4411	4181	3862	3516	3148	2903	2689	2600	2608	2766	3056	3389	3543	3659	3554	3424	3260	2989	2770	2560	2359	2215	2070	
76	6169	59.9	60.0	20	1	1	2	992	1224	1820	2599	3562	4368	4743	4801	4770	4495	4159	3864	3459	3165	2902	2645	2593	2602	2783	3082	3401	3529	3658	3584	3447	3244	2995	2795	2573	2361	2230	2064	
76	6187	59.9	60.0	20	1	1	2	995	1254	1792	2597	3550	4354	4750	4823	4756	4528	4148	3879	3505	3207	2901	2674	2587	2593	2783	3068	3382	3554	3596	3557	3430	3236	2996	2765	2565	2383	2223	2082	
76	6251	95.0	95.1	21	1	0	2	936	1061	1308	1735	2180	2570	2813	2916	2898	2833	2698	2536	2369	2217	2093	1986	2010	2077	2258	2494	2756	2849	2938	2882	2769	2662	2474	2286	2215	2048	1942	1843	
76	6268	95.0	95.0	21	1	0	2	918	1051	1293	1694	2190	2623	2797	2911	2900	2794	2650	2503	2351	2224	2076	1996	1982	2070	2241	2489	2765	2887	2948	2882	2772	2651	2486	2315	2211	2052	1948	1834	
76	6329	59.9	60.1	21	1	1	2	1000	1251	1767	2576	3538	4310	4698	4825	4699	4454	4148	3816	3446	3118	2894	2678	2563	2583	2790	3058	3356	3540	3608	3574	3373	3225	2985	2748	2570	2351	2241	2067	
76	6347	60.0	60.0	21	1	1	2	999	1238	1809	2615	3514	4311	4704	4780	4726	4460	4173	3857	3484	3181	2907	2740	2626	2584	2781	3056	3393	3552	3670	3548	3391	3274	2967	2756	2584	2375	2235	2081	
76	6364	60.0	60.0	21	1	1	2	1001	1220	1809	2614	3563	4369	4798	4877	4738	4495	4161	3876	3517	3184	2905	2694	2576	2629	2824	3123	3418	3546	3647	3589	3429	3257	3013	2752	2566	2380	2235	2121	
76	6381	60.0	60.0	21	1	1	2	998	1228	1803	2611	3540	4332	4752	4853	4734	4435	4164	3819	3468	3145	2936	2696	2590	2596	2796	3085	3418	3584	3659	3542	3455	3266	2994	2787	2558	2379	2245	2086	
76	6398	59.9	60.0	21	1	1	2	995	1232	1821	2606	3559	4362	4767	4819	4744	4504	4153	3839	3484	3184	2872	2643	2586	2627	2782	3054	3373	3510	3648	3572	3412	3228	2978	2749	2558	2347	2228	2083	
76	6416	60.0	60.0	21	1	1	2	999	1252	1783	2624	3540	4334	4750	4833	4779	4522	4180	3859	3496	3167	2898	2696	2592	2627	2783	3100	3397	3580	3656	3596	3436	3229	2993	2753	2586	2369	2228	2080	
76	6433	60.0	60.0	21	1	1	2	976	1228	1792	2644	3547	4329	4757	4843	4749	4502	4139	3832	3498	3174	2906	2718	2568	2588	2794	3047	3388	3562	3660	3586	3447	3234	2993	2738	2583	2351	2233	2058	
76	6495	95.0	95.0	22	1	0	2	928	1038	1314	1697	2158	2589	2834	2937	2923	2805	2680	2530	2379	2218	2050	1989	1995	2048	2258	2499	2717	2861	2894	2885	2766	2642	2469	2332	2186	2029	1956	1834	
76	6513	95.0	95.0	22	1	0	2	911	1043	1324	1694	2158	2577	2795	2914	2880	2833	2690	2529	2357	2195	2071	1988	1989	2077	2220	2507	2751	2883	2952	2855	2776	2650	2476	2335	2171	2049	1959	1847	
76	6575	59.9	60.1	22	1	1	2	1002	1224	1778	2571	3503	4286	4686	4753	4677	4421	4097	3827	3448	3168	2845	2659	2579	2611	2763	3022	3370	3498	3603	3526	3387	3217	3008	2712	2558	2317	2225	2071	
76	6593	60.0	60.0	22	1	1	2	998	1221	1800	2599	3526	4292	4731	4801	4708	4472	4128	3826	3502	3189	2878	2665	2587	2601	2769	3090	3417	3511	3624	3569	3390	3221	3003	2772	2536	2365	2199	2108	
76	6610	60.0	60.0	22	1	1	2	990	1226	1815	2589	3555	4331	4785	4861	4787	4513	4190	3856	3473	3197	2928	2703	2581	2626	2805	3068	3403	3535	3639	3571	3408	3251	2978	2814	2564	2375	2239	2102	
76	6627	59.9	60.0	22	1	1	2	992	1240	1822	2631	3572	4361	4795	4830	4762	4505	4176	3874	3497	3165	2900	2711	2610	2593	2805	3082	3392	3562	3631	3588	3457	3287	3021	2772	2572	2363	2226	2087	
76	6644	60.0	60.0	22	1	1	2	1014	1249	1788	2626	3530	4397	4748	4834	4756	4539	4112	3856	3499	3174	2902	2670	2588	2586	2770	3053	3407	3561	3647	3597	3392	3251	2978	2775	2539	2381	2211	2071	
76	6662	59.9	60.0	22	1	1	2	995	1227	1790	2589	3526	4348	4763	4836	4720	4521	4189	3823	3497	3164	2915	2710	2567	2582	2776	3089	3361	3536	3626	3605	3433	3231	2996	2786	2560	2380	2276	2067	
76	6679	60.0	60.0	22	1	1	2	997	1237	1785	2602	3515	4325	4719	4809	4711	4494	4129	3823	3472	3165	2881	2695	2592	2587	2790	3096	3371	3504	3606	3601	3406	3241	2990	2772	2549	2355	2237	2072	
76	6741	95.0	95.1	23	1	0	2	921	1028	1321	1705	2170	2528	2840	2896	2904	2848	2696	2552	2377	2206	2076	1982	2024	2120	2255	2485	2729	2878	2913	2903	2798	2641	2496	2315	2198	2044	1963	1838	
76	6759	95.0	95.0	23	1	0	2	923	1041	1317	1687	2179	2567	2834	2905	2914	2821	2655	2515	2345	2193	2069	1999	1977	2046	2242	2472	2755	2829	2907	2851	2766	2657	2453	2311	2200	2028	1938	1820	
76	6821	59.9	60.1	23	1	1	2	987	1227	1767	2592	3517	4265	4723	4785	4709	4417	4151	3802	3471	3158	2891	2657	2577	2619	2761	3085	3383	3522	3640	3520	3403	3210	2968	2764	2540	2370	2219	2088	
76	6839	59.9	60.0	23	1	1	2	992	1236	1806	2615	3496	4306	4751	4821	4743	4462	4134	3831	3478	3188	2885	2671	2549	2621	2744	3047	3356	3537	3619	3562	3404	3203	2960	2763	2573	2366	2206	2089	
76	6856	60.0	60.0	23	1	1	2	995	1232	1800	2636	3561	4365	4781	4837	4689	4459	4183	3860	3497	3172	2869	2684	2592	2568	2794	3053	3385	3576	3620	3572	3429	3223	2993	2743	2583	2358	2230	2073	
76	6873	59.9	60.0	23	1	1	2	990	1221	1792	2590	3533	4375	4727	4810	4746	4503	4178	3834	3501	3201	2924	2668	2602	2608	2788	3067	3391	3549	3624	3596	3422	3250	2982	2762	2597	2368	2218	2068	
76	6890	59.9	60.0	23	1	1	2	1001	1220	1784	2604	3519	4302	4729	4785	4644	4465	4125	3824	3462	3142	2887	2681	2592	2577	2760	3009	3327	3523	3643	3546	3399	3201	2973	2730	2519	2353	2210	2062	
76	6908	59.9	60.0	23	1	1	2	1016	1228	1814	2593	3544	4311	4789	4870	4713	4456	4146	3871	3486	3184	2882	2657	2578	2602	2747	3090	3386	3555	3645	3549	3425	3221	2998	2771	2585	2368	2227	2081	
76	6925	60.0	60.0	23	1	1	2	990	1224	1793	2573	3535	4317	4704	4821	4685	4439	4125	3838	3464	3178	2881	2647	2535	2600	2778	3052	3370	3546	3638	3553	3430	3225	2968	2764	2556	2356	2230	2081	
76	6987	95.0	95.0	24	1	0	2	919	1049	1301	1694	2172	2574	2818	2909	2899	2854	2698	2535	2344	2178	2067	2015	2011	2047	2268	2466	2726	2834	2921	2874	2790	2623	2464	2326	2191	2033	1942	1817	
76	7005	95.0	95.0	24	1	1	2	928	1029	1308	1685	2130	2574	2789	2837	2864	2790	2650	2511	2361	2169	2043	1972	1983	2044	2202	2483	2736	2837	2941	2842	2757	2653	2475	2306	2158	2053	1915	1805	
76	7068	59.9	60.1	24	1	1	2	991	1235	1801	2581	3495	4276	4725	4755	4645	4447	4139	3812	3445	3189	2904	2667	2569	2569	2775	3045	3374	3519	3600	3537	3419	3235	2977	2744	2525	2365	2204	2059	
76	7085	59.9	60.0	24	1	1	2	992	1227	1790	2609	3517	4315	4683	4787	4680	4429	4120	3821	3431	3148	2892	2671	2558	2604	2771	3053	3403	3530	3598	3582	3390	3230	2965	2745	2549	2352	2195	2050	
76	7102	60.0	60.0	24	1	1	2	995	1198	1783	2592	3575	4377	4746	4816	4753	4506	4167	3879	3510	3185	2916	2683	2598	2613	2790	3084	3393	3509	3624	3570	3411	3238	3022	2764	2583	2364	2240	2083	
76	7119	59.9	60.0	24	1	1	2	1012	1241	1798	2595	3541	4312	4730	4809	4725	4495	4123	3872	3458	3180	2923	2698	2580	2604	2771	3038	3356	3490	3613	3578	3390	3238	3016	2745	2567	2336	2264	2090	
76	7137	59.9	60.0	24	1	1	2	992	1224	1806	2574	3503	4300	4701	4798	4714	4459	4115	3809	3449	3163	2867	2672	2544	2607	2760	3041	3377	3525	3575	3537	3389	3197	2951	2742	2553	2348	2205	2103	
76	7154	59.9	60.0	24	1	1	2	1023	1223	1813	2611	3521	4344	4709	4780	4692	4514	4182	3852	3525	3154	2908	2675	2559	2610	2772	3057	3376	3547	3612	3577	3385	3240	3017	2749	2545	2348	2221	2069	
76	7171	60.0	60.0	24	1	1	2	1006	1235	1802	2610	3502	4323	4712	4806	4667	4442	4160	3818	3489	3170	2888	2683	2526	2570	2755	3072	3375	3547	3621	3547	3404	3219	2961	2729	2534	2355	2231	2046	
76	7236	95.0	95.1	25	1	0	2	945	1033	1288	1668	2161	2581	2805	2868	2885	2803	2673	2502	2341	2193	2068	2007	1968	2063	2229	2493	2694	2828	2886	2872	2753	2633	2432	2312	2179	2044	1938	1840	
76	7253	95.0	95.0	25	1	0	2	922	1045	1297	1682	2133	2562	2781	2883	2840	2798	2644	2513	2321	2173	2059	1965	1978	2061	2232	2447	2741	2836	2904	2853	2747	2631	2464	2321	2186	2043	1929	1838	
76	7316	59.9	60.1	25	1	1	2	994	1224	1776	2570	3505	4290	4711	4728	4705	4462	4153	3823	3455	3140	2896	2662	2563	2582	2712	3065	3366	3502	3583	3523	3388	3213	2970	2766	2567	2358	2197	2099	
76	7333	59.9	60.0	25	1	1	2	995	1219	1785	2574	3543	4294	4745	4790	4670	4415	4051	3811	3450	3139	2879	2678	2546	2563	2770	3049	3349	3539	3622	3545	3365	3203	2971	2771	2566	2352	2204	2042	
76	7350	60.0	60.0	25	1	1	2	1015	1226	1796	2589	3539	4321	4787	4804	4736	4503	4174	3851	3458	3181	2914	2691	2573	2583	2786	3039	3356	3547	3639	3551	3447	3245	2932	2737	2539	2344	2220	2083	
76	7367	60.0	60.0	25	1	1	2	1018	1216	1812	2595	3534	4309	4733	4800	4680	4473	4144	3820	3493	3141	2878	2685	2575	2595	2756	3031	3348	3520	3587	3545	3376	3203	2979	2766	2559	2369	2226	2047	
76	7385	59.9	60.0	25	1	1	2	995	1232	1764	2589	3520	4292	4705	4795	4635	4467	4112	3835	3462	3148	2864	2655	2573	2594	2726	3034	3380	3509	3621	3541	3376	3181	2960	2753	2543	2328	2213	2065	
76	7402	59.9	60.0	25	1	1	2	992	1225	1818	2601	3492	4311	4694	4821	4726	4484	4176	3804	3458	3132	2900	2660	2573	2606	2764	3059	3373	3504	3629	3576	3402	3206	2982	2764	2516	2343	2207	2080	
76	7419	60.0	60.0	25	1	1	2	1001	1245	1787	2602	3560	4274	4688	4804	4698	4437	4164	3822	3481	3162	2887	2670	2572	2605	2756	3044	3349	3526	3612	3525	3408	3236	2965	2730	2565	2349	2220	2065	
76	7482	95.0	95.0	26	1	0	2	918	1039	1273	1682	2157	2574	2808	2905	2910	2802	2676	2510	2305	2197	2072	1994	1992	2077	2255	2476	2743	2849	2927	2896	2747	2623	2477	2291	2175	2047	1916	1832	
76	7499	95.0	95.0	26	1	0	2	927	1046	1290	1695	2140	2576	2759	2849	2880	2763	2647	2492	2338	2167	2073	1949	1953	2055	2247	2433	2686	2814	2888	2846	2713	2652	2490	2286	2159	2025	1929	1827	
76	7562	60.0	60.1	26	1	1	2	989	1212	1768	2545	3477	4258	4671	4739	4670	4427	4120	3816	3453	3144	2872	2649	2561	2602	2765	3022	3360	3516	3591	3509	3411	3183	2967	2733	2529	2329	2203	2058	
76	7579	60.0	60.0	26	1	1	2	991	1213	1809	2581	3494	4288	4679	4753	4655	4432	4094	3786	3494	3128	2864	2679	2578	2599	2759	3045	3326	3541	3650	3515	3388	3196	2959	2743	2554	2335	2206	2070	
76	7596	60.0	60.0	26	1	1	2	1005	1216	1803	2604	3555	4370	4722	4872	4736	4536	4152	3847	3461	3171	2909	2677	2602	2597	2778	3048	3370	3559	3626	3565	3411	3241	2990	2748	2562	2344	2217	2061	
76	7614	60.0	60.0	26	1	1	2	985	1243	1781	2578	3517	4289	4700	4835	4688	4448	4113	3794	3466	3153	2856	2683	2565	2598	2767	3067	3349	3525	3602	3557	3398	3224	2981	2748	2568	2344	2189	2042	
76	7631	59.9	60.0	26	1	1	2	982	1220	1800	2608	3531	4293	4695	4796	4713	4429	4112	3815	3476	3151	2852	2661	2544	2570	2774	3073	3347	3518	3646	3527	3306	3207	2932	2734	2550	2336	2198	2051	
76	7648	59.9	60.0	26	1	1	2	989	1216	1815	2588	3537	4296	4708	4745	4681	4483	4147	3816	3497	3149	2894	2651	2581	2596	2778	3006	3338	3499	3584	3580	3389	3205	2986	2751	2541	2337	2185	2070	
76	7665	60.0	60.0	26	1	1	2	999	1201	1790	2595	3554	4334	4700	4789	4669	4463	4101	3803	3508	3160	2876	2669	2577	2592	2791	3027	3340	3556	3605	3508	3385	3191	2957	2769	2565	2362	2156	2060	
76	7728	95.0	95.0	27	1	0	2	925	1026	1315	1684	2187	2565	2812	2880	2901	2806	2645	2504	2350	2204	2063	1960	1988	2063	2237	2482	2736	2845	2898	2880	2734	2634	2486	2305	2173	2043	1947	1825	
76	7745	95.0	95.0	27	1	1	2	935	1015	1294	1669	2152	2574	2798	2888	2876	2786	2657	2508	2343	2203	2058	1979	1948	2074	2220	2458	2728	2819	2901	2821	2790	2659	2450	2311	2169	2046	1949	1840	
76	7808	59.9	60.1	27	1	1	2	996	1227	1790	2538	3491	4229	4634	4774	4693	4469	4127	3799	3466	3128	2854	2673	2507	2576	2767	3043	3359	3514	3637	3554	3353	3218	2967	2739	2555	2361	2218	2062	
76	7825	60.0	60.0	27	1	1	2	997	1217	1785	2557	3512	4272	4637	4722	4684	4399	4134	3778	3461	3129	2853	2666	2567	2576	2762	3030	3355	3505	3616	3533	3335	3189	2996	2736	2532	2364	2207	2041	
76	7842	59.9	60.0	27	1	1	2	992	1230	1775	2603	3509	4309	4722	4768	4722	4446	4142	3797	3500	3169	2856	2643	2576	2586	2769	3062	3352	3520	3643	3575	3390	3197	2976	2751	2553	2352	2233	2057	
76	7860	59.9	60.0	27	1	1	2	994	1223	1776	2600	3528	4345	4722	4838	4706	4425	4135	3821	3486	3187	2909	2657	2594	2588	2781	3038	3369	3544	3608	3557	3384	3251	2971	2776	2536	2351	2197	2064	
76	7877	59.9	60.0	27	1	1	2	999	1263	1799	2583	3523	4329	4715	4804	4729	4434	4144	3841	3478	3155	2894	2672	2515	2583	2755	3026	3328	3534	3594	3538	3400	3233	2966	2748	2533	2344	2179	2045	
76	7894	60.0	60.0	27	1	1	2	1001	1222	1805	2578	3539	4330	4735	4827	4730	4520	4162	3828	3463	3169	2882	2678	2581	2601	2704	3040	3381	3541	3622	3554	3389	3203	2984	2749	2558	2364	2240	2054	
76	7911	60.0	60.0	27	1	1	2	990	1235	1794	2589	3543	4258	4720	4770	4689	4445	4120	3861	3462	3124	2888	2682	2577	2554	2774	3046	3375	3513	3602	3582	3350	3204	2948	2741	2538	2340	2224	2081	
76	7976	95.0	95.1	28	1	0	2	925	1032	1303	1688	2126	2560	2835	2899	2920	2832	2663	2494	2334	2203	2074	1997	1974	2043	2213	2480	2699	2865	2867	2865	2796	2620	2499	2308	2176	2020	1928	1822	
76	7993	95.0	95.0	28	1	0	2	917	1021	1310	1682	2166	2541	2777	2899	2894	2794	2636	2511	2354	2175	2037	1971	1997	2044	2239	2474	2706	2812	2915	2876	2742	2617	2453	2309	2166	2004	1970	1815	
76	8056	59.9	60.1	28	1	1	2	990	1216	1788	2558	3467	4267	4691	4766	4659	4434	4120	3770	3466	3152	2839	2652	2540	2554	2735	3030	3338	3506	3576	3536	3371	3199	2989	2706	2539	2349	2217	2066	
76	8073	59.9	60.0	28	1	1	2	1006	1221	1794	2596	3540	4318	4707	4806	4711	4457	4128	3816	3473	3152	2881	2697	2550	2573	2773	3040	3357	3545	3629	3542	3404	3240	2952	2754	2544	2328	2206	2071	
76	8090	59.9	60.0	28	1	1	2	989	1217	1775	2589	3531	4270	4706	4858	4714	4489	4135	3819	3484	3171	2874	2666	2571	2572	2776	3046	3365	3508	3632	3572	3418	3200	2958	2743	2553	2359	2194	2049	
76	8108	60.0	60.0	28	1	1	2	998	1176	1770	2603	3567	4327	4701	4860	4695	4484	4147	3776	3485	3197	2912	2688	2589	2600	2739	3053	3352	3530	3635	3555	3406	3189	2958	2760	2526	2377	2263	2091	
76	8125	59.9	60.0	28	1	1	2	993	1225	1768	2575	3518	4340	4730	4773	4694	4457	4108	3807	3459	3159	2873	2685	2585	2564	2748	3056	3338	3493	3598	3575	3386	3197	2958	2748	2536	2357	2215	2062	
76	8142	60.0	60.0	28	1	1	2	1002	1239	1788	2576	3498	4321	4685	4798	4689	4459	4131	3797	3471	3122	2865	2667	2572	2573	2770	3038	3371	3481	3583	3551	3399	3221	2965	2776	2544	2316	2217	2054	
76	8159	59.9	60.0	28	1	1	2	1000	1220	1796	2589	3498	4311	4668	4766	4688	4435	4098	3818	3473	3160	2869	2639	2565	2580	2742	3024	3316	3532	3625	3532	3405	3230	2997	2774	2543	2320	2235	2063	
76	8222	95.1	95.1	29	1	0	2	930	1036	1298	1679	2136	2564	2786	2857	2880	2810	2666	2523	2333	2183	2042	1976	1980	2046	2241	2448	2705	2847	2892	2829	2761	2633	2460	2303	2189	2029	1941	1827	
76	8239	95.0	95.0	29	1	0	2	920	1028	1308	1689	2153	2572	2821	2886	2905	2777	2645	2501	2328	2168	2061	1946	1960	2050	2256	2482	2710	2822	2900	2826	2748	2650	2463	2285	2146	2023	1922	1819	
76	8302	59.9	60.1	29	1	1	2	1007	1229	1781	2576	3487	4208	4653	4738	4644	4400	4091	3815	3440	3147	2839	2666	2545	2561	2752	3022	3371	3483	3594	3533	3394	3212	2954	2728	2534	2334	2213	2054	
76	8319	60.0	60.0	29	1	1	2	989	1242	1783	2579	3489	4311	4683	4736	4637	4493	4103	3781	3450	3160	2869	2660	2564	2585	2770	3023	3365	3504	3585	3498	3400	3215	2978	2744	2538	2354	2219	2061	
76	8337	59.9	60.0	29	1	1	2	988	1203	1804	2584	3502	4366	4752	4822	4723	4474	4191	3841	3462	3192	2905	2659	2608	2591	2776	2988	3352	3508	3609	3504	3412	3206	2970	2752	2557	2344	2227	2040	
76	8354	60.0	60.0	29	1	1	2	983	1230	1783	2584	3503	4301	4688	4797	4674	4471	4136	3812	3467	3168	2886	2654	2568	2608	2764	3054	3360	3534	3597	3551	3376	3212	2965	2746	2554	2361	2198	2040	
76	8371	60.0	60.0	29	1	1	2	995	1226	1778	2585	3515	4261	4701	4769	4701	4432	4121	3818	3476	3146	2875	2678	2569	2587	2780	3029	3350	3505	3596	3524	3425	3175	2956	2722	2549	2355	2202	2068	
76	8388	60.0	60.0	29	1	1	2	1000	1226	1777	2607	3492	4290	4697	4803	4680	4494	4125	3840	3469	3167	2854	2685	2567	2566	2764	3006	3369	3502	3585	3545	3381	3223	2968	2760	2546	2358	2198	2097	
76	8406	59.9	60.0	29	1	1	2	997	1231	1784	2588	3529	4295	4706	4792	4706	4452	4102	3816	3461	3141	2866	2668	2579	2585	2738	3062	3337	3490	3574	3529	3383	3218	2933	2713	2568	2349	2226	2050	
76	8470	94.9	95.1	30	1	0	2	932	1024	1304	1698	2140	2544	2833	2908	2874	2773	2620	2492	2341	2183	2036	1968	2002	2044	2229	2459	2725	2820	2877	2866	2755	2615	2481	2304	2155	2041	1934	1820	
76	8487	95.0	95.0	30	1	0	2	923	1043	1291	1681	2146	2533	2797	2881	2873	2800	2673	2488	2335	2193	2058	1965	1953	2049	2257	2461	2723	2821	2915	2852	2713	2628	2482	2286	2192	1994	1935	1806	
76	8550	59.9	60.1	30	1	1	2	1005	1228	1795	2586	3501	4249	4698	4752	4646	4395	4109	3769	3442	3140	2850	2653	2559	2586	2724	3035	3360	3518	3595	3555	3369	3177	2980	2736	2542	2350	2207	2052	
76	8567	59.9	60.0	30	1	1	2	992	1228	1779	2566	3472	4248	4660	4750	4654	4432	4095	3785	3426	3144	2861	2668	2558	2576	2733	3021	3332	3453	3601	3541	3367	3186	2941	2721	2505	2341	2205	2040	
76	8585	60.0	60.0	30	1	1	2	1009	1229	1787	2586	3496	4349	4724	4821	4720	4464	4123	3825	3458	3141	2881	2659	2594	2617	2754	3012	3374	3523	3619	3542	3410	3209	2969	2751	2556	2346	2207	2096	
76	8602	60.0	60.0	30	1	1	2	981	1214	1801	2559	3505	4310	4685	4760	4707	4456	4116	3792	3474	3146	2882	2676	2557	2611	2769	3015	3355	3517	3596	3554	3415	3204	2942	2764	2555	2333	2205	2046	
76	8619	59.9	60.0	30	1	1	2	992	1250	1783	2593	3525	4314	4704	4776	4670	4428	4124	3820	3480	3158	2878	2674	2579	2578	2775	3056	3361	3553	3593	3547	3405	3203	2964	2725	2538	2373	2206	2084	
76	8636	60.0	60.0	30	1	1	2	1008	1229	1784	2544	3505	4277	4663	4770	4643	4452	4096	3778	3448	3145	2871	2654	2568	2572	2774	3029	3325	3477	3588	3528	3344	3211	2940	2751	2546	2358	2207	2055	
76	8654	60.0	60.0	30	1	1	2	985	1251	1787	2584	3551	4270	4702	4786	4690	4447	4175	3843	3445	3194	2909	2662	2566	2570	2767	3024	3320	3522	3618	3560	3397	3197	2952	2744	2521	2349	2232	2064	
76	8716	95.0	95.0	31	1	0	2	932	1032	1305	1703	2161	2590	2796	2929	2888	2797	2633	2539	2330	2200	2053	1984	1981	2060	2234	2463	2709	2841	2895	2861	2771	2624	2496	2334	2188	2049	1923	1836	
76	8733	95.0	95.0	31	1	0	2	907	1021	1312	1680	2133	2550	2776	2880	2888	2792	2624	2503	2323	2194	2046	1954	1977	2031	2241	2485	2717	2817	2884	2834	2736	2609	2466	2342	2183	2044	1954	1828	
76	8796	60.0	60.1	31	1	1	2	987	1245	1767	2562	3452	4306	4671	4729	4641	4381	4080	3787	3419	3109	2868	2630	2583	2555	2761	3034	3298	3496	3588	3492	3367	3165	2976	2718	2522	2329	2218	2033	
76	8813	59.9	60.0	31	1	1	2	1014	1226	1804	2583	3565	4256	4662	4768	4701	4481	4073	3834	3470	3147	2876	2686	2555	2613	2726	3054	3342	3534	3626	3525	3373	3229	2969	2728	2556	2311	2209	2085	
76	8831	60.0	60.0	31	1	1	2	992	1228	1757	2582	3501	4309	4734	4813	4753	4463	4131	3811	3447	3169	2915	2681	2578	2581	2792	3035	3365	3530	3599	3550	3356	3208	2971	2736	2527	2346	2246	2077	
76	8848	60.0	60.0	31	1	1	2	997	1230	1770	2585	3521	4281	4698	4770	4649	4437	4118	3805	3435	3134	2865	2647	2567	2585	2735	3059	3344	3503	3606	3515	3376	3223	2955	2737	2516	2325	2214	2056	
76	8865	60.0	60.0	31	1	1	2	993	1221	1782	2570	3489	4294	4674	4772	4645	4413	4114	3806	3455	3120	2864	2652	2550	2563	2753	3047	3318	3491	3569	3514	3413	3207	2956	2711	2528	2344	2202	2054	
76	8882	60.0	60.0	31	1	1	2	990	1239	1747	2576	3512	4273	4699	4780	4692	4442	4152	3763	3490	3143	2882	2655	2569	2577	2749	3033	3322	3523	3604	3529	3399	3221	3002	2753	2503	2352	2215	2048	
76	8900	59.9	60.0	31	1	1	2	985	1234	1797	2590	3506	4281	4675	4760	4688	4412	4135	3793	3441	3135	2847	2646	2559	2579	2766	3017	3341	3504	3612	3540	3388	3180	2988	2738	2483	2331	2210	2064	
76	8962	94.9	95.0	32	1	0	2	908	1058	1284	1689	2146	2576	2820	2893	2895	2822	2665	2503	2354	2182	2041	1997	2006	2085	2231	2464	2713	2816	2890	2822	2709	2640	2475	2295	2180	2046	1940	1830	
76	8980	95.0	95.0	32	1	1	2	922	1033	1297	1694	2151	2548	2789	2849	2872	2826	2638	2494	2320	2178	2060	1987	1978	2060	2231	2473	2734	2801	2885	2875	2745	2628	2495	2315	2170	2022	1945	1794	
76	9042	59.9	60.1	32	1	1	2	998	1232	1786	2558	3475	4291	4678	4718	4626	4411	4098	3794	3448	3124	2861	2672	2544	2556	2725	3022	3333	3514	3619	3538	3372	3169	2985	2722	2549	2297	2199	2076	
76	9060	59.9	60.0	32	1	1	2	1001	1228	1773	2558	3496	4307	4698	4756	4682	4440	4115	3812	3428	3146	2896	2659	2553	2573	2763	3056	3341	3500	3607	3532	3389	3198	2954	2735	2544	2336	2234	2062	
76	9077	59.9	60.0	32	1	1	2	994	1245	1770	2605	3531	4307	4706	4794	4717	4421	4111	3844	3422	3166	2857	2681	2562	2564	2738	3065	3324	3555	3606	3539	3379	3184	2982	2718	2538	2310	2193	2054	
76	9094	60.0	60.0	32	1	1	2	985	1227	1788	2585	3513	4275	4690	4749	4697	4452	4083	3787	3442	3183	2861	2672	2554	2589	2731	3028	3303	3486	3570	3502	3380	3212	2958	2751	2540	2345	2224	2060	
76	9111	60.0	60.0	32	1	1	2	999	1234	1805	2583	3536	4307	4664	4758	4655	4435	4096	3808	3436	3150	2856	2665	2550	2563	2764	3028	3329	3517	3580	3522	3396	3193	2961	2764	2533	2335	2212	2037	
76	9129	60.0	60.0	32	1	1	2	985	1224	1786	2560	3522	4252	4692	4801	4627	4439	4090	3801	3452	3123	2887	2635	2540	2582	2767	3022	3341	3515	3587	3536	3393	3200	2936	2744	2532	2340	2201	2051	
76	9146	59.9	60.0	32	1	1	2	1013	1228	1768	2550	3534	4313	4680	4760	4672	4389	4099	3790	3471	3128	2867	2652	2541	2585	2760	3063	3361	3509	3604	3578	3362	3208	2968	2770	2560	2331	2215	2053	
76	9210	95.0	95.1	33	1	0	2	914	1029	1314	1702	2136	2568	2800	2877	2897	2812	2659	2513	2336	2168	2070	1978	1985	2041	2217	2463	2727	2803	2917	2849	2742	2667	2492	2299	2166	2031	1935	1821	
76	9228	95.0	95.0	33	1	1	2	913	1018	1316	1701	2159	2550	2788	2874	2870	2761	2651	2522	2333	2165	2048	2000	1981	2036	2219	2448	2694	2830	2904	2818	2716	2615	2489	2320	2170	2024	1938	1817	
76	9290	60.0	60.1	33	1	1	2	994	1236	1782	2553	3458	4308	4660	4781	4627	4387	4108	3781	3459	3158	2877	2664	2567	2573	2717	3058	3371	3536	3584	3534	3382	3207	2951	2728	2536	2348	2229	2062	
76	9308	60.0	60.0	33	1	1	2	985	1240	1797	2587	3500	4256	4668	4775	4644	4425	4117	3774	3465	3131	2856	2662	2529	2589	2722	3006	3360	3514	3627	3526	3376	3179	2961	2728	2536	2333	2179	2056	
76	9325	60.0	60.0	33	1	1	2	986	1224	1783	2568	3516	4300	4705	4818	4721	4462	4134	3834	3474	3147	2882	2680	2580	2576	2747	3056	3381	3535	3598	3534	3400	3211	2942	2761	2538	2362	2202	2043	
76	9342	59.9	60.0	33	1	1	2	985	1225	1802	2546	3472	4284	4694	4799	4669	4423	4122	3792	3475	3126	2866	2683	2562	2598	2758	3028	3340	3514	3621	3516	3362	3204	2946	2736	2540	2338	2216	2045	
76	9359	60.0	60.0	33	1	1	2	997	1239	1795	2573	3465	4317	4700	4765	4687	4454	4130	3845	3452	3154	2877	2673	2580	2593	2779	3040	3333	3507	3571	3553	3375	3214	2974	2761	2533	2324	2222	2072	
76	9377	59.9	60.0	33	1	1	2	1005	1214	1814	2598	3491	4214	4644	4771	4641	4453	4068	3778	3444	3097	2854	2663	2543	2560	2738	3028	3351	3490	3612	3525	3372	3212	2955	2742	2532	2362	2211	2040	
76	9394	60.0	60.0	33	1	1	2	996	1265	1770	2566	3493	4217	4653	4748	4641	4446	4104	3796	3454	3136	2859	2643	2562	2548	2739	2981	3329	3501	3600	3511	3392	3191	2964	2724	2557	2358	2207	2066	
76	9457	95.0	95.1	34	1	0	2	929	1043	1297	1667	2143	2548	2817	2877	2872	2799	2623	2510	2338	2184	2059	1973	1993	2038	2237	2511	2700	2874	2909	2815	2764	2616	2444	2321	2169	2027	1928	1790	
76	9474	95.0	95.0	34	1	1	2	926	1031	1276	1691	2133	2551	2790	2832	2886	2793	2649	2502	2325	2165	2040	1990	1955	2057	2238	2473	2680	2830	2873	2848	2744	2621	2443	2274	2169	2023	1921	1829	
76	9536	60.0	60.1	34	1	1	2	1017	1208	1761	2526	3487	4242	4641	4679	4615	4381	4059	3737	3401	3132	2848	2663	2534	2564	2743	3018	3321	3462	3563	3498	3417	3171	2948	2716	2519	2327	2199	2039	
76	9554	59.9	60.0	34	1	1	2	992	1238	1789	2572	3504	4276	4691	4812	4636	4464	4096	3843	3482	3116	2830	2638	2564	2585	2742	3039	3336	3505	3559	3523	3384	3199	2963	2751	2526	2367	2213	2068	
76	9571	59.9	60.0	34	1	1	2	1001	1219	1797	2577	3537	4321	4709	4768	4709	4449	4130	3831	3475	3167	2888	2671	2553	2585	2757	3027	3377	3535	3592	3537	3403	3189	3016	2718	2556	2345	2195	2088	
76	9588	60.0	60.0	34	1	1	2	994	1202	1801	2593	3499	4292	4708	4770	4681	4461	4144	3811	3423	3154	2874	2658	2562	2616	2749	3008	3372	3486	3603	3560	3374	3149	2946	2725	2551	2342	2229	2066	
76	9605	60.0	60.0	34	1	1	2	971	1215	1750	2564	3491	4258	4704	4755	4659	4454	4068	3800	3445	3135	2824	2634	2542	2562	2748	3015	3355	3461	3536	3497	3357	3187	2933	2726	2536	2331	2217	2061	
76	9623	59.9	60.0	34	1	1	2	1000	1213	1791	2619	3497	4261	4677	4783	4692	4448	4114	3799	3418	3163	2850	2658	2580	2562	2766	3025	3336	3507	3588	3525	3357	3196	2968	2728	2534	2327	2202	2070	
76	9640	60.0	60.0	34	1	1	2	986	1221	1788	2580	3492	4267	4640	4736	4665	4440	4101	3783	3450	3132	2868	2670	2540	2553	2775	3039	3324	3484	3560	3533	3347	3200	2921	2763	2519	2335	2196	2053	
76	9703	94.9	95.0	35	1	0	2	914	1031	1299	1680	2157	2565	2811	2882	2884	2794	2658	2514	2339	2210	2060	1982	1942	2070	2223	2452	2713	2815	2895	2829	2728	2610	2459	2310	2174	2024	1933	1809	
76	9720	94.9	95.0	35	1	1	2	909	1038	1293	1695	2115	2559	2801	2862	2850	2799	2650	2503	2369	2164	2084	1943	1974	2033	2248	2459	2679	2820	2905	2856	2722	2628	2449	2287	2161	2013	1919	1818	
76	9783	60.0	60.1	35	1	1	2	988	1230	1784	2573	3475	4306	4673	4781	4671	4414	4109	3766	3443	3153	2890	2635	2546	2563	2763	3042	3319	3490	3600	3535	3352	3204	2955	2739	2551	2335	2211	2057	
76	9800	60.0	60.0	35	1	1	2	986	1230	1800	2552	3514	4273	4702	4740	4673	4419	4139	3756	3448	3119	2897	2658	2552	2589	2766	3040	3322	3494	3610	3529	3380	3181	2957	2724	2515	2361	2210	2058	
76	9817	60.0	60.0	35	1	1	2	1001	1228	1774	2603	3494	4303	4703	4814	4674	4439	4129	3848	3464	3177	2878	2659	2537	2603	2785	3032	3332	3498	3595	3526	3382	3216	2963	2728	2565	2381	2230	2077	
76	9834	59.9	60.0	35	1	1	2	1016	1219	1788	2559	3486	4256	4681	4789	4638	4426	4112	3806	3435	3145	2855	2646	2547	2551	2735	3053	3352	3498	3584	3538	3345	3194	2982	2691	2523	2316	2193	2073	
76	9852	59.9	60.0	35	1	1	2	996	1206	1792	2584	3551	4327	4709	4766	4684	4453	4139	3804	3489	3161	2876	2673	2568	2571	2807	3046	3365	3520	3617	3548	3395	3214	2966	2780	2562	2375	2203	2061	
76	9869	60.0	60.0	35	1	1	2	1001	1224	1796	2579	3501	4312	4680	4771	4641	4427	4083	3759	3446	3140	2862	2663	2564	2577	2731	3023	3342	3491	3602	3486	3368	3197	2977	2742	2506	2327	2212	2049	
76	9886	59.9	60.0	35	1	1	2	998	1246	1795	2587	3492	4282	4663	4796	4672	4446	4100	3813	3445	3137	2881	2638	2576	2602	2743	3037	3353	3514	3615	3531	3360	3185	2962	2745	2526	2356	2192	2082	
76	9949	95.1	95.1	36	1	0	2	942	1033	1309	1695	2140	2560	2787	2875	2875	2776	2670	2525	2321	2175	2034	1974	1988	2048	2213	2454	2722	2828	2892	2847	2742	2628	2466	2291	2167	2034	1927	1818	
76	9966	95.0	95.0	36	1	1	2	909	1038	1284	1683	2154	2525	2775	2926	2873	2760	2654	2501	2351	2162	2065	1964	1947	2048	2226	2489	2711	2806	2880	2852	2716	2623	2464	2296	2141	2005	1929	1803	
76	10029	59.9	60.1	36	1	1	2	1008	1225	1773	2598	3483	4258	4651	4746	4649	4439	4113	3764	3445	3122	2844	2660	2572	2592	2734	3061	3362	3492	3600	3559	3386	3200	2925	2742	2529	2364	2212	2067	
76	10046	59.9	60.0	36	1	1	2	982	1237	1789	2543	3505	4277	4684	4801	4658	4441	4118	3798	3480	3146	2851	2663	2565	2564	2761	3039	3308	3457	3568	3525	3387	3159	2959	2725	2533	2362	2198	2065	
76	10063	60.0	60.0	36	1	1	2	993	1236	1789	2578	3512	4331	4722	4787	4715	4511	4131	3812	3466	3178	2895	2683	2574	2571	2742	3047	3375	3504	3638	3524	3424	3229	2977	2719	2544	2344	2205	2065	
76	10081	59.9	60.0	36	1	1	2	1004	1226	1785	2556	3500	4294	4672	4817	4679	4431	4123	3799	3451	3156	2888	2679	2575	2564	2765	3051	3341	3458	3584	3534	3338	3226	2948	2716	2541	2321	2224	2039	
76	10098	60.0	60.0	36	1	1	2	996	1199	1784	2555	3489	4286	4639	4766	4650	4419	4104	3786	3456	3136	2865	2659	2566	2530	2724	3000	3308	3511	3580	3506	3409	3180	2975	2722	2537	2343	2203	2059	
76	10115	60.0	60.0	36	1	1	2	999	1215	1772	2572	3507	4277	4697	4729	4649	4400	4066	3848	3461	3093	2873	2659	2568	2598	2761	3045	3318	3481	3576	3507	3387	3209	2928	2729	2529	2339	2217	2060	
76	10132	60.0	60.0	36	1	1	2	986	1234	1787	2598	3482	4293	4714	4769	4691	4425	4091	3785	3414	3136	2866	2649	2553	2603	2753	3039	3323	3491	3604	3527	3370	3184	2972	2699	2500	2342	2192	2083	
76	10195	95.0	95.1	37	1	0	2	924	1044	1310	1690	2165	2567	2795	2890	2887	2793	2635	2508	2319	2167	2050	2002	1953	2042	2237	2485	2692	2843	2900	2839	2722	2639	2465	2303	2177	2070	1924	1819	
76	10212	95.0	95.0	37	1	1	2	916	1034	1311	1681	2127	2543	2773	2874	2871	2764	2645	2503	2321	2167	2055	2004	1964	2037	2234	2437	2719	2803	2889	2878	2712	2618	2459	2303	2139	2034	1931	1838	
76	10275	59.9	60.1	37	1	1	2	1014	1220	1773	2583	3507	4305	4660	4788	4627	4402	4118	3796	3458	3144	2870	2649	2558	2575	2773	3028	3364	3488	3575	3553	3373	3198	2925	2731	2531	2352	2228	2056	
76	10292	59.9	60.0	37	1	1	2	995	1218	1783	2560	3505	4283	4659	4758	4670	4422	4103	3807	3445	3144	2876	2674	2562	2584	2754	3009	3300	3524	3569	3514	3408	3185	2947	2743	2536	2353	2189	2076	
76	10309	59.9	60.0	37	1	1	2	996	1231	1787	2598	3555	4301	4778	4793	4728	4467	4175	3832	3478	3180	2874	2687	2590	2581	2775	3065	3362	3546	3607	3535	3402	3223	2962	2736	2560	2342	2213	2063	
76	10327	60.0	60.0	37	1	1	2	991	1238	1820	2580	3544	4342	4730	4787	4693	4478	4131	3830	3487	3156	2923	2667	2589	2597	2759	3053	3345	3516	3582	3535	3392	3228	2947	2758	2581	2342	2214	2065	
76	10344	60.0	60.0	37	1	1	2	1004	1223	1775	2561	3525	4262	4708	4721	4657	4448	4098	3811	3450	3165	2867	2650	2542	2560	2762	3036	3357	3507	3604	3534	3378	3176	2965	2727	2545	2365	2199	2082	
76	10361	59.9	60.0	37	1	1	2	1001	1246	1810	2557	3501	4365	4742	4817	4695	4458	4127	3827	3474	3176	2871	2662	2550	2597	2793	3051	3332	3485	3578	3578	3356	3212	2947	2708	2562	2340	2217	2027	
76	10378	60.0	60.0	37	1	1	2	990	1221	1790	2612	3515	4282	4682	4797	4673	4456	4112	3844	3468	3165	2836	2657	2587	2572	2777	3036	3340	3514	3614	3541	3391	3182	2955	2766	2521	2356	2196	2079	
76	10441	95.0	95.1	38	1	0	2	918	1049	1308	1710	2147	2575	2803	2889	2896	2824	2658	2530	2344	2203	2076	1989	1988	2047	2232	2452	2695	2822	2931	2829	2748	2657	2448	2293	2155	2030	1933	1808	
76	10458	95.0	95.0	38	1	1	2	930	1058	1300	1693	2145	2553	2779	2869	2878	2767	2645	2466	2340	2177	2048	1967	1971	2042	2221	2473	2709	2838	2854	2819	2730	2612	2459	2275	2199	2028	1906	1827	
76	10521	60.0	60.1	38	1	1	2	990	1209	1774	2562	3479	4242	4672	4733	4670	4425	4127	3752	3458	3139	2883	2662	2558	2553	2758	3035	3357	3453	3595	3496	3367	3170	2945	2724	2512	2337	2192	2051	
76	10538	59.9	60.0	38	1	1	2	1029	1216	1786	2594	3484	4266	4684	4775	4667	4426	4143	3782	3477	3127	2897	2661	2547	2583	2756	3023	3332	3511	3575	3544	3371	3202	2934	2734	2527	2355	2208	2059	
76	10555	60.0	60.0	38	1	1	2	986	1217	1801	2613	3543	4327	4772	4778	4722	4480	4171	3807	3519	3162	2866	2654	2587	2593	2794	3058	3377	3521	3613	3593	3384	3201	2959	2738	2551	2331	2200	2047	
76	10573	59.9	60.0	38	1	1	2	996	1231	1819	2621	3524	4358	4757	4835	4707	4449	4126	3814	3476	3145	2872	2666	2587	2597	2796	3061	3346	3514	3587	3543	3423	3201	2981	2744	2567	2327	2224	2052	
76	10590	60.0	60.0	38	1	1	2	997	1247	1797	2589	3534	4284	4724	4816	4678	4461	4133	3794	3484	3140	2867	2672	2551	2570	2771	3044	3355	3499	3593	3541	3381	3228	2962	2736	2549	2366	2216	2067	
76	10607	59.9	60.0	38	1	1	2	1025	1213	1780	2581	3507	4300	4683	4781	4720	4445	4144	3799	3460	3146	2899	2658	2580	2617	2770	3012	3341	3529	3599	3526	3394	3221	2944	2764	2533	2362	2177	2069	
76	10624	60.0	60.0	38	1	1	2	1008	1231	1788	2596	3505	4253	4689	4773	4698	4457	4117	3786	3429	3139	2889	2656	2555	2587	2727	3021	3351	3508	3610	3518	3353	3206	2946	2739	2528	2330	2228	2049	
76	10689	95.0	95.1	39	1	0	2	920	1050	1299	1719	2141	2548	2806	2875	2911	2796	2668	2506	2349	2179	2076	1993	1968	2066	2232	2457	2709	2827	2887	2861	2739	2622	2461	2298	2197	2023	1913	1847	
76	10706	95.0	95.0	39	1	1	2	931	1034	1311	1697	2118	2540	2788	2884	2852	2785	2664	2498	2329	2169	2060	1960	1952	2051	2238	2451	2719	2824	2922	2782	2715	2609	2460	2299	2171	2012	1911	1818	
76	10767	59.9	60.1	39	1	1	2	993	1241	1778	2572	3475	4237	4682	4730	4648	4392	4100	3791	3433	3119	2868	2660	2569	2579	2736	3004	3306	3484	3601	3504	3350	3195	2935	2707	2533	2302	2202	2066	
76	10784	59.9	60.0	39	1	1	2	1025	1231	1807	2582	3568	4300	4712	4804	4691	4469	4131	3858	3459	3153	2906	2685	2556	2606	2753	3039	3372	3500	3617	3529	3382	3215	2990	2750	2554	2350	2221	2057	
76	10802	60.0	60.0	39	1	1	2	987	1242	1782	2596	3538	4315	4694	4805	4752	4491	4161	3858	3482	3192	2906	2676	2550	2576	2783	3055	3341	3507	3630	3548	3378	3212	2961	2760	2528	2348	2201	2061	
76	10819	60.0	60.0	39	1	1	2	1021	1229	1787	2593	3534	4292	4734	4788	4691	4475	4161	3848	3479	3174	2893	2674	2555	2592	2750	3079	3363	3483	3611	3554	3410	3212	2941	2759	2568	2357	2215	2060	
76	10836	59.9	60.0	39	1	1	2	987	1236	1791	2573	3535	4308	4705	4766	4693	4489	4144	3834	3483	3206	2849	2680	2591	2581	2731	3059	3384	3500	3577	3564	3342	3199	2964	2722	2543	2339	2198	2067	
76	10853	60.0	60.0	39	1	1	2	1023	1252	1792	2576	3507	4306	4692	4769	4700	4454	4111	3803	3487	3158	2888	2627	2555	2567	2740	3038	3357	3537	3596	3551	3403	3184	2960	2741	2521	2334	2204	2082	
76	10870	60.0	60.0	39	1	1	2	1004	1227	1810	2580	3472	4256	4682	4768	4664	4411	4110	3822	3449	3127	2873	2682	2546	2567	2754	3031	3351	3485	3612	3511	3357	3208	2952	2718	2521	2344	2170	2056	
76	10935	95.0	95.1	40	1	0	2	923	1037	1300	1705	2149	2552	2814	2928	2872	2788	2664	2504	2344	2200	2075	1974	1991	2045	2231	2470	2684	2825	2888	2856	2733	2613	2463	2296	2160	2031	1944	1826	
76	10952	95.0	95.0	40	1	1	2	929	1044	1314	1694	2158	2535	2810	2925	2906	2814	2648	2529	2320	2174	2057	1979	1965	2064	2234	2465	2703	2870	2876	2823	2744	2630	2462	2281	2184	2047	1962	1793	
76	11015	60.0	60.1	40	1	1	2	991	1235	1808	2550	3502	4295	4691	4782	4677	4419	4113	3815	3476	3109	2868	2691	2578	2577	2764	3071	3350	3502	3584	3555	3346	3219	3022	2732	2557	2345	2205	2074	
76	11032	60.0	60.0	40	1	1	2	1017	1222	1804	2583	3469	4306	4694	4756	4656	4442	4116	3800	3447	3149	2885	2665	2560	2564	2757	2998	3336	3506	3580	3540	3373	3226	2929	2716	2516	2360	2201	2049	
76	11050	60.0	60.0	40	1	1	2	1024	1250	1798	2608	3541	4345	4721	4811	4696	4484	4164	3819	3476	3171	2903	2660	2579	2566	2757	3055	3344	3528	3635	3541	3385	3193	2957	2742	2592	2340	2225	2074	
76	11067	60.0	60.0	40	1	1	2	1002	1241	1805	2597	3532	4312	4734	4829	4710	4473	4133	3838	3498	3169	2878	2636	2583	2587	2768	3053	3394	3522	3596	3528	3408	3210	2975	2740	2545	2374	2198	2061	
76	11084	59.9	60.0	40	1	1	2	1004	1233	1819	2598	3528	4356	4745	4829	4720	4481	4152	3837	3491	3179	2884	2678	2589	2627	2781	3028	3380	3495	3620	3544	3369	3192	2992	2767	2555	2362	2238	2074	
76	11101	60.0	60.0	40	1	1	2	1006	1235	1806	2597	3536	4317	4677	4777	4644	4411	4151	3810	3463	3174	2887	2681	2572	2576	2780	3039	3352	3498	3611	3528	3428	3245	2947	2746	2506	2343	2192	2024	
76	11119	59.9	60.0	40	1	1	2	1012	1244	1807	2590	3499	4313	4681	4777	4728	4467	4128	3825	3444	3152	2855	2657	2578	2593	2762	3056	3368	3503	3615	3521	3394	3209	2942	2733	2532	2335	2261	2054	
