Well	Time (1/2 s)	Block Temp	Sample Temp	Repetition	PCR Stage	Extension	Scale	B1	B2	B3	B4	B5	B6	B7	B8	B9	B10	B11	B12	B13	B14	B15	B16	B17	B18	B19	B20	B21	B22	B23	B24	B25	B26	B27	B28	B29	B30	B31	B32
130	104	95.3	95.0	1	0	0	2	935	1078	1367	1825	2418	2885	3225	3330	3337	3220	3062	2874	2654	2451	2312	2246	2209	2375	2587	2889	3133	3374	3376	3349	3212	3057	2894	2696	2461	2355	2200	2057	
130	121	95.0	95.0	1	0	0	2	932	1057	1363	1825	2420	2839	3183	3305	3319	3162	3015	2835	2640	2469	2293	2227	2217	2327	2548	2872	3132	3334	3359	3328	3195	3008	2824	2661	2502	2298	2178	2070	
130	139	95.0	95.0	1	0	0	2	956	1061	1350	1805	2404	2852	3170	3281	3297	3157	3013	2823	2618	2432	2261	2234	2193	2347	2543	2867	3099	3323	3385	3302	3152	3040	2854	2642	2488	2298	2178	2076	
130	156	94.9	95.0	1	0	0	2	939	1038	1350	1795	2383	2785	3193	3288	3282	3141	2984	2809	2651	2443	2288	2219	2200	2311	2560	2859	3146	3298	3353	3302	3193	3003	2847	2684	2450	2302	2184	2035	
130	173	95.0	95.0	1	0	0	2	944	1057	1348	1817	2366	2835	3177	3284	3276	3119	2992	2795	2645	2433	2293	2208	2195	2323	2551	2861	3077	3293	3339	3311	3161	3010	2853	2643	2484	2282	2166	2030	
130	190	95.0	95.0	1	0	0	2	930	1058	1337	1830	2384	2813	3164	3284	3317	3146	2992	2833	2624	2439	2300	2218	2196	2317	2573	2859	3112	3297	3380	3332	3168	3001	2865	2652	2474	2312	2179	2029	
130	208	94.9	95.0	1	0	0	2	938	1054	1350	1816	2347	2827	3159	3289	3266	3188	3001	2815	2641	2409	2305	2201	2210	2301	2555	2863	3117	3331	3340	3306	3157	3038	2869	2633	2460	2328	2172	2047	
130	225	95.0	95.0	1	0	0	2	944	1068	1359	1830	2348	2827	3178	3270	3285	3169	3018	2802	2612	2433	2302	2176	2240	2328	2565	2856	3145	3330	3388	3307	3196	3000	2855	2660	2487	2279	2168	2039	
130	242	95.0	95.0	1	0	0	2	938	1057	1364	1840	2353	2834	3194	3289	3286	3162	2983	2820	2626	2429	2328	2242	2197	2330	2592	2895	3124	3347	3372	3331	3174	3046	2877	2666	2504	2320	2187	2053	
130	259	94.9	95.0	1	0	0	2	938	1060	1376	1812	2390	2853	3175	3293	3315	3204	3004	2845	2620	2446	2310	2217	2209	2337	2565	2855	3146	3320	3358	3353	3191	3025	2883	2674	2484	2302	2178	2059	
130	277	94.9	95.0	1	0	0	2	941	1064	1350	1820	2353	2836	3179	3269	3300	3192	3014	2862	2619	2462	2301	2208	2218	2325	2561	2892	3124	3320	3381	3314	3186	3021	2861	2664	2465	2329	2192	2072	
130	294	94.9	95.0	1	0	0	2	941	1059	1377	1823	2401	2839	3188	3294	3291	3173	2984	2853	2635	2439	2328	2210	2216	2350	2566	2858	3152	3362	3397	3310	3204	3054	2873	2667	2483	2319	2191	2056	
130	311	95.0	95.0	1	0	0	2	938	1071	1377	1832	2354	2825	3247	3281	3290	3153	3060	2877	2644	2480	2309	2227	2236	2321	2564	2872	3128	3368	3420	3335	3184	3019	2866	2666	2487	2310	2197	2062	
130	328	95.0	95.0	1	0	0	2	929	1062	1356	1848	2383	2843	3185	3327	3302	3135	3039	2838	2642	2452	2321	2239	2194	2351	2547	2877	3145	3333	3383	3336	3221	3080	2852	2689	2513	2330	2198	2050	
130	346	95.0	95.0	1	0	0	2	931	1060	1362	1809	2396	2851	3226	3328	3334	3182	3041	2836	2650	2457	2312	2232	2212	2338	2581	2875	3156	3358	3408	3324	3185	3034	2913	2676	2508	2343	2164	2038	
130	363	95.0	95.0	1	0	0	2	935	1048	1361	1814	2382	2832	3218	3291	3326	3178	3025	2850	2651	2468	2310	2236	2217	2335	2567	2857	3149	3335	3390	3340	3197	3031	2902	2645	2488	2342	2180	2029	
130	380	95.0	95.0	1	0	0	2	944	1059	1343	1829	2364	2845	3210	3318	3323	3181	3049	2865	2684	2462	2299	2224	2211	2378	2556	2880	3126	3342	3402	3314	3200	3032	2889	2701	2496	2318	2201	2069	
130	397	95.0	95.0	1	0	0	2	936	1064	1364	1790	2365	2854	3178	3301	3326	3177	3001	2854	2625	2455	2301	2223	2212	2348	2583	2899	3137	3358	3406	3353	3218	3040	2905	2665	2474	2314	2199	2032	
130	415	94.9	95.0	1	0	0	2	953	1058	1356	1819	2358	2830	3224	3317	3297	3201	3027	2840	2696	2430	2302	2211	2258	2348	2582	2901	3124	3333	3365	3340	3224	3042	2880	2665	2496	2318	2186	2056	
130	432	94.9	95.0	1	0	0	2	956	1071	1352	1832	2360	2849	3213	3341	3339	3202	3026	2841	2669	2453	2324	2224	2235	2355	2590	2908	3136	3352	3387	3373	3203	3047	2894	2683	2470	2313	2196	2043	
130	449	95.0	95.0	1	0	0	2	945	1070	1344	1810	2376	2820	3213	3308	3358	3209	3018	2834	2645	2475	2321	2214	2217	2359	2591	2879	3151	3333	3372	3328	3218	3038	2890	2665	2512	2298	2195	2040	
130	466	94.9	95.0	1	0	0	2	947	1057	1353	1828	2385	2850	3229	3347	3307	3184	3047	2850	2654	2448	2314	2236	2230	2317	2578	2866	3167	3352	3398	3352	3200	3049	2832	2659	2514	2328	2196	2020	
130	484	94.9	95.0	1	0	0	2	942	1072	1383	1840	2391	2821	3199	3342	3322	3191	3049	2859	2661	2445	2328	2221	2213	2360	2593	2876	3140	3372	3383	3361	3187	3064	2839	2681	2521	2335	2175	2082	
130	501	94.9	95.0	1	0	0	2	934	1053	1375	1818	2370	2828	3204	3338	3307	3197	3072	2826	2616	2443	2347	2233	2184	2350	2572	2871	3121	3342	3375	3336	3178	3031	2889	2681	2497	2314	2208	2052	
130	518	95.0	95.0	1	0	0	2	938	1064	1360	1814	2388	2863	3214	3312	3296	3201	3055	2873	2663	2456	2313	2224	2230	2346	2564	2882	3150	3339	3386	3316	3221	3071	2864	2671	2501	2329	2226	2057	
130	535	95.0	95.0	1	0	0	2	942	1057	1388	1827	2382	2824	3194	3306	3316	3192	3035	2874	2671	2463	2318	2235	2206	2347	2591	2858	3116	3322	3396	3344	3153	3008	2879	2702	2492	2301	2207	2040	
130	553	94.9	95.0	1	0	0	2	945	1050	1361	1793	2347	2829	3233	3314	3302	3200	3057	2864	2661	2419	2331	2234	2249	2363	2595	2920	3147	3356	3396	3354	3228	3053	2858	2674	2490	2322	2184	2046	
130	570	95.0	95.0	1	0	0	2	935	1068	1363	1841	2391	2852	3211	3309	3322	3227	3046	2889	2674	2454	2296	2212	2245	2375	2575	2888	3170	3356	3382	3342	3207	3074	2844	2694	2517	2346	2192	2048	
130	587	94.9	95.0	1	0	0	2	928	1056	1347	1831	2383	2833	3245	3330	3309	3205	3072	2849	2671	2460	2318	2235	2231	2366	2594	2904	3139	3363	3435	3346	3206	3059	2913	2678	2507	2312	2198	2070	
130	604	95.0	95.0	1	0	0	2	933	1055	1360	1821	2388	2867	3202	3317	3324	3183	3032	2863	2671	2455	2310	2226	2231	2327	2576	2886	3153	3323	3407	3352	3215	3055	2896	2667	2515	2277	2200	2038	
130	622	95.0	95.0	1	0	0	2	935	1067	1370	1834	2406	2833	3229	3317	3359	3244	3045	2849	2675	2447	2349	2231	2238	2335	2600	2877	3160	3371	3395	3356	3211	3103	2867	2682	2518	2316	2173	2069	
130	639	95.0	95.0	1	0	0	2	948	1057	1369	1833	2393	2850	3206	3338	3360	3227	3047	2883	2649	2464	2329	2230	2220	2374	2604	2876	3120	3353	3411	3348	3229	3050	2888	2671	2479	2313	2213	2082	
130	656	94.9	95.0	1	0	0	2	938	1055	1378	1833	2407	2874	3240	3322	3308	3199	3025	2873	2659	2438	2317	2246	2222	2352	2577	2918	3138	3332	3358	3315	3202	3033	2874	2634	2502	2313	2159	2056	
130	673	95.0	95.0	1	0	0	2	909	1056	1359	1831	2375	2863	3236	3290	3328	3230	3084	2854	2668	2477	2342	2243	2224	2343	2585	2882	3135	3364	3414	3333	3220	3072	2885	2679	2517	2334	2177	2077	
130	691	95.0	95.0	1	0	0	2	948	1058	1358	1812	2407	2886	3250	3328	3339	3205	3073	2888	2667	2501	2303	2231	2249	2378	2603	2905	3147	3379	3425	3329	3222	3064	2931	2686	2544	2327	2193	2066	
130	708	95.0	95.0	1	0	0	2	938	1061	1366	1832	2387	2863	3242	3333	3331	3229	3059	2873	2652	2472	2349	2240	2226	2333	2597	2899	3128	3366	3401	3358	3211	3081	2894	2685	2493	2357	2201	2077	
130	725	94.9	95.0	1	0	0	2	964	1075	1345	1831	2404	2873	3217	3372	3331	3223	3055	2879	2678	2469	2349	2249	2226	2364	2580	2899	3149	3326	3402	3344	3190	3068	2893	2704	2493	2322	2210	2061	
130	742	95.0	95.0	1	0	0	2	947	1052	1360	1817	2397	2869	3224	3347	3357	3227	3071	2868	2681	2467	2320	2256	2237	2364	2603	2905	3156	3355	3406	3340	3256	3065	2896	2674	2520	2326	2204	2064	
130	760	95.0	95.0	1	0	0	2	939	1048	1351	1837	2392	2894	3265	3357	3353	3244	3043	2854	2686	2455	2314	2236	2229	2350	2591	2901	3162	3346	3422	3364	3233	3018	2932	2655	2511	2369	2213	2067	
130	777	95.0	95.0	1	0	0	2	941	1065	1360	1836	2398	2862	3230	3346	3360	3210	3091	2855	2689	2484	2329	2248	2232	2352	2598	2857	3159	3372	3368	3363	3247	3057	2929	2699	2519	2352	2181	2066	
130	794	95.0	95.0	1	0	0	2	939	1068	1388	1843	2384	2876	3230	3343	3366	3253	3104	2890	2620	2461	2349	2253	2239	2334	2578	2903	3158	3302	3428	3348	3250	3072	2882	2685	2504	2313	2200	2074	
130	811	94.9	95.0	1	0	0	2	931	1077	1383	1831	2391	2862	3215	3350	3333	3231	3063	2894	2678	2468	2346	2252	2224	2383	2584	2910	3143	3356	3432	3341	3236	3069	2887	2699	2523	2331	2210	2053	
130	829	95.0	95.0	1	0	0	2	938	1067	1345	1835	2425	2886	3214	3356	3356	3207	3068	2870	2691	2447	2315	2243	2247	2376	2571	2886	3139	3358	3403	3337	3211	3052	2898	2676	2539	2333	2214	2057	
130	846	94.9	95.0	1	0	0	2	950	1054	1368	1810	2409	2877	3240	3318	3360	3232	3064	2897	2704	2486	2325	2266	2243	2371	2581	2907	3144	3374	3409	3381	3231	3071	2905	2696	2502	2331	2214	2057	
130	863	95.0	95.0	1	0	0	2	943	1054	1366	1843	2395	2882	3264	3348	3352	3207	3077	2880	2677	2445	2326	2258	2227	2346	2576	2930	3159	3352	3423	3353	3220	3055	2902	2684	2523	2334	2206	2041	
130	880	95.0	95.0	1	0	0	2	944	1060	1364	1842	2389	2866	3251	3346	3317	3236	3080	2860	2632	2499	2323	2236	2227	2394	2588	2894	3155	3377	3424	3317	3238	3047	2896	2667	2510	2333	2200	2063	
130	898	95.0	95.0	1	0	0	2	944	1058	1375	1831	2428	2877	3244	3326	3332	3232	3070	2845	2691	2469	2329	2274	2252	2363	2570	2906	3144	3331	3441	3335	3232	3086	2920	2690	2515	2337	2192	2047	
130	915	95.0	95.0	1	0	0	2	928	1041	1387	1832	2405	2834	3245	3361	3335	3199	3081	2848	2674	2469	2334	2247	2251	2363	2558	2874	3142	3351	3408	3374	3224	3062	2878	2710	2500	2324	2200	2088	
130	932	94.9	95.0	1	0	0	2	933	1068	1376	1854	2398	2901	3242	3367	3386	3226	3063	2909	2710	2480	2333	2238	2227	2352	2594	2927	3152	3336	3400	3378	3194	3065	2902	2673	2506	2347	2215	2080	
130	949	95.0	95.0	1	0	0	2	948	1068	1359	1837	2403	2869	3234	3358	3361	3231	3072	2857	2709	2476	2314	2245	2236	2376	2575	2908	3165	3365	3422	3344	3225	3074	2899	2701	2520	2344	2221	2058	
130	967	95.0	95.0	1	0	0	2	930	1070	1353	1844	2408	2871	3299	3334	3338	3248	3080	2864	2663	2492	2316	2230	2241	2333	2573	2878	3155	3365	3419	3334	3212	3058	2908	2665	2533	2364	2181	2073	
130	984	95.0	95.0	1	0	0	2	937	1053	1359	1857	2387	2884	3245	3343	3379	3259	3078	2897	2695	2494	2354	2227	2260	2354	2586	2874	3161	3368	3426	3358	3241	3050	2896	2685	2529	2320	2206	2056	
130	1001	95.0	95.0	1	0	0	2	941	1064	1369	1848	2427	2897	3264	3350	3366	3241	3044	2911	2694	2477	2331	2200	2228	2363	2602	2904	3171	3363	3427	3380	3237	3051	2902	2684	2496	2346	2208	2066	
130	1018	94.9	95.0	1	0	0	2	960	1064	1366	1825	2415	2889	3254	3362	3347	3245	3086	2881	2695	2502	2312	2266	2239	2351	2576	2906	3146	3355	3426	3337	3246	3066	2898	2673	2523	2327	2191	2063	
130	1036	94.9	95.0	1	0	0	2	925	1054	1372	1823	2400	2917	3278	3357	3344	3259	3087	2860	2675	2472	2362	2244	2218	2371	2596	2894	3138	3353	3424	3370	3213	3071	2895	2720	2518	2336	2206	2069	
130	1053	95.0	95.0	1	0	0	2	942	1073	1376	1840	2407	2878	3272	3366	3344	3260	3093	2895	2674	2513	2335	2248	2228	2379	2575	2916	3148	3370	3421	3368	3200	3057	2925	2671	2524	2316	2192	2083	
130	1070	95.0	95.0	1	0	0	2	942	1062	1368	1815	2389	2889	3256	3372	3388	3239	3093	2897	2667	2507	2336	2248	2219	2364	2600	2915	3099	3386	3440	3359	3218	3058	2902	2699	2511	2308	2220	2062	
130	1087	95.0	95.0	1	0	0	2	964	1065	1349	1841	2428	2890	3249	3358	3379	3230	3097	2894	2702	2481	2350	2244	2249	2358	2578	2899	3131	3368	3420	3349	3217	3071	2890	2710	2539	2328	2196	2080	
130	1105	95.0	95.0	1	0	0	2	922	1056	1375	1864	2404	2892	3253	3364	3363	3262	3065	2895	2685	2518	2333	2240	2219	2350	2584	2894	3152	3347	3408	3328	3234	3077	2890	2674	2494	2321	2208	2068	
130	1122	94.9	95.0	1	0	0	2	937	1048	1376	1819	2429	2896	3285	3359	3366	3245	3073	2880	2673	2488	2323	2255	2217	2390	2588	2906	3186	3380	3379	3347	3221	3077	2895	2690	2527	2319	2186	2060	
130	1139	95.0	95.0	1	0	0	2	949	1061	1359	1821	2397	2888	3275	3356	3392	3262	3078	2901	2696	2514	2351	2240	2253	2354	2562	2884	3125	3343	3431	3377	3205	3079	2888	2692	2520	2317	2196	2063	
130	1156	95.0	95.0	1	0	0	2	953	1059	1394	1833	2421	2894	3266	3348	3426	3254	3116	2910	2699	2493	2346	2266	2225	2366	2598	2902	3131	3379	3409	3364	3225	3054	2885	2661	2521	2348	2218	2066	
130	1174	95.0	95.0	1	0	0	2	935	1062	1357	1851	2403	2929	3254	3373	3335	3233	3081	2930	2666	2507	2356	2236	2230	2338	2633	2903	3135	3381	3398	3311	3222	3053	2886	2695	2501	2312	2196	2064	
130	1191	94.9	95.0	1	0	0	2	944	1066	1375	1853	2405	2899	3240	3349	3339	3241	3029	2882	2692	2492	2345	2266	2264	2377	2592	2917	3165	3360	3409	3353	3238	3066	2913	2676	2508	2335	2208	2050	
130	1208	94.9	95.0	1	0	0	2	941	1066	1356	1850	2425	2910	3267	3375	3345	3245	3023	2915	2671	2490	2366	2270	2279	2370	2602	2899	3160	3405	3451	3353	3195	3063	2875	2722	2510	2324	2209	2082	
130	1225	95.0	95.0	1	0	0	2	946	1060	1374	1823	2402	2920	3272	3368	3375	3255	3108	2879	2682	2494	2348	2263	2237	2365	2627	2915	3169	3388	3377	3326	3216	3047	2912	2694	2493	2349	2215	2065	
130	1243	95.0	95.0	1	0	0	2	926	1063	1368	1819	2426	2876	3248	3361	3397	3253	3081	2896	2665	2489	2338	2238	2238	2346	2602	2904	3140	3340	3431	3344	3234	3073	2927	2679	2501	2320	2189	2096	
130	1260	95.0	95.0	1	0	0	2	932	1089	1356	1843	2409	2908	3258	3399	3371	3249	3101	2902	2669	2509	2344	2261	2237	2361	2596	2919	3158	3368	3427	3359	3216	3067	2906	2705	2515	2338	2180	2066	
130	1277	94.9	95.0	1	0	0	2	938	1070	1387	1839	2403	2900	3269	3394	3345	3250	3068	2908	2710	2497	2349	2274	2245	2350	2587	2900	3182	3390	3401	3358	3225	3087	2897	2700	2510	2326	2206	2044	
130	1294	95.0	95.0	1	0	0	2	935	1062	1389	1846	2407	2888	3262	3404	3362	3267	3089	2911	2681	2481	2350	2254	2237	2349	2589	2912	3182	3344	3430	3364	3213	3065	2884	2690	2536	2334	2196	2071	
130	1323	94.9	95.0	1	1	0	2	937	1061	1375	1834	2429	2886	3284	3345	3371	3245	3099	2889	2683	2506	2313	2258	2239	2344	2605	2920	3158	3357	3432	3367	3210	3091	2880	2674	2509	2352	2196	2072	
130	1387	59.7	60.2	1	1	1	2	1023	1270	1876	2877	3983	4876	5488	5557	5500	5185	4830	4390	4009	3619	3284	3038	2911	2931	3174	3500	3852	4116	4150	4100	3927	3686	3414	3157	2889	2656	2499	2318	
130	1404	59.9	60.0	1	1	1	2	1039	1255	1916	2873	4023	4934	5569	5672	5586	5235	4886	4491	4099	3655	3270	3075	2961	2954	3187	3574	3871	4128	4235	4152	3967	3730	3430	3190	2920	2651	2501	2309	
130	1422	59.9	60.0	1	1	1	2	1035	1284	1932	2864	4032	4913	5558	5674	5558	5273	4862	4495	4031	3664	3347	3094	2922	2968	3189	3548	3889	4131	4236	4109	3941	3698	3456	3157	2917	2656	2494	2332	
130	1439	59.9	60.0	1	1	1	2	1022	1285	1901	2871	4005	4948	5563	5654	5541	5263	4904	4494	4066	3656	3349	3079	2951	2978	3170	3533	3869	4145	4183	4147	3952	3671	3469	3151	2912	2692	2493	2309	
130	1456	60.0	60.0	1	1	1	2	1032	1304	1895	2868	3998	4940	5519	5662	5544	5237	4816	4457	4031	3652	3324	3072	2936	3001	3168	3533	3847	4135	4199	4100	3909	3682	3448	3174	2908	2689	2498	2312	
130	1473	60.0	60.0	1	1	1	2	1030	1279	1905	2837	4001	4884	5609	5622	5549	5186	4882	4458	4027	3650	3334	3055	2928	2957	3178	3527	3840	4137	4206	4125	3891	3727	3428	3169	2926	2659	2496	2315	
130	1491	59.9	60.0	1	1	1	2	1024	1265	1908	2878	4001	4919	5548	5609	5522	5181	4858	4413	4023	3617	3301	3074	2921	2958	3220	3547	3860	4069	4179	4079	3931	3676	3456	3141	2900	2657	2448	2325	
130	1553	95.4	94.9	2	1	0	2	929	1055	1354	1801	2370	2850	3216	3327	3332	3199	3037	2816	2651	2445	2301	2214	2216	2328	2532	2833	3083	3295	3358	3283	3165	3026	2837	2632	2450	2293	2158	2020	
130	1570	95.0	95.0	2	1	0	2	939	1073	1332	1834	2347	2852	3218	3290	3266	3190	3020	2842	2636	2448	2271	2208	2207	2299	2514	2826	3109	3289	3370	3264	3183	2981	2828	2624	2459	2290	2143	2031	
130	1631	59.7	60.3	2	1	1	2	1018	1248	1881	2800	3923	4787	5428	5543	5422	5128	4728	4366	3996	3542	3271	2976	2856	2934	3132	3483	3814	4055	4117	4067	3884	3683	3410	3112	2866	2653	2480	2284	
130	1648	60.0	60.0	2	1	1	2	1016	1276	1845	2814	3893	4762	5422	5494	5397	5147	4749	4389	3981	3574	3257	3005	2841	2905	3140	3476	3813	4079	4111	4056	3872	3670	3392	3122	2862	2620	2478	2320	
130	1666	59.9	60.0	2	1	1	2	1029	1283	1890	2814	3890	4820	5450	5518	5381	5142	4741	4361	3996	3571	3251	3009	2820	2896	3118	3472	3800	4073	4116	4037	3863	3637	3373	3114	2864	2650	2428	2280	
130	1683	60.0	60.0	2	1	1	2	1014	1298	1875	2805	3885	4790	5434	5554	5412	5066	4726	4379	3951	3543	3250	3000	2857	2925	3170	3498	3818	4049	4162	4059	3858	3653	3411	3143	2851	2642	2439	2292	
130	1700	59.9	60.0	2	1	1	2	1034	1257	1886	2807	3952	4834	5486	5569	5485	5127	4771	4359	3982	3584	3238	3052	2888	2908	3144	3495	3815	4023	4122	4104	3911	3649	3401	3140	2893	2636	2446	2299	
130	1717	60.0	60.0	2	1	1	2	1021	1292	1891	2815	3950	4862	5462	5553	5471	5112	4802	4345	3961	3582	3267	3020	2869	2875	3148	3527	3839	4070	4150	4083	3916	3625	3418	3148	2866	2620	2446	2292	
130	1735	60.0	60.0	2	1	1	2	1016	1281	1893	2820	3944	4838	5457	5564	5480	5127	4747	4395	4008	3604	3249	3031	2861	2933	3102	3492	3799	4042	4128	4066	3835	3648	3423	3149	2870	2636	2476	2314	
130	1797	95.2	95.0	3	1	0	2	957	1080	1384	1824	2394	2879	3203	3335	3339	3196	3003	2877	2678	2467	2320	2195	2218	2336	2529	2838	3064	3312	3295	3252	3151	2994	2844	2671	2467	2283	2166	2042	
130	1814	95.0	95.0	3	1	0	2	959	1058	1366	1796	2360	2842	3214	3281	3298	3175	3016	2847	2624	2441	2292	2215	2192	2301	2527	2849	3055	3288	3284	3258	3132	2982	2812	2640	2467	2271	2180	2016	
130	1875	59.7	60.3	3	1	1	2	1021	1270	1865	2806	3926	4769	5393	5479	5379	5088	4757	4371	3960	3553	3228	2996	2869	2907	3123	3513	3814	4113	4082	4024	3864	3590	3412	3103	2877	2651	2474	2306	
130	1893	59.9	60.0	3	1	1	2	1020	1296	1895	2784	3912	4760	5411	5483	5403	5064	4745	4318	3945	3533	3245	3035	2859	2936	3146	3484	3789	4066	4105	4072	3843	3603	3386	3140	2864	2622	2447	2290	
130	1910	60.0	60.0	3	1	1	2	1014	1256	1886	2787	3929	4789	5418	5495	5429	5136	4771	4325	3925	3573	3249	2993	2830	2893	3106	3472	3786	4070	4110	4017	3860	3679	3423	3108	2878	2611	2442	2297	
130	1927	59.9	60.0	3	1	1	2	1025	1278	1900	2842	3928	4817	5426	5543	5437	5116	4766	4364	3992	3547	3265	3022	2860	2924	3144	3501	3787	4038	4148	4094	3865	3672	3379	3117	2874	2647	2436	2295	
130	1944	59.9	60.0	3	1	1	2	1019	1275	1872	2828	3952	4826	5504	5606	5455	5144	4773	4411	3986	3574	3255	3044	2878	2928	3171	3497	3799	4074	4133	4077	3840	3643	3398	3148	2872	2626	2461	2300	
130	1962	60.0	60.0	3	1	1	2	1029	1291	1883	2794	3937	4837	5462	5546	5425	5132	4796	4377	3984	3608	3266	3017	2887	2930	3144	3505	3845	4034	4128	4063	3880	3649	3424	3124	2884	2625	2470	2300	
130	1979	59.9	60.0	3	1	1	2	1028	1287	1883	2836	3937	4852	5464	5586	5474	5154	4756	4364	3993	3570	3261	2998	2867	2916	3132	3492	3785	4102	4113	4047	3858	3628	3417	3114	2890	2636	2462	2321	
130	2043	95.3	95.0	4	1	0	2	928	1066	1357	1804	2360	2853	3208	3281	3308	3224	3023	2824	2645	2444	2304	2225	2189	2317	2520	2839	3092	3258	3347	3258	3136	3030	2826	2608	2459	2274	2109	2016	
130	2061	95.0	95.0	4	1	0	2	954	1050	1338	1804	2340	2797	3195	3269	3267	3164	3010	2821	2627	2440	2280	2199	2177	2304	2508	2842	3087	3234	3300	3260	3132	2965	2813	2624	2421	2240	2162	2012	
130	2123	59.6	60.2	4	1	1	2	1027	1292	1871	2787	3904	4730	5378	5478	5401	5075	4676	4324	3921	3570	3237	3014	2840	2939	3126	3456	3764	4027	4116	4019	3860	3644	3390	3108	2874	2652	2461	2290	
130	2141	60.0	60.0	4	1	1	2	1055	1287	1862	2797	3851	4814	5388	5461	5390	5094	4712	4331	3933	3512	3234	2986	2885	2944	3090	3502	3775	3990	4104	4013	3864	3612	3381	3093	2857	2616	2463	2274	
130	2158	59.9	60.0	4	1	1	2	1019	1270	1889	2795	3910	4789	5443	5502	5419	5060	4740	4365	3964	3571	3247	3016	2863	2901	3118	3463	3774	4036	4097	4021	3847	3611	3383	3113	2852	2629	2445	2294	
130	2175	59.9	60.0	4	1	1	2	1022	1280	1862	2771	3916	4806	5428	5517	5416	5111	4791	4334	3999	3575	3264	3008	2852	2911	3128	3476	3750	4071	4136	4057	3852	3664	3388	3113	2883	2636	2467	2294	
130	2192	60.0	60.0	4	1	1	2	1014	1289	1896	2796	3954	4829	5489	5541	5456	5139	4786	4402	3965	3570	3255	3033	2862	2928	3133	3465	3769	4045	4113	4047	3881	3671	3389	3102	2884	2621	2451	2288	
130	2210	60.0	60.0	4	1	1	2	1032	1275	1899	2801	3980	4866	5453	5539	5468	5163	4740	4364	3938	3578	3252	3014	2881	2952	3150	3485	3822	4068	4101	4059	3880	3677	3404	3108	2888	2652	2453	2285	
130	2227	60.0	60.0	4	1	1	2	1002	1276	1885	2812	3919	4765	5412	5547	5436	5116	4740	4344	3939	3596	3230	3002	2855	2932	3114	3476	3798	4041	4120	4029	3847	3622	3396	3078	2871	2618	2474	2288	
130	2289	95.4	94.9	5	1	0	2	935	1050	1360	1812	2373	2837	3210	3272	3283	3159	3016	2820	2615	2438	2286	2206	2176	2315	2533	2785	3046	3266	3336	3219	3153	2960	2821	2618	2446	2243	2145	2000	
130	2307	95.0	95.0	5	1	0	2	941	1049	1351	1822	2337	2795	3161	3261	3286	3160	3003	2799	2621	2428	2278	2221	2172	2308	2514	2788	3045	3233	3315	3238	3096	2980	2807	2617	2449	2231	2118	2012	
130	2370	59.7	60.1	5	1	1	2	1012	1273	1889	2819	3883	4776	5374	5500	5342	5080	4700	4330	3981	3530	3226	2958	2868	2918	3138	3479	3746	4029	4105	4042	3863	3616	3414	3115	2885	2616	2452	2282	
130	2387	60.0	60.0	5	1	1	2	1032	1271	1873	2801	3881	4767	5406	5480	5351	5065	4664	4301	3926	3562	3228	2981	2844	2932	3112	3437	3750	4001	4103	3985	3818	3601	3361	3097	2846	2622	2442	2231	
130	2404	60.0	60.0	5	1	1	2	1030	1278	1866	2786	3936	4796	5428	5507	5422	5154	4738	4354	3983	3548	3247	3020	2875	2929	3135	3466	3802	4051	4133	4026	3823	3621	3351	3123	2836	2639	2464	2287	
130	2421	60.0	60.0	5	1	1	2	1023	1270	1864	2805	3920	4814	5418	5523	5456	5140	4781	4367	3972	3553	3256	2994	2914	2909	3141	3468	3766	4065	4119	4032	3835	3628	3359	3116	2870	2597	2480	2292	
130	2439	60.0	60.0	5	1	1	2	1014	1283	1883	2792	3951	4803	5461	5548	5445	5102	4763	4374	3985	3559	3244	2993	2871	2961	3105	3468	3761	4031	4102	4034	3838	3640	3417	3085	2873	2601	2465	2282	
130	2456	59.9	60.0	5	1	1	2	1016	1281	1886	2828	3916	4803	5367	5531	5409	5122	4758	4381	3970	3576	3264	3005	2886	2906	3129	3458	3757	4060	4058	4017	3801	3601	3396	3118	2845	2639	2421	2286	
130	2473	60.0	60.0	5	1	1	2	1017	1271	1877	2803	3888	4832	5433	5487	5378	5110	4700	4320	3921	3547	3246	2975	2887	2875	3102	3462	3797	4025	4118	3994	3817	3596	3353	3088	2837	2608	2455	2294	
130	2538	95.1	95.1	6	1	0	2	941	1062	1336	1805	2360	2815	3168	3275	3300	3171	2970	2842	2594	2426	2316	2181	2197	2316	2507	2804	3040	3237	3319	3215	3119	3004	2795	2604	2429	2280	2134	2019	
130	2555	95.0	95.0	6	1	0	2	956	1058	1337	1786	2362	2776	3156	3230	3239	3153	2992	2802	2650	2423	2288	2195	2191	2283	2514	2783	3012	3186	3269	3182	3118	2966	2789	2606	2435	2256	2143	1994	
130	2617	59.7	60.3	6	1	1	2	1023	1221	1868	2767	3905	4721	5341	5454	5383	5023	4706	4280	3928	3565	3226	2992	2831	2880	3097	3469	3724	4030	4068	3938	3836	3569	3382	3088	2848	2600	2421	2260	
130	2635	60.0	60.0	6	1	1	2	1008	1283	1864	2799	3899	4803	5396	5432	5354	5086	4705	4339	3935	3557	3205	2998	2816	2923	3108	3443	3760	3979	4088	3985	3809	3624	3351	3067	2826	2605	2439	2281	
130	2652	60.0	60.0	6	1	1	2	1017	1271	1895	2781	3850	4760	5421	5452	5321	5029	4666	4295	3899	3551	3237	2988	2843	2863	3116	3427	3727	3991	4055	3997	3813	3608	3361	3084	2840	2607	2438	2300	
130	2669	60.0	60.0	6	1	1	2	1016	1275	1868	2797	3922	4767	5431	5510	5392	5144	4757	4377	3935	3550	3229	3022	2826	2932	3125	3424	3760	4009	4068	4048	3848	3563	3379	3058	2830	2609	2467	2269	
130	2686	59.9	60.0	6	1	1	2	1003	1276	1833	2809	3973	4798	5457	5544	5433	5148	4733	4368	3955	3511	3249	2957	2853	2912	3116	3459	3752	4016	4064	4011	3875	3637	3376	3093	2838	2587	2460	2293	
130	2704	59.9	60.0	6	1	1	2	1034	1251	1870	2799	3913	4812	5391	5492	5375	5110	4731	4337	3974	3536	3220	2986	2842	2908	3104	3454	3724	3963	4091	4060	3838	3612	3356	3092	2886	2596	2412	2270	
130	2721	59.9	60.0	6	1	1	2	1020	1275	1875	2804	3894	4778	5386	5488	5369	5080	4731	4313	3934	3549	3237	2980	2849	2888	3093	3418	3774	4000	4096	3980	3804	3570	3385	3042	2829	2578	2445	2273	
130	2786	95.0	95.1	7	1	0	2	938	1058	1347	1834	2344	2839	3157	3268	3271	3156	3000	2820	2613	2409	2273	2153	2165	2276	2502	2792	3017	3230	3288	3210	3121	2950	2782	2592	2441	2267	2122	2005	
130	2803	95.0	95.0	7	1	0	2	952	1060	1345	1791	2339	2791	3143	3259	3239	3137	2970	2847	2605	2403	2300	2181	2154	2267	2480	2761	3065	3212	3263	3209	3077	2960	2784	2606	2439	2245	2121	2000	
130	2866	59.8	60.1	7	1	1	2	1013	1265	1838	2790	3874	4762	5410	5455	5328	5028	4675	4312	3871	3520	3246	2952	2829	2908	3096	3436	3758	3985	4068	3977	3797	3588	3380	3068	2817	2584	2437	2277	
130	2883	59.9	60.0	7	1	1	2	1004	1274	1862	2761	3856	4727	5348	5439	5389	5083	4726	4292	3872	3520	3201	2952	2802	2878	3067	3443	3720	3990	4042	3986	3804	3596	3339	3082	2824	2607	2434	2279	
130	2900	59.9	60.0	7	1	1	2	1019	1279	1889	2778	3876	4767	5394	5461	5398	5053	4699	4366	3915	3533	3222	2978	2832	2922	3080	3463	3762	4024	4080	3992	3853	3610	3341	3080	2820	2586	2453	2274	
130	2917	60.0	60.0	7	1	1	2	1024	1265	1876	2795	3926	4785	5368	5493	5367	5114	4672	4359	3939	3563	3237	2981	2848	2918	3084	3432	3735	4025	4061	4013	3788	3611	3403	3079	2814	2599	2449	2297	
130	2935	60.0	60.0	7	1	1	2	1022	1287	1906	2811	3897	4772	5421	5482	5401	5074	4740	4337	3924	3544	3235	2978	2873	2906	3121	3439	3755	4006	4081	4009	3818	3599	3400	3116	2825	2595	2457	2274	
130	2952	60.0	60.0	7	1	1	2	999	1269	1883	2795	3860	4794	5409	5468	5377	5050	4732	4342	3916	3542	3212	2986	2857	2896	3080	3423	3743	4003	4070	4010	3832	3587	3349	3071	2854	2630	2454	2262	
130	2969	60.0	60.0	7	1	1	2	1031	1292	1873	2795	3877	4753	5347	5464	5374	5049	4697	4323	3899	3517	3222	2961	2821	2886	3064	3444	3743	3969	4068	3961	3780	3591	3350	3067	2861	2591	2446	2275	
130	3034	95.3	95.0	8	1	0	2	933	1047	1358	1814	2346	2779	3155	3223	3235	3110	2930	2783	2578	2406	2270	2172	2160	2286	2513	2788	3015	3211	3237	3199	3104	2929	2744	2572	2416	2254	2100	1998	
130	3051	95.0	95.0	8	1	0	2	939	1049	1336	1795	2335	2780	3142	3206	3241	3108	2966	2779	2592	2392	2273	2197	2149	2244	2486	2758	2995	3213	3264	3185	3063	2936	2770	2573	2404	2245	2099	1978	
130	3114	59.7	60.2	8	1	1	2	1018	1269	1865	2785	3839	4736	5308	5428	5275	5027	4648	4273	3887	3471	3209	2955	2824	2884	3075	3428	3720	4007	4023	3963	3771	3550	3352	3096	2833	2579	2419	2242	
130	3131	59.9	60.0	8	1	1	2	1016	1271	1870	2782	3860	4748	5353	5400	5349	5016	4669	4287	3885	3510	3193	2961	2852	2902	3042	3393	3735	3963	4053	3996	3763	3558	3329	3054	2834	2591	2448	2248	
130	3148	60.0	60.0	8	1	1	2	1015	1278	1861	2767	3864	4742	5344	5443	5364	5003	4659	4268	3869	3525	3191	2951	2832	2881	3072	3422	3709	4019	4042	3961	3776	3567	3331	3068	2820	2605	2429	2285	
130	3165	59.9	60.0	8	1	1	2	1021	1262	1874	2793	3832	4813	5420	5476	5320	5095	4725	4333	3927	3557	3205	2992	2816	2907	3076	3448	3732	3985	4053	3986	3799	3572	3302	3062	2827	2578	2422	2286	
130	3183	60.0	60.0	8	1	1	2	1015	1266	1852	2785	3849	4740	5395	5493	5378	5063	4668	4320	3905	3531	3210	2966	2849	2877	3097	3416	3723	3972	4044	3960	3828	3593	3348	3051	2832	2588	2431	2240	
130	3200	60.0	60.0	8	1	1	2	1002	1258	1884	2773	3911	4723	5356	5461	5304	5068	4694	4279	3880	3518	3192	2955	2797	2858	3085	3422	3735	3995	4019	3989	3758	3541	3317	3073	2865	2592	2391	2251	
130	3217	59.9	60.0	8	1	1	2	1024	1279	1882	2753	3828	4716	5337	5463	5319	4996	4676	4305	3874	3485	3206	2958	2818	2897	3071	3407	3751	3960	4069	3969	3753	3540	3356	3065	2808	2579	2401	2250	
130	3280	95.2	95.0	9	1	0	2	938	1051	1330	1775	2336	2774	3153	3234	3257	3097	2946	2787	2573	2408	2274	2170	2150	2257	2457	2771	2993	3181	3225	3217	3071	2935	2752	2582	2395	2251	2100	1965	
130	3297	95.0	95.0	9	1	0	2	933	1052	1333	1781	2304	2768	3092	3239	3215	3109	2963	2781	2552	2369	2240	2137	2141	2242	2475	2771	2986	3183	3235	3183	3062	2908	2748	2558	2388	2231	2107	1957	
130	3360	59.8	60.2	9	1	1	2	1003	1272	1865	2732	3794	4689	5312	5364	5195	4967	4662	4266	3844	3513	3173	2948	2828	2891	3058	3383	3687	3932	4032	3960	3769	3536	3332	3038	2798	2556	2415	2228	
130	3377	59.9	60.0	9	1	1	2	1026	1232	1840	2767	3830	4650	5267	5354	5255	4982	4616	4207	3852	3497	3197	2931	2805	2838	3045	3378	3704	3906	4005	3946	3762	3565	3293	3041	2788	2551	2408	2249	
130	3394	60.0	60.0	9	1	1	2	1024	1266	1847	2710	3811	4691	5299	5412	5294	4975	4626	4222	3855	3480	3210	2940	2813	2886	3045	3407	3680	3918	4043	3968	3776	3536	3311	3025	2803	2562	2418	2246	
130	3412	60.0	60.0	9	1	1	2	1003	1283	1840	2757	3879	4744	5376	5421	5359	5068	4650	4313	3889	3497	3200	2976	2784	2877	3097	3428	3677	3995	4014	3958	3814	3587	3315	3036	2800	2591	2432	2235	
130	3429	60.0	60.0	9	1	1	2	1010	1259	1860	2788	3839	4693	5356	5445	5342	5002	4645	4279	3862	3509	3220	2967	2798	2883	3086	3426	3703	3959	4036	3920	3775	3577	3308	3049	2781	2571	2384	2267	
130	3446	60.0	60.0	9	1	1	2	1015	1288	1866	2787	3835	4685	5329	5424	5304	4955	4619	4275	3879	3498	3184	2956	2793	2839	3041	3388	3694	3932	4039	3949	3758	3533	3336	3035	2830	2576	2407	2248	
130	3463	60.0	60.0	9	1	1	2	1023	1273	1850	2773	3797	4743	5310	5394	5290	4965	4635	4244	3865	3493	3159	2937	2810	2874	3035	3407	3676	3962	4012	3924	3734	3520	3280	3011	2802	2544	2423	2262	
130	3528	95.3	95.0	10	1	0	2	950	1048	1331	1810	2315	2789	3105	3209	3231	3062	2948	2745	2536	2351	2219	2166	2131	2260	2445	2736	3009	3140	3212	3163	3045	2889	2750	2563	2387	2197	2096	1958	
130	3545	95.0	95.0	10	1	0	2	928	1065	1359	1768	2318	2753	3105	3198	3194	3095	2933	2757	2571	2373	2248	2162	2094	2255	2450	2731	2987	3130	3184	3149	3067	2881	2729	2560	2385	2240	2086	1974	
130	3608	59.7	60.2	10	1	1	2	1025	1260	1812	2735	3809	4644	5260	5368	5245	4985	4644	4202	3844	3471	3186	2954	2775	2871	3045	3394	3664	3945	4004	3950	3729	3545	3312	3029	2802	2552	2416	2232	
130	3625	59.9	60.0	10	1	1	2	987	1263	1845	2716	3811	4651	5270	5343	5251	4926	4617	4254	3883	3455	3174	2940	2785	2860	3060	3399	3676	3915	3977	3924	3757	3506	3327	3029	2788	2560	2402	2240	
130	3642	59.9	60.0	10	1	1	2	1021	1265	1850	2742	3798	4676	5296	5334	5262	4985	4594	4233	3863	3445	3163	2938	2795	2831	3066	3400	3663	3909	3991	3908	3759	3541	3280	3007	2777	2539	2375	2215	
130	3660	59.9	60.0	10	1	1	2	1021	1276	1868	2728	3831	4717	5353	5443	5262	5022	4672	4283	3848	3513	3182	2970	2839	2855	3030	3402	3717	3953	4036	3906	3756	3525	3316	3050	2807	2590	2426	2222	
130	3677	60.0	60.0	10	1	1	2	1018	1276	1852	2782	3836	4745	5352	5384	5306	5048	4659	4256	3867	3516	3204	2950	2847	2865	3049	3403	3692	3940	4016	3900	3719	3527	3308	3036	2808	2565	2409	2283	
130	3694	60.0	60.0	10	1	1	2	1022	1243	1864	2732	3816	4680	5267	5347	5255	5010	4659	4244	3867	3504	3147	2932	2793	2856	3060	3365	3638	3932	3986	3912	3732	3536	3319	3026	2809	2567	2407	2266	
130	3711	59.9	60.0	10	1	1	2	1014	1280	1863	2735	3812	4697	5272	5316	5272	4990	4643	4247	3865	3455	3171	2907	2778	2841	3072	3372	3694	3897	3999	3917	3773	3550	3279	3063	2796	2564	2388	2236	
130	3776	95.2	95.0	11	1	0	2	934	1046	1336	1770	2319	2719	3113	3209	3212	3103	2934	2741	2598	2373	2242	2138	2117	2225	2468	2745	2972	3140	3190	3147	3043	2890	2698	2559	2365	2202	2096	1963	
130	3793	95.0	95.0	11	1	0	2	946	1049	1336	1795	2317	2738	3108	3194	3179	3080	2913	2727	2549	2363	2217	2132	2131	2230	2453	2723	2961	3138	3202	3154	3018	2883	2728	2562	2337	2207	2058	1958	
130	3856	59.7	60.2	11	1	1	2	1003	1269	1843	2713	3817	4625	5221	5334	5243	4950	4598	4185	3853	3507	3141	2924	2827	2859	3039	3380	3641	3903	3976	3939	3711	3510	3299	3004	2769	2554	2398	2234	
130	3873	59.9	60.0	11	1	1	2	1006	1263	1851	2717	3771	4647	5204	5298	5273	4954	4575	4236	3866	3492	3161	2919	2792	2829	3042	3380	3655	3917	3957	3940	3748	3543	3332	3006	2789	2553	2386	2226	
130	3890	60.0	60.0	11	1	1	2	1012	1268	1837	2761	3808	4657	5262	5343	5236	4969	4599	4242	3804	3437	3146	2942	2792	2834	3025	3424	3666	3944	3985	3930	3696	3542	3268	3007	2769	2553	2397	2239	
130	3908	60.0	60.0	11	1	1	2	1016	1262	1874	2759	3834	4695	5263	5342	5255	4971	4636	4250	3874	3447	3165	2938	2820	2847	3032	3390	3692	3966	4005	3903	3782	3531	3316	3007	2802	2556	2388	2245	
130	3925	60.0	60.0	11	1	1	2	1030	1275	1850	2763	3839	4681	5291	5410	5287	4974	4653	4221	3865	3481	3199	2930	2833	2829	3046	3399	3670	3929	4014	3921	3741	3542	3331	2986	2791	2550	2388	2241	
130	3942	60.0	60.0	11	1	1	2	1033	1257	1853	2728	3857	4677	5252	5334	5258	4957	4579	4194	3869	3450	3182	2921	2783	2821	3060	3370	3635	3920	4007	3904	3747	3504	3295	2969	2773	2552	2400	2233	
130	3959	60.0	60.0	11	1	1	2	1013	1255	1851	2749	3795	4630	5231	5343	5282	4957	4631	4225	3845	3439	3161	2928	2810	2817	2999	3368	3704	3928	3956	3899	3702	3465	3298	3008	2784	2545	2349	2223	
130	4022	95.4	94.9	12	1	0	2	940	1028	1340	1763	2312	2765	3089	3162	3166	3074	2948	2766	2585	2373	2230	2147	2121	2221	2462	2741	2962	3169	3187	3167	3029	2862	2701	2537	2360	2197	2076	1985	
130	4039	95.0	95.0	12	1	0	2	936	1037	1320	1777	2302	2750	3072	3187	3156	3038	2910	2760	2556	2386	2222	2150	2139	2230	2430	2736	2935	3141	3230	3134	3011	2879	2731	2548	2376	2199	2095	1941	
130	4102	59.7	60.2	12	1	1	2	1009	1256	1851	2733	3776	4654	5234	5371	5203	4912	4559	4239	3822	3422	3152	2887	2760	2853	3003	3347	3655	3895	3982	3902	3713	3535	3281	3001	2786	2517	2387	2211	
130	4119	59.9	60.0	12	1	1	2	1021	1252	1828	2718	3797	4655	5240	5319	5201	4952	4602	4229	3845	3445	3144	2902	2781	2838	2995	3364	3674	3910	3962	3885	3731	3528	3289	3008	2769	2542	2400	2221	
130	4137	60.0	60.0	12	1	1	2	1015	1259	1863	2720	3829	4641	5195	5340	5280	4939	4595	4206	3855	3464	3166	2920	2805	2834	3016	3412	3671	3912	3969	3959	3733	3489	3316	2998	2776	2529	2386	2225	
130	4154	60.0	60.0	12	1	1	2	986	1282	1849	2736	3827	4680	5279	5394	5336	5023	4620	4266	3894	3483	3187	2933	2789	2858	3064	3380	3717	3932	3956	3950	3755	3566	3312	3018	2813	2530	2396	2249	
130	4171	60.0	60.0	12	1	1	2	1029	1284	1836	2759	3820	4688	5310	5369	5282	4988	4620	4244	3828	3488	3160	2941	2789	2845	3058	3361	3664	3979	4002	3925	3764	3549	3323	3024	2772	2596	2395	2221	
130	4188	59.9	60.0	12	1	1	2	997	1265	1847	2732	3791	4668	5294	5420	5257	4945	4615	4222	3846	3444	3151	2958	2798	2804	3040	3352	3653	3947	3985	3892	3744	3523	3272	2995	2781	2560	2373	2203	
130	4206	60.0	60.0	12	1	1	2	996	1260	1845	2720	3802	4654	5237	5314	5226	4907	4581	4199	3798	3438	3171	2913	2817	2834	3025	3374	3644	3909	3977	3934	3722	3500	3308	3023	2781	2547	2391	2209	
130	4267	95.2	95.0	13	1	0	2	927	1052	1338	1792	2288	2750	3111	3223	3201	3101	2926	2725	2553	2387	2238	2151	2141	2234	2442	2760	2979	3152	3175	3162	2996	2883	2713	2545	2396	2201	2084	1973	
130	4284	95.0	95.0	13	1	0	2	930	1061	1329	1743	2294	2726	3064	3202	3210	3056	2911	2741	2574	2380	2230	2166	2119	2241	2474	2735	2964	3133	3179	3153	3029	2883	2697	2534	2368	2205	2086	1962	
130	4347	59.7	60.2	13	1	1	2	1016	1240	1851	2707	3794	4649	5216	5325	5189	4934	4581	4180	3798	3434	3143	2906	2771	2862	3020	3348	3644	3927	3975	3893	3721	3536	3302	3018	2771	2512	2405	2213	
130	4365	59.9	60.0	13	1	1	2	1012	1268	1824	2704	3782	4612	5249	5357	5212	4927	4576	4196	3813	3438	3131	2920	2771	2823	3020	3336	3636	3874	3936	3876	3683	3486	3292	3027	2781	2532	2389	2212	
130	4382	59.9	60.0	13	1	1	2	1011	1266	1834	2724	3752	4639	5251	5330	5218	4939	4613	4174	3786	3426	3146	2906	2749	2876	3038	3367	3626	3918	3994	3895	3742	3533	3264	3025	2790	2572	2374	2203	
130	4399	60.0	60.0	13	1	1	2	1010	1265	1851	2736	3801	4719	5272	5347	5243	4984	4608	4232	3841	3493	3169	2943	2793	2854	3035	3353	3672	3918	3996	3916	3739	3507	3277	3013	2773	2506	2415	2209	
130	4416	60.0	60.0	13	1	1	2	1008	1252	1860	2713	3774	4629	5254	5373	5250	4958	4624	4238	3833	3463	3140	2917	2815	2837	3052	3385	3677	3899	3968	3911	3758	3507	3301	3033	2786	2549	2377	2229	
130	4434	60.0	60.0	13	1	1	2	1011	1275	1839	2711	3787	4640	5245	5331	5257	4906	4568	4209	3852	3461	3152	2912	2762	2826	3035	3355	3667	3860	3992	3898	3697	3500	3277	3003	2756	2525	2379	2206	
130	4451	60.0	60.0	13	1	1	2	997	1256	1848	2714	3798	4640	5220	5351	5229	4938	4608	4208	3830	3437	3137	2948	2793	2825	3032	3348	3652	3905	3955	3862	3728	3498	3312	3013	2777	2535	2386	2204	
130	4513	95.2	95.0	14	1	0	2	932	1035	1330	1771	2293	2742	3096	3170	3175	3073	2925	2739	2554	2375	2230	2156	2120	2236	2440	2722	2951	3139	3207	3146	2998	2844	2716	2562	2378	2180	2069	1957	
130	4530	95.0	95.0	14	1	0	2	955	1047	1326	1754	2284	2700	3086	3208	3148	3064	2927	2749	2542	2309	2244	2129	2140	2219	2451	2691	2978	3141	3167	3113	3016	2852	2724	2519	2365	2209	2072	1947	
130	4593	59.8	60.2	14	1	1	2	1020	1256	1842	2719	3783	4627	5181	5253	5204	4955	4572	4189	3801	3416	3150	2906	2771	2850	3010	3321	3646	3881	3921	3879	3734	3506	3252	2991	2765	2542	2415	2213	
130	4611	59.9	60.0	14	1	1	2	1003	1269	1840	2709	3793	4595	5225	5348	5196	4917	4562	4201	3838	3400	3152	2884	2785	2849	2999	3308	3627	3866	3967	3874	3694	3501	3248	3020	2745	2539	2355	2223	
130	4628	59.9	60.0	14	1	1	2	991	1261	1823	2723	3763	4615	5277	5306	5237	4922	4546	4195	3809	3425	3166	2926	2774	2844	2998	3347	3632	3886	3958	3882	3698	3505	3294	3002	2761	2547	2395	2206	
130	4645	60.0	60.0	14	1	1	2	1005	1261	1836	2762	3816	4635	5324	5346	5275	4980	4620	4271	3868	3480	3148	2939	2793	2832	3040	3362	3717	3936	3968	3939	3733	3518	3278	3013	2775	2578	2381	2208	
130	4662	60.0	60.0	14	1	1	2	1024	1252	1862	2728	3836	4647	5246	5339	5264	4908	4576	4193	3836	3441	3150	2906	2778	2832	3033	3346	3647	3898	3945	3893	3708	3499	3267	3006	2775	2533	2417	2209	
130	4680	60.0	60.0	14	1	1	2	1008	1244	1857	2697	3776	4665	5238	5351	5225	4923	4575	4189	3797	3465	3159	2873	2769	2788	2999	3308	3648	3937	3988	3846	3709	3493	3266	3019	2770	2543	2390	2215	
130	4697	60.0	60.0	14	1	1	2	1007	1234	1827	2709	3748	4622	5253	5289	5211	4908	4565	4213	3831	3411	3130	2885	2758	2833	3024	3336	3597	3873	3920	3896	3736	3488	3287	3000	2785	2516	2373	2233	
130	4761	95.2	95.0	15	1	0	2	906	1050	1318	1756	2282	2746	3065	3158	3172	3041	2958	2759	2515	2361	2225	2133	2116	2229	2404	2708	2928	3139	3152	3110	3010	2845	2727	2529	2338	2212	2075	1951	
130	4779	95.0	95.0	15	1	0	2	937	1052	1323	1765	2256	2747	3026	3150	3156	3080	2886	2695	2542	2342	2206	2142	2114	2236	2415	2714	2928	3106	3164	3121	2999	2831	2705	2507	2338	2180	2092	1945	
130	4841	59.6	60.2	15	1	1	2	1010	1258	1849	2697	3716	4577	5194	5271	5156	4876	4531	4159	3769	3406	3114	2867	2763	2772	2996	3327	3609	3880	3922	3883	3694	3501	3228	2988	2760	2511	2369	2202	
130	4859	59.9	60.0	15	1	1	2	1019	1263	1835	2707	3788	4612	5183	5270	5192	4870	4560	4152	3789	3453	3134	2896	2742	2820	2995	3321	3631	3887	3985	3864	3674	3464	3272	2971	2773	2531	2367	2206	
130	4876	60.0	60.0	15	1	1	2	1005	1253	1853	2728	3759	4625	5205	5266	5208	4919	4541	4172	3811	3426	3171	2886	2764	2817	3023	3377	3622	3880	3933	3865	3676	3476	3263	2989	2748	2520	2373	2202	
130	4893	60.0	60.0	15	1	1	2	1007	1252	1845	2708	3836	4638	5267	5334	5243	4960	4587	4232	3844	3454	3164	2912	2765	2829	3005	3338	3653	3865	3981	3902	3716	3463	3247	2984	2771	2548	2361	2202	
130	4910	60.0	60.0	15	1	1	2	1003	1268	1820	2723	3826	4598	5255	5332	5204	4908	4590	4204	3825	3454	3129	2907	2806	2812	3011	3334	3631	3890	4017	3864	3668	3514	3247	2991	2779	2530	2387	2199	
130	4928	60.0	60.0	15	1	1	2	1011	1253	1848	2704	3790	4648	5205	5287	5185	4859	4527	4174	3809	3408	3145	2871	2736	2824	3009	3338	3641	3860	3938	3820	3700	3473	3282	2949	2758	2510	2366	2230	
130	4945	60.0	60.0	15	1	1	2	1018	1251	1833	2727	3751	4605	5206	5264	5161	4885	4532	4165	3790	3416	3108	2880	2752	2800	3009	3315	3604	3837	3968	3858	3697	3498	3271	2992	2756	2526	2339	2226	
130	5009	95.3	95.0	16	1	0	2	940	1055	1320	1735	2257	2711	3035	3219	3141	3060	2892	2716	2519	2349	2225	2118	2115	2224	2428	2689	2923	3130	3178	3119	2997	2852	2695	2536	2355	2196	2046	1964	
130	5027	95.0	95.0	16	1	0	2	944	1052	1320	1762	2318	2700	3069	3114	3127	3029	2894	2726	2526	2314	2207	2098	2103	2191	2421	2667	2894	3110	3139	3115	3005	2880	2713	2499	2344	2186	2065	1918	
130	5089	59.7	60.2	16	1	1	2	1008	1251	1830	2704	3764	4523	5145	5253	5186	4852	4519	4143	3787	3390	3113	2906	2744	2810	2980	3344	3574	3886	3969	3871	3678	3466	3240	2976	2767	2536	2355	2214	
130	5107	60.0	60.0	16	1	1	2	1005	1244	1832	2693	3751	4607	5216	5249	5228	4898	4528	4158	3770	3387	3127	2914	2747	2834	3021	3329	3608	3869	3942	3858	3688	3474	3257	2990	2732	2537	2388	2198	
130	5124	60.0	60.0	16	1	1	2	1016	1264	1840	2698	3755	4606	5201	5304	5190	4888	4518	4153	3773	3428	3129	2871	2784	2796	3009	3330	3603	3883	3985	3881	3691	3475	3246	2989	2773	2504	2358	2205	
130	5141	59.9	60.0	16	1	1	2	1017	1272	1865	2717	3791	4676	5261	5363	5239	4950	4620	4230	3824	3451	3178	2884	2765	2842	3032	3335	3661	3879	3964	3888	3711	3530	3254	2998	2778	2559	2392	2200	
130	5158	60.0	60.0	16	1	1	2	1008	1258	1835	2699	3769	4586	5229	5293	5265	4948	4575	4188	3830	3429	3114	2883	2768	2788	2991	3328	3669	3881	3919	3896	3685	3465	3247	2979	2741	2546	2360	2237	
130	5176	60.0	60.0	16	1	1	2	1026	1269	1833	2720	3799	4620	5199	5311	5177	4888	4539	4171	3810	3427	3089	2887	2754	2810	3014	3311	3601	3882	3960	3865	3676	3469	3237	2978	2749	2494	2374	2229	
130	5193	60.0	60.0	16	1	1	2	1007	1260	1834	2692	3756	4616	5200	5284	5181	4854	4549	4188	3795	3421	3146	2892	2746	2817	2995	3337	3582	3878	3943	3870	3683	3453	3237	2985	2733	2499	2350	2194	
130	5256	95.3	95.0	17	1	0	2	928	1041	1327	1773	2275	2725	3071	3206	3171	3060	2900	2740	2530	2355	2173	2108	2113	2248	2408	2696	2931	3119	3161	3093	3001	2877	2688	2512	2370	2179	2070	1958	
130	5273	95.0	95.0	17	1	0	2	932	1060	1329	1758	2300	2735	3055	3141	3198	3047	2893	2717	2514	2343	2204	2093	2112	2230	2426	2701	2938	3105	3141	3093	2984	2886	2688	2502	2359	2192	2040	1939	
130	5335	59.6	60.3	17	1	1	2	1007	1247	1823	2705	3748	4523	5152	5232	5144	4896	4565	4140	3785	3413	3095	2866	2708	2801	2981	3327	3579	3864	3904	3849	3650	3463	3231	2984	2782	2505	2354	2187	
130	5353	60.0	60.0	17	1	1	2	1024	1240	1819	2677	3783	4596	5169	5284	5200	4887	4499	4159	3762	3396	3118	2883	2723	2778	2991	3341	3613	3860	3958	3845	3703	3465	3255	2995	2730	2471	2376	2200	
130	5370	60.0	60.0	17	1	1	2	1021	1272	1821	2700	3746	4624	5208	5288	5178	4910	4572	4187	3802	3413	3115	2901	2761	2831	3019	3299	3634	3858	3927	3874	3682	3494	3252	2958	2780	2518	2402	2210	
130	5387	60.0	60.0	17	1	1	2	1022	1255	1836	2739	3813	4665	5228	5319	5213	4904	4617	4220	3822	3416	3159	2893	2806	2824	2989	3343	3634	3916	3946	3911	3682	3472	3286	2981	2757	2521	2375	2229	
130	5404	59.9	60.0	17	1	1	2	1013	1247	1856	2691	3768	4627	5222	5250	5197	4890	4547	4196	3798	3424	3131	2881	2770	2824	3008	3317	3606	3862	3932	3863	3706	3468	3244	2983	2762	2504	2349	2188	
130	5422	59.9	60.0	17	1	1	2	1018	1250	1864	2706	3732	4631	5155	5272	5173	4910	4543	4160	3783	3412	3086	2892	2768	2817	2981	3316	3633	3856	3894	3867	3666	3482	3227	2975	2745	2502	2363	2197	
130	5439	60.0	60.0	17	1	1	2	1006	1250	1817	2704	3747	4527	5210	5234	5133	4867	4575	4162	3840	3402	3120	2851	2747	2802	3010	3315	3620	3859	3916	3859	3671	3472	3267	2982	2718	2494	2341	2208	
130	5504	95.3	95.0	18	1	0	2	929	1042	1318	1755	2279	2723	3082	3161	3152	3053	2879	2723	2520	2341	2193	2122	2112	2236	2399	2697	2973	3116	3144	3081	3023	2866	2697	2495	2363	2185	2066	1944	
130	5521	95.0	95.0	18	1	0	2	938	1037	1315	1758	2294	2738	3030	3135	3133	3027	2874	2709	2508	2343	2200	2106	2106	2183	2382	2666	2897	3076	3147	3100	2975	2853	2696	2482	2324	2168	2049	1924	
130	5584	59.8	60.1	18	1	1	2	1012	1252	1820	2692	3751	4531	5180	5232	5145	4850	4524	4186	3774	3375	3104	2868	2757	2781	3010	3299	3597	3844	3924	3828	3681	3465	3233	2961	2748	2508	2366	2191	
130	5601	59.9	60.0	18	1	1	2	1027	1240	1838	2660	3710	4598	5183	5292	5129	4873	4531	4151	3797	3396	3102	2830	2759	2833	2979	3309	3572	3850	3962	3827	3691	3444	3240	2970	2750	2543	2343	2195	
130	5618	59.9	60.0	18	1	1	2	1018	1242	1838	2708	3737	4584	5181	5282	5176	4851	4520	4154	3793	3452	3111	2874	2749	2812	3016	3319	3626	3847	3908	3857	3681	3450	3254	2974	2768	2500	2383	2194	
130	5635	60.0	60.0	18	1	1	2	1006	1277	1825	2733	3768	4633	5183	5301	5197	4906	4529	4224	3819	3417	3105	2923	2750	2798	3012	3332	3646	3853	3892	3849	3666	3492	3226	2973	2803	2518	2365	2195	
130	5653	60.0	60.0	18	1	1	2	1010	1260	1828	2729	3772	4570	5228	5296	5172	4916	4512	4243	3820	3426	3160	2907	2726	2791	2983	3308	3586	3840	3922	3856	3674	3458	3258	2991	2759	2518	2371	2206	
130	5670	60.0	60.0	18	1	1	2	1008	1241	1814	2720	3761	4576	5170	5271	5160	4851	4526	4143	3817	3377	3092	2866	2748	2792	2975	3280	3622	3855	3929	3837	3661	3458	3221	2985	2730	2513	2368	2188	
130	5687	59.9	60.0	18	1	1	2	996	1261	1817	2702	3752	4568	5177	5248	5148	4890	4541	4139	3792	3398	3075	2892	2761	2801	3010	3301	3603	3841	3905	3843	3653	3446	3215	2976	2760	2508	2360	2223	
130	5752	95.3	95.0	19	1	0	2	972	1039	1331	1741	2265	2699	3049	3151	3131	3024	2918	2754	2516	2345	2203	2121	2119	2211	2406	2679	2939	3100	3105	3109	2975	2878	2707	2490	2344	2174	2075	1925	
130	5769	95.0	95.0	19	1	0	2	923	1047	1335	1762	2279	2722	3045	3135	3118	3032	2883	2710	2515	2349	2233	2127	2079	2173	2409	2656	2932	3126	3152	3103	3017	2820	2694	2490	2337	2160	2045	1946	
130	5832	59.7	60.2	19	1	1	2	1023	1239	1812	2692	3728	4525	5118	5224	5153	4812	4539	4157	3762	3388	3114	2904	2754	2789	2977	3320	3583	3838	3902	3898	3630	3450	3231	2948	2764	2535	2356	2176	
130	5849	59.9	60.0	19	1	1	2	1030	1254	1824	2705	3688	4511	5173	5229	5186	4852	4513	4119	3759	3401	3107	2886	2714	2790	2987	3307	3580	3826	3905	3831	3615	3444	3223	2959	2713	2517	2363	2188	
130	5866	59.9	60.0	19	1	1	2	1020	1267	1843	2686	3753	4593	5192	5268	5163	4882	4528	4161	3775	3402	3126	2898	2753	2814	2990	3319	3604	3850	3916	3867	3652	3499	3218	2994	2736	2494	2349	2178	
130	5883	59.9	60.0	19	1	1	2	1003	1265	1829	2716	3761	4634	5218	5322	5242	4925	4582	4187	3826	3429	3124	2899	2762	2820	3035	3313	3607	3876	3928	3861	3663	3471	3260	2976	2755	2497	2370	2213	
130	5901	59.9	60.0	19	1	1	2	982	1268	1826	2710	3721	4557	5194	5269	5148	4909	4528	4176	3784	3437	3136	2866	2737	2820	3031	3320	3631	3797	3906	3820	3688	3465	3220	2988	2740	2475	2356	2178	
130	5918	60.0	60.0	19	1	1	2	1016	1243	1833	2693	3736	4590	5168	5220	5147	4847	4559	4170	3795	3450	3105	2863	2743	2788	2995	3344	3602	3853	3899	3832	3672	3463	3224	2940	2740	2510	2353	2190	
130	5935	60.0	60.0	19	1	1	2	1009	1249	1811	2671	3728	4560	5124	5257	5167	4874	4530	4138	3783	3440	3116	2903	2725	2825	3005	3310	3571	3835	3896	3861	3640	3472	3232	2975	2727	2505	2380	2185	
130	6000	95.3	95.0	20	1	0	2	931	1069	1323	1759	2275	2714	3077	3129	3192	3070	2877	2730	2512	2328	2221	2125	2107	2226	2414	2672	2898	3112	3183	3076	2970	2832	2690	2515	2344	2184	2048	1937	
130	6017	95.0	95.0	20	1	0	2	952	1047	1325	1740	2299	2701	3038	3135	3132	3037	2879	2682	2520	2307	2192	2102	2115	2185	2375	2662	2949	3106	3126	3105	2988	2842	2651	2476	2332	2160	2079	1935	
130	6080	59.6	60.3	20	1	1	2	1008	1245	1824	2692	3694	4537	5134	5226	5143	4831	4507	4104	3761	3419	3130	2893	2728	2797	2949	3322	3624	3826	3900	3831	3660	3480	3239	2954	2733	2515	2362	2225	
130	6097	60.0	60.0	20	1	1	2	1019	1218	1826	2687	3708	4538	5127	5252	5128	4848	4523	4142	3741	3414	3122	2895	2730	2772	2973	3336	3575	3860	3936	3837	3705	3456	3272	2974	2742	2512	2364	2172	
130	6114	59.9	60.0	20	1	1	2	1009	1266	1836	2690	3752	4598	5202	5286	5183	4880	4554	4157	3792	3451	3091	2889	2749	2781	3000	3297	3616	3857	3935	3876	3696	3485	3241	2970	2763	2521	2369	2201	
130	6132	60.0	60.0	20	1	1	2	985	1263	1840	2707	3785	4606	5182	5273	5209	4954	4582	4247	3845	3405	3121	2895	2760	2804	2987	3366	3645	3898	3958	3868	3694	3490	3273	2941	2749	2519	2348	2202	
130	6149	60.0	60.0	20	1	1	2	1008	1262	1823	2703	3800	4624	5245	5252	5182	4906	4558	4144	3765	3434	3155	2894	2735	2799	3024	3306	3628	3846	3898	3831	3669	3488	3266	2976	2730	2515	2373	2186	
130	6166	59.9	60.0	20	1	1	2	1011	1265	1854	2697	3738	4576	5174	5301	5207	4884	4550	4172	3790	3404	3139	2885	2755	2779	2960	3313	3599	3857	3908	3836	3673	3467	3187	2978	2735	2534	2372	2207	
130	6183	59.9	60.0	20	1	1	2	1019	1267	1820	2672	3753	4535	5210	5238	5149	4864	4535	4148	3747	3409	3106	2879	2765	2782	2982	3315	3566	3806	3913	3834	3680	3445	3250	2935	2729	2509	2365	2203	
130	6248	95.3	95.0	21	1	0	2	940	1034	1319	1758	2272	2701	3034	3144	3175	3042	2889	2692	2529	2316	2210	2129	2126	2218	2412	2699	2941	3085	3130	3077	2945	2839	2695	2498	2378	2194	2045	1935	
130	6265	95.0	95.0	21	1	0	2	939	1046	1320	1761	2272	2703	3048	3163	3153	3031	2904	2712	2520	2323	2201	2114	2126	2222	2429	2680	2892	3090	3113	3103	3000	2838	2653	2512	2340	2178	2067	1949	
130	6326	59.8	60.3	21	1	1	2	1000	1239	1837	2710	3717	4571	5158	5236	5167	4867	4494	4123	3773	3399	3121	2880	2735	2777	2996	3268	3581	3841	3889	3812	3681	3435	3236	2961	2743	2470	2352	2221	
130	6343	60.0	60.0	21	1	1	2	1000	1258	1828	2675	3703	4561	5171	5233	5129	4884	4537	4168	3774	3401	3111	2889	2730	2806	2992	3308	3591	3881	3926	3844	3724	3499	3216	2984	2734	2504	2354	2184	
130	6360	60.0	60.0	21	1	1	2	1005	1250	1849	2683	3769	4593	5189	5274	5157	4904	4496	4170	3764	3412	3113	2875	2767	2796	3001	3278	3613	3871	3914	3864	3688	3439	3217	2990	2752	2520	2394	2170	
130	6378	59.9	60.0	21	1	1	2	1015	1264	1832	2713	3786	4588	5208	5307	5194	4913	4592	4170	3820	3446	3116	2880	2748	2823	3026	3312	3603	3846	3921	3885	3655	3467	3249	3002	2764	2548	2364	2227	
130	6395	60.0	60.0	21	1	1	2	1028	1286	1826	2726	3748	4596	5220	5326	5174	4891	4538	4162	3789	3396	3108	2888	2757	2823	3009	3327	3638	3836	3910	3880	3663	3494	3268	2974	2750	2533	2352	2193	
130	6412	60.0	60.0	21	1	1	2	1020	1237	1800	2704	3739	4580	5129	5258	5128	4827	4534	4196	3766	3385	3109	2871	2754	2813	2951	3300	3605	3849	3887	3851	3677	3436	3240	2932	2744	2504	2373	2173	
130	6429	60.0	60.0	21	1	1	2	988	1262	1831	2715	3743	4549	5163	5238	5148	4867	4533	4164	3802	3392	3101	2880	2755	2801	2980	3325	3599	3882	3896	3824	3669	3476	3154	2935	2736	2526	2368	2184	
130	6492	95.2	95.0	22	1	0	2	933	1036	1326	1749	2270	2709	3090	3164	3146	3075	2901	2709	2518	2377	2237	2099	2110	2193	2395	2703	2920	3110	3172	3104	2999	2843	2665	2528	2365	2175	2076	1940	
130	6509	95.0	95.0	22	1	0	2	929	1034	1328	1763	2275	2729	3050	3129	3116	3022	2874	2704	2533	2341	2219	2133	2098	2204	2444	2694	2882	3109	3119	3093	2981	2822	2668	2462	2352	2205	2068	1951	
130	6572	59.7	60.2	22	1	1	2	996	1267	1804	2656	3710	4549	5112	5188	5104	4841	4487	4122	3742	3344	3080	2852	2722	2797	2978	3286	3586	3860	3872	3856	3633	3444	3227	2981	2744	2530	2360	2192	
130	6589	60.0	60.0	22	1	1	2	1022	1259	1805	2703	3695	4561	5147	5221	5152	4830	4494	4152	3755	3406	3106	2861	2735	2791	2942	3289	3583	3857	3919	3830	3661	3447	3266	2959	2727	2511	2339	2198	
130	6607	59.9	60.0	22	1	1	2	1027	1269	1818	2739	3754	4571	5194	5234	5132	4818	4495	4198	3790	3417	3088	2885	2765	2802	2982	3278	3602	3847	3944	3853	3672	3472	3236	2983	2738	2520	2332	2202	
130	6624	60.0	60.0	22	1	1	2	1011	1262	1846	2707	3770	4596	5230	5324	5208	4916	4556	4218	3828	3396	3118	2903	2766	2812	3033	3310	3622	3864	3916	3867	3641	3458	3248	2989	2737	2540	2363	2204	
130	6641	59.9	60.0	22	1	1	2	1026	1252	1818	2703	3708	4582	5157	5255	5192	4914	4519	4167	3763	3417	3108	2889	2731	2784	3021	3274	3626	3834	3928	3829	3679	3498	3230	2957	2736	2523	2368	2207	
130	6658	60.0	60.0	22	1	1	2	1013	1264	1810	2690	3738	4600	5155	5226	5181	4885	4511	4136	3779	3419	3114	2883	2724	2763	2962	3326	3594	3859	3904	3829	3687	3428	3215	2954	2723	2534	2367	2196	
130	6676	59.9	60.0	22	1	1	2	1022	1257	1827	2689	3735	4568	5188	5245	5140	4864	4530	4168	3798	3401	3129	2884	2746	2779	3000	3314	3599	3839	3928	3819	3663	3465	3250	2952	2746	2523	2365	2189	
130	6738	95.4	94.9	23	1	0	2	934	1040	1330	1754	2280	2672	3018	3152	3140	3039	2915	2697	2533	2324	2219	2129	2101	2221	2401	2652	2914	3059	3154	3091	2942	2839	2721	2502	2348	2176	2072	1934	
130	6755	95.0	95.0	23	1	0	2	927	1046	1334	1748	2274	2735	3056	3117	3149	3033	2885	2711	2518	2307	2201	2114	2103	2208	2368	2677	2914	3114	3148	3092	2973	2825	2678	2535	2339	2156	2069	1930	
130	6818	59.7	60.2	23	1	1	2	991	1259	1803	2670	3745	4511	5104	5162	5126	4829	4514	4104	3783	3374	3069	2858	2733	2763	2969	3301	3542	3788	3942	3843	3650	3468	3211	2931	2733	2518	2356	2173	
130	6835	60.0	60.1	23	1	1	2	1014	1263	1839	2661	3724	4560	5091	5213	5137	4830	4521	4150	3742	3404	3074	2863	2752	2761	2961	3273	3586	3807	3899	3829	3647	3443	3205	2946	2717	2509	2344	2173	
130	6853	60.0	60.0	23	1	1	2	1022	1249	1809	2711	3724	4536	5137	5254	5167	4823	4507	4128	3724	3380	3105	2870	2727	2787	2980	3298	3580	3821	3881	3912	3662	3460	3246	2957	2726	2525	2331	2194	
130	6870	60.0	60.0	23	1	1	2	1003	1279	1818	2699	3738	4588	5191	5269	5193	4896	4559	4162	3805	3416	3104	2895	2761	2779	2984	3324	3590	3837	3951	3839	3655	3467	3226	2963	2760	2542	2369	2181	
130	6887	59.9	60.0	23	1	1	2	1017	1248	1799	2710	3741	4607	5178	5264	5176	4885	4529	4158	3773	3396	3118	2876	2735	2784	2975	3330	3587	3839	3901	3837	3673	3447	3230	2950	2732	2496	2363	2197	
130	6904	60.0	60.0	23	1	1	2	1010	1250	1829	2693	3744	4486	5134	5238	5135	4842	4512	4142	3763	3430	3085	2876	2746	2813	3006	3317	3608	3841	3920	3824	3669	3461	3233	2934	2714	2506	2344	2208	
130	6922	60.0	60.0	23	1	1	2	998	1254	1841	2666	3713	4529	5120	5251	5153	4843	4521	4155	3762	3371	3074	2856	2737	2771	3007	3301	3562	3799	3908	3837	3656	3433	3225	2950	2724	2511	2351	2176	
130	6984	95.2	95.0	24	1	0	2	934	1053	1324	1754	2284	2737	3068	3166	3166	3005	2885	2724	2523	2296	2217	2122	2099	2204	2383	2683	2914	3082	3139	3090	2987	2802	2678	2492	2326	2165	2014	1941	
130	7001	95.0	95.0	24	1	0	2	930	1068	1308	1720	2260	2705	3055	3150	3154	2995	2862	2700	2510	2314	2207	2100	2099	2209	2416	2663	2880	3082	3134	3085	2982	2799	2650	2488	2328	2178	2057	1905	
130	7064	59.7	60.2	24	1	1	2	1008	1246	1818	2660	3681	4515	5119	5219	5088	4856	4493	4098	3745	3368	3069	2842	2733	2761	2975	3319	3584	3808	3880	3808	3617	3438	3211	2965	2717	2508	2361	2192	
130	7081	59.9	60.0	24	1	1	2	1004	1258	1804	2678	3733	4536	5114	5214	5083	4816	4506	4134	3727	3395	3077	2813	2722	2787	2976	3270	3563	3823	3885	3840	3659	3450	3219	2960	2729	2524	2364	2164	
130	7099	59.9	60.0	24	1	1	2	984	1255	1832	2657	3731	4566	5241	5246	5152	4835	4515	4117	3781	3379	3103	2862	2746	2772	2957	3290	3607	3799	3893	3809	3661	3456	3223	2976	2734	2484	2371	2173	
130	7116	60.0	60.0	24	1	1	2	1009	1272	1832	2689	3748	4616	5188	5314	5221	4872	4573	4185	3765	3411	3082	2885	2779	2821	2983	3298	3594	3844	3898	3855	3695	3449	3214	2965	2751	2532	2351	2197	
130	7133	60.0	60.0	24	1	1	2	1011	1246	1821	2713	3748	4564	5173	5241	5109	4812	4524	4147	3748	3396	3112	2846	2753	2782	2972	3287	3566	3801	3875	3833	3648	3432	3225	2945	2713	2511	2344	2205	
130	7150	60.0	60.0	24	1	1	2	1013	1250	1815	2690	3699	4549	5099	5178	5144	4828	4450	4125	3709	3389	3087	2838	2723	2761	2943	3289	3573	3781	3893	3826	3653	3448	3189	2960	2710	2457	2355	2178	
130	7168	60.0	60.0	24	1	1	2	1010	1259	1815	2668	3726	4571	5133	5181	5117	4832	4479	4097	3768	3402	3093	2837	2703	2795	2949	3281	3553	3806	3875	3797	3646	3447	3195	2945	2714	2486	2347	2177	
130	7232	95.3	95.0	25	1	0	2	922	1052	1311	1747	2276	2703	3052	3129	3148	3032	2896	2730	2499	2336	2188	2113	2099	2195	2384	2659	2893	3088	3120	3077	2968	2804	2662	2489	2340	2171	2041	1932	
130	7249	95.0	95.0	25	1	0	2	918	1044	1308	1711	2246	2694	3038	3110	3117	3013	2852	2694	2501	2319	2171	2093	2098	2190	2398	2638	2897	3090	3100	3047	2958	2839	2669	2472	2305	2165	2064	1908	
130	7312	59.7	60.2	25	1	1	2	1004	1260	1787	2656	3707	4502	5080	5203	5088	4805	4466	4118	3730	3353	3065	2839	2711	2791	2953	3303	3579	3820	3857	3788	3628	3406	3196	2920	2711	2506	2340	2165	
130	7330	59.9	60.0	25	1	1	2	1008	1243	1840	2655	3718	4511	5099	5219	5102	4841	4445	4094	3778	3381	3089	2841	2723	2778	2958	3265	3577	3817	3877	3807	3641	3434	3220	2952	2733	2494	2322	2181	
130	7347	59.9	60.0	25	1	1	2	1012	1269	1836	2657	3720	4534	5125	5230	5124	4839	4476	4104	3768	3379	3124	2883	2693	2778	2960	3306	3580	3832	3864	3801	3633	3425	3206	2924	2715	2509	2305	2181	
130	7364	60.0	60.0	25	1	1	2	1015	1261	1829	2710	3757	4575	5194	5254	5187	4902	4543	4135	3799	3402	3105	2881	2754	2784	2966	3320	3574	3809	3904	3811	3627	3438	3208	2960	2730	2515	2365	2192	
130	7381	60.0	60.0	25	1	1	2	1017	1256	1851	2674	3703	4549	5169	5226	5123	4863	4499	4129	3765	3386	3124	2842	2734	2793	2979	3291	3622	3850	3883	3808	3626	3439	3213	2946	2718	2503	2330	2196	
130	7399	60.0	60.0	25	1	1	2	1002	1259	1842	2678	3759	4521	5141	5191	5102	4825	4498	4116	3713	3395	3113	2878	2727	2766	2945	3271	3570	3807	3894	3785	3610	3430	3212	2966	2689	2501	2328	2174	
130	7416	59.9	60.0	25	1	1	2	1005	1262	1824	2655	3728	4563	5107	5240	5138	4814	4499	4128	3760	3394	3085	2858	2731	2757	2979	3260	3569	3827	3866	3790	3641	3435	3188	2945	2709	2482	2362	2146	
130	7478	95.3	95.0	26	1	0	2	935	1051	1330	1738	2255	2675	3062	3178	3151	3025	2888	2695	2513	2340	2177	2108	2094	2205	2412	2669	2904	3072	3140	3048	2969	2801	2689	2481	2330	2176	2042	1927	
130	7496	95.0	95.0	26	1	0	2	935	1049	1332	1741	2270	2671	3020	3110	3108	3038	2857	2678	2480	2325	2185	2093	2071	2179	2398	2670	2871	3064	3123	3070	2960	2809	2646	2481	2310	2120	2040	1906	
130	7558	59.7	60.2	26	1	1	2	1010	1250	1812	2655	3717	4538	5118	5166	5129	4805	4509	4117	3726	3398	3098	2822	2719	2767	2950	3277	3540	3814	3844	3821	3641	3428	3226	2944	2740	2477	2345	2179	
130	7576	59.9	60.0	26	1	1	2	1002	1271	1818	2680	3674	4559	5121	5188	5121	4789	4472	4123	3738	3360	3093	2834	2709	2777	2968	3289	3564	3818	3847	3809	3596	3428	3228	2942	2743	2508	2332	2162	
130	7593	59.9	60.0	26	1	1	2	1006	1214	1824	2673	3739	4564	5147	5270	5175	4859	4516	4145	3785	3418	3122	2879	2744	2796	2983	3311	3588	3830	3911	3837	3655	3451	3256	2973	2713	2489	2370	2177	
130	7610	59.9	60.0	26	1	1	2	1015	1284	1817	2692	3758	4574	5188	5265	5187	4858	4524	4157	3804	3379	3119	2849	2768	2775	2962	3321	3599	3844	3887	3875	3655	3468	3209	2952	2737	2509	2336	2207	
130	7627	60.0	60.0	26	1	1	2	1005	1252	1799	2668	3717	4551	5179	5247	5120	4837	4495	4145	3761	3368	3092	2871	2731	2732	2974	3279	3575	3813	3878	3804	3649	3418	3204	2954	2739	2482	2358	2162	
130	7645	60.0	60.0	26	1	1	2	1009	1261	1804	2663	3677	4544	5121	5190	5113	4831	4495	4100	3734	3392	3107	2842	2740	2780	2984	3307	3564	3812	3895	3771	3637	3448	3214	2976	2745	2511	2362	2164	
130	7662	60.0	60.0	26	1	1	2	995	1254	1836	2687	3692	4527	5146	5210	5144	4780	4488	4120	3716	3406	3075	2846	2741	2760	2964	3279	3564	3792	3883	3774	3640	3404	3180	2924	2673	2511	2337	2194	
130	7724	95.3	95.0	27	1	0	2	942	1045	1316	1747	2279	2717	3017	3158	3137	3023	2861	2711	2513	2300	2189	2104	2093	2219	2409	2678	2897	3090	3148	3082	2979	2835	2686	2510	2333	2163	2056	1941	
130	7742	95.0	95.0	27	1	0	2	930	1043	1312	1743	2243	2685	3028	3108	3137	2984	2856	2690	2495	2312	2213	2102	2082	2185	2414	2660	2869	3006	3115	3042	2931	2802	2651	2477	2335	2171	2043	1955	
130	7804	59.7	60.2	27	1	1	2	1007	1252	1819	2682	3694	4522	5066	5178	5130	4792	4478	4124	3722	3374	3080	2834	2696	2762	2965	3303	3574	3808	3872	3785	3612	3423	3217	2953	2714	2491	2321	2182	
130	7822	59.9	60.0	27	1	1	2	1025	1273	1819	2672	3741	4546	5155	5225	5126	4826	4520	4184	3725	3398	3086	2857	2735	2781	2959	3291	3564	3831	3858	3842	3621	3410	3218	2958	2732	2492	2346	2182	
130	7839	59.9	60.0	27	1	1	2	1007	1265	1835	2693	3729	4555	5148	5205	5138	4851	4518	4144	3731	3399	3088	2835	2732	2796	2934	3292	3576	3797	3923	3819	3653	3485	3210	2945	2752	2472	2338	2182	
130	7856	60.0	60.0	27	1	1	2	1025	1266	1813	2709	3741	4572	5187	5271	5182	4870	4529	4153	3801	3413	3117	2900	2755	2819	2988	3319	3571	3838	3883	3824	3659	3447	3231	2964	2744	2522	2344	2178	
130	7873	60.0	60.0	27	1	1	2	1029	1263	1786	2698	3734	4574	5131	5249	5130	4833	4505	4151	3749	3393	3090	2829	2740	2775	2955	3292	3603	3783	3912	3806	3610	3422	3219	2949	2722	2474	2322	2165	
130	7891	60.0	60.0	27	1	1	2	1004	1254	1813	2710	3689	4590	5125	5235	5085	4835	4487	4142	3810	3382	3103	2816	2735	2764	2958	3275	3557	3790	3876	3841	3631	3428	3194	2925	2704	2493	2359	2179	
130	7908	60.0	60.0	27	1	1	2	994	1248	1818	2683	3726	4540	5157	5228	5133	4849	4436	4138	3775	3368	3136	2828	2728	2746	2975	3279	3545	3810	3901	3822	3612	3431	3250	2935	2742	2510	2318	2164	
130	7973	95.1	95.1	28	1	0	2	930	1042	1313	1750	2276	2705	3031	3158	3149	3034	2856	2691	2494	2308	2200	2117	2072	2181	2363	2667	2909	3078	3110	3089	2944	2787	2649	2457	2290	2150	2038	1948	
130	7990	95.0	95.0	28	1	0	2	925	1044	1321	1744	2272	2681	3019	3088	3143	3029	2842	2672	2515	2286	2173	2132	2089	2205	2403	2678	2870	3084	3126	3072	2945	2812	2653	2478	2321	2133	2052	1921	
130	8053	59.7	60.2	28	1	1	2	994	1254	1812	2677	3710	4530	5081	5204	5054	4825	4460	4114	3773	3357	3083	2819	2702	2774	2963	3267	3549	3808	3890	3784	3630	3448	3195	2973	2722	2494	2328	2169	
130	8070	59.9	60.0	28	1	1	2	996	1242	1809	2685	3709	4546	5116	5177	5056	4810	4476	4126	3760	3374	3065	2816	2704	2768	2958	3297	3583	3813	3857	3811	3662	3420	3198	2953	2700	2505	2323	2167	
130	8087	59.9	60.0	28	1	1	2	1005	1243	1819	2663	3698	4566	5096	5263	5107	4840	4488	4101	3782	3376	3072	2872	2731	2764	2950	3314	3548	3803	3876	3796	3650	3453	3235	2953	2728	2491	2344	2177	
130	8104	60.0	60.0	28	1	1	2	1001	1267	1817	2686	3758	4568	5149	5291	5182	4823	4545	4184	3772	3422	3136	2883	2757	2770	2989	3308	3613	3827	3935	3830	3647	3460	3267	2976	2726	2495	2380	2179	
130	8122	60.0	60.0	28	1	1	2	1018	1238	1825	2710	3728	4572	5148	5240	5115	4841	4527	4130	3780	3376	3101	2855	2727	2807	2970	3303	3577	3796	3879	3745	3659	3417	3222	2954	2713	2510	2349	2177	
130	8139	59.9	60.0	28	1	1	2	1008	1248	1809	2714	3720	4534	5105	5225	5112	4838	4494	4097	3717	3368	3092	2848	2681	2789	2975	3258	3579	3828	3899	3776	3651	3408	3199	2952	2742	2498	2325	2230	
130	8156	60.0	60.0	28	1	1	2	1007	1276	1801	2692	3728	4556	5125	5239	5094	4816	4475	4087	3795	3368	3094	2828	2704	2780	2957	3258	3564	3824	3864	3792	3633	3422	3214	2964	2714	2475	2342	2166	
130	8219	95.2	95.0	29	1	0	2	939	1048	1323	1751	2274	2690	3051	3132	3166	3016	2877	2680	2505	2319	2191	2121	2100	2197	2400	2671	2873	3047	3141	3062	2970	2820	2678	2514	2324	2141	2038	1927	
130	8236	95.0	95.0	29	1	0	2	925	1048	1315	1761	2243	2688	3029	3124	3122	3005	2880	2677	2499	2293	2177	2114	2103	2189	2393	2650	2885	3059	3124	3063	2939	2787	2662	2472	2350	2141	2045	1928	
130	8299	59.7	60.2	29	1	1	2	979	1250	1819	2659	3716	4569	5114	5171	5089	4828	4451	4099	3679	3372	3101	2832	2681	2770	2963	3281	3576	3799	3840	3807	3633	3401	3209	2952	2713	2487	2299	2183	
130	8316	60.0	60.0	29	1	1	2	1009	1244	1838	2638	3708	4539	5104	5190	5107	4818	4510	4116	3746	3349	3070	2857	2746	2781	2964	3275	3562	3810	3887	3809	3622	3408	3196	2943	2694	2495	2327	2177	
130	8333	59.9	60.0	29	1	1	2	999	1259	1824	2679	3713	4556	5135	5236	5125	4848	4526	4153	3770	3388	3077	2843	2717	2765	2997	3269	3562	3777	3883	3812	3628	3397	3200	2955	2717	2523	2335	2183	
130	8350	59.9	60.0	29	1	1	2	1007	1268	1807	2691	3726	4592	5224	5242	5163	4888	4530	4177	3809	3419	3109	2897	2735	2818	2954	3282	3555	3849	3899	3817	3661	3447	3204	2976	2672	2520	2323	2195	
130	8368	60.0	60.0	29	1	1	2	1003	1248	1829	2672	3693	4576	5143	5235	5133	4818	4527	4176	3753	3355	3109	2884	2744	2791	2966	3295	3593	3817	3872	3843	3644	3437	3199	2953	2711	2475	2340	2190	
130	8385	60.0	60.0	29	1	1	2	1009	1249	1800	2679	3705	4572	5130	5178	5098	4780	4472	4097	3735	3387	3082	2849	2735	2783	2986	3274	3549	3828	3845	3792	3636	3394	3182	2937	2764	2490	2324	2166	
130	8402	60.0	60.0	29	1	1	2	1000	1255	1816	2683	3675	4518	5074	5222	5093	4875	4427	4114	3750	3360	3086	2875	2737	2769	2952	3279	3516	3800	3861	3814	3610	3410	3197	2935	2710	2505	2316	2159	
130	8467	95.3	95.0	30	1	0	2	913	1046	1335	1760	2254	2707	3022	3153	3158	3055	2865	2699	2512	2310	2186	2075	2122	2205	2391	2648	2905	3076	3120	3081	2930	2813	2681	2474	2298	2174	2064	1953	
130	8484	95.0	95.0	30	1	0	2	919	1039	1317	1755	2268	2649	2986	3092	3131	3008	2836	2715	2520	2315	2146	2087	2061	2181	2382	2671	2868	3085	3136	3055	2930	2822	2656	2455	2315	2150	2028	1914	
130	8547	59.6	60.2	30	1	1	2	1011	1263	1769	2642	3720	4532	5084	5221	5093	4801	4473	4119	3739	3381	3069	2846	2730	2767	2976	3245	3575	3807	3863	3813	3636	3451	3195	2901	2728	2511	2338	2155	
130	8564	59.9	60.0	30	1	1	2	1014	1256	1842	2624	3701	4499	5096	5164	5114	4757	4431	4089	3751	3393	3054	2845	2724	2772	2953	3261	3526	3790	3869	3747	3625	3405	3186	2938	2717	2490	2333	2160	
130	8581	59.9	60.0	30	1	1	2	1017	1246	1817	2667	3719	4559	5113	5233	5062	4806	4495	4104	3742	3362	3093	2861	2721	2778	2964	3247	3569	3829	3864	3796	3616	3403	3215	2950	2702	2480	2344	2175	
130	8598	60.0	60.0	30	1	1	2	1008	1269	1818	2726	3727	4559	5144	5261	5144	4869	4503	4169	3773	3419	3092	2866	2747	2773	2966	3288	3588	3837	3886	3865	3618	3450	3194	2949	2732	2486	2345	2197	
130	8616	59.9	60.0	30	1	1	2	1004	1273	1855	2690	3693	4513	5168	5229	5104	4833	4478	4097	3749	3386	3059	2892	2731	2766	2952	3293	3617	3838	3893	3842	3650	3444	3209	2945	2716	2489	2316	2191	
130	8633	59.9	60.0	30	1	1	2	1019	1267	1806	2682	3690	4517	5116	5203	5093	4824	4466	4120	3759	3375	3081	2829	2712	2752	2987	3280	3557	3801	3832	3778	3624	3418	3203	2933	2724	2488	2350	2187	
130	8650	60.0	60.0	30	1	1	2	1018	1262	1821	2655	3689	4509	5115	5160	5132	4818	4481	4120	3751	3364	3099	2874	2699	2745	2953	3278	3584	3795	3874	3786	3628	3431	3165	2953	2726	2486	2336	2181	
130	8713	95.2	95.0	31	1	0	2	938	1049	1323	1748	2266	2704	3032	3133	3114	3009	2887	2711	2519	2316	2196	2104	2098	2184	2391	2669	2907	3077	3088	3061	2928	2768	2664	2470	2332	2170	2029	1930	
130	8730	95.0	95.0	31	1	0	2	932	1036	1310	1743	2254	2669	3033	3109	3088	2992	2850	2704	2493	2307	2182	2102	2072	2167	2413	2636	2870	3093	3114	3051	2931	2805	2632	2457	2324	2151	2027	1906	
130	8793	59.7	60.2	31	1	1	2	1008	1262	1795	2654	3667	4519	5075	5165	5096	4780	4419	4107	3745	3376	3062	2812	2693	2760	2914	3244	3523	3775	3825	3791	3629	3389	3210	2923	2719	2493	2324	2173	
130	8810	59.9	60.0	31	1	1	2	1004	1249	1794	2654	3713	4477	5128	5192	5066	4775	4452	4108	3732	3344	3069	2863	2713	2749	2978	3252	3558	3793	3869	3806	3657	3399	3209	2941	2688	2487	2332	2171	
130	8827	60.0	60.0	31	1	1	2	1002	1251	1805	2681	3716	4560	5144	5239	5109	4860	4500	4117	3752	3370	3078	2849	2719	2763	2954	3293	3566	3816	3886	3833	3621	3449	3202	2960	2736	2517	2342	2190	
130	8845	59.9	60.0	31	1	1	2	997	1259	1831	2650	3716	4532	5173	5208	5147	4909	4530	4166	3758	3380	3087	2880	2758	2776	2964	3281	3551	3808	3868	3814	3644	3437	3224	2948	2728	2508	2336	2181	
130	8862	59.9	60.0	31	1	1	2	989	1265	1798	2672	3714	4535	5092	5212	5108	4844	4490	4099	3746	3366	3092	2855	2709	2747	2975	3270	3585	3808	3887	3792	3633	3412	3205	2942	2723	2526	2349	2167	
130	8879	60.0	60.0	31	1	1	2	1002	1259	1823	2668	3702	4518	5114	5170	5070	4788	4480	4085	3732	3378	3054	2845	2718	2760	2992	3273	3553	3768	3858	3791	3619	3433	3207	2921	2718	2467	2303	2199	
130	8896	60.0	60.0	31	1	1	2	1003	1262	1818	2667	3701	4494	5100	5166	5113	4802	4467	4132	3742	3362	3081	2840	2685	2752	2915	3248	3562	3809	3848	3759	3608	3397	3178	2925	2695	2495	2319	2132	
130	8959	95.2	95.0	32	1	0	2	946	1041	1326	1753	2263	2695	3045	3136	3112	3050	2876	2681	2522	2313	2213	2095	2063	2182	2381	2664	2881	3080	3103	3053	2915	2773	2685	2456	2329	2156	2045	1913	
130	8976	95.0	95.0	32	1	0	2	915	1067	1316	1733	2289	2683	3013	3138	3129	2998	2846	2674	2519	2295	2171	2130	2077	2184	2412	2684	2864	3043	3101	3029	2938	2799	2659	2469	2311	2141	2021	1928	
130	9039	59.7	60.2	32	1	1	2	1002	1242	1812	2641	3696	4483	5062	5152	5021	4773	4466	4091	3690	3384	3076	2813	2680	2725	2934	3272	3566	3803	3865	3781	3610	3400	3154	2927	2698	2476	2357	2164	
130	9056	60.0	60.0	32	1	1	2	1010	1276	1824	2656	3689	4509	5110	5171	5075	4797	4456	4084	3715	3376	3058	2815	2697	2752	2927	3285	3547	3780	3815	3807	3599	3410	3201	2945	2724	2480	2327	2174	
130	9073	60.0	60.0	32	1	1	2	1006	1253	1805	2669	3732	4538	5120	5200	5094	4838	4506	4103	3726	3362	3092	2850	2715	2747	2947	3280	3578	3807	3880	3770	3637	3419	3186	2909	2733	2455	2344	2184	
130	9091	59.9	60.0	32	1	1	2	1002	1277	1812	2632	3709	4569	5138	5246	5156	4879	4529	4146	3749	3381	3093	2861	2709	2770	2980	3250	3559	3827	3833	3809	3644	3459	3210	2939	2726	2501	2353	2197	
130	9108	60.0	60.0	32	1	1	2	1012	1233	1816	2715	3710	4599	5125	5246	5160	4817	4496	4169	3758	3391	3060	2861	2734	2797	2982	3271	3572	3817	3852	3797	3654	3395	3192	2936	2700	2473	2316	2171	
130	9125	60.0	60.0	32	1	1	2	1014	1253	1800	2659	3696	4525	5096	5186	5109	4770	4535	4087	3737	3374	3090	2873	2733	2766	2936	3278	3544	3804	3862	3765	3595	3389	3192	2953	2711	2491	2346	2171	
130	9142	60.0	60.0	32	1	1	2	1011	1251	1817	2648	3676	4505	5111	5164	5108	4812	4472	4124	3733	3364	3085	2845	2705	2734	2986	3244	3527	3764	3848	3791	3633	3391	3188	2944	2703	2479	2305	2158	
130	9207	95.3	95.0	33	1	0	2	919	1047	1318	1736	2242	2679	3062	3110	3153	3015	2856	2715	2518	2327	2239	2124	2084	2188	2386	2669	2907	3089	3128	3047	2934	2800	2659	2477	2298	2170	2058	1887	
130	9224	95.0	95.0	33	1	0	2	929	1041	1322	1746	2239	2675	2997	3081	3078	3007	2845	2668	2472	2310	2159	2089	2105	2186	2372	2680	2853	3058	3117	3031	2912	2794	2654	2486	2321	2128	2025	1913	
130	9287	59.7	60.2	33	1	1	2	1013	1256	1813	2652	3658	4504	5085	5176	5105	4805	4444	4104	3724	3358	3100	2847	2706	2753	2950	3265	3561	3796	3870	3806	3663	3402	3187	2959	2701	2507	2356	2177	
130	9304	60.0	60.0	33	1	1	2	1016	1253	1821	2673	3642	4509	5136	5183	5068	4780	4460	4087	3748	3400	3087	2854	2717	2734	2916	3277	3519	3812	3845	3778	3662	3396	3216	2917	2716	2492	2349	2180	
130	9321	60.0	60.0	33	1	1	2	999	1236	1828	2682	3715	4489	5162	5241	5155	4799	4485	4097	3762	3414	3128	2869	2733	2757	2996	3298	3546	3821	3861	3798	3632	3439	3185	2946	2728	2478	2343	2164	
130	9339	60.0	60.0	33	1	1	2	1010	1260	1812	2684	3751	4554	5173	5276	5168	4857	4495	4169	3777	3425	3109	2852	2734	2795	2997	3290	3575	3812	3888	3813	3625	3434	3209	2953	2740	2517	2330	2191	
130	9356	60.0	60.0	33	1	1	2	1017	1258	1820	2652	3678	4522	5111	5200	5095	4824	4460	4097	3745	3377	3090	2850	2735	2740	2972	3257	3586	3814	3859	3814	3635	3416	3194	2959	2710	2477	2332	2193	
130	9373	60.0	60.0	33	1	1	2	1012	1274	1805	2663	3688	4497	5112	5197	5101	4803	4448	4146	3733	3393	3099	2878	2694	2774	2977	3258	3573	3803	3844	3829	3606	3451	3184	2918	2724	2497	2308	2171	
130	9390	60.0	60.0	33	1	1	2	1030	1264	1812	2676	3710	4519	5120	5182	5077	4793	4485	4094	3753	3353	3063	2837	2715	2760	2952	3253	3564	3784	3856	3753	3598	3409	3201	2918	2691	2487	2325	2181	
130	9453	95.3	94.9	34	1	0	2	920	1056	1319	1768	2260	2713	3011	3114	3130	3016	2879	2679	2505	2328	2207	2118	2098	2185	2388	2650	2897	3029	3092	3034	2925	2808	2718	2487	2305	2160	2056	1916	
130	9470	95.0	95.0	34	1	0	2	928	1059	1325	1739	2252	2705	3016	3114	3128	2986	2854	2684	2477	2333	2201	2073	2078	2205	2399	2665	2870	3072	3094	3037	2977	2784	2611	2494	2314	2134	2063	1896	
130	9533	59.7	60.2	34	1	1	2	1018	1239	1809	2673	3676	4505	5112	5140	5080	4795	4427	4124	3721	3364	3086	2830	2718	2763	2932	3298	3576	3790	3854	3793	3625	3395	3173	2911	2712	2500	2305	2146	
130	9550	59.9	60.0	34	1	1	2	1052	1282	1813	2664	3722	4534	5143	5160	5108	4746	4429	4135	3702	3353	3102	2844	2717	2765	2953	3237	3586	3774	3896	3784	3612	3420	3186	2920	2698	2489	2309	2189	
130	9568	60.0	60.0	34	1	1	2	1008	1259	1834	2691	3731	4557	5137	5217	5155	4812	4469	4120	3757	3371	3074	2852	2724	2780	2956	3310	3597	3797	3879	3829	3640	3440	3198	2935	2716	2507	2348	2189	
130	9585	59.9	60.0	34	1	1	2	1013	1248	1834	2697	3752	4582	5138	5263	5157	4838	4528	4172	3765	3393	3125	2869	2760	2807	2983	3272	3569	3826	3897	3823	3632	3452	3206	2979	2715	2488	2372	2186	
130	9602	59.9	60.0	34	1	1	2	1013	1253	1833	2663	3700	4538	5103	5221	5126	4846	4479	4144	3709	3397	3112	2848	2724	2780	2987	3275	3565	3816	3868	3764	3630	3427	3213	2935	2706	2479	2332	2167	
130	9619	59.9	60.0	34	1	1	2	1022	1276	1809	2664	3704	4521	5116	5151	5086	4809	4465	4068	3753	3361	3071	2852	2728	2797	2939	3277	3539	3759	3848	3782	3617	3432	3205	2927	2689	2497	2289	2181	
130	9637	60.0	60.0	34	1	1	2	1009	1246	1802	2681	3684	4549	5081	5165	5047	4815	4456	4103	3739	3398	3059	2841	2722	2772	2932	3267	3566	3780	3841	3809	3629	3424	3166	2947	2703	2497	2318	2172	
130	9699	95.2	95.0	35	1	0	2	952	1052	1330	1747	2261	2688	3017	3145	3153	3032	2868	2700	2527	2336	2202	2096	2089	2179	2412	2645	2922	3060	3117	3037	2978	2822	2665	2478	2333	2142	2030	1917	
130	9716	95.0	95.0	35	1	0	2	933	1057	1346	1742	2247	2671	3000	3118	3111	2992	2856	2677	2463	2294	2193	2089	2074	2190	2410	2653	2903	3027	3102	3054	2971	2820	2656	2483	2308	2178	2034	1902	
130	9779	59.7	60.2	35	1	1	2	1008	1250	1820	2636	3649	4487	5091	5122	5110	4803	4467	4078	3739	3362	3077	2818	2732	2750	2938	3282	3542	3792	3873	3792	3633	3399	3205	2936	2698	2507	2328	2123	
130	9796	59.9	60.0	35	1	1	2	1005	1287	1844	2653	3686	4541	5111	5156	5116	4843	4445	4100	3757	3400	3086	2858	2700	2780	2988	3268	3569	3783	3851	3826	3624	3407	3212	2910	2684	2483	2335	2192	
130	9814	59.9	60.0	35	1	1	2	1007	1266	1846	2668	3712	4526	5120	5202	5136	4815	4524	4085	3756	3405	3090	2869	2721	2795	2961	3288	3592	3790	3873	3834	3630	3403	3189	2941	2733	2496	2346	2188	
130	9831	60.0	60.0	35	1	1	2	1016	1258	1837	2653	3744	4537	5169	5203	5149	4853	4505	4153	3767	3377	3072	2865	2745	2754	2959	3299	3578	3786	3857	3817	3634	3417	3193	2934	2715	2492	2354	2157	
130	9848	59.9	60.0	35	1	1	2	1007	1263	1825	2681	3701	4562	5102	5210	5094	4817	4465	4118	3755	3344	3112	2825	2726	2782	2951	3297	3563	3778	3889	3799	3645	3442	3197	2917	2691	2492	2311	2173	
130	9865	60.0	60.0	35	1	1	2	1020	1253	1816	2690	3708	4548	5109	5139	5086	4792	4461	4108	3722	3369	3087	2875	2724	2764	2941	3288	3581	3789	3871	3766	3619	3423	3169	2900	2700	2484	2337	2200	
130	9883	60.0	60.0	35	1	1	2	1005	1248	1836	2658	3709	4519	5087	5164	5139	4785	4436	4134	3752	3413	3078	2856	2720	2776	2969	3227	3554	3812	3931	3767	3574	3432	3242	2938	2716	2498	2370	2175	
130	9945	95.4	94.9	36	1	0	2	932	1060	1315	1742	2259	2690	3052	3123	3123	3012	2883	2701	2508	2336	2235	2123	2079	2202	2375	2668	2874	3072	3109	3054	2923	2800	2599	2461	2324	2161	2047	1910	
130	9963	95.0	95.0	36	1	0	2	932	1046	1330	1751	2258	2701	3025	3173	3152	3004	2868	2706	2529	2318	2202	2088	2095	2167	2376	2678	2878	3044	3125	3054	2928	2829	2660	2462	2310	2144	2070	1903	
130	10025	59.7	60.2	36	1	1	2	1018	1268	1811	2670	3697	4500	5107	5184	5068	4783	4449	4108	3719	3393	3068	2833	2707	2746	2947	3247	3551	3799	3846	3764	3606	3391	3195	2914	2703	2482	2337	2169	
130	10043	59.9	60.0	36	1	1	2	1014	1257	1833	2675	3695	4550	5083	5196	5085	4835	4483	4106	3758	3336	3081	2865	2738	2799	2978	3249	3545	3787	3854	3766	3589	3398	3179	2961	2719	2484	2322	2181	
130	10060	59.9	60.0	36	1	1	2	1020	1271	1817	2702	3676	4557	5136	5213	5151	4844	4507	4159	3754	3383	3094	2842	2748	2769	2975	3290	3554	3798	3872	3832	3612	3398	3203	2935	2709	2503	2351	2193	
130	10077	59.9	60.0	36	1	1	2	991	1266	1794	2667	3730	4604	5127	5258	5180	4873	4517	4184	3798	3425	3113	2866	2720	2813	2977	3276	3574	3823	3881	3800	3621	3418	3201	2950	2741	2455	2348	2198	
130	10094	59.9	60.0	36	1	1	2	1013	1253	1818	2697	3725	4550	5154	5232	5107	4862	4502	4134	3754	3411	3117	2904	2737	2779	2994	3298	3562	3801	3890	3844	3632	3447	3208	2970	2714	2501	2348	2152	
130	10112	60.0	60.0	36	1	1	2	1011	1272	1834	2661	3729	4555	5102	5243	5180	4852	4478	4140	3756	3369	3118	2840	2732	2761	2960	3277	3542	3827	3859	3797	3624	3422	3204	2933	2694	2481	2329	2200	
130	10129	60.0	60.0	36	1	1	2	1018	1270	1830	2656	3726	4527	5118	5189	5111	4807	4489	4110	3747	3382	3102	2857	2716	2772	2974	3260	3581	3806	3834	3779	3629	3447	3202	2897	2705	2488	2319	2187	
130	10191	95.4	94.9	37	1	0	2	931	1049	1343	1747	2271	2683	3034	3124	3151	3027	2901	2718	2504	2318	2197	2112	2085	2215	2382	2619	2896	3077	3107	3060	2936	2813	2671	2500	2305	2161	2036	1912	
130	10209	95.0	95.0	37	1	0	2	942	1032	1338	1753	2264	2691	3018	3116	3128	3008	2883	2685	2492	2330	2213	2122	2093	2220	2410	2663	2880	3066	3158	3081	2935	2801	2666	2501	2337	2141	2040	1924	
130	10271	59.7	60.2	37	1	1	2	1014	1262	1821	2660	3704	4521	5083	5184	5118	4828	4508	4159	3756	3375	3090	2856	2716	2799	2967	3286	3549	3771	3862	3802	3634	3397	3207	2987	2730	2503	2321	2198	
130	10289	59.9	60.0	37	1	1	2	1034	1261	1831	2673	3681	4496	5066	5186	5118	4755	4474	4097	3747	3393	3081	2831	2734	2746	2960	3273	3572	3767	3875	3762	3651	3392	3198	2953	2703	2461	2323	2160	
130	10306	60.0	60.0	37	1	1	2	1017	1266	1840	2699	3768	4539	5178	5275	5149	4811	4518	4148	3770	3361	3117	2866	2748	2786	2977	3318	3580	3844	3895	3827	3620	3435	3213	2968	2715	2499	2349	2201	
130	10323	59.9	60.0	37	1	1	2	1016	1279	1842	2705	3740	4597	5205	5242	5169	4885	4493	4147	3757	3447	3123	2900	2751	2807	2978	3296	3589	3795	3894	3836	3645	3400	3212	2931	2721	2495	2341	2178	
130	10340	60.0	60.0	37	1	1	2	1030	1253	1809	2710	3733	4542	5142	5204	5085	4842	4519	4125	3768	3404	3112	2860	2737	2804	2952	3256	3576	3823	3838	3833	3623	3433	3206	2936	2723	2500	2320	2171	
130	10358	59.9	60.0	37	1	1	2	1023	1288	1847	2689	3770	4539	5157	5188	5112	4868	4541	4133	3708	3405	3105	2863	2730	2775	2978	3269	3545	3827	3878	3793	3636	3440	3210	2940	2719	2470	2311	2201	
130	10375	60.0	60.0	37	1	1	2	1020	1275	1855	2687	3722	4549	5099	5208	5120	4826	4488	4136	3750	3406	3114	2841	2725	2767	2984	3280	3582	3794	3887	3809	3632	3434	3190	2936	2737	2475	2335	2188	
130	10437	95.4	94.9	38	1	0	2	942	1053	1327	1766	2281	2732	3034	3149	3169	3041	2883	2722	2506	2360	2176	2144	2099	2235	2387	2662	2867	3079	3076	3064	2963	2823	2658	2470	2319	2155	2020	1912	
130	10455	95.0	95.0	38	1	0	2	938	1023	1317	1754	2259	2694	3021	3139	3151	3005	2866	2681	2510	2315	2185	2136	2122	2208	2393	2656	2891	3059	3127	3054	2965	2818	2646	2473	2335	2136	2046	1906	
130	10518	59.9	60.1	38	1	1	2	1026	1278	1856	2653	3712	4527	5103	5197	5074	4831	4492	4100	3766	3389	3077	2821	2713	2780	2984	3282	3538	3782	3862	3829	3627	3417	3196	2921	2716	2486	2333	2174	
130	10535	59.9	60.0	38	1	1	2	1024	1273	1809	2717	3715	4538	5137	5199	5188	4854	4475	4120	3772	3372	3065	2884	2718	2782	2980	3299	3585	3792	3880	3830	3641	3411	3200	2939	2715	2495	2332	2203	
130	10552	59.9	60.0	38	1	1	2	1024	1295	1839	2699	3732	4552	5164	5229	5102	4870	4543	4136	3769	3392	3132	2916	2698	2784	2991	3297	3593	3817	3869	3808	3646	3468	3224	2962	2739	2507	2359	2191	
130	10569	60.0	60.0	38	1	1	2	1054	1273	1837	2678	3769	4601	5206	5283	5170	4938	4582	4170	3804	3414	3155	2877	2742	2811	2989	3319	3590	3811	3889	3854	3686	3429	3220	2984	2737	2497	2355	2195	
130	10587	59.9	60.0	38	1	1	2	1010	1274	1828	2701	3727	4577	5141	5196	5118	4869	4529	4122	3754	3423	3122	2882	2738	2785	2996	3297	3547	3803	3891	3787	3640	3434	3182	2956	2712	2512	2324	2161	
130	10604	60.0	60.0	38	1	1	2	1024	1263	1845	2680	3720	4561	5083	5221	5132	4794	4535	4140	3749	3412	3099	2896	2732	2802	2982	3275	3591	3812	3865	3801	3643	3433	3193	2972	2705	2497	2316	2188	
130	10621	60.0	60.0	38	1	1	2	1019	1265	1833	2702	3732	4527	5086	5208	5148	4853	4509	4153	3748	3392	3117	2866	2716	2774	2942	3286	3560	3781	3885	3804	3647	3401	3184	2930	2732	2484	2335	2199	
130	10686	95.1	95.1	39	1	0	2	943	1060	1339	1772	2262	2729	3046	3123	3109	3034	2910	2715	2533	2396	2207	2099	2115	2197	2433	2674	2905	3092	3143	3065	2958	2800	2664	2453	2343	2150	2019	1913	
130	10703	95.0	95.0	39	1	0	2	934	1061	1323	1758	2272	2711	3022	3135	3142	2999	2887	2727	2525	2343	2192	2125	2105	2199	2391	2639	2912	3097	3082	3069	2969	2790	2631	2458	2329	2153	2040	1912	
130	10764	59.8	60.2	39	1	1	2	1026	1272	1830	2698	3709	4545	5116	5200	5089	4803	4472	4106	3744	3365	3095	2886	2731	2763	2949	3266	3546	3829	3853	3787	3626	3423	3206	2939	2722	2489	2354	2190	
130	10781	59.9	60.0	39	1	1	2	1028	1281	1824	2695	3725	4558	5118	5201	5138	4849	4504	4169	3769	3418	3100	2875	2761	2784	2982	3287	3603	3841	3870	3836	3652	3445	3207	2964	2729	2508	2323	2148	
130	10798	60.0	60.0	39	1	1	2	1043	1292	1859	2689	3753	4581	5089	5249	5110	4878	4459	4170	3795	3453	3096	2852	2773	2788	3012	3312	3609	3839	3893	3779	3665	3432	3198	2950	2716	2511	2358	2150	
130	10815	60.0	60.0	39	1	1	2	1036	1276	1863	2731	3790	4567	5191	5277	5168	4902	4537	4196	3814	3436	3163	2872	2752	2819	3001	3292	3594	3879	3910	3801	3651	3457	3231	2953	2727	2522	2358	2192	
130	10833	59.9	60.0	39	1	1	2	1030	1276	1832	2689	3725	4572	5176	5284	5163	4860	4535	4149	3786	3426	3111	2853	2759	2798	2979	3283	3581	3859	3903	3802	3651	3417	3230	2936	2742	2510	2321	2187	
130	10850	60.0	60.0	39	1	1	2	1036	1287	1865	2751	3751	4568	5164	5218	5110	4847	4536	4139	3770	3442	3118	2878	2728	2785	2960	3298	3587	3842	3859	3799	3640	3446	3181	2947	2714	2488	2345	2190	
130	10867	60.0	60.0	39	1	1	2	1024	1274	1824	2660	3742	4557	5135	5249	5164	4868	4486	4154	3766	3405	3116	2875	2761	2777	2955	3286	3594	3819	3906	3799	3640	3392	3230	2960	2697	2473	2352	2180	
130	10932	95.3	95.0	40	1	0	2	936	1061	1344	1777	2274	2698	3050	3134	3166	3044	2929	2746	2508	2355	2217	2119	2093	2205	2432	2683	2911	3091	3125	3082	2956	2844	2695	2495	2310	2143	2048	1936	
130	10949	95.0	95.0	40	1	0	2	955	1061	1346	1765	2291	2713	3042	3179	3167	3027	2909	2718	2525	2342	2228	2132	2089	2199	2387	2667	2912	3118	3137	3069	2975	2793	2653	2521	2331	2164	2029	1925	
130	11012	59.7	60.2	40	1	1	2	1022	1284	1841	2692	3719	4541	5113	5227	5150	4834	4489	4164	3785	3398	3092	2917	2740	2804	2985	3285	3582	3822	3871	3770	3619	3408	3196	2944	2717	2478	2338	2165	
130	11029	59.9	60.0	40	1	1	2	1029	1297	1838	2689	3764	4561	5122	5282	5147	4875	4448	4197	3795	3420	3151	2892	2755	2792	3000	3264	3594	3845	3867	3819	3678	3412	3214	2942	2715	2514	2313	2162	
130	11046	59.9	60.0	40	1	1	2	1037	1297	1849	2731	3746	4616	5185	5283	5180	4890	4514	4193	3805	3430	3129	2901	2747	2838	2979	3307	3623	3843	3910	3862	3620	3445	3231	2957	2743	2480	2348	2158	
130	11064	60.0	60.0	40	1	1	2	1048	1301	1864	2726	3765	4604	5243	5304	5206	4956	4579	4196	3798	3430	3134	2929	2784	2820	3024	3330	3638	3846	3920	3854	3641	3418	3220	2982	2744	2489	2325	2200	
130	11081	59.9	60.0	40	1	1	2	1044	1288	1849	2687	3770	4571	5162	5244	5158	4856	4576	4139	3799	3427	3130	2881	2764	2780	2989	3333	3592	3824	3900	3848	3654	3426	3221	2952	2701	2474	2361	2158	
130	11098	60.0	60.0	40	1	1	2	1032	1290	1862	2735	3765	4567	5148	5287	5166	4865	4522	4195	3824	3385	3120	2914	2743	2792	3006	3305	3617	3818	3906	3848	3631	3433	3192	2938	2719	2494	2356	2200	
130	11115	60.0	60.0	40	1	1	2	1036	1326	1853	2718	3791	4533	5177	5245	5123	4874	4555	4171	3801	3401	3124	2889	2726	2828	2978	3314	3580	3853	3857	3842	3636	3418	3224	2965	2730	2488	2348	2164	
