Well	Time (1/2 s)	Block Temp	Sample Temp	Repetition	PCR Stage	Extension	Scale	B1	B2	B3	B4	B5	B6	B7	B8	B9	B10	B11	B12	B13	B14	B15	B16	B17	B18	B19	B20	B21	B22	B23	B24	B25	B26	B27	B28	B29	B30	B31	B32
177	105	95.1	95.1	1	0	0	2	918	1064	1393	1890	2473	3006	3361	3420	3417	3298	3145	2901	2716	2522	2351	2280	2285	2402	2705	3018	3336	3554	3581	3545	3360	3234	3031	2793	2582	2417	2255	2120	
177	122	95.0	95.0	1	0	0	2	930	1070	1389	1853	2467	2956	3311	3388	3361	3271	3112	2895	2684	2510	2341	2247	2272	2437	2681	3022	3329	3537	3492	3497	3325	3186	2961	2759	2552	2406	2272	2140	
177	139	95.0	95.0	1	0	0	2	945	1035	1397	1871	2439	2957	3325	3375	3337	3298	3114	2874	2723	2489	2364	2271	2252	2414	2680	2971	3340	3520	3550	3478	3381	3158	2981	2764	2568	2424	2252	2121	
177	156	94.9	95.0	1	0	0	2	939	1063	1365	1855	2425	2965	3320	3317	3363	3261	3076	2866	2732	2491	2357	2261	2258	2403	2644	3019	3324	3523	3515	3472	3358	3177	2980	2756	2562	2378	2248	2111	
177	174	95.0	95.0	1	0	0	2	929	1048	1385	1853	2420	2988	3286	3374	3361	3244	3117	2891	2692	2514	2352	2306	2264	2410	2672	3014	3333	3511	3540	3476	3352	3187	2983	2770	2559	2397	2261	2107	
177	191	95.0	95.0	1	0	0	2	927	1065	1391	1872	2466	2934	3311	3414	3346	3236	3084	2909	2696	2490	2378	2247	2277	2420	2709	3008	3315	3495	3555	3504	3349	3187	2993	2797	2549	2389	2283	2116	
177	208	94.9	95.0	1	0	0	2	914	1059	1365	1867	2448	2968	3280	3369	3422	3261	3105	2898	2681	2505	2384	2259	2258	2469	2677	3025	3299	3509	3556	3512	3360	3191	2990	2798	2539	2411	2261	2130	
177	225	95.0	95.0	1	0	0	2	933	1070	1390	1861	2456	3002	3333	3398	3364	3265	3123	2911	2723	2511	2371	2276	2292	2446	2681	3053	3366	3537	3572	3513	3390	3182	3004	2787	2564	2402	2264	2094	
177	243	95.0	95.0	1	0	0	2	965	1053	1385	1875	2462	2950	3316	3402	3364	3261	3089	2918	2710	2497	2368	2277	2287	2401	2693	3036	3312	3562	3540	3501	3379	3185	2981	2789	2585	2379	2268	2124	
177	260	94.9	95.0	1	0	0	2	936	1066	1394	1868	2446	3003	3266	3393	3403	3275	3134	2850	2705	2524	2359	2276	2282	2439	2711	3008	3340	3538	3565	3504	3400	3179	3026	2821	2565	2433	2269	2116	
177	277	94.9	95.0	1	0	0	2	938	1057	1373	1870	2454	2993	3310	3390	3403	3323	3132	2925	2719	2515	2376	2285	2296	2426	2687	3012	3308	3548	3570	3473	3352	3190	3041	2796	2579	2420	2254	2120	
177	294	94.9	95.0	1	0	0	2	958	1046	1376	1883	2479	2959	3312	3369	3396	3279	3108	2932	2686	2528	2342	2318	2292	2452	2723	3042	3331	3523	3566	3530	3416	3182	3013	2812	2561	2399	2259	2127	
177	312	95.0	95.0	1	0	0	2	934	1059	1394	1866	2478	3007	3337	3428	3389	3287	3166	2913	2718	2521	2369	2289	2294	2449	2700	3020	3384	3537	3577	3547	3413	3216	3027	2826	2616	2417	2270	2154	
177	329	95.0	95.0	1	0	0	2	938	1055	1403	1860	2463	3014	3339	3402	3385	3313	3149	2923	2715	2530	2375	2291	2300	2435	2704	3075	3328	3565	3564	3527	3392	3167	3009	2790	2550	2454	2264	2124	
177	346	95.0	95.0	1	0	0	2	939	1070	1382	1872	2477	3000	3331	3438	3406	3310	3119	2929	2738	2523	2392	2296	2298	2449	2689	3022	3354	3554	3588	3560	3376	3208	3011	2795	2611	2417	2281	2127	
177	363	95.0	95.0	1	0	0	2	918	1073	1398	1874	2466	3005	3313	3418	3409	3341	3122	2928	2705	2537	2398	2315	2324	2443	2730	3037	3378	3555	3600	3514	3360	3182	3026	2825	2596	2427	2291	2145	
177	381	95.0	95.0	1	0	0	2	946	1071	1382	1870	2497	2980	3342	3401	3418	3296	3159	2932	2737	2512	2388	2284	2294	2475	2702	3032	3391	3541	3578	3518	3411	3203	3016	2838	2589	2413	2278	2106	
177	398	94.9	95.0	1	0	0	2	925	1059	1391	1876	2466	3002	3325	3408	3407	3312	3143	2931	2718	2508	2400	2290	2312	2470	2729	3046	3350	3528	3592	3541	3415	3203	3028	2804	2588	2420	2266	2147	
177	415	94.9	95.0	1	0	0	2	962	1106	1377	1890	2459	2970	3324	3400	3390	3320	3135	2913	2721	2510	2366	2305	2320	2454	2722	3029	3353	3523	3576	3515	3364	3195	3049	2797	2616	2390	2267	2120	
177	432	94.9	95.0	1	0	0	2	947	1064	1394	1894	2459	3023	3336	3426	3396	3309	3167	2922	2745	2528	2389	2290	2312	2447	2688	3022	3372	3597	3565	3566	3382	3183	3005	2822	2615	2452	2255	2142	
177	450	95.0	95.0	1	0	0	2	929	1067	1399	1866	2480	3000	3333	3379	3418	3322	3140	2947	2744	2559	2384	2305	2292	2484	2718	3037	3409	3574	3535	3545	3367	3231	3017	2793	2633	2433	2283	2131	
177	467	94.9	95.0	1	0	0	2	934	1061	1393	1904	2477	2988	3352	3447	3430	3350	3163	2949	2726	2506	2377	2294	2304	2441	2728	3047	3371	3518	3604	3552	3397	3178	3040	2848	2608	2413	2287	2133	
177	484	94.9	95.0	1	0	0	2	930	1093	1383	1886	2478	2985	3371	3440	3415	3323	3179	2952	2754	2532	2394	2292	2319	2461	2714	3069	3385	3566	3600	3574	3412	3211	3018	2831	2614	2419	2298	2130	
177	501	94.9	95.0	1	0	0	2	936	1077	1385	1872	2465	2996	3358	3426	3438	3320	3148	2971	2754	2544	2392	2316	2321	2448	2687	3049	3387	3613	3620	3538	3395	3229	3024	2792	2606	2440	2292	2141	
177	519	95.0	95.0	1	0	0	2	935	1067	1388	1895	2472	3000	3339	3411	3421	3345	3157	2929	2733	2539	2394	2322	2308	2460	2726	3069	3368	3582	3604	3542	3395	3206	3014	2802	2575	2444	2272	2158	
177	536	94.9	95.0	1	0	0	2	941	1080	1400	1880	2476	3015	3357	3408	3404	3312	3169	2961	2772	2519	2368	2315	2323	2478	2702	3048	3340	3562	3616	3542	3410	3191	3021	2834	2595	2429	2276	2125	
177	553	94.9	95.0	1	0	0	2	945	1074	1395	1899	2480	2990	3369	3401	3434	3304	3175	2933	2741	2517	2427	2335	2342	2447	2731	3042	3430	3574	3626	3553	3438	3223	3050	2826	2612	2438	2306	2136	
177	570	95.0	95.0	1	0	0	2	934	1093	1392	1879	2472	3015	3352	3427	3429	3328	3129	2933	2749	2537	2428	2318	2336	2476	2682	3066	3393	3594	3616	3548	3426	3228	3029	2843	2647	2417	2284	2155	
177	588	94.9	95.0	1	0	0	2	948	1067	1393	1859	2484	2979	3365	3445	3434	3312	3183	2940	2740	2540	2393	2311	2292	2453	2703	3027	3372	3563	3604	3528	3424	3207	3064	2809	2582	2424	2291	2134	
177	605	95.0	95.0	1	0	0	2	931	1077	1393	1923	2481	3014	3364	3421	3437	3312	3201	2926	2741	2539	2397	2317	2323	2496	2734	3057	3365	3585	3595	3526	3406	3211	3031	2811	2609	2430	2296	2156	
177	622	95.0	95.0	1	0	0	2	917	1066	1402	1886	2477	3010	3405	3453	3479	3368	3193	2968	2768	2556	2417	2313	2337	2486	2725	3050	3366	3612	3605	3574	3427	3233	3043	2817	2629	2434	2298	2164	
177	639	95.0	95.0	1	0	0	2	938	1070	1405	1896	2484	3037	3381	3448	3457	3360	3201	2931	2747	2558	2401	2302	2319	2471	2738	3080	3380	3610	3603	3586	3438	3205	3043	2829	2608	2464	2294	2133	
177	657	95.0	95.0	1	0	0	2	930	1084	1404	1886	2476	2988	3358	3446	3457	3337	3195	2975	2742	2536	2433	2299	2326	2448	2742	3061	3395	3588	3588	3564	3411	3223	3048	2821	2617	2449	2293	2132	
177	674	95.0	95.0	1	0	0	2	940	1081	1401	1897	2480	2985	3363	3424	3464	3380	3185	2966	2770	2517	2402	2307	2327	2478	2736	3045	3391	3599	3601	3550	3412	3218	3039	2817	2606	2430	2281	2155	
177	691	95.0	95.0	1	0	0	2	934	1072	1397	1861	2505	3010	3380	3428	3422	3274	3185	2968	2724	2563	2402	2295	2312	2422	2723	3031	3369	3574	3585	3558	3394	3222	3075	2821	2625	2464	2276	2146	
177	708	95.0	95.0	1	0	0	2	935	1066	1404	1893	2496	3036	3366	3474	3421	3349	3145	2984	2753	2547	2391	2319	2327	2473	2754	3057	3396	3609	3610	3560	3413	3218	3037	2811	2623	2442	2296	2150	
177	726	95.0	95.0	1	0	0	2	943	1071	1406	1888	2484	3024	3345	3450	3413	3348	3186	2941	2787	2544	2390	2285	2309	2458	2737	3055	3362	3553	3594	3581	3388	3214	3004	2835	2625	2433	2284	2147	
177	743	95.0	95.0	1	0	0	2	926	1076	1375	1891	2488	2991	3357	3442	3465	3348	3190	2978	2758	2524	2379	2320	2304	2450	2745	3060	3395	3597	3588	3548	3460	3217	3083	2842	2638	2462	2305	2122	
177	760	95.0	95.0	1	0	0	2	932	1079	1425	1882	2487	3052	3385	3470	3453	3390	3181	2950	2769	2567	2413	2329	2360	2477	2739	3055	3396	3596	3618	3547	3420	3226	3100	2817	2623	2455	2320	2194	
177	777	95.0	95.0	1	0	0	2	935	1043	1413	1891	2484	3040	3378	3496	3448	3400	3186	2965	2782	2549	2402	2341	2326	2482	2734	3050	3405	3609	3624	3577	3405	3248	3055	2816	2622	2458	2298	2149	
177	795	95.0	95.0	1	0	0	2	944	1062	1401	1880	2491	3053	3397	3435	3430	3390	3230	2977	2770	2560	2406	2320	2321	2457	2746	3077	3388	3584	3621	3572	3436	3252	3055	2838	2579	2451	2284	2171	
177	812	95.0	95.0	1	0	0	2	921	1070	1406	1902	2502	3080	3373	3468	3446	3362	3221	2975	2748	2569	2426	2318	2317	2479	2723	3074	3383	3640	3613	3569	3433	3239	3029	2838	2612	2454	2288	2156	
177	829	95.0	95.0	1	0	0	2	933	1072	1417	1899	2483	3034	3397	3469	3466	3358	3194	2985	2749	2560	2413	2313	2324	2465	2745	3060	3426	3605	3644	3580	3427	3225	3061	2820	2610	2452	2305	2170	
177	846	94.9	95.0	1	0	0	2	928	1051	1401	1876	2496	3041	3314	3475	3480	3373	3198	2983	2770	2560	2430	2300	2328	2463	2715	3055	3408	3585	3634	3584	3426	3257	3058	2830	2616	2446	2280	2168	
177	864	95.0	95.0	1	0	0	2	942	1070	1401	1901	2498	3050	3385	3478	3451	3349	3206	2994	2793	2558	2396	2315	2314	2462	2752	3062	3352	3632	3596	3566	3431	3239	3036	2837	2635	2446	2273	2155	
177	881	95.0	95.0	1	0	0	2	935	1082	1377	1885	2531	3070	3361	3455	3472	3371	3210	2982	2738	2568	2412	2319	2314	2455	2740	3049	3397	3599	3631	3574	3428	3211	3032	2831	2636	2434	2308	2149	
177	898	95.0	95.0	1	0	0	2	929	1067	1395	1876	2497	3017	3399	3496	3472	3349	3205	2965	2759	2555	2425	2303	2341	2455	2722	3069	3382	3587	3616	3572	3436	3228	3047	2813	2618	2454	2264	2167	
177	915	95.0	95.0	1	0	0	2	933	1082	1411	1903	2512	3032	3403	3437	3436	3327	3204	2951	2763	2572	2420	2345	2318	2464	2746	3059	3352	3563	3627	3548	3426	3255	3045	2816	2636	2448	2299	2170	
177	933	95.0	95.0	1	0	0	2	966	1089	1411	1884	2502	3044	3356	3460	3453	3396	3224	2981	2756	2553	2415	2332	2321	2448	2723	3058	3383	3564	3597	3588	3427	3249	3074	2834	2617	2429	2277	2166	
177	950	95.0	95.0	1	0	0	2	950	1074	1379	1879	2493	3032	3376	3485	3430	3354	3206	2955	2776	2572	2362	2320	2326	2465	2722	3019	3376	3596	3621	3532	3393	3207	3035	2825	2623	2451	2275	2141	
177	967	95.0	95.0	1	0	0	2	922	1052	1372	1900	2484	3057	3391	3472	3473	3359	3221	2986	2796	2586	2418	2328	2346	2496	2710	3054	3378	3575	3624	3526	3441	3241	3034	2823	2609	2469	2316	2158	
177	984	95.0	95.0	1	0	0	2	952	1076	1397	1893	2497	3044	3388	3431	3477	3369	3199	2944	2768	2544	2431	2319	2328	2457	2736	3073	3385	3579	3614	3540	3424	3220	2994	2822	2607	2452	2293	2149	
177	1002	95.0	95.0	1	0	0	2	930	1114	1392	1880	2466	3039	3396	3492	3477	3381	3183	2991	2778	2540	2404	2343	2323	2446	2750	3087	3355	3606	3608	3563	3398	3207	3024	2789	2624	2458	2299	2160	
177	1019	94.9	95.0	1	0	0	2	937	1061	1405	1890	2487	3026	3383	3496	3477	3374	3219	2991	2776	2582	2355	2349	2336	2470	2732	3080	3394	3565	3645	3577	3422	3255	3058	2830	2627	2483	2291	2154	
177	1036	94.9	95.0	1	0	0	2	930	1060	1446	1893	2535	3048	3385	3473	3461	3375	3234	2981	2788	2550	2426	2335	2320	2488	2751	3063	3404	3597	3627	3584	3430	3214	3096	2863	2626	2441	2325	2153	
177	1053	95.0	95.0	1	0	0	2	970	1049	1391	1888	2494	3049	3365	3466	3490	3406	3215	2973	2787	2597	2455	2336	2327	2454	2758	3066	3411	3575	3624	3571	3464	3241	3053	2851	2604	2454	2327	2178	
177	1071	95.0	95.0	1	0	0	2	932	1063	1405	1906	2502	3066	3379	3456	3476	3354	3195	2963	2778	2580	2416	2336	2332	2503	2731	3048	3425	3566	3626	3577	3418	3222	3067	2814	2619	2438	2291	2131	
177	1088	94.9	95.0	1	0	0	2	916	1088	1402	1882	2485	3042	3421	3495	3466	3369	3206	2991	2747	2568	2432	2318	2333	2462	2720	3082	3377	3601	3626	3601	3438	3229	3065	2807	2607	2450	2314	2151	
177	1105	95.0	95.0	1	0	0	2	932	1069	1408	1933	2511	3031	3397	3472	3473	3368	3209	2975	2795	2562	2429	2345	2351	2431	2748	3056	3385	3623	3638	3590	3439	3240	3079	2847	2596	2478	2315	2156	
177	1122	94.9	95.0	1	0	0	2	937	1059	1396	1901	2500	3050	3397	3503	3451	3372	3204	2984	2798	2552	2421	2322	2320	2512	2715	3054	3418	3629	3620	3574	3412	3248	3026	2840	2630	2414	2294	2133	
177	1140	95.0	95.0	1	0	0	2	937	1060	1391	1914	2497	3072	3382	3442	3488	3382	3191	2968	2793	2600	2415	2321	2337	2457	2730	3051	3392	3606	3629	3597	3421	3260	3038	2852	2597	2461	2263	2134	
177	1157	95.0	95.0	1	0	0	2	926	1069	1405	1889	2506	3052	3378	3471	3491	3402	3220	2953	2776	2572	2417	2328	2306	2465	2738	3053	3389	3602	3618	3551	3402	3256	3066	2843	2619	2460	2315	2154	
177	1174	95.0	95.0	1	0	0	2	929	1080	1368	1884	2525	3053	3388	3460	3463	3325	3220	2981	2764	2572	2439	2310	2312	2466	2708	3089	3398	3587	3614	3550	3442	3247	3041	2791	2611	2446	2305	2132	
177	1191	94.9	95.0	1	0	0	2	963	1095	1400	1910	2488	3048	3417	3462	3495	3372	3249	2982	2754	2572	2440	2335	2350	2468	2748	3075	3404	3601	3633	3569	3445	3236	3052	2848	2645	2465	2295	2144	
177	1209	94.9	95.0	1	0	0	2	938	1028	1395	1930	2476	3035	3404	3456	3484	3394	3215	2973	2763	2555	2428	2324	2372	2478	2751	3111	3425	3592	3625	3567	3445	3238	3076	2828	2616	2453	2302	2161	
177	1226	95.0	95.0	1	0	0	2	933	1065	1389	1899	2505	3035	3409	3488	3468	3375	3208	3000	2788	2565	2427	2309	2346	2468	2751	3030	3394	3602	3607	3562	3448	3240	3058	2836	2610	2459	2306	2165	
177	1243	95.0	95.0	1	0	0	2	931	1071	1380	1908	2502	3031	3441	3459	3488	3374	3208	3015	2771	2604	2415	2334	2335	2483	2745	3054	3412	3577	3615	3611	3440	3263	3049	2850	2621	2456	2309	2154	
177	1260	95.0	95.0	1	0	0	2	935	1062	1385	1890	2484	3120	3413	3419	3475	3368	3199	2999	2805	2599	2405	2321	2334	2474	2733	3039	3425	3576	3571	3569	3422	3243	3049	2846	2609	2430	2318	2161	
177	1278	95.0	95.0	1	0	0	2	942	1066	1404	1918	2529	3064	3410	3472	3467	3364	3233	2984	2781	2573	2365	2341	2314	2475	2739	3074	3421	3600	3614	3572	3420	3258	3080	2855	2636	2452	2274	2150	
177	1295	95.0	95.0	1	0	0	2	961	1091	1408	1894	2504	3040	3399	3481	3472	3356	3224	3005	2771	2566	2396	2334	2320	2456	2738	3074	3417	3624	3624	3554	3447	3234	3039	2827	2630	2465	2292	2136	
177	1324	95.0	95.0	1	1	0	2	942	1059	1409	1890	2526	3055	3388	3500	3483	3380	3181	3009	2828	2606	2421	2334	2328	2481	2756	3092	3412	3640	3598	3562	3430	3222	3025	2820	2629	2456	2278	2179	
177	1388	59.9	60.2	1	1	1	2	1018	1300	2045	3161	4429	5530	6200	6193	6119	5776	5422	4893	4472	4022	3594	3348	3177	3242	3517	3953	4376	4641	4690	4634	4400	4122	3825	3494	3153	2923	2700	2536	
177	1405	59.9	60.0	1	1	1	2	1011	1295	2026	3090	4371	5490	6134	6145	6028	5684	5328	4854	4394	3915	3587	3301	3176	3198	3491	3913	4329	4626	4597	4538	4347	4046	3727	3429	3120	2888	2680	2481	
177	1422	59.9	60.0	1	1	1	2	1035	1308	2014	3060	4338	5437	6018	6086	5948	5692	5290	4806	4341	3909	3577	3279	3190	3217	3479	3862	4285	4570	4584	4521	4336	4005	3749	3426	3136	2876	2654	2456	
177	1439	59.9	60.0	1	1	1	2	1005	1301	2020	3060	4370	5388	6040	6123	6007	5692	5264	4824	4347	3900	3552	3278	3124	3217	3464	3875	4258	4586	4587	4532	4275	4025	3718	3446	3106	2878	2687	2479	
177	1457	60.0	60.0	1	1	1	2	1025	1257	1985	3057	4289	5366	6023	6004	5939	5640	5229	4761	4323	3865	3508	3243	3130	3195	3507	3831	4228	4547	4533	4504	4252	3983	3751	3354	3135	2829	2647	2506	
177	1474	59.9	60.0	1	1	1	2	1003	1301	2007	3039	4317	5353	5966	6012	5840	5587	5196	4724	4339	3815	3523	3270	3104	3182	3403	3786	4257	4480	4549	4446	4252	3985	3722	3392	3085	2830	2667	2437	
177	1491	59.9	60.0	1	1	1	2	1009	1289	2005	3034	4286	5372	6000	6007	5878	5621	5223	4754	4276	3857	3514	3254	3100	3164	3408	3839	4252	4496	4545	4471	4260	3958	3698	3358	3110	2853	2659	2455	
177	1554	95.2	95.0	2	1	0	2	927	1060	1392	1872	2488	3028	3380	3438	3473	3348	3155	2965	2777	2545	2417	2297	2297	2431	2692	3009	3337	3539	3558	3527	3381	3172	3000	2805	2580	2409	2292	2154	
177	1571	95.0	95.0	2	1	0	2	932	1076	1409	1903	2512	3037	3365	3447	3452	3326	3175	2944	2751	2535	2380	2314	2282	2429	2687	3014	3313	3512	3571	3526	3384	3198	2996	2797	2561	2418	2266	2126	
177	1632	59.8	60.2	2	1	1	2	1014	1287	2032	3065	4271	5362	5991	6031	5931	5592	5219	4735	4308	3886	3466	3223	3092	3176	3444	3815	4297	4535	4561	4517	4275	4008	3725	3437	3142	2878	2662	2476	
177	1649	60.0	60.0	2	1	1	2	1012	1281	1999	3051	4270	5338	5939	5967	5870	5546	5156	4736	4319	3824	3520	3203	3094	3152	3428	3794	4184	4506	4516	4490	4248	3967	3694	3365	3056	2842	2622	2449	
177	1666	59.9	60.0	2	1	1	2	1015	1292	1982	3034	4250	5307	5900	5956	5835	5533	5142	4702	4274	3853	3500	3165	3053	3176	3432	3801	4218	4450	4476	4450	4246	3929	3673	3376	3059	2824	2648	2462	
177	1683	60.0	60.0	2	1	1	2	1006	1257	1971	3011	4253	5236	5920	5979	5804	5507	5116	4684	4235	3834	3446	3212	3083	3148	3426	3762	4199	4504	4522	4459	4240	3964	3671	3364	3064	2849	2645	2464	
177	1701	59.9	60.0	2	1	1	2	1012	1291	1968	3020	4229	5225	5883	5912	5802	5509	5113	4668	4244	3796	3456	3184	3066	3108	3372	3793	4201	4482	4487	4413	4218	3912	3642	3357	3057	2807	2624	2452	
177	1718	59.9	60.0	2	1	1	2	1005	1298	1984	2987	4225	5272	5863	5880	5794	5493	5087	4616	4213	3803	3436	3187	3053	3102	3423	3765	4175	4458	4515	4426	4188	3916	3634	3360	3064	2825	2627	2463	
177	1735	60.0	60.0	2	1	1	2	1017	1301	1961	2984	4223	5250	5839	5913	5774	5483	5128	4640	4200	3791	3449	3175	3049	3134	3397	3761	4175	4490	4509	4384	4202	3917	3666	3345	3056	2810	2631	2432	
177	1798	95.0	95.0	3	1	0	2	930	1081	1318	1880	2514	3035	3390	3427	3419	3356	3166	2957	2780	2536	2380	2303	2274	2456	2702	3036	3322	3536	3578	3575	3405	3165	3009	2799	2573	2418	2265	2137	
177	1815	95.0	95.0	3	1	0	2	898	1060	1399	1857	2483	2993	3377	3427	3425	3301	3204	2939	2712	2526	2392	2289	2293	2464	2674	3004	3313	3514	3546	3490	3360	3154	2970	2779	2613	2405	2234	2114	
177	1876	59.8	60.2	3	1	1	2	1000	1291	1968	3005	4230	5208	5849	5854	5799	5502	5087	4629	4239	3801	3397	3226	3049	3127	3404	3772	4173	4442	4496	4392	4209	3911	3625	3338	3025	2843	2623	2479	
177	1893	59.9	60.0	3	1	1	2	1003	1268	1982	3008	4223	5264	5840	5854	5723	5504	5049	4625	4201	3801	3463	3191	3069	3136	3411	3773	4163	4442	4452	4398	4184	3923	3669	3360	3063	2825	2630	2423	
177	1910	60.0	60.0	3	1	1	2	1010	1296	1982	3003	4198	5179	5811	5876	5772	5454	5087	4609	4190	3769	3418	3158	3041	3120	3347	3759	4138	4454	4459	4381	4197	3911	3620	3316	3025	2803	2625	2421	
177	1928	59.9	60.0	3	1	1	2	1006	1288	1962	2945	4201	5193	5816	5824	5698	5452	5092	4616	4172	3778	3425	3182	3038	3096	3368	3733	4158	4424	4439	4388	4202	3884	3630	3339	3027	2804	2614	2412	
177	1945	59.9	60.0	3	1	1	2	998	1277	1982	2965	4200	5264	5843	5858	5695	5446	5062	4612	4192	3756	3422	3172	3026	3122	3358	3730	4134	4432	4474	4375	4214	3905	3643	3282	3035	2776	2616	2416	
177	1962	60.0	60.0	3	1	1	2	992	1293	1977	2988	4219	5193	5789	5865	5747	5418	5063	4607	4193	3747	3427	3170	3028	3066	3362	3744	4134	4411	4445	4389	4181	3863	3632	3333	3017	2783	2607	2413	
177	1979	59.9	60.0	3	1	1	2	1006	1278	1970	2961	4163	5192	5832	5839	5746	5431	5042	4612	4187	3747	3394	3175	3030	3097	3380	3723	4173	4434	4464	4383	4196	3904	3629	3313	3011	2790	2601	2399	
177	2044	95.0	95.1	4	1	0	2	937	1067	1384	1876	2476	3022	3370	3433	3447	3347	3169	2929	2746	2541	2392	2283	2298	2416	2700	3000	3310	3526	3573	3504	3363	3157	2993	2780	2560	2402	2280	2109	
177	2061	95.0	95.0	4	1	0	2	939	1068	1385	1860	2469	3001	3330	3386	3387	3321	3117	2930	2730	2516	2359	2266	2269	2387	2681	2967	3308	3534	3568	3484	3343	3129	2983	2758	2553	2394	2246	2113	
177	2124	59.8	60.1	4	1	1	2	1008	1280	1994	2974	4194	5212	5833	5848	5707	5448	5068	4606	4224	3783	3421	3191	3046	3113	3381	3754	4203	4425	4452	4401	4173	3909	3643	3325	3065	2824	2582	2411	
177	2141	60.0	60.0	4	1	1	2	1010	1296	2001	2959	4207	5247	5823	5846	5703	5437	5081	4617	4154	3750	3417	3159	3041	3109	3375	3758	4176	4422	4412	4406	4173	3866	3641	3363	3026	2826	2581	2423	
177	2158	59.9	60.0	4	1	1	2	1000	1286	1972	2966	4154	5193	5751	5825	5705	5393	5075	4597	4160	3770	3432	3165	3053	3130	3354	3727	4137	4395	4461	4349	4215	3895	3618	3317	3057	2828	2595	2405	
177	2176	59.9	60.0	4	1	1	2	993	1287	1989	2970	4220	5222	5818	5809	5684	5417	5068	4573	4166	3750	3416	3121	3044	3094	3368	3772	4133	4417	4424	4361	4159	3893	3645	3300	3025	2792	2607	2382	
177	2193	60.0	60.0	4	1	1	2	1007	1292	1952	2985	4167	5214	5799	5880	5739	5449	5059	4615	4161	3765	3419	3158	3029	3116	3366	3760	4125	4417	4398	4372	4159	3875	3601	3323	3043	2807	2579	2450	
177	2210	60.0	60.0	4	1	1	2	1004	1278	1986	2970	4173	5172	5778	5778	5671	5395	5032	4561	4144	3715	3421	3156	3038	3065	3344	3717	4125	4350	4450	4391	4124	3870	3649	3296	3024	2799	2588	2433	
177	2227	60.0	60.0	4	1	1	2	1019	1295	1989	2968	4179	5205	5781	5824	5713	5410	5072	4588	4192	3752	3419	3176	3061	3076	3360	3742	4158	4399	4445	4380	4174	3878	3663	3295	2994	2817	2602	2408	
177	2290	95.2	95.0	5	1	0	2	934	1068	1380	1884	2492	3026	3342	3449	3434	3349	3167	2923	2747	2519	2368	2300	2265	2426	2699	2976	3299	3484	3518	3478	3357	3170	2990	2757	2535	2372	2247	2082	
177	2307	95.0	95.0	5	1	0	2	924	1067	1377	1854	2473	2981	3360	3406	3388	3292	3144	2891	2695	2524	2374	2271	2273	2406	2679	2988	3295	3487	3531	3500	3352	3167	2970	2766	2510	2384	2256	2104	
177	2370	59.7	60.1	5	1	1	2	997	1274	1955	2963	4179	5175	5764	5814	5717	5432	5039	4582	4155	3736	3397	3130	3037	3110	3372	3747	4129	4413	4458	4373	4155	3889	3621	3310	3011	2803	2600	2405	
177	2387	60.0	60.0	5	1	1	2	1003	1274	1968	2952	4150	5203	5772	5843	5683	5447	5072	4609	4155	3778	3415	3147	3028	3092	3384	3713	4144	4404	4407	4349	4151	3885	3629	3319	3026	2803	2612	2419	
177	2405	60.0	60.0	5	1	1	2	1014	1276	1982	2943	4183	5262	5776	5823	5729	5401	5038	4560	4096	3706	3421	3139	3045	3083	3346	3750	4139	4410	4403	4358	4168	3860	3621	3301	3020	2790	2579	2426	
177	2422	60.0	60.0	5	1	1	2	1013	1273	1966	2959	4139	5144	5783	5823	5686	5426	5051	4538	4137	3770	3404	3152	2995	3073	3366	3719	4134	4393	4421	4333	4191	3896	3629	3328	3037	2810	2580	2391	
177	2439	60.0	60.0	5	1	1	2	997	1289	1976	2950	4163	5157	5819	5788	5650	5423	5011	4561	4165	3732	3483	3173	3004	3055	3337	3704	4110	4374	4394	4330	4129	3902	3652	3311	3016	2799	2592	2417	
177	2456	59.9	60.0	5	1	1	2	1022	1287	1980	2984	4166	5202	5780	5797	5625	5397	5041	4583	4128	3725	3408	3142	2968	3070	3362	3710	4128	4377	4416	4319	4148	3904	3584	3323	3028	2778	2600	2416	
177	2474	60.0	60.0	5	1	1	2	1013	1297	1957	2938	4131	5194	5751	5770	5657	5366	5002	4582	4129	3704	3400	3132	3010	3095	3334	3682	4096	4386	4371	4340	4165	3863	3571	3295	2994	2768	2580	2416	
177	2538	95.1	95.1	6	1	0	2	950	1065	1380	1868	2470	2984	3344	3381	3412	3272	3187	2939	2732	2525	2373	2288	2294	2388	2684	2989	3296	3481	3515	3453	3318	3153	2980	2764	2565	2388	2226	2099	
177	2555	95.0	95.0	6	1	0	2	925	1052	1390	1874	2447	3013	3328	3332	3402	3288	3145	2908	2727	2531	2337	2271	2274	2401	2643	2996	3306	3489	3487	3473	3345	3130	2946	2747	2570	2390	2258	2094	
177	2618	59.7	60.1	6	1	1	2	1003	1289	1955	2948	4128	5211	5781	5807	5676	5411	5044	4577	4191	3710	3408	3145	3009	3080	3335	3702	4142	4386	4422	4391	4154	3877	3580	3294	3032	2753	2569	2417	
177	2635	60.0	60.0	6	1	1	2	1011	1282	1954	2982	4138	5207	5755	5761	5686	5356	5066	4580	4120	3727	3393	3118	3004	3091	3332	3724	4132	4404	4375	4341	4149	3909	3609	3274	3014	2769	2599	2418	
177	2653	60.0	60.0	6	1	1	2	1006	1281	1934	2943	4141	5159	5751	5732	5656	5411	5012	4550	4140	3735	3401	3149	3034	3059	3337	3683	4081	4354	4427	4320	4131	3859	3621	3286	2995	2791	2583	2386	
177	2670	60.0	60.0	6	1	1	2	1009	1266	1942	2941	4159	5149	5752	5772	5685	5349	4977	4594	4130	3745	3376	3131	3020	3073	3385	3715	4077	4365	4360	4330	4109	3833	3580	3273	3009	2786	2595	2379	
177	2687	60.0	60.0	6	1	1	2	1011	1270	1976	2940	4150	5169	5747	5816	5678	5372	5010	4536	4149	3740	3370	3118	3024	3068	3340	3678	4138	4410	4428	4407	4136	3863	3569	3270	3005	2791	2584	2383	
177	2704	59.9	60.0	6	1	1	2	1001	1283	1932	2932	4144	5180	5716	5729	5682	5401	4990	4532	4142	3741	3396	3132	2994	3036	3333	3715	4112	4358	4343	4343	4109	3842	3573	3309	2990	2768	2582	2410	
177	2722	60.0	60.0	6	1	1	2	1064	1306	1977	2926	4139	5139	5749	5747	5623	5397	4925	4538	4125	3714	3369	3148	2995	3071	3323	3686	4082	4356	4368	4356	4106	3867	3637	3292	2994	2790	2540	2417	
177	2786	95.0	95.1	7	1	0	2	931	1063	1370	1864	2451	3028	3305	3376	3386	3298	3132	2876	2724	2495	2386	2269	2264	2383	2661	2966	3275	3460	3488	3438	3323	3129	2939	2741	2552	2399	2215	2097	
177	2803	95.0	95.0	7	1	0	2	924	1055	1382	1858	2448	2978	3309	3367	3362	3286	3115	2883	2705	2491	2347	2271	2262	2394	2645	2913	3261	3417	3499	3433	3317	3126	2943	2746	2539	2362	2242	2090	
177	2866	59.8	60.1	7	1	1	2	1011	1267	1963	2936	4114	5152	5696	5785	5603	5348	4971	4551	4162	3733	3366	3138	2983	3093	3317	3674	4134	4390	4399	4356	4156	3842	3563	3266	3012	2750	2599	2389	
177	2883	59.9	60.0	7	1	1	2	1027	1295	1959	2941	4112	5128	5729	5728	5661	5390	5009	4596	4144	3711	3407	3138	3033	3067	3281	3711	4110	4332	4396	4291	4092	3845	3592	3289	3028	2801	2589	2423	
177	2901	59.9	60.0	7	1	1	2	998	1298	1975	2934	4143	5134	5749	5765	5657	5367	5016	4523	4156	3724	3382	3105	3022	3080	3343	3700	4091	4370	4390	4333	4120	3839	3594	3291	3007	2751	2590	2375	
177	2918	59.9	60.0	7	1	1	2	1004	1262	1972	2940	4108	5168	5754	5772	5659	5390	5011	4531	4109	3667	3375	3131	2975	3073	3301	3682	4124	4376	4368	4295	4141	3839	3597	3306	3005	2768	2568	2391	
177	2935	60.0	60.0	7	1	1	2	998	1267	1948	2949	4153	5139	5697	5721	5623	5316	4922	4518	4102	3688	3350	3154	3000	3044	3314	3720	4080	4345	4368	4345	4096	3866	3530	3286	3004	2763	2587	2375	
177	2952	60.0	60.0	7	1	1	2	1003	1275	1960	2964	4162	5171	5711	5800	5629	5358	4994	4537	4142	3703	3405	3150	2994	3067	3316	3713	4086	4329	4393	4348	4101	3843	3600	3269	2994	2779	2569	2389	
177	2970	60.0	60.0	7	1	1	2	994	1285	1962	2948	4154	5189	5731	5747	5625	5339	4963	4517	4101	3673	3358	3114	3029	3077	3327	3725	4079	4321	4388	4351	4101	3862	3561	3282	2982	2775	2567	2373	
177	3034	95.3	95.0	8	1	0	2	919	1067	1396	1859	2462	2960	3301	3381	3370	3281	3111	2894	2700	2497	2354	2292	2288	2411	2637	2962	3264	3452	3467	3462	3337	3152	2950	2720	2529	2358	2220	2090	
177	3051	95.0	95.0	8	1	0	2	926	1068	1392	1861	2426	2957	3280	3339	3368	3264	3111	2874	2680	2465	2340	2240	2251	2391	2616	2949	3241	3428	3459	3406	3273	3124	2911	2715	2521	2355	2216	2068	
177	3114	59.7	60.2	8	1	1	2	1006	1293	1950	2906	4103	5132	5705	5749	5628	5340	4949	4519	4138	3676	3368	3128	2981	3059	3338	3678	4074	4334	4348	4315	4080	3837	3587	3289	3003	2796	2579	2377	
177	3132	59.9	60.0	8	1	1	2	1014	1272	1968	2932	4099	5116	5697	5744	5585	5326	4991	4522	4126	3705	3358	3085	3012	3074	3309	3656	4082	4325	4359	4306	4131	3839	3554	3261	3000	2753	2555	2384	
177	3149	60.0	60.0	8	1	1	2	1019	1266	1925	2968	4121	5101	5690	5723	5614	5315	4961	4517	4093	3693	3373	3078	3002	3041	3303	3682	4058	4346	4340	4309	4095	3848	3585	3262	2960	2733	2598	2381	
177	3166	60.0	60.0	8	1	1	2	992	1286	1942	2925	4120	5084	5708	5722	5593	5326	4941	4503	4099	3727	3357	3072	2972	3050	3301	3642	4071	4326	4365	4250	4101	3766	3567	3276	2985	2741	2544	2395	
177	3183	60.0	60.0	8	1	1	2	998	1276	1941	2973	4110	5136	5665	5743	5631	5310	4929	4482	4069	3680	3295	3096	2975	3047	3310	3705	4084	4333	4331	4313	4085	3804	3556	3252	2969	2743	2581	2373	
177	3201	60.0	60.0	8	1	1	2	992	1278	1960	2925	4154	5088	5720	5671	5603	5353	4958	4481	4097	3682	3360	3107	2964	3072	3288	3709	4061	4318	4358	4327	4106	3854	3571	3257	3000	2732	2554	2393	
177	3218	60.0	60.0	8	1	1	2	1003	1284	1944	2908	4096	5068	5720	5706	5578	5308	4936	4510	4137	3699	3355	3096	2987	3015	3288	3654	4075	4344	4346	4302	4082	3823	3543	3254	3005	2695	2552	2373	
177	3280	95.2	95.0	9	1	0	2	918	1061	1375	1849	2472	2950	3300	3385	3380	3286	3109	2871	2689	2494	2367	2264	2238	2380	2637	2986	3245	3469	3484	3435	3289	3110	2884	2711	2541	2372	2212	2086	
177	3298	95.0	95.0	9	1	0	2	926	1048	1378	1847	2398	2929	3261	3345	3336	3239	3083	2911	2657	2463	2325	2233	2278	2379	2625	2946	3193	3433	3435	3394	3252	3083	2911	2696	2512	2315	2222	2067	
177	3360	59.8	60.2	9	1	1	2	1004	1272	1941	2906	4065	5034	5664	5697	5564	5299	4934	4480	4103	3693	3329	3094	2979	3052	3246	3676	4025	4307	4355	4291	4103	3814	3543	3261	2937	2741	2560	2390	
177	3378	60.0	60.0	9	1	1	2	1003	1274	1953	2913	4068	5044	5629	5688	5549	5257	4933	4498	4097	3649	3317	3120	2991	3033	3260	3636	4085	4305	4320	4239	4044	3835	3584	3248	2968	2728	2557	2391	
177	3395	60.0	60.0	9	1	1	2	987	1296	1948	2893	4102	5082	5672	5658	5578	5269	4927	4491	4047	3639	3360	3105	2958	3036	3288	3626	4017	4296	4318	4281	4049	3811	3540	3228	2960	2733	2565	2362	
177	3412	60.0	60.0	9	1	1	2	1004	1265	1950	2912	4117	5093	5652	5709	5570	5298	4922	4491	4113	3653	3336	3076	2961	3011	3316	3676	4038	4294	4349	4270	4054	3801	3540	3256	2950	2749	2546	2397	
177	3429	60.0	60.0	9	1	1	2	994	1266	1940	2900	4078	5058	5674	5682	5568	5289	4920	4505	4050	3677	3301	3059	2949	3025	3271	3664	4052	4353	4338	4288	4067	3768	3586	3226	2957	2784	2540	2372	
177	3447	60.0	60.0	9	1	1	2	999	1276	1948	2904	4061	5051	5624	5657	5548	5286	4942	4481	4099	3664	3327	3074	2956	3022	3283	3632	4028	4310	4303	4255	4081	3809	3536	3213	2964	2691	2551	2352	
177	3464	60.0	60.0	9	1	1	2	994	1266	1936	2915	4031	5066	5591	5622	5561	5264	4861	4427	4014	3640	3349	3050	2957	2986	3281	3636	4020	4245	4287	4229	3987	3790	3530	3227	2954	2750	2560	2365	
177	3528	95.3	95.0	10	1	0	2	918	1052	1370	1846	2406	2955	3252	3331	3312	3248	3094	2856	2688	2483	2318	2231	2239	2355	2577	2915	3216	3460	3458	3401	3220	3077	2902	2708	2476	2316	2198	2022	
177	3546	95.0	95.0	10	1	0	2	923	1072	1376	1860	2404	2910	3263	3301	3309	3245	3075	2855	2664	2439	2322	2260	2233	2366	2597	2929	3264	3421	3463	3381	3266	3062	2875	2693	2508	2327	2218	2052	
177	3608	59.7	60.2	10	1	1	2	998	1270	1920	2888	4090	5042	5622	5629	5524	5300	4941	4457	4058	3624	3332	3065	2963	3026	3305	3648	4037	4323	4336	4244	4075	3800	3539	3240	2968	2732	2536	2374	
177	3626	59.9	60.0	10	1	1	2	1002	1261	1943	2862	4064	5039	5612	5711	5537	5303	4918	4490	4093	3617	3311	3098	2944	3010	3235	3644	4006	4308	4295	4264	4045	3773	3543	3244	2948	2714	2538	2363	
177	3643	59.9	60.0	10	1	1	2	974	1280	1937	2889	4059	5064	5656	5648	5567	5274	4925	4454	4048	3633	3366	3063	2965	3032	3254	3620	4023	4262	4316	4242	4051	3775	3529	3236	2963	2723	2533	2359	
177	3660	59.9	60.0	10	1	1	2	998	1274	1934	2913	4052	5030	5612	5664	5539	5257	4883	4449	4060	3673	3307	3092	2951	3019	3268	3660	4051	4274	4283	4235	4046	3799	3515	3220	2937	2733	2526	2370	
177	3677	60.0	60.0	10	1	1	2	1004	1263	1943	2879	4071	5047	5679	5684	5553	5275	4882	4447	4068	3663	3332	3096	2952	3039	3298	3657	4049	4258	4311	4257	4046	3779	3538	3213	2946	2716	2532	2360	
177	3695	60.0	60.0	10	1	1	2	1003	1273	1944	2908	4057	5060	5655	5680	5511	5247	4888	4430	4056	3653	3320	3093	2940	3014	3287	3643	3976	4258	4323	4228	4065	3801	3567	3217	2956	2716	2513	2361	
177	3712	59.9	60.0	10	1	1	2	991	1271	1953	2907	4041	5044	5588	5645	5544	5250	4897	4468	4014	3623	3324	3056	2962	3027	3258	3628	4010	4282	4296	4241	4032	3774	3546	3235	2935	2720	2523	2370	
177	3776	95.2	95.0	11	1	0	2	937	1040	1372	1839	2397	2935	3274	3311	3313	3242	3070	2860	2644	2475	2338	2250	2254	2380	2599	2901	3254	3441	3460	3414	3283	3074	2916	2694	2507	2361	2197	2045	
177	3794	95.0	95.0	11	1	0	2	923	1048	1364	1834	2412	2915	3249	3322	3329	3230	3053	2860	2664	2480	2318	2236	2246	2373	2571	2903	3196	3418	3436	3381	3248	3063	2912	2710	2481	2331	2221	2049	
177	3856	59.7	60.2	11	1	1	2	1000	1250	1939	2868	4048	5096	5602	5661	5564	5294	4929	4510	4058	3649	3328	3099	2960	3030	3305	3610	4027	4261	4349	4260	4056	3777	3564	3229	2941	2723	2523	2364	
177	3874	59.9	60.0	11	1	1	2	1003	1268	1950	2904	4047	5081	5635	5599	5564	5282	4927	4424	4017	3625	3302	3117	2952	3015	3272	3613	4027	4268	4289	4246	4054	3795	3502	3226	2959	2732	2555	2341	
177	3891	60.0	60.0	11	1	1	2	989	1292	1958	2898	4084	5056	5597	5650	5521	5293	4927	4439	4064	3631	3313	3076	2962	3030	3256	3627	4038	4267	4323	4230	4067	3763	3506	3245	2976	2717	2542	2365	
177	3908	60.0	60.0	11	1	1	2	1000	1278	1933	2920	4057	5022	5587	5672	5570	5275	4876	4456	4049	3631	3297	3081	2938	2989	3259	3645	4002	4304	4266	4238	4068	3747	3509	3273	2941	2722	2524	2398	
177	3925	60.0	60.0	11	1	1	2	943	1278	1935	2893	4067	5040	5621	5657	5485	5238	4883	4450	4048	3662	3291	3082	2967	3028	3255	3625	4020	4276	4259	4249	4023	3770	3507	3204	2911	2706	2534	2354	
177	3943	60.0	60.0	11	1	1	2	991	1272	1932	2900	4067	4999	5594	5596	5491	5227	4865	4383	4020	3605	3318	3060	2915	3004	3253	3619	4028	4247	4276	4212	4032	3753	3501	3211	2939	2705	2529	2321	
177	3960	60.0	60.0	11	1	1	2	996	1279	1941	2873	4032	4982	5580	5612	5498	5226	4854	4413	4052	3631	3294	3081	2936	3021	3259	3588	3982	4262	4252	4227	4024	3794	3542	3215	2928	2716	2521	2360	
177	4023	95.1	95.0	12	1	0	2	921	1045	1373	1838	2417	2944	3261	3320	3333	3225	3066	2848	2675	2445	2330	2236	2212	2372	2627	2922	3223	3412	3414	3389	3243	3057	2879	2683	2497	2321	2189	2062	
177	4040	95.0	95.0	12	1	0	2	936	1061	1364	1824	2414	2921	3239	3318	3288	3188	3044	2829	2644	2440	2341	2232	2224	2373	2608	2891	3181	3394	3415	3384	3220	3043	2902	2703	2491	2323	2205	2062	
177	4103	59.8	60.1	12	1	1	2	1007	1270	1950	2894	4033	5040	5596	5643	5528	5251	4855	4445	4046	3615	3307	3068	2922	3016	3284	3626	4019	4294	4285	4229	4063	3758	3506	3239	2966	2706	2552	2344	
177	4120	59.9	60.0	12	1	1	2	1024	1262	1934	2905	4030	5016	5582	5617	5529	5236	4927	4392	4039	3643	3289	3036	2946	2990	3292	3624	4008	4250	4291	4238	4065	3777	3491	3224	2952	2716	2540	2375	
177	4137	60.0	60.0	12	1	1	2	1029	1268	1958	2874	4022	5030	5563	5662	5521	5250	4881	4452	4021	3660	3313	3040	2941	2993	3228	3601	4026	4257	4303	4249	4014	3769	3508	3192	2938	2685	2503	2337	
177	4154	60.0	60.0	12	1	1	2	1008	1255	1935	2925	4038	5041	5604	5665	5544	5216	4879	4437	4028	3662	3314	3083	2930	3038	3251	3608	4023	4292	4329	4224	4058	3783	3541	3228	2946	2702	2529	2341	
177	4172	59.9	60.0	12	1	1	2	988	1288	1933	2913	4039	4990	5591	5599	5497	5215	4863	4428	4028	3652	3318	3039	2939	2961	3270	3605	4007	4263	4303	4217	4039	3780	3513	3209	2928	2700	2527	2331	
177	4189	60.0	60.0	12	1	1	2	1004	1256	1942	2864	4067	5052	5610	5611	5516	5249	4854	4427	4035	3624	3321	3053	2888	3020	3240	3589	3963	4221	4254	4228	3976	3809	3491	3191	2934	2730	2498	2370	
177	4206	60.0	60.0	12	1	1	2	994	1267	1932	2881	4037	4992	5582	5621	5497	5230	4866	4401	4030	3609	3299	3051	2928	3004	3234	3602	3952	4237	4279	4232	4008	3757	3450	3226	2934	2708	2511	2344	
177	4268	95.2	95.0	13	1	0	2	936	1061	1372	1830	2407	2938	3239	3302	3324	3216	3055	2857	2672	2438	2341	2226	2205	2351	2630	2890	3194	3395	3420	3393	3244	3060	2873	2660	2498	2320	2208	2064	
177	4285	95.0	95.0	13	1	0	2	932	1049	1382	1852	2397	2917	3227	3292	3320	3212	3050	2832	2676	2468	2321	2197	2227	2364	2578	2924	3206	3385	3370	3347	3184	3070	2889	2654	2481	2332	2177	2052	
177	4348	59.7	60.2	13	1	1	2	989	1262	1946	2879	4035	5000	5611	5661	5487	5254	4915	4442	4030	3647	3314	3090	2934	3021	3269	3630	3995	4253	4284	4226	4026	3760	3537	3213	2920	2712	2555	2367	
177	4365	59.9	60.0	13	1	1	2	1003	1268	1957	2904	4051	4994	5605	5616	5490	5252	4924	4451	4060	3636	3280	3052	2942	3050	3241	3635	3996	4253	4267	4204	4032	3781	3507	3223	2946	2711	2546	2383	
177	4382	59.9	60.0	13	1	1	2	1000	1275	1960	2867	3996	4984	5601	5571	5499	5173	4877	4409	4023	3650	3274	3065	2922	3029	3219	3612	3979	4238	4220	4227	4027	3767	3493	3222	2898	2690	2527	2333	
177	4400	60.0	60.0	13	1	1	2	989	1280	1932	2887	4009	5019	5560	5603	5505	5220	4851	4404	4019	3590	3306	3057	2952	2979	3261	3614	3973	4241	4222	4193	4008	3767	3507	3212	2930	2731	2530	2366	
177	4417	60.0	60.0	13	1	1	2	1000	1261	1945	2886	4000	4983	5548	5596	5454	5180	4881	4398	4012	3632	3303	3064	2913	2969	3231	3590	3969	4238	4233	4231	4012	3778	3512	3185	2928	2680	2567	2330	
177	4434	60.0	60.0	13	1	1	2	966	1255	1948	2842	4021	4996	5553	5582	5455	5235	4835	4415	4006	3628	3284	3069	2925	2982	3206	3601	3962	4219	4251	4216	4009	3742	3499	3203	2915	2672	2506	2342	
177	4451	60.0	60.0	13	1	1	2	1022	1284	1926	2852	3997	4993	5554	5584	5463	5215	4830	4405	3996	3574	3301	3053	2933	2975	3231	3618	3962	4212	4257	4156	4033	3748	3498	3198	2927	2709	2514	2348	
177	4514	95.2	95.0	14	1	0	2	923	1077	1376	1843	2398	2930	3257	3332	3301	3232	3096	2854	2657	2457	2328	2205	2231	2368	2603	2929	3195	3360	3395	3409	3250	3056	2891	2715	2472	2298	2185	2080	
177	4531	95.0	95.0	14	1	0	2	936	1042	1393	1802	2418	2905	3235	3293	3325	3221	3053	2852	2629	2447	2328	2242	2209	2333	2589	2899	3200	3393	3415	3373	3245	3049	2884	2680	2470	2346	2166	2051	
177	4594	59.8	60.2	14	1	1	2	1005	1257	1926	2886	4031	5021	5616	5601	5484	5229	4857	4468	4038	3623	3292	3075	2966	2992	3258	3600	3984	4238	4325	4229	4016	3768	3515	3263	2931	2677	2493	2354	
177	4611	59.9	60.0	14	1	1	2	1016	1269	1931	2868	4058	5032	5594	5614	5498	5244	4872	4442	4020	3618	3309	3030	2932	3002	3230	3585	3980	4225	4234	4213	4038	3752	3500	3210	2943	2679	2519	2350	
177	4628	59.9	60.0	14	1	1	2	991	1271	1934	2880	4022	5005	5547	5605	5483	5209	4847	4442	4019	3579	3324	3062	2915	2966	3201	3636	3952	4224	4265	4227	4013	3730	3491	3194	2920	2693	2508	2396	
177	4646	60.0	60.0	14	1	1	2	1004	1279	1926	2855	4035	4995	5561	5577	5476	5204	4797	4380	4004	3595	3278	3032	2911	2987	3237	3570	3986	4248	4250	4247	3984	3779	3495	3193	2930	2716	2511	2329	
177	4663	60.0	60.0	14	1	1	2	992	1276	1953	2883	4005	4999	5568	5603	5504	5238	4845	4394	4006	3602	3280	3042	2893	3009	3231	3590	4020	4234	4276	4158	4000	3742	3485	3162	2912	2702	2505	2350	
177	4680	60.0	60.0	14	1	1	2	1021	1277	1941	2877	4000	5005	5522	5581	5444	5238	4848	4408	4004	3619	3290	3044	2901	2972	3224	3577	3965	4206	4236	4157	4022	3765	3474	3213	2905	2665	2512	2331	
177	4697	60.0	60.0	14	1	1	2	1006	1274	1892	2872	3976	5000	5519	5551	5474	5182	4862	4383	4002	3629	3296	3034	2900	2985	3205	3554	3984	4198	4239	4175	4007	3704	3484	3184	2925	2682	2527	2321	
177	4762	95.2	95.0	15	1	0	2	941	1041	1383	1834	2398	2921	3218	3254	3314	3214	3049	2854	2633	2442	2296	2195	2222	2328	2584	2902	3170	3372	3398	3323	3212	3037	2887	2706	2500	2299	2185	2041	
177	4779	95.0	95.0	15	1	0	2	909	1061	1347	1841	2417	2891	3232	3260	3289	3172	3036	2845	2657	2427	2341	2191	2177	2326	2578	2873	3169	3349	3397	3330	3211	3016	2895	2652	2468	2317	2175	2026	
177	4842	59.6	60.2	15	1	1	2	1020	1257	1927	2875	4049	5006	5536	5549	5454	5140	4827	4342	4024	3593	3283	3038	2933	2972	3258	3561	3968	4241	4187	4201	4019	3730	3512	3166	2908	2694	2514	2351	
177	4859	59.9	60.0	15	1	1	2	981	1271	1912	2874	3994	4965	5543	5564	5405	5160	4826	4360	3977	3600	3283	3057	2932	2992	3232	3566	3963	4202	4236	4161	3987	3719	3477	3205	2878	2705	2514	2321	
177	4876	60.0	60.0	15	1	1	2	996	1269	1921	2867	4005	4942	5508	5538	5419	5165	4841	4394	3965	3612	3295	3021	2888	2986	3227	3560	3950	4186	4229	4161	3980	3733	3477	3166	2935	2676	2497	2323	
177	4894	60.0	60.0	15	1	1	2	1005	1289	1922	2866	4038	4950	5501	5530	5434	5175	4818	4384	4011	3607	3278	3031	2903	2957	3189	3572	3932	4194	4262	4165	3987	3753	3458	3202	2893	2669	2504	2329	
177	4911	60.0	60.0	15	1	1	2	1001	1266	1935	2867	3983	4967	5510	5567	5449	5182	4824	4363	3999	3572	3297	3057	2892	2965	3211	3585	3928	4190	4234	4185	4002	3724	3502	3192	2906	2692	2518	2315	
177	4928	60.0	60.0	15	1	1	2	982	1272	1900	2840	3998	4957	5478	5523	5404	5147	4825	4344	3987	3560	3246	3032	2926	2955	3203	3559	3928	4168	4208	4187	3950	3690	3417	3144	2877	2683	2509	2319	
177	4945	60.0	60.0	15	1	1	2	964	1299	1924	2860	3965	4922	5546	5505	5421	5180	4786	4348	3986	3608	3252	3048	2903	2963	3193	3554	3951	4218	4226	4184	3966	3718	3454	3188	2901	2679	2500	2276	
177	5010	95.3	95.0	16	1	0	2	930	1039	1362	1834	2400	2932	3236	3306	3284	3224	3032	2831	2625	2449	2315	2208	2206	2321	2580	2869	3188	3380	3367	3363	3214	3034	2836	2686	2487	2310	2164	2034	
177	5027	95.0	95.0	16	1	0	2	925	1056	1370	1815	2395	2875	3211	3294	3272	3173	3054	2834	2635	2404	2278	2216	2205	2344	2578	2878	3174	3352	3349	3329	3192	3020	2841	2671	2490	2289	2157	2051	
177	5090	59.7	60.2	16	1	1	2	1007	1240	1945	2851	4013	4954	5552	5514	5406	5172	4838	4399	4023	3608	3285	3027	2897	2974	3216	3578	3989	4224	4220	4196	4010	3713	3446	3183	2936	2692	2503	2307	
177	5107	60.0	60.0	16	1	1	2	991	1261	1920	2851	4002	4952	5530	5562	5432	5159	4816	4363	3974	3584	3287	3007	2946	2975	3189	3542	3988	4174	4234	4165	3975	3727	3487	3191	2914	2690	2523	2320	
177	5124	60.0	60.0	16	1	1	2	981	1277	1919	2874	4002	4917	5487	5531	5418	5170	4853	4381	3988	3575	3256	3027	2910	2932	3203	3582	3930	4188	4208	4180	4006	3714	3449	3144	2899	2689	2518	2351	
177	5142	59.9	60.0	16	1	1	2	1012	1276	1914	2870	3997	4919	5513	5554	5437	5170	4824	4356	3968	3583	3234	3000	2921	2954	3199	3559	3949	4184	4225	4166	3995	3714	3469	3170	2888	2682	2499	2317	
177	5159	60.0	60.0	16	1	1	2	998	1274	1942	2853	3983	4922	5492	5522	5435	5156	4879	4386	3955	3553	3256	3032	2893	2975	3179	3565	3946	4191	4236	4126	3995	3664	3468	3180	2923	2658	2490	2321	
177	5176	60.0	60.0	16	1	1	2	996	1271	1925	2834	3992	4954	5488	5489	5368	5191	4804	4368	3956	3579	3273	3020	2891	2945	3182	3566	3942	4202	4209	4144	3984	3714	3442	3144	2888	2652	2488	2300	
177	5193	60.0	60.0	16	1	1	2	1002	1281	1956	2834	3973	4941	5508	5543	5446	5156	4780	4369	3961	3565	3286	3025	2905	2946	3200	3565	3979	4176	4218	4199	3951	3692	3446	3188	2888	2674	2497	2326	
177	5256	95.3	95.0	17	1	0	2	927	1071	1365	1849	2412	2927	3233	3298	3318	3178	3054	2863	2637	2451	2299	2298	2213	2336	2573	2877	3147	3403	3375	3332	3202	3014	2826	2637	2454	2302	2180	2050	
177	5273	95.0	95.0	17	1	0	2	912	1053	1345	1843	2406	2900	3168	3321	3295	3175	3027	2833	2666	2454	2290	2232	2203	2335	2567	2878	3154	3361	3376	3327	3230	3033	2848	2644	2475	2306	2161	2022	
177	5336	59.7	60.1	17	1	1	2	997	1258	1913	2863	3983	4938	5552	5564	5410	5176	4840	4360	3970	3582	3260	3058	2891	2972	3215	3593	3946	4186	4237	4200	3980	3669	3469	3190	2919	2680	2542	2345	
177	5353	60.0	60.0	17	1	1	2	987	1283	1935	2846	4008	4976	5535	5508	5434	5128	4806	4380	4002	3579	3264	3064	2878	2955	3204	3572	3966	4187	4244	4165	3999	3723	3477	3189	2886	2663	2504	2312	
177	5371	59.9	60.0	17	1	1	2	983	1292	1940	2865	3999	4965	5522	5517	5430	5186	4790	4359	3992	3578	3262	3029	2919	2971	3177	3548	3948	4198	4278	4154	3981	3730	3443	3191	2895	2665	2497	2343	
177	5388	60.0	60.0	17	1	1	2	1010	1290	1922	2850	3992	4961	5482	5521	5389	5114	4794	4362	3946	3578	3249	3012	2881	2979	3210	3567	3942	4175	4200	4128	3945	3723	3453	3177	2899	2673	2492	2329	
177	5405	60.0	60.0	17	1	1	2	991	1292	1920	2847	4002	4913	5495	5545	5451	5169	4791	4369	3951	3578	3263	3038	2942	2940	3198	3572	3947	4176	4215	4157	3998	3693	3433	3167	2926	2667	2495	2329	
177	5422	59.9	60.0	17	1	1	2	1002	1291	1946	2844	3994	4962	5511	5538	5389	5120	4761	4394	3994	3569	3207	3019	2883	2948	3176	3535	3948	4157	4192	4159	3935	3712	3483	3212	2905	2666	2473	2320	
177	5440	60.0	60.0	17	1	1	2	1001	1291	1920	2853	3984	4953	5530	5553	5469	5172	4789	4346	4017	3566	3291	2996	2892	2952	3224	3588	3942	4179	4240	4166	3981	3709	3477	3150	2889	2663	2510	2308	
177	5504	95.3	95.0	18	1	0	2	924	1064	1377	1840	2387	2858	3232	3289	3292	3149	3019	2818	2618	2442	2302	2183	2211	2352	2586	2882	3175	3352	3377	3327	3231	3033	2879	2648	2461	2288	2141	2011	
177	5521	95.0	95.0	18	1	0	2	921	1058	1363	1794	2378	2882	3202	3287	3277	3199	3020	2828	2627	2425	2255	2214	2217	2341	2575	2860	3175	3338	3367	3338	3189	3009	2862	2636	2466	2279	2204	2012	
177	5584	59.8	60.1	18	1	1	2	1009	1278	1923	2879	3954	4912	5531	5478	5376	5122	4748	4412	3976	3565	3261	3022	2863	2950	3179	3576	3940	4224	4199	4161	3980	3702	3473	3167	2899	2702	2502	2332	
177	5601	59.9	60.0	18	1	1	2	1000	1262	1919	2833	3985	4946	5447	5503	5436	5101	4757	4362	3993	3592	3245	3006	2882	2935	3194	3540	3935	4190	4201	4190	3949	3673	3421	3149	2903	2670	2491	2321	
177	5619	60.0	60.0	18	1	1	2	997	1298	1922	2847	4003	4946	5524	5523	5430	5165	4781	4356	3944	3568	3284	3052	2902	2993	3196	3564	3959	4201	4192	4150	3985	3739	3495	3187	2882	2675	2497	2308	
177	5636	60.0	60.0	18	1	1	2	1000	1295	1928	2850	3957	4932	5519	5538	5383	5151	4789	4371	3962	3553	3235	3019	2897	2971	3179	3579	3934	4166	4238	4191	3972	3684	3443	3163	2896	2683	2505	2335	
177	5653	60.0	60.0	18	1	1	2	998	1278	1942	2864	3961	4937	5496	5484	5426	5159	4793	4341	3966	3571	3260	3029	2862	2943	3159	3576	3907	4177	4218	4181	3962	3725	3447	3167	2897	2694	2482	2309	
177	5670	60.0	60.0	18	1	1	2	994	1304	1948	2857	3964	4953	5528	5485	5407	5205	4797	4344	3961	3567	3263	3026	2915	2953	3189	3566	3913	4197	4230	4140	4010	3715	3462	3140	2885	2664	2509	2321	
177	5688	59.9	60.0	18	1	1	2	1009	1284	1940	2850	3985	4944	5469	5545	5387	5113	4804	4360	3987	3597	3268	3028	2877	2983	3183	3546	3944	4168	4201	4142	3956	3704	3473	3163	2884	2650	2489	2308	
177	5752	95.3	95.0	19	1	0	2	932	1055	1362	1841	2393	2899	3247	3271	3288	3172	3051	2844	2610	2444	2287	2220	2206	2322	2563	2881	3140	3367	3372	3334	3174	3019	2852	2641	2465	2314	2164	2019	
177	5769	95.0	95.0	19	1	0	2	925	1069	1360	1826	2405	2888	3193	3263	3281	3168	2997	2825	2608	2417	2295	2206	2178	2336	2539	2849	3178	3335	3364	3339	3219	2995	2855	2641	2468	2301	2164	2030	
177	5832	59.7	60.2	19	1	1	2	1002	1288	1924	2844	3980	4923	5499	5517	5400	5137	4766	4350	3972	3588	3246	3013	2899	2955	3196	3542	3949	4198	4191	4186	3988	3717	3462	3152	2889	2658	2476	2339	
177	5850	59.9	60.0	19	1	1	2	1003	1266	1936	2835	3958	4958	5457	5533	5414	5147	4783	4377	3973	3537	3255	3003	2916	2950	3202	3532	3932	4187	4156	4167	3967	3680	3491	3166	2892	2666	2474	2340	
177	5867	59.9	60.0	19	1	1	2	1008	1288	1923	2858	4015	4920	5538	5566	5441	5166	4797	4371	3943	3596	3261	3023	2911	2948	3196	3586	3965	4187	4251	4164	4000	3713	3425	3155	2904	2646	2482	2339	
177	5884	59.9	60.0	19	1	1	2	987	1294	1922	2878	3999	4928	5516	5531	5400	5126	4780	4373	3962	3553	3247	3016	2864	2967	3230	3572	3932	4178	4202	4143	3961	3693	3422	3155	2891	2666	2500	2325	
177	5901	59.9	60.0	19	1	1	2	993	1308	1935	2855	3992	4966	5485	5537	5418	5144	4814	4381	3965	3577	3299	3026	2909	2941	3212	3557	3957	4224	4186	4138	3961	3726	3453	3206	2894	2676	2502	2335	
177	5919	60.0	60.0	19	1	1	2	992	1288	1935	2824	3977	4928	5510	5501	5404	5153	4760	4389	3960	3572	3266	3034	2877	2940	3176	3521	3916	4207	4212	4191	3949	3688	3442	3135	2909	2696	2482	2298	
177	5936	60.0	60.0	19	1	1	2	987	1288	1943	2853	3995	4955	5525	5529	5385	5192	4778	4342	3993	3574	3241	3016	2907	2948	3194	3544	3959	4160	4198	4163	3971	3718	3443	3159	2901	2661	2482	2314	
177	6000	95.3	95.0	20	1	0	2	921	1048	1372	1810	2391	2867	3223	3275	3275	3221	3058	2817	2653	2433	2284	2199	2208	2332	2554	2850	3144	3348	3383	3339	3205	3006	2849	2642	2485	2315	2157	2024	
177	6018	95.0	95.0	20	1	0	2	920	1056	1384	1815	2344	2866	3202	3278	3241	3212	2996	2788	2664	2434	2252	2191	2187	2328	2558	2866	3128	3348	3355	3344	3197	3005	2854	2633	2458	2300	2177	2044	
177	6080	59.6	60.3	20	1	1	2	989	1269	1942	2867	3974	4921	5513	5571	5430	5111	4811	4355	3990	3553	3292	3003	2869	2962	3220	3549	3952	4193	4230	4164	3951	3702	3452	3186	2867	2694	2490	2310	
177	6098	60.0	60.0	20	1	1	2	987	1298	1919	2829	3948	4890	5506	5489	5398	5172	4804	4359	4009	3599	3240	2996	2853	2955	3202	3568	3924	4185	4187	4139	3981	3680	3431	3154	2881	2682	2483	2317	
177	6115	59.9	60.0	20	1	1	2	991	1286	1918	2856	3977	4941	5527	5516	5424	5157	4807	4338	3969	3563	3266	2984	2852	2983	3187	3550	3942	4197	4210	4149	3950	3728	3439	3145	2893	2671	2505	2315	
177	6132	60.0	60.0	20	1	1	2	993	1289	1929	2842	4015	4942	5500	5530	5434	5172	4764	4359	3966	3600	3240	3008	2890	2955	3245	3553	3927	4206	4225	4152	3961	3698	3459	3153	2922	2700	2487	2324	
177	6149	60.0	60.0	20	1	1	2	978	1302	1946	2839	3984	4959	5559	5523	5405	5168	4796	4358	3977	3532	3294	3027	2871	2957	3206	3546	3946	4220	4203	4160	3984	3706	3444	3174	2900	2696	2482	2314	
177	6167	59.9	60.0	20	1	1	2	996	1307	1926	2833	3961	4940	5496	5511	5401	5169	4837	4359	3992	3569	3268	2981	2885	2968	3196	3581	3947	4189	4256	4160	3939	3696	3455	3185	2886	2676	2464	2337	
177	6184	59.9	60.0	20	1	1	2	970	1298	1924	2803	3976	4964	5471	5524	5385	5132	4778	4316	3976	3592	3255	3018	2872	2943	3194	3573	3934	4188	4201	4153	3965	3686	3438	3201	2885	2685	2525	2330	
177	6248	95.3	95.0	21	1	0	2	919	1068	1358	1827	2401	2847	3199	3286	3255	3161	3048	2856	2604	2441	2305	2216	2207	2332	2590	2843	3157	3372	3383	3307	3229	3023	2858	2658	2497	2299	2162	2032	
177	6266	95.0	95.0	21	1	0	2	927	1052	1360	1838	2381	2867	3233	3273	3249	3187	3011	2855	2618	2428	2260	2208	2191	2295	2546	2906	3132	3343	3354	3313	3202	2999	2848	2653	2438	2286	2180	2038	
177	6326	59.8	60.3	21	1	1	2	984	1296	1913	2876	3988	4924	5443	5493	5428	5126	4768	4327	3960	3555	3249	2999	2867	2972	3194	3567	3933	4205	4206	4130	3928	3696	3462	3170	2882	2663	2497	2353	
177	6344	60.0	60.0	21	1	1	2	995	1278	1903	2842	3990	4949	5454	5481	5418	5155	4803	4355	4024	3580	3244	3007	2892	2963	3184	3557	3955	4182	4204	4148	3990	3736	3457	3175	2886	2666	2475	2298	
177	6361	60.0	60.0	21	1	1	2	986	1272	1921	2832	3937	4933	5519	5486	5411	5112	4764	4359	3967	3531	3248	3018	2883	2946	3183	3573	3948	4150	4194	4130	3965	3663	3467	3156	2889	2644	2469	2302	
177	6378	59.9	60.0	21	1	1	2	995	1297	1920	2825	3982	4930	5470	5542	5401	5135	4790	4355	3992	3562	3283	2976	2864	2954	3201	3538	3943	4181	4201	4128	3937	3670	3444	3193	2913	2668	2484	2326	
177	6395	60.0	60.0	21	1	1	2	992	1303	1908	2828	3936	4907	5499	5501	5397	5102	4754	4368	3978	3537	3242	3052	2877	2928	3198	3518	3932	4169	4209	4144	3959	3700	3464	3157	2884	2652	2488	2309	
177	6413	60.0	60.0	21	1	1	2	999	1304	1935	2889	3989	4987	5494	5543	5479	5184	4799	4380	3949	3573	3279	3006	2882	2949	3189	3574	3932	4200	4203	4166	3988	3700	3485	3152	2884	2698	2509	2320	
177	6430	60.0	60.0	21	1	1	2	1001	1313	1912	2832	3951	4958	5469	5533	5435	5121	4762	4339	3943	3531	3232	2994	2900	2981	3186	3565	3920	4184	4253	4132	3946	3705	3461	3127	2880	2683	2469	2306	
177	6492	95.2	95.0	22	1	0	2	924	1045	1367	1808	2390	2875	3217	3261	3308	3217	3005	2824	2614	2438	2295	2212	2200	2332	2566	2848	3140	3342	3360	3321	3162	3006	2843	2660	2455	2291	2186	2028	
177	6510	95.0	95.0	22	1	0	2	927	1063	1357	1801	2370	2890	3214	3248	3254	3201	3011	2859	2610	2419	2287	2239	2206	2330	2548	2857	3135	3332	3357	3314	3142	3013	2855	2648	2455	2279	2155	2033	
177	6573	59.8	60.1	22	1	1	2	1009	1264	1929	2856	3976	4914	5488	5534	5401	5149	4798	4340	3965	3598	3249	3021	2863	2950	3190	3523	3897	4172	4222	4111	3948	3698	3470	3158	2887	2685	2501	2321	
177	6590	59.9	60.0	22	1	1	2	1004	1282	1929	2859	3934	4906	5533	5522	5381	5112	4802	4404	3985	3568	3256	3014	2876	2972	3180	3561	3946	4172	4160	4136	3949	3686	3436	3164	2867	2669	2487	2315	
177	6607	59.9	60.0	22	1	1	2	994	1293	1928	2839	3983	4966	5530	5517	5421	5109	4792	4355	3971	3553	3255	2992	2884	2942	3187	3566	3917	4172	4240	4179	3955	3707	3448	3147	2880	2670	2488	2315	
177	6624	60.0	60.0	22	1	1	2	998	1293	1913	2853	3942	4884	5451	5416	5358	5109	4803	4315	3938	3579	3219	2996	2887	2866	3188	3545	3920	4149	4215	4107	3946	3668	3421	3095	2903	2657	2459	2297	
177	6642	59.9	60.0	22	1	1	2	990	1289	1921	2815	3994	4923	5505	5543	5414	5140	4823	4352	3972	3547	3223	3013	2862	2914	3175	3547	3914	4171	4203	4158	3969	3697	3445	3184	2879	2651	2474	2327	
177	6659	60.0	60.0	22	1	1	2	990	1296	1918	2881	3946	4925	5494	5468	5391	5110	4777	4340	3961	3571	3237	3001	2893	2948	3182	3544	3888	4169	4187	4142	3957	3699	3428	3168	2866	2633	2473	2293	
177	6676	59.9	60.0	22	1	1	2	1013	1304	1930	2849	3949	4928	5450	5491	5380	5148	4733	4344	3947	3566	3205	3020	2850	2942	3214	3527	3906	4197	4199	4129	3943	3678	3417	3160	2861	2645	2510	2306	
177	6739	95.3	95.0	23	1	0	2	925	1048	1376	1849	2411	2884	3214	3310	3304	3215	3024	2829	2627	2384	2304	2181	2207	2328	2542	2857	3176	3321	3383	3312	3178	3040	2839	2663	2446	2322	2172	2030	
177	6756	95.0	95.0	23	1	0	2	920	1046	1360	1826	2413	2905	3191	3303	3258	3192	3003	2818	2612	2411	2293	2193	2201	2335	2568	2854	3163	3376	3397	3316	3193	3006	2824	2643	2473	2278	2154	2033	
177	6819	59.8	60.1	23	1	1	2	993	1287	1942	2833	3951	4939	5478	5476	5422	5110	4778	4353	3932	3552	3226	3013	2806	2963	3196	3525	3915	4151	4187	4152	3950	3673	3460	3158	2875	2668	2492	2320	
177	6836	60.0	60.0	23	1	1	2	992	1289	1934	2828	3965	4920	5468	5499	5374	5133	4777	4372	3941	3549	3196	3016	2887	2947	3229	3553	3930	4155	4186	4146	3959	3692	3450	3167	2882	2664	2456	2325	
177	6853	60.0	60.0	23	1	1	2	992	1295	1931	2814	3939	4865	5483	5524	5329	5096	4777	4318	3930	3539	3265	2976	2849	2926	3165	3542	3901	4145	4190	4142	3931	3689	3424	3146	2888	2677	2462	2311	
177	6870	60.0	60.0	23	1	1	2	964	1312	1914	2826	3922	4922	5479	5515	5399	5116	4748	4339	3972	3566	3266	2996	2887	2934	3212	3524	3891	4137	4161	4132	3953	3641	3436	3168	2857	2647	2472	2303	
177	6888	59.9	60.0	23	1	1	2	1018	1283	1925	2825	3992	4920	5459	5485	5349	5104	4789	4351	3951	3579	3256	3010	2880	2927	3171	3520	3912	4189	4180	4149	3924	3707	3431	3153	2855	2676	2489	2312	
177	6905	59.9	60.0	23	1	1	2	997	1301	1927	2832	3925	4931	5461	5482	5351	5067	4749	4322	3928	3546	3235	2995	2886	2968	3189	3517	3918	4176	4240	4121	3923	3676	3454	3141	2868	2656	2476	2286	
177	6922	60.0	60.0	23	1	1	2	999	1313	1919	2816	3955	4910	5473	5521	5382	5119	4741	4323	3940	3527	3236	2992	2873	2931	3192	3561	3893	4169	4173	4102	3907	3694	3427	3144	2886	2670	2476	2297	
177	6985	95.1	95.0	24	1	0	2	938	1048	1363	1847	2382	2884	3186	3286	3304	3176	3040	2845	2613	2462	2284	2190	2212	2313	2556	2837	3171	3375	3398	3336	3215	3023	2836	2666	2470	2283	2171	2018	
177	7002	95.0	95.0	24	1	0	2	918	1054	1358	1824	2384	2868	3176	3230	3251	3180	3026	2817	2594	2415	2285	2201	2194	2330	2577	2844	3128	3304	3345	3306	3196	3014	2812	2639	2441	2283	2153	1994	
177	7065	59.8	60.1	24	1	1	2	981	1299	1917	2839	3987	4901	5475	5516	5380	5086	4764	4350	4000	3560	3248	3008	2888	2937	3198	3556	3917	4187	4209	4124	3974	3717	3467	3162	2879	2646	2484	2316	
177	7082	59.9	60.0	24	1	1	2	991	1303	1933	2829	3968	4898	5467	5485	5398	5144	4726	4351	3916	3559	3244	2986	2919	2960	3159	3542	3893	4149	4192	4141	3932	3680	3425	3161	2866	2646	2497	2326	
177	7099	59.9	60.0	24	1	1	2	1004	1324	1908	2824	3983	4900	5488	5517	5367	5099	4782	4332	3919	3560	3233	3003	2920	2925	3188	3534	3896	4151	4236	4157	3976	3642	3414	3148	2893	2642	2483	2302	
177	7116	60.0	60.0	24	1	1	2	994	1285	1913	2853	3949	4934	5427	5486	5392	5142	4733	4335	3962	3545	3252	3003	2881	2970	3196	3544	3915	4132	4184	4111	3938	3656	3426	3127	2857	2670	2451	2309	
177	7134	60.0	60.0	24	1	1	2	986	1313	1956	2827	3972	4874	5465	5540	5367	5098	4758	4349	3947	3553	3233	2975	2870	2958	3194	3547	3881	4110	4195	4159	3921	3710	3395	3165	2908	2664	2463	2306	
177	7151	59.9	60.0	24	1	1	2	992	1305	1909	2830	3930	4913	5460	5434	5387	5091	4778	4274	3911	3517	3193	2988	2873	2951	3140	3505	3899	4119	4167	4101	3911	3664	3404	3142	2874	2650	2484	2293	
177	7168	60.0	60.0	24	1	1	2	993	1302	1906	2829	3925	4918	5406	5478	5354	5067	4758	4320	3918	3519	3231	2986	2871	2893	3152	3517	3886	4138	4203	4108	3962	3656	3444	3139	2872	2623	2482	2288	
177	7233	95.1	95.1	25	1	0	2	915	1071	1378	1821	2378	2867	3210	3272	3263	3158	3014	2801	2622	2374	2283	2203	2167	2341	2574	2837	3170	3317	3347	3305	3105	3013	2833	2677	2428	2298	2162	2013	
177	7250	95.0	95.0	25	1	0	2	930	1041	1349	1805	2384	2867	3184	3287	3269	3172	2986	2784	2584	2413	2266	2190	2177	2277	2518	2818	3127	3306	3348	3267	3124	2959	2809	2607	2449	2256	2156	2022	
177	7313	59.8	60.1	25	1	1	2	995	1309	1923	2822	3961	4881	5493	5540	5397	5124	4761	4317	3956	3542	3244	3004	2878	2952	3174	3557	3907	4153	4193	4160	3968	3688	3395	3137	2860	2622	2503	2320	
177	7330	59.9	60.0	25	1	1	2	1005	1302	1923	2819	3938	4936	5424	5450	5379	5113	4746	4349	3938	3551	3230	3007	2880	2933	3174	3560	3889	4163	4201	4164	3909	3696	3433	3172	2894	2644	2464	2298	
177	7347	59.9	60.0	25	1	1	2	955	1317	1913	2828	3938	4866	5429	5474	5346	5120	4748	4310	3951	3531	3224	2991	2862	2919	3194	3530	3894	4109	4161	4126	3951	3686	3422	3144	2894	2660	2475	2285	
177	7365	60.0	60.0	25	1	1	2	1001	1319	1922	2825	3944	4926	5431	5467	5356	5090	4784	4319	3915	3537	3210	2972	2863	2947	3171	3514	3884	4160	4179	4118	3919	3666	3430	3153	2870	2639	2486	2297	
177	7382	60.0	60.0	25	1	1	2	989	1318	1910	2834	3930	4826	5428	5543	5370	5139	4799	4329	3958	3554	3251	2977	2853	2969	3151	3524	3896	4149	4159	4117	3942	3669	3446	3164	2860	2609	2462	2315	
177	7399	60.0	60.0	25	1	1	2	989	1299	1928	2807	3916	4904	5441	5481	5339	5077	4741	4255	3930	3554	3238	2996	2868	2894	3157	3498	3903	4143	4176	4131	3891	3662	3454	3141	2866	2649	2484	2318	
177	7416	59.9	60.0	25	1	1	2	992	1292	1907	2798	3909	4873	5401	5446	5351	5086	4761	4317	3908	3515	3223	2994	2859	2926	3142	3487	3884	4143	4162	4093	3937	3700	3386	3125	2866	2640	2452	2334	
177	7479	95.1	95.0	26	1	0	2	931	1061	1376	1820	2378	2881	3182	3290	3250	3197	3033	2800	2619	2420	2296	2190	2193	2342	2554	2842	3114	3331	3336	3267	3172	3023	2820	2597	2448	2282	2145	2005	
177	7496	95.0	95.0	26	1	0	2	918	1060	1370	1820	2349	2855	3170	3253	3288	3160	3003	2801	2604	2385	2273	2197	2182	2284	2535	2844	3140	3284	3353	3313	3173	2986	2854	2630	2433	2266	2160	2008	
177	7559	59.9	60.1	26	1	1	2	998	1299	1918	2821	3943	4865	5438	5493	5390	5120	4696	4313	3963	3568	3249	3012	2866	2921	3163	3527	3918	4171	4172	4129	3945	3671	3429	3146	2848	2644	2465	2287	
177	7576	59.9	60.0	26	1	1	2	993	1300	1899	2830	3946	4897	5485	5474	5397	5103	4757	4326	3910	3584	3273	3008	2859	2927	3208	3536	3946	4123	4194	4120	3925	3668	3420	3141	2870	2638	2490	2291	
177	7593	59.9	60.0	26	1	1	2	993	1300	1928	2842	3954	4898	5502	5439	5384	5084	4740	4332	3942	3570	3250	2990	2865	2958	3157	3503	3880	4138	4179	4113	3927	3682	3424	3157	2867	2634	2447	2328	
177	7611	59.9	60.0	26	1	1	2	995	1304	1910	2818	3950	4906	5425	5473	5367	5137	4757	4359	3990	3527	3226	2998	2860	2921	3200	3514	3886	4101	4192	4123	3927	3657	3426	3133	2882	2657	2476	2289	
177	7628	60.0	60.0	26	1	1	2	988	1303	1922	2850	3931	4888	5437	5465	5351	5078	4744	4336	3960	3507	3219	2991	2878	2936	3134	3541	3905	4135	4154	4105	3899	3655	3452	3101	2910	2635	2473	2308	
177	7645	60.0	60.0	26	1	1	2	993	1286	1917	2807	3956	4864	5388	5495	5352	5074	4766	4311	3922	3582	3225	2990	2850	2913	3168	3538	3913	4125	4180	4105	3914	3673	3411	3129	2856	2630	2462	2325	
177	7662	60.0	60.0	26	1	1	2	995	1304	1885	2842	3930	4881	5441	5448	5332	5093	4766	4334	3951	3524	3237	2991	2872	2944	3175	3511	3877	4186	4162	4103	3928	3659	3402	3129	2874	2655	2464	2302	
177	7725	95.1	95.0	27	1	0	2	922	1058	1359	1832	2390	2883	3197	3273	3262	3173	3012	2832	2616	2443	2293	2200	2166	2315	2553	2875	3158	3347	3370	3306	3171	3007	2828	2669	2456	2287	2142	2029	
177	7742	95.0	95.0	27	1	0	2	947	1057	1371	1854	2368	2869	3197	3269	3254	3184	3024	2798	2599	2442	2286	2186	2190	2325	2560	2832	3162	3314	3369	3316	3185	2991	2852	2640	2437	2291	2155	2020	
177	7805	59.8	60.1	27	1	1	2	982	1316	1941	2822	3997	4910	5474	5458	5389	5127	4784	4333	3952	3552	3217	2993	2900	2944	3181	3547	3883	4192	4162	4148	3956	3671	3412	3143	2862	2660	2487	2283	
177	7822	59.9	60.0	27	1	1	2	982	1319	1886	2841	3919	4877	5437	5467	5391	5050	4768	4312	3956	3551	3237	2980	2875	2950	3152	3513	3897	4128	4156	4132	3930	3651	3437	3121	2845	2631	2458	2309	
177	7840	60.0	60.0	27	1	1	2	992	1311	1914	2832	3963	4929	5485	5480	5404	5085	4751	4316	3934	3560	3213	3010	2890	2931	3187	3543	3910	4169	4154	4143	3920	3696	3439	3155	2864	2651	2455	2307	
177	7857	60.0	60.0	27	1	1	2	995	1298	1913	2814	3977	4912	5448	5494	5353	5110	4784	4278	3959	3560	3218	2977	2866	2953	3178	3471	3881	4149	4148	4114	3932	3653	3428	3122	2888	2640	2466	2312	
177	7874	60.0	60.0	27	1	1	2	1005	1318	1910	2817	3943	4885	5381	5440	5360	5090	4691	4360	3917	3550	3235	2975	2852	2918	3158	3529	3929	4119	4181	4151	3924	3672	3429	3131	2873	2635	2485	2309	
177	7891	60.0	60.0	27	1	1	2	994	1305	1916	2818	3931	4894	5476	5433	5361	5114	4722	4314	3957	3548	3205	2966	2883	2915	3170	3518	3848	4104	4129	4092	3941	3634	3410	3111	2866	2641	2452	2291	
177	7909	60.0	60.0	27	1	1	2	997	1318	1908	2787	3912	4850	5416	5436	5325	5070	4726	4306	3918	3548	3197	2974	2863	2918	3156	3495	3916	4112	4136	4056	3913	3656	3378	3146	2838	2645	2448	2306	
177	7973	95.1	95.1	28	1	0	2	941	1038	1357	1828	2375	2846	3198	3261	3254	3174	2999	2810	2636	2416	2271	2184	2166	2295	2558	2843	3122	3308	3251	3298	3160	2982	2825	2654	2451	2278	2163	2018	
177	7990	95.0	95.0	28	1	0	2	936	1046	1361	1799	2343	2872	3192	3260	3246	3159	3000	2795	2572	2410	2279	2170	2188	2301	2543	2836	3174	3310	3352	3280	3168	2934	2844	2620	2456	2304	2142	1996	
177	8053	59.7	60.2	28	1	1	2	983	1303	1914	2860	3961	4856	5427	5419	5382	5162	4775	4304	3934	3518	3228	2986	2856	2932	3144	3501	3876	4158	4186	4140	3923	3694	3436	3164	2850	2630	2460	2310	
177	8070	59.9	60.0	28	1	1	2	991	1265	1932	2833	3942	4902	5464	5462	5386	5096	4740	4357	3938	3534	3205	3027	2849	2946	3172	3556	3864	4171	4157	4115	3947	3680	3402	3168	2872	2658	2472	2317	
177	8088	59.9	60.0	28	1	1	2	985	1297	1918	2819	3934	4869	5452	5436	5338	5081	4730	4304	3979	3535	3224	2994	2849	2920	3152	3504	3895	4137	4156	4137	3901	3664	3436	3122	2852	2690	2472	2315	
177	8105	60.0	60.0	28	1	1	2	992	1308	1902	2814	3958	4891	5475	5473	5350	5088	4749	4303	3917	3582	3212	2980	2854	2949	3160	3515	3884	4169	4176	4087	3925	3645	3423	3147	2846	2660	2451	2286	
177	8122	60.0	60.0	28	1	1	2	988	1321	1913	2823	3977	4881	5426	5456	5347	5128	4750	4300	3939	3525	3206	2993	2857	2911	3183	3517	3909	4149	4173	4094	3925	3666	3452	3138	2859	2684	2477	2296	
177	8139	59.9	60.0	28	1	1	2	1039	1313	1892	2818	3928	4858	5411	5511	5337	5063	4741	4291	3915	3560	3208	3010	2866	2918	3171	3497	3902	4140	4154	4116	3909	3663	3418	3140	2878	2634	2456	2293	
177	8157	60.0	60.0	28	1	1	2	995	1311	1901	2829	3940	4897	5447	5434	5341	5105	4700	4295	3937	3543	3201	2956	2865	2909	3180	3518	3888	4134	4148	4094	3925	3670	3371	3122	2863	2653	2461	2309	
177	8219	95.2	95.0	29	1	0	2	915	1063	1368	1833	2363	2885	3217	3275	3279	3165	3024	2823	2593	2406	2306	2181	2192	2289	2570	2844	3131	3345	3344	3304	3158	3018	2849	2637	2443	2283	2146	2034	
177	8236	95.0	95.0	29	1	0	2	893	1057	1358	1815	2387	2873	3171	3262	3242	3168	2983	2807	2612	2432	2272	2171	2190	2331	2517	2856	3142	3306	3330	3310	3173	2991	2803	2632	2442	2284	2142	2030	
177	8299	59.7	60.2	29	1	1	2	987	1306	1912	2807	3963	4869	5404	5458	5373	5120	4719	4334	3915	3522	3223	2986	2887	2937	3150	3509	3896	4120	4222	4121	3930	3608	3413	3151	2833	2664	2458	2308	
177	8317	59.9	60.0	29	1	1	2	1006	1309	1916	2824	3941	4902	5425	5481	5372	5120	4751	4332	3936	3548	3219	2960	2853	2901	3153	3516	3872	4148	4183	4100	3931	3658	3384	3120	2870	2633	2455	2303	
177	8334	60.0	60.0	29	1	1	2	992	1304	1911	2795	3923	4871	5450	5457	5344	5077	4714	4259	3904	3514	3237	2973	2824	2922	3162	3518	3887	4112	4194	4072	3893	3680	3409	3147	2868	2649	2460	2272	
177	8351	59.9	60.0	29	1	1	2	1003	1308	1911	2834	3948	4915	5473	5517	5397	5077	4730	4341	3942	3510	3247	2990	2878	2919	3198	3516	3894	4150	4180	4113	3892	3675	3436	3115	2893	2659	2469	2316	
177	8368	60.0	60.0	29	1	1	2	968	1307	1901	2849	3915	4895	5402	5495	5341	5071	4748	4321	3883	3527	3196	2970	2883	2917	3182	3517	3851	4124	4177	4111	3885	3690	3428	3154	2856	2635	2467	2310	
177	8386	60.0	60.0	29	1	1	2	1004	1295	1899	2823	3923	4872	5401	5404	5314	5067	4731	4310	3908	3565	3253	2972	2860	2922	3162	3488	3897	4168	4140	4095	3904	3657	3371	3144	2857	2656	2468	2307	
177	8403	60.0	60.0	29	1	1	2	983	1300	1885	2793	3918	4880	5417	5448	5347	5043	4747	4301	3907	3544	3210	2973	2869	2953	3126	3512	3900	4146	4168	4134	3949	3638	3415	3151	2840	2671	2447	2282	
177	8467	95.3	95.0	30	1	0	2	911	1042	1351	1801	2384	2843	3173	3223	3268	3162	3001	2786	2610	2442	2274	2167	2169	2297	2578	2838	3129	3296	3330	3327	3185	2985	2804	2617	2482	2234	2148	1993	
177	8485	95.0	95.0	30	1	0	2	942	1048	1361	1810	2368	2832	3135	3265	3267	3147	3005	2807	2563	2401	2274	2184	2198	2298	2541	2818	3129	3297	3325	3276	3145	2994	2862	2640	2435	2280	2162	2003	
177	8547	59.6	60.2	30	1	1	2	991	1297	1892	2814	3928	4865	5434	5471	5335	5137	4744	4322	3899	3544	3227	3030	2863	2920	3195	3518	3905	4179	4205	4124	3950	3662	3424	3147	2824	2638	2456	2323	
177	8565	59.9	60.0	30	1	1	2	999	1284	1893	2806	3928	4856	5452	5443	5336	5099	4772	4310	3919	3563	3261	2994	2886	2925	3158	3524	3897	4137	4131	4110	3900	3661	3399	3107	2832	2644	2458	2301	
177	8582	60.0	60.0	30	1	1	2	1006	1307	1900	2822	3958	4899	5476	5493	5380	5098	4717	4288	3936	3561	3200	2985	2849	2942	3182	3520	3891	4116	4183	4113	3906	3651	3416	3147	2860	2626	2467	2305	
177	8599	60.0	60.0	30	1	1	2	999	1308	1938	2812	3911	4864	5493	5442	5333	5074	4683	4301	3959	3508	3229	2967	2863	2956	3141	3492	3853	4144	4132	4106	3936	3674	3419	3116	2858	2644	2458	2285	
177	8616	59.9	60.0	30	1	1	2	989	1315	1916	2814	3952	4829	5482	5459	5392	5058	4713	4343	3938	3502	3236	3010	2841	2938	3160	3537	3878	4145	4153	4147	3888	3685	3398	3136	2873	2667	2491	2280	
177	8634	59.9	60.0	30	1	1	2	994	1301	1912	2811	3950	4857	5400	5416	5382	5117	4752	4287	3905	3565	3251	2973	2877	2907	3155	3524	3919	4130	4155	4092	3934	3694	3436	3154	2870	2635	2452	2282	
177	8651	60.0	60.0	30	1	1	2	1005	1304	1905	2851	3936	4869	5422	5445	5319	5124	4720	4311	3926	3535	3211	2980	2868	2924	3182	3515	3884	4141	4155	4108	3900	3672	3379	3124	2868	2654	2456	2270	
177	8713	95.2	95.0	31	1	0	2	921	1052	1360	1825	2362	2888	3179	3271	3222	3156	3018	2785	2592	2439	2252	2187	2173	2294	2551	2824	3154	3290	3324	3276	3155	3002	2824	2593	2435	2287	2144	2003	
177	8731	95.0	95.0	31	1	0	2	926	1033	1356	1811	2349	2788	3174	3220	3208	3150	3015	2777	2560	2398	2274	2185	2170	2308	2534	2811	3103	3298	3318	3255	3153	2972	2820	2602	2415	2278	2128	2010	
177	8793	59.7	60.2	31	1	1	2	1001	1308	1877	2813	3947	4833	5401	5440	5323	5080	4712	4329	3874	3522	3202	3006	2866	2918	3155	3514	3920	4113	4168	4085	3884	3696	3402	3105	2869	2641	2459	2309	
177	8811	59.9	60.0	31	1	1	2	980	1295	1909	2788	3910	4898	5427	5457	5337	5106	4767	4299	3914	3551	3217	2978	2855	2922	3149	3531	3878	4135	4157	4066	3876	3656	3386	3107	2872	2664	2437	2285	
177	8828	60.0	60.0	31	1	1	2	1001	1297	1905	2844	3936	4866	5432	5442	5357	5085	4735	4324	3900	3547	3215	2995	2852	2911	3136	3514	3870	4117	4144	4154	3895	3665	3388	3133	2869	2619	2462	2289	
177	8845	59.9	60.0	31	1	1	2	997	1284	1904	2861	3942	4846	5418	5464	5324	5075	4718	4315	3929	3535	3218	2994	2849	2904	3159	3528	3879	4116	4140	4099	3929	3662	3438	3102	2844	2647	2461	2296	
177	8862	59.9	60.0	31	1	1	2	991	1316	1907	2832	3917	4863	5428	5454	5353	5070	4731	4309	3899	3533	3186	3012	2849	2877	3156	3500	3910	4105	4175	4098	3904	3676	3370	3132	2834	2654	2433	2301	
177	8880	60.0	60.0	31	1	1	2	1001	1307	1909	2828	3963	4865	5468	5435	5333	5077	4722	4278	3905	3520	3229	2949	2870	2916	3169	3489	3889	4134	4171	4069	3899	3644	3402	3151	2860	2625	2478	2288	
177	8897	60.0	60.0	31	1	1	2	986	1304	1914	2812	3919	4867	5405	5427	5346	5092	4688	4353	3884	3548	3208	2984	2873	2920	3182	3509	3882	4170	4145	4079	3915	3651	3401	3113	2857	2654	2458	2281	
177	8959	95.2	95.0	32	1	0	2	928	1040	1365	1818	2383	2847	3131	3272	3247	3134	3000	2799	2597	2412	2268	2185	2207	2301	2558	2843	3092	3326	3293	3306	3119	2990	2834	2630	2453	2266	2142	2011	
177	8977	95.0	95.0	32	1	0	2	907	1050	1363	1793	2351	2838	3169	3210	3228	3118	2973	2813	2565	2398	2267	2186	2189	2294	2546	2808	3138	3288	3304	3317	3142	2956	2818	2609	2434	2257	2133	2009	
177	9040	59.8	60.1	32	1	1	2	992	1303	1900	2809	3925	4877	5418	5436	5342	5069	4741	4312	3912	3513	3233	2981	2845	2894	3194	3486	3865	4104	4147	4071	3904	3642	3418	3132	2828	2640	2456	2291	
177	9057	60.0	60.0	32	1	1	2	997	1300	1897	2807	3933	4873	5408	5413	5347	5063	4698	4310	3930	3562	3239	3005	2830	2908	3182	3528	3858	4165	4124	4094	3900	3638	3397	3064	2838	2626	2445	2271	
177	9074	60.0	60.0	32	1	1	2	986	1284	1924	2809	3896	4831	5384	5469	5336	5038	4689	4300	3950	3560	3238	3001	2843	2937	3138	3502	3881	4102	4168	4077	3888	3622	3399	3136	2847	2620	2443	2288	
177	9091	59.9	60.0	32	1	1	2	1000	1291	1898	2789	3931	4873	5403	5471	5344	5059	4738	4278	3898	3495	3203	2977	2891	2908	3133	3482	3853	4107	4160	4059	3900	3666	3407	3125	2871	2640	2456	2301	
177	9109	60.0	60.0	32	1	1	2	999	1304	1914	2829	3923	4869	5429	5415	5382	5083	4737	4309	3908	3542	3225	2988	2897	2924	3152	3499	3912	4162	4206	4118	3888	3654	3415	3111	2880	2653	2459	2286	
177	9126	59.9	60.0	32	1	1	2	1009	1293	1906	2856	3919	4858	5422	5469	5350	5058	4716	4324	3915	3545	3212	2981	2861	2906	3149	3535	3887	4112	4137	4104	3911	3673	3419	3102	2852	2625	2484	2284	
177	9143	60.0	60.0	32	1	1	2	988	1306	1897	2813	3909	4864	5416	5397	5301	5078	4709	4298	3890	3529	3203	2990	2859	2888	3178	3507	3863	4078	4138	4063	3897	3668	3397	3124	2832	2662	2445	2279	
177	9208	95.1	95.1	33	1	0	2	919	1046	1346	1800	2366	2871	3184	3242	3223	3146	2992	2820	2608	2390	2278	2198	2168	2296	2552	2815	3110	3297	3303	3277	3155	2970	2812	2626	2416	2289	2139	2020	
177	9225	95.0	95.0	33	1	0	2	951	1040	1356	1820	2364	2832	3168	3231	3227	3136	2981	2786	2599	2399	2229	2181	2196	2282	2560	2805	3128	3288	3310	3284	3176	2954	2804	2604	2441	2269	2139	2003	
177	9288	59.8	60.1	33	1	1	2	1000	1310	1899	2834	3927	4897	5391	5463	5348	5083	4733	4332	3907	3561	3253	2992	2865	2914	3148	3516	3883	4148	4195	4067	3900	3655	3416	3117	2881	2636	2441	2300	
177	9305	60.0	60.0	33	1	1	2	990	1308	1913	2814	3935	4889	5467	5512	5343	5066	4731	4321	3903	3558	3227	2999	2853	2945	3150	3509	3888	4122	4176	4104	3905	3656	3397	3149	2848	2627	2448	2293	
177	9322	60.0	60.0	33	1	1	2	993	1281	1914	2839	3935	4884	5444	5458	5352	5058	4716	4299	3917	3504	3231	2993	2808	2923	3156	3524	3889	4126	4184	4116	3925	3612	3426	3158	2850	2642	2485	2311	
177	9339	60.0	60.0	33	1	1	2	998	1308	1896	2829	3929	4901	5428	5457	5385	5083	4734	4314	3896	3496	3240	2991	2852	2939	3166	3518	3892	4148	4165	4068	3913	3673	3404	3138	2843	2658	2457	2288	
177	9357	60.0	60.0	33	1	1	2	983	1308	1923	2786	3944	4849	5439	5419	5343	5065	4763	4306	3885	3510	3232	2977	2854	2916	3194	3510	3947	4093	4163	4073	3909	3635	3379	3098	2843	2622	2449	2309	
177	9374	60.0	60.0	33	1	1	2	998	1296	1905	2838	3921	4877	5427	5457	5345	5064	4773	4244	3942	3533	3227	2966	2874	2916	3145	3499	3853	4127	4159	4077	3940	3642	3387	3144	2861	2628	2454	2293	
177	9391	60.0	60.0	33	1	1	2	985	1269	1873	2826	3939	4846	5362	5448	5340	5128	4702	4284	3924	3571	3219	2982	2839	2928	3156	3519	3907	4139	4176	4079	3914	3678	3389	3138	2871	2623	2462	2287	
177	9454	95.2	95.0	34	1	0	2	921	1067	1369	1828	2333	2838	3170	3263	3260	3140	2970	2786	2637	2434	2278	2169	2172	2305	2538	2842	3135	3337	3308	3306	3154	2960	2814	2606	2421	2270	2161	2024	
177	9471	95.0	95.0	34	1	0	2	931	1056	1356	1807	2346	2822	3135	3240	3255	3158	3000	2793	2621	2426	2293	2173	2179	2296	2561	2797	3113	3285	3343	3279	3151	2971	2801	2667	2430	2274	2153	2024	
177	9534	59.8	60.1	34	1	1	2	995	1258	1921	2783	3944	4905	5448	5416	5347	5096	4738	4310	3899	3537	3226	2973	2886	2931	3163	3525	3903	4134	4208	4133	3902	3733	3442	3133	2868	2644	2465	2296	
177	9551	59.9	60.0	34	1	1	2	986	1307	1940	2811	3930	4866	5389	5411	5328	5077	4696	4305	3947	3548	3206	2989	2896	2908	3166	3519	3839	4126	4156	4103	3927	3652	3413	3170	2851	2648	2466	2317	
177	9568	60.0	60.0	34	1	1	2	986	1305	1913	2835	3961	4873	5450	5517	5363	5113	4755	4322	3920	3544	3247	3016	2881	2950	3169	3542	3893	4138	4194	4117	3905	3668	3419	3157	2858	2647	2457	2305	
177	9585	59.9	60.0	34	1	1	2	996	1304	1927	2818	3937	4897	5429	5446	5337	5103	4748	4297	3948	3506	3217	2951	2871	2914	3121	3513	3873	4151	4159	4052	3905	3656	3406	3100	2838	2641	2471	2290	
177	9603	59.9	60.0	34	1	1	2	1009	1286	1861	2871	3926	4892	5450	5456	5319	5109	4735	4333	3905	3519	3202	2969	2883	2933	3202	3493	3875	4116	4146	4096	3926	3655	3364	3129	2864	2638	2483	2283	
177	9620	60.0	60.0	34	1	1	2	1006	1301	1893	2808	3947	4842	5393	5445	5340	5057	4750	4302	3932	3519	3224	2994	2857	2884	3171	3498	3882	4103	4139	4086	3914	3663	3386	3135	2854	2628	2450	2284	
177	9637	60.0	60.0	34	1	1	2	1008	1295	1897	2811	3926	4874	5440	5453	5338	5098	4725	4324	3918	3521	3220	2961	2858	2877	3155	3523	3849	4125	4144	4086	3912	3650	3365	3138	2808	2632	2473	2304	
177	9700	95.0	95.0	35	1	0	2	916	1026	1363	1830	2400	2855	3176	3252	3241	3170	3016	2789	2605	2407	2300	2176	2190	2317	2542	2842	3141	3307	3336	3279	3160	2998	2840	2647	2463	2277	2144	2015	
177	9717	95.0	95.0	35	1	0	2	917	1058	1355	1824	2343	2858	3135	3240	3206	3122	2995	2787	2585	2408	2235	2189	2174	2288	2533	2868	3095	3283	3279	3268	3152	2951	2822	2622	2408	2263	2132	2005	
177	9780	59.8	60.1	35	1	1	2	987	1291	1919	2813	3920	4859	5411	5465	5346	5089	4723	4318	3969	3537	3238	3024	2879	2924	3183	3533	3858	4123	4193	4107	3936	3675	3380	3159	2842	2626	2460	2287	
177	9797	59.9	60.0	35	1	1	2	998	1300	1903	2835	3949	4887	5434	5435	5332	5107	4746	4309	3902	3540	3238	3010	2852	2933	3177	3488	3887	4142	4168	4096	3902	3663	3416	3134	2863	2640	2465	2320	
177	9814	59.9	60.0	35	1	1	2	990	1288	1918	2822	3968	4865	5430	5444	5400	5147	4728	4349	3974	3536	3214	2986	2831	2939	3178	3486	3886	4152	4186	4122	3916	3713	3394	3117	2874	2639	2458	2270	
177	9832	60.0	60.0	35	1	1	2	994	1297	1933	2824	3928	4890	5412	5496	5341	5088	4732	4303	3927	3546	3203	2989	2860	2900	3163	3515	3853	4117	4120	4131	3926	3670	3416	3141	2886	2633	2451	2329	
177	9849	59.9	60.0	35	1	1	2	985	1291	1904	2782	3906	4835	5379	5422	5299	5078	4733	4277	3895	3520	3189	2970	2829	2899	3128	3484	3893	4133	4147	4084	3875	3623	3387	3128	2825	2624	2466	2279	
177	9866	60.0	60.0	35	1	1	2	999	1298	1887	2797	3938	4873	5434	5454	5348	5109	4698	4296	3925	3526	3207	2939	2851	2921	3165	3498	3872	4128	4188	4052	3940	3660	3402	3120	2851	2661	2440	2316	
177	9883	60.0	60.0	35	1	1	2	997	1305	1890	2831	3931	4860	5410	5454	5311	5054	4679	4268	3915	3518	3203	2996	2834	2903	3175	3488	3856	4076	4169	4106	3909	3679	3404	3106	2859	2659	2448	2257	
177	9946	95.3	95.0	36	1	0	2	934	1049	1364	1825	2372	2813	3173	3241	3265	3162	2990	2775	2553	2411	2252	2173	2184	2322	2543	2827	3122	3318	3326	3262	3138	3019	2805	2581	2434	2288	2092	2010	
177	9963	95.0	95.0	36	1	0	2	923	1055	1345	1811	2374	2840	3166	3247	3246	3150	2995	2788	2611	2401	2264	2182	2187	2306	2526	2830	3151	3314	3317	3292	3166	3008	2834	2619	2404	2276	2147	2012	
177	10026	59.8	60.1	36	1	1	2	994	1295	1913	2856	3936	4880	5424	5491	5361	5094	4724	4323	3939	3559	3194	3007	2862	2938	3184	3518	3874	4125	4174	4106	3894	3643	3417	3128	2882	2649	2484	2290	
177	10043	59.9	60.0	36	1	1	2	986	1297	1908	2801	3921	4849	5439	5461	5304	5067	4746	4260	3936	3537	3217	2990	2861	2905	3162	3510	3848	4104	4174	4090	3876	3665	3389	3111	2818	2640	2460	2311	
177	10060	59.9	60.0	36	1	1	2	1006	1293	1891	2821	3972	4880	5418	5453	5381	5068	4735	4316	3920	3544	3232	2981	2882	2948	3210	3532	3897	4108	4156	4084	3886	3655	3406	3141	2845	2621	2456	2282	
177	10078	59.9	60.0	36	1	1	2	995	1295	1912	2809	3952	4879	5452	5460	5327	5079	4754	4300	3916	3510	3212	2983	2865	2906	3163	3509	3897	4136	4172	4089	3934	3669	3427	3125	2821	2637	2444	2281	
177	10095	59.9	60.0	36	1	1	2	1007	1279	1921	2840	3991	4918	5464	5462	5316	5062	4741	4282	3907	3564	3216	2986	2831	2885	3174	3479	3880	4144	4146	4128	3932	3631	3414	3103	2828	2636	2432	2280	
177	10112	60.0	60.0	36	1	1	2	1019	1270	1898	2838	3984	4918	5415	5431	5350	5078	4740	4290	3921	3520	3214	2972	2842	2925	3166	3504	3899	4120	4147	4096	3922	3643	3432	3117	2830	2632	2477	2296	
177	10129	60.0	60.0	36	1	1	2	1011	1268	1921	2808	3930	4875	5404	5438	5324	5055	4731	4284	3883	3533	3229	2966	2857	2911	3161	3532	3872	4092	4135	4074	3908	3652	3406	3139	2839	2626	2444	2288	
177	10192	95.2	95.0	37	1	0	2	922	1059	1382	1845	2354	2856	3155	3279	3271	3139	2982	2789	2606	2428	2247	2210	2179	2297	2552	2836	3132	3306	3349	3220	3193	2997	2801	2626	2427	2280	2150	1996	
177	10209	95.0	95.0	37	1	0	2	927	1059	1342	1808	2373	2830	3160	3249	3244	3143	3021	2786	2579	2401	2264	2183	2166	2315	2512	2834	3130	3318	3319	3280	3181	3009	2819	2633	2425	2280	2133	2004	
177	10272	59.8	60.1	37	1	1	2	1012	1313	1898	2840	3931	4926	5448	5456	5367	5128	4745	4299	3946	3551	3247	2986	2858	2989	3162	3522	3875	4159	4169	4108	3934	3694	3447	3149	2861	2635	2477	2283	
177	10289	59.9	60.0	37	1	1	2	982	1290	1900	2834	3961	4848	5432	5490	5336	5074	4765	4315	3934	3558	3244	2972	2863	2925	3181	3518	3885	4154	4135	4080	3948	3655	3413	3113	2833	2641	2452	2292	
177	10307	60.0	60.0	37	1	1	2	984	1311	1911	2816	3929	4883	5448	5504	5337	5086	4722	4329	3940	3545	3199	2981	2830	2901	3150	3491	3893	4126	4137	4107	3922	3637	3411	3100	2863	2631	2487	2286	
177	10324	59.9	60.0	37	1	1	2	996	1302	1926	2827	3945	4880	5457	5483	5360	5090	4788	4321	3950	3530	3223	3009	2871	2935	3154	3528	3922	4162	4171	4116	3923	3699	3397	3152	2874	2640	2468	2302	
177	10341	60.0	60.0	37	1	1	2	1005	1302	1890	2817	3878	4825	5389	5475	5384	5076	4773	4288	3925	3530	3229	2989	2857	2897	3153	3512	3888	4122	4135	4109	3917	3624	3392	3080	2855	2624	2450	2282	
177	10358	59.9	60.0	37	1	1	2	1000	1263	1906	2807	3906	4897	5431	5413	5349	5107	4730	4284	3905	3512	3203	2975	2851	2917	3153	3515	3911	4110	4098	4074	3876	3628	3387	3085	2837	2622	2460	2294	
177	10376	60.0	60.0	37	1	1	2	1000	1297	1918	2849	3930	4874	5411	5456	5348	5107	4717	4336	3945	3520	3214	2969	2846	2917	3183	3507	3860	4098	4151	4092	3926	3645	3425	3148	2826	2622	2464	2311	
177	10438	95.2	95.0	38	1	0	2	938	1064	1362	1838	2384	2836	3174	3276	3239	3161	3003	2796	2621	2407	2277	2198	2181	2299	2508	2838	3148	3317	3312	3277	3186	2974	2844	2647	2416	2261	2155	1983	
177	10455	95.0	95.0	38	1	0	2	918	1051	1379	1810	2368	2841	3176	3271	3265	3139	3006	2795	2598	2405	2277	2209	2161	2317	2551	2830	3131	3298	3320	3278	3166	2998	2809	2610	2453	2245	2128	2008	
177	10518	59.9	60.1	38	1	1	2	992	1326	1901	2812	3930	4920	5431	5522	5379	5118	4742	4330	3957	3590	3244	2994	2860	2932	3176	3542	3919	4144	4167	4109	3910	3690	3390	3149	2861	2658	2493	2293	
177	10535	59.9	60.0	38	1	1	2	989	1303	1927	2858	3971	4852	5448	5591	5339	5102	4745	4313	3928	3503	3213	2981	2874	2908	3165	3539	3897	4150	4131	4136	3964	3681	3408	3134	2877	2604	2440	2310	
177	10553	59.9	60.0	38	1	1	2	996	1289	1927	2825	3935	4885	5467	5486	5405	5098	4753	4319	3950	3534	3228	2986	2883	2954	3139	3541	3904	4127	4171	4114	3913	3629	3467	3129	2847	2651	2456	2294	
177	10570	59.9	60.0	38	1	1	2	1005	1258	1925	2820	3971	4873	5457	5432	5400	5066	4757	4302	3958	3547	3175	3005	2836	2924	3159	3526	3909	4112	4176	4108	3890	3644	3417	3118	2863	2607	2477	2322	
177	10587	59.9	60.0	38	1	1	2	1010	1294	1946	2827	3939	4913	5449	5481	5385	5138	4758	4316	3952	3550	3248	2988	2881	2948	3160	3519	3907	4119	4194	4123	3902	3666	3405	3128	2849	2601	2460	2331	
177	10604	60.0	60.0	38	1	1	2	1000	1305	1941	2841	3926	4944	5423	5505	5384	5069	4733	4342	3980	3574	3244	2985	2860	2924	3183	3545	3858	4141	4161	4100	3925	3648	3409	3111	2858	2667	2444	2293	
177	10622	60.0	60.0	38	1	1	2	1004	1301	1928	2846	3917	4881	5453	5490	5385	5107	4711	4319	3944	3572	3220	2980	2882	2939	3182	3518	3879	4139	4148	4104	3904	3650	3448	3109	2856	2640	2469	2322	
177	10686	95.1	95.1	39	1	0	2	944	1047	1367	1795	2384	2888	3193	3256	3267	3149	2998	2835	2623	2413	2280	2194	2182	2309	2558	2821	3121	3340	3326	3274	3142	2990	2840	2582	2452	2271	2152	2008	
177	10703	95.0	95.0	39	1	0	2	931	1057	1363	1826	2371	2865	3200	3279	3231	3149	3023	2817	2601	2429	2285	2179	2172	2340	2561	2848	3065	3312	3356	3303	3163	2954	2830	2592	2447	2281	2173	2008	
177	10764	59.8	60.2	39	1	1	2	1016	1305	1928	2835	3962	4926	5399	5485	5403	5096	4755	4287	3964	3544	3221	3008	2884	2938	3172	3548	3884	4165	4175	4134	3904	3603	3409	3131	2876	2649	2462	2275	
177	10781	59.9	60.0	39	1	1	2	1007	1309	1911	2858	3951	4907	5443	5501	5368	5122	4748	4321	3907	3535	3230	3018	2865	2925	3180	3533	3883	4158	4175	4100	3915	3672	3356	3140	2841	2651	2467	2290	
177	10799	60.0	60.0	39	1	1	2	994	1302	1926	2825	3942	4865	5462	5473	5341	5111	4736	4290	3923	3549	3218	2993	2859	2952	3147	3501	3879	4165	4155	4086	3908	3621	3426	3129	2837	2645	2459	2315	
177	10816	60.0	60.0	39	1	1	2	1010	1307	1917	2855	3953	4907	5456	5443	5349	5085	4778	4302	3964	3570	3270	2995	2863	2922	3120	3540	3900	4149	4152	4118	3927	3673	3388	3139	2862	2584	2472	2308	
177	10833	59.9	60.0	39	1	1	2	1038	1324	1915	2852	3963	4914	5424	5479	5352	5079	4744	4309	3924	3565	3228	3004	2841	2925	3169	3498	3876	4141	4156	4103	3838	3624	3428	3117	2846	2597	2464	2261	
177	10850	60.0	60.0	39	1	1	2	1009	1290	1915	2839	3950	4917	5462	5456	5379	5084	4746	4344	3952	3557	3224	2991	2870	2966	3164	3535	3880	4145	4155	4098	3910	3650	3436	3101	2861	2653	2472	2289	
177	10868	59.9	60.0	39	1	1	2	1005	1300	1929	2850	3951	4897	5392	5506	5388	5110	4754	4328	3950	3565	3219	2986	2861	2936	3177	3519	3933	4158	4172	4067	3887	3659	3427	3121	2865	2638	2479	2270	
177	10932	95.3	95.0	40	1	0	2	928	1053	1374	1827	2400	2881	3183	3288	3308	3165	3039	2806	2625	2446	2306	2213	2226	2349	2564	2853	3166	3340	3307	3301	3182	2998	2826	2640	2440	2300	2135	2028	
177	10949	95.0	95.0	40	1	0	2	937	1068	1384	1815	2377	2849	3206	3261	3244	3137	3060	2807	2606	2420	2276	2228	2169	2306	2570	2830	3109	3341	3322	3279	3160	3020	2828	2628	2429	2281	2136	2019	
177	11012	59.7	60.2	40	1	1	2	1025	1312	1940	2857	3970	4914	5527	5489	5415	5143	4772	4361	3973	3565	3242	3024	2892	2975	3202	3521	3903	4122	4188	4085	3963	3690	3398	3147	2853	2674	2477	2271	
177	11030	59.9	60.0	40	1	1	2	1020	1313	1943	2816	3959	4995	5468	5489	5337	5102	4803	4384	3963	3566	3254	3013	2888	2958	3167	3523	3907	4176	4169	4124	3931	3670	3442	3118	2848	2653	2434	2295	
177	11047	59.9	60.0	40	1	1	2	1029	1297	1931	2867	4002	4915	5469	5523	5392	5140	4783	4345	3965	3562	3242	3026	2892	2972	3161	3531	3936	4109	4132	4136	3910	3637	3437	3142	2876	2676	2473	2311	
177	11064	60.0	60.0	40	1	1	2	1008	1295	1931	2883	3940	4886	5466	5510	5368	5089	4771	4330	4010	3557	3242	3006	2880	2938	3198	3506	3896	4144	4167	4104	3919	3650	3418	3136	2867	2603	2492	2295	
177	11081	59.9	60.0	40	1	1	2	1015	1335	1925	2826	3954	4919	5413	5490	5372	5102	4789	4314	3932	3593	3260	3012	2862	2945	3189	3530	3889	4149	4178	4117	3920	3682	3410	3111	2848	2622	2459	2306	
177	11099	60.0	60.0	40	1	1	2	1017	1307	1936	2874	3934	4878	5481	5530	5398	5108	4798	4324	3937	3598	3258	3026	2849	2950	3138	3523	3890	4154	4184	4093	3941	3689	3419	3119	2875	2635	2473	2274	
177	11116	60.0	60.0	40	1	1	2	1013	1313	1936	2829	3988	4941	5463	5465	5382	5096	4764	4358	3933	3581	3244	3006	2878	2955	3127	3536	3881	4161	4158	4083	3932	3646	3412	3120	2844	2646	2479	2302	
