Well	Time (1/2 s)	Block Temp	Sample Temp	Repetition	PCR Stage	Extension	Scale	B1	B2	B3	B4	B5	B6	B7	B8	B9	B10	B11	B12	B13	B14	B15	B16	B17	B18	B19	B20	B21	B22	B23	B24	B25	B26	B27	B28	B29	B30	B31	B32
108	103	95.3	95.0	1	0	0	2	937	1073	1343	1782	2284	2796	3027	3158	3123	3027	2912	2694	2535	2353	2224	2127	2140	2221	2427	2714	3008	3167	3198	3158	3036	2900	2688	2548	2362	2200	2093	1938	
108	120	95.0	95.0	1	0	0	2	939	1043	1337	1764	2274	2718	3044	3113	3081	3008	2875	2672	2502	2305	2203	2143	2107	2227	2432	2727	3004	3136	3233	3135	3038	2897	2702	2552	2323	2200	2068	1969	
108	138	95.0	95.0	1	0	0	2	932	1059	1320	1756	2284	2715	3003	3091	3089	2976	2880	2677	2486	2334	2180	2104	2142	2218	2435	2690	2980	3152	3218	3153	2997	2897	2698	2508	2371	2194	2066	1971	
108	155	94.9	95.0	1	0	0	2	951	1049	1332	1773	2264	2736	2968	3141	3101	3004	2858	2661	2500	2302	2187	2119	2125	2199	2436	2709	2953	3134	3183	3110	3017	2891	2703	2528	2355	2197	2090	1973	
108	172	95.0	95.0	1	0	0	2	939	1045	1322	1769	2279	2724	2996	3096	3128	3001	2843	2666	2498	2304	2183	2119	2114	2226	2415	2698	2965	3140	3170	3147	2977	2871	2694	2506	2371	2206	2072	1962	
108	189	95.0	95.0	1	0	0	2	929	1063	1334	1759	2252	2694	3000	3104	3092	2984	2861	2671	2483	2307	2170	2136	2106	2224	2447	2744	2948	3139	3195	3138	3010	2850	2729	2507	2342	2215	2095	1952	
108	207	94.9	95.0	1	0	0	2	938	1056	1331	1773	2240	2748	2989	3104	3093	3003	2849	2648	2471	2346	2175	2110	2109	2225	2441	2714	2973	3122	3186	3150	2974	2852	2736	2516	2373	2187	2052	1951	
108	224	95.0	95.0	1	0	0	2	921	1046	1333	1781	2274	2724	3004	3142	3070	2969	2856	2710	2491	2337	2165	2105	2114	2220	2426	2728	2951	3140	3189	3113	3020	2864	2690	2495	2361	2195	2084	1984	
108	241	95.0	95.0	1	0	0	2	937	1061	1316	1767	2263	2722	2977	3117	3127	3007	2849	2709	2496	2306	2189	2091	2115	2234	2436	2714	2968	3136	3175	3141	3031	2855	2698	2506	2379	2201	2064	1962	
108	258	95.0	95.0	1	0	0	2	928	1049	1347	1754	2276	2722	3007	3111	3144	3009	2848	2739	2495	2350	2184	2122	2110	2234	2419	2707	2971	3144	3215	3138	3014	2872	2677	2516	2399	2213	2080	1968	
108	276	94.9	95.0	1	0	0	2	956	1055	1342	1786	2300	2734	3001	3131	3086	2999	2889	2655	2491	2340	2197	2140	2111	2221	2479	2699	2991	3155	3203	3164	3029	2894	2730	2532	2349	2189	2081	1954	
108	293	94.9	95.0	1	0	0	2	944	1053	1333	1747	2284	2701	3012	3139	3077	3027	2897	2675	2494	2319	2183	2140	2128	2208	2450	2738	2948	3149	3184	3133	3010	2870	2699	2526	2368	2223	2086	1946	
108	310	95.0	95.0	1	0	0	2	927	1058	1337	1758	2288	2755	2992	3113	3112	2986	2852	2711	2509	2312	2162	2132	2128	2218	2441	2744	2984	3129	3163	3173	3022	2908	2713	2548	2353	2215	2082	1961	
108	327	95.0	95.0	1	0	0	2	940	1068	1334	1769	2279	2718	3011	3151	3113	3004	2865	2678	2491	2328	2202	2111	2120	2242	2451	2737	2959	3123	3213	3176	3031	2892	2714	2519	2359	2186	2108	1955	
108	344	95.0	95.0	1	0	0	2	926	1077	1324	1763	2294	2733	3022	3112	3124	3023	2871	2686	2490	2326	2202	2082	2136	2242	2450	2736	3010	3125	3181	3164	3042	2870	2755	2530	2353	2215	2062	1959	
108	362	95.0	95.0	1	0	0	2	933	1057	1325	1745	2283	2748	3007	3158	3066	3009	2880	2711	2540	2326	2188	2136	2084	2232	2446	2714	2996	3112	3199	3141	3009	2878	2710	2543	2362	2197	2078	1948	
108	379	94.9	95.0	1	0	0	2	938	1048	1337	1758	2279	2736	3012	3124	3124	3000	2853	2698	2500	2305	2185	2120	2119	2198	2442	2735	2931	3099	3198	3146	3020	2879	2686	2510	2384	2199	2094	1976	
108	396	95.0	95.0	1	0	0	2	924	1059	1322	1756	2285	2747	3021	3124	3138	2998	2889	2682	2498	2337	2172	2123	2125	2235	2462	2750	2969	3190	3174	3168	3026	2882	2703	2537	2377	2214	2089	1964	
108	413	95.0	95.0	1	0	0	2	932	1037	1333	1773	2285	2725	3008	3122	3109	2995	2886	2684	2493	2381	2171	2134	2069	2247	2456	2708	2949	3134	3175	3159	2999	2870	2706	2557	2365	2216	2090	1970	
108	431	94.9	95.0	1	0	0	2	936	1050	1325	1756	2296	2733	3027	3153	3086	3050	2885	2667	2493	2348	2165	2116	2111	2238	2448	2721	2977	3148	3209	3131	2996	2888	2698	2546	2381	2212	2101	1955	
108	448	95.0	95.0	1	0	0	2	939	1067	1334	1772	2266	2733	3029	3115	3118	2993	2880	2670	2512	2349	2223	2145	2111	2238	2410	2706	2991	3113	3198	3137	3035	2866	2706	2539	2346	2199	2086	1975	
108	465	95.0	95.0	1	0	0	2	938	1051	1326	1764	2302	2733	3033	3167	3118	3004	2873	2697	2485	2324	2180	2116	2125	2271	2434	2725	3013	3155	3188	3164	3052	2902	2704	2523	2350	2231	2070	1978	
108	482	94.9	95.0	1	0	0	2	942	1054	1341	1775	2269	2751	2973	3112	3115	3012	2874	2691	2514	2331	2176	2112	2153	2218	2444	2754	2985	3136	3180	3153	3050	2872	2685	2541	2345	2216	2080	1988	
108	500	95.0	95.0	1	0	0	2	932	1056	1350	1788	2303	2712	3035	3140	3123	3028	2883	2706	2521	2341	2200	2147	2113	2237	2450	2706	2956	3170	3199	3174	3018	2881	2722	2516	2384	2195	2092	1981	
108	517	95.0	95.0	1	0	0	2	928	1059	1339	1780	2286	2722	3019	3176	3104	2997	2866	2748	2505	2352	2178	2142	2116	2219	2450	2736	2968	3147	3229	3150	3037	2905	2709	2556	2384	2205	2084	1971	
108	534	95.0	95.0	1	0	0	2	935	1050	1343	1737	2324	2744	3005	3165	3149	3040	2885	2697	2507	2348	2191	2124	2138	2237	2465	2759	2977	3149	3220	3161	3030	2908	2728	2544	2370	2208	2095	1980	
108	551	95.0	95.0	1	0	0	2	929	1051	1335	1766	2289	2748	3011	3160	3094	3025	2897	2684	2485	2348	2185	2159	2097	2237	2463	2716	2966	3131	3216	3163	3041	2916	2704	2530	2366	2203	2104	1950	
108	569	95.0	95.0	1	0	0	2	923	1057	1329	1747	2307	2784	3034	3130	3130	3022	2865	2697	2509	2334	2216	2124	2162	2233	2443	2706	2969	3164	3224	3149	3032	2902	2732	2569	2401	2213	2059	1957	
108	586	94.9	95.0	1	0	0	2	944	1033	1336	1787	2287	2777	2995	3142	3101	3023	2897	2690	2526	2353	2212	2122	2139	2261	2464	2726	3036	3176	3223	3162	3050	2901	2721	2578	2395	2214	2084	1979	
108	603	95.0	95.0	1	0	0	2	932	1090	1338	1793	2308	2761	3019	3168	3130	3033	2896	2699	2497	2350	2225	2121	2134	2244	2455	2738	3001	3140	3184	3132	3025	2906	2712	2537	2369	2209	2095	1981	
108	620	95.0	95.0	1	0	0	2	935	1074	1329	1787	2293	2768	3046	3136	3124	3017	2883	2711	2506	2352	2180	2140	2137	2235	2477	2749	2980	3148	3204	3172	3029	2907	2742	2542	2387	2218	2100	1991	
108	638	95.0	95.0	1	0	0	2	944	1046	1336	1778	2304	2760	2986	3141	3116	3032	2896	2725	2534	2352	2194	2138	2119	2222	2434	2754	3038	3147	3210	3151	3043	2876	2720	2555	2359	2235	2113	1971	
108	655	95.0	95.0	1	0	0	2	929	1053	1315	1794	2314	2757	3037	3162	3126	2992	2918	2683	2526	2337	2208	2156	2121	2223	2436	2746	3001	3182	3218	3199	3039	2897	2715	2556	2386	2250	2112	1980	
108	672	95.0	95.0	1	0	0	2	936	1096	1328	1778	2313	2761	3069	3177	3154	3024	2907	2719	2526	2362	2211	2167	2158	2198	2469	2754	2996	3176	3213	3153	3051	2891	2722	2553	2367	2190	2114	1981	
108	689	95.0	95.0	1	0	0	2	927	1048	1341	1766	2297	2754	3050	3154	3138	3025	2905	2692	2535	2358	2210	2167	2125	2253	2458	2748	3017	3158	3230	3145	3052	2895	2755	2585	2396	2221	2105	1983	
108	707	95.0	95.0	1	0	0	2	933	1048	1336	1762	2291	2780	3035	3205	3137	3058	2921	2687	2523	2333	2194	2144	2135	2260	2455	2765	2999	3184	3243	3176	3065	2908	2741	2558	2391	2221	2106	1997	
108	724	94.9	95.0	1	0	0	2	934	1041	1347	1769	2288	2749	3047	3222	3150	3011	2920	2741	2537	2343	2217	2168	2113	2231	2517	2731	3047	3155	3240	3169	3037	2895	2743	2553	2370	2219	2104	1993	
108	741	95.0	95.0	1	0	0	2	934	1056	1333	1795	2300	2784	3056	3158	3140	3060	2889	2743	2529	2354	2208	2148	2150	2231	2448	2755	2983	3152	3236	3176	3029	2918	2783	2544	2387	2213	2089	1964	
108	758	95.0	95.0	1	0	0	2	927	1061	1331	1801	2275	2773	3018	3193	3146	3027	2902	2737	2523	2363	2184	2126	2140	2255	2444	2774	2957	3156	3195	3151	3065	2887	2704	2563	2389	2218	2088	1989	
108	776	95.0	95.0	1	0	0	2	916	1061	1330	1770	2316	2751	3039	3174	3156	3041	2914	2742	2491	2355	2212	2114	2133	2250	2446	2769	2997	3189	3228	3211	3081	2912	2737	2552	2367	2223	2097	1955	
108	793	95.0	95.0	1	0	0	2	936	1057	1317	1800	2301	2755	3028	3165	3134	3047	2869	2729	2529	2384	2201	2143	2146	2218	2458	2732	3019	3167	3227	3197	3058	2900	2728	2563	2392	2204	2090	1972	
108	810	94.9	95.0	1	0	0	2	945	1045	1343	1802	2309	2775	3028	3165	3116	3053	2881	2725	2535	2370	2216	2129	2141	2233	2446	2741	2994	3166	3213	3168	3043	2909	2727	2561	2355	2236	2070	1964	
108	827	95.0	95.0	1	0	0	2	937	1062	1344	1792	2324	2779	3023	3204	3141	3025	2916	2697	2508	2352	2201	2132	2161	2250	2467	2743	3002	3191	3237	3202	3078	2908	2735	2584	2369	2227	2116	1963	
108	845	94.9	95.0	1	0	0	2	928	1054	1360	1779	2308	2783	3022	3173	3167	3037	2900	2737	2531	2365	2225	2166	2167	2278	2467	2733	3007	3152	3227	3185	3054	2925	2749	2544	2385	2230	2077	1979	
108	862	95.0	95.0	1	0	0	2	939	1066	1335	1781	2297	2766	3049	3177	3140	3034	2897	2730	2550	2326	2203	2146	2134	2233	2435	2768	3000	3176	3213	3162	3071	2917	2736	2566	2383	2226	2084	1970	
108	879	94.9	95.0	1	0	0	2	936	1052	1357	1768	2313	2744	3046	3185	3182	3026	2902	2746	2550	2372	2180	2149	2147	2233	2480	2773	3004	3187	3211	3200	3058	2924	2727	2562	2396	2230	2100	1975	
108	896	95.0	95.0	1	0	0	2	915	1065	1335	1790	2295	2787	3049	3179	3131	3045	2903	2756	2510	2356	2219	2156	2152	2249	2454	2775	3007	3177	3266	3165	3020	2907	2724	2574	2393	2223	2084	1992	
108	914	95.0	95.0	1	0	0	2	941	1055	1347	1774	2298	2776	3059	3182	3169	3058	2905	2743	2533	2365	2221	2124	2148	2267	2469	2763	2975	3195	3219	3195	3053	2918	2743	2579	2380	2243	2108	1996	
108	931	94.9	95.0	1	0	0	2	931	1058	1350	1768	2279	2765	3062	3168	3200	3066	2897	2697	2520	2352	2189	2147	2121	2233	2469	2750	3007	3148	3282	3202	3052	2927	2738	2558	2359	2226	2073	1960	
108	948	95.0	95.0	1	0	0	2	915	1058	1350	1810	2297	2766	3030	3195	3148	3023	2904	2729	2560	2358	2190	2146	2124	2241	2460	2762	3006	3199	3242	3148	3080	2907	2699	2558	2382	2230	2071	2009	
108	965	95.0	95.0	1	0	0	2	944	1085	1332	1788	2298	2777	3034	3215	3142	3028	2929	2734	2556	2382	2226	2162	2146	2244	2442	2742	2980	3171	3225	3187	3077	2905	2732	2544	2379	2226	2120	1985	
108	983	95.0	95.0	1	0	0	2	930	1078	1320	1802	2302	2766	3043	3195	3168	3033	2926	2779	2519	2388	2199	2121	2103	2239	2448	2742	3009	3152	3245	3180	3056	2908	2708	2557	2416	2226	2097	1976	
108	1000	95.0	95.0	1	0	0	2	950	1054	1345	1777	2331	2799	3045	3180	3162	3079	2942	2745	2548	2374	2203	2126	2154	2235	2456	2732	2998	3171	3206	3182	3036	2931	2737	2560	2394	2211	2120	1983	
108	1017	94.9	95.0	1	0	0	2	938	1052	1344	1789	2318	2807	3082	3160	3176	3059	2913	2740	2518	2354	2214	2156	2136	2240	2461	2753	2991	3149	3224	3196	3053	2932	2718	2544	2355	2235	2098	1984	
108	1034	95.0	95.0	1	0	0	2	926	1062	1357	1775	2332	2771	3057	3171	3143	3009	2933	2727	2517	2364	2195	2166	2128	2237	2468	2752	2991	3167	3252	3168	3034	2906	2752	2551	2411	2216	2103	1960	
108	1052	95.0	95.0	1	0	0	2	938	1052	1350	1776	2293	2785	3042	3169	3159	3063	2935	2723	2543	2383	2233	2123	2130	2234	2466	2733	2996	3138	3236	3175	3067	2919	2741	2545	2373	2203	2085	1988	
108	1069	95.0	95.0	1	0	0	2	948	1063	1333	1777	2324	2753	3059	3191	3166	3030	2893	2729	2557	2349	2221	2153	2139	2232	2481	2751	2967	3198	3211	3191	3073	2908	2723	2541	2381	2213	2085	1986	
108	1086	95.0	95.0	1	0	0	2	916	1056	1336	1783	2314	2785	3071	3182	3171	3032	2914	2732	2568	2385	2203	2151	2150	2244	2473	2782	2955	3198	3220	3187	3056	2878	2703	2574	2386	2231	2083	1976	
108	1103	95.0	95.0	1	0	0	2	941	1045	1322	1806	2328	2749	3063	3185	3155	3061	2915	2715	2564	2374	2242	2131	2144	2263	2467	2777	3013	3146	3275	3184	3064	2913	2720	2554	2385	2236	2099	1992	
108	1121	94.9	95.0	1	0	0	2	934	1050	1359	1774	2325	2767	3056	3220	3179	3036	2923	2732	2539	2367	2204	2142	2140	2256	2469	2758	2989	3190	3233	3152	3084	2902	2727	2575	2387	2251	2117	1989	
108	1138	95.0	95.0	1	0	0	2	928	1065	1361	1771	2317	2768	3072	3206	3150	3047	2908	2712	2543	2340	2200	2154	2129	2262	2435	2759	3001	3165	3203	3213	3058	2923	2757	2558	2405	2205	2106	1989	
108	1155	95.0	95.0	1	0	0	2	933	1053	1337	1801	2325	2772	3067	3188	3157	3030	2916	2741	2517	2376	2198	2137	2142	2242	2441	2731	3008	3174	3255	3183	3020	2908	2744	2559	2381	2236	2115	1984	
108	1172	95.0	95.0	1	0	0	2	949	1058	1349	1814	2333	2766	3058	3210	3171	3044	2924	2757	2531	2380	2206	2163	2154	2259	2468	2764	3008	3158	3239	3207	3053	2917	2721	2547	2403	2217	2129	1960	
108	1190	94.9	95.0	1	0	0	2	931	1057	1343	1799	2309	2773	3028	3204	3159	3032	2910	2729	2531	2355	2226	2132	2118	2244	2470	2765	3006	3195	3257	3178	3068	2923	2730	2553	2380	2249	2097	1986	
108	1207	95.0	95.0	1	0	0	2	915	1056	1346	1788	2323	2788	3073	3186	3153	3051	2912	2748	2557	2374	2203	2153	2149	2258	2452	2740	3003	3195	3263	3184	3032	2908	2753	2533	2395	2224	2101	1981	
108	1224	95.0	95.0	1	0	0	2	928	1049	1332	1791	2329	2785	3041	3187	3161	3002	2934	2747	2548	2394	2202	2155	2143	2227	2455	2772	3009	3169	3201	3194	3053	2887	2739	2549	2363	2236	2095	1988	
108	1241	95.0	95.0	1	0	0	2	939	1044	1349	1790	2317	2773	3060	3168	3142	3046	2920	2732	2541	2358	2211	2145	2133	2254	2478	2726	3005	3167	3186	3169	3027	2900	2754	2529	2352	2233	2120	1968	
108	1259	95.0	95.0	1	0	0	2	919	1059	1331	1774	2321	2776	3061	3170	3182	3055	2929	2754	2528	2376	2195	2122	2107	2236	2444	2729	3002	3168	3220	3160	3062	2937	2724	2573	2370	2222	2115	1969	
108	1276	94.9	95.0	1	0	0	2	936	1064	1350	1776	2313	2773	3064	3173	3171	3057	2894	2732	2550	2359	2219	2152	2141	2215	2449	2764	2994	3146	3226	3174	3042	2905	2736	2533	2350	2215	2082	1983	
108	1293	95.0	95.0	1	0	0	2	938	1052	1359	1801	2326	2790	3057	3218	3141	3073	2913	2739	2538	2377	2221	2145	2132	2244	2442	2731	3003	3166	3253	3200	3045	2935	2720	2573	2390	2246	2118	1974	
108	1322	94.9	95.0	1	1	0	2	930	1055	1351	1756	2321	2763	3091	3236	3143	3042	2895	2732	2550	2367	2221	2148	2163	2233	2458	2750	3006	3159	3251	3165	3051	2930	2728	2542	2393	2225	2096	1970	
108	1386	59.7	60.2	1	1	1	2	1015	1276	1841	2787	3840	4763	5226	5392	5247	4930	4669	4250	3828	3479	3170	2924	2812	2858	3042	3401	3685	3915	4009	3945	3789	3534	3276	3027	2777	2570	2409	2264	
108	1403	60.0	60.1	1	1	1	2	1010	1260	1872	2817	3876	4808	5261	5441	5245	4925	4620	4264	3865	3524	3164	2945	2831	2833	3042	3379	3728	3945	4032	3958	3764	3534	3306	3080	2790	2564	2390	2241	
108	1420	59.9	60.0	1	1	1	2	1024	1272	1883	2800	3845	4760	5256	5399	5219	4930	4622	4276	3820	3400	3124	2940	2811	2824	3080	3383	3729	3906	4002	3948	3732	3544	3281	3002	2800	2570	2394	2248	
108	1438	59.9	60.0	1	1	1	2	1014	1261	1872	2778	3860	4744	5218	5384	5216	4940	4623	4219	3794	3479	3123	2904	2784	2832	3043	3402	3686	3925	4034	3928	3726	3580	3273	3009	2785	2539	2380	2253	
108	1455	60.0	60.0	1	1	1	2	1014	1240	1850	2796	3827	4739	5194	5362	5176	4941	4633	4175	3800	3454	3132	2953	2792	2844	3052	3373	3674	3937	3983	3905	3734	3528	3269	2997	2749	2571	2391	2208	
108	1472	60.0	60.0	1	1	1	2	1016	1278	1856	2765	3876	4734	5186	5385	5219	4900	4595	4245	3840	3454	3107	2941	2798	2839	3035	3357	3687	3903	3950	3909	3731	3518	3252	3007	2799	2573	2370	2218	
108	1489	60.0	60.0	1	1	1	2	1018	1243	1858	2771	3864	4708	5157	5336	5169	4900	4557	4241	3818	3440	3127	2922	2792	2807	3040	3365	3653	3941	3969	3874	3732	3526	3268	2971	2751	2555	2384	2223	
108	1552	95.4	94.9	2	1	0	2	944	1051	1316	1790	2291	2729	3009	3143	3071	3003	2866	2692	2497	2336	2190	2121	2100	2188	2420	2709	2943	3072	3150	3107	3004	2882	2663	2501	2357	2199	2051	1946	
108	1569	95.0	95.0	2	1	0	2	935	1055	1339	1760	2299	2712	2984	3164	3089	2991	2827	2647	2482	2338	2176	2101	2096	2199	2368	2707	2935	3071	3147	3107	3022	2839	2646	2483	2288	2166	2046	1958	
108	1630	59.7	60.3	2	1	1	2	1034	1245	1837	2710	3733	4573	5075	5193	5063	4776	4439	4081	3732	3385	3094	2861	2705	2793	2977	3311	3625	3823	3917	3876	3665	3456	3235	2955	2720	2505	2378	2201	
108	1647	60.0	60.1	2	1	1	2	1003	1249	1845	2713	3725	4579	5084	5220	5092	4800	4457	4097	3732	3369	3065	2892	2757	2775	3017	3305	3631	3807	3906	3854	3663	3495	3180	2972	2734	2534	2348	2206	
108	1664	60.0	60.0	2	1	1	2	1006	1248	1831	2713	3756	4629	5108	5246	5100	4796	4504	4117	3722	3374	3084	2876	2747	2775	3010	3328	3632	3856	3951	3862	3714	3470	3255	2981	2733	2536	2368	2225	
108	1682	60.0	60.0	2	1	1	2	1017	1263	1838	2750	3786	4611	5133	5211	5070	4813	4540	4095	3747	3417	3082	2897	2753	2810	2984	3308	3632	3828	3944	3858	3693	3481	3212	2979	2729	2538	2357	2223	
108	1699	60.0	60.0	2	1	1	2	1023	1238	1861	2723	3781	4626	5094	5295	5120	4803	4495	4121	3668	3401	3072	2889	2753	2788	2970	3337	3667	3865	3917	3845	3701	3482	3246	2972	2745	2530	2348	2221	
108	1716	60.0	60.0	2	1	1	2	1015	1268	1834	2730	3800	4691	5110	5315	5135	4834	4483	4141	3760	3438	3097	2865	2727	2799	3004	3361	3643	3862	3962	3871	3689	3495	3213	2966	2755	2521	2361	2208	
108	1733	60.0	60.0	2	1	1	2	1025	1243	1840	2726	3791	4687	5117	5286	5136	4858	4519	4168	3771	3408	3078	2901	2772	2811	3019	3314	3639	3820	3941	3883	3677	3460	3219	2994	2720	2540	2360	2206	
108	1796	95.2	95.0	3	1	0	2	934	1056	1347	1794	2295	2764	3018	3166	3133	3036	2870	2704	2503	2350	2186	2133	2095	2208	2402	2709	2914	3131	3160	3118	2992	2855	2680	2488	2351	2187	2060	1940	
108	1813	95.0	95.0	3	1	0	2	934	1044	1327	1736	2267	2730	3004	3131	3079	2999	2869	2685	2513	2330	2159	2091	2079	2209	2425	2688	2929	3091	3154	3130	3008	2859	2697	2490	2342	2175	2068	1940	
108	1874	59.7	60.3	3	1	1	2	1006	1247	1849	2722	3715	4578	5015	5172	5034	4791	4489	4074	3692	3370	3046	2891	2713	2788	2984	3284	3600	3822	3903	3810	3676	3448	3195	2944	2725	2508	2363	2185	
108	1891	60.0	60.1	3	1	1	2	1024	1259	1815	2705	3720	4612	5007	5184	5057	4737	4434	4071	3723	3402	3025	2846	2744	2740	2961	3320	3605	3798	3898	3875	3655	3435	3217	2957	2701	2510	2341	2181	
108	1909	59.9	60.0	3	1	1	2	1013	1248	1831	2741	3747	4573	5057	5228	5041	4773	4486	4129	3720	3384	3054	2860	2757	2755	2978	3337	3623	3833	3915	3859	3666	3450	3195	2962	2714	2516	2358	2194	
108	1926	59.9	60.0	3	1	1	2	1004	1257	1844	2719	3783	4596	5099	5226	5104	4786	4512	4121	3719	3374	3094	2871	2721	2787	2999	3295	3580	3806	3946	3835	3674	3464	3184	2968	2722	2515	2350	2150	
108	1943	59.9	60.0	3	1	1	2	1010	1253	1853	2754	3765	4668	5064	5263	5100	4813	4474	4126	3767	3419	3091	2923	2732	2807	2970	3293	3643	3820	3928	3837	3704	3478	3229	2960	2722	2541	2346	2209	
108	1960	60.0	60.0	3	1	1	2	1010	1243	1856	2736	3801	4612	5129	5266	5126	4815	4503	4153	3732	3425	3109	2881	2776	2786	3028	3298	3627	3882	3918	3856	3692	3452	3214	2960	2726	2500	2356	2217	
108	1978	59.9	60.0	3	1	1	2	1010	1256	1844	2701	3771	4636	5103	5279	5115	4794	4512	4109	3760	3439	3059	2895	2745	2796	2976	3286	3620	3828	3907	3863	3660	3490	3216	2933	2743	2524	2341	2203	
108	2042	95.3	95.0	4	1	0	2	931	1049	1330	1769	2278	2722	3016	3128	3094	2988	2871	2667	2491	2343	2176	2135	2101	2172	2422	2684	2940	3078	3149	3111	2980	2839	2707	2475	2359	2167	2092	1947	
108	2059	95.0	95.0	4	1	0	2	926	1070	1287	1764	2236	2680	3008	3080	3071	3005	2841	2672	2484	2310	2171	2105	2083	2193	2406	2642	2877	3055	3129	3112	2976	2803	2645	2493	2321	2192	2056	1908	
108	2122	59.6	60.2	4	1	1	2	1014	1231	1819	2706	3716	4559	5054	5176	5028	4723	4453	4075	3728	3380	3044	2882	2743	2760	2961	3303	3604	3808	3880	3835	3680	3466	3230	2931	2732	2525	2366	2177	
108	2140	60.0	60.0	4	1	1	2	1012	1238	1831	2718	3732	4605	4982	5240	4988	4775	4457	4125	3702	3360	3041	2865	2732	2743	2956	3287	3601	3841	3890	3840	3665	3477	3188	2935	2713	2526	2349	2135	
108	2157	59.9	60.0	4	1	1	2	1003	1254	1818	2711	3753	4597	5068	5228	5054	4799	4500	4123	3731	3399	3033	2884	2723	2755	2986	3299	3622	3822	3903	3840	3646	3479	3205	2944	2722	2508	2360	2181	
108	2174	59.9	60.0	4	1	1	2	988	1248	1855	2736	3765	4628	5053	5306	5112	4747	4479	4112	3705	3360	3077	2872	2746	2763	3004	3284	3648	3828	3906	3861	3654	3491	3212	2970	2769	2510	2321	2212	
108	2191	59.9	60.0	4	1	1	2	1016	1277	1838	2755	3755	4654	5097	5256	5092	4791	4496	4146	3786	3424	3068	2872	2744	2756	2965	3290	3629	3822	3921	3852	3650	3445	3212	2936	2733	2504	2364	2192	
108	2209	60.0	60.0	4	1	1	2	1002	1279	1822	2787	3781	4606	5107	5254	5112	4750	4511	4120	3789	3412	3017	2903	2739	2772	2958	3314	3606	3850	3913	3824	3639	3463	3193	2949	2713	2504	2356	2213	
108	2226	60.0	60.0	4	1	1	2	1012	1248	1849	2741	3792	4616	5090	5293	5100	4816	4532	4142	3741	3398	3044	2868	2741	2774	2973	3313	3597	3813	3906	3854	3622	3441	3170	2915	2697	2499	2352	2200	
108	2288	95.4	94.9	5	1	0	2	932	1040	1341	1773	2273	2716	3000	3154	3104	2997	2851	2686	2527	2314	2169	2098	2081	2187	2401	2669	2915	3085	3138	3079	2986	2847	2671	2480	2293	2182	2042	1938	
108	2305	95.0	95.0	5	1	0	2	928	1047	1325	1749	2286	2687	2990	3075	3068	2931	2806	2665	2460	2335	2137	2085	2064	2177	2386	2688	2905	3067	3115	3077	2969	2812	2649	2490	2311	2167	2035	1918	
108	2368	59.6	60.3	5	1	1	2	1012	1246	1819	2698	3742	4553	4979	5166	5052	4758	4455	4070	3697	3341	3041	2819	2686	2735	2956	3289	3593	3774	3874	3798	3641	3442	3191	2930	2707	2483	2329	2197	
108	2386	60.0	60.0	5	1	1	2	1018	1242	1810	2712	3738	4566	5046	5191	5034	4728	4461	4084	3715	3365	3045	2880	2713	2774	2949	3274	3568	3792	3870	3798	3650	3444	3203	2963	2703	2484	2338	2175	
108	2403	60.0	60.0	5	1	1	2	1009	1252	1836	2713	3708	4565	5055	5206	5078	4775	4475	4136	3702	3355	3069	2850	2712	2748	2963	3279	3599	3799	3870	3832	3642	3452	3174	2946	2704	2501	2332	2202	
108	2420	60.0	60.0	5	1	1	2	1026	1250	1836	2723	3756	4658	5065	5236	5055	4802	4512	4104	3703	3378	3037	2872	2735	2770	2957	3282	3600	3808	3879	3861	3674	3440	3236	2943	2729	2526	2364	2187	
108	2437	60.0	60.0	5	1	1	2	1027	1259	1837	2706	3766	4612	5095	5204	5112	4793	4455	4081	3740	3366	3067	2867	2700	2742	2968	3267	3607	3820	3868	3817	3651	3446	3225	2928	2703	2496	2328	2190	
108	2455	60.0	60.0	5	1	1	2	1003	1245	1840	2729	3756	4599	5070	5232	5084	4858	4492	4129	3703	3354	3086	2868	2748	2786	2968	3294	3621	3822	3926	3835	3633	3405	3223	2945	2719	2505	2341	2164	
108	2472	60.0	60.0	5	1	1	2	1021	1272	1832	2744	3731	4598	5093	5222	5061	4789	4457	4098	3726	3380	3052	2869	2734	2754	2968	3273	3603	3805	3882	3825	3650	3427	3187	2924	2715	2510	2305	2199	
108	2536	95.3	95.0	6	1	0	2	936	1040	1348	1760	2276	2705	2982	3100	3091	2997	2857	2695	2476	2314	2167	2115	2078	2167	2402	2662	2898	3047	3133	3092	2959	2828	2673	2471	2326	2167	2056	1909	
108	2554	95.0	95.0	6	1	0	2	939	1043	1323	1754	2265	2684	2961	3075	3053	2961	2814	2669	2474	2307	2146	2060	2084	2191	2373	2663	2930	3051	3106	3076	2932	2808	2632	2448	2319	2155	2040	1945	
108	2616	59.7	60.3	6	1	1	2	1020	1246	1844	2714	3704	4553	4989	5194	4982	4738	4417	4103	3698	3356	3037	2796	2731	2756	2977	3288	3590	3816	3854	3816	3652	3435	3171	2942	2675	2488	2332	2166	
108	2634	60.0	60.0	6	1	1	2	1012	1252	1817	2720	3700	4592	5015	5156	5004	4762	4449	4019	3695	3373	3022	2849	2713	2786	2907	3280	3590	3770	3893	3788	3619	3398	3197	2928	2697	2495	2341	2181	
108	2651	60.0	60.0	6	1	1	2	1006	1241	1819	2741	3745	4603	5063	5202	5025	4779	4463	4107	3696	3348	3018	2850	2702	2766	2958	3277	3576	3781	3881	3796	3647	3398	3174	2929	2683	2495	2333	2183	
108	2668	60.0	60.0	6	1	1	2	1018	1260	1856	2714	3731	4567	5113	5231	5050	4753	4463	4085	3710	3354	3057	2876	2726	2784	2951	3269	3622	3780	3880	3831	3641	3420	3179	2939	2688	2495	2365	2180	
108	2685	59.9	60.0	6	1	1	2	1021	1244	1839	2700	3822	4569	5026	5224	5069	4807	4469	4150	3707	3361	3071	2895	2732	2744	2950	3289	3625	3805	3880	3810	3641	3436	3182	2929	2691	2486	2331	2168	
108	2703	59.9	60.0	6	1	1	2	1016	1262	1845	2712	3735	4624	5035	5216	5036	4793	4462	4109	3700	3380	3051	2838	2713	2766	2971	3294	3588	3785	3887	3845	3611	3440	3167	2929	2705	2467	2331	2180	
108	2720	59.9	60.0	6	1	1	2	1009	1240	1840	2745	3770	4592	5048	5173	5007	4729	4461	4097	3680	3346	3038	2829	2721	2764	2947	3267	3613	3792	3857	3796	3615	3412	3176	2921	2692	2473	2361	2200	
108	2784	95.2	95.0	7	1	0	2	931	1054	1328	1760	2277	2715	2991	3114	3088	2942	2824	2669	2483	2282	2133	2106	2098	2160	2380	2671	2893	3085	3100	3103	2935	2824	2654	2452	2311	2156	2043	1916	
108	2802	95.0	95.0	7	1	0	2	907	1048	1317	1712	2264	2693	2932	3065	3048	2964	2832	2614	2457	2286	2150	2087	2100	2174	2392	2645	2844	3054	3089	3063	2933	2804	2625	2468	2297	2149	2020	1916	
108	2864	59.6	60.4	7	1	1	2	1007	1214	1821	2689	3660	4558	5002	5118	4991	4723	4408	4059	3675	3342	3048	2843	2725	2766	2953	3275	3544	3773	3826	3780	3594	3421	3192	2920	2664	2508	2320	2165	
108	2882	59.9	60.0	7	1	1	2	1004	1241	1812	2673	3711	4519	4950	5132	4967	4692	4420	4023	3664	3332	3010	2808	2682	2721	2930	3261	3552	3758	3829	3759	3588	3382	3160	2869	2658	2486	2290	2162	
108	2899	59.9	60.0	7	1	1	2	1024	1246	1809	2705	3718	4577	5006	5201	4980	4751	4411	4056	3703	3356	3025	2820	2678	2749	2944	3268	3585	3770	3853	3798	3595	3404	3183	2917	2714	2527	2324	2199	
108	2916	60.0	60.0	7	1	1	2	1023	1247	1832	2693	3738	4631	5011	5192	5032	4772	4464	4082	3687	3370	3040	2812	2723	2753	2928	3262	3577	3765	3865	3775	3608	3413	3181	2942	2672	2482	2369	2176	
108	2933	60.0	60.0	7	1	1	2	1013	1256	1830	2690	3726	4589	5097	5191	5042	4778	4494	4098	3729	3365	3023	2852	2695	2773	2978	3298	3554	3773	3859	3796	3658	3435	3172	2914	2682	2485	2347	2180	
108	2951	60.0	60.0	7	1	1	2	1013	1238	1817	2710	3734	4597	4966	5202	4999	4744	4443	4088	3705	3355	3030	2838	2748	2768	2952	3289	3554	3792	3857	3807	3613	3390	3149	2925	2673	2500	2313	2156	
108	2968	60.0	60.0	7	1	1	2	1008	1247	1827	2730	3716	4553	4969	5198	5035	4746	4454	4028	3667	3338	3040	2857	2687	2738	2955	3300	3556	3805	3816	3793	3623	3412	3141	2934	2697	2483	2300	2173	
108	3032	95.4	94.9	8	1	0	2	909	1063	1318	1753	2266	2706	2994	3080	3082	2931	2854	2683	2456	2322	2158	2102	2072	2204	2392	2685	2912	3062	3098	3077	2944	2770	2625	2462	2296	2165	2015	1928	
108	3050	95.0	95.0	8	1	0	2	917	1035	1308	1759	2245	2650	2956	3068	3064	2981	2828	2632	2461	2277	2136	2085	2049	2142	2351	2676	2868	3019	3091	3029	2900	2767	2623	2463	2310	2149	2028	1906	
108	3113	59.7	60.2	8	1	1	2	1014	1228	1818	2650	3688	4511	4936	5104	4967	4678	4371	4040	3619	3358	3009	2820	2658	2709	2919	3248	3547	3752	3783	3720	3595	3414	3164	2895	2671	2466	2310	2152	
108	3130	59.9	60.0	8	1	1	2	999	1231	1819	2674	3692	4502	4967	5105	4966	4734	4406	4004	3643	3295	3004	2812	2674	2744	2913	3210	3569	3747	3809	3758	3624	3379	3142	2889	2683	2450	2305	2170	
108	3147	60.0	60.0	8	1	1	2	1019	1242	1819	2669	3672	4507	4980	5150	5005	4716	4369	4014	3669	3347	2966	2809	2685	2734	2925	3221	3563	3765	3821	3786	3554	3398	3145	2888	2672	2475	2308	2158	
108	3164	59.9	60.0	8	1	1	2	999	1232	1821	2705	3716	4572	5066	5167	5052	4734	4470	4029	3690	3319	3052	2846	2713	2737	2903	3266	3584	3854	3862	3759	3590	3391	3166	2907	2672	2461	2326	2158	
108	3182	60.0	60.0	8	1	1	2	1015	1246	1812	2703	3696	4584	5009	5137	5042	4714	4399	4015	3682	3361	3045	2824	2697	2744	2918	3234	3554	3753	3850	3746	3575	3430	3180	2913	2683	2500	2293	2153	
108	3199	60.0	60.0	8	1	1	2	1004	1228	1797	2671	3668	4537	4993	5128	4956	4689	4436	4037	3692	3306	3029	2833	2712	2733	2904	3252	3546	3730	3816	3746	3617	3403	3125	2882	2655	2483	2321	2165	
108	3216	59.9	60.0	8	1	1	2	999	1230	1813	2694	3695	4522	4958	5119	5004	4697	4417	4034	3670	3358	3002	2824	2663	2725	2899	3245	3524	3783	3831	3794	3594	3410	3133	2920	2676	2460	2299	2138	
108	3279	95.2	95.0	9	1	0	2	944	1056	1310	1762	2268	2693	2974	3049	3058	2965	2813	2645	2462	2317	2137	2096	2080	2182	2353	2628	2888	3040	3065	3059	2910	2798	2607	2449	2294	2130	2017	1899	
108	3296	95.0	95.0	9	1	0	2	927	1048	1330	1744	2242	2660	2896	3057	2998	2933	2761	2652	2414	2289	2122	2056	2088	2139	2315	2616	2867	3005	3040	3033	2905	2740	2596	2423	2294	2130	1996	1880	
108	3359	59.8	60.2	9	1	1	2	1015	1244	1786	2664	3643	4473	4907	5056	4921	4675	4381	4008	3630	3309	2973	2809	2686	2721	2907	3222	3524	3736	3796	3708	3562	3402	3153	2857	2655	2448	2329	2147	
108	3376	59.9	60.0	9	1	1	2	1006	1241	1803	2693	3631	4467	4902	5094	4933	4653	4354	4041	3594	3273	2983	2793	2658	2713	2900	3205	3507	3715	3780	3696	3561	3348	3096	2859	2657	2440	2284	2134	
108	3393	60.0	60.0	9	1	1	2	997	1230	1821	2633	3670	4458	4961	5085	4949	4705	4372	4019	3619	3320	2974	2789	2681	2726	2891	3220	3508	3711	3761	3722	3564	3361	3124	2893	2638	2445	2299	2164	
108	3410	60.0	60.0	9	1	1	2	1018	1242	1830	2680	3705	4572	4977	5134	4987	4722	4407	4028	3673	3319	2997	2830	2701	2697	2924	3255	3564	3721	3812	3772	3604	3378	3134	2895	2723	2475	2310	2174	
108	3428	59.9	60.0	9	1	1	2	1009	1240	1818	2660	3696	4527	4990	5120	4991	4668	4421	4016	3661	3293	3024	2826	2688	2734	2933	3198	3533	3759	3787	3778	3573	3385	3124	2872	2640	2454	2317	2157	
108	3445	60.0	60.0	9	1	1	2	964	1235	1840	2668	3669	4496	4963	5102	4974	4704	4396	4034	3640	3314	2996	2827	2676	2728	2926	3275	3551	3745	3800	3728	3571	3370	3122	2902	2674	2460	2267	2171	
108	3462	60.0	60.0	9	1	1	2	980	1247	1816	2681	3659	4508	4945	5090	4924	4668	4407	4030	3646	3299	2968	2796	2701	2705	2906	3206	3507	3706	3794	3724	3550	3389	3120	2912	2599	2479	2296	2156	
108	3527	95.3	95.0	10	1	0	2	927	1048	1318	1762	2258	2717	2959	3039	3012	2940	2792	2620	2461	2252	2137	2067	2070	2155	2347	2597	2846	3057	3087	3022	2913	2752	2596	2447	2287	2110	2002	1888	
108	3544	95.0	95.0	10	1	0	2	930	1050	1293	1742	2205	2640	2891	3057	3010	2928	2760	2631	2424	2267	2132	2059	2069	2114	2310	2611	2846	2984	3025	3004	2922	2754	2590	2403	2279	2140	2007	1893	
108	3607	59.7	60.2	10	1	1	2	998	1246	1791	2652	3632	4451	4867	4992	4859	4637	4310	3970	3598	3298	2973	2759	2646	2706	2935	3202	3511	3695	3801	3707	3538	3325	3128	2885	2612	2474	2277	2143	
108	3624	60.0	60.0	10	1	1	2	986	1255	1795	2619	3600	4466	4901	5056	4877	4640	4340	3972	3603	3292	2958	2769	2671	2701	2912	3230	3487	3691	3775	3722	3533	3333	3108	2877	2642	2429	2284	2147	
108	3641	60.0	60.0	10	1	1	2	1022	1207	1812	2655	3671	4505	4897	5076	4943	4660	4350	4007	3626	3280	3001	2777	2666	2703	2900	3197	3508	3711	3799	3692	3603	3344	3078	2858	2657	2430	2290	2168	
108	3659	59.9	60.0	10	1	1	2	1018	1240	1827	2688	3660	4530	4961	5119	4988	4657	4424	4032	3656	3311	2994	2818	2708	2736	2908	3205	3531	3735	3783	3752	3544	3354	3119	2900	2652	2452	2306	2155	
108	3676	60.0	60.0	10	1	1	2	1009	1246	1828	2692	3688	4523	4970	5149	4984	4674	4402	4051	3633	3303	3009	2806	2653	2655	2889	3249	3506	3705	3797	3736	3583	3369	3110	2864	2643	2448	2290	2147	
108	3693	60.0	60.0	10	1	1	2	1007	1237	1801	2682	3691	4522	4909	5121	4936	4650	4375	4003	3640	3299	3002	2816	2640	2719	2883	3209	3503	3734	3773	3735	3538	3375	3126	2871	2656	2455	2270	2151	
108	3710	59.9	60.0	10	1	1	2	1012	1242	1799	2652	3662	4478	4935	5062	4955	4672	4359	4011	3614	3282	3000	2749	2672	2696	2894	3232	3496	3728	3786	3694	3556	3350	3136	2892	2644	2471	2281	2133	
108	3775	95.2	95.0	11	1	0	2	924	1037	1327	1740	2270	2671	2917	3050	3022	2909	2791	2636	2454	2292	2121	2069	2074	2136	2353	2607	2869	3005	3030	3017	2863	2755	2588	2445	2288	2170	2010	1887	
108	3792	95.0	95.0	11	1	0	2	940	1039	1300	1748	2205	2641	2906	3027	3027	2904	2788	2568	2435	2274	2137	2048	2037	2136	2335	2626	2843	2985	3037	2999	2863	2735	2588	2418	2253	2126	1993	1909	
108	3855	59.7	60.2	11	1	1	2	986	1239	1785	2644	3630	4427	4867	5034	4896	4613	4318	3963	3611	3267	2984	2784	2682	2682	2879	3203	3501	3669	3765	3691	3533	3358	3130	2864	2629	2436	2278	2130	
108	3872	59.9	60.0	11	1	1	2	997	1232	1810	2623	3609	4448	4870	5027	4863	4595	4301	3950	3559	3281	2963	2765	2661	2714	2895	3194	3448	3689	3755	3678	3536	3347	3082	2870	2627	2423	2271	2137	
108	3889	59.9	60.0	11	1	1	2	1006	1247	1807	2638	3642	4472	4880	5059	4873	4637	4313	3963	3631	3302	2977	2793	2656	2679	2902	3188	3506	3715	3765	3723	3541	3351	3106	2870	2662	2431	2284	2127	
108	3907	59.9	60.0	11	1	1	2	1000	1227	1809	2682	3679	4509	4935	5118	4968	4664	4399	4022	3649	3296	2986	2836	2686	2713	2907	3209	3531	3709	3796	3723	3565	3370	3122	2902	2654	2454	2264	2138	
108	3924	60.0	60.0	11	1	1	2	1011	1246	1817	2657	3683	4511	4975	5145	4938	4683	4355	4022	3643	3293	2995	2789	2690	2720	2926	3225	3507	3709	3813	3740	3551	3365	3078	2873	2644	2457	2280	2145	
108	3941	60.0	60.0	11	1	1	2	1003	1240	1793	2627	3670	4459	4908	5046	4928	4640	4351	3994	3611	3278	2999	2770	2677	2697	2876	3207	3484	3700	3766	3710	3566	3339	3127	2880	2630	2415	2268	2126	
108	3958	60.0	60.0	11	1	1	2	1007	1222	1811	2659	3618	4482	4894	5055	4848	4644	4387	3966	3633	3279	2970	2775	2667	2688	2867	3188	3479	3702	3723	3703	3502	3366	3100	2853	2671	2466	2262	2146	
108	4021	95.4	94.9	12	1	0	2	923	1036	1308	1748	2234	2642	2921	3052	3029	2917	2774	2621	2462	2272	2107	2052	2061	2175	2351	2625	2836	3028	3066	3028	2911	2785	2581	2435	2260	2121	1998	1873	
108	4038	95.0	95.0	12	1	0	2	936	1044	1293	1729	2241	2651	2902	3025	2989	2899	2772	2600	2428	2264	2119	2042	2056	2125	2318	2595	2850	2973	3058	2989	2892	2751	2592	2419	2246	2126	2008	1893	
108	4101	59.7	60.2	12	1	1	2	1008	1226	1778	2651	3594	4431	4858	5012	4838	4605	4331	3942	3591	3277	2964	2790	2640	2713	2870	3194	3496	3669	3751	3711	3548	3326	3106	2859	2614	2442	2273	2124	
108	4118	59.9	60.1	12	1	1	2	1007	1230	1790	2615	3628	4463	4905	5076	4858	4645	4331	3958	3590	3288	2961	2777	2635	2668	2898	3183	3506	3710	3769	3703	3557	3334	3101	2856	2618	2460	2279	2147	
108	4135	59.9	60.0	12	1	1	2	998	1253	1795	2669	3605	4480	4893	5070	4911	4592	4334	3974	3614	3267	2960	2794	2656	2696	2913	3193	3503	3694	3748	3703	3532	3344	3075	2854	2660	2432	2274	2134	
108	4153	59.9	60.0	12	1	1	2	1038	1249	1798	2662	3660	4520	4921	5096	4871	4677	4376	4008	3628	3274	2980	2759	2632	2707	2863	3215	3476	3710	3783	3704	3574	3348	3111	2879	2626	2438	2268	2099	
108	4170	60.0	60.0	12	1	1	2	1004	1236	1786	2664	3635	4495	4908	5140	4949	4653	4353	3984	3659	3274	3010	2807	2661	2711	2901	3188	3482	3668	3768	3730	3531	3371	3102	2866	2633	2439	2301	2141	
108	4187	59.9	60.0	12	1	1	2	985	1240	1808	2651	3668	4436	4920	5076	4919	4648	4351	3992	3607	3330	2975	2757	2633	2666	2887	3202	3483	3722	3755	3713	3566	3354	3111	2854	2625	2405	2260	2131	
108	4204	60.0	60.0	12	1	1	2	994	1219	1818	2648	3624	4482	4928	5054	4872	4618	4322	3973	3622	3271	2983	2778	2660	2704	2877	3207	3478	3681	3775	3673	3514	3331	3103	2838	2632	2445	2301	2126	
108	4266	95.3	94.9	13	1	0	2	928	1046	1316	1757	2238	2648	2882	3058	3012	2904	2799	2598	2444	2303	2126	2056	2040	2143	2334	2589	2851	3000	3088	2983	2868	2764	2608	2418	2258	2104	2005	1880	
108	4283	95.0	95.0	13	1	0	2	915	1043	1306	1700	2221	2665	2888	3045	2987	2935	2766	2603	2406	2241	2096	2052	2024	2143	2328	2628	2817	2994	3032	2997	2884	2727	2553	2418	2259	2128	1970	1886	
108	4346	59.6	60.4	13	1	1	2	993	1228	1794	2612	3590	4406	4870	5022	4848	4578	4302	3956	3558	3248	2957	2783	2639	2669	2848	3201	3453	3685	3770	3698	3525	3331	3082	2854	2626	2410	2287	2116	
108	4363	59.9	60.0	13	1	1	2	977	1249	1792	2629	3588	4441	4870	5021	4884	4640	4320	3919	3605	3279	2941	2780	2665	2692	2831	3166	3498	3660	3723	3664	3484	3353	3086	2863	2612	2425	2260	2148	
108	4381	59.9	60.0	13	1	1	2	989	1230	1804	2634	3641	4444	4884	5035	4932	4590	4314	3954	3623	3245	2952	2751	2650	2663	2890	3188	3469	3672	3772	3718	3514	3345	3097	2844	2602	2433	2268	2114	
108	4398	60.0	60.0	13	1	1	2	993	1247	1798	2640	3666	4484	4927	5109	4925	4688	4359	3969	3593	3293	2971	2792	2624	2699	2882	3211	3518	3697	3756	3690	3542	3371	3086	2853	2616	2433	2286	2115	
108	4415	60.0	60.0	13	1	1	2	1024	1212	1814	2652	3663	4493	4893	5044	4908	4669	4346	3992	3605	3309	2984	2761	2667	2683	2844	3196	3501	3651	3763	3682	3515	3349	3089	2861	2613	2425	2277	2141	
108	4432	60.0	60.0	13	1	1	2	995	1285	1791	2651	3605	4494	4908	5045	4863	4628	4312	3951	3616	3274	3006	2740	2635	2690	2867	3199	3494	3685	3746	3678	3529	3310	3092	2835	2627	2422	2276	2141	
108	4450	60.0	60.0	13	1	1	2	1019	1225	1805	2646	3611	4483	4868	5048	4893	4632	4331	3971	3570	3272	2958	2767	2631	2647	2859	3190	3468	3687	3744	3701	3541	3378	3092	2868	2659	2408	2258	2108	
108	4512	95.3	94.9	14	1	0	2	927	1055	1285	1740	2219	2672	2912	3075	3023	2894	2772	2622	2438	2306	2114	2060	2055	2143	2327	2603	2821	2966	3055	3006	2889	2726	2591	2414	2260	2128	1975	1866	
108	4529	95.0	95.0	14	1	0	2	930	1041	1310	1742	2221	2651	2881	3041	2983	2904	2756	2613	2446	2239	2102	2037	2027	2150	2319	2592	2813	2960	2994	2975	2845	2733	2597	2365	2250	2100	1995	1883	
108	4592	59.7	60.3	14	1	1	2	1004	1223	1787	2600	3569	4421	4871	4966	4854	4608	4318	3946	3567	3248	2950	2745	2616	2654	2871	3184	3461	3673	3749	3664	3515	3333	3077	2853	2618	2452	2280	2114	
108	4609	59.9	60.0	14	1	1	2	1009	1231	1800	2630	3637	4415	4864	5025	4882	4589	4295	3970	3594	3274	2962	2735	2644	2676	2882	3163	3440	3695	3727	3694	3509	3310	3093	2862	2676	2426	2276	2142	
108	4627	59.9	60.0	14	1	1	2	1008	1228	1804	2628	3632	4430	4907	5054	4849	4630	4317	3907	3596	3260	2975	2770	2633	2670	2861	3146	3488	3670	3721	3682	3533	3312	3111	2862	2628	2431	2267	2112	
108	4644	60.0	60.0	14	1	1	2	999	1236	1798	2652	3641	4490	4900	5032	4905	4646	4355	3962	3617	3281	2973	2758	2653	2678	2874	3199	3458	3684	3722	3723	3534	3355	3128	2875	2641	2433	2270	2143	
108	4661	60.0	60.0	14	1	1	2	1011	1244	1828	2685	3641	4466	4905	5050	4886	4606	4322	3934	3624	3290	2937	2780	2620	2688	2899	3157	3468	3651	3751	3704	3518	3324	3070	2837	2618	2417	2263	2078	
108	4678	60.0	60.0	14	1	1	2	1005	1248	1813	2656	3636	4410	4893	5008	4885	4625	4293	3945	3605	3269	2964	2756	2622	2670	2871	3152	3465	3641	3704	3663	3527	3316	3099	2847	2628	2433	2242	2154	
108	4696	60.0	60.0	14	1	1	2	982	1215	1784	2656	3607	4441	4857	5018	4850	4589	4322	3945	3608	3253	2958	2764	2646	2653	2832	3178	3489	3655	3748	3675	3519	3302	3063	2856	2637	2397	2274	2126	
108	4760	95.4	94.9	15	1	0	2	926	1033	1328	1736	2191	2664	2904	3027	2986	2907	2765	2617	2411	2261	2115	2064	2036	2167	2334	2580	2826	3001	3043	2983	2860	2722	2586	2420	2253	2111	1999	1872	
108	4777	95.0	95.0	15	1	0	2	914	1036	1270	1730	2193	2622	2880	3016	3009	2885	2740	2560	2412	2219	2109	2056	2024	2148	2304	2592	2813	2909	3009	2964	2848	2737	2564	2398	2233	2100	2005	1868	
108	4840	59.6	60.2	15	1	1	2	1002	1228	1775	2601	3607	4380	4857	4999	4816	4577	4268	3876	3557	3232	2918	2741	2630	2638	2875	3168	3422	3664	3709	3656	3475	3309	3053	2811	2613	2406	2238	2119	
108	4858	59.9	60.1	15	1	1	2	1011	1245	1762	2615	3620	4393	4807	4996	4802	4548	4258	3919	3552	3231	2938	2740	2588	2664	2856	3163	3443	3669	3776	3700	3437	3330	3070	2850	2630	2420	2251	2123	
108	4875	60.0	60.0	15	1	1	2	992	1219	1775	2634	3587	4458	4827	4997	4883	4585	4325	3916	3581	3245	2949	2747	2648	2681	2858	3164	3463	3688	3734	3678	3492	3332	3048	2839	2605	2436	2246	2141	
108	4892	60.0	60.0	15	1	1	2	1008	1236	1790	2641	3604	4420	4878	5006	4869	4636	4319	3971	3581	3250	2945	2763	2662	2693	2852	3161	3485	3667	3729	3661	3498	3334	3074	2896	2609	2441	2281	2102	
108	4909	60.0	60.0	15	1	1	2	1010	1250	1792	2611	3612	4462	4860	5009	4851	4600	4306	3956	3573	3263	2979	2785	2614	2650	2884	3183	3438	3682	3740	3683	3481	3295	3104	2841	2621	2441	2270	2113	
108	4927	60.0	60.0	15	1	1	2	997	1231	1802	2651	3611	4423	4866	5012	4846	4605	4290	3948	3533	3232	2947	2777	2636	2679	2893	3157	3446	3658	3701	3670	3500	3329	3050	2834	2605	2397	2280	2089	
108	4944	60.0	60.0	15	1	1	2	1007	1219	1784	2605	3580	4442	4873	5031	4831	4574	4295	3987	3552	3208	2973	2748	2615	2644	2855	3176	3434	3650	3702	3668	3508	3314	3063	2829	2590	2429	2231	2115	
108	5008	95.5	94.9	16	1	0	2	927	1033	1308	1717	2208	2638	2901	3016	3028	2896	2788	2622	2414	2242	2089	2051	2018	2136	2342	2631	2790	2944	3011	2960	2861	2732	2552	2387	2242	2084	1976	1853	
108	5026	95.0	95.0	16	1	0	2	917	1047	1298	1716	2208	2657	2904	3025	3000	2864	2745	2560	2418	2240	2105	2040	2014	2115	2339	2598	2826	2953	2989	2971	2813	2706	2543	2364	2268	2098	1987	1890	
108	5088	59.7	60.2	16	1	1	2	995	1210	1773	2608	3582	4368	4779	4934	4796	4536	4279	3892	3530	3219	2931	2720	2618	2651	2848	3157	3427	3622	3690	3645	3522	3300	3068	2813	2605	2403	2256	2103	
108	5106	59.9	60.1	16	1	1	2	1008	1225	1786	2624	3591	4347	4776	4974	4838	4550	4291	3907	3542	3226	2907	2710	2646	2668	2836	3162	3424	3634	3705	3674	3462	3284	3053	2817	2574	2426	2270	2106	
108	5123	60.0	60.0	16	1	1	2	1009	1213	1794	2641	3644	4437	4862	5005	4837	4580	4292	3965	3532	3254	2921	2742	2659	2657	2854	3182	3423	3653	3744	3684	3491	3307	3076	2837	2640	2391	2258	2120	
108	5140	59.9	60.0	16	1	1	2	996	1232	1766	2623	3637	4407	4852	5040	4858	4622	4301	3964	3610	3259	2932	2766	2635	2670	2874	3178	3499	3645	3738	3660	3463	3348	3080	2820	2615	2422	2270	2126	
108	5157	60.0	60.0	16	1	1	2	1001	1242	1790	2627	3613	4422	4820	4983	4850	4647	4295	3934	3546	3274	2939	2708	2635	2674	2873	3175	3464	3640	3701	3680	3519	3312	3050	2835	2643	2423	2252	2124	
108	5175	60.0	60.0	16	1	1	2	1004	1250	1782	2629	3627	4422	4838	5004	4857	4597	4328	3948	3568	3235	2936	2763	2654	2668	2851	3164	3426	3644	3743	3702	3518	3312	3072	2813	2613	2422	2269	2115	
108	5192	60.0	60.0	16	1	1	2	993	1229	1793	2621	3579	4403	4832	4973	4854	4516	4249	3924	3570	3217	2958	2754	2630	2653	2881	3168	3446	3679	3747	3645	3458	3286	3058	2827	2608	2424	2256	2107	
108	5254	95.3	95.0	17	1	0	2	931	1043	1307	1746	2227	2652	2896	3028	3000	2891	2822	2602	2418	2257	2137	2044	2052	2090	2316	2579	2833	2972	3032	2981	2868	2736	2533	2421	2259	2101	1976	1866	
108	5272	95.0	95.0	17	1	0	2	918	1044	1277	1724	2182	2649	2868	3004	2978	2883	2732	2563	2398	2259	2097	2053	2022	2124	2307	2580	2799	2967	3006	2959	2826	2726	2565	2392	2236	2080	1963	1869	
108	5334	59.6	60.4	17	1	1	2	1001	1228	1758	2623	3574	4396	4807	4949	4805	4543	4233	3901	3565	3236	2920	2726	2607	2666	2849	3143	3437	3647	3693	3655	3508	3307	3071	2827	2605	2397	2237	2102	
108	5352	59.9	60.0	17	1	1	2	1025	1215	1775	2612	3558	4436	4802	4940	4810	4531	4248	3924	3570	3233	2907	2730	2591	2665	2852	3147	3460	3659	3680	3655	3497	3261	3057	2802	2597	2404	2251	2102	
108	5369	60.0	60.0	17	1	1	2	1008	1230	1798	2630	3581	4420	4885	5045	4865	4625	4310	3943	3600	3224	2952	2747	2635	2645	2847	3184	3454	3661	3704	3658	3506	3282	3073	2831	2640	2408	2241	2104	
108	5386	60.0	60.0	17	1	1	2	1009	1227	1789	2634	3615	4435	4860	5019	4856	4634	4295	3918	3598	3234	2977	2776	2622	2690	2874	3177	3431	3648	3713	3708	3521	3342	3092	2828	2604	2434	2241	2108	
108	5403	59.9	60.0	17	1	1	2	987	1227	1759	2621	3614	4384	4822	5005	4833	4610	4297	3910	3533	3270	2955	2776	2631	2656	2850	3199	3451	3639	3752	3681	3518	3340	3066	2833	2607	2407	2266	2131	
108	5421	59.9	60.0	17	1	1	2	1003	1228	1800	2647	3576	4426	4815	4971	4799	4579	4254	3938	3533	3241	2942	2758	2627	2701	2880	3141	3458	3633	3692	3650	3485	3273	3084	2802	2586	2386	2257	2101	
108	5438	60.0	60.0	17	1	1	2	987	1244	1789	2601	3566	4393	4801	5003	4872	4589	4262	3902	3547	3260	2924	2739	2603	2645	2852	3145	3471	3628	3683	3699	3503	3313	3055	2845	2581	2400	2236	2096	
108	5502	95.5	94.9	18	1	0	2	927	1057	1299	1712	2209	2638	2895	3022	3019	2891	2743	2582	2404	2239	2121	2035	2029	2133	2297	2595	2799	2949	3044	2941	2845	2706	2558	2382	2255	2100	2000	1856	
108	5520	95.0	95.0	18	1	0	2	923	1029	1295	1684	2185	2600	2903	2999	2984	2866	2724	2583	2384	2212	2105	2003	2015	2103	2330	2549	2779	2958	3012	2931	2843	2694	2558	2385	2233	2094	1985	1868	
108	5582	59.6	60.4	18	1	1	2	995	1231	1763	2600	3544	4371	4770	4945	4784	4549	4234	3893	3512	3256	2908	2704	2627	2621	2845	3143	3421	3655	3739	3671	3453	3245	3050	2806	2607	2422	2275	2082	
108	5600	60.0	60.0	18	1	1	2	991	1225	1772	2628	3573	4370	4771	4936	4810	4546	4269	3884	3570	3221	2921	2748	2599	2640	2824	3156	3437	3622	3696	3640	3469	3276	3061	2800	2619	2396	2239	2113	
108	5617	59.9	60.0	18	1	1	2	1005	1201	1784	2614	3615	4416	4813	4979	4822	4582	4308	3946	3574	3245	2914	2743	2616	2650	2845	3155	3462	3644	3690	3669	3476	3304	3077	2837	2600	2416	2243	2093	
108	5634	60.0	60.0	18	1	1	2	1002	1234	1796	2643	3584	4420	4838	4990	4863	4623	4278	3948	3589	3232	2953	2753	2628	2676	2852	3154	3452	3643	3707	3666	3476	3260	3074	2832	2603	2372	2280	2123	
108	5651	59.9	60.0	18	1	1	2	1002	1229	1787	2666	3663	4439	4857	4975	4861	4552	4290	3929	3598	3246	2948	2739	2636	2622	2853	3158	3443	3641	3737	3652	3541	3321	3074	2833	2583	2412	2279	2134	
108	5669	60.0	60.0	18	1	1	2	1005	1225	1806	2629	3603	4420	4853	4972	4837	4565	4257	3931	3565	3244	2930	2738	2619	2659	2829	3150	3461	3608	3709	3649	3494	3284	3080	2803	2603	2421	2244	2108	
108	5686	60.0	60.0	18	1	1	2	977	1217	1805	2611	3599	4397	4844	4972	4817	4595	4287	3905	3558	3237	2935	2727	2622	2680	2826	3152	3431	3669	3705	3656	3480	3275	3079	2818	2638	2401	2230	2121	
108	5751	95.3	95.0	19	1	0	2	925	1048	1282	1720	2205	2642	2913	3018	2983	2873	2779	2596	2392	2204	2092	2054	2035	2131	2332	2537	2811	2964	3007	2971	2828	2700	2563	2395	2230	2102	2004	1887	
108	5768	95.0	95.0	19	1	0	2	939	1036	1312	1711	2196	2564	2824	2958	2951	2865	2746	2554	2368	2231	2102	2010	2018	2141	2312	2580	2775	2932	2974	2922	2833	2707	2574	2376	2204	2072	1953	1865	
108	5831	59.7	60.2	19	1	1	2	1002	1229	1772	2589	3527	4312	4732	4904	4776	4515	4207	3920	3543	3206	2917	2728	2604	2643	2831	3143	3444	3592	3682	3601	3482	3268	3018	2820	2598	2410	2235	2106	
108	5848	59.9	60.1	19	1	1	2	995	1204	1765	2610	3572	4410	4792	4936	4777	4568	4261	3917	3575	3248	2874	2728	2620	2648	2872	3124	3441	3652	3744	3628	3472	3278	3051	2810	2637	2410	2252	2123	
108	5865	59.9	60.0	19	1	1	2	1006	1226	1773	2614	3592	4378	4890	4974	4821	4593	4298	3913	3569	3244	2933	2743	2641	2665	2869	3148	3452	3639	3688	3664	3508	3293	3068	2831	2585	2413	2232	2103	
108	5882	59.9	60.0	19	1	1	2	1000	1208	1782	2633	3552	4416	4842	5005	4847	4603	4300	3925	3582	3269	2915	2763	2599	2636	2836	3161	3450	3661	3714	3630	3482	3300	3036	2834	2543	2432	2257	2117	
108	5900	59.9	60.0	19	1	1	2	1003	1227	1792	2592	3600	4378	4841	4972	4840	4622	4281	3921	3575	3242	2948	2743	2624	2680	2811	3146	3439	3642	3720	3654	3493	3305	3053	2834	2604	2409	2244	2120	
108	5917	60.0	60.0	19	1	1	2	991	1238	1809	2594	3603	4417	4865	4974	4838	4587	4318	3960	3573	3222	2948	2780	2602	2674	2863	3165	3433	3621	3681	3653	3464	3301	3065	2841	2610	2394	2256	2103	
108	5934	60.0	60.0	19	1	1	2	980	1223	1808	2573	3566	4403	4822	4990	4839	4555	4276	3889	3565	3247	2928	2723	2651	2698	2831	3154	3434	3673	3704	3667	3449	3283	3073	2836	2613	2412	2235	2108	
108	5999	95.3	95.0	20	1	0	2	923	1044	1311	1734	2210	2599	2892	2951	2990	2868	2773	2557	2400	2265	2088	2020	2032	2101	2318	2582	2817	2955	3010	2965	2830	2717	2552	2393	2254	2102	1974	1875	
108	6016	95.0	95.0	20	1	0	2	932	1048	1316	1702	2201	2635	2884	2972	2954	2858	2732	2554	2390	2226	2102	2012	1992	2119	2312	2562	2779	2919	2980	2950	2826	2693	2548	2391	2225	2095	1990	1839	
108	6079	59.6	60.3	20	1	1	2	1011	1204	1804	2593	3540	4358	4781	4983	4753	4495	4244	3902	3527	3193	2921	2751	2630	2673	2824	3116	3426	3623	3684	3634	3460	3267	3023	2791	2587	2414	2240	2102	
108	6096	59.9	60.0	20	1	1	2	998	1228	1773	2616	3580	4406	4815	4983	4818	4559	4278	3891	3556	3246	2939	2759	2600	2622	2839	3152	3471	3621	3750	3673	3457	3295	3070	2797	2616	2394	2261	2116	
108	6113	59.9	60.0	20	1	1	2	992	1220	1800	2609	3579	4384	4792	4966	4812	4559	4238	3892	3564	3241	2937	2728	2644	2633	2849	3156	3435	3632	3729	3702	3484	3299	3060	2874	2580	2407	2269	2127	
108	6130	59.9	60.0	20	1	1	2	1006	1225	1778	2631	3601	4460	4836	4997	4885	4587	4302	3926	3590	3268	2965	2763	2621	2675	2846	3115	3426	3638	3716	3668	3512	3312	3063	2845	2602	2398	2214	2121	
108	6148	60.0	60.0	20	1	1	2	981	1232	1784	2609	3584	4425	4819	4999	4874	4556	4234	3956	3608	3261	2942	2771	2644	2654	2850	3130	3426	3633	3721	3653	3490	3304	3065	2814	2605	2425	2233	2137	
108	6165	59.9	60.0	20	1	1	2	992	1236	1798	2608	3579	4416	4842	4973	4846	4570	4286	3900	3530	3225	2910	2734	2614	2664	2835	3169	3444	3639	3683	3663	3495	3307	3048	2822	2627	2409	2245	2136	
108	6182	60.0	60.0	20	1	1	2	987	1220	1780	2614	3592	4414	4821	4950	4836	4543	4266	3941	3562	3234	2928	2724	2611	2672	2840	3149	3452	3680	3716	3643	3476	3305	3059	2826	2598	2414	2242	2100	
108	6247	95.3	95.0	21	1	0	2	930	1042	1309	1726	2194	2632	2884	3000	2970	2877	2730	2577	2380	2252	2119	2058	2003	2115	2322	2589	2794	2962	2988	2959	2829	2744	2563	2404	2239	2093	1972	1883	
108	6264	95.0	95.0	21	1	0	2	923	1037	1293	1726	2194	2605	2852	2968	2950	2847	2734	2605	2414	2236	2085	1994	2010	2123	2308	2546	2810	2949	2960	2961	2830	2730	2564	2399	2265	2129	1967	1894	
108	6325	59.8	60.3	21	1	1	2	994	1224	1792	2583	3536	4360	4775	4908	4773	4538	4262	3917	3540	3217	2912	2738	2612	2684	2847	3143	3444	3642	3710	3668	3491	3303	3066	2845	2573	2420	2269	2102	
108	6342	60.0	60.0	21	1	1	2	991	1220	1784	2564	3564	4374	4791	4982	4815	4520	4285	3936	3538	3217	2911	2718	2601	2634	2820	3155	3463	3633	3706	3623	3494	3283	3071	2821	2611	2409	2225	2100	
108	6359	60.0	60.0	21	1	1	2	1001	1226	1770	2624	3581	4395	4817	4949	4884	4569	4264	3906	3550	3253	2939	2730	2617	2629	2834	3151	3431	3668	3723	3644	3478	3298	3064	2832	2576	2377	2262	2094	
108	6377	59.9	60.0	21	1	1	2	1003	1234	1813	2660	3620	4471	4862	5032	4877	4625	4323	3943	3568	3261	2940	2770	2626	2653	2871	3163	3443	3637	3719	3662	3490	3293	3063	2839	2585	2400	2245	2110	
108	6394	60.0	60.0	21	1	1	2	985	1240	1798	2633	3630	4436	4854	4990	4827	4578	4292	3894	3566	3275	2965	2758	2623	2649	2858	3135	3430	3698	3744	3644	3490	3326	3074	2850	2598	2418	2237	2109	
108	6411	60.0	60.0	21	1	1	2	1011	1237	1805	2611	3590	4410	4827	4968	4860	4568	4256	3944	3542	3228	2951	2753	2620	2664	2837	3152	3396	3631	3721	3628	3477	3251	3101	2834	2593	2413	2266	2106	
108	6428	60.0	60.0	21	1	1	2	1003	1237	1809	2620	3544	4395	4823	4965	4807	4602	4283	3924	3569	3228	2934	2742	2614	2628	2829	3152	3452	3645	3717	3682	3491	3302	3035	2822	2594	2402	2264	2108	
108	6491	95.2	95.0	22	1	0	2	906	1042	1318	1725	2223	2637	2877	3008	2971	2910	2752	2586	2373	2257	2107	2053	2029	2121	2306	2568	2798	2946	3009	2953	2856	2714	2549	2348	2224	2088	2014	1860	
108	6508	95.0	95.0	22	1	0	2	919	1025	1315	1698	2208	2612	2868	2984	2943	2861	2752	2582	2380	2255	2091	2036	2000	2105	2314	2540	2772	2929	2982	2943	2840	2716	2540	2374	2225	2108	1955	1878	
108	6571	59.7	60.2	22	1	1	2	995	1230	1785	2598	3573	4423	4791	4968	4814	4533	4237	3895	3553	3244	2937	2724	2617	2632	2841	3176	3422	3644	3678	3668	3500	3280	3058	2826	2581	2416	2229	2090	
108	6588	60.0	60.0	22	1	1	2	996	1227	1773	2608	3562	4345	4835	4977	4756	4549	4231	3911	3527	3230	2919	2721	2608	2648	2821	3159	3437	3632	3705	3616	3488	3275	3048	2815	2613	2395	2225	2093	
108	6605	59.9	60.0	22	1	1	2	992	1231	1813	2660	3583	4385	4805	4955	4824	4539	4242	3936	3560	3227	2919	2742	2618	2668	2834	3143	3415	3632	3729	3617	3440	3303	3060	2828	2607	2405	2278	2088	
108	6623	60.0	60.0	22	1	1	2	995	1237	1803	2646	3603	4424	4862	4993	4869	4563	4279	3922	3559	3267	2970	2768	2625	2666	2844	3142	3451	3647	3699	3639	3498	3311	3058	2834	2602	2370	2225	2118	
108	6640	60.0	60.0	22	1	1	2	1007	1218	1782	2641	3594	4460	4881	5003	4855	4606	4295	3904	3570	3264	2938	2760	2621	2636	2825	3169	3446	3598	3708	3640	3473	3285	3075	2825	2584	2414	2286	2121	
108	6657	60.0	60.0	22	1	1	2	1024	1214	1812	2594	3560	4384	4820	4966	4793	4544	4284	3877	3547	3246	2926	2755	2620	2649	2845	3160	3414	3592	3699	3627	3445	3289	3039	2786	2604	2350	2236	2108	
108	6674	59.9	60.0	22	1	1	2	997	1210	1806	2620	3574	4392	4810	4952	4790	4566	4244	3901	3553	3242	2905	2714	2609	2646	2846	3105	3415	3651	3712	3663	3465	3288	3058	2794	2597	2408	2251	2113	
108	6737	95.4	94.9	23	1	0	2	920	1050	1309	1708	2215	2649	2893	3013	2981	2863	2763	2594	2391	2241	2101	2042	2012	2104	2313	2571	2803	2949	2973	2950	2828	2722	2542	2392	2234	2097	2029	1848	
108	6754	95.0	95.0	23	1	0	2	922	1038	1296	1706	2192	2591	2864	2996	2965	2849	2730	2554	2366	2232	2085	2043	2026	2081	2286	2526	2774	2902	3018	2948	2833	2701	2564	2365	2228	2100	1959	1874	
108	6817	59.7	60.2	23	1	1	2	999	1215	1761	2600	3561	4321	4757	4896	4769	4472	4257	3899	3520	3211	2909	2705	2647	2632	2811	3098	3451	3617	3722	3662	3455	3300	3074	2808	2606	2400	2249	2102	
108	6834	60.0	60.1	23	1	1	2	996	1221	1791	2613	3573	4377	4806	4973	4757	4553	4223	3868	3545	3214	2916	2810	2600	2661	2810	3142	3414	3622	3695	3656	3465	3260	3028	2797	2627	2413	2222	2088	
108	6851	59.9	60.0	23	1	1	2	994	1242	1763	2631	3561	4364	4792	4956	4807	4524	4255	3900	3535	3241	2952	2730	2612	2642	2827	3118	3399	3622	3721	3622	3465	3308	3059	2781	2580	2384	2250	2121	
108	6869	60.0	60.0	23	1	1	2	998	1227	1802	2595	3624	4397	4830	4970	4843	4570	4310	3935	3578	3232	2938	2737	2581	2660	2836	3144	3418	3648	3698	3640	3483	3285	3063	2837	2576	2412	2253	2123	
108	6886	60.0	60.0	23	1	1	2	978	1237	1770	2620	3583	4388	4807	4990	4788	4555	4303	3932	3585	3230	2913	2744	2637	2677	2849	3157	3414	3645	3720	3635	3466	3278	3049	2820	2580	2393	2233	2088	
108	6903	60.0	60.0	23	1	1	2	989	1251	1784	2600	3566	4366	4833	4972	4782	4533	4277	3893	3529	3222	2919	2726	2624	2683	2859	3114	3420	3613	3693	3619	3492	3250	3046	2791	2590	2412	2233	2069	
108	6920	60.0	60.0	23	1	1	2	986	1219	1785	2591	3558	4349	4795	4947	4792	4543	4209	3880	3545	3227	2910	2731	2603	2674	2820	3139	3420	3654	3703	3656	3456	3274	3021	2811	2612	2389	2254	2087	
108	6983	95.2	95.0	24	1	0	2	931	1041	1324	1717	2205	2624	2896	3010	2975	2889	2778	2588	2392	2236	2092	2035	2012	2107	2333	2556	2800	2930	3001	2937	2824	2713	2542	2385	2249	2083	1957	1842	
108	7000	95.0	95.0	24	1	0	2	890	1033	1321	1736	2169	2613	2874	2998	2957	2839	2686	2576	2394	2240	2075	2006	2017	2097	2223	2549	2750	2918	2960	2922	2835	2705	2521	2388	2219	2097	1974	1863	
108	7063	59.7	60.2	24	1	1	2	993	1222	1768	2582	3537	4327	4750	4885	4772	4508	4220	3866	3506	3212	2942	2727	2571	2666	2804	3115	3391	3615	3657	3589	3443	3240	3022	2791	2560	2386	2233	2092	
108	7080	60.0	60.1	24	1	1	2	987	1227	1781	2599	3564	4371	4785	4937	4738	4520	4140	3878	3517	3197	2915	2706	2566	2622	2847	3143	3398	3602	3666	3608	3449	3248	3036	2785	2592	2397	2234	2096	
108	7098	59.9	60.0	24	1	1	2	990	1233	1772	2622	3579	4404	4786	4943	4798	4561	4228	3909	3535	3242	2923	2717	2621	2659	2816	3145	3417	3616	3684	3667	3471	3287	3046	2794	2569	2397	2242	2113	
108	7115	60.0	60.0	24	1	1	2	998	1232	1793	2616	3579	4413	4819	4952	4837	4553	4276	3907	3556	3256	2936	2734	2615	2638	2827	3145	3406	3603	3686	3624	3490	3291	3043	2770	2581	2375	2247	2118	
108	7132	60.0	60.0	24	1	1	2	1005	1217	1803	2611	3599	4390	4809	4957	4826	4564	4280	3908	3563	3227	2931	2749	2626	2660	2801	3124	3425	3586	3687	3646	3462	3311	3059	2824	2601	2388	2247	2114	
108	7149	60.0	60.0	24	1	1	2	1013	1223	1784	2600	3561	4369	4790	4933	4763	4572	4251	3890	3541	3178	2901	2731	2650	2634	2790	3099	3437	3628	3689	3624	3472	3263	3034	2822	2596	2377	2250	2090	
108	7167	60.0	60.0	24	1	1	2	985	1229	1787	2604	3570	4345	4787	4966	4797	4540	4229	3887	3518	3210	2897	2733	2593	2632	2832	3109	3415	3606	3679	3621	3450	3220	3046	2801	2591	2396	2256	2107	
108	7231	95.3	95.0	25	1	0	2	932	1045	1315	1714	2181	2590	2881	2990	2968	2859	2746	2553	2372	2230	2100	2034	2004	2109	2311	2554	2777	2911	2982	2973	2822	2724	2548	2372	2203	2087	1964	1866	
108	7248	95.0	95.0	25	1	0	2	919	1040	1298	1701	2181	2592	2876	2982	2929	2853	2730	2548	2376	2219	2063	2000	2018	2087	2312	2548	2771	2937	2989	2903	2823	2670	2527	2372	2197	2084	1960	1856	
108	7311	59.7	60.2	25	1	1	2	1003	1223	1796	2604	3521	4342	4763	4892	4774	4503	4214	3868	3522	3199	2890	2720	2603	2624	2827	3137	3393	3587	3655	3608	3448	3259	3038	2791	2564	2374	2240	2091	
108	7328	60.0	60.0	25	1	1	2	1001	1222	1739	2602	3537	4323	4784	4894	4778	4529	4171	3872	3543	3201	2891	2716	2610	2619	2797	3145	3408	3585	3691	3598	3506	3246	3022	2795	2570	2373	2229	2092	
108	7346	59.9	60.0	25	1	1	2	997	1202	1788	2607	3580	4393	4805	4957	4809	4531	4230	3920	3557	3253	2902	2697	2603	2620	2828	3122	3373	3588	3690	3639	3442	3295	3041	2791	2598	2396	2251	2123	
108	7363	60.0	60.0	25	1	1	2	973	1227	1791	2620	3591	4387	4843	4969	4825	4584	4255	3934	3573	3268	2917	2751	2601	2656	2842	3129	3395	3615	3679	3630	3481	3272	3056	2839	2584	2410	2241	2106	
108	7380	60.0	60.0	25	1	1	2	999	1227	1795	2592	3580	4384	4790	4942	4779	4536	4249	3900	3544	3218	2943	2725	2618	2664	2847	3116	3389	3642	3715	3636	3465	3278	3034	2784	2567	2395	2243	2096	
108	7397	59.9	60.0	25	1	1	2	1015	1237	1780	2611	3556	4366	4781	4928	4788	4537	4235	3893	3532	3225	2906	2730	2595	2629	2835	3103	3396	3637	3672	3622	3429	3278	3051	2828	2596	2380	2221	2084	
108	7415	59.9	60.0	25	1	1	2	988	1229	1785	2585	3527	4369	4804	4947	4811	4533	4204	3882	3537	3212	2900	2727	2593	2638	2825	3168	3382	3609	3691	3654	3448	3271	3054	2800	2588	2388	2278	2122	
108	7477	95.3	95.0	26	1	0	2	926	1024	1316	1710	2198	2624	2888	2952	2984	2862	2725	2581	2388	2232	2092	2046	2027	2110	2313	2528	2774	2932	2962	2956	2803	2691	2506	2359	2216	2087	1977	1855	
108	7494	95.0	95.0	26	1	0	2	928	1040	1294	1712	2182	2615	2859	2971	2931	2852	2692	2551	2372	2220	2079	2006	1972	2082	2289	2538	2755	2910	2976	2919	2810	2702	2519	2361	2223	2092	1951	1845	
108	7557	59.7	60.2	26	1	1	2	992	1217	1764	2583	3512	4362	4766	4860	4744	4513	4240	3889	3529	3191	2859	2720	2599	2634	2781	3114	3414	3617	3722	3628	3453	3249	3033	2824	2600	2397	2239	2088	
108	7575	59.9	60.0	26	1	1	2	990	1210	1770	2576	3549	4295	4742	4916	4791	4517	4239	3872	3523	3195	2917	2679	2589	2622	2832	3084	3390	3573	3674	3580	3460	3254	3032	2788	2557	2380	2211	2084	
108	7592	59.9	60.0	26	1	1	2	1014	1214	1791	2623	3589	4385	4785	4951	4835	4563	4236	3929	3551	3213	2925	2769	2606	2648	2817	3164	3441	3645	3680	3603	3450	3278	3040	2820	2592	2403	2262	2097	
108	7609	60.0	60.0	26	1	1	2	998	1229	1810	2636	3570	4407	4857	4969	4813	4600	4277	3902	3562	3216	2923	2740	2596	2636	2829	3133	3421	3550	3710	3620	3464	3276	3046	2812	2582	2383	2232	2071	
108	7626	60.0	60.0	26	1	1	2	1004	1223	1782	2632	3553	4351	4786	4945	4828	4530	4222	3862	3535	3203	2912	2740	2620	2664	2825	3126	3398	3602	3670	3634	3445	3251	2996	2800	2578	2407	2231	2098	
108	7644	60.0	60.0	26	1	1	2	994	1234	1784	2574	3549	4349	4793	4910	4764	4510	4212	3868	3513	3174	2899	2694	2595	2637	2817	3104	3392	3588	3692	3580	3443	3237	3022	2792	2578	2364	2204	2091	
108	7661	60.0	60.0	26	1	1	2	995	1211	1787	2581	3543	4387	4779	4924	4802	4522	4265	3892	3535	3235	2892	2733	2608	2623	2827	3140	3420	3595	3684	3605	3448	3302	3029	2836	2580	2380	2236	2079	
108	7723	95.3	95.0	27	1	0	2	921	1023	1300	1714	2203	2606	2885	2997	2962	2851	2713	2549	2395	2247	2132	2026	2008	2083	2288	2581	2798	2901	2969	2952	2833	2706	2517	2385	2184	2075	1961	1877	
108	7740	95.0	95.0	27	1	0	2	927	1032	1285	1706	2177	2612	2849	2974	2954	2821	2729	2568	2358	2225	2073	2018	2007	2074	2296	2558	2766	2916	2985	2911	2802	2689	2521	2404	2231	2079	1956	1843	
108	7803	59.7	60.2	27	1	1	2	1001	1224	1767	2580	3521	4308	4731	4888	4785	4481	4243	3856	3529	3185	2858	2724	2594	2638	2800	3108	3385	3585	3683	3608	3439	3234	3015	2796	2570	2377	2218	2078	
108	7821	59.9	60.0	27	1	1	2	999	1225	1778	2578	3555	4348	4801	4874	4796	4498	4224	3889	3508	3236	2872	2737	2590	2626	2824	3165	3424	3588	3662	3594	3472	3238	2994	2786	2588	2398	2222	2112	
108	7838	59.9	60.0	27	1	1	2	947	1264	1790	2623	3608	4371	4841	4954	4804	4555	4277	3898	3537	3236	2903	2733	2617	2694	2819	3127	3419	3635	3704	3619	3461	3283	3057	2817	2596	2393	2243	2083	
108	7855	60.0	60.0	27	1	1	2	1030	1237	1783	2615	3579	4405	4814	4972	4796	4557	4266	3914	3547	3254	2920	2765	2619	2662	2846	3164	3435	3636	3688	3650	3450	3261	3032	2828	2586	2377	2231	2108	
108	7872	60.0	60.0	27	1	1	2	998	1226	1772	2615	3598	4361	4821	4944	4806	4599	4264	3898	3549	3224	2933	2732	2582	2654	2829	3146	3390	3604	3680	3634	3471	3240	3025	2839	2601	2394	2218	2112	
108	7890	60.0	60.0	27	1	1	2	992	1231	1771	2622	3560	4365	4772	4924	4813	4531	4218	3860	3531	3218	2935	2754	2601	2625	2855	3109	3363	3638	3684	3615	3468	3255	3001	2798	2568	2398	2220	2079	
108	7907	60.0	60.0	27	1	1	2	988	1230	1800	2625	3533	4344	4792	4937	4789	4516	4226	3862	3518	3208	2895	2724	2585	2638	2821	3106	3392	3590	3642	3580	3440	3247	3035	2759	2573	2370	2219	2091	
108	7971	95.3	95.0	28	1	0	2	926	1034	1311	1692	2201	2601	2879	2961	2956	2861	2726	2575	2357	2237	2095	2023	2008	2140	2286	2536	2774	2910	2997	2963	2825	2679	2543	2385	2222	2065	1962	1854	
108	7989	95.0	95.0	28	1	0	2	931	1036	1303	1710	2140	2584	2833	2992	2961	2854	2720	2560	2362	2218	2088	2020	1992	2101	2283	2539	2754	2920	2938	2921	2788	2672	2517	2359	2227	2076	1932	1875	
108	8051	59.7	60.2	28	1	1	2	1010	1194	1747	2574	3521	4335	4739	4940	4763	4507	4241	3837	3509	3217	2901	2708	2600	2620	2841	3104	3383	3563	3627	3606	3467	3254	3049	2810	2552	2387	2229	2095	
108	8069	59.9	60.0	28	1	1	2	973	1224	1762	2564	3567	4360	4745	4904	4751	4477	4211	3870	3519	3196	2907	2711	2598	2617	2816	3138	3377	3578	3640	3591	3426	3249	3025	2802	2588	2377	2258	2073	
108	8086	59.9	60.0	28	1	1	2	973	1202	1784	2595	3554	4364	4744	4962	4759	4552	4239	3908	3510	3221	2915	2731	2589	2647	2818	3136	3391	3605	3679	3628	3422	3262	3014	2792	2588	2390	2238	2089	
108	8103	59.9	60.0	28	1	1	2	1022	1210	1774	2581	3568	4427	4804	5023	4805	4579	4280	3909	3552	3238	2908	2732	2605	2633	2832	3164	3415	3617	3706	3653	3474	3274	3034	2793	2587	2381	2231	2089	
108	8120	60.0	60.0	28	1	1	2	989	1241	1790	2628	3578	4379	4814	4971	4792	4546	4224	3905	3560	3220	2914	2740	2589	2631	2838	3131	3411	3573	3665	3619	3472	3245	3053	2795	2593	2370	2222	2125	
108	8138	59.9	60.0	28	1	1	2	984	1235	1789	2596	3564	4368	4790	4960	4789	4548	4223	3901	3500	3198	2892	2717	2615	2640	2843	3162	3413	3627	3711	3634	3454	3256	3040	2827	2587	2387	2216	2082	
108	8155	60.0	60.0	28	1	1	2	995	1215	1792	2586	3570	4394	4739	4938	4789	4536	4203	3877	3534	3204	2939	2718	2594	2621	2829	3119	3428	3616	3638	3612	3432	3237	3040	2795	2569	2413	2223	2108	
108	8217	95.4	94.9	29	1	0	2	922	1032	1314	1715	2200	2609	2883	3006	2914	2856	2734	2556	2393	2230	2119	2032	2000	2079	2270	2530	2744	2944	2984	2924	2826	2691	2531	2345	2203	2094	1983	1873	
108	8235	95.0	95.0	29	1	0	2	927	1035	1285	1704	2164	2610	2868	2973	2963	2847	2741	2565	2376	2229	2078	2027	2004	2116	2308	2536	2754	2917	2941	2893	2823	2681	2511	2379	2212	2087	1943	1821	
108	8298	59.7	60.2	29	1	1	2	1003	1213	1782	2578	3566	4349	4765	4911	4766	4473	4237	3857	3556	3201	2890	2718	2583	2614	2798	3135	3399	3629	3681	3613	3463	3247	3040	2752	2587	2370	2224	2087	
108	8315	60.0	60.0	29	1	1	2	996	1211	1786	2597	3544	4368	4760	4916	4789	4502	4211	3855	3501	3191	2907	2721	2565	2629	2827	3099	3421	3592	3690	3617	3452	3224	2993	2791	2588	2376	2219	2079	
108	8332	59.9	60.0	29	1	1	2	1012	1226	1786	2611	3551	4358	4791	4934	4802	4512	4261	3885	3552	3231	2926	2731	2618	2647	2818	3106	3418	3626	3674	3609	3462	3269	3017	2804	2568	2414	2226	2118	
108	8349	60.0	60.0	29	1	1	2	1003	1221	1795	2600	3590	4408	4835	4996	4856	4559	4244	3963	3544	3258	2916	2760	2630	2627	2827	3157	3423	3632	3680	3635	3475	3289	3037	2832	2571	2410	2252	2105	
108	8367	60.0	60.0	29	1	1	2	999	1233	1765	2610	3580	4419	4802	4938	4777	4525	4265	3887	3515	3201	2940	2693	2581	2636	2826	3118	3412	3603	3684	3610	3453	3243	3031	2809	2586	2384	2227	2111	
108	8384	60.0	60.0	29	1	1	2	1012	1236	1773	2567	3586	4374	4748	4928	4748	4526	4226	3892	3530	3192	2930	2721	2585	2633	2826	3121	3392	3590	3703	3636	3482	3275	3023	2795	2562	2378	2224	2126	
108	8401	60.0	60.0	29	1	1	2	991	1224	1809	2611	3580	4363	4760	4939	4783	4544	4258	3885	3545	3209	2947	2697	2607	2623	2811	3106	3388	3611	3669	3596	3439	3266	3026	2769	2563	2408	2214	2081	
108	8466	95.3	95.0	30	1	0	2	913	1035	1295	1695	2176	2584	2851	3002	2975	2858	2720	2542	2382	2197	2087	2011	2012	2120	2272	2542	2786	2866	2960	2926	2820	2659	2529	2371	2222	2076	1940	1849	
108	8483	95.0	95.0	30	1	0	2	923	1077	1295	1710	2183	2623	2823	2951	2927	2861	2733	2555	2389	2249	2090	2018	1999	2096	2292	2547	2752	2929	2959	2904	2812	2703	2521	2360	2198	2104	1934	1858	
108	8546	59.6	60.2	30	1	1	2	988	1215	1760	2572	3540	4284	4771	4929	4726	4508	4252	3863	3526	3195	2910	2740	2580	2633	2769	3112	3400	3592	3647	3638	3452	3242	3033	2782	2565	2372	2225	2103	
108	8563	59.9	60.0	30	1	1	2	993	1207	1787	2553	3513	4302	4751	4949	4755	4490	4222	3829	3507	3208	2906	2689	2608	2653	2800	3125	3376	3587	3664	3608	3471	3221	3018	2810	2573	2377	2211	2080	
108	8580	59.9	60.0	30	1	1	2	996	1216	1811	2586	3562	4369	4773	4911	4782	4549	4211	3856	3538	3195	2912	2741	2605	2641	2811	3138	3426	3560	3658	3623	3477	3270	3048	2793	2577	2422	2224	2073	
108	8597	60.0	60.0	30	1	1	2	1024	1245	1794	2605	3571	4375	4812	4974	4806	4564	4268	3933	3566	3243	2919	2740	2593	2640	2832	3146	3440	3636	3668	3659	3472	3267	3053	2842	2599	2418	2246	2105	
108	8615	60.0	60.0	30	1	1	2	1004	1216	1766	2597	3577	4379	4785	4937	4820	4529	4226	3915	3520	3242	2939	2726	2600	2627	2830	3108	3430	3604	3679	3626	3438	3266	3050	2792	2598	2379	2270	2072	
108	8632	59.9	60.0	30	1	1	2	1009	1210	1788	2591	3565	4392	4788	4903	4786	4505	4222	3884	3525	3198	2921	2718	2588	2646	2834	3122	3409	3583	3659	3582	3423	3264	3052	2777	2596	2398	2254	2108	
108	8649	60.0	60.0	30	1	1	2	992	1220	1798	2596	3555	4354	4781	4949	4736	4504	4248	3885	3507	3204	2917	2724	2588	2625	2812	3097	3379	3585	3659	3656	3454	3245	3038	2793	2596	2347	2219	2093	
108	8712	95.2	95.0	31	1	0	2	933	1065	1306	1716	2186	2630	2851	2973	2958	2852	2713	2548	2366	2243	2069	2012	2010	2100	2285	2544	2758	2917	2970	2912	2833	2658	2541	2370	2220	2070	1975	1842	
108	8729	95.0	95.0	31	1	0	2	912	1037	1293	1693	2207	2578	2849	2974	2926	2854	2727	2545	2377	2192	2081	2013	1998	2105	2289	2541	2772	2917	2987	2899	2794	2671	2532	2381	2211	2066	1980	1844	
108	8792	59.7	60.2	31	1	1	2	990	1205	1779	2577	3528	4282	4723	4888	4747	4494	4206	3875	3534	3192	2881	2662	2596	2614	2810	3103	3366	3580	3665	3614	3436	3236	3015	2761	2562	2374	2201	2071	
108	8809	59.9	60.0	31	1	1	2	984	1237	1799	2576	3560	4367	4752	4897	4785	4540	4230	3887	3544	3200	2912	2730	2602	2633	2811	3111	3410	3615	3667	3622	3465	3286	3010	2784	2595	2381	2219	2086	
108	8826	60.0	60.0	31	1	1	2	1000	1221	1785	2629	3550	4365	4804	4918	4792	4540	4249	3888	3521	3226	2917	2748	2603	2606	2803	3096	3408	3594	3678	3618	3511	3240	3030	2773	2577	2364	2229	2089	
108	8843	60.0	60.0	31	1	1	2	1002	1224	1799	2593	3599	4384	4808	4982	4828	4523	4252	3890	3554	3226	2925	2732	2630	2625	2825	3117	3420	3615	3686	3601	3469	3264	3061	2787	2575	2395	2248	2083	
108	8861	59.9	60.0	31	1	1	2	996	1223	1773	2646	3566	4359	4796	4946	4834	4548	4248	3899	3541	3212	2943	2725	2586	2641	2812	3132	3399	3595	3682	3630	3451	3237	3020	2812	2591	2370	2214	2090	
108	8878	60.0	60.0	31	1	1	2	1001	1226	1787	2580	3546	4340	4785	4945	4720	4497	4237	3887	3514	3216	2907	2702	2552	2634	2807	3071	3412	3566	3664	3587	3446	3283	3005	2798	2594	2402	2221	2099	
108	8895	60.0	60.0	31	1	1	2	987	1218	1788	2606	3521	4318	4771	4910	4798	4501	4245	3867	3538	3205	2875	2706	2619	2614	2845	3088	3398	3600	3664	3565	3414	3228	3035	2760	2552	2390	2223	2120	
108	8958	95.2	95.0	32	1	0	2	925	1040	1300	1727	2198	2638	2874	2999	2969	2838	2764	2578	2359	2208	2084	2016	2011	2094	2299	2526	2790	2900	2957	2947	2798	2676	2528	2360	2217	2077	1956	1848	
108	8975	95.0	95.0	32	1	0	2	920	1042	1304	1702	2185	2617	2849	2981	2941	2833	2702	2561	2376	2243	2092	2036	1991	2084	2282	2546	2719	2894	2952	2921	2802	2660	2520	2373	2196	2058	1972	1815	
108	9038	59.7	60.2	32	1	1	2	994	1216	1767	2583	3518	4316	4747	4871	4792	4480	4205	3847	3475	3178	2909	2681	2575	2632	2799	3088	3399	3595	3651	3586	3446	3243	3046	2780	2584	2384	2211	2074	
108	9055	60.0	60.0	32	1	1	2	992	1229	1782	2605	3537	4388	4777	4908	4761	4545	4220	3904	3499	3211	2899	2716	2614	2607	2814	3112	3419	3626	3658	3570	3464	3276	3023	2804	2584	2382	2232	2089	
108	9072	60.0	60.0	32	1	1	2	975	1252	1791	2597	3541	4375	4763	4908	4794	4538	4243	3886	3502	3227	2894	2718	2607	2656	2813	3097	3389	3617	3630	3597	3457	3256	3052	2767	2574	2381	2244	2096	
108	9090	59.9	60.0	32	1	1	2	983	1248	1802	2614	3579	4391	4789	4963	4794	4601	4241	3926	3540	3235	2907	2733	2596	2626	2846	3131	3391	3612	3677	3615	3468	3249	3007	2791	2569	2420	2220	2078	
108	9107	59.9	60.0	32	1	1	2	999	1220	1774	2592	3552	4382	4788	4959	4804	4567	4243	3913	3545	3224	2902	2752	2592	2619	2825	3104	3382	3604	3674	3619	3460	3261	3020	2782	2570	2397	2231	2096	
108	9124	60.0	60.0	32	1	1	2	995	1215	1782	2633	3604	4375	4839	4933	4778	4493	4267	3896	3533	3245	2912	2719	2598	2638	2815	3104	3396	3612	3664	3588	3440	3254	2999	2788	2609	2378	2228	2062	
108	9141	60.0	60.0	32	1	1	2	992	1217	1771	2596	3566	4367	4760	4931	4770	4534	4200	3921	3506	3200	2897	2701	2602	2623	2817	3092	3378	3560	3643	3576	3399	3290	3002	2792	2541	2382	2223	2090	
108	9206	95.3	95.0	33	1	0	2	903	1028	1307	1725	2179	2585	2878	2973	2933	2850	2706	2564	2365	2227	2079	2030	2019	2068	2284	2538	2781	2905	2945	2909	2828	2684	2541	2336	2200	2055	1946	1842	
108	9223	95.0	95.0	33	1	0	2	922	1039	1300	1700	2199	2617	2822	2942	2963	2852	2708	2548	2357	2228	2091	2020	1990	2098	2269	2563	2733	2868	3014	2927	2805	2678	2511	2345	2187	2036	1970	1841	
108	9286	59.7	60.2	33	1	1	2	981	1219	1790	2559	3542	4304	4768	4874	4754	4492	4215	3872	3516	3207	2898	2738	2585	2629	2820	3100	3361	3587	3640	3627	3421	3253	2997	2787	2571	2402	2188	2083	
108	9303	59.9	60.0	33	1	1	2	984	1236	1784	2598	3462	4363	4763	4937	4730	4512	4243	3852	3500	3198	2909	2711	2579	2644	2804	3094	3389	3623	3633	3577	3460	3237	3006	2791	2581	2367	2242	2068	
108	9320	60.0	60.0	33	1	1	2	999	1242	1796	2577	3600	4345	4801	4972	4788	4529	4251	3913	3580	3210	2933	2722	2622	2629	2822	3133	3410	3612	3661	3621	3449	3282	3039	2825	2587	2385	2228	2074	
108	9338	60.0	60.0	33	1	1	2	989	1235	1801	2632	3579	4422	4822	4987	4827	4581	4247	3911	3556	3228	2915	2728	2624	2596	2833	3090	3416	3600	3704	3637	3466	3280	3045	2797	2587	2383	2235	2101	
108	9355	60.0	60.0	33	1	1	2	1015	1228	1801	2627	3569	4379	4824	4980	4781	4545	4276	3927	3550	3243	2913	2726	2593	2628	2831	3141	3483	3564	3656	3621	3457	3263	3048	2809	2605	2381	2204	2110	
108	9372	60.0	60.0	33	1	1	2	970	1228	1772	2595	3563	4370	4825	4955	4846	4532	4258	3913	3530	3193	2923	2726	2592	2645	2805	3128	3365	3577	3652	3613	3475	3224	3019	2773	2552	2378	2226	2069	
108	9389	60.0	60.0	33	1	1	2	1004	1235	1798	2608	3561	4388	4751	4952	4805	4519	4266	3872	3549	3218	2947	2726	2613	2652	2858	3119	3381	3600	3683	3584	3428	3234	3007	2807	2578	2382	2266	2091	
108	9452	95.3	94.9	34	1	0	2	930	1032	1313	1709	2165	2624	2884	3007	2997	2887	2751	2551	2406	2224	2111	2008	2022	2085	2280	2547	2787	2890	2981	2918	2797	2702	2543	2371	2204	2061	1965	1838	
108	9469	95.0	95.0	34	1	0	2	924	1022	1320	1715	2209	2648	2845	2983	2956	2864	2686	2538	2399	2246	2086	2034	2012	2102	2286	2528	2765	2898	2956	2899	2798	2695	2521	2322	2211	2050	1948	1841	
108	9532	59.7	60.2	34	1	1	2	1009	1237	1781	2626	3549	4355	4810	4891	4769	4540	4242	3859	3533	3196	2905	2739	2606	2640	2840	3110	3374	3563	3639	3606	3435	3260	3054	2836	2574	2364	2226	2086	
108	9549	60.0	60.0	34	1	1	2	1002	1248	1786	2610	3583	4380	4778	4912	4836	4559	4255	3854	3548	3225	2902	2737	2610	2651	2818	3120	3396	3589	3696	3642	3437	3233	3030	2751	2562	2382	2241	2098	
108	9566	60.0	60.0	34	1	1	2	1004	1224	1798	2626	3588	4394	4844	5001	4867	4560	4258	3902	3586	3251	2942	2766	2637	2612	2831	3130	3450	3604	3673	3640	3462	3277	3034	2803	2605	2378	2231	2088	
108	9584	59.9	60.0	34	1	1	2	999	1207	1778	2624	3573	4428	4850	4999	4890	4589	4308	3962	3568	3258	2956	2755	2626	2666	2868	3155	3433	3613	3653	3629	3461	3277	3059	2796	2616	2380	2219	2092	
108	9601	60.0	60.0	34	1	1	2	1009	1229	1801	2615	3583	4406	4850	4965	4831	4560	4287	3914	3569	3252	2915	2709	2638	2672	2847	3118	3412	3594	3647	3597	3442	3256	3023	2803	2580	2382	2209	2095	
108	9618	59.9	60.0	34	1	1	2	996	1233	1787	2656	3603	4410	4849	4959	4812	4570	4252	3900	3545	3253	2933	2786	2602	2618	2809	3128	3404	3594	3646	3605	3434	3247	3026	2786	2566	2380	2230	2108	
108	9635	60.0	60.0	34	1	1	2	1004	1230	1808	2595	3600	4371	4779	4939	4815	4589	4255	3917	3568	3227	2935	2745	2610	2652	2794	3133	3386	3610	3666	3620	3471	3256	3032	2812	2591	2403	2218	2079	
108	9698	95.2	95.0	35	1	0	2	920	1047	1309	1728	2210	2660	2918	3043	2967	2863	2770	2613	2406	2241	2124	2052	2033	2113	2280	2558	2751	2947	2980	2904	2803	2707	2519	2348	2249	2080	1940	1836	
108	9715	95.0	95.0	35	1	0	2	920	1037	1296	1732	2193	2619	2889	3022	2968	2869	2764	2551	2398	2257	2073	2029	2011	2109	2287	2538	2766	2892	2952	2919	2821	2714	2540	2362	2218	2080	1966	1865	
108	9778	59.7	60.2	35	1	1	2	1002	1204	1794	2607	3625	4395	4837	5003	4831	4559	4262	3934	3570	3269	2912	2748	2638	2667	2840	3071	3404	3613	3664	3586	3433	3260	2998	2786	2564	2377	2246	2094	
108	9795	60.0	60.0	35	1	1	2	1015	1235	1747	2615	3591	4407	4839	5029	4847	4604	4279	3906	3553	3240	2938	2753	2646	2624	2815	3167	3409	3613	3713	3594	3432	3254	3001	2812	2565	2398	2228	2117	
108	9813	60.0	60.0	35	1	1	2	1002	1242	1810	2643	3631	4429	4875	5051	4898	4609	4345	3992	3599	3254	2981	2747	2647	2658	2824	3141	3398	3625	3697	3627	3484	3240	3034	2820	2598	2379	2244	2090	
108	9830	60.0	60.0	35	1	1	2	1017	1245	1821	2630	3656	4471	4930	5040	4890	4612	4336	3985	3624	3300	2954	2786	2682	2680	2844	3140	3417	3594	3716	3651	3474	3278	3033	2806	2568	2390	2252	2124	
108	9847	60.0	60.0	35	1	1	2	1018	1241	1789	2658	3634	4461	4865	5064	4930	4610	4325	3952	3578	3284	2973	2786	2649	2668	2862	3127	3424	3623	3653	3636	3479	3307	3028	2793	2566	2384	2246	2088	
108	9864	60.0	60.0	35	1	1	2	1010	1267	1833	2632	3610	4439	4883	5046	4840	4584	4333	3954	3609	3246	2966	2752	2627	2677	2832	3136	3410	3599	3689	3609	3458	3279	3035	2804	2615	2389	2217	2112	
108	9882	60.0	60.0	35	1	1	2	1008	1226	1835	2639	3621	4459	4877	5016	4847	4604	4296	3956	3603	3251	2938	2732	2631	2643	2838	3124	3428	3578	3674	3596	3433	3285	3034	2777	2602	2360	2241	2122	
108	9944	95.4	94.9	36	1	0	2	932	1047	1323	1739	2230	2652	2969	3071	3027	2916	2802	2614	2425	2271	2107	2067	2057	2128	2315	2559	2772	2913	2981	2936	2815	2686	2532	2358	2197	2086	1979	1883	
108	9961	95.0	95.0	36	1	0	2	936	1047	1317	1734	2198	2663	2908	3054	3019	2917	2777	2599	2406	2247	2128	2069	2040	2135	2289	2553	2760	2920	2978	2914	2828	2677	2542	2363	2178	2067	1950	1850	
108	10024	59.7	60.2	36	1	1	2	1017	1251	1821	2657	3667	4495	4929	5043	4948	4667	4384	3988	3630	3242	2967	2781	2656	2684	2843	3172	3441	3646	3697	3598	3467	3258	3058	2801	2590	2383	2242	2103	
108	10041	60.0	60.1	36	1	1	2	1022	1237	1816	2657	3682	4493	4967	5095	4972	4664	4378	4039	3665	3321	2989	2774	2665	2702	2868	3159	3441	3652	3681	3630	3482	3300	3050	2783	2581	2397	2239	2103	
108	10059	60.0	60.0	36	1	1	2	1024	1239	1829	2688	3669	4552	5055	5144	5006	4694	4421	4053	3697	3354	3004	2821	2688	2682	2862	3226	3454	3656	3720	3635	3493	3285	3040	2802	2591	2395	2250	2101	
108	10076	59.9	60.0	36	1	1	2	997	1256	1833	2721	3712	4552	5048	5168	5061	4756	4407	4048	3670	3354	3028	2826	2714	2734	2895	3175	3445	3680	3684	3656	3505	3315	3033	2824	2593	2390	2258	2110	
108	10093	60.0	60.0	36	1	1	2	1009	1250	1815	2666	3696	4556	4942	5109	4965	4692	4419	4055	3674	3324	3003	2836	2658	2671	2848	3137	3430	3608	3695	3669	3471	3287	3057	2820	2591	2394	2259	2109	
108	10110	60.0	60.0	36	1	1	2	1003	1237	1835	2664	3682	4522	4928	5077	4984	4712	4370	4028	3614	3310	2986	2819	2667	2683	2899	3149	3421	3599	3698	3647	3460	3263	3012	2805	2590	2388	2224	2088	
108	10128	60.0	60.0	36	1	1	2	1014	1257	1818	2675	3684	4524	4972	5114	4964	4702	4389	4044	3673	3329	2985	2817	2665	2676	2881	3169	3462	3672	3693	3660	3449	3278	3039	2797	2614	2416	2225	2095	
108	10190	95.4	94.9	37	1	0	2	945	1061	1325	1780	2298	2746	2987	3163	3128	3011	2861	2685	2494	2327	2171	2105	2049	2146	2361	2597	2801	2941	2998	2964	2860	2705	2580	2392	2240	2110	1963	1867	
108	10207	95.0	95.0	37	1	0	2	940	1061	1323	1766	2298	2708	2981	3085	3074	2990	2835	2698	2470	2285	2174	2063	2057	2146	2334	2592	2812	2916	2981	2936	2808	2679	2572	2387	2201	2103	1990	1863	
108	10270	59.7	60.2	37	1	1	2	1025	1262	1832	2713	3787	4590	5064	5232	5068	4812	4467	4095	3707	3367	3065	2884	2717	2737	2918	3217	3464	3661	3733	3642	3491	3280	3060	2812	2606	2386	2248	2097	
108	10288	59.9	60.0	37	1	1	2	1013	1270	1841	2756	3793	4645	5108	5266	5123	4850	4496	4122	3785	3416	3079	2882	2713	2739	2909	3187	3451	3700	3720	3657	3479	3283	3045	2827	2603	2428	2259	2109	
108	10305	60.0	60.0	37	1	1	2	1024	1283	1867	2757	3810	4671	5168	5328	5130	4823	4559	4190	3816	3416	3104	2884	2748	2743	2926	3210	3515	3664	3721	3667	3525	3312	3093	2853	2616	2432	2251	2100	
108	10322	59.9	60.0	37	1	1	2	1028	1271	1874	2747	3801	4695	5189	5325	5150	4893	4587	4217	3786	3436	3108	2892	2729	2760	2931	3207	3499	3660	3755	3661	3518	3333	3068	2828	2605	2422	2269	2095	
108	10339	60.0	60.0	37	1	1	2	1039	1250	1878	2771	3829	4659	5155	5314	5152	4884	4563	4232	3793	3414	3101	2903	2733	2721	2917	3225	3470	3691	3713	3657	3506	3310	3079	2850	2599	2411	2268	2106	
108	10357	60.0	60.0	37	1	1	2	996	1273	1885	2753	3831	4670	5190	5313	5185	4857	4557	4179	3766	3426	3092	2870	2751	2754	2930	3177	3518	3676	3686	3675	3513	3287	3090	2809	2615	2403	2261	2133	
108	10374	60.0	60.0	37	1	1	2	1019	1263	1864	2758	3803	4666	5117	5268	5156	4873	4513	4152	3769	3429	3088	2859	2737	2757	2907	3213	3435	3645	3703	3676	3474	3276	3042	2809	2587	2403	2271	2106	
108	10436	95.4	94.9	38	1	0	2	944	1066	1370	1850	2345	2831	3118	3304	3218	3113	2983	2753	2567	2378	2235	2151	2114	2178	2348	2614	2834	2958	3023	2964	2838	2739	2577	2390	2224	2101	1969	1868	
108	10454	95.0	95.0	38	1	0	2	940	1070	1348	1827	2384	2793	3077	3234	3191	3081	2924	2783	2549	2390	2226	2143	2096	2205	2360	2606	2814	2965	3010	2982	2834	2691	2523	2401	2242	2080	1970	1868	
108	10516	59.7	60.2	38	1	1	2	1050	1273	1919	2834	3926	4833	5366	5564	5349	5073	4760	4343	3935	3569	3193	3019	2822	2842	2976	3241	3550	3720	3770	3688	3557	3318	3148	2854	2628	2433	2274	2130	
108	10534	59.9	60.0	38	1	1	2	1029	1305	1933	2861	3956	4864	5414	5582	5363	5098	4729	4380	3937	3573	3215	3016	2837	2803	2965	3285	3510	3714	3794	3675	3525	3336	3114	2886	2633	2440	2279	2136	
108	10551	60.0	60.0	38	1	1	2	1025	1289	1936	2857	4008	4893	5378	5606	5440	5120	4817	4364	3981	3612	3214	2998	2827	2853	3007	3315	3534	3723	3760	3748	3541	3317	3104	2874	2640	2446	2268	2164	
108	10568	60.0	60.0	38	1	1	2	1028	1282	1929	2855	3991	4938	5453	5639	5471	5182	4814	4424	3962	3601	3241	3020	2860	2838	2977	3289	3569	3727	3788	3720	3549	3360	3120	2870	2630	2445	2300	2129	
108	10585	60.0	60.0	38	1	1	2	1027	1296	1942	2879	3969	4955	5422	5607	5445	5091	4791	4391	4005	3582	3222	3008	2837	2849	2997	3273	3527	3748	3781	3707	3518	3345	3112	2857	2621	2458	2294	2135	
108	10603	60.0	60.0	38	1	1	2	1002	1303	1929	2858	3997	4910	5427	5578	5380	5124	4803	4413	3953	3607	3241	2975	2834	2834	3004	3281	3540	3723	3754	3687	3520	3345	3112	2852	2626	2424	2254	2138	
108	10620	60.0	60.0	38	1	1	2	1031	1315	1924	2872	3954	4912	5401	5590	5424	5120	4787	4396	3930	3557	3210	2994	2836	2842	2984	3273	3494	3740	3753	3700	3526	3321	3074	2891	2659	2484	2271	2128	
108	10684	95.3	95.0	39	1	0	2	947	1099	1388	1914	2508	2974	3283	3481	3443	3327	3154	2917	2719	2534	2355	2247	2188	2234	2412	2694	2869	2979	3035	2986	2889	2733	2581	2401	2250	2135	1982	1883	
108	10702	95.0	95.0	39	1	0	2	952	1078	1398	1869	2444	2968	3305	3442	3424	3275	3158	2922	2719	2519	2327	2229	2194	2269	2409	2644	2843	2976	3058	3001	2857	2750	2571	2425	2245	2099	1991	1879	
108	10762	59.7	60.3	39	1	1	2	1053	1314	2010	2978	4194	5189	5729	5978	5756	5458	5050	4696	4200	3807	3402	3165	2950	2945	3097	3329	3609	3783	3838	3767	3570	3350	3102	2882	2680	2462	2288	2117	
108	10780	59.9	60.0	39	1	1	2	1052	1310	2024	3042	4232	5246	5835	6018	5791	5469	5121	4671	4225	3799	3418	3145	2994	2937	3104	3371	3580	3780	3828	3744	3591	3384	3114	2874	2670	2465	2303	2172	
108	10797	60.0	60.0	39	1	1	2	1050	1342	1999	3071	4264	5290	5884	6043	5897	5573	5193	4736	4262	3835	3457	3221	2994	2979	3095	3373	3632	3802	3850	3720	3595	3349	3136	2913	2665	2456	2306	2168	
108	10814	60.0	60.0	39	1	1	2	1037	1328	2055	3081	4301	5348	5896	6114	5914	5565	5214	4747	4282	3899	3487	3167	3006	2994	3147	3405	3616	3808	3875	3801	3612	3390	3163	2897	2685	2498	2287	2176	
108	10831	60.0	60.0	39	1	1	2	1057	1328	2033	3012	4290	5313	5924	6090	5840	5579	5182	4714	4246	3855	3470	3196	2984	2974	3103	3372	3678	3848	3859	3774	3579	3386	3156	2919	2692	2444	2292	2178	
108	10849	60.0	60.0	39	1	1	2	1057	1326	2029	3042	4306	5329	5837	6067	5883	5536	5171	4735	4304	3874	3447	3204	2984	2977	3083	3396	3634	3817	3824	3792	3583	3386	3169	2921	2677	2456	2287	2157	
108	10866	60.0	60.0	39	1	1	2	1041	1334	2038	3062	4284	5314	5864	6077	5915	5577	5193	4750	4260	3819	3476	3194	2996	2955	3120	3376	3647	3801	3842	3750	3589	3406	3121	2911	2665	2499	2309	2147	
108	10931	95.3	95.0	40	1	0	2	972	1107	1472	2044	2718	3246	3644	3799	3767	3627	3429	3196	2948	2732	2496	2378	2313	2392	2525	2731	2962	3086	3105	3035	2921	2804	2597	2448	2309	2140	2008	1896	
108	10948	95.0	95.0	40	1	0	2	962	1115	1457	2048	2670	3257	3641	3799	3745	3605	3420	3204	2939	2726	2483	2389	2284	2387	2530	2751	2920	3082	3092	3073	2917	2801	2617	2458	2299	2100	2019	1892	
108	11011	59.7	60.2	40	1	1	2	1080	1373	2131	3229	4565	5701	6307	6610	6369	5998	5613	5072	4613	4108	3672	3394	3176	3128	3252	3515	3724	3891	3906	3836	3643	3428	3182	2947	2720	2511	2327	2180	
108	11028	59.9	60.0	40	1	1	2	1061	1399	2150	3271	4638	5797	6419	6625	6450	6097	5634	5158	4628	4197	3723	3460	3206	3151	3277	3505	3762	3896	3949	3888	3725	3464	3229	2982	2704	2512	2326	2192	
108	11045	60.0	60.0	40	1	1	2	1060	1388	2137	3283	4662	5823	6450	6659	6477	6126	5728	5211	4649	4213	3763	3454	3196	3165	3302	3504	3747	3918	3933	3852	3683	3422	3213	2940	2721	2496	2352	2200	
108	11062	59.9	60.0	40	1	1	2	1067	1358	2149	3295	4683	5857	6497	6749	6537	6148	5710	5189	4665	4232	3748	3438	3222	3148	3316	3518	3761	3931	3955	3846	3653	3485	3214	2930	2745	2518	2329	2193	
108	11080	59.9	60.0	40	1	1	2	1070	1388	2176	3290	4678	5874	6456	6692	6521	6118	5693	5210	4665	4189	3748	3460	3231	3142	3274	3526	3781	3940	3967	3866	3682	3485	3203	2961	2755	2493	2316	2192	
108	11097	60.0	60.0	40	1	1	2	1087	1378	2137	3300	4672	5815	6440	6670	6480	6120	5685	5168	4641	4159	3748	3452	3165	3129	3228	3515	3701	3936	3924	3821	3676	3432	3148	2944	2697	2509	2336	2195	
108	11114	60.0	60.0	40	1	1	2	1064	1386	2191	3293	4698	5823	6458	6715	6503	6135	5758	5183	4649	4205	3757	3423	3214	3126	3279	3485	3756	3930	3968	3833	3663	3461	3202	2932	2698	2532	2348	2173	
