Well	Time (1/2 s)	Block Temp	Sample Temp	Repetition	PCR Stage	Extension	Scale	B1	B2	B3	B4	B5	B6	B7	B8	B9	B10	B11	B12	B13	B14	B15	B16	B17	B18	B19	B20	B21	B22	B23	B24	B25	B26	B27	B28	B29	B30	B31	B32
106	104	95.3	95.0	1	0	0	2	947	1064	1338	1785	2285	2756	3060	3176	3121	3006	2864	2720	2527	2376	2204	2117	2118	2212	2472	2753	2965	3164	3184	3155	3014	2887	2703	2512	2344	2170	2076	1952	
106	121	95.0	95.0	1	0	0	2	922	1032	1338	1776	2299	2718	2982	3154	3116	2978	2873	2678	2493	2360	2213	2137	2158	2234	2417	2742	2980	3144	3204	3143	3002	2889	2699	2523	2387	2183	2075	1968	
106	139	95.0	95.0	1	0	0	2	922	1047	1315	1785	2305	2735	2981	3113	3105	2970	2864	2667	2509	2331	2192	2123	2102	2206	2430	2740	2966	3114	3168	3137	3024	2867	2703	2498	2344	2191	2056	1977	
106	156	94.9	95.0	1	0	0	2	940	1051	1314	1793	2268	2728	3011	3138	3079	3020	2859	2676	2513	2322	2182	2126	2081	2228	2397	2732	2964	3134	3158	3112	2985	2872	2655	2528	2355	2206	2074	1936	
106	173	95.0	95.0	1	0	0	2	972	1022	1325	1746	2312	2742	3008	3136	3110	2994	2868	2678	2481	2313	2198	2125	2105	2216	2424	2695	2971	3104	3168	3140	2971	2864	2692	2519	2338	2192	2074	1950	
106	190	95.0	95.0	1	0	0	2	934	1088	1424	1791	2292	2752	3019	3137	3138	3016	2855	2704	2524	2362	2189	2127	2132	2203	2448	2741	2956	3109	3190	3144	3024	2876	2695	2551	2378	2201	2101	1980	
106	208	94.9	95.0	1	0	0	2	923	1070	1445	1798	2239	2782	3021	3125	3082	2998	2894	2686	2504	2324	2184	2126	2120	2229	2425	2741	3001	3157	3211	3134	3036	2915	2711	2523	2344	2218	2091	1953	
106	225	95.0	95.0	1	0	0	2	927	1074	1442	1779	2270	2723	2975	3131	3123	3017	2873	2692	2505	2350	2184	2139	2116	2211	2480	2711	2968	3130	3200	3179	3063	2892	2691	2530	2365	2197	2088	1964	
106	242	95.0	95.0	1	0	0	2	930	1060	1463	1780	2276	2744	2999	3129	3108	3019	2872	2710	2523	2340	2181	2152	2111	2218	2438	2728	2969	3130	3180	3147	3051	2875	2721	2502	2366	2201	2098	1995	
106	259	94.9	95.0	1	0	0	2	934	1066	1458	1773	2293	2764	3014	3156	3101	3020	2892	2710	2523	2331	2241	2139	2124	2261	2431	2776	2990	3140	3187	3131	3064	2877	2729	2545	2350	2223	2107	1954	
106	277	94.9	95.0	1	0	0	2	937	1069	1446	1796	2299	2740	3029	3137	3106	3014	2889	2724	2507	2352	2197	2130	2138	2227	2425	2707	2993	3154	3243	3143	3000	2879	2712	2515	2364	2231	2080	1971	
106	294	94.9	95.0	1	0	0	2	944	1055	1439	1801	2303	2741	3027	3142	3113	3011	2883	2726	2523	2386	2199	2137	2112	2226	2420	2721	2993	3131	3217	3153	3042	2902	2721	2528	2356	2224	2093	1977	
106	311	95.0	95.0	1	0	0	2	934	1061	1465	1784	2316	2762	3029	3161	3100	3006	2881	2690	2510	2333	2212	2124	2125	2244	2448	2727	2971	3162	3223	3177	3047	2891	2724	2545	2386	2209	2072	1981	
106	328	95.0	95.0	1	0	0	2	936	1069	1467	1810	2292	2760	3009	3170	3148	3040	2905	2689	2500	2353	2205	2140	2121	2240	2461	2745	2956	3170	3212	3164	3029	2901	2708	2518	2379	2240	2102	1971	
106	346	95.0	95.0	1	0	0	2	934	1075	1449	1774	2275	2743	2985	3138	3123	3022	2907	2687	2495	2330	2201	2163	2110	2224	2463	2707	2964	3144	3213	3131	3023	2880	2704	2515	2376	2218	2085	1952	
106	363	95.0	95.0	1	0	0	2	949	1084	1452	1785	2307	2770	3001	3148	3100	3048	2844	2701	2502	2329	2169	2135	2121	2235	2423	2730	2979	3179	3190	3160	3020	2918	2698	2543	2379	2215	2092	1986	
106	380	95.0	95.0	1	0	0	2	943	1060	1440	1780	2268	2725	3006	3139	3108	3022	2906	2684	2500	2372	2184	2149	2106	2239	2439	2703	2970	3139	3208	3130	3020	2897	2688	2537	2358	2208	2075	1964	
106	397	95.0	95.0	1	0	0	2	921	1072	1466	1776	2297	2741	3033	3159	3116	3019	2892	2696	2508	2329	2189	2111	2137	2241	2435	2745	2947	3160	3186	3185	3054	2866	2685	2563	2369	2218	2109	1976	
106	415	94.9	95.0	1	0	0	2	931	1064	1443	1811	2283	2748	3029	3135	3125	2981	2862	2722	2514	2340	2221	2110	2117	2202	2451	2729	2949	3142	3160	3164	3041	2882	2716	2517	2366	2225	2085	1940	
106	432	94.9	95.0	1	0	0	2	937	1073	1446	1786	2295	2740	3033	3187	3124	3050	2901	2705	2507	2353	2199	2104	2118	2212	2460	2734	2959	3162	3205	3165	3050	2867	2741	2547	2347	2201	2107	1969	
106	449	95.0	95.0	1	0	0	2	937	1077	1442	1779	2323	2756	3006	3140	3131	3023	2888	2691	2500	2336	2213	2141	2116	2255	2429	2761	2988	3154	3173	3151	3036	2871	2719	2537	2373	2200	2103	1958	
106	466	94.9	95.0	1	0	0	2	923	1052	1467	1784	2291	2723	2999	3127	3116	3026	2890	2730	2509	2318	2190	2144	2102	2217	2434	2723	2933	3136	3204	3147	3030	2864	2709	2546	2374	2216	2056	1964	
106	484	94.9	95.0	1	0	0	2	919	1060	1423	1777	2311	2753	3019	3151	3150	3022	2902	2700	2519	2331	2184	2146	2140	2222	2451	2757	2984	3168	3183	3167	3037	2856	2716	2518	2364	2221	2085	1960	
106	501	94.9	95.0	1	0	0	2	933	1071	1442	1792	2337	2759	3035	3127	3116	3014	2905	2702	2542	2348	2205	2117	2134	2208	2455	2745	2977	3131	3196	3177	3022	2879	2737	2532	2368	2190	2092	1946	
106	518	95.0	95.0	1	0	0	2	922	1064	1453	1777	2300	2774	3023	3161	3128	3003	2922	2726	2515	2353	2194	2159	2138	2228	2444	2752	2985	3139	3205	3212	3028	2889	2727	2548	2364	2235	2096	1953	
106	535	95.0	95.0	1	0	0	2	917	1061	1452	1773	2289	2742	3023	3147	3117	3032	2875	2705	2536	2350	2184	2152	2137	2227	2450	2727	3003	3171	3220	3168	3063	2878	2706	2512	2367	2198	2117	1952	
106	553	94.9	95.0	1	0	0	2	941	1069	1433	1757	2294	2741	3033	3155	3121	3052	2894	2737	2528	2387	2229	2154	2148	2229	2446	2758	2993	3165	3226	3169	3032	2904	2701	2533	2366	2240	2092	1973	
106	570	95.0	95.0	1	0	0	2	929	1057	1441	1779	2285	2757	3016	3163	3137	3015	2860	2691	2527	2350	2212	2129	2104	2242	2412	2732	2964	3151	3201	3184	3019	2868	2724	2522	2383	2228	2091	2019	
106	587	94.9	95.0	1	0	0	2	918	1069	1446	1773	2300	2738	3043	3162	3117	3042	2912	2733	2535	2352	2195	2150	2127	2253	2429	2715	2971	3166	3243	3161	3063	2907	2716	2553	2396	2216	2084	1987	
106	604	95.0	95.0	1	0	0	2	932	1064	1447	1778	2317	2731	3005	3161	3152	3046	2894	2694	2537	2329	2202	2170	2113	2247	2448	2726	2983	3148	3225	3152	3045	2901	2726	2522	2401	2198	2083	1987	
106	622	95.0	95.0	1	0	0	2	943	1068	1466	1760	2295	2751	3024	3172	3145	3018	2863	2732	2516	2361	2209	2129	2121	2243	2454	2729	2979	3127	3199	3183	3037	2886	2726	2552	2356	2231	2080	1967	
106	639	95.0	95.0	1	0	0	2	936	1056	1458	1801	2279	2779	3063	3160	3127	3031	2889	2718	2540	2361	2188	2110	2122	2216	2458	2736	2973	3158	3233	3147	3043	2920	2734	2547	2401	2213	2096	1991	
106	656	94.9	95.0	1	0	0	2	928	1057	1446	1773	2317	2757	3055	3157	3135	3017	2909	2718	2554	2345	2213	2116	2169	2230	2467	2726	2962	3130	3185	3143	3022	2903	2756	2516	2365	2226	2081	1963	
106	673	95.0	95.0	1	0	0	2	916	1069	1456	1756	2288	2769	3024	3177	3131	3029	2891	2696	2550	2342	2212	2131	2131	2227	2427	2709	2978	3176	3212	3141	3014	2891	2733	2521	2364	2202	2080	1999	
106	691	95.0	95.0	1	0	0	2	929	1064	1439	1773	2306	2771	3034	3140	3145	3016	2925	2697	2531	2375	2207	2161	2132	2241	2440	2690	3010	3164	3217	3168	3063	2906	2712	2545	2364	2198	2095	1964	
106	708	95.0	95.0	1	0	0	2	942	1067	1444	1787	2319	2775	3043	3216	3138	3052	2897	2742	2521	2371	2202	2143	2127	2251	2469	2745	2985	3150	3227	3175	3049	2886	2707	2548	2372	2192	2104	1970	
106	725	94.9	95.0	1	0	0	2	935	1082	1427	1789	2286	2754	3040	3177	3147	3034	2906	2705	2505	2381	2218	2147	2132	2249	2476	2754	2971	3155	3215	3167	3041	2872	2707	2528	2365	2229	2135	1962	
106	742	95.0	95.0	1	0	0	2	942	1034	1467	1786	2307	2745	3012	3198	3144	3081	2901	2734	2544	2357	2221	2149	2147	2246	2461	2760	2995	3160	3198	3171	3039	2917	2690	2533	2377	2235	2096	1981	
106	760	95.0	95.0	1	0	0	2	938	1080	1452	1780	2299	2789	3038	3178	3138	3046	2897	2710	2553	2367	2217	2151	2142	2230	2463	2755	2998	3188	3197	3157	3047	2926	2727	2520	2380	2209	2098	1964	
106	777	95.0	95.0	1	0	0	2	937	1070	1455	1798	2330	2768	3055	3183	3147	3039	2938	2721	2546	2355	2199	2147	2123	2287	2468	2750	3030	3189	3231	3200	3064	2893	2736	2540	2377	2188	2067	1965	
106	794	95.0	95.0	1	0	0	2	935	1070	1447	1773	2284	2802	3065	3138	3164	3050	2937	2722	2542	2380	2207	2170	2152	2248	2459	2758	2999	3167	3205	3163	3036	2929	2717	2542	2399	2212	2103	1976	
106	811	94.9	95.0	1	0	0	2	929	1072	1436	1787	2315	2779	3072	3156	3158	3098	2913	2737	2535	2368	2235	2172	2143	2240	2436	2744	3012	3172	3230	3185	3049	2886	2748	2572	2384	2216	2054	1961	
106	829	95.0	95.0	1	0	0	2	925	1071	1441	1805	2301	2771	3052	3177	3145	3036	2913	2716	2526	2362	2192	2134	2132	2230	2464	2715	2980	3164	3207	3156	3045	2899	2709	2557	2372	2214	2072	1957	
106	846	94.9	95.0	1	0	0	2	928	1062	1438	1799	2341	2769	3048	3181	3159	3038	2876	2728	2530	2361	2226	2151	2125	2280	2442	2756	2968	3145	3198	3158	3039	2921	2701	2538	2368	2216	2089	1966	
106	863	95.0	95.0	1	0	0	2	944	1062	1451	1788	2334	2790	3060	3207	3108	3054	2920	2727	2550	2371	2198	2130	2114	2242	2446	2737	3006	3123	3210	3166	3008	2929	2738	2521	2391	2221	2110	1934	
106	880	95.0	95.0	1	0	0	2	928	1081	1441	1794	2306	2801	3044	3170	3167	3070	2921	2755	2534	2354	2230	2142	2129	2239	2482	2732	2996	3187	3256	3170	3041	2910	2752	2532	2412	2249	2095	2000	
106	898	95.0	95.0	1	0	0	2	937	1052	1428	1794	2323	2804	3044	3164	3145	3045	2924	2702	2536	2365	2188	2177	2120	2252	2474	2731	2997	3180	3215	3181	3053	2923	2742	2548	2374	2219	2118	1970	
106	915	95.0	95.0	1	0	0	2	932	1078	1436	1778	2300	2753	3060	3202	3156	3042	2915	2754	2531	2382	2223	2149	2137	2253	2443	2764	2992	3188	3227	3150	3074	2915	2701	2571	2388	2222	2085	1979	
106	932	94.9	95.0	1	0	0	2	936	1056	1442	1790	2301	2780	3064	3157	3114	3045	2886	2760	2540	2362	2190	2159	2123	2230	2459	2746	2960	3152	3204	3205	3051	2906	2716	2540	2392	2227	2079	1982	
106	949	95.0	95.0	1	0	0	2	938	1073	1435	1784	2321	2769	3047	3188	3139	3051	2905	2715	2528	2370	2207	2141	2147	2247	2468	2708	2992	3191	3214	3192	3050	2936	2720	2568	2379	2231	2101	1961	
106	967	95.0	95.0	1	0	0	2	941	1071	1442	1782	2316	2773	3060	3196	3161	3049	2947	2745	2537	2387	2207	2144	2145	2266	2448	2737	3011	3130	3196	3149	3022	2915	2740	2534	2376	2235	2097	1980	
106	984	95.0	95.0	1	0	0	2	925	1075	1429	1782	2308	2795	3049	3162	3156	3056	2902	2743	2472	2361	2212	2143	2148	2231	2458	2737	2990	3165	3221	3175	3041	2901	2761	2551	2375	2229	2085	1975	
106	1001	95.0	95.0	1	0	0	2	929	1064	1453	1803	2345	2797	3054	3199	3160	3048	2897	2763	2532	2372	2228	2166	2100	2237	2446	2738	3010	3200	3211	3156	3054	2922	2699	2555	2385	2207	2100	1987	
106	1018	94.9	95.0	1	0	0	2	921	1066	1447	1808	2319	2785	3110	3201	3168	3061	2900	2728	2549	2382	2211	2154	2144	2259	2462	2752	2987	3147	3197	3184	3010	2891	2768	2568	2342	2245	2104	1976	
106	1036	94.9	95.0	1	0	0	2	925	1062	1459	1819	2302	2772	3074	3196	3161	3053	2944	2752	2541	2366	2224	2159	2152	2239	2453	2755	2969	3171	3210	3166	3076	2904	2742	2533	2370	2218	2087	1984	
106	1053	95.0	95.0	1	0	0	2	937	1074	1458	1781	2338	2780	3057	3208	3186	3054	2919	2723	2573	2362	2199	2132	2116	2241	2454	2743	3024	3150	3248	3146	3058	2895	2729	2542	2382	2233	2088	1994	
106	1070	95.0	95.0	1	0	0	2	915	1071	1459	1797	2320	2771	3039	3184	3158	3029	2945	2745	2536	2366	2215	2166	2144	2229	2436	2738	2988	3161	3216	3156	3056	2892	2692	2540	2360	2217	2115	1969	
106	1087	95.0	95.0	1	0	0	2	945	1060	1441	1784	2330	2755	3044	3183	3172	3056	2911	2726	2561	2381	2213	2163	2158	2232	2454	2721	2984	3186	3219	3176	3033	2947	2730	2528	2368	2257	2096	1979	
106	1105	95.0	95.0	1	0	0	2	917	1072	1456	1788	2320	2777	3037	3152	3146	3061	2926	2739	2528	2384	2204	2148	2129	2236	2457	2755	2980	3192	3220	3174	3017	2917	2734	2535	2360	2245	2089	2002	
106	1122	94.9	95.0	1	0	0	2	954	1062	1444	1796	2346	2759	3038	3216	3152	3023	2953	2730	2528	2362	2222	2141	2137	2240	2465	2738	3008	3169	3217	3172	3056	2912	2719	2552	2394	2227	2073	1964	
106	1139	95.0	95.0	1	0	0	2	939	1072	1441	1794	2323	2791	3067	3202	3184	3057	2924	2744	2536	2333	2240	2154	2184	2232	2436	2755	2994	3180	3209	3177	3073	2921	2727	2543	2379	2208	2093	1969	
106	1156	95.0	95.0	1	0	0	2	931	1078	1445	1749	2312	2803	3058	3181	3165	3064	2934	2735	2539	2346	2245	2175	2132	2271	2450	2729	3006	3157	3242	3172	3036	2874	2746	2538	2374	2232	2107	1996	
106	1174	95.0	95.0	1	0	0	2	934	1075	1459	1786	2320	2794	3070	3168	3192	3075	2925	2756	2555	2388	2230	2128	2150	2261	2458	2760	3002	3158	3246	3175	3048	2943	2711	2550	2356	2228	2088	1980	
106	1191	94.9	95.0	1	0	0	2	930	1089	1448	1792	2306	2777	3046	3199	3187	3061	2934	2735	2563	2381	2210	2157	2136	2259	2504	2710	2992	3147	3223	3154	3101	2929	2745	2552	2373	2246	2115	1950	
106	1208	94.9	95.0	1	0	0	2	934	1062	1424	1778	2334	2784	3078	3206	3150	3045	2939	2745	2529	2383	2197	2148	2166	2253	2477	2733	2988	3143	3244	3183	3047	2925	2759	2560	2353	2201	2078	1976	
106	1225	95.0	95.0	1	0	0	2	936	1083	1434	1790	2327	2792	3063	3190	3202	3061	2916	2746	2548	2379	2196	2156	2136	2249	2444	2792	2981	3173	3240	3198	3021	2914	2732	2538	2372	2239	2093	1960	
106	1243	95.0	95.0	1	0	0	2	933	1084	1432	1788	2328	2777	3056	3221	3181	3073	2913	2741	2535	2405	2230	2173	2140	2215	2453	2737	3002	3193	3190	3174	3076	2885	2708	2583	2374	2234	2123	1973	
106	1260	95.0	95.0	1	0	0	2	942	1081	1431	1787	2318	2753	3067	3199	3179	3065	2920	2737	2518	2386	2214	2171	2126	2208	2443	2719	3006	3171	3208	3181	3055	2910	2757	2562	2364	2217	2092	1975	
106	1277	94.9	95.0	1	0	0	2	936	1089	1447	1782	2281	2796	3077	3211	3155	3071	2935	2738	2560	2410	2223	2135	2132	2256	2461	2723	2996	3165	3232	3140	3042	2895	2698	2579	2357	2236	2119	1996	
106	1294	95.0	95.0	1	0	0	2	946	1100	1430	1796	2303	2786	3054	3208	3181	3096	2929	2714	2563	2343	2208	2164	2133	2218	2454	2747	2989	3128	3229	3163	3052	2900	2728	2542	2356	2237	2113	1972	
106	1323	94.9	95.0	1	1	0	2	939	1086	1433	1787	2339	2787	3072	3175	3142	3063	2932	2712	2546	2391	2223	2156	2143	2242	2447	2740	2994	3175	3193	3198	3047	2917	2718	2522	2371	2220	2097	1974	
106	1387	59.7	60.2	1	1	1	2	1042	1255	1870	2802	3884	4749	5258	5399	5280	5000	4682	4276	3892	3530	3170	2950	2837	2861	3046	3426	3716	3950	3988	3977	3789	3547	3302	3021	2800	2566	2431	2253	
106	1404	59.9	60.0	1	1	1	2	999	1262	1861	2735	3839	4699	5185	5397	5232	4960	4602	4188	3821	3483	3138	2898	2787	2814	3016	3398	3669	3829	3956	3929	3709	3502	3247	2981	2762	2532	2343	2208	
106	1422	59.9	60.0	1	1	1	2	1017	1258	1873	2761	3807	4714	5172	5338	5152	4905	4542	4208	3813	3423	3080	2924	2785	2807	3018	3331	3657	3870	3948	3866	3714	3526	3251	3014	2754	2529	2349	2198	
106	1439	59.9	60.0	1	1	1	2	1017	1260	1856	2720	3820	4738	5136	5310	5200	4882	4571	4181	3801	3432	3097	2901	2807	2792	3036	3363	3620	3854	3937	3878	3670	3482	3260	2977	2731	2519	2371	2208	
106	1456	60.0	60.0	1	1	1	2	1002	1256	1828	2729	3795	4663	5094	5299	5106	4831	4526	4174	3797	3413	3066	2882	2764	2749	3035	3287	3625	3847	3930	3849	3674	3438	3204	2986	2716	2547	2338	2213	
106	1473	60.0	60.0	1	1	1	2	1009	1242	1837	2730	3780	4693	5097	5283	5139	4841	4580	4191	3746	3410	3068	2880	2771	2781	3036	3349	3620	3824	3878	3875	3654	3445	3243	2959	2749	2529	2359	2177	
106	1491	59.9	60.0	1	1	1	2	1013	1237	1854	2753	3770	4642	5108	5280	5100	4827	4536	4134	3753	3422	3097	2892	2752	2771	2970	3319	3628	3858	3937	3860	3659	3463	3205	2955	2729	2507	2365	2192	
106	1553	95.4	94.9	2	1	0	2	925	1074	1426	1780	2331	2782	3065	3160	3113	3072	2890	2700	2518	2353	2213	2124	2100	2224	2425	2725	2987	3095	3168	3119	3004	2857	2702	2512	2368	2192	2079	1944	
106	1570	95.0	95.0	2	1	0	2	931	1060	1394	1789	2266	2736	3000	3159	3097	3008	2880	2730	2517	2325	2178	2109	2122	2197	2445	2693	2960	3124	3169	3117	3035	2871	2650	2513	2366	2199	2053	1938	
106	1631	59.7	60.3	2	1	1	2	1001	1245	1855	2810	3920	4817	5306	5440	5284	4983	4632	4294	3890	3511	3208	2980	2814	2882	3087	3400	3732	3968	4075	3968	3801	3607	3316	3048	2792	2587	2403	2256	
106	1648	60.0	60.0	2	1	1	2	1013	1255	1843	2742	3814	4718	5227	5360	5191	4948	4601	4232	3807	3473	3110	2933	2784	2810	3020	3352	3682	3932	3933	3868	3721	3508	3287	2990	2774	2528	2392	2221	
106	1666	59.9	60.0	2	1	1	2	1048	1244	1837	2758	3803	4689	5164	5316	5144	4886	4597	4160	3806	3411	3093	2930	2755	2794	3008	3377	3642	3859	3928	3884	3691	3515	3219	2988	2732	2525	2373	2223	
106	1683	60.0	60.0	2	1	1	2	1018	1241	1838	2772	3808	4688	5169	5332	5165	4862	4570	4140	3734	3426	3089	2892	2767	2813	2990	3368	3639	3833	3941	3852	3658	3472	3231	2969	2737	2496	2379	2200	
106	1700	59.9	60.0	2	1	1	2	1006	1250	1854	2767	3789	4660	5154	5280	5146	4842	4561	4138	3759	3444	3085	2915	2751	2796	3024	3341	3601	3856	3952	3835	3659	3469	3234	2990	2724	2505	2361	2211	
106	1717	60.0	60.0	2	1	1	2	1008	1254	1843	2716	3794	4692	5117	5276	5135	4811	4559	4138	3764	3419	3091	2898	2734	2775	2976	3302	3646	3868	3900	3830	3669	3476	3188	2965	2721	2502	2334	2182	
106	1735	60.0	60.0	2	1	1	2	1005	1258	1836	2748	3778	4626	5085	5294	5112	4869	4522	4127	3700	3398	3052	2875	2739	2783	2957	3304	3605	3836	3875	3832	3686	3439	3188	2961	2697	2525	2313	2168	
106	1797	95.2	95.0	3	1	0	2	943	1084	1423	1801	2302	2742	3038	3148	3149	3023	2897	2721	2544	2352	2208	2120	2120	2219	2407	2729	2964	3076	3168	3161	2999	2870	2682	2516	2353	2198	2058	1934	
106	1814	95.0	95.0	3	1	0	2	921	1051	1406	1782	2294	2721	2982	3166	3123	3014	2908	2719	2479	2329	2181	2133	2084	2205	2397	2700	2963	3125	3166	3106	2963	2824	2648	2502	2332	2180	2060	1913	
106	1875	59.7	60.3	3	1	1	2	1012	1247	1836	2765	3866	4776	5240	5388	5274	4949	4640	4240	3840	3513	3138	2934	2806	2852	3039	3405	3724	3922	4026	3946	3744	3515	3268	3049	2792	2548	2394	2272	
106	1893	59.9	60.0	3	1	1	2	1002	1257	1819	2745	3743	4670	5121	5269	5102	4826	4533	4148	3747	3410	3060	2875	2733	2793	2969	3308	3628	3823	3925	3837	3710	3480	3214	2968	2731	2532	2344	2202	
106	1910	60.0	60.0	3	1	1	2	991	1246	1834	2729	3776	4642	5086	5226	5101	4829	4489	4132	3703	3389	3071	2876	2749	2788	2960	3337	3568	3840	3904	3823	3657	3462	3199	2960	2713	2489	2339	2191	
106	1927	59.9	60.0	3	1	1	2	1011	1245	1835	2737	3774	4675	5082	5285	5118	4835	4540	4137	3787	3420	3080	2865	2746	2773	2978	3314	3627	3796	3902	3841	3675	3452	3218	2963	2726	2515	2347	2209	
106	1944	59.9	60.0	3	1	1	2	1007	1231	1818	2716	3745	4580	5103	5257	5040	4800	4499	4110	3712	3400	3076	2897	2744	2765	2961	3294	3607	3830	3871	3783	3651	3424	3197	2938	2707	2518	2339	2186	
106	1962	60.0	60.0	3	1	1	2	1022	1241	1838	2683	3731	4596	5120	5250	5086	4822	4471	4124	3717	3443	3056	2854	2765	2761	2986	3290	3588	3793	3864	3808	3640	3454	3171	2920	2726	2493	2340	2154	
106	1979	59.9	60.0	3	1	1	2	1003	1257	1819	2705	3730	4587	5050	5188	5078	4782	4515	4135	3711	3411	3062	2840	2726	2755	2976	3298	3598	3816	3858	3782	3633	3443	3215	2957	2685	2487	2361	2157	
106	2043	95.3	95.0	4	1	0	2	915	1076	1429	1757	2288	2770	3004	3154	3142	2981	2900	2687	2488	2330	2196	2122	2127	2202	2403	2692	2909	3072	3135	3099	2974	2824	2668	2497	2317	2174	2059	1946	
106	2061	95.0	95.0	4	1	0	2	936	1077	1405	1761	2273	2732	2981	3092	3078	2987	2854	2672	2484	2320	2192	2108	2086	2208	2373	2656	2901	3072	3121	3100	2951	2840	2654	2484	2313	2164	2050	1929	
106	2123	59.6	60.2	4	1	1	2	1004	1251	1859	2749	3845	4727	5209	5380	5225	4898	4613	4262	3841	3455	3153	2945	2813	2841	3049	3373	3693	3902	4011	3903	3736	3500	3280	3008	2768	2552	2381	2246	
106	2141	60.0	60.0	4	1	1	2	1018	1261	1818	2714	3765	4668	5096	5218	5146	4842	4490	4097	3735	3428	3075	2912	2737	2831	2969	3260	3604	3806	3918	3828	3643	3441	3220	2916	2737	2508	2332	2220	
106	2158	59.9	60.0	4	1	1	2	1008	1254	1823	2712	3751	4645	5031	5202	5096	4767	4482	4077	3735	3398	3042	2878	2744	2761	2959	3272	3572	3797	3884	3814	3648	3418	3208	2952	2714	2495	2347	2185	
106	2175	59.9	60.0	4	1	1	2	1006	1255	1836	2715	3742	4604	5049	5217	5060	4825	4465	4070	3724	3345	3048	2878	2705	2777	2980	3294	3580	3807	3864	3789	3615	3433	3182	2951	2701	2473	2339	2194	
106	2192	60.0	60.0	4	1	1	2	1006	1261	1814	2690	3724	4596	5036	5213	5051	4722	4480	4094	3706	3367	3051	2845	2742	2730	2940	3287	3556	3814	3891	3788	3655	3398	3155	2913	2700	2489	2333	2201	
106	2210	60.0	60.0	4	1	1	2	1078	1250	1830	2699	3757	4629	5048	5195	5077	4796	4432	4108	3687	3383	3077	2837	2711	2763	2953	3269	3580	3809	3888	3798	3610	3427	3186	2945	2703	2484	2323	2201	
106	2227	60.0	60.0	4	1	1	2	1008	1230	1819	2666	3710	4583	5034	5183	5046	4760	4481	4047	3683	3379	3066	2855	2708	2749	2957	3270	3518	3762	3830	3796	3642	3432	3151	2923	2704	2537	2308	2149	
106	2289	95.4	94.9	5	1	0	2	914	1063	1406	1776	2270	2732	2997	3135	3101	2970	2875	2673	2504	2314	2192	2125	2086	2163	2400	2676	2905	3096	3101	3058	2957	2810	2651	2488	2267	2173	2068	1920	
106	2307	95.0	95.0	5	1	0	2	916	1066	1350	1773	2251	2727	2959	3109	3087	2992	2870	2669	2464	2328	2169	2095	2073	2172	2367	2634	2908	3063	3128	3080	2928	2781	2627	2461	2302	2184	2050	1938	
106	2370	59.7	60.1	5	1	1	2	1010	1251	1857	2798	3836	4763	5194	5416	5204	4926	4601	4213	3815	3485	3137	2935	2762	2821	3053	3373	3663	3915	4000	3876	3719	3499	3264	3009	2766	2543	2361	2223	
106	2387	60.0	60.0	5	1	1	2	1016	1235	1822	2713	3732	4623	5073	5235	5038	4772	4443	4118	3733	3390	3081	2862	2704	2747	2946	3269	3586	3781	3890	3821	3621	3402	3151	2932	2718	2473	2340	2190	
106	2404	60.0	60.0	5	1	1	2	1021	1237	1812	2696	3764	4591	5078	5218	5052	4815	4480	4140	3732	3417	3082	2866	2747	2768	2925	3272	3575	3819	3866	3802	3630	3447	3185	2916	2712	2491	2343	2180	
106	2421	60.0	60.0	5	1	1	2	1017	1265	1811	2704	3727	4594	5041	5197	5046	4764	4411	4094	3700	3376	3060	2840	2715	2749	2959	3261	3607	3804	3850	3798	3644	3416	3156	2949	2687	2483	2301	2170	
106	2439	60.0	60.0	5	1	1	2	1004	1247	1797	2715	3710	4613	5045	5209	5017	4741	4419	4051	3710	3369	3051	2848	2724	2752	2937	3248	3583	3760	3880	3814	3654	3421	3160	2933	2668	2487	2311	2149	
106	2456	59.9	60.0	5	1	1	2	995	1253	1802	2696	3684	4589	5006	5129	5039	4749	4408	4063	3729	3326	3050	2839	2728	2726	2932	3248	3563	3786	3825	3760	3609	3399	3158	2910	2693	2457	2313	2194	
106	2473	60.0	60.0	5	1	1	2	999	1243	1811	2712	3685	4560	5037	5191	5020	4760	4461	4070	3677	3367	3022	2812	2713	2746	2951	3262	3554	3789	3831	3778	3602	3392	3152	2907	2684	2464	2308	2180	
106	2538	95.1	95.1	6	1	0	2	913	1061	1406	1769	2265	2701	2979	3154	3084	2985	2837	2693	2488	2340	2201	2111	2100	2174	2381	2652	2897	3073	3141	3059	2956	2823	2659	2461	2266	2186	2036	1914	
106	2555	95.0	95.0	6	1	0	2	938	1073	1376	1750	2274	2691	2979	3125	3056	2954	2858	2648	2474	2353	2147	2114	2061	2205	2364	2665	2891	3062	3066	3041	2946	2811	2648	2456	2292	2149	2046	1926	
106	2617	59.7	60.3	6	1	1	2	1004	1248	1833	2730	3808	4651	5171	5261	5177	4836	4506	4182	3811	3434	3070	2898	2764	2788	2996	3328	3625	3821	3924	3873	3665	3490	3244	2964	2713	2513	2368	2218	
106	2635	60.0	60.0	6	1	1	2	1010	1228	1819	2691	3795	4651	5046	5210	5074	4825	4474	4120	3719	3415	3064	2854	2743	2782	2989	3283	3559	3813	3843	3795	3640	3398	3170	2957	2680	2504	2320	2173	
106	2652	60.0	60.0	6	1	1	2	1016	1246	1826	2678	3741	4558	5007	5177	5040	4751	4415	4093	3714	3332	3034	2858	2706	2721	2950	3254	3564	3754	3845	3775	3618	3410	3159	2905	2699	2481	2315	2180	
106	2669	60.0	60.0	6	1	1	2	999	1246	1809	2722	3711	4584	5063	5196	5026	4700	4453	4091	3669	3352	3033	2866	2724	2738	2956	3257	3544	3780	3824	3790	3618	3434	3170	2929	2684	2480	2352	2181	
106	2686	59.9	60.0	6	1	1	2	1014	1239	1804	2700	3727	4583	5033	5191	5015	4718	4431	4081	3689	3332	3031	2848	2685	2745	2949	3264	3536	3735	3835	3785	3586	3405	3206	2919	2688	2488	2344	2178	
106	2704	59.9	60.0	6	1	1	2	991	1252	1806	2686	3669	4549	5005	5174	4994	4721	4417	4089	3686	3360	3001	2844	2663	2767	2943	3242	3540	3754	3818	3784	3592	3397	3147	2904	2677	2475	2315	2149	
106	2721	59.9	60.0	6	1	1	2	1032	1240	1789	2680	3646	4544	5018	5110	4990	4718	4423	4053	3686	3348	3039	2815	2694	2704	2875	3261	3547	3740	3808	3750	3587	3390	3163	2908	2671	2463	2317	2167	
106	2786	95.0	95.1	7	1	0	2	940	1065	1404	1776	2286	2689	2986	3084	3073	2979	2830	2662	2473	2316	2163	2087	2080	2169	2372	2654	2904	3034	3103	3018	2942	2808	2648	2465	2284	2139	2050	1912	
106	2803	95.0	95.0	7	1	0	2	945	1064	1386	1761	2279	2681	2979	3094	3086	2964	2804	2676	2460	2281	2171	2059	2089	2189	2359	2648	2911	3039	3094	3069	2940	2821	2626	2476	2288	2170	2034	1930	
106	2866	59.8	60.1	7	1	1	2	1003	1249	1807	2726	3752	4655	5128	5286	5116	4850	4555	4187	3721	3414	3085	2892	2782	2790	2972	3331	3612	3808	3924	3868	3659	3474	3228	2953	2702	2527	2368	2195	
106	2883	59.9	60.0	7	1	1	2	1006	1228	1783	2730	3740	4559	5008	5206	5040	4768	4493	4094	3721	3364	3054	2846	2717	2772	2951	3262	3600	3803	3858	3783	3611	3397	3151	2921	2697	2468	2321	2170	
106	2900	59.9	60.0	7	1	1	2	1013	1227	1792	2698	3717	4571	5028	5161	5054	4745	4422	4033	3706	3330	3025	2840	2702	2747	2921	3222	3539	3745	3815	3756	3615	3355	3162	2907	2690	2461	2327	2160	
106	2917	60.0	60.0	7	1	1	2	1021	1227	1819	2704	3705	4569	5001	5137	4961	4754	4456	4059	3673	3318	3034	2841	2701	2735	2962	3258	3508	3754	3813	3788	3595	3382	3150	2882	2690	2469	2315	2179	
106	2935	60.0	60.0	7	1	1	2	1035	1234	1817	2720	3684	4520	4977	5130	4957	4725	4413	4036	3677	3390	3028	2826	2700	2730	2952	3210	3524	3724	3831	3752	3584	3370	3178	2907	2655	2455	2332	2146	
106	2952	60.0	60.0	7	1	1	2	1000	1254	1817	2664	3711	4516	4985	5153	4969	4735	4421	4059	3662	3374	3044	2838	2682	2710	2929	3246	3488	3734	3852	3753	3596	3379	3156	2904	2679	2448	2309	2168	
106	2969	60.0	60.0	7	1	1	2	999	1228	1805	2648	3676	4575	4989	5125	5031	4719	4393	4020	3710	3331	3000	2815	2697	2699	2901	3240	3551	3737	3836	3741	3575	3377	3135	2895	2637	2481	2300	2160	
106	3034	95.3	95.0	8	1	0	2	942	1056	1383	1769	2250	2719	2986	3111	3072	2994	2853	2640	2477	2296	2182	2103	2076	2172	2368	2664	2856	3010	3064	3032	2914	2777	2602	2445	2268	2137	2024	1900	
106	3051	95.0	95.0	8	1	0	2	957	1089	1377	1743	2278	2659	3011	3065	3033	2967	2813	2632	2434	2298	2157	2096	2065	2164	2375	2643	2866	3053	3080	3010	2906	2774	2616	2458	2286	2134	2010	1882	
106	3114	59.7	60.2	8	1	1	2	1009	1237	1787	2732	3726	4655	5025	5249	5074	4803	4484	4105	3705	3354	3046	2862	2738	2734	2976	3282	3581	3761	3857	3824	3613	3439	3159	2950	2719	2507	2316	2174	
106	3131	59.9	60.0	8	1	1	2	1006	1226	1819	2685	3709	4563	5033	5152	5015	4771	4419	4076	3662	3351	3040	2841	2691	2725	2919	3253	3509	3735	3828	3773	3591	3368	3129	2941	2653	2480	2310	2151	
106	3148	60.0	60.0	8	1	1	2	1004	1238	1809	2671	3675	4511	4974	5180	5030	4710	4426	4062	3709	3381	3027	2827	2731	2774	2911	3252	3540	3749	3850	3753	3580	3399	3141	2896	2666	2454	2290	2154	
106	3165	59.9	60.0	8	1	1	2	995	1233	1807	2684	3698	4540	4936	5107	4959	4696	4379	4078	3669	3334	3021	2825	2668	2736	2909	3230	3539	3778	3844	3745	3565	3374	3149	2910	2675	2487	2295	2143	
106	3183	60.0	60.0	8	1	1	2	1009	1230	1798	2639	3642	4536	4944	5100	4977	4716	4369	4013	3660	3298	3015	2797	2683	2713	2917	3227	3487	3706	3807	3716	3549	3366	3104	2879	2646	2460	2281	2148	
106	3200	60.0	60.0	8	1	1	2	1009	1241	1803	2626	3683	4522	4964	5092	4925	4697	4372	3999	3650	3314	3001	2801	2681	2719	2909	3200	3503	3742	3794	3781	3590	3368	3094	2874	2646	2439	2303	2141	
106	3217	59.9	60.0	8	1	1	2	1007	1251	1807	2628	3657	4472	4932	5091	4963	4685	4380	3997	3602	3325	2972	2805	2661	2708	2904	3195	3465	3727	3781	3700	3512	3348	3144	2859	2666	2428	2299	2131	
106	3280	95.2	95.0	9	1	0	2	942	1069	1391	1759	2250	2704	2963	3072	3046	2917	2831	2666	2460	2287	2159	2082	2078	2148	2372	2621	2854	3032	3059	3040	2924	2760	2624	2422	2279	2113	1990	1909	
106	3297	95.0	95.0	9	1	0	2	939	1072	1388	1730	2234	2648	2929	3061	3016	2937	2803	2652	2450	2283	2133	2046	2045	2141	2357	2627	2844	3018	3050	2997	2880	2756	2587	2425	2235	2102	2005	1887	
106	3360	59.8	60.2	9	1	1	2	1000	1235	1793	2667	3709	4577	5036	5155	5058	4703	4462	4064	3675	3351	3027	2829	2728	2720	2927	3272	3572	3805	3864	3786	3611	3408	3149	2902	2647	2452	2298	2171	
106	3377	59.9	60.0	9	1	1	2	1019	1228	1807	2688	3655	4498	4928	5127	4920	4687	4397	4033	3601	3360	3014	2832	2694	2681	2933	3214	3526	3696	3814	3732	3573	3356	3110	2873	2660	2449	2278	2152	
106	3394	60.0	60.0	9	1	1	2	1010	1223	1782	2667	3665	4535	4972	5124	4982	4658	4425	4014	3643	3341	3018	2807	2671	2718	2890	3189	3517	3737	3820	3726	3583	3362	3122	2866	2672	2460	2276	2178	
106	3412	60.0	60.0	9	1	1	2	993	1231	1800	2671	3652	4515	4932	5120	4977	4660	4365	4018	3632	3304	3004	2787	2681	2722	2893	3211	3507	3748	3768	3698	3564	3308	3133	2892	2675	2402	2299	2149	
106	3429	60.0	60.0	9	1	1	2	985	1246	1775	2651	3629	4504	4922	5063	4969	4654	4329	3994	3606	3314	2988	2790	2660	2691	2914	3176	3507	3701	3764	3720	3543	3363	3123	2871	2666	2421	2278	2149	
106	3446	60.0	60.0	9	1	1	2	993	1228	1763	2656	3625	4481	4914	5055	4933	4649	4348	4009	3638	3308	3015	2785	2679	2697	2880	3177	3494	3692	3805	3689	3546	3353	3096	2843	2629	2404	2287	2106	
106	3463	60.0	60.0	9	1	1	2	996	1228	1768	2610	3648	4493	4883	5041	4890	4622	4343	3969	3595	3280	2984	2800	2649	2706	2920	3198	3485	3702	3766	3692	3557	3310	3090	2878	2596	2423	2304	2127	
106	3528	95.3	95.0	10	1	0	2	922	1059	1377	1761	2251	2707	2946	3068	3035	2930	2805	2629	2450	2260	2120	2086	2055	2173	2362	2596	2842	2988	3089	2981	2892	2742	2596	2452	2269	2103	1999	1880	
106	3545	95.0	95.0	10	1	0	2	918	1064	1384	1738	2220	2641	2933	3026	3011	2895	2787	2635	2454	2265	2126	2078	2036	2140	2344	2600	2824	3001	3025	2968	2869	2746	2589	2385	2251	2124	1995	1889	
106	3608	59.7	60.2	10	1	1	2	1017	1230	1796	2659	3669	4526	4968	5104	4987	4680	4388	4034	3658	3331	3020	2830	2684	2728	2921	3225	3546	3771	3807	3762	3549	3378	3131	2892	2676	2468	2297	2162	
106	3625	59.9	60.0	10	1	1	2	1005	1242	1798	2642	3680	4525	4967	5112	4974	4682	4378	4016	3649	3345	3007	2803	2674	2705	2915	3224	3503	3703	3778	3747	3555	3387	3104	2893	2650	2452	2256	2152	
106	3642	59.9	60.0	10	1	1	2	1004	1238	1800	2666	3646	4479	4920	5084	4890	4647	4328	4020	3603	3302	2974	2782	2643	2684	2926	3199	3493	3724	3767	3671	3531	3336	3078	2855	2652	2456	2277	2135	
106	3660	59.9	60.0	10	1	1	2	991	1240	1773	2657	3621	4449	4901	5036	4924	4659	4351	3945	3664	3299	2990	2791	2668	2695	2872	3216	3488	3673	3783	3722	3516	3326	3085	2856	2641	2422	2271	2118	
106	3677	60.0	60.0	10	1	1	2	994	1224	1806	2646	3650	4483	4920	5103	4962	4693	4350	3979	3578	3303	2966	2785	2662	2669	2866	3184	3520	3702	3749	3698	3554	3316	3099	2859	2640	2424	2278	2144	
106	3694	60.0	60.0	10	1	1	2	1034	1221	1802	2658	3661	4512	4898	5052	4901	4619	4374	3998	3582	3304	2979	2786	2656	2701	2904	3165	3484	3683	3726	3725	3521	3338	3093	2850	2630	2445	2259	2140	
106	3711	59.9	60.0	10	1	1	2	998	1231	1778	2644	3636	4441	4893	5054	4906	4623	4328	3967	3622	3299	2945	2772	2664	2673	2881	3183	3449	3665	3749	3671	3464	3336	3088	2835	2625	2425	2259	2143	
106	3776	95.2	95.0	11	1	0	2	922	1053	1372	1745	2238	2660	2922	3058	3050	2931	2773	2596	2412	2286	2108	2065	2042	2136	2338	2621	2808	2979	3036	2968	2868	2713	2563	2411	2269	2125	1988	1872	
106	3793	95.0	95.0	11	1	0	2	931	1050	1362	1714	2206	2645	2910	3025	3018	2878	2773	2618	2415	2246	2098	2077	2043	2119	2323	2570	2830	2980	3001	2956	2858	2733	2579	2430	2261	2139	2007	1889	
106	3856	59.7	60.2	11	1	1	2	1003	1240	1784	2637	3663	4477	4919	5092	4940	4678	4368	4026	3628	3334	2966	2784	2661	2732	2903	3207	3500	3722	3768	3741	3547	3372	3122	2873	2652	2444	2298	2120	
106	3873	59.9	60.0	11	1	1	2	1010	1237	1782	2670	3682	4536	4948	5121	4937	4708	4344	4004	3653	3330	3000	2783	2666	2687	2914	3196	3533	3683	3809	3718	3548	3331	3128	2846	2654	2437	2279	2127	
106	3890	60.0	60.0	11	1	1	2	997	1238	1803	2665	3622	4519	4914	5095	4941	4642	4357	3981	3610	3298	2968	2774	2658	2692	2872	3178	3438	3710	3763	3682	3515	3308	3096	2841	2639	2467	2265	2127	
106	3908	60.0	60.0	11	1	1	2	1007	1227	1759	2648	3634	4458	4918	5038	4906	4634	4328	3958	3615	3279	2995	2786	2644	2687	2865	3187	3500	3702	3759	3712	3545	3338	3084	2838	2635	2426	2262	2139	
106	3925	60.0	60.0	11	1	1	2	999	1226	1805	2605	3631	4446	4895	5039	4917	4593	4372	4002	3610	3304	2983	2779	2653	2700	2882	3201	3456	3680	3759	3651	3500	3309	3067	2894	2646	2449	2282	2128	
106	3942	60.0	60.0	11	1	1	2	1003	1222	1779	2646	3648	4451	4901	5045	4900	4654	4330	3940	3625	3258	2965	2781	2661	2650	2873	3156	3464	3678	3746	3668	3513	3323	3097	2832	2624	2430	2250	2107	
106	3959	60.0	60.0	11	1	1	2	1011	1237	1784	2643	3570	4425	4890	5050	4872	4584	4316	3942	3606	3267	2996	2763	2652	2682	2889	3172	3470	3641	3720	3703	3470	3322	3078	2859	2637	2417	2284	2114	
106	4022	95.4	94.9	12	1	0	2	932	1053	1364	1730	2228	2639	2897	3060	2995	2918	2794	2615	2422	2292	2129	2063	2041	2126	2309	2606	2819	2977	2987	2963	2872	2763	2589	2408	2254	2091	2011	1894	
106	4039	95.0	95.0	12	1	0	2	928	1049	1369	1723	2212	2677	2910	3043	2994	2902	2762	2606	2423	2271	2089	2069	2031	2117	2317	2582	2820	2935	3025	3013	2874	2743	2549	2396	2245	2100	1977	1898	
106	4102	59.7	60.2	12	1	1	2	998	1225	1780	2624	3638	4446	4951	5085	4901	4633	4338	4001	3585	3283	2982	2782	2691	2702	2895	3247	3489	3684	3732	3711	3543	3348	3126	2868	2645	2431	2282	2124	
106	4119	59.9	60.0	12	1	1	2	979	1251	1767	2644	3665	4504	4978	5061	4932	4685	4365	4027	3627	3278	2995	2820	2682	2695	2874	3190	3506	3692	3801	3723	3530	3356	3120	2848	2643	2431	2268	2112	
106	4137	60.0	60.0	12	1	1	2	1000	1244	1778	2641	3597	4466	4915	4998	4898	4622	4349	4009	3625	3302	2992	2749	2659	2699	2863	3171	3461	3671	3767	3723	3509	3296	3084	2890	2626	2431	2272	2116	
106	4154	60.0	60.0	12	1	1	2	997	1227	1762	2618	3658	4457	4864	5061	4904	4630	4307	3949	3617	3275	2995	2780	2648	2698	2892	3186	3473	3688	3742	3697	3479	3311	3073	2840	2593	2424	2256	2110	
106	4171	60.0	60.0	12	1	1	2	1000	1238	1800	2648	3623	4418	4864	5022	4905	4613	4325	3966	3589	3258	2966	2797	2642	2688	2844	3161	3428	3669	3723	3721	3507	3312	3062	2842	2627	2423	2266	2112	
106	4188	59.9	60.0	12	1	1	2	993	1238	1768	2630	3636	4437	4840	5040	4853	4619	4313	3937	3594	3263	2942	2755	2644	2677	2864	3184	3436	3670	3680	3712	3511	3285	3082	2832	2643	2437	2265	2094	
106	4206	60.0	60.0	12	1	1	2	1005	1226	1804	2610	3588	4420	4882	4974	4886	4602	4355	3959	3568	3258	2956	2750	2632	2668	2846	3145	3454	3669	3719	3699	3499	3304	3056	2821	2620	2400	2253	2083	
106	4267	95.2	95.0	13	1	0	2	927	1064	1362	1741	2212	2651	2933	3035	3044	2952	2760	2618	2415	2285	2121	2071	2050	2151	2331	2609	2841	3007	2995	3014	2878	2736	2586	2420	2223	2119	1984	1867	
106	4284	95.0	95.0	13	1	0	2	960	1060	1357	1730	2204	2651	2916	3035	2986	2878	2763	2606	2390	2273	2120	2060	2048	2118	2345	2598	2788	2940	3001	2970	2864	2731	2541	2390	2232	2100	2004	1890	
106	4347	59.7	60.2	13	1	1	2	1006	1225	1797	2607	3612	4439	4884	5034	4890	4608	4324	3930	3575	3277	2991	2768	2636	2680	2865	3184	3458	3682	3775	3680	3522	3321	3113	2858	2627	2425	2258	2112	
106	4365	59.9	60.0	13	1	1	2	994	1226	1781	2652	3667	4484	4946	5065	4966	4655	4338	4003	3626	3317	2991	2808	2682	2710	2881	3169	3465	3698	3762	3717	3508	3341	3100	2881	2629	2455	2270	2134	
106	4382	59.9	60.0	13	1	1	2	1017	1224	1776	2630	3604	4433	4873	5053	4863	4626	4354	3945	3580	3297	2928	2776	2635	2683	2857	3163	3431	3653	3729	3674	3528	3284	3068	2851	2601	2439	2248	2110	
106	4399	60.0	60.0	13	1	1	2	998	1265	1769	2612	3601	4418	4868	5000	4848	4576	4314	3955	3574	3215	2960	2797	2631	2684	2888	3148	3473	3633	3714	3668	3488	3293	3035	2835	2610	2424	2267	2133	
106	4416	60.0	60.0	13	1	1	2	990	1222	1748	2603	3648	4451	4860	5027	4895	4603	4302	3963	3605	3270	2969	2748	2658	2650	2884	3185	3432	3623	3709	3657	3489	3327	3064	2805	2625	2413	2246	2101	
106	4434	60.0	60.0	13	1	1	2	996	1237	1787	2604	3647	4419	4888	4969	4849	4593	4319	3929	3580	3295	2935	2766	2656	2651	2850	3154	3463	3644	3709	3681	3513	3304	3100	2832	2616	2426	2270	2122	
106	4451	60.0	60.0	13	1	1	2	997	1231	1787	2626	3574	4403	4831	5011	4853	4638	4284	3964	3574	3249	2975	2751	2637	2674	2819	3152	3442	3660	3717	3646	3483	3276	3046	2836	2588	2400	2258	2094	
106	4513	95.2	95.0	14	1	0	2	921	1049	1368	1763	2215	2639	2913	3055	3060	2871	2774	2630	2447	2310	2132	2066	2037	2106	2290	2592	2826	2993	3016	2987	2854	2732	2579	2415	2244	2107	1995	1877	
106	4530	95.0	95.0	14	1	0	2	933	1051	1370	1745	2206	2644	2908	3012	3016	2900	2781	2601	2420	2267	2120	2088	2037	2117	2303	2594	2814	2952	3011	3013	2853	2707	2559	2360	2251	2101	1994	1867	
106	4593	59.8	60.2	14	1	1	2	1004	1233	1783	2616	3583	4447	4855	5023	4853	4599	4327	3938	3581	3283	2970	2755	2644	2692	2874	3214	3477	3647	3706	3706	3527	3330	3040	2851	2599	2423	2262	2147	
106	4611	59.9	60.0	14	1	1	2	1011	1240	1794	2670	3652	4489	4962	5071	4963	4679	4390	3984	3602	3314	2997	2785	2635	2681	2883	3177	3460	3703	3779	3707	3510	3325	3126	2823	2626	2417	2274	2149	
106	4628	59.9	60.0	14	1	1	2	1013	1226	1795	2625	3604	4456	4903	5013	4905	4576	4273	3971	3593	3276	2957	2772	2635	2686	2911	3194	3467	3662	3721	3671	3516	3299	3065	2835	2639	2420	2255	2101	
106	4645	60.0	60.0	14	1	1	2	996	1220	1766	2633	3601	4462	4837	5015	4867	4635	4317	3950	3594	3272	2960	2771	2630	2671	2860	3150	3425	3679	3714	3635	3502	3321	3043	2845	2620	2399	2255	2116	
106	4662	60.0	60.0	14	1	1	2	1018	1223	1771	2618	3603	4452	4837	5003	4867	4607	4342	3950	3609	3283	2959	2746	2638	2658	2860	3114	3458	3672	3715	3664	3480	3272	3074	2821	2585	2421	2257	2098	
106	4680	60.0	60.0	14	1	1	2	1004	1229	1765	2608	3583	4424	4848	4955	4824	4617	4273	3945	3603	3237	2907	2755	2615	2660	2826	3132	3422	3633	3702	3649	3496	3314	3051	2804	2585	2407	2254	2083	
106	4697	60.0	60.0	14	1	1	2	1006	1218	1759	2588	3541	4393	4805	4947	4825	4612	4292	3926	3565	3268	2916	2766	2626	2672	2837	3144	3415	3616	3698	3661	3462	3253	3065	2813	2605	2377	2248	2113	
106	4761	95.2	95.0	15	1	0	2	915	1036	1361	1719	2216	2626	2905	3037	2987	2877	2753	2586	2442	2261	2136	2076	2005	2127	2276	2567	2786	2950	3017	2958	2808	2692	2518	2387	2230	2095	1973	1866	
106	4779	95.0	95.0	15	1	0	2	924	1052	1352	1729	2208	2644	2870	3006	2973	2894	2729	2566	2366	2224	2110	2032	2035	2118	2317	2560	2783	2945	3011	2949	2830	2718	2547	2378	2216	2076	1984	1860	
106	4841	59.6	60.2	15	1	1	2	1010	1207	1777	2616	3578	4407	4839	5000	4880	4548	4267	3926	3572	3244	2966	2725	2630	2688	2840	3153	3466	3644	3692	3630	3500	3315	3082	2836	2612	2416	2237	2144	
106	4859	59.9	60.0	15	1	1	2	994	1240	1791	2636	3635	4454	4925	5064	4876	4633	4363	3964	3619	3294	2963	2800	2672	2685	2863	3210	3450	3663	3777	3683	3502	3340	3083	2794	2638	2411	2260	2139	
106	4876	60.0	60.0	15	1	1	2	1005	1226	1809	2565	3591	4420	4818	5015	4825	4575	4260	3964	3565	3269	2940	2766	2644	2660	2859	3148	3433	3622	3713	3648	3462	3290	3039	2819	2603	2400	2226	2085	
106	4893	60.0	60.0	15	1	1	2	993	1183	1777	2610	3592	4403	4836	5005	4799	4555	4287	3931	3594	3230	2954	2751	2649	2640	2856	3151	3449	3661	3741	3647	3499	3275	3071	2813	2588	2415	2260	2114	
106	4910	60.0	60.0	15	1	1	2	995	1234	1801	2592	3631	4459	4829	5016	4832	4597	4281	3928	3588	3262	2970	2751	2647	2643	2849	3170	3439	3662	3696	3672	3471	3321	3021	2830	2601	2401	2236	2109	
106	4928	60.0	60.0	15	1	1	2	982	1227	1772	2608	3532	4367	4787	4958	4803	4582	4270	3913	3534	3219	2920	2758	2647	2641	2828	3120	3387	3628	3705	3629	3433	3282	3035	2781	2582	2388	2226	2104	
106	4945	60.0	60.0	15	1	1	2	1010	1223	1772	2585	3581	4368	4830	4944	4847	4570	4259	3919	3552	3244	2931	2725	2611	2637	2850	3120	3421	3576	3664	3603	3458	3305	3038	2822	2575	2378	2226	2110	
106	5009	95.3	95.0	16	1	0	2	928	1069	1359	1713	2224	2630	2890	3014	2998	2890	2773	2596	2410	2252	2119	2045	2034	2106	2293	2566	2794	2959	2985	2946	2839	2719	2557	2406	2237	2080	1995	1856	
106	5027	95.0	95.0	16	1	0	2	920	1044	1348	1709	2197	2625	2854	2997	2947	2889	2740	2571	2400	2243	2089	2025	2005	2093	2313	2546	2783	2913	2946	2946	2836	2721	2573	2357	2240	2110	1991	1850	
106	5089	59.7	60.2	16	1	1	2	995	1206	1778	2604	3612	4386	4866	5000	4825	4588	4275	3899	3552	3251	2909	2770	2643	2653	2859	3172	3434	3661	3728	3638	3472	3301	3063	2833	2578	2413	2247	2114	
106	5107	60.0	60.0	16	1	1	2	1001	1226	1768	2652	3633	4451	4894	5050	4890	4600	4346	3956	3595	3309	2956	2771	2661	2674	2854	3203	3468	3643	3723	3603	3481	3306	3101	2826	2596	2422	2259	2115	
106	5124	60.0	60.0	16	1	1	2	1026	1216	1761	2606	3622	4416	4859	5011	4850	4564	4297	3914	3565	3302	2915	2745	2630	2673	2829	3204	3471	3646	3693	3644	3504	3296	3034	2817	2598	2410	2253	2100	
106	5141	59.9	60.0	16	1	1	2	997	1210	1801	2593	3614	4446	4828	5009	4860	4580	4306	3941	3563	3232	2978	2725	2639	2676	2846	3178	3447	3633	3707	3692	3490	3286	3068	2820	2583	2425	2266	2034	
106	5158	60.0	60.0	16	1	1	2	995	1214	1778	2604	3537	4359	4768	4989	4803	4569	4283	3931	3569	3200	2933	2735	2601	2651	2827	3148	3441	3640	3683	3625	3478	3245	3037	2803	2587	2418	2214	2085	
106	5176	60.0	60.0	16	1	1	2	975	1205	1779	2614	3582	4406	4807	4966	4843	4567	4244	3925	3532	3245	2914	2718	2626	2655	2830	3115	3446	3590	3670	3679	3453	3262	3027	2797	2578	2382	2253	2082	
106	5193	60.0	60.0	16	1	1	2	992	1229	1783	2613	3582	4361	4814	4978	4806	4550	4272	3899	3537	3251	2937	2780	2632	2666	2819	3170	3395	3614	3667	3657	3484	3286	3040	2831	2588	2413	2240	2094	
106	5256	95.3	95.0	17	1	0	2	937	1052	1361	1713	2194	2633	2935	3020	2980	2882	2744	2587	2403	2258	2133	2049	2040	2120	2299	2546	2774	2949	2996	2928	2833	2720	2537	2391	2218	2096	1976	1850	
106	5273	95.0	95.0	17	1	0	2	916	1045	1356	1722	2187	2679	2874	3006	2979	2853	2734	2583	2417	2219	2097	2045	2041	2099	2311	2546	2772	2964	3002	2922	2827	2715	2561	2384	2228	2084	1980	1883	
106	5335	59.6	60.3	17	1	1	2	1004	1218	1740	2604	3601	4373	4859	4944	4828	4541	4244	3911	3534	3221	2929	2778	2613	2670	2853	3131	3463	3657	3680	3642	3476	3263	3033	2842	2584	2411	2227	2116	
106	5353	60.0	60.0	17	1	1	2	1010	1211	1792	2646	3626	4485	4879	5056	4907	4599	4333	3956	3599	3254	2952	2790	2648	2688	2850	3184	3458	3626	3733	3709	3472	3310	3043	2825	2621	2421	2286	2086	
106	5370	60.0	60.0	17	1	1	2	1002	1208	1796	2587	3552	4385	4805	5023	4870	4567	4276	3933	3558	3296	2953	2775	2600	2660	2830	3150	3450	3617	3724	3656	3461	3278	3045	2814	2596	2435	2253	2105	
106	5387	60.0	60.0	17	1	1	2	1011	1216	1771	2620	3626	4384	4793	4948	4805	4558	4270	3896	3542	3223	2905	2741	2603	2641	2840	3123	3393	3629	3701	3617	3494	3272	3037	2815	2582	2371	2248	2108	
106	5404	59.9	60.0	17	1	1	2	1000	1222	1774	2630	3578	4383	4823	4959	4798	4558	4283	3962	3526	3220	2918	2751	2615	2630	2842	3133	3416	3592	3714	3641	3464	3281	3059	2798	2609	2382	2243	2094	
106	5422	59.9	60.0	17	1	1	2	994	1207	1772	2606	3553	4397	4813	4978	4797	4513	4288	3950	3559	3231	2930	2737	2604	2630	2844	3117	3429	3613	3681	3618	3484	3264	3004	2798	2581	2399	2237	2089	
106	5439	60.0	60.0	17	1	1	2	1011	1224	1767	2601	3560	4382	4793	4946	4832	4558	4249	3875	3525	3240	2915	2741	2586	2676	2827	3127	3408	3535	3663	3623	3467	3265	3041	2821	2599	2389	2240	2135	
106	5504	95.3	95.0	18	1	0	2	929	1047	1367	1736	2202	2618	2896	3006	2980	2874	2759	2610	2412	2251	2094	2029	2019	2115	2290	2573	2812	2977	3007	2979	2825	2692	2546	2378	2232	2082	1987	1901	
106	5521	95.0	95.0	18	1	0	2	920	1048	1357	1712	2182	2620	2875	2972	2972	2900	2774	2556	2412	2233	2078	2051	2033	2096	2294	2546	2778	2915	2972	2897	2862	2722	2537	2393	2227	2112	1966	1853	
106	5584	59.8	60.1	18	1	1	2	990	1215	1757	2599	3562	4359	4800	4965	4823	4529	4243	3945	3568	3248	2918	2730	2646	2662	2835	3143	3425	3652	3685	3686	3441	3312	3071	2818	2575	2386	2222	2092	
106	5601	59.9	60.0	18	1	1	2	1020	1222	1787	2652	3628	4494	4880	5061	4877	4649	4367	3954	3613	3281	2986	2786	2631	2692	2867	3159	3482	3680	3748	3680	3519	3290	3104	2841	2614	2431	2255	2114	
106	5618	59.9	60.0	18	1	1	2	1026	1221	1790	2592	3577	4420	4782	4954	4828	4515	4239	3899	3585	3224	2931	2744	2635	2653	2825	3106	3403	3613	3644	3633	3495	3268	3051	2796	2584	2391	2252	2118	
106	5635	60.0	60.0	18	1	1	2	1008	1222	1783	2570	3596	4438	4826	5004	4799	4538	4250	3949	3528	3241	2924	2748	2625	2680	2843	3130	3448	3617	3689	3630	3470	3260	3079	2772	2599	2402	2250	2080	
106	5653	60.0	60.0	18	1	1	2	1010	1220	1744	2590	3578	4395	4759	4938	4766	4552	4236	3880	3539	3238	2925	2735	2624	2632	2794	3126	3392	3580	3671	3616	3494	3263	3036	2790	2609	2390	2213	2126	
106	5670	60.0	60.0	18	1	1	2	996	1238	1771	2595	3578	4370	4807	4952	4831	4560	4228	3857	3514	3230	2942	2742	2617	2624	2836	3112	3411	3593	3657	3615	3445	3256	3027	2839	2601	2393	2238	2105	
106	5687	59.9	60.0	18	1	1	2	1010	1227	1781	2595	3563	4362	4813	4953	4800	4550	4236	3908	3546	3227	2901	2748	2587	2621	2822	3132	3385	3583	3673	3610	3441	3264	3024	2801	2588	2379	2229	2110	
106	5752	95.3	95.0	19	1	0	2	928	1044	1358	1724	2185	2630	2886	3022	2984	2871	2750	2594	2404	2233	2076	2018	2046	2108	2288	2552	2788	2932	2939	2954	2793	2713	2522	2355	2198	2068	1986	1844	
106	5769	95.0	95.0	19	1	0	2	922	1044	1347	1725	2176	2596	2866	3011	2938	2847	2744	2557	2370	2244	2113	2011	2030	2120	2308	2540	2785	2910	2999	2919	2845	2690	2525	2365	2241	2073	1960	1848	
106	5832	59.7	60.2	19	1	1	2	1015	1219	1755	2571	3536	4367	4803	4954	4793	4539	4211	3919	3547	3216	2942	2719	2601	2634	2839	3131	3428	3601	3681	3640	3456	3286	3039	2807	2584	2391	2251	2080	
106	5849	59.9	60.0	19	1	1	2	1001	1229	1787	2621	3646	4432	4875	5028	4911	4620	4320	3950	3614	3262	2984	2763	2637	2678	2872	3157	3478	3637	3744	3670	3527	3325	3077	2831	2617	2394	2292	2102	
106	5866	59.9	60.0	19	1	1	2	1002	1243	1803	2621	3571	4393	4819	5007	4799	4559	4290	3921	3561	3247	2936	2732	2621	2635	2848	3143	3417	3619	3732	3640	3451	3302	3061	2814	2621	2362	2227	2112	
106	5883	59.9	60.0	19	1	1	2	996	1225	1771	2603	3564	4382	4790	5000	4757	4580	4246	3909	3583	3246	2946	2754	2603	2656	2833	3134	3397	3605	3712	3626	3463	3243	3072	2810	2564	2374	2244	2083	
106	5901	59.9	60.0	19	1	1	2	987	1219	1777	2602	3560	4353	4809	4960	4792	4523	4273	3926	3545	3214	2962	2755	2610	2630	2834	3132	3408	3599	3638	3647	3460	3264	3026	2786	2593	2414	2228	2082	
106	5918	60.0	60.0	19	1	1	2	1010	1230	1795	2620	3538	4400	4823	4939	4800	4548	4280	3899	3553	3227	2924	2736	2598	2634	2835	3149	3388	3562	3650	3634	3457	3305	3028	2809	2600	2400	2238	2088	
106	5935	60.0	60.0	19	1	1	2	990	1208	1744	2593	3551	4379	4803	4993	4838	4555	4202	3934	3541	3234	2907	2731	2617	2655	2839	3128	3397	3586	3729	3598	3450	3259	3064	2800	2592	2363	2252	2095	
106	6000	95.3	95.0	20	1	0	2	913	1052	1353	1709	2218	2627	2903	2998	2958	2825	2755	2581	2405	2255	2115	2033	2028	2112	2290	2558	2751	2921	2995	2921	2803	2686	2510	2353	2213	2075	1968	1869	
106	6017	95.0	95.0	20	1	0	2	936	1044	1329	1708	2175	2583	2816	2994	2959	2855	2716	2577	2376	2223	2101	2056	1994	2098	2253	2557	2797	2906	2937	2950	2806	2673	2525	2365	2245	2091	1979	1836	
106	6080	59.6	60.3	20	1	1	2	1008	1214	1757	2610	3540	4376	4799	4952	4796	4515	4244	3904	3527	3226	2948	2732	2598	2667	2784	3107	3425	3601	3703	3599	3442	3261	3024	2826	2603	2369	2228	2101	
106	6097	60.0	60.0	20	1	1	2	1016	1218	1780	2631	3634	4439	4866	5030	4847	4598	4335	3965	3584	3246	2983	2766	2621	2676	2843	3175	3436	3662	3718	3688	3478	3306	3043	2834	2597	2408	2242	2122	
106	6114	59.9	60.0	20	1	1	2	997	1210	1764	2587	3608	4421	4834	4992	4813	4565	4248	3927	3567	3268	2963	2728	2647	2659	2856	3147	3423	3636	3684	3625	3509	3263	3052	2807	2574	2417	2244	2095	
106	6132	60.0	60.0	20	1	1	2	993	1235	1767	2614	3565	4375	4805	4968	4806	4550	4251	3916	3563	3219	2944	2734	2606	2641	2789	3127	3396	3636	3666	3581	3462	3237	3062	2813	2569	2420	2257	2114	
106	6149	60.0	60.0	20	1	1	2	993	1218	1772	2618	3562	4319	4793	4955	4802	4515	4251	3911	3540	3235	2940	2697	2606	2639	2817	3130	3391	3557	3693	3660	3449	3277	3016	2790	2584	2360	2262	2080	
106	6166	59.9	60.0	20	1	1	2	992	1220	1765	2604	3580	4381	4776	4926	4808	4568	4244	3915	3547	3208	2904	2737	2601	2659	2822	3140	3415	3620	3681	3646	3449	3278	3027	2801	2573	2386	2220	2089	
106	6183	59.9	60.0	20	1	1	2	1000	1222	1760	2581	3549	4353	4780	4952	4786	4560	4242	3868	3539	3190	2913	2691	2601	2632	2814	3130	3411	3583	3658	3615	3460	3266	3011	2817	2602	2410	2202	2080	
106	6248	95.3	95.0	21	1	0	2	920	1047	1353	1700	2179	2636	2876	3023	2980	2858	2787	2561	2392	2252	2104	2032	2024	2089	2290	2540	2765	2927	2960	2902	2813	2698	2546	2366	2226	2085	1959	1864	
106	6265	95.0	95.0	21	1	0	2	928	1043	1348	1701	2188	2597	2882	2973	2938	2884	2721	2585	2432	2220	2093	2028	1978	2113	2276	2526	2766	2927	2976	2927	2801	2702	2543	2366	2204	2068	1962	1863	
106	6326	59.8	60.3	21	1	1	2	1005	1227	1779	2596	3566	4383	4806	4952	4857	4546	4256	3899	3547	3232	2904	2744	2610	2651	2848	3145	3420	3606	3707	3592	3447	3255	3031	2792	2581	2382	2244	2082	
106	6343	60.0	60.0	21	1	1	2	972	1203	1803	2637	3659	4457	4957	5035	4901	4669	4374	3992	3582	3286	2987	2779	2649	2674	2903	3160	3498	3612	3740	3714	3503	3316	3054	2828	2593	2451	2255	2103	
106	6360	60.0	60.0	21	1	1	2	995	1237	1785	2598	3553	4399	4838	4984	4831	4564	4215	3916	3524	3228	2933	2754	2599	2639	2817	3150	3410	3583	3677	3649	3480	3247	3025	2812	2575	2396	2256	2145	
106	6378	59.9	60.0	21	1	1	2	999	1226	1779	2577	3587	4362	4827	4942	4759	4554	4294	3895	3576	3230	2911	2710	2624	2635	2843	3144	3376	3614	3674	3627	3460	3275	2997	2793	2592	2393	2224	2091	
106	6395	60.0	60.0	21	1	1	2	985	1228	1774	2588	3575	4348	4808	4968	4802	4537	4286	3916	3534	3211	2919	2717	2611	2667	2786	3145	3440	3594	3702	3633	3433	3263	3012	2786	2568	2383	2225	2081	
106	6412	60.0	60.0	21	1	1	2	1001	1215	1762	2588	3587	4381	4771	4926	4780	4514	4239	3891	3509	3198	2913	2756	2572	2630	2831	3100	3390	3570	3657	3563	3436	3261	3053	2783	2576	2379	2216	2101	
106	6429	60.0	60.0	21	1	1	2	997	1223	1778	2595	3568	4352	4761	4946	4808	4502	4225	3899	3516	3233	2938	2709	2600	2636	2805	3118	3379	3605	3679	3611	3445	3276	3008	2814	2569	2374	2251	2093	
106	6492	95.2	95.0	22	1	0	2	924	1042	1351	1733	2205	2627	2874	3023	2979	2889	2763	2586	2426	2257	2135	2070	1999	2105	2319	2553	2767	2919	2989	2963	2819	2694	2518	2382	2220	2078	1998	1874	
106	6509	95.0	95.0	22	1	0	2	932	1029	1329	1733	2198	2621	2899	2965	2956	2895	2757	2547	2419	2224	2077	2037	2023	2101	2295	2554	2788	2898	2959	2944	2831	2716	2525	2397	2222	2085	1960	1840	
106	6572	59.7	60.2	22	1	1	2	994	1213	1766	2568	3533	4383	4787	4906	4797	4508	4234	3893	3550	3222	2904	2717	2614	2630	2845	3098	3406	3584	3646	3555	3446	3270	3019	2823	2551	2379	2217	2092	
106	6589	60.0	60.0	22	1	1	2	1003	1228	1777	2623	3648	4449	4912	5037	4873	4643	4337	3963	3599	3295	2958	2776	2642	2671	2881	3156	3470	3637	3738	3655	3494	3299	3066	2818	2603	2398	2262	2114	
106	6607	59.9	60.0	22	1	1	2	1001	1213	1784	2610	3568	4396	4836	4969	4813	4519	4249	3910	3538	3255	2932	2729	2624	2635	2803	3128	3375	3593	3680	3605	3479	3285	3047	2820	2607	2410	2225	2107	
106	6624	60.0	60.0	22	1	1	2	993	1202	1792	2598	3552	4382	4817	4964	4785	4513	4221	3895	3552	3216	2918	2744	2609	2619	2835	3129	3430	3617	3586	3604	3431	3240	2991	2796	2559	2404	2196	2081	
106	6641	59.9	60.0	22	1	1	2	1000	1232	1769	2624	3565	4397	4767	4961	4767	4514	4248	3900	3536	3186	2924	2738	2595	2632	2841	3113	3393	3605	3659	3567	3457	3241	3054	2814	2570	2374	2183	2075	
106	6658	60.0	60.0	22	1	1	2	984	1236	1780	2584	3565	4352	4798	4982	4804	4570	4276	3880	3537	3216	2898	2730	2594	2615	2804	3114	3393	3592	3675	3606	3444	3220	3014	2800	2579	2387	2238	2080	
106	6676	59.9	60.0	22	1	1	2	1014	1216	1774	2585	3580	4383	4810	4920	4791	4524	4200	3889	3553	3244	2908	2733	2596	2650	2826	3128	3370	3601	3699	3575	3457	3265	3026	2813	2576	2388	2232	2081	
106	6738	95.4	94.9	23	1	0	2	921	1050	1341	1736	2188	2602	2869	3014	2972	2900	2796	2602	2385	2240	2096	2016	2023	2080	2299	2557	2795	2944	2976	2916	2810	2708	2527	2366	2238	2077	1947	1857	
106	6755	95.0	95.0	23	1	0	2	923	1047	1343	1705	2193	2588	2856	2993	2977	2847	2743	2560	2429	2211	2098	2036	2020	2091	2315	2553	2768	2921	2953	2935	2831	2693	2557	2358	2229	2070	1965	1851	
106	6818	59.7	60.2	23	1	1	2	1004	1225	1767	2583	3557	4375	4781	4911	4811	4522	4244	3896	3520	3220	2904	2749	2612	2618	2829	3120	3368	3604	3677	3627	3455	3256	3023	2789	2592	2384	2231	2104	
106	6835	60.0	60.1	23	1	1	2	998	1214	1805	2612	3612	4423	4897	5041	4886	4617	4325	3958	3590	3257	2925	2750	2629	2669	2868	3168	3418	3643	3674	3638	3509	3319	3017	2821	2597	2381	2268	2114	
106	6853	60.0	60.0	23	1	1	2	993	1230	1759	2586	3557	4400	4768	4921	4776	4548	4255	3883	3549	3203	2925	2699	2613	2640	2833	3108	3389	3595	3685	3636	3447	3288	3018	2811	2550	2388	2236	2110	
106	6870	60.0	60.0	23	1	1	2	1006	1230	1784	2596	3538	4325	4748	4929	4812	4524	4234	3860	3557	3213	2924	2736	2591	2627	2815	3109	3407	3589	3666	3581	3440	3259	3005	2774	2603	2373	2192	2078	
106	6887	59.9	60.0	23	1	1	2	988	1208	1742	2606	3577	4351	4810	4893	4788	4503	4228	3896	3483	3212	2908	2727	2616	2636	2801	3102	3395	3558	3646	3559	3422	3265	3024	2787	2578	2363	2225	2098	
106	6904	60.0	60.0	23	1	1	2	1018	1229	1754	2596	3533	4368	4779	4937	4764	4519	4165	3904	3494	3246	2902	2708	2628	2620	2771	3110	3387	3590	3658	3621	3435	3231	3018	2766	2594	2379	2246	2078	
106	6922	60.0	60.0	23	1	1	2	989	1223	1772	2566	3570	4336	4785	4925	4754	4524	4188	3891	3498	3180	2924	2717	2585	2577	2806	3093	3368	3579	3706	3558	3445	3219	2999	2805	2568	2356	2229	2081	
106	6984	95.2	95.0	24	1	0	2	946	1060	1356	1729	2198	2643	2835	2991	2965	2862	2752	2533	2398	2224	2095	2060	2009	2098	2292	2558	2766	2904	2947	2931	2825	2696	2504	2367	2209	2053	1969	1849	
106	7001	95.0	95.0	24	1	0	2	911	1055	1358	1702	2188	2610	2863	2979	2958	2826	2750	2585	2379	2228	2098	2024	1997	2098	2286	2545	2780	2915	2980	2919	2773	2690	2511	2364	2222	2084	1943	1849	
106	7064	59.7	60.2	24	1	1	2	1005	1221	1758	2558	3514	4358	4789	4929	4761	4508	4242	3871	3544	3220	2875	2713	2603	2632	2790	3138	3395	3610	3643	3616	3420	3259	3009	2827	2590	2376	2265	2068	
106	7081	59.9	60.0	24	1	1	2	996	1232	1819	2637	3608	4438	4863	5028	4844	4574	4309	3976	3596	3264	2936	2761	2628	2636	2829	3140	3463	3658	3692	3605	3493	3274	3059	2832	2588	2393	2252	2100	
106	7099	59.9	60.0	24	1	1	2	993	1241	1772	2575	3534	4350	4808	4948	4788	4561	4254	3895	3551	3207	2906	2747	2600	2657	2805	3108	3391	3612	3664	3620	3443	3283	3018	2777	2541	2388	2231	2104	
106	7116	60.0	60.0	24	1	1	2	1002	1226	1763	2594	3534	4342	4732	4932	4732	4521	4207	3851	3517	3223	2914	2726	2613	2619	2792	3108	3357	3551	3684	3582	3436	3249	3003	2784	2575	2382	2253	2086	
106	7133	60.0	60.0	24	1	1	2	1016	1214	1773	2572	3539	4348	4772	4915	4784	4474	4230	3876	3571	3192	2904	2701	2593	2560	2823	3118	3368	3602	3647	3549	3431	3264	3007	2776	2583	2363	2216	2084	
106	7150	60.0	60.0	24	1	1	2	997	1220	1750	2592	3565	4336	4795	4930	4791	4518	4206	3880	3523	3224	2905	2740	2580	2630	2799	3149	3354	3598	3649	3590	3415	3239	3052	2781	2576	2372	2215	2052	
106	7168	60.0	60.0	24	1	1	2	987	1218	1765	2570	3535	4318	4729	4900	4723	4516	4194	3884	3549	3195	2876	2705	2582	2631	2785	3124	3380	3592	3614	3595	3430	3212	2987	2763	2564	2331	2226	2069	
106	7232	95.3	95.0	25	1	0	2	916	1037	1326	1712	2148	2579	2853	3002	2953	2854	2761	2551	2384	2208	2102	2032	2018	2088	2271	2535	2757	2915	2961	2921	2801	2697	2518	2341	2218	2066	1920	1828	
106	7249	95.0	95.0	25	1	0	2	908	1045	1332	1697	2158	2586	2834	2939	2961	2842	2699	2522	2385	2236	2060	2012	1995	2085	2279	2521	2752	2899	2939	2887	2798	2678	2500	2364	2184	2078	1918	1836	
106	7312	59.7	60.2	25	1	1	2	991	1204	1788	2575	3520	4333	4760	4885	4770	4516	4214	3919	3506	3216	2900	2685	2601	2631	2783	3112	3372	3562	3644	3606	3471	3215	3005	2775	2558	2378	2230	2085	
106	7330	59.9	60.0	25	1	1	2	987	1215	1770	2602	3589	4409	4808	4943	4865	4601	4256	3926	3553	3220	2939	2759	2626	2662	2830	3163	3408	3625	3689	3625	3487	3287	3050	2779	2577	2386	2259	2096	
106	7347	59.9	60.0	25	1	1	2	991	1218	1772	2569	3541	4400	4775	4981	4756	4547	4216	3884	3532	3174	2927	2718	2613	2664	2794	3118	3408	3586	3645	3627	3438	3233	3013	2789	2569	2381	2238	2076	
106	7364	60.0	60.0	25	1	1	2	989	1232	1761	2604	3528	4342	4750	4894	4738	4468	4205	3906	3517	3206	2879	2722	2594	2626	2817	3122	3360	3563	3662	3581	3427	3252	3010	2764	2569	2384	2236	2090	
106	7381	60.0	60.0	25	1	1	2	1016	1218	1766	2583	3535	4322	4751	4918	4737	4501	4213	3887	3539	3208	2925	2710	2552	2617	2792	3114	3386	3612	3593	3613	3420	3245	2980	2765	2553	2363	2216	2073	
106	7399	60.0	60.0	25	1	1	2	994	1236	1759	2566	3542	4342	4751	4872	4820	4501	4215	3867	3523	3176	2900	2698	2594	2632	2795	3118	3395	3552	3664	3583	3404	3235	3007	2760	2537	2357	2210	2072	
106	7416	59.9	60.0	25	1	1	2	987	1216	1747	2591	3502	4297	4749	4890	4750	4495	4168	3846	3519	3171	2888	2723	2582	2616	2767	3082	3380	3556	3626	3573	3449	3204	2995	2749	2574	2349	2207	2049	
106	7478	95.3	95.0	26	1	0	2	906	1070	1357	1708	2205	2604	2868	2993	2961	2887	2746	2585	2359	2249	2062	2018	2011	2100	2305	2519	2754	2924	2963	2888	2788	2672	2545	2343	2220	2075	1959	1862	
106	7496	95.0	95.0	26	1	0	2	921	1048	1341	1699	2184	2591	2852	2971	2932	2815	2735	2574	2376	2250	2085	2006	2029	2089	2278	2550	2763	2896	2995	2929	2815	2666	2504	2354	2189	2063	1946	1839	
106	7558	59.7	60.2	26	1	1	2	1011	1214	1758	2584	3540	4294	4773	4881	4759	4487	4205	3832	3493	3205	2901	2688	2574	2638	2799	3110	3395	3601	3626	3576	3434	3259	2986	2787	2569	2355	2222	2076	
106	7576	59.9	60.0	26	1	1	2	992	1225	1793	2612	3592	4409	4818	5009	4878	4596	4273	3940	3567	3229	2936	2755	2636	2680	2845	3160	3424	3665	3667	3658	3475	3266	3074	2804	2605	2392	2242	2091	
106	7593	59.9	60.0	26	1	1	2	1026	1226	1777	2589	3543	4361	4806	4988	4800	4526	4261	3859	3525	3216	2945	2740	2609	2659	2803	3124	3380	3604	3646	3635	3450	3252	3051	2822	2563	2363	2245	2084	
106	7610	59.9	60.0	26	1	1	2	998	1219	1773	2634	3532	4309	4774	4910	4759	4497	4198	3856	3491	3229	2905	2704	2576	2616	2789	3116	3411	3567	3628	3608	3408	3247	3033	2767	2568	2395	2221	2090	
106	7627	60.0	60.0	26	1	1	2	1010	1219	1778	2577	3496	4358	4772	4884	4760	4534	4222	3868	3496	3194	2909	2685	2577	2617	2773	3103	3386	3619	3628	3576	3439	3235	3027	2788	2573	2381	2224	2097	
106	7645	60.0	60.0	26	1	1	2	984	1238	1756	2579	3550	4325	4782	4925	4760	4492	4188	3852	3516	3183	2902	2715	2583	2600	2807	3100	3365	3562	3644	3581	3412	3209	3018	2782	2563	2368	2224	2082	
106	7662	60.0	60.0	26	1	1	2	988	1228	1769	2582	3553	4295	4747	4928	4769	4481	4208	3820	3480	3192	2881	2677	2580	2610	2782	3109	3346	3584	3666	3593	3423	3237	2993	2764	2549	2369	2218	2091	
106	7724	95.3	95.0	27	1	0	2	908	1053	1331	1719	2197	2616	2890	3009	2988	2897	2722	2560	2387	2220	2096	2008	2015	2091	2301	2566	2802	2903	2984	2943	2793	2702	2518	2356	2194	2083	1968	1860	
106	7742	95.0	95.0	27	1	0	2	928	1045	1342	1714	2174	2576	2843	2977	2935	2842	2729	2545	2368	2230	2074	2029	1982	2055	2285	2506	2741	2890	2945	2920	2813	2674	2526	2351	2203	2038	1936	1842	
106	7804	59.7	60.2	27	1	1	2	1004	1212	1763	2589	3523	4319	4792	4915	4735	4473	4196	3871	3522	3199	2898	2692	2576	2618	2776	3082	3407	3579	3675	3586	3438	3238	3005	2777	2580	2370	2218	2064	
106	7822	59.9	60.0	27	1	1	2	1004	1262	1785	2618	3631	4452	4834	5017	4882	4622	4328	3936	3560	3246	2954	2751	2653	2640	2838	3135	3401	3642	3694	3669	3498	3274	3062	2816	2597	2379	2235	2126	
106	7839	59.9	60.0	27	1	1	2	992	1204	1756	2580	3550	4359	4752	4930	4780	4561	4240	3897	3542	3247	2937	2718	2604	2635	2814	3089	3403	3618	3651	3616	3464	3272	3023	2798	2593	2354	2232	2082	
106	7856	60.0	60.0	27	1	1	2	987	1200	1762	2566	3544	4337	4793	4931	4753	4526	4246	3864	3552	3232	2909	2737	2584	2612	2852	3094	3389	3585	3677	3580	3419	3248	3011	2796	2591	2357	2225	2088	
106	7873	60.0	60.0	27	1	1	2	999	1218	1759	2580	3557	4347	4757	4902	4771	4507	4207	3872	3503	3196	2903	2720	2617	2617	2802	3026	3396	3555	3657	3610	3429	3251	3037	2818	2549	2374	2195	2075	
106	7891	60.0	60.0	27	1	1	2	998	1208	1780	2578	3501	4346	4784	4884	4748	4494	4247	3848	3521	3166	2855	2711	2606	2610	2806	3108	3371	3556	3644	3583	3408	3234	3013	2789	2549	2370	2215	2096	
106	7908	60.0	60.0	27	1	1	2	989	1220	1754	2584	3540	4348	4741	4895	4709	4489	4202	3841	3514	3171	2914	2731	2558	2611	2798	3102	3352	3573	3648	3580	3418	3201	2983	2756	2564	2360	2243	2063	
106	7973	95.1	95.1	28	1	0	2	924	1037	1333	1687	2192	2617	2889	2992	2955	2856	2724	2574	2364	2271	2098	2021	1998	2095	2275	2534	2741	2941	2946	2922	2789	2653	2480	2364	2209	2038	1939	1845	
106	7990	95.0	95.0	28	1	0	2	950	1045	1353	1706	2189	2590	2841	2967	2956	2854	2731	2539	2383	2214	2076	2053	1999	2095	2281	2535	2757	2899	2933	2928	2773	2655	2504	2351	2189	2065	1932	1852	
106	8053	59.7	60.2	28	1	1	2	990	1210	1758	2580	3550	4353	4731	4879	4769	4506	4236	3875	3495	3201	2897	2697	2605	2612	2798	3085	3399	3598	3668	3593	3414	3240	2989	2790	2596	2344	2213	2074	
106	8070	59.9	60.0	28	1	1	2	995	1220	1798	2582	3598	4421	4822	4974	4869	4581	4333	3924	3576	3238	2931	2758	2632	2655	2848	3106	3401	3600	3660	3592	3473	3276	3025	2817	2580	2403	2233	2088	
106	8087	59.9	60.0	28	1	1	2	1007	1218	1782	2582	3570	4329	4807	4936	4728	4507	4220	3891	3518	3172	2911	2762	2598	2639	2795	3125	3380	3606	3673	3604	3438	3264	3019	2770	2581	2367	2233	2068	
106	8104	60.0	60.0	28	1	1	2	998	1222	1744	2594	3571	4314	4747	4914	4759	4511	4186	3867	3519	3171	2916	2703	2560	2612	2767	3105	3362	3560	3628	3598	3397	3216	2994	2782	2545	2372	2206	2073	
106	8122	60.0	60.0	28	1	1	2	994	1230	1775	2563	3522	4319	4697	4890	4766	4515	4201	3864	3516	3164	2876	2744	2570	2620	2825	3071	3385	3595	3632	3563	3381	3214	2989	2805	2535	2355	2225	2072	
106	8139	59.9	60.0	28	1	1	2	974	1225	1753	2589	3514	4304	4740	4851	4778	4492	4197	3870	3516	3193	2890	2701	2564	2623	2804	3077	3358	3550	3628	3592	3452	3223	2988	2779	2590	2379	2228	2079	
106	8156	60.0	60.0	28	1	1	2	996	1237	1768	2579	3563	4322	4717	4901	4738	4481	4216	3869	3525	3202	2907	2699	2582	2622	2812	3084	3380	3568	3660	3566	3446	3251	3025	2780	2531	2379	2240	2078	
106	8219	95.2	95.0	29	1	0	2	916	1086	1317	1755	2180	2630	2848	2980	2954	2870	2703	2551	2404	2246	2083	2018	1994	2107	2296	2524	2771	2895	2961	2892	2794	2669	2502	2379	2198	2065	1944	1868	
106	8236	95.0	95.0	29	1	0	2	935	1020	1333	1705	2187	2568	2847	2988	2961	2838	2719	2553	2375	2210	2097	2017	2006	2071	2276	2534	2742	2896	2937	2902	2804	2653	2522	2343	2226	2065	1958	1828	
106	8299	59.7	60.2	29	1	1	2	998	1235	1773	2609	3529	4375	4706	4889	4743	4524	4173	3867	3499	3210	2885	2698	2577	2653	2800	3086	3371	3565	3636	3585	3446	3254	2993	2763	2567	2377	2222	2073	
106	8316	60.0	60.0	29	1	1	2	1009	1217	1778	2604	3575	4384	4788	4964	4852	4564	4245	3905	3564	3271	2935	2743	2635	2673	2835	3085	3427	3590	3688	3626	3461	3298	3034	2796	2581	2392	2248	2068	
106	8333	59.9	60.0	29	1	1	2	958	1222	1750	2591	3576	4381	4767	4972	4755	4485	4213	3908	3530	3185	2911	2738	2609	2621	2802	3114	3414	3600	3667	3576	3424	3282	3019	2800	2557	2371	2218	2065	
106	8350	59.9	60.0	29	1	1	2	1019	1219	1736	2590	3557	4345	4764	4883	4746	4489	4201	3853	3550	3210	2886	2715	2620	2609	2786	3141	3377	3550	3601	3583	3394	3274	3016	2772	2541	2358	2208	2088	
106	8368	60.0	60.0	29	1	1	2	984	1236	1764	2608	3514	4341	4767	4910	4775	4492	4209	3880	3534	3180	2880	2695	2608	2616	2767	3104	3351	3527	3644	3594	3438	3197	3024	2745	2575	2363	2202	2067	
106	8385	60.0	60.0	29	1	1	2	996	1249	1760	2581	3509	4312	4740	4896	4724	4513	4221	3861	3497	3192	2887	2728	2553	2621	2820	3083	3361	3565	3660	3555	3425	3251	2967	2805	2556	2364	2201	2085	
106	8402	60.0	60.0	29	1	1	2	989	1230	1768	2581	3529	4300	4761	4883	4734	4486	4175	3835	3477	3180	2866	2686	2608	2614	2797	3100	3356	3546	3615	3501	3411	3226	2985	2785	2540	2360	2209	2083	
106	8467	95.3	95.0	30	1	0	2	924	1014	1340	1714	2172	2601	2860	2989	2944	2882	2733	2544	2402	2225	2108	2026	2032	2116	2292	2527	2740	2909	2970	2922	2822	2675	2500	2380	2215	2060	1949	1851	
106	8484	95.0	95.0	30	1	0	2	919	1037	1327	1709	2165	2602	2811	2977	2916	2851	2695	2523	2364	2224	2057	2015	1986	2079	2261	2497	2724	2882	2949	2895	2779	2671	2498	2366	2191	2074	1936	1833	
106	8547	59.6	60.2	30	1	1	2	1001	1206	1758	2586	3511	4290	4746	4880	4773	4519	4220	3881	3523	3188	2901	2718	2575	2609	2822	3069	3377	3556	3602	3575	3425	3244	3015	2751	2560	2382	2221	2073	
106	8564	59.9	60.0	30	1	1	2	1004	1235	1779	2595	3531	4391	4740	4944	4801	4531	4285	3905	3526	3266	2925	2713	2604	2639	2828	3121	3405	3584	3669	3605	3423	3230	3019	2801	2565	2377	2218	2103	
106	8581	59.9	60.0	30	1	1	2	1008	1212	1738	2617	3542	4338	4782	4927	4773	4514	4230	3902	3514	3188	2909	2728	2606	2634	2790	3067	3365	3593	3623	3602	3434	3219	2999	2827	2581	2359	2204	2080	
106	8598	60.0	60.0	30	1	1	2	977	1228	1763	2581	3520	4377	4750	4893	4747	4558	4181	3836	3518	3180	2889	2715	2599	2608	2753	3099	3392	3569	3629	3588	3412	3201	2977	2762	2572	2310	2196	2092	
106	8616	59.9	60.0	30	1	1	2	1006	1223	1762	2581	3562	4266	4712	4914	4742	4518	4248	3821	3503	3191	2879	2692	2604	2625	2800	3076	3376	3525	3593	3576	3421	3249	3016	2778	2581	2354	2224	2055	
106	8633	59.9	60.0	30	1	1	2	990	1220	1781	2582	3530	4347	4745	4893	4743	4496	4166	3858	3499	3180	2862	2693	2569	2605	2787	3118	3372	3569	3612	3579	3408	3231	2980	2798	2550	2356	2221	2083	
106	8650	60.0	60.0	30	1	1	2	995	1212	1755	2589	3525	4321	4757	4899	4784	4492	4184	3857	3524	3197	2890	2728	2594	2637	2790	3110	3349	3558	3645	3566	3432	3212	3004	2743	2544	2352	2181	2077	
106	8713	95.2	95.0	31	1	0	2	925	1060	1356	1722	2219	2617	2853	2973	2966	2826	2720	2545	2400	2213	2090	2022	2010	2100	2278	2524	2742	2894	2953	2916	2792	2647	2503	2361	2189	2070	1938	1827	
106	8730	95.0	95.0	31	1	0	2	919	1039	1321	1697	2172	2563	2836	2973	2928	2824	2717	2556	2343	2214	2070	1995	1972	2084	2278	2509	2695	2902	2937	2881	2772	2678	2511	2342	2206	2047	1948	1844	
106	8793	59.7	60.2	31	1	1	2	993	1215	1776	2573	3495	4291	4699	4899	4718	4450	4196	3824	3517	3191	2858	2696	2579	2622	2783	3095	3347	3525	3617	3559	3393	3198	3001	2761	2526	2344	2226	2105	
106	8810	59.9	60.0	31	1	1	2	979	1222	1791	2607	3536	4352	4806	4957	4838	4546	4232	3908	3574	3206	2944	2753	2599	2650	2817	3114	3417	3561	3668	3622	3457	3260	3045	2822	2595	2410	2234	2078	
106	8827	60.0	60.0	31	1	1	2	1006	1217	1755	2577	3529	4337	4774	4878	4820	4530	4223	3887	3547	3206	2895	2711	2624	2603	2775	3088	3395	3587	3637	3602	3431	3237	3000	2767	2576	2362	2210	2085	
106	8845	59.9	60.0	31	1	1	2	994	1235	1767	2570	3538	4308	4737	4862	4765	4472	4233	3886	3508	3184	2885	2711	2571	2614	2787	3113	3343	3539	3635	3550	3389	3261	3013	2752	2548	2414	2208	2092	
106	8862	59.9	60.0	31	1	1	2	1002	1221	1773	2564	3516	4311	4758	4842	4771	4481	4215	3861	3506	3190	2896	2717	2573	2597	2776	3086	3375	3552	3612	3558	3419	3187	2983	2770	2564	2358	2182	2068	
106	8879	60.0	60.0	31	1	1	2	998	1204	1776	2553	3496	4303	4746	4896	4749	4467	4233	3845	3499	3195	2880	2682	2578	2602	2784	3089	3326	3547	3628	3564	3398	3226	2993	2783	2563	2342	2203	2047	
106	8896	60.0	60.0	31	1	1	2	1015	1211	1762	2553	3524	4319	4696	4856	4733	4495	4163	3840	3499	3182	2876	2699	2597	2605	2791	3043	3366	3560	3633	3553	3411	3201	2986	2748	2526	2339	2181	2108	
106	8959	95.2	95.0	32	1	0	2	941	1076	1329	1723	2189	2609	2858	2993	2942	2859	2724	2553	2378	2236	2081	2025	2028	2054	2278	2543	2724	2908	2949	2878	2769	2664	2508	2342	2202	2062	1952	1841	
106	8976	95.0	95.0	32	1	0	2	921	1052	1336	1700	2187	2561	2821	2952	2924	2849	2721	2530	2357	2225	2064	2003	1979	2052	2266	2502	2718	2878	2933	2868	2807	2643	2519	2331	2193	2036	1930	1836	
106	9039	59.7	60.2	32	1	1	2	982	1231	1756	2565	3501	4316	4732	4901	4742	4504	4232	3874	3481	3175	2859	2730	2630	2614	2773	3096	3353	3559	3610	3580	3397	3212	2985	2766	2540	2377	2217	2084	
106	9056	60.0	60.0	32	1	1	2	1002	1256	1760	2609	3565	4336	4781	4930	4826	4575	4277	3903	3529	3250	2929	2726	2614	2616	2788	3090	3407	3572	3667	3589	3416	3228	3054	2793	2554	2361	2234	2078	
106	9073	60.0	60.0	32	1	1	2	1001	1238	1765	2564	3513	4326	4768	4902	4735	4514	4198	3864	3503	3180	2901	2704	2569	2609	2792	3134	3369	3544	3608	3591	3401	3211	2998	2770	2531	2381	2196	2088	
106	9091	59.9	60.0	32	1	1	2	1003	1203	1757	2574	3537	4289	4766	4897	4772	4474	4178	3885	3532	3193	2885	2748	2577	2658	2807	3080	3375	3596	3625	3571	3433	3250	2992	2780	2569	2368	2221	2080	
106	9108	60.0	60.0	32	1	1	2	1009	1219	1768	2563	3572	4348	4762	4880	4754	4505	4223	3848	3515	3202	2916	2686	2587	2589	2781	3114	3373	3564	3630	3576	3424	3200	3010	2766	2532	2384	2209	2067	
106	9125	60.0	60.0	32	1	1	2	1025	1218	1737	2591	3540	4344	4732	4912	4768	4473	4211	3848	3509	3176	2876	2720	2562	2594	2771	3112	3374	3571	3638	3556	3445	3245	2972	2745	2552	2360	2240	2041	
106	9142	60.0	60.0	32	1	1	2	1000	1241	1768	2557	3499	4339	4712	4864	4722	4486	4170	3861	3470	3190	2868	2709	2557	2606	2782	3049	3333	3520	3629	3585	3407	3228	2945	2749	2552	2362	2133	2060	
106	9207	95.3	95.0	33	1	0	2	927	1058	1353	1709	2181	2622	2863	3021	2964	2867	2747	2569	2374	2218	2118	2046	2009	2076	2275	2534	2761	2925	2964	2894	2784	2678	2524	2364	2201	2049	1951	1832	
106	9224	95.0	95.0	33	1	0	2	929	1037	1340	1704	2184	2593	2835	2980	2929	2834	2716	2584	2444	2202	2075	2039	1986	2092	2276	2529	2756	2883	2951	2884	2768	2668	2502	2343	2214	2065	1907	1824	
106	9287	59.7	60.2	33	1	1	2	991	1234	1762	2580	3516	4315	4727	4885	4758	4495	4226	3839	3480	3211	2921	2731	2578	2620	2803	3067	3355	3556	3589	3587	3409	3205	2996	2719	2554	2395	2208	2048	
106	9304	60.0	60.0	33	1	1	2	1012	1228	1783	2627	3576	4380	4834	4985	4820	4559	4298	3934	3574	3264	2894	2744	2630	2658	2800	3168	3401	3640	3671	3624	3482	3289	3042	2783	2591	2406	2258	2114	
106	9321	60.0	60.0	33	1	1	2	1009	1231	1774	2595	3563	4385	4807	4952	4745	4553	4233	3902	3579	3218	2903	2745	2595	2632	2807	3100	3363	3578	3639	3619	3397	3234	3025	2745	2565	2381	2225	2089	
106	9339	60.0	60.0	33	1	1	2	938	1223	1761	2608	3541	4355	4792	4960	4771	4508	4232	3878	3539	3197	2907	2744	2611	2634	2791	3106	3369	3529	3671	3586	3417	3200	2984	2752	2571	2364	2236	2094	
106	9356	60.0	60.0	33	1	1	2	992	1215	1762	2568	3535	4315	4756	4899	4788	4484	4222	3874	3519	3161	2900	2706	2567	2600	2803	3067	3360	3612	3604	3553	3391	3243	3015	2784	2561	2329	2198	2091	
106	9373	60.0	60.0	33	1	1	2	1010	1220	1789	2569	3545	4346	4741	4892	4752	4479	4239	3870	3486	3183	2900	2719	2585	2596	2776	3100	3396	3549	3608	3552	3413	3203	2996	2742	2550	2345	2221	2093	
106	9390	60.0	60.0	33	1	1	2	1030	1214	1766	2575	3564	4334	4750	4890	4733	4474	4210	3868	3529	3204	2890	2699	2553	2597	2752	3065	3358	3556	3636	3616	3395	3219	2982	2743	2520	2354	2205	2073	
106	9453	95.3	94.9	34	1	0	2	917	1041	1343	1704	2212	2624	2867	3006	2952	2876	2780	2600	2396	2215	2094	2018	1995	2053	2284	2546	2752	2920	2946	2917	2799	2679	2527	2370	2184	2067	1964	1846	
106	9470	95.0	95.0	34	1	0	2	918	1052	1348	1706	2173	2584	2880	2948	2948	2864	2734	2570	2376	2248	2102	2026	2002	2088	2273	2534	2713	2909	2899	2902	2793	2648	2530	2350	2184	2072	1944	1842	
106	9533	59.7	60.2	34	1	1	2	1003	1239	1761	2584	3532	4306	4734	4913	4727	4464	4214	3864	3543	3204	2905	2700	2628	2614	2793	3103	3376	3587	3617	3569	3411	3220	3001	2765	2534	2371	2194	2086	
106	9550	59.9	60.0	34	1	1	2	987	1239	1777	2580	3590	4391	4887	4979	4872	4551	4262	4023	3593	3253	2945	2791	2638	2657	2820	3139	3406	3595	3678	3596	3464	3272	3013	2789	2588	2384	2220	2057	
106	9568	60.0	60.0	34	1	1	2	992	1223	1771	2592	3570	4400	4808	5005	4818	4536	4287	3902	3510	3265	2964	2740	2621	2644	2788	3115	3383	3586	3635	3610	3407	3229	3003	2772	2560	2362	2234	2068	
106	9585	59.9	60.0	34	1	1	2	998	1237	1785	2625	3575	4342	4771	4943	4816	4526	4232	3903	3533	3228	2920	2705	2604	2627	2817	3116	3362	3578	3622	3605	3416	3224	2983	2767	2577	2350	2231	2075	
106	9602	59.9	60.0	34	1	1	2	989	1226	1772	2607	3572	4331	4800	4925	4819	4556	4239	3926	3543	3214	2938	2748	2602	2626	2804	3123	3365	3568	3642	3591	3422	3232	2983	2753	2544	2379	2205	2058	
106	9619	59.9	60.0	34	1	1	2	994	1244	1748	2582	3505	4362	4747	4894	4787	4509	4192	3892	3504	3200	2904	2754	2591	2589	2811	3077	3357	3545	3595	3541	3400	3209	2976	2761	2564	2387	2207	2067	
106	9637	60.0	60.0	34	1	1	2	998	1226	1777	2580	3563	4322	4773	4936	4774	4523	4244	3881	3541	3203	2897	2721	2563	2626	2790	3101	3356	3553	3633	3546	3370	3237	3000	2742	2557	2358	2189	2080	
106	9699	95.2	95.0	35	1	0	2	928	1039	1361	1740	2262	2623	2893	3014	3005	2931	2778	2609	2413	2248	2138	2034	2011	2104	2305	2569	2744	2905	2968	2903	2783	2661	2531	2351	2217	2062	1947	1831	
106	9716	95.0	95.0	35	1	0	2	929	1043	1359	1716	2202	2608	2864	3007	2978	2868	2759	2578	2394	2245	2094	2061	2002	2100	2298	2530	2743	2894	2937	2877	2791	2646	2461	2329	2167	2060	1932	1828	
106	9779	59.7	60.2	35	1	1	2	1004	1222	1784	2629	3578	4380	4781	4963	4819	4579	4276	3899	3592	3228	2955	2737	2613	2631	2810	3136	3368	3546	3653	3570	3410	3203	3003	2767	2536	2384	2185	2085	
106	9796	59.9	60.0	35	1	1	2	1009	1242	1780	2656	3628	4448	4872	5057	4871	4722	4336	4027	3587	3262	2997	2791	2639	2689	2836	3105	3401	3592	3701	3591	3511	3262	3005	2768	2543	2355	2226	2095	
106	9814	59.9	60.0	35	1	1	2	1007	1235	1797	2608	3576	4440	4853	5022	4883	4638	4279	3957	3567	3278	2970	2771	2622	2650	2827	3099	3372	3577	3657	3583	3430	3231	2994	2762	2559	2401	2218	2077	
106	9831	60.0	60.0	35	1	1	2	970	1235	1800	2634	3600	4395	4802	4969	4841	4571	4293	3907	3599	3260	2924	2760	2612	2659	2815	3114	3386	3578	3652	3584	3448	3250	3027	2786	2579	2374	2213	2094	
106	9848	59.9	60.0	35	1	1	2	1012	1239	1785	2606	3584	4389	4808	4986	4861	4567	4278	3891	3578	3217	2929	2754	2614	2645	2810	3066	3385	3543	3653	3560	3433	3255	2978	2791	2548	2366	2212	2080	
106	9865	60.0	60.0	35	1	1	2	1018	1226	1779	2625	3570	4399	4827	4961	4836	4546	4260	3932	3543	3242	2939	2744	2626	2650	2789	3119	3373	3578	3599	3551	3403	3246	2991	2761	2554	2365	2207	2079	
106	9883	60.0	60.0	35	1	1	2	1009	1214	1781	2610	3582	4410	4862	4984	4813	4563	4279	3908	3547	3237	2942	2786	2634	2633	2857	3106	3385	3575	3605	3583	3442	3225	3012	2786	2555	2353	2201	2090	
106	9945	95.4	94.9	36	1	0	2	939	1088	1352	1748	2226	2670	2936	3063	3064	2936	2796	2636	2406	2261	2149	2044	2036	2125	2339	2538	2749	2905	2939	2889	2797	2665	2539	2361	2220	2078	1957	1860	
106	9963	95.0	95.0	36	1	0	2	919	1054	1334	1746	2203	2624	2932	3017	2990	2900	2792	2592	2427	2267	2105	2072	2018	2114	2297	2550	2755	2893	2976	2909	2776	2680	2482	2354	2197	2072	1947	1819	
106	10025	59.7	60.2	36	1	1	2	1012	1242	1814	2639	3638	4397	4881	5054	4897	4678	4264	3973	3604	3290	2937	2767	2615	2642	2852	3104	3388	3550	3691	3576	3410	3220	2982	2805	2560	2382	2217	2059	
106	10043	59.9	60.0	36	1	1	2	984	1236	1833	2684	3674	4531	4983	5124	4969	4717	4411	4028	3670	3333	3037	2801	2676	2704	2892	3134	3482	3660	3713	3632	3453	3218	3030	2822	2600	2382	2257	2105	
106	10060	59.9	60.0	36	1	1	2	1020	1270	1820	2678	3689	4519	4935	5089	4977	4671	4371	4029	3618	3361	2980	2779	2664	2690	2855	3151	3417	3632	3665	3633	3452	3230	3032	2816	2563	2398	2244	2096	
106	10077	59.9	60.0	36	1	1	2	1018	1244	1800	2668	3637	4474	4873	5115	4967	4649	4387	4031	3620	3297	2976	2774	2650	2697	2837	3140	3410	3591	3668	3582	3468	3255	3014	2781	2599	2364	2221	2104	
106	10094	59.9	60.0	36	1	1	2	1015	1248	1813	2652	3673	4463	4885	5082	4952	4669	4364	4006	3613	3303	2997	2781	2656	2686	2818	3109	3420	3583	3632	3597	3447	3244	2991	2784	2560	2378	2221	2081	
106	10112	60.0	60.0	36	1	1	2	1003	1266	1822	2664	3655	4523	4935	5077	4936	4670	4343	3973	3635	3329	3003	2764	2635	2654	2852	3131	3417	3611	3656	3639	3457	3249	3035	2803	2530	2377	2216	2064	
106	10129	60.0	60.0	36	1	1	2	1015	1222	1807	2703	3644	4486	4913	5063	4934	4600	4304	3965	3632	3308	2946	2778	2628	2680	2830	3148	3397	3604	3641	3584	3407	3217	3019	2782	2556	2375	2241	2073	
106	10191	95.4	94.9	37	1	0	2	934	1056	1388	1804	2297	2717	2994	3150	3091	2997	2840	2658	2506	2312	2133	2061	2088	2129	2314	2555	2774	2911	2986	2938	2800	2702	2528	2373	2197	2067	1967	1855	
106	10209	95.0	95.0	37	1	0	2	945	1057	1350	1771	2242	2682	2960	3100	3065	2962	2813	2697	2450	2298	2147	2108	2048	2144	2289	2569	2776	2920	2956	2922	2782	2676	2531	2355	2216	2084	1932	1844	
106	10271	59.7	60.2	37	1	1	2	1004	1247	1836	2695	3746	4627	5077	5233	5055	4772	4483	4060	3691	3377	3030	2846	2687	2696	2878	3178	3443	3605	3715	3625	3471	3300	3057	2821	2599	2405	2223	2098	
106	10289	59.9	60.0	37	1	1	2	1020	1273	1849	2742	3786	4633	5105	5268	5137	4851	4527	4150	3746	3412	3073	2876	2707	2736	2923	3193	3493	3680	3717	3644	3496	3271	3064	2804	2588	2405	2229	2084	
106	10306	60.0	60.0	37	1	1	2	1015	1248	1846	2729	3766	4632	5092	5286	5135	4829	4543	4153	3732	3397	3067	2855	2692	2763	2906	3181	3452	3655	3672	3659	3493	3301	3046	2790	2602	2394	2211	2096	
106	10323	59.9	60.0	37	1	1	2	1019	1267	1840	2712	3754	4624	5074	5253	5061	4840	4504	4112	3726	3370	3088	2878	2690	2717	2876	3186	3447	3640	3678	3651	3458	3252	3020	2783	2577	2379	2230	2092	
106	10340	60.0	60.0	37	1	1	2	1013	1253	1868	2705	3734	4597	5091	5195	5086	4810	4510	4116	3720	3394	3076	2845	2682	2725	2867	3174	3412	3627	3686	3606	3447	3283	3052	2808	2582	2405	2217	2070	
106	10358	59.9	60.0	37	1	1	2	1024	1249	1844	2722	3720	4636	5088	5200	5105	4806	4512	4109	3758	3379	3054	2847	2720	2720	2881	3171	3469	3633	3711	3627	3468	3251	3033	2820	2603	2391	2249	2091	
106	10375	60.0	60.0	37	1	1	2	1029	1269	1857	2685	3724	4583	5057	5211	5067	4755	4461	4083	3736	3386	3034	2824	2709	2724	2867	3148	3436	3596	3669	3610	3462	3235	3036	2814	2567	2382	2231	2086	
106	10437	95.4	94.9	38	1	0	2	948	1068	1408	1834	2339	2795	3060	3222	3197	3093	2919	2753	2575	2382	2207	2152	2074	2165	2351	2571	2783	2951	2992	2915	2818	2713	2490	2354	2225	2106	1972	1841	
106	10455	95.0	95.0	38	1	0	2	934	1068	1383	1797	2329	2799	3082	3215	3176	3059	2935	2718	2567	2372	2194	2134	2080	2184	2342	2606	2779	2920	3019	2941	2808	2713	2525	2372	2207	2078	1956	1879	
106	10518	59.9	60.1	38	1	1	2	1019	1276	1902	2789	3874	4745	5271	5414	5254	4986	4674	4274	3858	3483	3221	2932	2795	2772	2963	3222	3445	3663	3723	3670	3511	3307	3034	2841	2581	2384	2263	2105	
106	10535	59.9	60.0	38	1	1	2	1049	1272	1915	2874	3955	4863	5364	5538	5402	5058	4759	4346	3915	3549	3199	2987	2825	2831	2954	3248	3535	3673	3765	3690	3514	3335	3072	2828	2622	2435	2250	2115	
106	10552	59.9	60.0	38	1	1	2	1023	1291	1890	2839	3924	4828	5353	5511	5314	5040	4764	4394	3926	3540	3242	2973	2820	2795	2943	3238	3524	3697	3747	3668	3493	3319	3086	2832	2620	2389	2263	2100	
106	10569	60.0	60.0	38	1	1	2	1030	1276	1890	2809	3939	4836	5313	5536	5323	5026	4768	4351	3909	3543	3192	2970	2792	2782	2956	3263	3502	3729	3747	3668	3529	3263	3042	2831	2626	2413	2250	2126	
106	10587	59.9	60.0	38	1	1	2	1019	1291	1874	2815	3918	4831	5300	5486	5386	5039	4714	4281	3898	3562	3203	2966	2800	2787	2949	3240	3515	3690	3756	3651	3474	3279	3055	2816	2604	2415	2232	2112	
106	10604	60.0	60.0	38	1	1	2	1032	1304	1868	2810	3897	4836	5294	5496	5363	5059	4733	4293	3909	3546	3180	2964	2792	2785	2967	3193	3489	3697	3732	3643	3474	3261	3061	2805	2596	2395	2242	2125	
106	10621	60.0	60.0	38	1	1	2	1018	1271	1908	2830	3929	4831	5341	5472	5304	5060	4704	4328	3908	3585	3204	2963	2778	2809	2963	3248	3500	3648	3696	3659	3493	3270	3063	2812	2601	2396	2242	2132	
106	10686	95.1	95.1	39	1	0	2	939	1088	1418	1882	2462	2996	3281	3404	3400	3268	3097	2888	2690	2534	2336	2213	2147	2229	2396	2643	2874	2994	3047	2982	2851	2734	2563	2416	2233	2138	1992	1858	
106	10703	95.0	95.0	39	1	0	2	957	1081	1419	1858	2441	2950	3268	3411	3343	3253	3096	2889	2684	2494	2296	2198	2161	2235	2385	2640	2853	2989	3011	2958	2852	2711	2559	2373	2252	2102	1975	1867	
106	10764	59.8	60.2	39	1	1	2	1028	1303	1962	2978	4117	5095	5666	5805	5673	5328	5001	4564	4148	3796	3333	3081	2888	2902	3036	3307	3565	3739	3755	3696	3524	3276	3092	2840	2646	2426	2301	2142	
106	10781	59.9	60.0	39	1	1	2	1037	1320	1999	3015	4185	5149	5724	5937	5831	5428	5111	4654	4189	3801	3409	3119	2949	2908	3054	3332	3589	3762	3783	3706	3552	3357	3116	2855	2656	2456	2290	2123	
106	10798	60.0	60.0	39	1	1	2	1044	1312	2014	3010	4179	5212	5699	5952	5768	5487	5119	4636	4194	3812	3379	3144	2985	2938	3064	3340	3575	3770	3807	3690	3541	3337	3096	2853	2656	2440	2297	2135	
106	10815	60.0	60.0	39	1	1	2	1052	1308	1991	2988	4212	5159	5746	5907	5763	5458	5049	4643	4177	3755	3384	3153	2949	2925	3079	3329	3586	3754	3831	3738	3557	3361	3081	2849	2611	2403	2267	2138	
106	10833	59.9	60.0	39	1	1	2	1041	1314	1984	2991	4163	5147	5756	5892	5728	5456	5048	4633	4197	3784	3367	3116	2959	2926	3077	3333	3582	3750	3806	3736	3522	3303	3106	2858	2628	2447	2262	2148	
106	10850	60.0	60.0	39	1	1	2	1025	1317	2011	2970	4198	5201	5683	5886	5728	5390	5073	4622	4159	3751	3384	3147	2925	2898	3065	3332	3553	3762	3760	3690	3541	3374	3106	2863	2616	2403	2277	2148	
106	10867	60.0	60.0	39	1	1	2	1034	1327	1935	2988	4184	5161	5722	5918	5675	5420	5026	4621	4186	3761	3384	3160	2941	2944	3067	3310	3571	3767	3801	3705	3571	3308	3108	2876	2638	2428	2274	2145	
106	10932	95.3	95.0	40	1	0	2	951	1115	1470	2012	2650	3222	3575	3753	3696	3549	3361	3144	2883	2682	2472	2350	2289	2336	2499	2698	2894	3015	3073	3001	2894	2760	2571	2436	2305	2109	2014	1891	
106	10949	95.0	95.0	40	1	0	2	965	1104	1484	2006	2658	3204	3553	3710	3659	3523	3363	3119	2892	2684	2488	2355	2279	2342	2466	2697	2925	3035	3067	2998	2868	2778	2595	2412	2259	2111	2001	1880	
106	11012	59.7	60.2	40	1	1	2	1032	1351	2063	3199	4485	5594	6205	6414	6251	5871	5451	4966	4491	4061	3648	3351	3092	3077	3181	3429	3660	3820	3870	3804	3647	3406	3148	2884	2672	2505	2322	2175	
106	11029	59.9	60.0	40	1	1	2	1045	1362	2095	3275	4607	5721	6310	6548	6378	5986	5579	5133	4616	4105	3668	3388	3176	3122	3251	3510	3743	3888	3940	3825	3618	3447	3151	2939	2678	2498	2308	2171	
106	11046	59.9	60.0	40	1	1	2	1055	1354	2101	3239	4592	5680	6315	6529	6360	6012	5595	5054	4553	4119	3692	3371	3170	3096	3231	3464	3725	3863	3886	3815	3623	3431	3196	2919	2709	2503	2311	2193	
106	11064	60.0	60.0	40	1	1	2	1062	1347	2077	3204	4582	5658	6262	6525	6320	5963	5548	5057	4571	4097	3652	3383	3137	3099	3229	3485	3689	3814	3883	3791	3588	3407	3152	2921	2679	2474	2312	2166	
106	11081	59.9	60.0	40	1	1	2	1057	1368	2103	3203	4552	5679	6330	6550	6314	5954	5533	5096	4550	4103	3618	3378	3151	3107	3202	3442	3659	3846	3848	3804	3611	3405	3159	2928	2682	2436	2308	2174	
106	11098	60.0	60.0	40	1	1	2	1067	1359	2092	3225	4602	5660	6286	6523	6305	5945	5534	5047	4540	4093	3629	3383	3152	3094	3194	3439	3713	3833	3892	3795	3613	3397	3180	2901	2679	2472	2331	2160	
106	11115	60.0	60.0	40	1	1	2	1054	1348	2095	3230	4559	5690	6258	6506	6309	5930	5547	5078	4556	4142	3667	3377	3145	3072	3211	3457	3672	3828	3844	3753	3611	3401	3130	2922	2686	2459	2322	2158	
