Well	Time (1/2 s)	Block Temp	Sample Temp	Repetition	PCR Stage	Extension	Scale	B1	B2	B3	B4	B5	B6	B7	B8	B9	B10	B11	B12	B13	B14	B15	B16	B17	B18	B19	B20	B21	B22	B23	B24	B25	B26	B27	B28	B29	B30	B31	B32
171	108	95.0	95.1	1	0	0	2	911	1046	1398	1915	2513	3072	3458	3531	3537	3408	3240	3036	2844	2608	2422	2307	2330	2465	2685	3052	3350	3576	3578	3551	3412	3244	3018	2829	2592	2402	2281	2132	
171	125	95.0	95.0	1	0	0	2	909	1048	1388	1891	2513	3047	3411	3489	3471	3353	3210	2959	2773	2541	2408	2333	2261	2427	2710	3059	3309	3575	3603	3505	3369	3186	3007	2792	2576	2415	2287	2109	
171	143	95.0	95.0	1	0	0	2	912	1045	1399	1878	2506	3041	3424	3484	3494	3369	3212	2992	2746	2533	2404	2307	2294	2421	2724	3034	3380	3585	3569	3511	3395	3172	3011	2805	2593	2389	2281	2123	
171	160	95.0	95.0	1	0	0	2	922	1042	1374	1899	2511	3065	3405	3477	3469	3351	3214	2971	2743	2558	2425	2340	2302	2447	2682	3004	3352	3554	3576	3525	3360	3184	3017	2800	2543	2400	2256	2100	
171	177	95.0	95.0	1	0	0	2	935	1050	1380	1900	2484	3023	3376	3459	3433	3409	3207	2991	2753	2551	2412	2312	2304	2421	2679	3044	3329	3555	3550	3535	3387	3192	3016	2758	2567	2390	2262	2113	
171	194	94.9	95.0	1	0	0	2	936	1031	1388	1885	2504	3069	3421	3465	3472	3383	3227	2970	2776	2553	2402	2285	2309	2412	2693	3062	3355	3578	3574	3500	3379	3197	2999	2784	2593	2413	2279	2101	
171	211	95.0	95.0	1	0	0	2	929	1043	1389	1904	2502	3041	3388	3463	3490	3382	3184	2988	2742	2552	2415	2314	2294	2451	2710	3032	3348	3571	3565	3521	3389	3177	3016	2795	2552	2412	2269	2130	
171	229	95.0	95.0	1	0	0	2	913	1054	1370	1884	2488	3047	3401	3481	3504	3340	3244	2960	2762	2553	2381	2289	2318	2448	2674	3050	3336	3584	3550	3527	3371	3181	3033	2800	2594	2403	2289	2125	
171	246	95.0	95.0	1	0	0	2	917	1048	1382	1882	2505	3069	3426	3510	3463	3376	3220	2987	2763	2557	2395	2280	2316	2449	2728	3037	3360	3573	3604	3599	3364	3195	3005	2806	2575	2416	2255	2097	
171	263	95.0	95.0	1	0	0	2	910	1033	1371	1855	2493	3044	3416	3472	3534	3391	3234	2996	2756	2551	2382	2337	2318	2468	2694	3012	3369	3581	3579	3545	3419	3184	3032	2786	2547	2424	2249	2111	
171	280	95.0	95.0	1	0	0	2	928	1047	1366	1917	2517	3078	3405	3492	3496	3390	3216	2975	2777	2553	2423	2302	2325	2465	2719	3051	3338	3556	3577	3547	3400	3207	3016	2780	2592	2416	2275	2149	
171	298	95.0	95.0	1	0	0	2	907	1064	1380	1921	2525	3089	3407	3507	3471	3392	3204	2964	2777	2542	2421	2311	2296	2444	2708	3054	3349	3581	3594	3525	3389	3229	3027	2837	2590	2410	2276	2116	
171	315	95.0	95.0	1	0	0	2	918	1058	1388	1911	2507	3068	3470	3486	3491	3409	3228	2976	2809	2566	2410	2342	2329	2487	2740	3057	3392	3565	3570	3547	3384	3221	3072	2814	2575	2427	2273	2114	
171	332	95.0	95.0	1	0	0	2	925	1043	1386	1877	2524	3070	3459	3489	3472	3399	3250	3018	2789	2561	2406	2321	2317	2468	2737	3061	3339	3607	3610	3545	3439	3220	3047	2798	2590	2423	2263	2140	
171	349	95.0	95.0	1	0	0	2	907	1055	1376	1919	2513	3040	3428	3517	3488	3429	3241	2974	2766	2571	2428	2339	2325	2480	2735	3053	3410	3609	3630	3559	3422	3212	3044	2812	2606	2420	2277	2153	
171	367	95.0	95.0	1	0	0	2	917	1049	1382	1898	2540	3062	3408	3496	3512	3408	3199	3046	2810	2556	2397	2320	2320	2469	2740	3039	3366	3587	3576	3539	3412	3216	3065	2808	2585	2438	2274	2140	
171	384	95.0	95.0	1	0	0	2	915	1068	1388	1895	2523	3078	3406	3489	3490	3401	3228	2958	2797	2565	2420	2316	2353	2460	2716	3036	3404	3593	3597	3592	3436	3216	3006	2829	2579	2441	2287	2115	
171	401	94.9	95.0	1	0	0	2	923	1018	1389	1892	2541	3056	3423	3473	3478	3396	3200	2983	2778	2586	2411	2336	2341	2448	2751	3044	3397	3605	3601	3590	3414	3199	3033	2812	2600	2424	2282	2076	
171	418	95.0	95.0	1	0	0	2	917	1051	1390	1897	2530	3130	3442	3532	3522	3399	3239	3014	2798	2608	2453	2339	2305	2482	2732	3076	3399	3598	3647	3565	3454	3218	3040	2801	2621	2419	2272	2148	
171	436	95.0	95.0	1	0	0	2	924	1070	1372	1915	2499	3096	3465	3503	3500	3420	3244	3004	2812	2558	2442	2302	2326	2495	2728	3053	3389	3573	3631	3583	3407	3239	3012	2792	2594	2449	2248	2130	
171	453	95.0	95.0	1	0	0	2	925	1046	1406	1898	2525	3079	3433	3505	3475	3398	3239	2986	2782	2576	2414	2331	2310	2477	2742	3057	3380	3602	3599	3512	3416	3208	3028	2821	2589	2427	2290	2133	
171	470	95.0	95.0	1	0	0	2	919	1055	1384	1910	2527	3083	3433	3518	3534	3404	3220	3015	2794	2529	2417	2343	2375	2476	2735	3043	3383	3569	3610	3516	3435	3211	3031	2825	2638	2434	2311	2140	
171	487	95.0	95.0	1	0	0	2	911	1049	1412	1894	2524	3095	3432	3546	3528	3434	3251	3015	2821	2581	2438	2334	2354	2478	2702	3070	3359	3610	3606	3577	3449	3226	3047	2845	2634	2457	2269	2150	
171	505	95.0	95.0	1	0	0	2	922	1061	1393	1904	2557	3109	3430	3540	3529	3429	3263	3000	2807	2554	2421	2313	2316	2443	2728	3046	3394	3611	3603	3572	3440	3222	2973	2844	2584	2436	2281	2138	
171	522	94.9	95.0	1	0	0	2	924	1044	1413	1908	2552	3108	3496	3518	3547	3423	3260	2977	2809	2588	2385	2337	2331	2485	2750	3096	3410	3598	3596	3578	3421	3255	3039	2820	2642	2449	2293	2169	
171	539	94.9	95.0	1	0	0	2	925	1057	1400	1910	2526	3079	3458	3539	3511	3419	3241	3063	2797	2581	2429	2319	2340	2460	2764	3040	3394	3600	3628	3548	3438	3238	3054	2832	2638	2422	2267	2111	
171	556	95.0	95.0	1	0	0	2	927	1054	1386	1915	2545	3104	3459	3516	3557	3438	3285	3022	2835	2583	2449	2322	2352	2470	2735	3052	3404	3615	3626	3574	3444	3248	3036	2860	2623	2456	2295	2151	
171	574	95.0	95.0	1	0	0	2	944	1058	1404	1916	2548	3104	3427	3521	3520	3428	3244	3030	2804	2585	2440	2338	2352	2478	2732	3062	3401	3586	3596	3541	3416	3243	3073	2806	2611	2446	2284	2123	
171	591	95.0	95.0	1	0	0	2	924	1051	1383	1895	2519	3092	3508	3521	3516	3419	3264	3008	2815	2597	2418	2337	2344	2477	2756	3056	3425	3584	3613	3570	3442	3214	3035	2821	2620	2444	2287	2123	
171	608	95.0	95.0	1	0	0	2	927	1070	1389	1923	2521	3090	3485	3509	3533	3435	3230	3032	2800	2570	2433	2341	2309	2470	2727	3066	3405	3596	3588	3579	3511	3220	3034	2823	2642	2456	2285	2157	
171	625	95.0	95.0	1	0	0	2	940	1049	1414	1904	2508	3112	3485	3517	3545	3451	3258	3032	2793	2606	2439	2345	2353	2469	2745	3064	3422	3614	3608	3585	3448	3220	3083	2819	2618	2419	2288	2153	
171	643	95.0	95.0	1	0	0	2	912	1075	1373	1903	2542	3107	3455	3549	3559	3432	3234	3039	2846	2592	2496	2345	2380	2450	2723	3083	3418	3595	3593	3589	3448	3233	3027	2784	2612	2421	2282	2139	
171	660	95.0	95.0	1	0	0	2	920	1067	1404	1892	2558	3076	3487	3531	3510	3412	3253	3045	2804	2580	2434	2336	2333	2461	2763	3088	3441	3606	3638	3589	3425	3236	3038	2833	2620	2447	2276	2160	
171	677	94.9	95.0	1	0	0	2	933	1060	1407	1908	2564	3114	3484	3486	3595	3408	3268	3034	2812	2609	2413	2357	2333	2483	2745	3092	3395	3615	3636	3599	3443	3218	3064	2815	2624	2450	2312	2138	
171	694	95.0	95.0	1	0	0	2	916	1063	1383	1921	2533	3112	3476	3532	3539	3437	3287	3043	2814	2566	2452	2361	2380	2481	2763	3067	3429	3612	3630	3582	3458	3263	3074	2830	2605	2434	2291	2141	
171	712	95.0	95.0	1	0	0	2	931	1045	1405	1903	2569	3113	3433	3542	3556	3425	3263	3014	2805	2601	2412	2330	2380	2528	2754	3104	3391	3613	3612	3617	3424	3268	3035	2822	2626	2444	2301	2126	
171	729	94.9	95.0	1	0	0	2	921	1040	1379	1903	2549	3164	3476	3569	3548	3458	3268	3034	2799	2584	2454	2364	2374	2499	2750	3083	3379	3615	3632	3592	3441	3241	3052	2833	2611	2451	2305	2148	
171	746	94.9	95.0	1	0	0	2	912	1037	1374	1829	2519	3092	3474	3535	3543	3419	3288	3006	2776	2585	2444	2353	2336	2494	2758	3060	3399	3583	3629	3558	3444	3250	3032	2845	2612	2448	2299	2145	
171	763	94.9	95.0	1	0	0	2	925	1047	1380	1911	2552	3130	3482	3550	3497	3452	3297	3043	2819	2623	2427	2352	2356	2480	2765	3058	3414	3606	3592	3557	3469	3265	3072	2825	2627	2457	2315	2144	
171	781	95.0	95.0	1	0	0	2	924	1048	1391	1909	2549	3132	3444	3541	3539	3456	3266	3020	2817	2617	2443	2355	2334	2476	2766	3080	3425	3609	3633	3606	3445	3246	3034	2854	2610	2421	2296	2146	
171	798	94.9	95.0	1	0	0	2	917	1057	1415	1924	2573	3145	3480	3554	3566	3446	3294	3034	2828	2620	2477	2357	2350	2483	2746	3089	3436	3612	3603	3585	3445	3245	3060	2856	2627	2453	2289	2152	
171	815	94.9	95.0	1	0	0	2	936	1052	1386	1925	2557	3121	3489	3539	3578	3465	3264	3090	2827	2644	2442	2373	2358	2487	2735	3087	3400	3633	3624	3571	3427	3243	3037	2842	2633	2447	2274	2161	
171	832	95.0	95.0	1	0	0	2	924	1063	1404	1922	2545	3148	3512	3569	3552	3457	3293	3050	2830	2625	2469	2345	2351	2505	2765	3094	3416	3623	3665	3584	3425	3260	3094	2830	2645	2437	2282	2137	
171	850	95.0	95.0	1	0	0	2	921	1053	1404	1909	2539	3146	3487	3588	3543	3505	3289	3080	2829	2621	2468	2372	2349	2468	2748	3080	3406	3650	3672	3602	3450	3283	3060	2837	2622	2456	2292	2148	
171	867	95.0	95.0	1	0	0	2	913	1054	1390	1919	2586	3114	3477	3597	3545	3471	3252	3025	2815	2599	2445	2356	2362	2511	2736	3056	3397	3624	3621	3598	3441	3243	3036	2813	2612	2442	2302	2155	
171	884	94.9	95.0	1	0	0	2	933	1075	1393	1930	2568	3132	3483	3586	3540	3444	3303	3027	2859	2599	2452	2353	2357	2472	2745	3086	3445	3609	3627	3591	3428	3246	3056	2857	2607	2412	2291	2174	
171	901	95.0	95.0	1	0	0	2	915	1052	1378	1906	2575	3143	3489	3561	3544	3446	3256	3036	2848	2634	2464	2359	2336	2477	2759	3053	3422	3609	3646	3600	3455	3261	3070	2805	2619	2450	2295	2163	
171	919	94.9	95.0	1	0	0	2	925	1043	1403	1912	2557	3117	3475	3566	3514	3445	3273	3039	2824	2584	2443	2362	2372	2504	2751	3091	3378	3629	3594	3583	3442	3249	3067	2834	2615	2459	2286	2141	
171	936	95.0	95.0	1	0	0	2	926	1054	1371	1897	2563	3111	3479	3568	3554	3490	3259	3038	2811	2609	2458	2358	2340	2492	2751	3062	3404	3593	3632	3600	3427	3252	3067	2808	2603	2461	2277	2154	
171	953	95.0	95.0	1	0	0	2	918	1049	1412	1936	2538	3128	3475	3564	3589	3491	3253	3037	2820	2632	2473	2351	2358	2484	2749	3102	3397	3595	3642	3586	3474	3240	3099	2820	2621	2444	2316	2144	
171	970	94.9	95.0	1	0	0	2	933	1062	1394	1896	2542	3146	3493	3588	3584	3449	3292	3068	2843	2640	2425	2347	2333	2486	2744	3106	3411	3669	3604	3616	3417	3232	3058	2880	2631	2451	2281	2149	
171	988	95.0	95.0	1	0	0	2	927	1068	1393	1907	2547	3135	3496	3563	3555	3494	3287	3066	2825	2636	2455	2378	2355	2537	2768	3073	3461	3633	3633	3602	3473	3259	3041	2843	2624	2477	2282	2149	
171	1005	95.0	95.0	1	0	0	2	911	1064	1412	1912	2568	3154	3498	3562	3574	3455	3301	3044	2861	2629	2471	2378	2354	2505	2762	3076	3420	3605	3650	3617	3420	3275	3037	2850	2628	2450	2314	2184	
171	1022	94.9	95.0	1	0	0	2	922	1058	1414	1919	2568	3147	3473	3584	3601	3475	3321	3052	2854	2636	2455	2346	2342	2505	2802	3099	3441	3621	3612	3606	3460	3254	3051	2844	2651	2440	2304	2142	
171	1039	95.0	95.0	1	0	0	2	927	1045	1401	1898	2558	3117	3507	3592	3606	3495	3263	3028	2851	2654	2437	2348	2381	2476	2747	3058	3404	3621	3634	3607	3437	3248	3072	2845	2650	2445	2286	2143	
171	1057	95.0	95.0	1	0	0	2	922	1045	1392	1912	2550	3097	3479	3570	3542	3482	3262	3045	2837	2621	2435	2388	2339	2482	2722	3104	3410	3614	3594	3564	3424	3233	3064	2824	2637	2447	2297	2161	
171	1074	95.0	95.0	1	0	0	2	934	1060	1387	1945	2567	3092	3477	3576	3565	3432	3278	3056	2807	2622	2430	2360	2337	2502	2741	3086	3404	3608	3659	3567	3432	3240	3058	2818	2607	2446	2301	2133	
171	1091	95.0	95.0	1	0	0	2	918	1042	1389	1937	2547	3134	3476	3583	3567	3468	3312	3067	2838	2642	2462	2354	2345	2497	2738	3066	3407	3628	3620	3619	3465	3271	3063	2836	2618	2438	2282	2151	
171	1108	95.0	95.0	1	0	0	2	920	1061	1398	1932	2575	3127	3491	3540	3571	3448	3319	3049	2836	2628	2455	2342	2374	2498	2729	3083	3439	3606	3607	3583	3456	3221	3078	2834	2619	2447	2293	2171	
171	1126	95.0	95.0	1	0	0	2	917	1076	1405	1922	2560	3149	3487	3563	3564	3458	3288	3030	2855	2637	2447	2370	2351	2504	2741	3102	3432	3607	3678	3616	3472	3250	3066	2849	2615	2465	2310	2146	
171	1143	95.0	95.0	1	0	0	2	914	1050	1404	1919	2551	3113	3500	3535	3537	3449	3263	3066	2826	2602	2452	2339	2348	2463	2748	3114	3396	3620	3635	3579	3471	3246	3041	2842	2633	2466	2298	2160	
171	1160	95.0	95.0	1	0	0	2	929	1040	1425	1916	2553	3161	3523	3579	3559	3478	3268	3044	2853	2635	2476	2371	2358	2519	2763	3109	3410	3630	3641	3602	3448	3249	3071	2872	2600	2460	2288	2172	
171	1177	95.0	95.0	1	0	0	2	929	1064	1395	1915	2559	3118	3505	3564	3554	3453	3268	3084	2838	2623	2432	2346	2365	2489	2763	3094	3443	3646	3631	3589	3472	3266	3026	2856	2609	2434	2317	2157	
171	1195	95.0	95.0	1	0	0	2	922	1070	1398	1912	2576	3117	3523	3561	3560	3457	3283	3077	2844	2604	2423	2366	2359	2488	2747	3093	3397	3635	3615	3589	3429	3250	3044	2847	2656	2433	2282	2148	
171	1212	95.0	95.0	1	0	0	2	923	1071	1397	1909	2552	3122	3470	3559	3576	3438	3281	3037	2849	2617	2443	2334	2353	2492	2727	3076	3380	3631	3651	3582	3418	3250	3036	2820	2636	2436	2296	2169	
171	1229	95.0	95.0	1	0	0	2	924	1061	1401	1918	2546	3118	3525	3550	3565	3449	3306	3072	2841	2607	2454	2387	2373	2478	2800	3069	3460	3653	3643	3639	3448	3277	3081	2846	2596	2443	2290	2152	
171	1246	95.0	95.0	1	0	0	2	909	1079	1395	1925	2566	3116	3501	3582	3577	3481	3324	3050	2834	2619	2465	2350	2353	2508	2772	3090	3435	3651	3625	3588	3469	3246	3066	2851	2644	2454	2300	2145	
171	1264	95.0	95.0	1	0	0	2	927	1049	1398	1917	2563	3125	3453	3579	3554	3430	3291	3039	2834	2605	2465	2368	2328	2512	2741	3061	3413	3617	3624	3571	3424	3261	3050	2821	2630	2430	2316	2151	
171	1281	94.9	95.0	1	0	0	2	936	1038	1360	1919	2545	3112	3522	3567	3532	3447	3313	3117	2815	2637	2444	2376	2361	2479	2755	3060	3370	3652	3639	3577	3448	3258	3057	2839	2620	2473	2256	2147	
171	1325	95.0	95.0	1	1	0	2	939	1047	1392	1912	2518	3104	3495	3562	3534	3462	3274	3088	2862	2648	2477	2363	2368	2498	2758	3115	3433	3612	3651	3614	3461	3259	3075	2847	2621	2432	2289	2156	
171	1392	60.0	60.0	1	1	1	2	994	1282	2016	3113	4434	5530	6190	6269	6128	5797	5354	4868	4407	3978	3596	3313	3188	3226	3511	3869	4305	4576	4562	4552	4272	4022	3755	3433	3116	2844	2658	2477	
171	1409	59.9	60.0	1	1	1	2	1004	1285	2027	3103	4440	5516	6118	6179	6095	5826	5351	4882	4413	3968	3580	3295	3161	3227	3465	3845	4297	4560	4515	4508	4297	4012	3692	3365	3133	2862	2598	2458	
171	1426	60.0	60.0	1	1	1	2	994	1294	2034	3113	4391	5538	6183	6227	6042	5801	5392	4852	4433	3927	3591	3348	3213	3204	3476	3853	4289	4515	4582	4485	4285	3988	3721	3414	3093	2833	2648	2442	
171	1444	60.0	60.0	1	1	1	2	1007	1272	2018	3101	4430	5449	6136	6209	6089	5791	5390	4858	4416	3951	3584	3309	3154	3179	3486	3856	4272	4515	4543	4474	4259	4008	3705	3371	3088	2856	2628	2444	
171	1461	60.0	60.0	1	1	1	2	1000	1265	1992	3092	4386	5528	6156	6175	6065	5753	5370	4851	4400	3947	3591	3275	3197	3194	3459	3856	4262	4496	4552	4493	4267	3966	3710	3401	3067	2839	2642	2469	
171	1478	59.9	60.0	1	1	1	2	1006	1300	2002	3104	4427	5512	6149	6174	6098	5750	5365	4865	4410	3924	3582	3306	3130	3207	3445	3838	4311	4500	4535	4436	4249	3970	3689	3397	3064	2853	2641	2459	
171	1495	59.9	60.0	1	1	1	2	1004	1260	2011	3114	4413	5536	6128	6209	6056	5773	5397	4839	4448	3987	3597	3292	3153	3169	3463	3823	4292	4559	4520	4514	4290	3992	3696	3393	3094	2868	2646	2427	
171	1560	95.0	95.1	2	1	0	2	918	1055	1399	1904	2554	3114	3472	3551	3549	3422	3218	3024	2829	2601	2430	2333	2327	2448	2729	3028	3340	3601	3576	3540	3389	3218	3038	2812	2590	2414	2280	2138	
171	1577	95.0	95.0	2	1	0	2	922	1054	1391	1918	2521	3073	3419	3524	3530	3428	3270	2986	2829	2579	2421	2332	2316	2460	2719	3027	3374	3563	3535	3543	3404	3178	2988	2801	2562	2416	2259	2137	
171	1640	59.9	60.1	2	1	1	2	986	1250	1976	3076	4365	5429	6061	6086	5979	5696	5286	4800	4350	3878	3555	3265	3125	3151	3422	3790	4223	4501	4427	4425	4194	3946	3672	3363	3072	2820	2648	2419	
171	1657	60.0	60.0	2	1	1	2	1011	1267	1998	3063	4325	5401	6049	6061	5965	5645	5263	4785	4292	3895	3508	3244	3113	3167	3397	3775	4209	4453	4504	4432	4221	3927	3684	3342	3046	2826	2575	2411	
171	1675	59.9	60.0	2	1	1	2	999	1231	1997	3048	4315	5406	6009	6076	5911	5677	5260	4753	4322	3893	3528	3255	3120	3165	3400	3778	4192	4462	4455	4382	4198	3901	3652	3339	3036	2828	2582	2426	
171	1692	59.9	60.0	2	1	1	2	1006	1284	1980	3069	4312	5434	6064	6067	5965	5625	5207	4794	4330	3882	3492	3238	3096	3162	3391	3814	4182	4475	4439	4393	4210	3930	3668	3348	3040	2800	2600	2453	
171	1709	60.0	60.0	2	1	1	2	1000	1263	2005	3028	4339	5417	5998	6044	5937	5581	5240	4761	4328	3860	3506	3230	3075	3126	3360	3765	4209	4459	4469	4421	4190	3949	3633	3350	3049	2814	2610	2420	
171	1726	60.0	60.0	2	1	1	2	995	1249	1994	3056	4317	5389	6049	6062	5900	5672	5245	4755	4313	3854	3475	3251	3076	3151	3411	3752	4141	4490	4496	4384	4205	3909	3677	3342	3031	2798	2632	2433	
171	1744	60.0	60.0	2	1	1	2	997	1260	1980	3068	4330	5343	6027	6080	5909	5591	5271	4756	4301	3865	3517	3260	3081	3155	3389	3745	4189	4435	4427	4371	4246	3911	3638	3332	3037	2789	2563	2433	
171	1806	95.0	95.1	3	1	0	2	917	1061	1352	1911	2569	3114	3446	3525	3553	3438	3257	3030	2787	2597	2438	2337	2324	2470	2728	3078	3357	3572	3525	3506	3374	3205	3010	2786	2573	2400	2270	2120	
171	1823	95.0	95.0	3	1	0	2	913	1040	1385	1881	2541	3095	3446	3545	3544	3403	3248	3014	2824	2580	2452	2327	2325	2459	2687	3020	3357	3558	3580	3548	3371	3222	2993	2789	2576	2400	2201	2117	
171	1888	59.9	60.0	3	1	1	2	992	1272	1978	3040	4270	5324	6002	6045	5888	5609	5169	4748	4309	3862	3471	3212	3062	3118	3390	3757	4127	4384	4424	4360	4164	3873	3633	3315	2973	2777	2574	2415	
171	1905	59.9	60.0	3	1	1	2	985	1264	1966	3033	4298	5399	6020	6011	5900	5620	5204	4762	4331	3859	3512	3240	3073	3145	3365	3768	4152	4396	4489	4386	4152	3891	3646	3316	3013	2799	2586	2415	
171	1923	59.9	60.0	3	1	1	2	1019	1252	1971	3034	4328	5386	6029	6055	5943	5638	5204	4722	4296	3935	3507	3244	3089	3140	3394	3792	4168	4421	4467	4361	4188	3894	3609	3333	3001	2783	2614	2387	
171	1940	59.9	60.0	3	1	1	2	999	1282	1992	3052	4283	5393	6021	6086	5893	5616	5235	4752	4328	3875	3537	3260	3095	3126	3402	3745	4173	4435	4430	4378	4161	3933	3629	3307	3035	2797	2599	2423	
171	1957	60.0	60.0	3	1	1	2	1003	1247	1970	3049	4281	5374	6020	6077	5931	5632	5229	4735	4319	3896	3489	3235	3082	3137	3410	3727	4169	4413	4461	4344	4156	3883	3631	3323	3048	2767	2610	2418	
171	1974	60.0	60.0	3	1	1	2	994	1248	1970	3034	4317	5420	6032	6028	5945	5671	5209	4743	4289	3885	3522	3248	3098	3136	3426	3792	4175	4441	4409	4396	4177	3913	3620	3352	3012	2787	2618	2414	
171	1992	60.0	60.0	3	1	1	2	994	1282	1976	3059	4313	5362	6007	6023	5913	5587	5204	4734	4321	3837	3480	3232	3079	3124	3382	3747	4131	4437	4478	4398	4182	3894	3613	3302	2990	2790	2601	2424	
171	2054	95.0	95.1	4	1	0	2	910	1060	1388	1909	2523	3111	3518	3553	3542	3433	3266	3047	2842	2605	2417	2312	2334	2459	2700	3031	3352	3551	3611	3525	3369	3186	2998	2781	2597	2405	2261	2114	
171	2071	95.0	95.0	4	1	0	2	932	1081	1399	1881	2559	3074	3481	3566	3527	3433	3206	3030	2807	2583	2434	2296	2315	2472	2747	3032	3316	3555	3526	3556	3350	3195	3013	2778	2591	2404	2244	2142	
171	2134	59.9	60.1	4	1	1	2	987	1265	1979	2989	4294	5335	5931	5984	5897	5562	5177	4708	4283	3814	3501	3216	3062	3128	3393	3738	4137	4433	4412	4365	4144	3880	3628	3321	2995	2760	2601	2402	
171	2151	60.0	60.0	4	1	1	2	991	1243	1942	2998	4259	5301	5884	5960	5877	5548	5173	4698	4261	3829	3467	3208	3050	3143	3358	3695	4141	4403	4395	4343	4166	3857	3606	3277	2994	2770	2572	2405	
171	2169	59.9	60.0	4	1	1	2	987	1250	1959	3022	4260	5353	5973	6022	5878	5569	5231	4724	4286	3837	3494	3236	3068	3137	3353	3770	4173	4398	4444	4343	4178	3881	3621	3294	3010	2798	2586	2399	
171	2186	60.0	60.0	4	1	1	2	996	1266	1977	3007	4302	5360	6019	6039	5941	5630	5215	4734	4274	3856	3535	3240	3079	3134	3376	3742	4129	4430	4417	4366	4190	3915	3612	3304	3025	2756	2584	2397	
171	2203	59.9	60.0	4	1	1	2	986	1262	1976	3051	4343	5362	5971	6022	5854	5602	5206	4725	4274	3868	3488	3226	3070	3131	3375	3764	4136	4440	4440	4398	4181	3852	3597	3321	3052	2761	2565	2392	
171	2220	60.0	60.0	4	1	1	2	1002	1243	1966	3017	4314	5347	6002	5966	5923	5594	5182	4721	4309	3857	3507	3201	3050	3106	3369	3735	4146	4387	4426	4377	4157	3881	3604	3331	3008	2773	2612	2385	
171	2238	59.9	60.0	4	1	1	2	997	1277	1989	3010	4263	5312	6015	6024	5835	5564	5226	4696	4277	3845	3484	3200	3080	3119	3413	3753	4141	4386	4413	4349	4195	3874	3591	3316	3011	2777	2567	2421	
171	2300	95.0	95.0	5	1	0	2	919	1058	1387	1896	2550	3099	3459	3559	3517	3442	3233	3046	2783	2608	2441	2339	2342	2463	2705	3022	3374	3577	3577	3545	3380	3177	3013	2748	2558	2405	2252	2140	
171	2380	59.9	60.1	5	1	1	2	1001	1253	1966	3026	4271	5303	5918	5943	5844	5598	5157	4722	4242	3829	3505	3201	3045	3091	3349	3709	4132	4396	4412	4394	4161	3863	3583	3301	3007	2783	2575	2399	
171	2398	59.9	60.0	5	1	1	2	995	1255	1964	3014	4271	5315	5931	5978	5823	5566	5144	4687	4248	3828	3444	3186	3055	3099	3374	3741	4110	4385	4388	4323	4132	3862	3595	3281	2995	2750	2568	2389	
171	2415	59.9	60.0	5	1	1	2	979	1246	1973	3022	4253	5378	5937	5998	5856	5582	5217	4730	4263	3854	3471	3181	3053	3101	3397	3728	4157	4447	4414	4373	4127	3860	3573	3329	3032	2769	2595	2414	
171	2432	60.0	60.0	5	1	1	2	1008	1248	1967	2993	4272	5304	5993	5952	5870	5580	5145	4713	4256	3840	3485	3179	3039	3111	3364	3734	4095	4385	4426	4356	4158	3836	3600	3296	2982	2756	2571	2396	
171	2449	59.9	60.0	5	1	1	2	1006	1258	1961	2988	4228	5339	5927	5992	5839	5538	5139	4701	4260	3839	3444	3203	3042	3117	3338	3739	4129	4327	4372	4356	4144	3868	3560	3291	2981	2755	2536	2380	
171	2467	60.0	60.0	5	1	1	2	988	1269	1966	2999	4225	5295	5947	5960	5827	5544	5163	4684	4235	3780	3463	3204	3060	3112	3361	3725	4103	4383	4381	4329	4119	3857	3595	3274	2993	2775	2548	2405	
171	2484	59.9	60.0	5	1	1	2	1007	1269	1948	2973	4278	5319	5915	5956	5832	5564	5157	4671	4287	3829	3485	3204	3059	3077	3336	3711	4089	4393	4375	4336	4148	3862	3567	3282	3004	2730	2573	2387	
171	2546	95.1	95.1	6	1	0	2	922	1034	1390	1920	2533	3104	3434	3514	3515	3433	3270	3014	2791	2575	2416	2333	2329	2459	2708	3037	3313	3525	3533	3508	3369	3170	3002	2756	2571	2411	2232	2081	
171	2626	59.9	60.1	6	1	1	2	982	1291	1969	3046	4270	5339	5958	6011	5859	5569	5183	4692	4264	3850	3484	3245	3055	3113	3366	3748	4126	4386	4403	4342	4192	3857	3593	3276	3033	2767	2577	2408	
171	2644	59.9	60.0	6	1	1	2	988	1254	1969	3003	4280	5287	5959	5945	5840	5577	5166	4695	4287	3790	3483	3196	3036	3100	3379	3719	4121	4359	4416	4356	4141	3853	3631	3271	3005	2783	2581	2411	
171	2661	60.0	60.0	6	1	1	2	991	1290	1972	3025	4284	5353	6001	6008	5867	5602	5183	4699	4333	3847	3492	3197	3067	3153	3404	3723	4127	4387	4428	4362	4154	3861	3620	3308	3020	2810	2586	2414	
171	2678	59.9	60.0	6	1	1	2	1000	1258	1952	3025	4291	5403	5958	6014	5825	5558	5180	4676	4263	3849	3453	3203	3044	3101	3336	3748	4139	4407	4438	4395	4116	3890	3579	3288	3010	2768	2603	2397	
171	2695	59.9	60.0	6	1	1	2	990	1268	1970	3009	4271	5320	5904	5964	5871	5567	5163	4666	4263	3845	3455	3174	3076	3129	3322	3739	4132	4379	4381	4338	4134	3849	3586	3289	3021	2770	2577	2374	
171	2713	60.0	60.0	6	1	1	2	994	1265	1959	3001	4235	5349	5937	5960	5810	5584	5167	4713	4258	3793	3452	3224	3041	3114	3375	3704	4106	4353	4405	4334	4161	3865	3576	3278	2983	2757	2573	2384	
171	2730	59.9	60.0	6	1	1	2	1001	1252	1949	3017	4270	5337	5935	6038	5850	5561	5149	4693	4282	3837	3483	3192	3077	3092	3369	3709	4140	4380	4384	4331	4124	3851	3612	3268	2988	2761	2568	2400	
171	2794	95.0	95.1	7	1	0	2	912	1049	1377	1912	2561	3102	3456	3516	3518	3419	3228	3000	2780	2561	2390	2320	2318	2431	2683	3010	3316	3561	3556	3492	3361	3140	2988	2785	2545	2387	2257	2126	
171	2874	59.9	60.1	7	1	1	2	996	1244	1921	2991	4225	5293	5914	5942	5816	5484	5155	4607	4256	3817	3442	3184	3071	3101	3367	3750	4108	4375	4381	4317	4131	3868	3591	3317	2984	2734	2564	2399	
171	2892	59.9	60.0	7	1	1	2	988	1255	1954	3009	4249	5327	5902	5871	5866	5582	5150	4669	4207	3805	3432	3172	3036	3116	3353	3703	4144	4371	4401	4313	4134	3828	3556	3294	2982	2737	2563	2398	
171	2909	60.0	60.0	7	1	1	2	975	1267	1960	2958	4273	5320	5916	5941	5841	5526	5173	4693	4267	3804	3481	3190	3048	3091	3350	3756	4125	4344	4426	4280	4152	3873	3608	3265	2982	2743	2550	2388	
171	2926	60.0	60.0	7	1	1	2	978	1263	1987	3010	4234	5292	5910	5964	5846	5550	5129	4650	4232	3778	3466	3203	3028	3101	3338	3705	4102	4321	4417	4333	4115	3850	3585	3273	2995	2734	2556	2382	
171	2943	60.0	60.0	7	1	1	2	989	1247	1949	2997	4223	5293	5963	5932	5800	5551	5132	4701	4267	3815	3468	3181	3040	3125	3316	3696	4099	4369	4413	4339	4103	3826	3587	3267	2990	2751	2542	2367	
171	2961	60.0	60.0	7	1	1	2	995	1258	1951	3010	4261	5323	5899	5910	5780	5518	5092	4639	4232	3805	3450	3175	3019	3100	3364	3691	4111	4344	4342	4252	4086	3813	3584	3263	2990	2714	2543	2386	
171	2978	60.0	60.0	7	1	1	2	998	1255	1954	3005	4250	5298	5938	5902	5815	5503	5144	4666	4231	3796	3438	3188	3058	3080	3316	3684	4091	4376	4365	4301	4128	3837	3560	3285	2976	2753	2544	2367	
171	3042	95.0	95.1	8	1	0	2	913	1055	1377	1916	2482	3070	3432	3459	3467	3408	3213	3003	2770	2579	2373	2292	2300	2412	2661	3005	3275	3496	3496	3492	3306	3139	2976	2733	2546	2361	2240	2073	
171	3123	60.0	60.0	8	1	1	2	1003	1248	1942	2976	4186	5230	5885	5920	5778	5493	5059	4619	4241	3758	3413	3166	3043	3067	3310	3669	4063	4297	4333	4282	4107	3791	3570	3255	2945	2721	2556	2410	
171	3140	59.9	60.0	8	1	1	2	993	1245	1957	2964	4179	5222	5873	5864	5769	5469	5069	4577	4168	3772	3414	3165	3018	3043	3304	3676	4112	4313	4281	4280	4049	3824	3580	3252	3005	2706	2556	2344	
171	3157	59.9	60.0	8	1	1	2	988	1247	1959	2977	4210	5292	5859	5859	5769	5510	5041	4643	4215	3822	3449	3151	3048	3063	3341	3670	4035	4292	4366	4287	4069	3853	3543	3216	2965	2743	2544	2360	
171	3174	60.0	60.0	8	1	1	2	986	1234	1954	2952	4223	5216	5814	5860	5727	5445	5116	4600	4218	3747	3413	3151	2998	3066	3305	3676	4019	4326	4330	4255	4102	3783	3517	3244	2939	2723	2543	2346	
171	3192	59.9	60.0	8	1	1	2	990	1239	1923	2987	4158	5282	5820	5848	5748	5485	5100	4594	4204	3702	3445	3133	3029	3047	3310	3696	4045	4326	4328	4262	4082	3793	3574	3212	2923	2728	2541	2363	
171	3209	59.9	60.0	8	1	1	2	1002	1245	1918	2946	4140	5255	5855	5860	5726	5467	5060	4579	4168	3763	3410	3132	3006	3027	3298	3661	4063	4301	4321	4239	4071	3765	3509	3223	2956	2732	2542	2351	
171	3226	59.9	60.0	8	1	1	2	984	1248	1919	2953	4192	5199	5792	5838	5752	5458	5058	4584	4164	3729	3384	3169	3005	3080	3278	3645	4006	4258	4306	4249	4054	3758	3551	3234	2926	2728	2550	2339	
171	3289	95.0	95.0	9	1	0	2	904	1047	1374	1851	2505	3044	3382	3484	3459	3359	3189	2964	2743	2541	2380	2276	2259	2404	2660	2966	3277	3468	3442	3463	3262	3112	2953	2710	2515	2338	2232	2076	
171	3369	60.0	60.1	9	1	1	2	997	1258	1914	2971	4161	5247	5842	5876	5773	5491	5103	4620	4236	3781	3419	3161	3013	3046	3286	3681	4058	4318	4323	4293	4051	3813	3537	3259	2970	2737	2517	2389	
171	3386	59.9	60.0	9	1	1	2	989	1251	1950	3016	4189	5274	5851	5924	5833	5516	5088	4632	4232	3784	3433	3180	3026	3053	3301	3667	4107	4334	4370	4321	4107	3790	3560	3253	2938	2723	2545	2376	
171	3403	60.0	60.0	9	1	1	2	983	1238	1948	2968	4183	5285	5879	5953	5779	5479	5111	4655	4162	3783	3415	3152	3005	3070	3319	3676	4063	4354	4360	4250	4078	3821	3564	3262	2944	2754	2565	2352	
171	3420	60.0	60.0	9	1	1	2	1001	1232	1963	3007	4255	5262	5896	5964	5796	5531	5121	4632	4237	3803	3444	3160	3050	3089	3319	3650	4088	4334	4379	4289	4118	3824	3568	3265	2956	2731	2548	2374	
171	3438	59.9	60.0	9	1	1	2	985	1253	1941	2978	4197	5228	5864	5908	5732	5488	5089	4587	4168	3800	3422	3178	3020	3058	3280	3642	4054	4326	4347	4261	4072	3821	3516	3238	2951	2723	2570	2338	
171	3455	60.0	60.0	9	1	1	2	989	1263	1935	2969	4177	5214	5855	5891	5751	5457	5078	4613	4163	3752	3425	3153	2993	3034	3288	3626	4078	4285	4347	4265	4077	3788	3511	3232	2933	2749	2554	2382	
171	3472	60.0	60.0	9	1	1	2	992	1237	1940	3021	4227	5263	5866	5856	5773	5500	5092	4623	4172	3798	3424	3175	3014	3068	3325	3687	4082	4298	4341	4286	4115	3840	3542	3212	2956	2715	2547	2353	
171	3535	95.0	95.0	10	1	0	2	926	1045	1383	1886	2502	3054	3410	3468	3467	3356	3206	2972	2746	2550	2374	2293	2321	2423	2646	2956	3290	3482	3463	3441	3326	3107	2908	2737	2513	2360	2202	2089	
171	3615	59.9	60.1	10	1	1	2	983	1240	1934	2952	4144	5194	5812	5841	5687	5392	5043	4566	4132	3728	3369	3136	2948	3037	3271	3636	3994	4267	4283	4208	4008	3782	3505	3221	2929	2693	2515	2346	
171	3632	59.9	60.0	10	1	1	2	992	1244	1935	2936	4206	5185	5782	5798	5691	5408	5079	4545	4147	3752	3379	3126	2978	3032	3253	3643	4038	4268	4287	4227	4048	3782	3494	3229	2914	2703	2522	2343	
171	3649	59.9	60.0	10	1	1	2	1001	1252	1920	2949	4179	5236	5795	5873	5709	5430	5059	4615	4168	3761	3423	3159	3026	3059	3263	3678	4017	4291	4323	4227	4052	3772	3532	3209	2919	2714	2528	2358	
171	3666	59.9	60.0	10	1	1	2	990	1263	1932	2954	4182	5237	5844	5895	5759	5458	5094	4621	4228	3738	3426	3147	3017	3044	3287	3633	4053	4327	4338	4278	4035	3814	3504	3241	2933	2710	2537	2385	
171	3684	59.9	60.0	10	1	1	2	1003	1240	1927	2943	4111	5207	5799	5802	5701	5401	5048	4542	4100	3709	3370	3117	2990	3059	3262	3648	4010	4244	4263	4227	4019	3752	3516	3205	2936	2707	2514	2360	
171	3701	60.0	60.0	10	1	1	2	998	1234	1950	2949	4146	5218	5799	5840	5660	5395	5037	4560	4134	3733	3361	3142	2969	3002	3227	3653	3994	4248	4302	4228	4007	3804	3514	3208	2961	2698	2539	2349	
171	3718	60.0	60.0	10	1	1	2	1012	1239	1925	2928	4170	5250	5786	5765	5689	5355	4998	4523	4132	3701	3377	3129	2973	3007	3269	3642	3997	4242	4291	4212	4007	3755	3478	3203	2929	2716	2544	2323	
171	3781	94.9	95.0	11	1	0	2	916	1054	1384	1875	2484	3016	3393	3445	3454	3330	3157	2933	2720	2517	2354	2281	2268	2402	2635	2982	3237	3439	3443	3399	3288	3156	2946	2701	2499	2333	2210	2073	
171	3861	59.9	60.1	11	1	1	2	987	1234	1906	2913	4104	5176	5720	5783	5631	5396	4979	4534	4100	3750	3356	3120	2988	3015	3273	3599	4021	4267	4262	4149	4001	3759	3487	3177	2912	2695	2483	2334	
171	3878	59.9	60.0	11	1	1	2	979	1249	1922	2970	4138	5148	5745	5784	5661	5374	4995	4585	4126	3718	3350	3103	3001	2987	3245	3580	3972	4250	4269	4197	4033	3729	3463	3200	2944	2696	2507	2341	
171	3895	59.9	60.0	11	1	1	2	987	1242	1920	2967	4172	5195	5758	5777	5682	5384	5028	4583	4081	3743	3371	3126	2935	3045	3248	3628	4001	4296	4323	4217	4034	3760	3517	3194	2892	2670	2537	2333	
171	3913	60.0	60.0	11	1	1	2	989	1252	1935	2937	4171	5168	5755	5822	5653	5395	5036	4577	4125	3755	3394	3132	2990	3036	3253	3615	4020	4257	4284	4246	4000	3757	3468	3203	2918	2681	2514	2330	
171	3930	60.0	60.0	11	1	1	2	984	1248	1891	2905	4125	5172	5786	5768	5668	5403	4984	4555	4112	3709	3400	3102	2970	3030	3256	3603	3979	4291	4282	4229	3974	3749	3474	3208	2908	2685	2495	2307	
171	3947	60.0	60.0	11	1	1	2	989	1245	1927	2944	4106	5151	5752	5803	5649	5355	5027	4533	4143	3712	3371	3106	2953	3043	3268	3609	3961	4261	4271	4213	3992	3732	3488	3196	2908	2685	2501	2348	
171	3964	60.0	60.0	11	1	1	2	980	1254	1941	2936	4111	5136	5741	5782	5639	5352	4988	4540	4106	3674	3362	3080	2973	3000	3255	3603	4002	4253	4267	4180	3983	3698	3484	3191	2891	2674	2507	2339	
171	4029	94.9	95.1	12	1	0	2	929	1036	1362	1886	2464	3025	3360	3438	3424	3338	3188	2912	2719	2467	2377	2270	2266	2404	2636	2926	3251	3435	3435	3446	3276	3050	2929	2696	2508	2353	2200	2054	
171	4109	60.0	60.1	12	1	1	2	977	1240	1915	2933	4090	5173	5775	5755	5618	5388	5009	4546	4148	3681	3374	3126	2970	3013	3233	3636	4003	4225	4285	4227	4006	3767	3491	3223	2947	2723	2479	2349	
171	4126	59.9	60.0	12	1	1	2	995	1225	1933	2949	4126	5209	5760	5824	5689	5400	5029	4573	4127	3733	3391	3113	2980	3052	3273	3633	4012	4277	4268	4215	4015	3768	3504	3209	2901	2695	2504	2333	
171	4143	60.0	60.0	12	1	1	2	987	1241	1948	2943	4134	5171	5829	5839	5707	5430	5016	4547	4190	3741	3428	3138	2977	3013	3305	3636	4002	4286	4284	4237	4032	3720	3491	3241	2902	2707	2496	2368	
171	4161	60.0	60.0	12	1	1	2	969	1240	1923	2920	4161	5142	5728	5814	5664	5367	4965	4514	4142	3743	3373	3088	2981	3026	3255	3628	3982	4276	4274	4252	4038	3764	3500	3210	2935	2682	2530	2353	
171	4178	59.9	60.0	12	1	1	2	982	1260	1942	2946	4113	5178	5758	5834	5694	5349	5049	4517	4143	3711	3348	3109	2999	3015	3270	3619	4016	4279	4304	4214	4001	3780	3495	3213	2944	2714	2514	2354	
171	4195	60.0	60.0	12	1	1	2	980	1264	1907	2916	4129	5136	5714	5802	5677	5380	4992	4526	4070	3674	3344	3139	2952	3027	3247	3625	3987	4229	4258	4237	3966	3753	3505	3195	2912	2683	2499	2340	
171	4212	60.0	60.0	12	1	1	2	1001	1241	1927	2915	4160	5140	5796	5803	5697	5405	5034	4560	4154	3710	3374	3138	3017	3040	3263	3603	3959	4246	4275	4216	4028	3723	3472	3165	2892	2693	2498	2357	
171	4275	95.0	95.0	13	1	0	2	908	1037	1359	1868	2458	3023	3358	3405	3416	3285	3183	2948	2737	2522	2346	2282	2245	2368	2647	2950	3220	3397	3456	3371	3242	3068	2871	2705	2509	2346	2184	2057	
171	4355	59.9	60.1	13	1	1	2	980	1234	1906	2932	4093	5102	5737	5795	5658	5393	4973	4506	4104	3708	3357	3092	2978	3031	3246	3606	4000	4262	4224	4196	4019	3776	3464	3181	2886	2673	2526	2316	
171	4372	59.9	60.0	13	1	1	2	990	1284	1919	2961	4170	5174	5784	5742	5682	5395	4985	4509	4126	3698	3367	3111	2961	3027	3248	3640	4003	4243	4286	4181	3987	3738	3471	3212	2930	2688	2512	2326	
171	4390	60.0	60.0	13	1	1	2	986	1242	1913	2932	4120	5195	5735	5773	5632	5415	5038	4578	4144	3774	3377	3108	2990	3025	3273	3612	3991	4247	4310	4310	4036	3775	3493	3209	2925	2701	2509	2340	
171	4407	59.9	60.0	13	1	1	2	974	1276	1892	2925	4162	5127	5746	5807	5642	5408	5005	4589	4137	3716	3371	3114	2964	3051	3254	3621	3996	4224	4253	4195	4014	3738	3470	3164	2918	2686	2493	2318	
171	4424	59.9	60.0	13	1	1	2	990	1233	1922	2931	4108	5133	5756	5742	5602	5350	4984	4504	4110	3694	3365	3079	2969	3020	3279	3613	3975	4205	4209	4184	3988	3743	3473	3220	2886	2678	2481	2355	
171	4441	59.9	60.0	13	1	1	2	986	1243	1922	2969	4130	5198	5722	5719	5654	5350	4979	4541	4138	3663	3384	3117	2967	3043	3247	3632	3967	4263	4268	4192	4026	3738	3488	3186	2937	2680	2518	2357	
171	4459	59.9	60.0	13	1	1	2	984	1261	1917	2945	4132	5169	5738	5719	5627	5379	4963	4497	4084	3710	3384	3080	2920	3012	3237	3581	3989	4214	4249	4194	3974	3736	3476	3191	2877	2686	2488	2345	
171	4521	95.0	95.0	14	1	0	2	918	1036	1369	1871	2482	2965	3327	3384	3411	3301	3120	2915	2679	2508	2344	2240	2280	2387	2650	2922	3232	3409	3454	3397	3267	3077	2907	2705	2484	2337	2190	2036	
171	4601	59.9	60.1	14	1	1	2	986	1230	1919	2907	4103	5169	5784	5745	5578	5375	4962	4520	4139	3674	3364	3094	2940	3015	3231	3635	4003	4202	4265	4186	4012	3750	3508	3168	2918	2641	2526	2322	
171	4618	59.9	60.0	14	1	1	2	979	1240	1909	2896	4119	5117	5731	5745	5637	5348	5008	4532	4105	3692	3346	3083	2966	3000	3226	3607	3976	4231	4264	4179	4026	3760	3474	3214	2900	2698	2512	2331	
171	4636	59.9	60.0	14	1	1	2	981	1237	1924	2919	4129	5181	5759	5746	5630	5355	4997	4534	4133	3716	3359	3092	2957	3022	3214	3590	4001	4236	4250	4192	4026	3712	3494	3197	2898	2672	2496	2332	
171	4653	60.0	60.0	14	1	1	2	995	1238	1925	2928	4092	5108	5743	5751	5636	5343	4949	4506	4093	3703	3346	3093	2939	2990	3259	3579	3925	4257	4267	4161	3994	3757	3461	3182	2915	2686	2504	2337	
171	4670	60.0	60.0	14	1	1	2	984	1249	1891	2904	4084	5152	5669	5735	5620	5375	4957	4524	4092	3685	3337	3106	2916	3034	3215	3589	3947	4200	4262	4152	4000	3723	3484	3152	2909	2692	2479	2311	
171	4687	59.9	60.0	14	1	1	2	983	1240	1920	2911	4139	5143	5740	5751	5609	5326	5005	4513	4145	3693	3366	3110	2957	3018	3216	3596	3978	4228	4261	4184	3997	3745	3473	3188	2890	2688	2484	2304	
171	4705	60.0	60.0	14	1	1	2	991	1245	1907	2942	4146	5122	5713	5742	5634	5363	4972	4515	4135	3708	3372	3120	2950	3023	3226	3621	4011	4252	4238	4197	4009	3734	3469	3192	2906	2666	2488	2327	
171	4767	95.0	95.0	15	1	0	2	909	1049	1355	1854	2457	2992	3337	3400	3411	3337	3121	2943	2751	2538	2333	2260	2242	2370	2649	2930	3241	3404	3461	3434	3254	3085	2913	2707	2465	2342	2164	2054	
171	4847	60.0	60.1	15	1	1	2	967	1245	1909	2923	4116	5122	5704	5768	5630	5319	4962	4478	4105	3706	3382	3051	2929	2997	3245	3599	3997	4182	4241	4184	3982	3747	3452	3197	2883	2645	2506	2323	
171	4865	60.0	60.0	15	1	1	2	989	1215	1906	2918	4090	5119	5734	5721	5611	5377	4981	4536	4064	3706	3362	3085	2969	3032	3279	3621	3964	4238	4257	4205	3988	3748	3499	3174	2899	2696	2493	2319	
171	4882	60.0	60.0	15	1	1	2	980	1245	1914	2951	4136	5155	5763	5788	5663	5415	5045	4591	4134	3715	3397	3144	2953	3034	3265	3633	3980	4248	4258	4189	4015	3740	3501	3201	2888	2691	2522	2322	
171	4899	60.0	60.0	15	1	1	2	973	1249	1938	2941	4126	5142	5751	5754	5660	5375	5005	4566	4166	3746	3375	3104	2987	3040	3234	3582	3961	4246	4298	4207	4018	3775	3484	3207	2907	2682	2507	2360	
171	4916	59.9	60.0	15	1	1	2	982	1253	1923	2907	4126	5144	5729	5730	5623	5322	4999	4504	4126	3687	3326	3091	2961	3025	3240	3566	3973	4221	4200	4224	4034	3728	3506	3198	2917	2669	2521	2295	
171	4934	60.0	60.0	15	1	1	2	979	1255	1912	2890	4133	5169	5638	5760	5634	5312	4959	4483	4079	3712	3356	3115	2963	3015	3244	3648	3961	4238	4248	4215	3983	3738	3476	3207	2881	2667	2508	2355	
171	4951	60.0	60.0	15	1	1	2	985	1260	1915	2910	4112	5157	5710	5715	5627	5383	4964	4529	4113	3701	3338	3071	2951	3044	3237	3580	3976	4238	4238	4213	4000	3769	3422	3185	2874	2686	2494	2329	
171	5013	94.9	95.0	16	1	0	2	932	1040	1360	1850	2458	2982	3349	3401	3397	3329	3087	2916	2707	2523	2341	2273	2261	2377	2616	2915	3205	3403	3424	3360	3243	3042	2880	2680	2490	2320	2170	2048	
171	5093	59.9	60.1	16	1	1	2	976	1223	1902	2933	4088	5127	5707	5754	5634	5312	4966	4531	4090	3682	3346	3075	2940	3002	3258	3583	3999	4220	4261	4172	4010	3700	3446	3175	2893	2674	2484	2333	
171	5111	60.0	60.0	16	1	1	2	989	1234	1908	2936	4091	5104	5678	5704	5616	5349	4943	4517	4092	3683	3356	3096	2979	3032	3230	3612	3979	4237	4258	4192	3980	3719	3478	3171	2888	2655	2489	2314	
171	5128	59.9	60.0	16	1	1	2	993	1243	1914	2919	4114	5136	5709	5755	5629	5344	4992	4544	4084	3692	3363	3086	2897	3016	3244	3578	3984	4224	4268	4176	3991	3707	3461	3188	2883	2682	2483	2332	
171	5145	60.0	60.0	16	1	1	2	981	1249	1928	2903	4110	5138	5668	5764	5615	5336	4958	4487	4109	3702	3340	3078	2954	2996	3242	3579	3955	4235	4217	4201	3978	3753	3492	3131	2903	2682	2516	2317	
171	5162	60.0	60.0	16	1	1	2	974	1239	1909	2899	4134	5139	5693	5738	5608	5375	4950	4487	4108	3666	3353	3082	2954	3016	3211	3564	3974	4192	4257	4155	3962	3686	3440	3174	2888	2684	2498	2317	
171	5180	60.0	60.0	16	1	1	2	986	1232	1906	2910	4118	5111	5713	5724	5594	5359	4941	4482	4093	3672	3338	3077	2929	2996	3218	3604	3947	4201	4255	4144	3975	3738	3453	3164	2838	2690	2468	2333	
171	5197	60.0	60.0	16	1	1	2	984	1244	1907	2906	4095	5101	5673	5700	5615	5302	4918	4506	4071	3675	3349	3088	2919	2977	3231	3558	3931	4196	4241	4174	3963	3698	3442	3154	2859	2660	2452	2309	
171	5259	95.0	95.1	17	1	0	2	913	1038	1355	1851	2451	2988	3274	3394	3366	3277	3139	2905	2698	2426	2320	2262	2207	2364	2600	2902	3190	3371	3385	3365	3210	3056	2899	2659	2515	2304	2184	2051	
171	5339	60.0	60.1	17	1	1	2	998	1256	1892	2904	4093	5044	5713	5676	5579	5341	4951	4500	4097	3636	3327	3055	2959	2993	3245	3584	3977	4189	4213	4167	3928	3718	3482	3153	2888	2651	2480	2326	
171	5357	59.9	60.0	17	1	1	2	970	1263	1912	2894	4098	5083	5699	5715	5646	5348	4961	4496	4090	3683	3311	3091	2953	3001	3231	3585	3964	4168	4215	4177	3976	3729	3432	3170	2889	2664	2517	2312	
171	5374	59.9	60.0	17	1	1	2	995	1247	1908	2944	4095	5093	5746	5747	5618	5356	4996	4522	4096	3697	3312	3104	2958	3000	3297	3587	3973	4197	4258	4146	3964	3703	3483	3178	2901	2672	2490	2336	
171	5391	59.9	60.0	17	1	1	2	992	1238	1894	2945	4077	5147	5697	5744	5670	5321	4957	4517	4124	3670	3350	3081	2989	3008	3242	3627	4000	4217	4248	4175	3969	3734	3462	3196	2904	2670	2497	2322	
171	5408	60.0	60.0	17	1	1	2	988	1240	1914	2889	4110	5121	5701	5723	5629	5350	4980	4481	4072	3670	3365	3092	2971	3010	3181	3596	3951	4229	4256	4165	4011	3707	3501	3187	2885	2680	2478	2325	
171	5426	60.0	60.0	17	1	1	2	981	1236	1915	2907	4071	5135	5690	5693	5611	5305	4950	4528	4085	3655	3318	3083	2951	2985	3202	3589	3956	4226	4221	4192	3977	3677	3450	3156	2902	2668	2486	2317	
171	5443	59.9	60.0	17	1	1	2	991	1237	1887	2889	4095	5096	5657	5724	5630	5317	4914	4502	4094	3674	3334	3075	2916	2975	3234	3535	3947	4221	4211	4170	3966	3700	3437	3186	2864	2682	2467	2317	
171	5505	95.0	95.0	18	1	0	2	929	1068	1358	1858	2454	2992	3324	3398	3373	3303	3135	2912	2706	2501	2325	2226	2252	2370	2608	2913	3216	3393	3399	3362	3254	3066	2814	2657	2498	2328	2158	2055	
171	5586	59.9	60.0	18	1	1	2	985	1231	1888	2896	4066	5107	5704	5727	5595	5313	4946	4488	4101	3713	3337	3085	2949	2989	3218	3556	3944	4232	4208	4179	3970	3714	3495	3189	2918	2667	2495	2312	
171	5603	59.9	60.0	18	1	1	2	986	1233	1876	2918	4065	5183	5739	5748	5616	5344	4974	4537	4104	3686	3376	3109	2961	2989	3242	3619	3994	4263	4214	4199	3992	3736	3496	3176	2897	2691	2518	2338	
171	5620	60.0	60.0	18	1	1	2	988	1229	1916	2946	4124	5144	5725	5743	5622	5361	4975	4544	4073	3708	3366	3088	2986	3015	3287	3598	3976	4218	4211	4192	3987	3732	3450	3222	2887	2687	2491	2326	
171	5637	60.0	60.0	18	1	1	2	981	1228	1932	2920	4120	5154	5767	5733	5630	5365	4977	4528	4104	3703	3368	3052	2942	2990	3240	3585	3999	4209	4205	4196	3977	3720	3473	3176	2921	2685	2501	2320	
171	5655	60.0	60.0	18	1	1	2	870	1244	1909	2918	4102	5103	5697	5754	5590	5356	4967	4476	4088	3666	3330	3059	2950	3044	3240	3598	3951	4192	4218	4129	3978	3738	3442	3201	2904	2660	2495	2323	
171	5672	60.0	60.0	18	1	1	2	1001	1224	1856	2938	4047	5123	5680	5745	5593	5321	4936	4495	4075	3680	3307	3071	2929	3016	3215	3587	3961	4216	4230	4145	3946	3730	3450	3141	2887	2700	2485	2299	
171	5689	59.9	60.0	18	1	1	2	976	1234	1902	2887	4072	5044	5688	5720	5563	5333	4912	4495	4058	3661	3302	3065	2934	2981	3247	3592	3934	4219	4204	4125	3922	3719	3447	3149	2901	2662	2463	2303	
171	5752	95.0	95.1	19	1	0	2	920	1029	1370	1868	2461	2978	3321	3373	3386	3285	3125	2893	2724	2476	2321	2253	2207	2366	2577	2877	3194	3387	3376	3347	3233	3006	2875	2672	2466	2292	2166	2050	
171	5832	60.0	60.1	19	1	1	2	968	1240	1874	2907	4028	5050	5653	5728	5602	5285	4994	4484	4086	3658	3334	3051	2942	2970	3208	3615	3949	4188	4192	4162	3968	3692	3436	3186	2879	2656	2499	2292	
171	5849	59.9	60.0	19	1	1	2	985	1227	1896	2893	4065	5088	5677	5688	5598	5336	4953	4468	4061	3711	3331	3061	2918	2975	3204	3564	3920	4149	4211	4112	3937	3712	3449	3137	2915	2678	2484	2282	
171	5866	60.0	60.0	19	1	1	2	978	1239	1915	2884	4080	5091	5683	5757	5614	5341	4937	4490	4110	3672	3346	3104	2939	2991	3222	3594	3970	4211	4204	4198	4010	3736	3454	3161	2885	2693	2493	2308	
171	5883	60.0	60.0	19	1	1	2	989	1227	1917	2912	4103	5162	5685	5719	5609	5355	4929	4494	4104	3648	3338	3092	2942	2996	3234	3610	3977	4240	4233	4214	4010	3773	3499	3194	2908	2688	2485	2336	
171	5901	59.9	60.0	19	1	1	2	968	1240	1878	2904	4072	5084	5708	5679	5539	5302	4957	4515	4077	3619	3297	3088	2923	2980	3191	3547	3929	4188	4204	4162	3948	3708	3428	3166	2858	2642	2448	2301	
171	5918	60.0	60.0	19	1	1	2	987	1232	1916	2921	4079	5130	5653	5694	5563	5296	4950	4506	4064	3618	3310	3104	2937	3009	3234	3558	3928	4152	4209	4148	3935	3702	3440	3190	2875	2673	2499	2292	
171	5935	60.0	60.0	19	1	1	2	972	1250	1908	2892	4060	5110	5652	5690	5556	5294	4895	4483	4054	3656	3327	3090	2920	3018	3225	3569	3924	4190	4184	4206	3950	3696	3423	3156	2854	2657	2495	2312	
171	5998	94.9	95.0	20	1	0	2	914	1030	1366	1841	2455	2963	3296	3373	3386	3256	3116	2900	2665	2499	2329	2240	2210	2347	2582	2868	3192	3342	3374	3347	3214	3040	2831	2652	2464	2321	2161	2030	
171	6078	60.0	60.1	20	1	1	2	983	1222	1896	2912	4058	5094	5667	5715	5608	5284	4913	4477	4065	3658	3333	3072	2964	2992	3230	3578	3940	4195	4203	4158	3938	3694	3439	3158	2883	2672	2480	2293	
171	6095	59.9	60.0	20	1	1	2	979	1253	1935	2877	4136	5113	5692	5705	5659	5332	4946	4470	4064	3652	3354	3117	2924	2976	3227	3584	3973	4192	4256	4178	3969	3774	3472	3191	2885	2676	2473	2333	
171	6112	59.9	60.0	20	1	1	2	988	1221	1902	2909	4107	5128	5696	5707	5574	5296	4951	4522	4101	3681	3337	3104	2951	3016	3232	3570	3946	4223	4195	4157	3971	3702	3459	3185	2878	2628	2474	2307	
171	6129	60.0	60.0	20	1	1	2	983	1253	1924	2912	4070	5092	5694	5683	5604	5350	4939	4455	4039	3655	3332	3062	2935	2984	3213	3574	3939	4194	4217	4145	3978	3714	3444	3150	2871	2670	2463	2324	
171	6147	59.9	60.0	20	1	1	2	995	1224	1905	2897	4065	5056	5640	5705	5606	5325	4916	4463	4058	3640	3310	3052	2947	2965	3226	3540	3921	4173	4156	4149	3985	3670	3425	3129	2888	2654	2452	2304	
171	6164	60.0	60.0	20	1	1	2	981	1240	1907	2905	4103	5079	5670	5721	5563	5303	4962	4486	4038	3677	3308	3091	2931	2992	3232	3586	3926	4200	4222	4145	3978	3697	3401	3156	2903	2659	2497	2294	
171	6181	60.0	60.0	20	1	1	2	999	1217	1878	2909	4069	5073	5652	5680	5586	5301	4901	4468	4088	3639	3307	3067	2908	2966	3213	3559	3918	4190	4176	4164	3952	3704	3430	3143	2884	2661	2448	2292	
171	6246	94.9	95.1	21	1	0	2	925	1045	1342	1857	2466	2975	3298	3380	3418	3291	3133	2892	2701	2476	2343	2244	2245	2362	2602	2890	3198	3418	3376	3336	3228	3027	2843	2682	2457	2294	2167	2037	
171	6326	60.0	60.1	21	1	1	2	973	1220	1906	2896	4130	5108	5722	5715	5640	5340	4929	4513	4101	3659	3329	3086	2968	2979	3257	3571	3932	4205	4232	4160	3973	3716	3453	3185	2902	2660	2489	2310	
171	6343	60.0	60.0	21	1	1	2	983	1255	1919	2889	4096	5099	5691	5716	5623	5322	4970	4491	4076	3692	3333	3039	2959	2983	3260	3574	3940	4197	4236	4196	3982	3696	3485	3128	2885	2649	2503	2315	
171	6360	59.9	60.0	21	1	1	2	968	1261	1891	2899	4121	5097	5736	5724	5589	5358	4973	4531	4077	3689	3360	3101	2939	2987	3257	3591	3964	4207	4235	4183	3982	3740	3463	3167	2867	2647	2486	2310	
171	6378	60.0	60.0	21	1	1	2	985	1226	1912	2902	4059	5123	5709	5666	5579	5311	4928	4468	4083	3683	3331	3056	2934	2974	3219	3570	3962	4200	4217	4120	3956	3707	3448	3169	2886	2649	2505	2313	
171	6395	60.0	60.0	21	1	1	2	981	1216	1925	2903	4111	5108	5683	5683	5623	5293	4958	4491	4079	3676	3313	3057	2922	3001	3212	3574	3991	4214	4213	4138	3984	3713	3448	3160	2896	2682	2471	2328	
171	6412	60.0	60.0	21	1	1	2	990	1225	1896	2889	4069	5066	5680	5656	5559	5302	4907	4490	4068	3642	3330	3058	2929	2978	3212	3532	3968	4195	4210	4116	3927	3701	3407	3139	2864	2667	2452	2320	
171	6429	60.0	60.0	21	1	1	2	994	1240	1924	2868	4079	5105	5692	5657	5564	5317	4908	4456	4063	3690	3302	3115	2908	2990	3260	3501	3913	4226	4268	4170	4028	3704	3432	3163	2832	2656	2498	2315	
171	6494	95.0	95.1	22	1	0	2	921	1040	1359	1847	2423	3001	3284	3364	3390	3249	3154	2901	2684	2486	2361	2239	2234	2362	2587	2903	3178	3365	3396	3332	3205	3037	2904	2692	2461	2304	2164	2009	
171	6574	60.0	60.1	22	1	1	2	986	1240	1902	2894	4048	5111	5674	5699	5595	5305	4891	4506	4077	3658	3320	3058	2931	2990	3201	3567	3945	4180	4217	4189	3954	3713	3451	3163	2880	2659	2484	2312	
171	6591	59.9	60.0	22	1	1	2	980	1232	1901	2881	4093	5099	5688	5728	5586	5295	4942	4505	4078	3651	3321	3076	2951	3009	3220	3580	3939	4199	4186	4118	3984	3691	3454	3176	2859	2665	2482	2311	
171	6608	60.0	60.0	22	1	1	2	978	1221	1916	2902	4076	5115	5653	5650	5569	5291	4925	4438	4082	3655	3325	3079	2916	2967	3238	3588	3958	4225	4199	4172	3950	3727	3423	3181	2888	2678	2480	2312	
171	6626	59.9	60.0	22	1	1	2	986	1240	1911	2912	4076	5080	5639	5699	5631	5260	4890	4465	4068	3630	3347	3093	2942	2961	3207	3578	3938	4203	4215	4128	3980	3709	3458	3145	2866	2646	2496	2305	
171	6643	60.0	60.0	22	1	1	2	987	1242	1891	2893	4081	5070	5658	5744	5594	5297	4893	4466	4040	3666	3322	3074	2920	2978	3205	3557	3889	4163	4207	4138	3950	3704	3426	3136	2844	2636	2464	2298	
171	6660	60.0	60.0	22	1	1	2	967	1239	1903	2939	4058	5076	5648	5694	5541	5247	4905	4493	4081	3664	3329	3063	2953	2961	3199	3557	3963	4164	4175	4133	3954	3681	3477	3131	2887	2643	2468	2305	
171	6677	60.0	60.0	22	1	1	2	967	1253	1909	2877	4070	5070	5648	5673	5559	5328	4917	4452	4071	3656	3332	3074	2938	2955	3188	3575	3940	4167	4194	4145	3936	3680	3447	3134	2880	2661	2450	2322	
171	6742	94.9	95.1	23	1	0	2	935	1036	1359	1868	2452	2971	3292	3366	3373	3250	3125	2904	2692	2469	2342	2227	2238	2340	2612	2860	3178	3389	3424	3372	3189	3053	2848	2664	2456	2308	2161	2035	
171	6822	60.0	60.1	23	1	1	2	986	1239	1900	2877	4084	5073	5653	5703	5565	5311	4952	4461	4063	3683	3296	3024	2906	2994	3242	3590	3954	4191	4243	4107	3951	3695	3442	3131	2901	2671	2453	2314	
171	6839	59.9	60.0	23	1	1	2	983	1235	1886	2888	4079	5035	5659	5671	5577	5317	4911	4502	4071	3676	3293	3046	2940	2991	3194	3554	3948	4153	4223	4149	3946	3689	3432	3171	2889	2676	2476	2323	
171	6856	60.0	60.0	23	1	1	2	977	1247	1902	2891	4077	5086	5712	5681	5621	5284	4996	4471	4092	3651	3348	3056	2971	2978	3229	3554	3958	4161	4214	4168	3930	3708	3459	3147	2900	2649	2489	2303	
171	6874	60.0	60.0	23	1	1	2	971	1249	1889	2886	4061	5065	5630	5701	5550	5290	4933	4443	4090	3632	3311	3059	2945	2944	3237	3575	3933	4136	4201	4121	3909	3681	3464	3161	2869	2643	2449	2299	
171	6891	60.0	60.0	23	1	1	2	974	1237	1896	2882	4076	5062	5682	5722	5561	5282	4855	4449	4045	3654	3309	3062	2926	2987	3244	3530	3892	4190	4202	4124	3953	3678	3436	3155	2879	2661	2469	2277	
171	6908	60.0	60.0	23	1	1	2	991	1238	1915	2870	4031	5033	5600	5676	5534	5264	4850	4444	4035	3655	3300	3029	2912	2978	3220	3570	3893	4140	4151	4091	3886	3737	3432	3171	2860	2653	2457	2293	
171	6925	60.0	60.0	23	1	1	2	975	1228	1906	2922	4073	5080	5732	5703	5529	5235	4940	4430	4056	3626	3301	3081	2911	3013	3213	3575	3964	4188	4193	4112	3973	3698	3440	3143	2857	2630	2468	2297	
171	6988	95.0	95.1	24	1	0	2	914	1043	1341	1849	2437	2958	3303	3405	3350	3259	3140	2885	2684	2479	2319	2237	2225	2382	2579	2897	3173	3359	3381	3303	3212	3037	2807	2649	2451	2301	2173	2026	
171	7067	60.0	60.1	24	1	1	2	998	1231	1900	2861	4059	5042	5593	5652	5535	5268	4914	4458	4053	3647	3304	3039	2928	2951	3195	3543	3920	4179	4156	4146	3920	3690	3414	3134	2878	2648	2472	2313	
171	7085	59.9	60.0	24	1	1	2	993	1223	1917	2917	4087	5071	5698	5654	5571	5336	4965	4491	4106	3650	3345	3057	2953	2978	3216	3551	3912	4202	4194	4144	3954	3709	3428	3140	2872	2652	2472	2287	
171	7102	60.0	60.0	24	1	1	2	1025	1241	1914	2908	4113	5048	5629	5736	5611	5320	4967	4493	4086	3647	3360	3084	2938	2974	3241	3600	3937	4189	4226	4176	3943	3679	3463	3161	2872	2660	2490	2316	
171	7119	59.9	60.0	24	1	1	2	977	1243	1913	2915	4092	5102	5648	5711	5632	5317	4933	4480	4080	3662	3344	3083	2948	2977	3203	3577	3961	4193	4219	4146	4013	3737	3454	3168	2897	2690	2496	2302	
171	7136	59.9	60.0	24	1	1	2	1003	1227	1918	2874	4085	5081	5675	5670	5606	5299	4929	4479	4042	3674	3337	3070	2926	3016	3178	3594	3951	4168	4175	4131	3928	3707	3400	3172	2874	2664	2472	2289	
171	7153	59.9	60.0	24	1	1	2	972	1240	1891	2897	4090	5038	5598	5662	5567	5305	4924	4456	4041	3637	3319	3070	2941	3004	3193	3589	3915	4147	4204	4151	3996	3691	3435	3175	2860	2650	2464	2327	
171	7171	60.0	60.0	24	1	1	2	973	1228	1919	2895	4096	5093	5723	5704	5557	5289	4934	4491	4049	3692	3343	3047	2908	2960	3207	3555	3914	4194	4176	4145	3998	3710	3426	3156	2870	2665	2465	2298	
171	7233	95.0	95.0	25	1	0	2	910	1028	1357	1846	2443	2948	3317	3355	3390	3271	3110	2874	2686	2485	2361	2228	2232	2381	2593	2908	3183	3381	3385	3351	3191	3046	2851	2675	2472	2298	2159	2036	
171	7250	95.0	95.0	25	1	0	2	904	1033	1338	1837	2419	2942	3307	3349	3344	3272	3111	2857	2669	2473	2321	2261	2190	2339	2584	2902	3146	3333	3371	3379	3189	3020	2842	2692	2457	2286	2197	2049	
171	7313	60.0	60.1	25	1	1	2	986	1246	1879	2872	4063	5083	5690	5694	5543	5267	4901	4519	4051	3656	3316	3095	2908	2979	3225	3588	3916	4180	4182	4136	3963	3669	3436	3133	2833	2649	2463	2304	
171	7331	59.9	60.0	25	1	1	2	974	1231	1906	2900	4092	5109	5681	5724	5594	5330	4921	4500	4051	3642	3315	3095	2919	2947	3224	3552	3946	4222	4256	4176	3959	3692	3445	3185	2900	2672	2486	2287	
171	7348	59.9	60.0	25	1	1	2	978	1244	1911	2938	4098	5070	5634	5728	5607	5317	4931	4451	4083	3620	3353	3062	2929	2973	3225	3547	3944	4229	4209	4139	3937	3715	3459	3158	2866	2660	2449	2334	
171	7365	60.0	60.0	25	1	1	2	974	1231	1897	2887	4096	5098	5656	5682	5592	5349	4912	4481	4064	3683	3316	3078	2924	2970	3243	3567	3945	4198	4221	4132	3964	3682	3441	3131	2888	2655	2483	2307	
171	7382	59.9	60.0	25	1	1	2	996	1228	1903	2891	4094	5066	5695	5669	5588	5264	4920	4495	4111	3635	3327	3028	2956	2985	3207	3544	3946	4166	4213	4155	3935	3645	3430	3172	2892	2641	2481	2306	
171	7400	60.0	60.0	25	1	1	2	973	1223	1882	2910	4060	5088	5653	5667	5574	5248	4940	4458	4061	3656	3315	3063	2897	2961	3213	3551	3942	4154	4178	4148	3976	3681	3434	3146	2873	2662	2458	2299	
171	7417	60.0	60.0	25	1	1	2	988	1238	1898	2891	4115	5062	5642	5681	5554	5275	4935	4469	4076	3625	3322	3085	2953	3002	3228	3532	3923	4161	4234	4134	3951	3693	3452	3154	2860	2648	2470	2290	
171	7479	95.0	95.0	26	1	0	2	907	1028	1358	1838	2442	2954	3302	3373	3353	3249	3093	2865	2683	2493	2320	2236	2221	2367	2552	2860	3160	3370	3374	3324	3209	3033	2864	2678	2478	2307	2172	2028	
171	7497	95.0	95.0	26	1	1	2	919	1040	1360	1833	2403	2932	3289	3350	3330	3270	3084	2900	2670	2470	2337	2229	2233	2313	2590	2860	3200	3324	3392	3334	3196	3050	2888	2662	2457	2315	2158	2030	
171	7559	60.0	60.1	26	1	1	2	972	1239	1880	2876	4039	4999	5599	5591	5489	5277	4916	4428	4041	3617	3321	3032	2933	2982	3186	3520	3910	4116	4181	4117	3901	3697	3414	3145	2858	2614	2478	2287	
171	7577	59.9	60.0	26	1	1	2	975	1220	1883	2880	4082	5058	5662	5711	5569	5301	4920	4473	4082	3625	3302	3064	2884	2970	3183	3558	3935	4185	4206	4188	3982	3668	3453	3132	2840	2655	2508	2285	
171	7594	59.9	60.0	26	1	1	2	977	1243	1904	2895	4088	5083	5656	5688	5558	5260	4905	4469	4055	3648	3312	3072	2918	2977	3190	3556	3953	4175	4208	4107	3918	3660	3466	3146	2884	2632	2465	2324	
171	7611	59.9	60.0	26	1	1	2	987	1237	1897	2877	4055	5044	5629	5634	5524	5245	4858	4460	4042	3624	3305	3047	2893	3004	3182	3515	3909	4174	4175	4103	3927	3679	3414	3137	2832	2663	2458	2268	
171	7628	60.0	60.0	26	1	1	2	984	1228	1914	2844	4022	5060	5628	5674	5583	5292	4937	4453	4089	3627	3319	3070	2937	3004	3192	3548	3937	4192	4198	4133	3968	3706	3433	3133	2901	2648	2468	2328	
171	7646	60.0	60.0	26	1	1	2	973	1228	1887	2889	4024	5051	5622	5685	5525	5243	4844	4448	4092	3615	3315	3051	2915	2988	3168	3525	3882	4162	4200	4105	3902	3648	3431	3150	2879	2619	2470	2320	
171	7663	60.0	60.0	26	1	1	2	992	1236	1881	2866	4024	5073	5625	5640	5552	5252	4911	4443	4034	3624	3286	3050	2885	2977	3173	3506	3929	4146	4192	4079	3947	3664	3427	3128	2837	2649	2459	2268	
171	7725	94.9	95.0	27	1	0	2	917	1043	1357	1851	2440	2960	3290	3397	3356	3276	3096	2932	2698	2502	2315	2219	2224	2355	2556	2866	3167	3350	3350	3331	3202	3027	2870	2677	2452	2303	2159	2048	
171	7743	95.0	95.0	27	1	1	2	909	1033	1368	1843	2431	2933	3280	3336	3337	3257	3071	2902	2674	2458	2316	2199	2214	2337	2564	2898	3161	3336	3355	3337	3161	3010	2838	2642	2437	2286	2176	2001	
171	7805	60.0	60.1	27	1	1	2	967	1246	1887	2869	4083	5040	5692	5653	5547	5304	4922	4452	4086	3623	3308	3068	2911	2987	3201	3541	3909	4141	4211	4130	3939	3686	3442	3155	2864	2656	2456	2279	
171	7823	59.9	60.0	27	1	1	2	989	1242	1893	2907	4091	5102	5686	5676	5599	5279	4954	4454	4079	3656	3340	3087	2938	2979	3210	3585	3918	4202	4210	4139	4019	3687	3448	3162	2866	2620	2475	2324	
171	7840	59.9	60.0	27	1	1	2	996	1228	1913	2906	4101	5125	5674	5693	5581	5299	4916	4475	4098	3710	3363	3056	2937	2983	3262	3554	3954	4193	4223	4105	3981	3700	3435	3150	2882	2661	2441	2312	
171	7857	60.0	60.0	27	1	1	2	984	1249	1886	2856	4088	5076	5651	5670	5538	5273	4936	4455	4052	3657	3329	3058	2927	2982	3166	3546	3924	4189	4187	4118	3921	3687	3459	3149	2892	2675	2471	2301	
171	7874	60.0	60.0	27	1	1	2	982	1222	1902	2875	4049	5052	5647	5651	5529	5268	4908	4461	4048	3634	3314	3032	2931	2987	3201	3546	3943	4199	4164	4123	3951	3666	3424	3151	2863	2645	2444	2321	
171	7892	59.9	60.0	27	1	1	2	987	1243	1899	2882	4063	5094	5668	5635	5541	5332	4944	4454	4073	3640	3323	3046	2917	3000	3216	3576	3952	4183	4208	4136	3954	3678	3452	3172	2868	2640	2485	2299	
171	7909	59.9	60.0	27	1	1	2	996	1217	1901	2897	4051	5115	5650	5707	5555	5296	4913	4453	4095	3649	3332	3054	2897	2992	3174	3566	3966	4192	4212	4160	3951	3672	3417	3162	2871	2648	2466	2292	
171	7973	95.0	95.1	28	1	0	2	900	1030	1352	1842	2429	2959	3292	3380	3352	3276	3124	2905	2684	2492	2324	2215	2222	2369	2591	2882	3164	3336	3348	3360	3212	3014	2837	2641	2452	2290	2142	2027	
171	7991	95.0	95.0	28	1	1	2	916	1036	1332	1850	2403	3003	3305	3391	3324	3276	3086	2895	2657	2473	2332	2223	2210	2336	2587	2856	3179	3368	3381	3329	3190	2993	2879	2645	2447	2302	2157	2014	
171	8054	59.9	60.1	28	1	1	2	981	1229	1883	2854	4039	5076	5657	5671	5519	5277	4962	4462	4061	3677	3304	3049	2923	2976	3189	3598	3981	4172	4187	4142	3986	3675	3452	3143	2857	2641	2496	2297	
171	8071	59.9	60.0	28	1	1	2	995	1207	1895	2907	4105	5119	5697	5733	5626	5321	4940	4492	4087	3653	3330	3081	2926	3026	3219	3572	3977	4220	4246	4178	3990	3726	3453	3178	2877	2674	2456	2283	
171	8088	60.0	60.0	28	1	1	2	973	1211	1928	2878	4065	5108	5720	5757	5616	5346	4965	4469	4068	3651	3303	3047	2945	2993	3200	3525	3975	4156	4200	4158	3957	3677	3435	3146	2873	2652	2486	2305	
171	8105	60.0	60.0	28	1	1	2	989	1227	1918	2874	4079	5075	5683	5672	5555	5285	4893	4482	4049	3670	3294	3066	2922	2963	3189	3576	3926	4215	4212	4103	3952	3686	3413	3123	2876	2659	2465	2295	
171	8123	60.0	60.0	28	1	1	2	988	1240	1888	2888	4062	5073	5666	5678	5557	5277	4910	4476	4009	3667	3338	3072	2932	3000	3228	3590	3959	4158	4185	4153	3980	3685	3437	3176	2867	2622	2478	2288	
171	8140	60.0	60.0	28	1	1	2	996	1238	1918	2892	4073	5115	5651	5691	5570	5302	4921	4478	4055	3666	3306	3051	2916	2977	3220	3550	3957	4163	4168	4164	3960	3687	3413	3144	2863	2640	2443	2288	
171	8157	60.0	60.0	28	1	1	2	982	1231	1906	2897	4082	5037	5613	5711	5578	5290	4884	4485	4067	3641	3295	3060	2924	2962	3225	3569	3964	4182	4212	4119	3952	3702	3424	3142	2874	2654	2462	2287	
171	8222	94.9	95.1	29	1	0	2	916	1041	1369	1861	2452	2964	3270	3378	3357	3259	3108	2902	2664	2475	2325	2231	2216	2334	2588	2888	3152	3358	3369	3340	3234	3060	2850	2661	2445	2315	2153	2010	
171	8239	95.0	95.0	29	1	1	2	905	1021	1346	1835	2403	2940	3269	3381	3370	3264	3104	2883	2683	2458	2333	2239	2232	2336	2606	2864	3182	3330	3369	3331	3219	3009	2853	2629	2437	2271	2147	2025	
171	8302	59.8	60.1	29	1	1	2	988	1217	1890	2870	4086	5031	5645	5676	5578	5253	4898	4432	3995	3616	3308	3066	2908	2977	3184	3544	3940	4177	4197	4128	3904	3683	3452	3142	2842	2645	2450	2285	
171	8319	59.9	60.0	29	1	1	2	982	1226	1881	2879	4088	5136	5687	5671	5568	5303	4946	4480	4068	3663	3340	3075	2943	2972	3170	3552	3880	4183	4165	4159	3974	3699	3442	3146	2897	2663	2480	2316	
171	8336	60.0	60.0	29	1	1	2	979	1245	1896	2927	4107	5108	5693	5694	5603	5353	4967	4527	4042	3647	3364	3084	2954	3020	3192	3609	3938	4170	4234	4180	3984	3664	3467	3199	2866	2675	2479	2339	
171	8353	60.0	60.0	29	1	1	2	981	1244	1907	2884	4049	5101	5660	5662	5592	5296	4922	4444	4033	3698	3291	3083	2941	2978	3207	3594	3946	4200	4219	4153	3978	3714	3428	3139	2881	2642	2469	2299	
171	8371	60.0	60.0	29	1	1	2	978	1228	1887	2880	4098	5055	5648	5664	5543	5295	4902	4464	4072	3656	3281	3036	2936	2996	3201	3547	3902	4166	4183	4116	3949	3655	3427	3134	2856	2640	2467	2270	
171	8388	59.9	60.0	29	1	1	2	982	1242	1899	2893	4021	5057	5630	5646	5583	5264	4892	4447	4064	3612	3308	3069	2939	2962	3179	3540	3937	4169	4181	4117	3931	3638	3396	3159	2860	2673	2480	2287	
171	8405	59.9	60.0	29	1	1	2	1008	1234	1891	2871	4072	5026	5657	5649	5498	5294	4920	4466	4053	3679	3300	3017	2905	2967	3208	3546	3917	4159	4172	4123	3928	3678	3417	3138	2884	2659	2459	2297	
171	8468	95.0	95.0	30	1	0	2	916	1047	1364	1829	2424	2942	3290	3372	3367	3264	3131	2915	2664	2484	2312	2238	2221	2348	2569	2869	3179	3352	3367	3337	3198	3002	2884	2654	2476	2271	2164	2058	
171	8485	95.0	95.0	30	1	1	2	927	1033	1360	1816	2407	2939	3318	3338	3360	3254	3088	2875	2706	2486	2341	2202	2220	2333	2582	2850	3176	3337	3356	3303	3177	3038	2844	2633	2458	2289	2144	2017	
171	8548	59.9	60.1	30	1	1	2	982	1251	1897	2894	4059	5020	5665	5705	5578	5300	4882	4419	4045	3666	3330	3026	2941	2989	3209	3552	3914	4208	4179	4149	3923	3684	3447	3152	2844	2649	2490	2306	
171	8565	59.9	60.0	30	1	1	2	990	1241	1908	2887	4039	5063	5669	5714	5569	5305	4950	4498	4036	3656	3320	3071	2952	2981	3215	3547	3922	4132	4209	4137	3961	3665	3435	3153	2867	2653	2464	2305	
171	8582	60.0	60.0	30	1	1	2	973	1227	1896	2905	4108	5064	5691	5707	5593	5329	4943	4494	4094	3640	3317	3037	2925	2976	3201	3543	3915	4182	4253	4143	3951	3703	3433	3144	2852	2658	2493	2298	
171	8599	60.0	60.0	30	1	1	2	974	1240	1905	2909	4079	5061	5640	5711	5557	5295	4944	4495	4106	3670	3322	3080	2903	2968	3212	3574	3942	4236	4245	4169	3933	3695	3474	3159	2855	2682	2478	2292	
171	8617	60.0	60.0	30	1	1	2	986	1261	1924	2875	4096	5095	5740	5671	5569	5274	4904	4465	4066	3658	3322	3070	2924	2991	3204	3525	3942	4186	4219	4155	3929	3695	3418	3124	2872	2664	2456	2293	
171	8634	60.0	60.0	30	1	1	2	986	1227	1916	2877	4062	5078	5637	5687	5594	5338	4940	4460	4071	3679	3345	3117	2924	2976	3231	3564	3918	4147	4190	4188	3945	3710	3424	3160	2858	2661	2509	2304	
171	8651	60.0	60.0	30	1	1	2	986	1229	1902	2875	4083	5045	5647	5664	5547	5281	4898	4482	4057	3621	3312	3071	2927	2949	3198	3555	3885	4131	4196	4102	3927	3666	3415	3149	2847	2638	2486	2284	
171	8716	95.0	95.1	31	1	0	2	907	1028	1388	1837	2431	2999	3338	3390	3367	3282	3126	2908	2686	2488	2329	2263	2213	2382	2609	2892	3240	3356	3356	3359	3202	3060	2844	2651	2465	2321	2147	2016	
171	8733	95.0	95.0	31	1	1	2	907	1046	1343	1834	2458	2923	3292	3377	3339	3277	3087	2861	2687	2486	2358	2258	2210	2369	2562	2860	3178	3340	3372	3315	3184	3025	2838	2622	2459	2317	2144	2037	
171	8796	59.9	60.1	31	1	1	2	993	1222	1891	2900	4109	5061	5651	5670	5554	5296	4926	4488	4097	3631	3307	3066	2919	2988	3207	3565	3944	4190	4217	4147	3923	3710	3453	3131	2897	2651	2495	2302	
171	8813	59.9	60.0	31	1	1	2	977	1240	1900	2889	4104	5135	5725	5734	5604	5327	4955	4500	4086	3684	3336	3097	2936	2995	3233	3592	3981	4202	4211	4175	3958	3715	3477	3150	2918	2682	2483	2325	
171	8830	60.0	60.0	31	1	1	2	986	1233	1925	2918	4097	5095	5656	5738	5587	5284	4920	4524	4072	3668	3336	3062	2916	3040	3251	3589	3916	4181	4271	4136	3947	3703	3479	3162	2894	2659	2489	2275	
171	8847	60.0	60.0	31	1	1	2	974	1237	1927	2928	4112	5096	5709	5705	5605	5287	4995	4532	4080	3662	3353	3069	2954	3004	3243	3576	3945	4204	4196	4151	4004	3717	3466	3192	2896	2628	2492	2314	
171	8865	59.9	60.0	31	1	1	2	972	1246	1899	2894	4086	5079	5666	5662	5580	5299	4931	4458	4045	3642	3309	3063	2925	2968	3199	3551	3922	4207	4184	4137	3937	3663	3425	3154	2883	2623	2467	2295	
171	8882	60.0	60.0	31	1	1	2	992	1221	1912	2881	4084	5089	5676	5689	5517	5255	4905	4472	4045	3655	3332	3067	2944	2975	3227	3555	3935	4157	4214	4131	3960	3683	3422	3184	2879	2646	2497	2289	
171	8899	59.9	60.0	31	1	1	2	987	1228	1914	2893	4070	5059	5644	5677	5560	5260	4934	4471	4046	3632	3337	3055	2930	2960	3214	3538	3944	4178	4192	4126	3951	3689	3449	3143	2863	2639	2452	2293	
171	8962	95.1	95.1	32	1	0	2	901	1031	1346	1833	2448	2937	3321	3352	3356	3255	3109	2884	2683	2503	2358	2235	2210	2343	2575	2884	3164	3369	3368	3366	3211	3058	2836	2656	2454	2307	2169	2016	
171	8979	95.0	95.0	32	1	1	2	921	1038	1350	1851	2423	2933	3295	3412	3371	3259	3099	2884	2687	2466	2322	2224	2206	2353	2569	2860	3173	3360	3366	3350	3194	3025	2859	2654	2462	2292	2183	2029	
171	9042	59.9	60.1	32	1	1	2	988	1238	1910	2858	4050	5075	5618	5652	5537	5266	4906	4432	4045	3622	3279	3079	2906	2965	3204	3572	3942	4152	4190	4098	3929	3650	3428	3111	2864	2643	2459	2293	
171	9059	59.9	60.0	32	1	1	2	985	1231	1890	2903	4085	5055	5663	5697	5593	5316	4919	4467	4048	3666	3301	3081	2925	2995	3210	3598	3917	4172	4215	4137	3941	3701	3468	3186	2903	2626	2448	2302	
171	9076	60.0	60.0	32	1	1	2	983	1235	1911	2903	4075	5033	5670	5700	5616	5312	4918	4470	4042	3660	3304	3080	2908	2971	3236	3546	3919	4173	4192	4140	3940	3660	3460	3130	2877	2660	2454	2287	
171	9094	60.0	60.0	32	1	1	2	959	1232	1896	2891	4020	5071	5636	5681	5530	5281	4872	4443	4041	3629	3353	3078	2921	2984	3214	3618	3916	4194	4177	4129	3937	3684	3436	3148	2897	2652	2468	2323	
171	9111	60.0	60.0	32	1	1	2	996	1224	1921	2876	4076	5093	5683	5723	5604	5287	4931	4442	4049	3620	3294	3067	2930	2963	3208	3570	3905	4157	4217	4127	3927	3676	3438	3160	2830	2633	2475	2310	
171	9128	60.0	60.0	32	1	1	2	992	1252	1916	2890	4089	5088	5642	5674	5543	5287	4894	4460	4086	3656	3330	3052	2928	2985	3226	3534	3915	4167	4216	4170	3939	3668	3424	3177	2863	2650	2454	2288	
171	9145	59.9	60.0	32	1	1	2	987	1244	1890	2882	4050	5084	5629	5716	5585	5287	4872	4491	4056	3650	3315	3017	2922	2922	3191	3539	3950	4182	4170	4139	3926	3674	3444	3143	2866	2654	2469	2288	
171	9208	95.0	95.0	33	1	0	2	900	1041	1352	1856	2454	2985	3322	3395	3388	3252	3130	2916	2708	2480	2331	2260	2221	2390	2598	2906	3196	3391	3397	3334	3247	3057	2850	2644	2476	2329	2168	2008	
171	9225	95.0	95.0	33	1	0	2	924	1054	1352	1833	2433	2929	3316	3372	3339	3245	3093	2860	2688	2473	2308	2272	2234	2348	2570	2833	3171	3389	3357	3283	3190	3000	2840	2611	2434	2266	2120	2002	
171	9288	60.0	60.1	33	1	1	2	978	1227	1887	2896	4062	5051	5636	5632	5573	5265	4915	4436	4039	3632	3340	3071	2913	2975	3191	3577	3974	4197	4184	4146	3907	3693	3444	3151	2892	2651	2465	2321	
171	9305	59.9	60.0	33	1	1	2	980	1230	1915	2909	4096	5067	5659	5690	5566	5375	4900	4488	4064	3663	3329	3055	2940	3017	3219	3548	3974	4202	4224	4150	3941	3700	3451	3164	2876	2664	2495	2295	
171	9322	59.9	60.0	33	1	1	2	974	1238	1894	2911	4072	5085	5644	5723	5553	5297	4945	4450	4069	3681	3297	3044	2916	2953	3230	3554	3961	4136	4193	4155	3925	3658	3439	3136	2859	2626	2469	2316	
171	9340	59.9	60.0	33	1	1	2	981	1234	1897	2896	4065	5074	5665	5698	5555	5287	4922	4447	4104	3660	3329	3022	2920	2983	3202	3570	3947	4152	4213	4141	3942	3687	3413	3147	2853	2683	2461	2331	
171	9357	60.0	60.0	33	1	1	2	990	1240	1882	2879	4069	5063	5663	5650	5564	5342	4913	4465	4047	3655	3336	3064	2925	2972	3210	3534	3939	4177	4210	4117	3944	3673	3416	3144	2868	2660	2486	2319	
171	9374	60.0	60.0	33	1	1	2	979	1234	1915	2896	4120	5099	5629	5693	5547	5277	4959	4453	4086	3663	3324	3048	2940	2992	3199	3531	3943	4159	4208	4094	3958	3676	3429	3174	2891	2631	2499	2306	
171	9391	59.9	60.0	33	1	1	2	984	1236	1906	2892	4062	5064	5664	5659	5564	5302	4891	4440	4046	3659	3318	3064	2905	2982	3191	3574	3921	4161	4195	4145	3961	3674	3404	3151	2870	2655	2466	2283	
171	9454	95.0	95.0	34	1	0	2	906	1036	1347	1865	2450	2985	3348	3380	3370	3313	3110	2876	2689	2474	2332	2241	2252	2349	2570	2901	3217	3386	3395	3352	3231	3045	2875	2646	2489	2297	2162	2044	
171	9471	95.0	95.0	34	1	0	2	921	1030	1362	1830	2441	2948	3292	3367	3342	3255	3103	2863	2661	2494	2337	2244	2232	2325	2560	2884	3231	3326	3376	3354	3202	3012	2814	2662	2460	2311	2153	2040	
171	9534	59.9	60.1	34	1	1	2	976	1189	1936	2892	4071	5117	5712	5726	5624	5341	4957	4496	4085	3641	3330	3068	2955	3010	3247	3556	3980	4203	4263	4155	3958	3715	3466	3177	2882	2689	2499	2305	
171	9551	60.0	60.0	34	1	1	2	983	1231	1872	2876	4070	5086	5667	5705	5622	5331	4924	4461	4076	3619	3312	3074	2923	2977	3213	3560	3927	4217	4193	4136	3954	3702	3451	3155	2868	2649	2466	2325	
171	9569	60.0	60.0	34	1	1	2	1000	1243	1911	2900	4074	5121	5676	5697	5559	5307	4991	4495	4083	3664	3346	3048	2957	2984	3220	3581	3963	4213	4243	4127	3918	3717	3451	3129	2854	2656	2490	2331	
171	9586	59.9	60.0	34	1	1	2	994	1239	1886	2876	4040	5041	5662	5692	5578	5291	4894	4454	4100	3665	3341	3072	2892	2975	3208	3567	3945	4175	4168	4111	3972	3649	3430	3135	2872	2618	2482	2295	
171	9603	60.0	60.0	34	1	1	2	973	1253	1889	2871	4103	5095	5696	5656	5571	5269	4891	4486	4064	3637	3300	3073	2905	2961	3215	3543	3937	4185	4171	4149	3950	3686	3445	3150	2865	2656	2439	2308	
171	9620	60.0	60.0	34	1	1	2	979	1211	1886	2870	4064	5080	5667	5648	5566	5310	4952	4456	4059	3678	3335	3071	2914	3018	3197	3523	3906	4159	4195	4150	3913	3681	3418	3134	2860	2636	2472	2293	
171	9638	60.0	60.0	34	1	1	2	992	1242	1907	2891	4070	5048	5645	5660	5578	5266	4913	4496	4070	3626	3343	3035	2917	2987	3198	3561	3915	4168	4216	4147	3946	3699	3438	3174	2892	2659	2460	2285	
171	9702	95.0	95.1	35	1	0	2	916	1042	1372	1843	2437	2948	3290	3382	3389	3267	3112	2893	2690	2478	2332	2197	2217	2358	2578	2865	3159	3339	3386	3312	3192	3018	2885	2660	2459	2308	2138	2011	
171	9719	95.0	95.0	35	1	1	2	897	1033	1341	1801	2418	2996	3286	3347	3376	3277	3104	2850	2691	2488	2337	2190	2201	2352	2571	2870	3173	3336	3412	3336	3190	3032	2856	2661	2460	2284	2153	2024	
171	9782	59.9	60.1	35	1	1	2	990	1224	1920	2891	4068	5064	5665	5657	5565	5308	4924	4481	4050	3673	3307	3047	2942	2959	3158	3581	3906	4195	4204	4141	3954	3679	3453	3145	2853	2650	2472	2322	
171	9799	60.0	60.0	35	1	1	2	976	1237	1921	2909	4104	5122	5665	5678	5559	5342	4957	4527	4083	3689	3322	3093	2940	2989	3224	3580	3942	4175	4225	4168	3973	3726	3456	3173	2890	2662	2462	2319	
171	9817	59.9	60.0	35	1	1	2	973	1254	1912	2927	4085	5089	5658	5716	5560	5292	4905	4502	4079	3674	3337	3063	2944	2983	3213	3588	3933	4171	4179	4113	3972	3694	3447	3151	2897	2668	2466	2283	
171	9834	60.0	60.0	35	1	1	2	959	1229	1891	2878	4064	5115	5677	5695	5573	5295	4899	4473	4092	3660	3298	3031	2927	3000	3202	3547	3933	4161	4218	4140	3946	3671	3457	3137	2835	2665	2437	2289	
171	9851	60.0	60.0	35	1	1	2	987	1242	1911	2906	4085	5094	5662	5668	5570	5296	4921	4501	4055	3667	3382	3090	2934	2959	3217	3560	3937	4157	4165	4128	3942	3701	3472	3162	2853	2644	2463	2310	
171	9868	60.0	60.0	35	1	1	2	985	1242	1890	2899	4059	5039	5680	5635	5549	5311	4878	4413	4041	3631	3326	3067	2905	2988	3225	3531	3937	4170	4193	4110	3910	3700	3423	3138	2850	2672	2444	2263	
171	9886	60.0	60.0	35	1	1	2	968	1229	1909	2897	4090	5073	5652	5676	5570	5282	4937	4463	4079	3648	3327	3059	2903	2971	3204	3527	3936	4183	4212	4161	3960	3688	3441	3160	2880	2651	2456	2291	
171	9950	95.0	95.1	36	1	0	2	917	1048	1356	1834	2439	2961	3259	3326	3358	3276	3106	2876	2671	2484	2293	2245	2212	2330	2571	2863	3144	3361	3364	3334	3202	2992	2861	2625	2457	2290	2180	2008	
171	9967	95.0	95.0	36	1	0	2	911	1029	1344	1848	2396	2972	3311	3365	3382	3289	3098	2886	2693	2481	2317	2237	2237	2345	2577	2894	3166	3354	3397	3304	3218	3027	2860	2644	2473	2342	2172	2041	
171	10030	59.9	60.1	36	1	1	2	970	1207	1888	2887	4086	5069	5627	5679	5570	5259	4935	4427	4067	3620	3323	3054	2908	3000	3215	3555	3970	4200	4169	4142	3917	3688	3437	3165	2862	2665	2488	2282	
171	10048	59.9	60.0	36	1	1	2	996	1230	1898	2904	4086	5137	5695	5756	5616	5339	4950	4492	4087	3689	3367	3072	2934	3033	3230	3600	3981	4219	4219	4181	3921	3726	3482	3149	2877	2659	2499	2312	
171	10065	60.0	60.0	36	1	1	2	990	1264	1909	2892	4106	5080	5709	5700	5610	5346	4932	4484	4076	3670	3314	3101	2931	2978	3164	3508	3928	4199	4229	4176	3943	3704	3459	3178	2878	2651	2485	2321	
171	10082	60.0	60.0	36	1	1	2	980	1244	1897	2903	4062	5109	5663	5675	5620	5329	4920	4489	4069	3657	3345	3104	2901	2967	3194	3559	3918	4171	4229	4137	3956	3678	3474	3182	2870	2642	2445	2306	
171	10099	59.9	60.0	36	1	1	2	983	1238	1898	2877	4053	5044	5605	5655	5563	5295	4936	4488	4058	3680	3338	3068	2954	2975	3249	3537	3936	4172	4193	4136	3969	3685	3450	3169	2873	2653	2456	2284	
171	10117	60.0	60.0	36	1	1	2	985	1246	1894	2902	4099	5072	5654	5688	5581	5273	4913	4491	4057	3643	3352	3043	2927	2969	3227	3550	3940	4216	4192	4121	3934	3718	3462	3161	2882	2653	2472	2315	
171	10134	60.0	60.0	36	1	1	2	996	1248	1955	2895	4102	5090	5717	5746	5621	5321	4947	4503	4096	3664	3340	3104	2959	3001	3211	3569	3951	4217	4219	4160	3936	3683	3457	3178	2880	2672	2491	2312	
171	10196	95.0	95.0	37	1	0	2	929	1043	1370	1837	2429	2964	3267	3388	3373	3269	3122	2874	2692	2485	2324	2229	2249	2364	2582	2865	3176	3378	3392	3369	3180	3030	2844	2614	2430	2318	2169	2024	
171	10214	95.0	95.0	37	1	1	2	910	1043	1379	1842	2445	2947	3326	3394	3376	3291	3123	2868	2720	2484	2338	2214	2241	2350	2596	2862	3198	3361	3407	3346	3224	3029	2852	2667	2476	2287	2188	2043	
171	10276	59.9	60.1	37	1	1	2	997	1247	1912	2885	4066	5117	5662	5700	5620	5321	4938	4476	4031	3621	3314	3091	2911	2985	3238	3597	3969	4212	4219	4174	3966	3695	3479	3177	2882	2645	2511	2298	
171	10294	59.9	60.0	37	1	1	2	994	1233	1917	2938	4093	5096	5687	5689	5580	5331	4949	4533	4091	3661	3350	3092	2904	2969	3234	3607	3938	4173	4222	4185	3985	3734	3470	3153	2941	2675	2478	2310	
171	10311	59.9	60.0	37	1	1	2	977	1227	1912	2889	4159	5124	5682	5671	5618	5309	4978	4489	4038	3682	3337	3087	2937	2999	3217	3563	3957	4200	4221	4143	3941	3688	3462	3140	2868	2675	2481	2308	
171	10328	59.9	60.0	37	1	1	2	998	1244	1920	2891	4074	5105	5688	5705	5594	5302	4955	4504	4096	3671	3337	3062	2923	3003	3239	3560	3919	4195	4218	4153	3951	3692	3452	3149	2891	2672	2483	2283	
171	10345	60.0	60.0	37	1	1	2	988	1245	1887	2864	4047	5065	5697	5677	5563	5318	4942	4505	4097	3637	3312	3091	2942	2974	3194	3565	3937	4189	4232	4153	3936	3713	3440	3152	2856	2659	2450	2275	
171	10363	60.0	60.0	37	1	1	2	979	1229	1931	2911	4099	5106	5675	5722	5606	5308	4931	4454	4093	3665	3348	3056	2947	2993	3263	3582	3960	4171	4194	4092	3974	3697	3437	3177	2877	2642	2451	2291	
171	10380	60.0	60.0	37	1	1	2	995	1236	1913	2881	4082	5058	5682	5697	5593	5292	4926	4492	4096	3661	3359	3074	2925	3004	3191	3566	3945	4194	4215	4108	3931	3671	3419	3154	2872	2653	2468	2280	
171	10444	94.9	95.1	38	1	0	2	908	1059	1347	1852	2430	2962	3316	3363	3369	3254	3127	2887	2675	2468	2338	2270	2229	2365	2582	2892	3206	3380	3407	3323	3169	3037	2860	2639	2438	2314	2152	2027	
171	10524	59.9	60.1	38	1	1	2	980	1223	1912	2901	4076	5098	5629	5705	5603	5276	4934	4449	4050	3635	3319	3071	2957	2966	3220	3562	3942	4223	4166	4155	3954	3679	3463	3174	2871	2644	2470	2286	
171	10542	60.0	60.0	38	1	1	2	1017	1248	1892	2913	4084	5113	5665	5719	5615	5331	4970	4478	4038	3681	3328	3084	2928	3007	3227	3564	3936	4223	4184	4179	3956	3677	3434	3179	2872	2669	2495	2289	
171	10559	59.9	60.0	38	1	1	2	987	1244	1911	2920	4094	5079	5669	5673	5576	5290	4949	4484	4109	3678	3336	3070	2942	2982	3208	3526	3930	4170	4204	4140	3944	3701	3469	3159	2900	2656	2454	2297	
171	10576	60.0	60.0	38	1	1	2	1007	1232	1916	2880	4087	5102	5695	5691	5575	5287	4936	4472	4067	3651	3339	3068	2922	3010	3187	3573	3945	4180	4198	4133	3980	3654	3443	3154	2862	2678	2485	2321	
171	10593	60.0	60.0	38	1	1	2	984	1237	1891	2890	4090	5093	5631	5684	5544	5322	4945	4486	4055	3652	3287	3054	2933	2983	3192	3545	3911	4199	4213	4140	3920	3714	3475	3139	2892	2645	2507	2294	
171	10611	59.9	60.0	38	1	1	2	982	1244	1901	2884	4086	5086	5668	5673	5571	5265	4912	4448	4057	3659	3314	3097	2935	2982	3232	3559	3923	4144	4170	4126	3954	3694	3452	3135	2883	2654	2480	2290	
171	10628	60.0	60.0	38	1	1	2	969	1244	1882	2888	4074	5059	5635	5667	5550	5229	4920	4462	4050	3614	3321	3035	2894	2971	3202	3534	3881	4147	4162	4134	3961	3668	3449	3135	2825	2648	2450	2309	
171	10692	95.0	95.1	39	1	0	2	910	1030	1353	1867	2442	2960	3313	3355	3413	3281	3145	2917	2683	2469	2348	2225	2234	2368	2603	2878	3186	3355	3411	3372	3214	3045	2847	2649	2448	2313	2154	2021	
171	10772	60.0	60.1	39	1	1	2	971	1247	1903	2883	4102	5084	5689	5695	5594	5341	4942	4527	4083	3647	3337	3080	2952	2994	3247	3578	3920	4165	4210	4138	3965	3686	3441	3151	2908	2649	2468	2293	
171	10790	59.9	60.0	39	1	1	2	987	1241	1901	2898	4043	5075	5670	5664	5588	5294	4963	4495	4074	3666	3323	3084	2910	2970	3207	3591	3936	4200	4215	4152	3954	3697	3438	3152	2904	2652	2484	2294	
171	10807	59.9	60.0	39	1	1	2	992	1232	1882	2864	4133	5096	5674	5725	5575	5297	4928	4493	4051	3645	3337	3040	2922	2960	3171	3589	3948	4180	4258	4131	3956	3678	3475	3134	2840	2660	2462	2288	
171	10824	60.0	60.0	39	1	1	2	973	1247	1900	2920	4100	5026	5680	5670	5558	5263	4907	4456	4083	3664	3334	3063	2931	2977	3212	3576	3946	4159	4160	4132	3926	3686	3432	3163	2882	2648	2473	2278	
171	10841	60.0	60.0	39	1	1	2	971	1247	1877	2874	4065	5087	5653	5696	5550	5289	4902	4452	4077	3662	3309	3063	2920	2971	3184	3554	3938	4202	4213	4141	3977	3657	3406	3164	2883	2645	2460	2262	
171	10859	60.0	60.0	39	1	1	2	986	1240	1906	2902	4073	5065	5671	5658	5535	5257	4905	4445	4035	3643	3321	3057	2889	2962	3171	3563	3954	4183	4154	4110	3912	3658	3412	3131	2886	2644	2470	2282	
171	10876	59.9	60.0	39	1	1	2	989	1248	1916	2923	4068	5089	5660	5712	5581	5317	4882	4472	4063	3644	3317	3058	2932	2980	3214	3530	3896	4177	4193	4136	3949	3682	3443	3151	2847	2621	2489	2298	
171	10939	94.9	95.0	40	1	0	2	919	1045	1345	1852	2467	2946	3341	3396	3387	3286	3099	2893	2663	2498	2336	2242	2231	2333	2563	2895	3158	3350	3389	3338	3221	3037	2867	2657	2467	2312	2168	2037	
171	11019	59.9	60.1	40	1	1	2	997	1234	1898	2918	4057	5068	5629	5631	5542	5302	4901	4463	4030	3640	3335	3055	2894	2967	3214	3536	3949	4161	4152	4117	3901	3678	3396	3115	2834	2639	2473	2296	
171	11036	59.9	60.0	40	1	1	2	986	1255	1887	2861	4044	5055	5656	5728	5611	5337	4970	4457	4073	3672	3319	3071	2928	3005	3240	3562	3964	4210	4195	4127	3968	3722	3433	3148	2854	2669	2480	2296	
171	11053	59.9	60.0	40	1	1	2	990	1252	1893	2898	4104	5122	5710	5688	5609	5291	4969	4510	4087	3658	3329	3057	2940	3006	3242	3563	3969	4173	4194	4153	3937	3714	3440	3161	2855	2633	2476	2296	
171	11070	59.9	60.0	40	1	1	2	979	1226	1896	2924	4095	5070	5699	5686	5595	5344	4914	4487	4037	3652	3338	3051	2914	2983	3214	3563	3942	4174	4196	4152	3993	3676	3455	3162	2896	2637	2480	2304	
171	11088	59.9	60.0	40	1	1	2	994	1227	1898	2887	4091	5100	5699	5729	5615	5261	4963	4454	4066	3646	3343	3051	2935	3021	3243	3560	3913	4147	4134	4143	3915	3677	3436	3171	2880	2676	2476	2298	
171	11105	60.0	60.0	40	1	1	2	980	1243	1906	2919	4080	5083	5633	5669	5529	5263	4961	4460	4051	3643	3306	3074	2922	2977	3176	3553	3900	4164	4163	4189	3935	3667	3414	3141	2881	2646	2474	2319	
171	11122	60.0	60.0	40	1	1	2	983	1253	1899	2871	4068	5107	5654	5664	5591	5276	4949	4484	4047	3660	3317	3051	2948	2958	3166	3561	3920	4177	4202	4174	3950	3704	3421	3139	2847	2627	2479	2300	
