Well	Time (1/2 s)	Block Temp	Sample Temp	Repetition	PCR Stage	Extension	Scale	B1	B2	B3	B4	B5	B6	B7	B8	B9	B10	B11	B12	B13	B14	B15	B16	B17	B18	B19	B20	B21	B22	B23	B24	B25	B26	B27	B28	B29	B30	B31	B32
76	107	95.0	95.1	1	0	0	2	928	1064	1353	1846	2347	2812	3121	3221	3215	3103	2928	2807	2572	2424	2260	2155	2140	2234	2447	2736	3021	3175	3257	3219	3083	2938	2745	2528	2422	2228	2120	1999	
76	125	95.0	95.0	1	0	0	2	903	1056	1356	1791	2356	2786	3081	3235	3196	3108	2909	2737	2553	2353	2246	2148	2140	2217	2450	2700	3042	3134	3217	3157	3052	2922	2741	2537	2405	2228	2089	1984	
76	142	95.0	95.0	1	0	0	2	936	1041	1362	1790	2296	2806	3101	3184	3184	3078	2905	2755	2554	2371	2238	2139	2169	2238	2446	2705	3030	3151	3226	3162	3047	2902	2713	2560	2399	2225	2138	1963	
76	159	95.0	95.0	1	0	0	2	918	1061	1344	1792	2325	2783	3072	3188	3148	3068	2916	2747	2547	2347	2224	2159	2132	2233	2440	2680	2997	3160	3226	3169	3066	2907	2736	2561	2388	2233	2115	1961	
76	176	95.0	95.0	1	0	0	2	922	1048	1344	1804	2317	2811	3077	3188	3170	3110	2912	2726	2546	2388	2243	2124	2122	2243	2471	2711	3005	3134	3226	3168	3066	2918	2747	2526	2383	2198	2093	1973	
76	194	94.9	95.0	1	0	0	2	938	1051	1342	1773	2325	2775	3084	3192	3181	3080	2892	2727	2556	2388	2233	2136	2146	2221	2459	2722	2990	3128	3247	3157	3025	2931	2709	2530	2404	2196	2138	1988	
76	211	95.0	95.0	1	0	0	2	946	1048	1342	1791	2301	2799	3092	3170	3187	3063	2905	2714	2566	2406	2211	2157	2123	2219	2467	2729	2996	3158	3220	3158	3017	2907	2733	2546	2418	2223	2119	1969	
76	228	95.0	95.0	1	0	0	2	929	1049	1349	1796	2322	2790	3042	3178	3173	3071	2923	2758	2547	2368	2239	2132	2138	2238	2448	2715	3008	3115	3224	3185	3025	2922	2732	2522	2380	2223	2120	1967	
76	245	94.9	95.0	1	0	0	2	926	1044	1355	1810	2307	2794	3051	3149	3154	3085	2912	2741	2546	2356	2224	2124	2179	2232	2407	2733	3003	3173	3230	3169	3056	2904	2766	2545	2375	2223	2105	1964	
76	263	95.0	95.0	1	0	0	2	927	1049	1346	1793	2333	2756	3072	3193	3172	3100	2919	2726	2550	2370	2248	2149	2129	2261	2449	2699	3024	3150	3180	3169	3044	2934	2720	2527	2397	2228	2121	1986	
76	280	95.0	95.0	1	0	0	2	922	1052	1370	1821	2326	2818	3069	3198	3145	3071	2866	2720	2538	2357	2212	2149	2161	2234	2457	2726	3007	3181	3239	3177	3067	2909	2721	2533	2402	2211	2101	1955	
76	297	95.0	95.0	1	0	0	2	920	1064	1350	1773	2319	2771	3060	3165	3189	3079	2913	2754	2542	2384	2226	2140	2135	2215	2458	2702	3040	3113	3213	3159	3044	2926	2726	2535	2380	2211	2088	1960	
76	314	95.0	95.0	1	0	0	2	920	1060	1346	1779	2322	2793	3081	3153	3200	3062	2923	2741	2538	2357	2192	2157	2138	2284	2434	2702	3014	3145	3235	3139	3044	2918	2723	2572	2378	2229	2101	1977	
76	332	95.0	95.0	1	0	0	2	910	1052	1340	1780	2334	2792	3053	3197	3197	3084	2930	2742	2572	2382	2213	2143	2134	2206	2412	2746	3012	3157	3237	3184	3039	2954	2737	2557	2392	2238	2124	1986	
76	349	95.0	95.0	1	0	0	2	932	1047	1330	1807	2321	2757	3080	3196	3157	3105	2939	2764	2528	2352	2231	2146	2154	2248	2462	2732	3009	3163	3223	3181	3063	2937	2735	2537	2377	2224	2113	2007	
76	366	95.0	95.0	1	0	0	2	918	1048	1358	1774	2320	2801	3080	3171	3164	3103	2940	2757	2548	2348	2210	2139	2142	2225	2448	2699	3019	3152	3212	3162	3048	2919	2713	2556	2378	2228	2101	1980	
76	383	95.0	95.0	1	0	0	2	928	1049	1357	1784	2324	2799	3093	3156	3158	3106	2913	2757	2529	2403	2243	2152	2145	2231	2439	2694	3002	3126	3219	3150	3063	2919	2730	2544	2390	2220	2091	1959	
76	401	94.9	95.0	1	0	0	2	931	1044	1357	1791	2331	2869	3073	3167	3200	3091	2917	2741	2548	2392	2258	2133	2146	2222	2451	2729	3009	3143	3249	3206	3051	2916	2735	2542	2379	2213	2110	1958	
76	418	95.0	95.0	1	0	0	2	926	1054	1354	1789	2296	2769	3111	3181	3211	3097	2908	2732	2552	2365	2226	2096	2142	2240	2462	2755	3019	3152	3196	3160	3058	2889	2721	2543	2375	2232	2100	1982	
76	435	95.0	95.0	1	0	0	2	925	1033	1347	1802	2332	2805	3073	3239	3166	3111	2917	2743	2548	2359	2214	2138	2139	2239	2451	2750	3018	3133	3239	3184	3075	2908	2750	2539	2431	2231	2117	1970	
76	452	95.0	95.0	1	0	0	2	903	1065	1344	1800	2321	2804	3101	3203	3191	3081	2951	2746	2549	2368	2231	2129	2172	2253	2435	2727	3008	3167	3222	3180	3045	2932	2754	2578	2400	2195	2107	1990	
76	470	95.0	95.0	1	0	0	2	927	1045	1351	1784	2350	2783	3142	3214	3166	3071	2925	2763	2556	2392	2216	2128	2128	2236	2458	2732	3001	3142	3233	3171	3055	2943	2730	2541	2374	2200	2117	1989	
76	487	95.0	95.0	1	0	0	2	932	1046	1354	1851	2317	2811	3092	3195	3217	3104	2936	2733	2581	2391	2240	2167	2171	2225	2471	2774	3018	3180	3231	3161	3094	2900	2751	2561	2420	2244	2101	1943	
76	504	95.0	95.0	1	0	0	2	939	1061	1353	1811	2335	2816	3077	3186	3187	3102	2929	2750	2568	2382	2228	2144	2134	2249	2442	2706	2981	3138	3242	3190	3054	2915	2722	2544	2381	2242	2113	1992	
76	521	94.9	95.0	1	0	0	2	926	1054	1346	1792	2342	2826	3072	3192	3212	3058	2941	2757	2582	2367	2232	2165	2136	2244	2438	2748	3026	3126	3237	3183	3060	2895	2726	2561	2369	2222	2111	1994	
76	539	94.9	95.0	1	0	0	2	945	1050	1336	1792	2331	2788	3058	3169	3207	3085	2916	2722	2542	2392	2234	2126	2142	2221	2444	2717	2989	3148	3242	3160	3036	2899	2756	2550	2364	2239	2134	1982	
76	556	95.0	95.0	1	0	0	2	926	1048	1344	1799	2316	2810	3072	3195	3181	3084	2925	2762	2549	2395	2246	2126	2183	2246	2440	2739	3007	3144	3216	3137	3058	2936	2716	2561	2368	2246	2112	1972	
76	573	94.9	95.0	1	0	0	2	919	1049	1348	1788	2317	2785	3079	3177	3183	3086	2930	2794	2560	2364	2240	2145	2160	2232	2460	2737	2995	3109	3251	3171	3068	2920	2705	2525	2369	2242	2102	2004	
76	590	95.0	95.0	1	0	0	2	923	1045	1371	1776	2338	2808	3106	3196	3166	3087	2885	2770	2537	2373	2240	2143	2151	2232	2441	2735	3022	3142	3234	3199	3071	2918	2694	2548	2406	2250	2109	1990	
76	608	95.0	95.0	1	0	0	2	934	1034	1350	1808	2315	2815	3104	3205	3174	3094	2928	2733	2562	2373	2245	2143	2136	2256	2454	2708	3014	3143	3266	3200	3066	2944	2737	2545	2409	2233	2132	1968	
76	625	95.0	95.0	1	0	0	2	923	1042	1353	1808	2328	2808	3110	3195	3219	3106	2955	2769	2576	2348	2235	2165	2160	2228	2443	2731	3032	3180	3253	3193	3076	2936	2728	2567	2397	2243	2097	1994	
76	642	95.0	95.0	1	0	0	2	931	1057	1351	1815	2337	2821	3102	3229	3199	3128	2976	2764	2587	2395	2250	2171	2170	2242	2464	2745	3021	3167	3212	3187	3072	2924	2754	2552	2402	2247	2056	1975	
76	659	95.0	95.0	1	0	0	2	926	1066	1366	1807	2337	2805	3113	3208	3220	3114	2965	2762	2569	2377	2237	2142	2157	2259	2444	2715	3025	3203	3249	3203	3061	2925	2755	2538	2384	2265	2115	1994	
76	677	94.9	95.0	1	0	0	2	927	1067	1364	1806	2350	2791	3076	3174	3196	3108	2939	2759	2572	2399	2226	2156	2144	2244	2450	2746	3022	3119	3257	3204	3069	2928	2740	2532	2428	2226	2128	1996	
76	694	95.0	95.0	1	0	0	2	926	1081	1348	1812	2377	2819	3076	3174	3177	3095	2964	2765	2553	2376	2218	2171	2165	2246	2483	2730	3006	3144	3254	3173	3070	2947	2723	2552	2380	2253	2123	1985	
76	711	95.0	95.0	1	0	0	2	924	1049	1352	1812	2377	2833	3098	3226	3197	3107	2953	2772	2566	2405	2228	2188	2157	2276	2440	2786	3072	3176	3252	3193	3074	2928	2745	2539	2420	2234	2155	2037	
76	728	95.0	95.0	1	0	0	2	916	1063	1342	1803	2335	2838	3116	3200	3189	3051	2970	2799	2575	2361	2266	2163	2156	2241	2463	2749	3038	3186	3264	3154	3054	2937	2748	2563	2401	2226	2102	1977	
76	746	94.9	95.0	1	0	0	2	924	1051	1348	1788	2307	2822	3099	3188	3218	3123	2963	2795	2577	2395	2239	2155	2164	2268	2461	2743	3063	3173	3206	3190	3097	2950	2758	2541	2380	2225	2110	1994	
76	763	94.9	95.0	1	0	0	2	916	1066	1355	1816	2334	2836	3088	3181	3228	3114	2941	2771	2563	2416	2249	2148	2161	2273	2449	2762	3034	3175	3274	3212	3104	2933	2736	2548	2430	2237	2112	1983	
76	780	95.0	95.0	1	0	0	2	931	1065	1350	1813	2323	2827	3108	3232	3210	3089	2910	2787	2567	2390	2227	2144	2126	2227	2459	2734	3017	3172	3247	3182	3072	2922	2728	2556	2377	2222	2084	1988	
76	797	94.9	95.0	1	0	0	2	922	1056	1373	1802	2351	2813	3120	3236	3247	3122	2939	2791	2584	2407	2239	2138	2190	2283	2466	2759	3044	3172	3257	3176	3054	2969	2773	2578	2406	2239	2112	2011	
76	815	94.9	95.0	1	0	0	2	925	1080	1355	1804	2349	2856	3100	3208	3229	3126	2962	2789	2586	2419	2271	2164	2139	2252	2481	2791	3027	3164	3237	3184	3066	2936	2763	2580	2409	2225	2124	2008	
76	832	95.0	95.0	1	0	0	2	923	1056	1346	1810	2344	2827	3091	3240	3250	3101	2936	2775	2561	2385	2254	2185	2180	2240	2456	2745	3017	3204	3261	3219	3068	2958	2744	2577	2398	2232	2128	2000	
76	849	95.0	95.0	1	0	0	2	940	1045	1368	1816	2376	2830	3126	3247	3248	3148	2963	2797	2562	2403	2267	2171	2133	2296	2479	2737	3058	3178	3278	3259	3068	2962	2753	2582	2428	2258	2117	1984	
76	866	95.0	95.0	1	0	0	2	926	1053	1352	1777	2336	2832	3123	3262	3225	3119	2956	2801	2582	2392	2280	2164	2129	2258	2459	2783	3035	3170	3251	3216	3084	2954	2760	2551	2427	2223	2127	1987	
76	884	94.9	95.0	1	0	0	2	935	1054	1348	1814	2335	2845	3117	3223	3210	3109	2940	2784	2604	2402	2246	2164	2172	2237	2465	2748	2997	3169	3256	3219	3065	2925	2729	2576	2410	2269	2104	1992	
76	901	95.0	95.0	1	0	0	2	904	1058	1360	1822	2364	2843	3150	3231	3225	3130	2992	2787	2602	2412	2239	2162	2164	2278	2478	2762	3031	3198	3280	3200	3058	2963	2763	2572	2371	2248	2105	1994	
76	918	94.9	95.0	1	0	0	2	935	1048	1365	1820	2348	2827	3127	3231	3267	3128	2947	2764	2591	2431	2265	2175	2160	2251	2471	2748	3058	3196	3280	3185	3084	2930	2736	2537	2415	2241	2135	1965	
76	935	95.0	95.0	1	0	0	2	931	1058	1364	1804	2353	2843	3124	3250	3258	3119	2915	2800	2581	2386	2264	2150	2168	2249	2485	2741	3051	3179	3245	3193	3061	2954	2804	2574	2392	2243	2115	1979	
76	953	95.0	95.0	1	0	0	2	925	1059	1359	1804	2364	2845	3130	3222	3210	3161	2942	2800	2592	2377	2258	2168	2168	2283	2463	2728	3060	3202	3251	3213	3059	2967	2739	2551	2443	2253	2144	2012	
76	970	94.9	95.0	1	0	0	2	942	1076	1380	1809	2366	2831	3125	3221	3263	3127	2978	2787	2593	2399	2260	2172	2152	2266	2482	2748	3036	3130	3240	3217	3081	2967	2749	2560	2409	2268	2137	1988	
76	987	95.0	95.0	1	0	0	2	927	1056	1351	1819	2360	2844	3108	3209	3226	3143	2978	2820	2586	2407	2272	2167	2173	2286	2492	2763	3051	3181	3267	3254	3080	2951	2739	2590	2415	2272	2112	2019	
76	1004	95.0	95.0	1	0	0	2	922	1048	1356	1815	2376	2850	3126	3231	3258	3147	2960	2783	2553	2415	2276	2165	2175	2267	2464	2733	3039	3193	3307	3226	3073	2941	2722	2603	2429	2235	2130	1993	
76	1022	94.9	95.0	1	0	0	2	936	1042	1352	1826	2373	2842	3128	3239	3233	3134	2997	2792	2594	2399	2253	2165	2176	2255	2461	2720	3049	3175	3236	3234	3080	2963	2756	2569	2425	2257	2121	1998	
76	1039	95.0	95.0	1	0	0	2	924	1062	1372	1832	2386	2833	3126	3259	3262	3140	2976	2789	2620	2427	2252	2173	2156	2284	2464	2743	3055	3194	3274	3228	3125	2966	2777	2548	2416	2246	2136	1985	
76	1056	95.0	95.0	1	0	0	2	929	1051	1360	1808	2355	2851	3119	3233	3229	3144	2972	2802	2589	2394	2263	2160	2174	2258	2497	2752	3058	3188	3259	3207	3070	2921	2761	2587	2416	2257	2108	1997	
76	1073	95.0	95.0	1	0	0	2	929	1059	1365	1810	2325	2835	3120	3219	3207	3144	2952	2792	2585	2395	2251	2177	2168	2254	2471	2735	3040	3174	3250	3190	3049	2952	2735	2544	2400	2256	2132	1949	
76	1091	95.0	95.0	1	0	0	2	930	1060	1377	1809	2351	2869	3133	3258	3241	3180	2956	2783	2593	2394	2247	2167	2171	2215	2487	2769	3044	3180	3263	3166	3087	2971	2762	2574	2419	2271	2128	2009	
76	1108	95.0	95.0	1	0	0	2	927	1057	1357	1805	2375	2854	3138	3246	3222	3144	2955	2774	2616	2393	2267	2170	2198	2258	2481	2762	3039	3198	3282	3218	3068	2945	2781	2586	2414	2240	2113	1998	
76	1125	95.0	95.0	1	0	0	2	926	1069	1370	1855	2346	2852	3139	3254	3255	3156	2993	2791	2616	2402	2248	2165	2180	2289	2461	2763	3028	3174	3254	3204	3066	2951	2740	2559	2421	2247	2127	2012	
76	1142	95.0	95.0	1	0	0	2	935	1057	1346	1820	2366	2870	3125	3252	3237	3134	2989	2799	2606	2416	2258	2159	2181	2268	2474	2763	3048	3177	3268	3227	3109	2998	2753	2588	2438	2216	2129	1966	
76	1160	95.0	95.0	1	0	0	2	925	1050	1371	1815	2337	2848	3155	3251	3261	3181	2977	2812	2595	2438	2264	2165	2160	2265	2486	2757	3024	3183	3250	3227	3057	2968	2740	2564	2428	2246	2121	1940	
76	1177	95.0	95.0	1	0	0	2	929	1065	1352	1809	2372	2821	3146	3231	3271	3143	2954	2788	2591	2419	2266	2193	2152	2275	2457	2736	3056	3187	3236	3199	3086	2976	2747	2560	2420	2257	2097	1982	
76	1194	95.0	95.0	1	0	0	2	928	1072	1368	1825	2352	2846	3139	3229	3257	3154	2991	2811	2595	2406	2263	2174	2156	2266	2478	2748	3040	3159	3290	3194	3093	2961	2779	2545	2409	2234	2128	2010	
76	1211	95.0	95.0	1	0	0	2	919	1056	1352	1815	2362	2852	3111	3263	3240	3141	2953	2799	2619	2392	2271	2174	2163	2260	2487	2758	3049	3212	3271	3181	3089	2953	2768	2569	2411	2216	2125	2001	
76	1229	95.0	95.0	1	0	0	2	943	1047	1358	1832	2384	2830	3166	3248	3223	3147	2956	2795	2577	2371	2278	2152	2178	2271	2430	2752	3039	3156	3324	3236	3066	2982	2782	2538	2445	2216	2138	2006	
76	1246	95.0	95.0	1	0	0	2	920	1055	1372	1828	2350	2877	3118	3279	3265	3162	2990	2806	2596	2410	2269	2167	2174	2252	2482	2769	3033	3199	3261	3220	3105	2946	2763	2575	2442	2232	2134	1946	
76	1263	95.0	95.0	1	0	0	2	930	1056	1346	1813	2388	2880	3127	3232	3229	3043	2959	2808	2580	2425	2245	2170	2161	2259	2471	2749	3045	3161	3238	3181	3083	2940	2725	2561	2417	2223	2151	1965	
76	1280	94.9	95.0	1	0	0	2	921	1042	1381	1794	2380	2858	3139	3224	3244	3137	2966	2811	2589	2408	2281	2159	2155	2244	2473	2747	3049	3169	3255	3205	3083	2957	2750	2567	2438	2234	2124	1992	
76	1324	95.0	95.0	1	1	0	2	932	1056	1366	1828	2392	2806	3131	3212	3211	3134	2969	2797	2599	2410	2252	2142	2177	2256	2465	2775	3035	3186	3280	3222	3072	2977	2747	2573	2415	2208	2132	1949	
76	1391	60.0	60.0	1	1	1	2	1021	1286	1945	2935	4054	5004	5518	5606	5485	5186	4822	4443	4016	3628	3310	3020	2905	2949	3146	3486	3810	4016	4112	4044	3834	3663	3354	3076	2858	2625	2475	2285	
76	1409	59.9	60.0	1	1	1	2	1017	1302	1959	2939	4050	5007	5552	5680	5541	5200	4841	4484	4088	3648	3286	3011	2936	2992	3150	3479	3871	4036	4141	4056	3880	3639	3371	3117	2885	2650	2490	2296	
76	1426	60.0	60.0	1	1	1	2	1021	1299	1956	2928	4087	5036	5496	5625	5544	5240	4855	4488	4037	3656	3276	3047	2922	2930	3142	3476	3836	4032	4087	4056	3861	3658	3358	3113	2879	2634	2469	2310	
76	1443	60.0	60.0	1	1	1	2	1043	1293	1977	2933	4096	5044	5550	5616	5531	5239	4844	4438	4010	3648	3324	3031	2931	2924	3179	3450	3845	4030	4150	4058	3867	3681	3373	3109	2892	2624	2478	2299	
76	1460	60.0	60.0	1	1	1	2	1016	1297	1986	2920	4067	5001	5518	5635	5488	5243	4834	4456	4064	3636	3328	3036	2904	2925	3117	3466	3808	4070	4084	4029	3845	3667	3361	3078	2840	2608	2466	2289	
76	1478	59.9	60.0	1	1	1	2	1024	1298	1968	2898	4062	5013	5541	5637	5509	5272	4788	4447	4046	3648	3290	3031	2886	2937	3142	3475	3855	4026	4107	4090	3858	3687	3360	3092	2814	2642	2483	2289	
76	1495	59.9	60.0	1	1	1	2	1024	1311	1948	2912	4065	5047	5497	5627	5505	5208	4810	4462	4021	3616	3299	3043	2908	2945	3136	3465	3840	4030	4121	4015	3854	3644	3343	3088	2831	2635	2437	2292	
76	1559	95.0	95.1	2	1	0	2	930	1055	1370	1822	2412	2914	3209	3287	3286	3205	3021	2841	2621	2440	2302	2217	2199	2260	2492	2766	3105	3228	3301	3273	3136	2985	2792	2583	2412	2273	2169	2009	
76	1577	95.0	95.0	2	1	0	2	912	1055	1370	1840	2422	2870	3179	3260	3302	3179	2993	2834	2600	2438	2291	2182	2190	2286	2508	2763	3069	3209	3279	3243	3122	2980	2765	2607	2428	2238	2170	2008	
76	1639	59.9	60.1	2	1	1	2	1027	1281	1932	2897	4012	4949	5432	5540	5442	5211	4799	4400	3978	3586	3264	3016	2904	2875	3111	3436	3816	3984	4088	4032	3846	3627	3335	3083	2815	2571	2474	2278	
76	1657	60.0	60.0	2	1	1	2	1024	1279	1958	2907	4049	5032	5445	5586	5465	5179	4798	4409	4016	3637	3276	3028	2914	2889	3109	3410	3785	3950	4123	4014	3852	3612	3324	3088	2829	2651	2453	2272	
76	1674	60.0	60.0	2	1	1	2	1018	1308	1929	2922	4015	4988	5508	5597	5463	5199	4816	4426	4024	3592	3304	3047	2917	2919	3135	3438	3832	4001	4119	4008	3829	3627	3344	3083	2843	2591	2443	2298	
76	1691	59.9	60.0	2	1	1	2	1022	1310	1960	2920	4042	5008	5521	5594	5485	5222	4840	4448	4001	3645	3307	3041	2893	2931	3132	3454	3808	3994	4110	4035	3866	3632	3343	3082	2829	2614	2444	2282	
76	1708	59.9	60.0	2	1	1	2	1007	1280	1951	2883	4058	4976	5498	5607	5518	5217	4781	4418	3993	3622	3301	3052	2897	2919	3116	3443	3803	3989	4092	4022	3805	3635	3351	3090	2821	2611	2440	2284	
76	1726	60.0	60.0	2	1	1	2	1027	1299	1949	2926	4077	4983	5500	5567	5426	5194	4794	4409	4018	3620	3256	3011	2902	2900	3113	3456	3814	3985	4099	4040	3826	3613	3381	3082	2849	2610	2463	2278	
76	1743	60.0	60.0	2	1	1	2	1003	1314	1963	2908	4001	4960	5453	5579	5456	5134	4791	4413	3981	3627	3272	3004	2870	2921	3115	3417	3782	3961	4051	4012	3837	3614	3310	3057	2820	2604	2440	2266	
76	1805	95.0	95.1	3	1	0	2	929	1044	1375	1823	2385	2889	3154	3298	3281	3198	3004	2822	2629	2412	2269	2193	2183	2273	2484	2738	3059	3177	3271	3197	3107	2957	2729	2569	2394	2246	2120	1986	
76	1823	95.0	95.0	3	1	0	2	926	1051	1396	1819	2361	2879	3208	3252	3264	3180	2971	2833	2593	2448	2259	2155	2155	2256	2469	2762	3050	3218	3264	3194	3091	2938	2760	2564	2403	2261	2133	2004	
76	1888	59.9	60.0	3	1	1	2	1002	1298	1935	2904	4025	4946	5464	5522	5461	5160	4800	4398	3979	3597	3299	3015	2905	2895	3096	3413	3816	3955	4087	3950	3804	3598	3319	3078	2815	2633	2444	2286	
76	1905	59.9	60.0	3	1	1	2	1007	1290	1956	2936	4020	5004	5512	5605	5500	5211	4784	4416	4045	3631	3303	3064	2913	2915	3115	3453	3827	3977	4100	3959	3859	3644	3372	3088	2822	2644	2462	2296	
76	1922	59.9	60.0	3	1	1	2	1012	1293	1957	2889	4064	4996	5521	5602	5528	5177	4803	4428	4013	3593	3275	3052	2884	2910	3135	3422	3801	4009	4096	4007	3832	3641	3357	3097	2848	2646	2473	2291	
76	1939	59.9	60.0	3	1	1	2	1012	1277	1970	2922	4083	5066	5548	5647	5559	5203	4796	4425	4031	3628	3299	3037	2906	2913	3163	3427	3805	4014	4116	4042	3851	3654	3368	3095	2847	2609	2478	2266	
76	1957	60.0	60.0	3	1	1	2	1051	1281	1968	2914	4062	5021	5485	5634	5434	5250	4902	4429	4049	3613	3297	3018	2908	2914	3126	3451	3845	4003	4098	4000	3831	3644	3381	3098	2837	2632	2464	2260	
76	1974	60.0	60.0	3	1	1	2	1014	1305	1968	2916	4076	5018	5489	5640	5532	5242	4813	4422	4003	3647	3283	3042	2904	2894	3129	3476	3771	3943	4114	4012	3868	3670	3352	3075	2872	2586	2415	2280	
76	1991	60.0	60.0	3	1	1	2	1012	1264	1943	2884	4006	4998	5445	5584	5409	5160	4781	4423	4005	3597	3289	3021	2891	2910	3105	3440	3787	3961	4064	4016	3818	3590	3346	3058	2849	2611	2452	2275	
76	2054	95.0	95.1	4	1	0	2	929	1072	1377	1831	2406	2858	3170	3301	3276	3167	3005	2795	2619	2423	2300	2166	2194	2270	2464	2744	3041	3206	3250	3235	3072	2961	2729	2567	2409	2235	2136	1996	
76	2071	95.0	95.0	4	1	0	2	922	1047	1366	1815	2368	2842	3133	3264	3225	3121	2986	2783	2577	2413	2213	2168	2178	2263	2455	2794	3026	3198	3260	3178	3049	2918	2743	2578	2388	2210	2107	1983	
76	2134	59.9	60.1	4	1	1	2	1021	1308	1915	2874	4022	4909	5438	5567	5393	5139	4740	4432	3985	3567	3235	2975	2883	2900	3140	3408	3760	3965	4059	4016	3812	3611	3306	3072	2825	2565	2459	2301	
76	2151	60.0	60.0	4	1	1	2	1012	1304	1922	2915	4006	4970	5455	5525	5422	5158	4754	4385	3951	3599	3257	3031	2905	2920	3079	3447	3787	3970	4073	3988	3841	3572	3318	3091	2824	2575	2428	2267	
76	2168	59.9	60.0	4	1	1	2	1015	1309	1946	2930	4033	4994	5485	5666	5495	5187	4753	4418	4005	3598	3272	3024	2895	2926	3142	3450	3775	3997	4086	4018	3853	3637	3356	3069	2833	2643	2449	2275	
76	2185	60.0	60.0	4	1	1	2	1015	1292	1933	2910	4038	5004	5539	5617	5506	5206	4805	4405	4011	3654	3272	3038	2896	2935	3099	3432	3783	3994	4111	3965	3849	3649	3370	3081	2842	2627	2471	2271	
76	2203	59.9	60.0	4	1	1	2	1020	1297	1942	2910	4033	4986	5474	5604	5446	5161	4761	4422	4007	3623	3280	3027	2879	2910	3090	3406	3799	4007	4086	4000	3821	3621	3324	3046	2849	2602	2443	2299	
76	2220	60.0	60.0	4	1	1	2	1022	1284	1956	2916	4050	4961	5466	5584	5456	5216	4815	4411	3976	3618	3299	2990	2908	2885	3119	3447	3761	3948	4076	3991	3839	3595	3347	3047	2852	2597	2431	2276	
76	2237	59.9	60.0	4	1	1	2	1019	1310	1959	2905	3984	4976	5480	5557	5459	5177	4782	4384	4005	3584	3279	3019	2890	2900	3111	3430	3809	3960	4110	3980	3830	3603	3324	3059	2836	2593	2452	2273	
76	2300	95.0	95.0	5	1	0	2	920	1061	1389	1814	2388	2888	3191	3288	3253	3182	3000	2806	2587	2421	2284	2175	2190	2260	2484	2778	3032	3212	3258	3213	3065	2949	2760	2580	2412	2243	2118	1982	
76	2317	95.0	95.0	5	1	1	2	938	1071	1362	1835	2359	2833	3138	3238	3210	3135	2960	2800	2574	2405	2275	2149	2144	2286	2444	2699	3028	3182	3250	3201	3074	2935	2747	2538	2403	2236	2107	1999	
76	2380	59.9	60.1	5	1	1	2	1008	1277	1962	2890	3999	4941	5425	5503	5417	5131	4723	4401	3965	3557	3288	2991	2856	2886	3090	3380	3756	3968	4058	4001	3811	3599	3330	3092	2840	2601	2426	2248	
76	2397	59.9	60.0	5	1	1	2	1012	1288	1961	2901	4016	4945	5378	5515	5375	5110	4745	4384	3984	3607	3248	2997	2900	2894	3086	3397	3794	3934	4025	3983	3795	3565	3316	3061	2828	2594	2468	2235	
76	2414	60.0	60.0	5	1	1	2	1017	1288	1934	2888	3996	4920	5493	5553	5467	5174	4769	4372	4016	3587	3264	3023	2885	2873	3102	3397	3802	3946	4101	3995	3769	3617	3327	3066	2810	2587	2422	2256	
76	2432	60.0	60.0	5	1	1	2	1032	1311	1965	2909	4007	4949	5468	5576	5503	5182	4820	4378	4003	3601	3288	2993	2891	2948	3063	3410	3782	3958	4088	3994	3833	3614	3357	3049	2840	2584	2427	2268	
76	2449	59.9	60.0	5	1	1	2	1021	1281	1942	2912	4008	4957	5496	5555	5447	5199	4769	4392	4026	3587	3294	2994	2902	2893	3114	3425	3792	3948	4062	4004	3808	3613	3306	3048	2809	2571	2423	2237	
76	2466	60.0	60.0	5	1	1	2	1015	1286	1940	2889	4011	4922	5426	5508	5441	5177	4751	4376	3960	3591	3264	2992	2904	2896	3057	3404	3736	3907	4042	3988	3828	3600	3282	3057	2800	2597	2430	2284	
76	2483	59.9	60.0	5	1	1	2	1020	1303	1958	2888	4007	4903	5412	5510	5403	5140	4763	4375	3936	3580	3273	2983	2868	2877	3070	3414	3732	3926	4043	3981	3785	3615	3295	3046	2808	2552	2436	2229	
76	2546	95.1	95.1	6	1	0	2	935	1042	1380	1831	2423	2874	3155	3270	3275	3199	3021	2785	2619	2448	2270	2195	2175	2275	2476	2757	3052	3209	3278	3233	3104	2974	2750	2592	2422	2275	2133	1979	
76	2563	95.0	95.0	6	1	1	2	924	1052	1378	1804	2360	2853	3131	3247	3269	3121	2999	2797	2597	2415	2295	2160	2179	2279	2484	2753	3034	3168	3253	3244	3075	2986	2749	2559	2430	2227	2157	1970	
76	2626	59.9	60.1	6	1	1	2	1021	1287	1933	2909	3993	4955	5469	5578	5435	5164	4762	4393	4021	3589	3246	3006	2911	2921	3112	3420	3758	3982	4065	4013	3823	3630	3298	3072	2824	2602	2428	2262	
76	2643	59.9	60.0	6	1	1	2	1019	1284	1961	2924	4054	4993	5484	5598	5480	5172	4808	4405	3989	3598	3268	3037	2904	2903	3103	3421	3783	3960	4096	3974	3787	3621	3324	3057	2832	2562	2412	2253	
76	2660	60.0	60.0	6	1	1	2	1015	1296	1934	2897	4072	5004	5464	5574	5479	5208	4777	4455	4033	3588	3289	3008	2900	2891	3109	3470	3791	3969	4118	4006	3847	3591	3358	3074	2840	2620	2471	2304	
76	2678	59.9	60.0	6	1	1	2	1022	1282	1955	2909	4070	4992	5515	5616	5539	5190	4855	4399	4032	3633	3278	3031	2912	2923	3125	3421	3790	4021	4118	4010	3830	3602	3374	3049	2825	2627	2448	2275	
76	2695	59.9	60.0	6	1	1	2	1018	1298	1941	2899	4008	4957	5480	5564	5425	5181	4769	4397	3971	3612	3300	3033	2880	2892	3099	3399	3797	3959	4076	3996	3836	3603	3327	3066	2850	2612	2442	2276	
76	2712	59.9	60.0	6	1	1	2	1017	1291	1942	2912	4048	4983	5439	5587	5433	5212	4798	4439	3988	3621	3258	3016	2899	2910	3106	3422	3818	4002	4109	4020	3857	3592	3341	3063	2845	2611	2452	2301	
76	2729	59.9	60.0	6	1	1	2	1020	1291	1946	2909	4029	4997	5428	5544	5458	5124	4776	4384	3956	3580	3251	2993	2868	2924	3088	3419	3743	3928	4086	3983	3831	3628	3322	3046	2806	2579	2441	2260	
76	2794	95.0	95.1	7	1	0	2	926	1051	1365	1798	2396	2874	3153	3302	3265	3150	2978	2806	2600	2415	2258	2181	2181	2261	2457	2748	3043	3168	3270	3223	3086	2953	2743	2578	2411	2224	2123	1992	
76	2811	95.0	95.0	7	1	1	2	938	1044	1357	1798	2377	2845	3141	3253	3252	3091	2967	2766	2585	2396	2271	2158	2150	2285	2457	2750	3009	3158	3268	3184	3070	2926	2714	2570	2377	2248	2118	1961	
76	2874	59.9	60.1	7	1	1	2	1007	1291	1935	2860	3975	4932	5412	5506	5392	5130	4778	4390	3971	3582	3254	2993	2869	2884	3076	3402	3781	3932	4053	3975	3741	3610	3331	3047	2799	2564	2432	2250	
76	2891	59.9	60.0	7	1	1	2	1010	1286	1919	2821	3957	4896	5374	5516	5411	5102	4749	4336	3952	3566	3228	2966	2867	2884	3085	3367	3755	3942	4023	3950	3783	3561	3307	3066	2854	2588	2427	2270	
76	2908	60.0	60.0	7	1	1	2	1026	1298	1938	2901	4050	4982	5418	5592	5468	5170	4758	4407	3987	3590	3277	3022	2900	2879	3095	3440	3763	3968	4068	3977	3834	3590	3344	3071	2825	2577	2444	2270	
76	2926	60.0	60.0	7	1	1	2	1024	1297	1986	2892	4055	4989	5452	5581	5475	5185	4755	4421	4016	3582	3260	3015	2907	2929	3131	3393	3769	3948	4073	3978	3820	3610	3306	3069	2837	2615	2406	2277	
76	2943	60.0	60.0	7	1	1	2	1008	1293	1946	2890	4008	4997	5455	5545	5485	5168	4769	4418	3987	3596	3268	2980	2866	2885	3080	3413	3757	3960	4063	3971	3832	3607	3313	3048	2789	2601	2459	2277	
76	2960	60.0	60.0	7	1	1	2	1017	1260	1952	2890	4004	4982	5434	5542	5442	5124	4791	4363	3936	3596	3281	2965	2868	2867	3078	3427	3785	3977	4033	3985	3782	3618	3310	3039	2799	2597	2442	2287	
76	2977	60.0	60.0	7	1	1	2	1022	1290	1950	2876	4011	4920	5419	5525	5425	5119	4729	4381	3969	3599	3247	2999	2868	2902	3057	3444	3781	3950	4045	3965	3785	3609	3314	3026	2812	2595	2452	2262	
76	3042	95.0	95.1	8	1	0	2	926	1049	1372	1791	2378	2844	3150	3251	3291	3169	2972	2805	2582	2409	2244	2144	2163	2248	2460	2734	3018	3170	3256	3184	3068	2925	2744	2528	2365	2203	2133	1992	
76	3059	95.0	95.0	8	1	1	2	926	1026	1367	1817	2349	2835	3145	3225	3248	3130	2991	2777	2576	2389	2262	2166	2157	2254	2431	2735	3014	3122	3252	3204	3068	2910	2745	2551	2385	2206	2096	1980	
76	3122	59.9	60.1	8	1	1	2	1012	1276	1903	2830	3914	4816	5282	5428	5328	5024	4691	4299	3889	3517	3219	2936	2855	2851	3038	3347	3691	3864	3971	3921	3776	3558	3281	3020	2766	2583	2415	2234	
76	3139	59.9	60.0	8	1	1	2	1013	1285	1909	2850	3927	4862	5341	5399	5297	5082	4681	4301	3891	3533	3197	2949	2845	2840	3029	3332	3699	3885	3977	3918	3759	3518	3240	3015	2763	2562	2389	2234	
76	3156	59.9	60.0	8	1	1	2	1014	1272	1908	2852	3963	4882	5364	5495	5389	5104	4704	4339	3937	3545	3230	2979	2845	2877	3031	3396	3719	3874	4010	3930	3762	3577	3308	3008	2798	2538	2402	2218	
76	3174	60.0	60.0	8	1	1	2	998	1286	1912	2856	3980	4891	5416	5505	5392	5095	4756	4320	3954	3558	3238	2964	2862	2876	3083	3386	3719	3944	3989	3946	3765	3559	3285	2995	2791	2547	2443	2218	
76	3191	59.9	60.0	8	1	1	2	1017	1271	1928	2835	3940	4862	5356	5457	5326	5064	4677	4295	3901	3527	3230	2942	2852	2839	3058	3367	3724	3894	4001	3907	3773	3558	3264	2989	2789	2564	2389	2246	
76	3208	59.9	60.0	8	1	1	2	1020	1283	1935	2833	3934	4860	5308	5463	5356	5044	4632	4341	3882	3568	3216	2949	2861	2838	3031	3365	3727	3889	3997	3921	3768	3522	3204	3002	2757	2561	2421	2233	
76	3225	59.9	60.0	8	1	1	2	1011	1272	1934	2860	3956	4843	5341	5413	5343	5046	4651	4283	3899	3538	3187	2974	2826	2827	3014	3402	3708	3921	3986	3924	3692	3510	3302	3019	2772	2554	2390	2226	
76	3288	95.0	95.0	9	1	0	2	922	1073	1338	1800	2377	2832	3096	3228	3247	3092	2945	2795	2567	2393	2252	2154	2132	2223	2431	2699	3006	3136	3200	3168	3036	2931	2676	2513	2361	2210	2099	1975	
76	3305	95.0	95.0	9	1	1	2	936	1044	1363	1776	2313	2813	3091	3179	3204	3055	2923	2735	2537	2358	2220	2147	2127	2202	2436	2686	2986	3106	3194	3166	3010	2902	2682	2505	2356	2220	2102	1967	
76	3368	60.0	60.1	9	1	1	2	1010	1276	1902	2845	3922	4826	5322	5440	5313	5034	4679	4311	3854	3526	3216	2928	2835	2854	3051	3376	3703	3896	3959	3927	3746	3545	3250	2990	2811	2569	2390	2211	
76	3385	59.9	60.0	9	1	1	2	1018	1288	1926	2821	3960	4908	5352	5455	5399	5128	4722	4358	3966	3543	3246	2978	2873	2842	3062	3375	3726	3912	3995	3982	3801	3608	3319	3003	2814	2552	2424	2221	
76	3403	60.0	60.0	9	1	1	2	1017	1284	1941	2906	3929	4895	5402	5450	5377	5125	4734	4344	3936	3613	3255	2985	2870	2881	3056	3407	3747	3931	4077	3949	3797	3592	3288	3023	2798	2583	2456	2248	
76	3420	60.0	60.0	9	1	1	2	1016	1296	1947	2889	3955	4920	5374	5502	5397	5078	4725	4317	3928	3582	3223	2955	2857	2857	3063	3402	3725	3899	4010	3946	3790	3596	3306	3029	2799	2580	2436	2272	
76	3437	60.0	60.0	9	1	1	2	1010	1275	1916	2863	3971	4903	5376	5461	5367	5098	4716	4351	3896	3548	3208	2922	2854	2833	3064	3358	3726	3920	4010	3901	3776	3532	3293	3018	2786	2577	2396	2226	
76	3454	59.9	60.0	9	1	1	2	1021	1287	1915	2848	3939	4860	5353	5466	5344	5089	4701	4324	3884	3549	3223	2949	2856	2871	3026	3356	3713	3885	4003	3944	3760	3510	3262	3014	2779	2557	2370	2223	
76	3472	60.0	60.0	9	1	1	2	1024	1265	1925	2886	3967	4883	5363	5444	5358	5074	4691	4295	3874	3528	3211	2965	2836	2848	3040	3354	3723	3918	4008	3921	3737	3529	3244	3004	2792	2558	2391	2245	
76	3534	95.0	95.0	10	1	0	2	940	1052	1371	1818	2355	2846	3094	3223	3209	3110	2954	2778	2582	2396	2241	2131	2169	2237	2436	2715	3017	3134	3222	3166	3026	2873	2732	2569	2376	2198	2113	1947	
76	3551	94.9	95.0	10	1	0	2	925	1048	1358	1802	2333	2787	3098	3194	3175	3092	2939	2766	2529	2376	2219	2141	2104	2223	2425	2699	2985	3129	3206	3134	3024	2867	2688	2521	2373	2214	2080	1936	
76	3614	59.9	60.1	10	1	1	2	1022	1261	1904	2827	3881	4794	5259	5360	5244	4972	4634	4274	3821	3493	3173	2888	2816	2837	3001	3339	3672	3835	3937	3875	3715	3483	3252	2973	2748	2550	2378	2212	
76	3631	59.9	60.0	10	1	1	2	1004	1259	1919	2795	3882	4774	5274	5364	5269	5041	4668	4263	3878	3522	3192	2896	2788	2855	3018	3317	3667	3895	3974	3878	3734	3504	3236	2985	2756	2540	2367	2192	
76	3649	59.9	60.0	10	1	1	2	1005	1275	1907	2844	3945	4909	5326	5419	5317	5038	4656	4289	3882	3514	3200	2956	2802	2841	3016	3345	3712	3842	3990	3881	3731	3523	3261	2990	2769	2547	2364	2229	
76	3666	59.9	60.0	10	1	1	2	1025	1266	1871	2821	3906	4822	5321	5434	5303	5062	4638	4307	3872	3476	3227	2945	2813	2825	3023	3327	3728	3862	3976	3859	3715	3515	3244	2981	2754	2530	2371	2213	
76	3683	60.0	60.0	10	1	1	2	1004	1260	1895	2837	3882	4816	5260	5395	5293	5011	4666	4304	3869	3491	3212	2937	2798	2861	2967	3356	3682	3833	3980	3899	3696	3519	3230	2958	2747	2534	2384	2210	
76	3700	60.0	60.0	10	1	1	2	1024	1252	1926	2808	3895	4830	5311	5362	5271	5022	4647	4264	3836	3506	3172	2924	2798	2830	3011	3351	3688	3892	3970	3902	3710	3526	3277	2955	2719	2544	2370	2220	
76	3718	60.0	60.0	10	1	1	2	1013	1296	1929	2817	3901	4783	5243	5353	5247	5014	4612	4271	3805	3508	3188	2923	2798	2801	3011	3311	3644	3852	3965	3879	3703	3521	3212	2994	2758	2526	2390	2194	
76	3780	94.9	95.0	11	1	0	2	923	1047	1351	1802	2341	2809	3096	3199	3213	3125	2948	2771	2534	2387	2224	2135	2132	2183	2436	2695	2998	3120	3198	3144	3024	2953	2698	2521	2360	2212	2096	1935	
76	3798	95.0	95.0	11	1	1	2	928	1043	1367	1794	2343	2790	3072	3182	3177	3095	2910	2756	2526	2352	2240	2118	2106	2206	2411	2677	2969	3103	3161	3137	2991	2875	2683	2504	2360	2194	2105	1926	
76	3860	59.9	60.1	11	1	1	2	1013	1262	1889	2778	3896	4811	5235	5305	5217	4970	4593	4238	3833	3467	3168	2913	2780	2815	3003	3322	3647	3842	3907	3867	3685	3477	3230	2948	2734	2547	2375	2193	
76	3878	59.9	60.0	11	1	1	2	999	1269	1882	2794	3888	4791	5266	5337	5275	4966	4577	4257	3835	3527	3164	2899	2811	2817	3024	3290	3684	3819	3959	3871	3697	3500	3206	2954	2748	2538	2377	2250	
76	3895	59.9	60.0	11	1	1	2	1029	1281	1905	2822	3884	4832	5263	5414	5275	4983	4649	4240	3849	3463	3179	2946	2808	2814	3025	3344	3643	3869	3934	3902	3720	3490	3209	2987	2744	2529	2406	2214	
76	3912	60.0	60.0	11	1	1	2	994	1264	1933	2813	3913	4844	5314	5420	5306	5046	4669	4305	3865	3517	3208	2926	2799	2862	3015	3344	3681	3883	3929	3914	3712	3521	3285	3011	2753	2534	2363	2216	
76	3929	60.0	60.0	11	1	1	2	995	1272	1912	2843	3898	4815	5236	5369	5240	4960	4584	4210	3831	3498	3136	2896	2797	2810	2987	3306	3639	3817	3930	3853	3656	3517	3226	2956	2715	2511	2388	2219	
76	3947	60.0	60.0	11	1	1	2	1010	1267	1894	2821	3896	4798	5242	5335	5238	5007	4612	4230	3812	3475	3158	2924	2794	2796	2975	3318	3637	3823	3923	3854	3711	3485	3222	2964	2762	2506	2382	2189	
76	3964	60.0	60.0	11	1	1	2	1033	1270	1899	2800	3868	4757	5271	5329	5237	4991	4611	4263	3853	3448	3152	2885	2763	2785	2990	3306	3674	3790	3924	3800	3694	3494	3223	2963	2745	2526	2361	2193	
76	4028	94.9	95.1	12	1	0	2	933	1047	1348	1802	2330	2813	3094	3210	3203	3109	2934	2782	2560	2384	2245	2151	2161	2226	2432	2719	2989	3120	3233	3177	3047	2886	2679	2515	2352	2224	2105	1961	
76	4046	95.0	95.0	12	1	1	2	916	1042	1356	1771	2334	2782	3073	3194	3171	3082	2916	2762	2532	2360	2245	2102	2138	2216	2433	2684	2937	3127	3139	3106	2996	2882	2673	2500	2346	2189	2106	1927	
76	4108	60.0	60.1	12	1	1	2	1024	1261	1900	2794	3904	4795	5269	5385	5288	4984	4624	4256	3876	3502	3192	2915	2803	2820	3007	3336	3659	3858	3947	3890	3710	3534	3199	2996	2727	2551	2361	2210	
76	4126	59.9	60.0	12	1	1	2	1012	1285	1887	2820	3929	4796	5240	5398	5275	5012	4672	4241	3916	3489	3198	2946	2854	2813	3030	3367	3659	3840	3962	3913	3738	3541	3233	2996	2759	2548	2387	2225	
76	4143	60.0	60.0	12	1	1	2	1014	1283	1910	2845	3920	4851	5329	5452	5303	5077	4642	4289	3896	3534	3206	2946	2829	2834	3032	3337	3697	3847	3938	3901	3744	3515	3274	3005	2752	2546	2367	2229	
76	4160	60.0	60.0	12	1	1	2	1033	1283	1933	2840	3937	4855	5339	5432	5303	5053	4689	4301	3888	3533	3217	2946	2822	2850	3030	3355	3710	3893	3994	3921	3714	3523	3244	2986	2778	2546	2360	2205	
76	4177	59.9	60.0	12	1	1	2	1001	1266	1917	2819	3933	4834	5300	5405	5269	4996	4614	4283	3877	3504	3173	2948	2812	2833	3011	3310	3690	3838	3955	3885	3717	3485	3228	2990	2757	2548	2395	2223	
76	4195	60.0	60.0	12	1	1	2	1013	1276	1906	2813	3902	4802	5293	5400	5266	4989	4672	4305	3879	3523	3183	2917	2837	2824	3013	3335	3664	3864	3963	3897	3726	3504	3235	2968	2770	2549	2387	2234	
76	4212	60.0	60.0	12	1	1	2	1007	1271	1910	2844	3924	4805	5269	5382	5291	4982	4609	4293	3893	3507	3135	2932	2845	2806	3019	3310	3673	3818	3935	3876	3732	3520	3208	2961	2760	2514	2384	2215	
76	4274	95.0	95.0	13	1	0	2	923	1072	1344	1774	2337	2816	3081	3175	3187	3062	2940	2723	2532	2358	2235	2104	2112	2212	2407	2701	2969	3082	3183	3116	2992	2874	2677	2472	2334	2206	2101	1970	
76	4292	95.0	95.0	13	1	1	2	933	1041	1334	1797	2304	2788	3062	3184	3200	3062	2918	2738	2556	2336	2219	2136	2107	2198	2386	2672	2965	3088	3154	3103	2996	2829	2661	2559	2356	2187	2060	1946	
76	4354	59.9	60.1	13	1	1	2	993	1260	1908	2782	3855	4798	5211	5349	5225	4968	4580	4237	3835	3462	3144	2932	2785	2807	2993	3296	3666	3822	3965	3866	3713	3492	3232	2966	2741	2518	2375	2197	
76	4372	59.9	60.0	13	1	1	2	999	1275	1905	2803	3911	4834	5237	5343	5251	5002	4635	4251	3827	3470	3181	2905	2829	2817	3000	3277	3673	3861	3979	3860	3714	3524	3239	2966	2775	2546	2384	2213	
76	4389	60.0	60.0	13	1	1	2	1022	1276	1920	2869	3907	4843	5322	5433	5298	5041	4692	4276	3900	3556	3193	2949	2839	2822	3043	3338	3690	3894	3987	3935	3748	3487	3264	3022	2763	2537	2385	2228	
76	4406	59.9	60.0	13	1	1	2	1017	1262	1908	2801	3892	4793	5270	5421	5253	4964	4602	4233	3852	3500	3152	2948	2789	2798	3015	3304	3664	3842	3976	3859	3714	3536	3221	2969	2750	2525	2364	2186	
76	4423	60.0	60.0	13	1	1	2	1011	1261	1909	2848	3920	4780	5269	5395	5244	4972	4643	4214	3857	3466	3164	2950	2764	2807	2999	3307	3634	3808	3941	3891	3697	3516	3211	2982	2720	2516	2348	2215	
76	4441	59.9	60.0	13	1	1	2	1012	1252	1911	2799	3877	4798	5248	5364	5244	4984	4613	4276	3837	3492	3157	2941	2814	2802	2991	3359	3644	3834	3951	3882	3677	3479	3200	2966	2765	2537	2364	2233	
76	4458	59.9	60.0	13	1	1	2	1004	1316	1918	2829	3898	4816	5260	5371	5223	4944	4603	4246	3821	3491	3172	2918	2788	2807	2991	3305	3646	3815	3961	3853	3705	3486	3208	2966	2779	2489	2349	2205	
76	4521	95.0	95.0	14	1	0	2	909	1009	1346	1793	2360	2824	3066	3166	3173	3070	2894	2734	2569	2351	2238	2096	2128	2209	2398	2699	2954	3105	3194	3120	3006	2859	2685	2524	2342	2176	2108	1912	
76	4538	95.0	95.0	14	1	1	2	924	1039	1353	1791	2307	2746	3034	3120	3144	3016	2884	2725	2525	2335	2207	2121	2117	2188	2403	2656	2939	3046	3128	3115	2995	2836	2650	2501	2338	2161	2053	1936	
76	4601	59.9	60.1	14	1	1	2	1008	1255	1890	2788	3864	4744	5232	5391	5196	4943	4573	4197	3830	3449	3146	2893	2777	2790	2958	3299	3657	3836	3917	3844	3644	3507	3224	2961	2743	2515	2360	2185	
76	4618	59.9	60.0	14	1	1	2	998	1286	1907	2785	3897	4773	5237	5337	5232	4951	4605	4234	3822	3477	3155	2926	2787	2781	2978	3320	3627	3832	3939	3835	3685	3475	3197	2973	2713	2549	2385	2170	
76	4635	60.0	60.0	14	1	1	2	1010	1257	1903	2836	3935	4797	5282	5386	5263	5054	4598	4272	3874	3466	3169	2911	2796	2834	3015	3323	3669	3837	3917	3843	3646	3511	3235	2975	2740	2530	2388	2220	
76	4652	59.9	60.0	14	1	1	2	1015	1275	1910	2834	3891	4799	5286	5408	5324	4980	4613	4259	3842	3481	3185	2950	2820	2832	3005	3330	3670	3798	3936	3892	3676	3471	3243	2984	2749	2538	2365	2247	
76	4670	60.0	60.0	14	1	1	2	1010	1270	1922	2833	3902	4753	5282	5328	5215	5015	4607	4282	3835	3496	3155	2925	2779	2819	3042	3302	3681	3812	3917	3879	3693	3507	3238	2961	2770	2507	2340	2216	
76	4687	59.9	60.0	14	1	1	2	1010	1261	1918	2817	3881	4839	5313	5363	5319	4992	4595	4261	3855	3476	3182	2924	2799	2795	2994	3265	3668	3871	3954	3865	3700	3524	3247	2971	2770	2518	2367	2228	
76	4704	60.0	60.0	14	1	1	2	1014	1264	1873	2797	3878	4761	5172	5368	5225	4948	4595	4243	3794	3501	3164	2883	2791	2822	2992	3322	3635	3790	3922	3846	3716	3494	3219	2940	2719	2511	2401	2213	
76	4767	95.0	95.0	15	1	0	2	915	1052	1388	1788	2348	2806	3084	3185	3223	3096	2903	2729	2568	2362	2180	2122	2131	2229	2382	2713	2948	3112	3174	3139	3043	2888	2710	2506	2382	2184	2068	1949	
76	4784	95.0	95.0	15	1	1	2	921	1070	1342	1781	2306	2793	3066	3153	3169	3068	2903	2745	2547	2359	2226	2107	2132	2214	2403	2681	2953	3063	3182	3105	2997	2839	2672	2491	2352	2174	2053	1936	
76	4847	60.0	60.1	15	1	1	2	1003	1262	1918	2791	3864	4747	5208	5304	5218	4959	4601	4247	3823	3468	3154	2903	2825	2818	2983	3289	3606	3867	3906	3856	3648	3464	3220	2891	2747	2516	2383	2238	
76	4864	60.0	60.0	15	1	1	2	1015	1237	1898	2794	3873	4802	5233	5312	5250	4994	4599	4218	3837	3493	3166	2925	2770	2810	2963	3300	3647	3817	3929	3898	3688	3496	3211	2960	2727	2554	2355	2194	
76	4881	60.0	60.0	15	1	1	2	996	1264	1896	2811	3893	4823	5289	5393	5305	4974	4626	4283	3844	3512	3142	2960	2786	2812	3010	3332	3664	3856	3928	3832	3690	3519	3214	2940	2754	2528	2370	2205	
76	4898	59.9	60.0	15	1	1	2	994	1263	1919	2837	3880	4806	5267	5383	5283	5019	4606	4242	3868	3460	3155	2918	2806	2824	3022	3315	3676	3823	3931	3874	3713	3501	3214	2977	2737	2501	2332	2218	
76	4916	59.9	60.0	15	1	1	2	996	1266	1885	2819	3838	4734	5263	5380	5208	4956	4609	4236	3815	3485	3151	2917	2772	2807	2996	3273	3656	3800	3963	3834	3656	3477	3220	2941	2724	2521	2352	2176	
76	4933	59.9	60.0	15	1	1	2	1005	1273	1905	2781	3896	4784	5222	5350	5265	4996	4597	4260	3848	3441	3142	2920	2793	2795	3004	3296	3629	3860	3957	3873	3707	3461	3230	2941	2729	2518	2400	2194	
76	4950	60.0	60.0	15	1	1	2	1012	1261	1901	2807	3878	4744	5220	5372	5217	4977	4601	4218	3803	3446	3156	2888	2762	2810	2986	3323	3648	3827	3918	3830	3693	3467	3203	2949	2762	2487	2361	2191	
76	5013	94.9	95.0	16	1	0	2	925	1038	1354	1789	2316	2797	3067	3159	3161	3087	2887	2744	2545	2344	2189	2111	2124	2206	2391	2678	2944	3094	3158	3112	3004	2870	2672	2458	2331	2184	2076	1943	
76	5030	95.0	95.0	16	1	1	2	909	1039	1331	1786	2310	2778	3071	3146	3158	3035	2909	2730	2543	2349	2193	2101	2103	2205	2404	2640	2951	3066	3152	3087	3003	2851	2662	2500	2355	2162	2076	1947	
76	5093	59.9	60.1	16	1	1	2	1010	1271	1889	2798	3828	4766	5266	5376	5251	4969	4583	4236	3842	3470	3138	2887	2773	2787	2986	3298	3629	3834	3925	3824	3693	3520	3238	2974	2760	2523	2369	2196	
76	5110	60.0	60.0	16	1	1	2	1047	1258	1880	2783	3842	4744	5178	5352	5240	4949	4555	4242	3863	3458	3156	2897	2803	2765	2946	3299	3613	3830	3894	3843	3661	3483	3196	2957	2721	2507	2368	2217	
76	5127	59.9	60.0	16	1	1	2	998	1277	1943	2829	3910	4820	5303	5349	5277	4985	4634	4264	3857	3485	3153	2932	2810	2826	2990	3313	3672	3813	3960	3855	3677	3490	3207	2981	2746	2510	2395	2193	
76	5145	60.0	60.0	16	1	1	2	994	1278	1925	2830	3896	4776	5293	5365	5261	5024	4608	4290	3853	3484	3156	2920	2794	2794	2977	3347	3647	3795	3990	3834	3694	3481	3254	2949	2753	2526	2358	2202	
76	5162	60.0	60.0	16	1	1	2	1010	1261	1905	2802	3884	4800	5230	5322	5265	4975	4599	4227	3831	3448	3155	2898	2782	2822	3023	3302	3613	3826	3920	3857	3714	3484	3229	3000	2737	2522	2353	2201	
76	5179	60.0	60.0	16	1	1	2	1008	1257	1898	2795	3887	4808	5227	5348	5220	4942	4666	4261	3834	3451	3136	2903	2790	2756	2993	3310	3633	3777	3920	3863	3661	3468	3220	2956	2742	2536	2367	2185	
76	5196	60.0	60.0	16	1	1	2	1003	1243	1904	2792	3823	4760	5195	5315	5176	4956	4577	4222	3818	3472	3139	2888	2809	2793	2971	3288	3673	3797	3940	3810	3672	3490	3192	2968	2722	2493	2372	2196	
76	5259	95.0	95.1	17	1	0	2	943	1055	1340	1760	2285	2804	3057	3155	3165	3124	2921	2721	2503	2364	2207	2124	2125	2192	2407	2670	2952	3081	3159	3113	2987	2841	2662	2454	2343	2181	2091	1943	
76	5276	95.0	95.0	17	1	1	2	908	1024	1346	1787	2308	2764	3031	3148	3122	3060	2873	2720	2509	2349	2189	2065	2099	2184	2379	2698	2920	3061	3116	3084	2960	2840	2645	2477	2352	2128	2085	1907	
76	5339	60.0	60.1	17	1	1	2	1000	1247	1887	2777	3839	4735	5208	5300	5220	4938	4587	4213	3806	3440	3128	2921	2770	2787	2990	3282	3666	3802	3913	3859	3684	3460	3210	2937	2702	2502	2359	2198	
76	5356	59.9	60.0	17	1	1	2	1010	1272	1899	2774	3828	4748	5206	5310	5274	4928	4548	4221	3856	3433	3149	2911	2761	2784	2982	3304	3635	3789	3917	3808	3702	3444	3225	2929	2738	2526	2381	2213	
76	5373	59.9	60.0	17	1	1	2	1011	1276	1900	2815	3905	4839	5275	5359	5220	4988	4605	4250	3811	3510	3162	2933	2762	2811	2969	3320	3640	3850	3932	3850	3673	3502	3191	2972	2734	2530	2372	2203	
76	5391	59.9	60.0	17	1	1	2	1001	1282	1859	2793	3862	4798	5238	5365	5234	4995	4627	4276	3824	3477	3180	2886	2802	2792	2963	3294	3656	3835	3956	3878	3704	3488	3228	2932	2721	2534	2380	2198	
76	5408	60.0	60.0	17	1	1	2	1007	1270	1885	2782	3866	4746	5221	5365	5193	4970	4613	4204	3837	3458	3153	2879	2782	2796	2988	3296	3675	3787	3912	3811	3665	3455	3263	2943	2705	2503	2360	2178	
76	5425	60.0	60.0	17	1	1	2	1008	1272	1866	2782	3860	4739	5219	5323	5217	4971	4588	4255	3830	3460	3147	2917	2777	2783	2963	3301	3644	3795	3923	3851	3686	3478	3191	2923	2727	2497	2354	2210	
76	5442	59.9	60.0	17	1	1	2	1004	1269	1898	2791	3868	4732	5196	5335	5189	4925	4552	4168	3808	3430	3143	2891	2756	2807	3010	3262	3608	3821	3911	3831	3674	3471	3185	2955	2691	2492	2346	2154	
76	5505	95.0	95.0	18	1	0	2	907	1043	1332	1796	2299	2798	3059	3169	3187	3083	2917	2734	2523	2342	2218	2157	2106	2198	2389	2670	2934	3053	3144	3102	3012	2882	2676	2509	2327	2174	2053	1914	
76	5522	95.0	95.0	18	1	1	2	909	1044	1333	1783	2300	2742	3022	3126	3141	3040	2880	2712	2482	2337	2204	2100	2092	2192	2396	2694	2915	3031	3147	3068	2954	2860	2665	2504	2329	2150	2062	1925	
76	5585	59.9	60.1	18	1	1	2	999	1301	1883	2805	3832	4724	5239	5296	5209	4940	4570	4229	3826	3448	3111	2886	2801	2765	2985	3304	3634	3802	3933	3814	3659	3483	3187	2957	2706	2516	2342	2170	
76	5602	59.9	60.0	18	1	1	2	997	1276	1896	2780	3885	4758	5243	5308	5206	4917	4571	4204	3840	3456	3143	2906	2800	2797	2974	3300	3644	3822	3917	3868	3659	3480	3226	2957	2717	2509	2375	2197	
76	5619	59.9	60.0	18	1	1	2	1007	1282	1880	2787	3921	4757	5199	5388	5257	4984	4611	4275	3802	3469	3137	2909	2812	2841	3004	3302	3652	3810	3946	3883	3696	3465	3210	2951	2779	2515	2409	2220	
76	5637	60.0	60.0	18	1	1	2	997	1246	1914	2783	3850	4779	5213	5325	5212	4942	4555	4202	3803	3436	3141	2898	2780	2792	3003	3291	3593	3797	3908	3795	3653	3462	3163	2938	2737	2431	2328	2200	
76	5654	59.9	60.0	18	1	1	2	1015	1263	1896	2814	3852	4789	5255	5319	5226	4991	4600	4234	3824	3452	3164	2906	2792	2790	2976	3284	3630	3791	3916	3865	3685	3487	3218	2969	2716	2517	2362	2227	
76	5671	60.0	60.0	18	1	1	2	1006	1260	1898	2802	3864	4788	5263	5318	5220	4926	4593	4242	3845	3500	3127	2884	2763	2825	2951	3283	3626	3827	3908	3898	3716	3489	3166	2960	2722	2533	2381	2194	
76	5688	59.9	60.0	18	1	1	2	1026	1263	1902	2758	3879	4788	5202	5324	5260	4951	4560	4173	3825	3452	3126	2890	2788	2800	2960	3269	3645	3818	3903	3817	3673	3482	3207	2943	2736	2523	2374	2173	
76	5751	95.0	95.1	19	1	0	2	947	1055	1368	1777	2347	2753	3051	3162	3181	3083	2919	2702	2544	2361	2207	2115	2104	2202	2421	2683	2943	3046	3130	3095	2952	2866	2635	2487	2310	2180	2041	1917	
76	5768	95.0	95.0	19	1	1	2	919	1048	1358	1770	2331	2756	3058	3153	3151	3068	2891	2746	2517	2335	2167	2115	2125	2192	2392	2659	2911	3072	3142	3084	2964	2842	2632	2465	2317	2168	2056	1903	
76	5831	60.0	60.1	19	1	1	2	1007	1258	1899	2782	3821	4724	5184	5253	5150	4912	4560	4217	3794	3438	3130	2905	2767	2780	2961	3253	3613	3766	3900	3829	3652	3472	3234	2940	2727	2517	2343	2207	
76	5848	59.9	60.0	19	1	1	2	995	1203	1895	2780	3846	4765	5238	5298	5166	4969	4566	4209	3792	3447	3116	2927	2785	2791	3006	3300	3627	3761	3879	3863	3701	3460	3213	2964	2750	2519	2362	2194	
76	5866	60.0	60.0	19	1	1	2	999	1261	1883	2795	3831	4752	5194	5337	5209	4967	4601	4197	3817	3494	3127	2869	2771	2803	2979	3272	3595	3820	3901	3812	3666	3462	3199	2945	2720	2530	2360	2199	
76	5883	60.0	60.0	19	1	1	2	1006	1268	1906	2800	3826	4798	5216	5327	5253	4965	4573	4203	3819	3477	3151	2917	2785	2825	3005	3284	3642	3798	3902	3842	3673	3499	3191	2932	2711	2507	2369	2177	
76	5900	60.0	60.0	19	1	1	2	1007	1262	1906	2813	3828	4729	5213	5298	5216	4954	4562	4196	3801	3459	3135	2865	2769	2772	2964	3297	3631	3786	3888	3833	3651	3423	3204	2949	2727	2521	2350	2190	
76	5917	60.0	60.0	19	1	1	2	1016	1252	1888	2815	3853	4759	5213	5236	5250	4971	4586	4233	3796	3489	3143	2887	2762	2791	2974	3289	3634	3805	3918	3862	3640	3481	3213	2949	2737	2492	2343	2212	
76	5935	60.0	60.0	19	1	1	2	994	1277	1882	2784	3814	4728	5175	5296	5160	4882	4511	4214	3806	3453	3117	2873	2765	2752	2963	3295	3639	3784	3860	3794	3628	3440	3194	2914	2712	2486	2352	2186	
76	5997	94.9	95.0	20	1	0	2	923	1062	1349	1782	2316	2780	3019	3172	3170	3050	2882	2727	2536	2336	2198	2107	2096	2184	2388	2668	2934	3049	3143	3109	3002	2845	2657	2508	2335	2143	2066	1909	
76	6014	95.0	95.0	20	1	1	2	913	1040	1361	1772	2273	2777	3067	3143	3100	3022	2853	2668	2512	2333	2205	2075	2114	2172	2365	2627	2917	3056	3129	3110	2967	2830	2682	2445	2323	2138	2022	1918	
76	6077	60.0	60.1	20	1	1	2	996	1249	1905	2766	3819	4742	5168	5279	5202	4891	4549	4216	3776	3449	3139	2888	2747	2755	2964	3262	3637	3797	3901	3821	3681	3467	3174	2942	2714	2508	2353	2198	
76	6094	59.9	60.0	20	1	1	2	1003	1250	1898	2786	3880	4768	5202	5334	5231	4961	4606	4255	3812	3477	3178	2881	2751	2813	3003	3323	3624	3823	3942	3823	3681	3472	3202	3001	2725	2513	2363	2198	
76	6112	59.9	60.0	20	1	1	2	1005	1278	1906	2811	3893	4757	5275	5363	5233	5007	4594	4255	3849	3502	3189	2916	2790	2797	2990	3310	3630	3801	3934	3855	3725	3482	3202	2948	2734	2535	2368	2203	
76	6129	60.0	60.0	20	1	1	2	1007	1288	1895	2802	3894	4755	5221	5352	5246	4991	4574	4244	3852	3457	3144	2918	2786	2790	2987	3303	3650	3827	3920	3862	3671	3497	3211	2937	2725	2489	2367	2213	
76	6146	59.9	60.0	20	1	1	2	1020	1266	1904	2782	3841	4731	5187	5329	5191	4880	4570	4210	3798	3424	3124	2886	2821	2773	2981	3263	3629	3761	3896	3844	3638	3457	3190	2938	2698	2512	2334	2197	
76	6163	60.0	60.0	20	1	1	2	1004	1266	1902	2795	3846	4754	5193	5350	5188	4900	4550	4176	3795	3450	3133	2879	2805	2774	2939	3292	3603	3810	3884	3811	3668	3438	3222	2920	2688	2516	2330	2193	
76	6181	60.0	60.0	20	1	1	2	1010	1249	1870	2803	3844	4712	5201	5305	5146	4909	4536	4201	3806	3497	3136	2870	2745	2775	2948	3269	3619	3756	3864	3796	3667	3436	3190	2920	2710	2486	2343	2169	
76	6245	94.9	95.1	21	1	0	2	924	1046	1339	1765	2292	2775	3030	3147	3141	3015	2890	2702	2487	2353	2196	2098	2094	2184	2355	2673	2926	3078	3131	3091	2982	2819	2636	2461	2327	2150	2062	1915	
76	6262	95.0	95.0	21	1	1	2	915	1036	1359	1790	2311	2754	3047	3173	3143	3087	2847	2710	2526	2354	2194	2115	2127	2195	2408	2653	2917	3052	3120	3075	2987	2827	2629	2460	2326	2151	2048	1918	
76	6325	60.0	60.1	21	1	1	2	1001	1258	1900	2767	3829	4696	5207	5255	5208	4911	4565	4182	3793	3436	3149	2899	2738	2768	2957	3255	3609	3821	3888	3820	3627	3435	3200	2929	2740	2510	2385	2201	
76	6343	60.0	60.0	21	1	1	2	996	1241	1915	2810	3856	4723	5211	5257	5197	4964	4573	4193	3811	3461	3117	2858	2763	2768	2959	3320	3608	3782	3845	3855	3673	3447	3185	2963	2718	2517	2360	2177	
76	6360	59.9	60.0	21	1	1	2	1007	1252	1900	2773	3878	4791	5226	5374	5240	4973	4602	4230	3813	3441	3129	2924	2800	2807	2987	3289	3629	3791	3931	3841	3677	3486	3178	2930	2696	2506	2386	2203	
76	6377	60.0	60.0	21	1	1	2	1026	1282	1895	2797	3871	4727	5237	5298	5224	4949	4538	4244	3848	3454	3161	2898	2793	2797	3000	3292	3670	3801	3902	3801	3632	3446	3192	2953	2724	2520	2373	2183	
76	6394	59.9	60.0	21	1	1	2	994	1250	1911	2784	3856	4767	5223	5297	5193	4950	4580	4229	3837	3442	3175	2886	2778	2792	2929	3271	3598	3818	3899	3862	3655	3442	3194	2938	2718	2478	2322	2186	
76	6412	60.0	60.0	21	1	1	2	999	1270	1881	2780	3828	4724	5194	5319	5151	4942	4556	4206	3792	3476	3135	2890	2768	2779	2980	3261	3607	3793	3893	3796	3629	3431	3201	2931	2714	2506	2335	2207	
76	6429	60.0	60.0	21	1	1	2	1011	1252	1919	2789	3832	4732	5181	5290	5141	4911	4527	4176	3814	3445	3143	2874	2760	2768	2943	3254	3617	3799	3910	3824	3663	3474	3181	2969	2722	2504	2356	2205	
76	6493	95.0	95.1	22	1	0	2	920	1043	1331	1789	2322	2760	3062	3169	3172	3038	2890	2722	2539	2361	2199	2126	2108	2166	2405	2671	2967	3052	3161	3108	2982	2883	2672	2485	2324	2174	2100	1930	
76	6511	95.0	95.0	22	1	1	2	906	1046	1345	1778	2298	2774	3053	3142	3143	3040	2915	2702	2510	2370	2200	2075	2083	2193	2360	2657	2921	3036	3105	3046	2975	2822	2672	2447	2288	2136	2051	1915	
76	6573	60.0	60.1	22	1	1	2	1013	1245	1864	2737	3850	4703	5158	5303	5142	4883	4530	4174	3731	3438	3104	2891	2727	2758	2966	3247	3619	3790	3868	3803	3650	3420	3172	2938	2729	2508	2340	2201	
76	6591	59.9	60.0	22	1	1	2	1004	1250	1892	2814	3836	4753	5234	5291	5217	4932	4508	4219	3811	3462	3161	2891	2773	2770	2963	3294	3624	3817	3928	3843	3692	3466	3175	2943	2700	2512	2376	2180	
76	6608	60.0	60.0	22	1	1	2	1009	1284	1888	2789	3866	4820	5260	5330	5276	4985	4614	4210	3854	3496	3144	2889	2789	2818	2992	3291	3671	3840	3918	3803	3671	3441	3181	2961	2743	2504	2349	2176	
76	6625	60.0	60.0	22	1	1	2	1007	1251	1900	2799	3837	4736	5202	5308	5204	4924	4539	4219	3786	3439	3163	2866	2783	2780	2988	3271	3626	3806	3891	3861	3641	3473	3203	2946	2720	2486	2379	2185	
76	6642	60.0	60.0	22	1	1	2	1005	1255	1896	2792	3824	4721	5210	5278	5193	4916	4547	4156	3798	3409	3100	2846	2759	2782	2969	3260	3613	3769	3899	3830	3643	3452	3198	2919	2714	2530	2372	2193	
76	6660	60.0	60.0	22	1	1	2	994	1268	1873	2754	3900	4715	5199	5332	5208	4956	4563	4232	3804	3412	3105	2885	2765	2805	2959	3248	3646	3812	3943	3796	3655	3404	3259	2938	2697	2495	2344	2179	
76	6677	60.0	60.0	22	1	1	2	1004	1250	1889	2782	3853	4687	5213	5301	5150	4932	4557	4200	3763	3438	3128	2871	2778	2769	2937	3280	3604	3776	3852	3831	3663	3475	3185	2910	2723	2504	2373	2194	
76	6741	94.9	95.1	23	1	0	2	909	1039	1361	1785	2330	2792	3054	3174	3153	3051	2880	2682	2511	2335	2183	2111	2107	2196	2377	2650	2938	3053	3150	3104	2989	2852	2671	2495	2330	2156	2053	1916	
76	6759	95.0	95.0	23	1	1	2	921	1051	1344	1764	2288	2744	3038	3159	3138	3071	2855	2696	2503	2348	2174	2097	2107	2165	2389	2650	2898	3047	3116	3073	2969	2828	2638	2478	2318	2169	2064	1918	
76	6821	60.0	60.1	23	1	1	2	995	1275	1888	2761	3815	4646	5170	5246	5147	4897	4542	4148	3788	3444	3137	2867	2768	2773	2955	3240	3633	3780	3888	3770	3668	3421	3190	2935	2739	2464	2379	2190	
76	6839	59.9	60.0	23	1	1	2	989	1250	1890	2787	3848	4724	5180	5275	5163	4924	4533	4190	3805	3440	3123	2893	2791	2789	2982	3311	3622	3837	3854	3820	3644	3428	3168	2928	2706	2507	2345	2171	
76	6856	60.0	60.0	23	1	1	2	1003	1261	1916	2787	3859	4754	5200	5307	5226	4922	4593	4252	3821	3462	3122	2908	2772	2837	2993	3277	3615	3795	3911	3821	3664	3497	3204	2922	2718	2498	2396	2192	
76	6873	60.0	60.0	23	1	1	2	997	1267	1878	2778	3854	4745	5242	5301	5221	4917	4549	4225	3812	3468	3165	2899	2769	2766	2984	3284	3606	3802	3883	3797	3666	3448	3190	2932	2723	2534	2350	2204	
76	6890	60.0	60.0	23	1	1	2	1009	1253	1900	2791	3854	4692	5217	5286	5191	4889	4552	4189	3800	3432	3126	2872	2756	2773	2964	3275	3625	3768	3881	3804	3639	3464	3179	2930	2726	2472	2353	2176	
76	6908	60.0	60.0	23	1	1	2	1002	1261	1862	2748	3864	4723	5165	5322	5186	4900	4556	4157	3830	3405	3101	2886	2782	2758	2959	3281	3634	3771	3893	3797	3660	3434	3207	2954	2732	2517	2344	2155	
76	6925	60.0	60.0	23	1	1	2	1006	1250	1911	2778	3860	4714	5176	5250	5159	4922	4531	4183	3766	3442	3118	2885	2773	2797	2961	3250	3597	3778	3867	3827	3649	3425	3181	2883	2691	2503	2362	2183	
76	6988	95.0	95.1	24	1	0	2	919	1036	1340	1775	2312	2796	3058	3143	3171	3084	2878	2727	2520	2328	2190	2129	2112	2198	2378	2657	2919	3066	3135	3072	2964	2804	2646	2454	2309	2164	2048	1915	
76	7005	95.0	95.0	24	1	1	2	929	1063	1336	1794	2300	2776	3040	3133	3132	3033	2854	2712	2491	2330	2166	2109	2105	2166	2356	2662	2905	3037	3119	3056	2979	2807	2664	2454	2325	2165	2053	1913	
76	7067	60.0	60.1	24	1	1	2	984	1284	1893	2759	3814	4682	5174	5257	5177	4896	4555	4172	3784	3415	3104	2887	2775	2791	2940	3259	3637	3798	3854	3825	3637	3453	3212	2906	2707	2487	2385	2168	
76	7084	59.9	60.0	24	1	1	2	997	1266	1889	2799	3829	4719	5169	5228	5182	4905	4512	4185	3813	3415	3129	2864	2741	2793	2999	3253	3602	3780	3900	3824	3640	3449	3170	2942	2713	2493	2315	2188	
76	7101	60.0	60.0	24	1	1	2	1019	1260	1896	2844	3887	4764	5225	5328	5261	4971	4628	4230	3816	3462	3158	2906	2773	2796	2990	3307	3668	3825	3941	3790	3688	3460	3197	2939	2722	2518	2346	2203	
76	7118	59.9	60.0	24	1	1	2	1001	1256	1903	2782	3882	4762	5237	5320	5215	4921	4598	4173	3836	3454	3142	2968	2808	2804	2981	3307	3612	3804	3882	3882	3630	3483	3218	2981	2729	2529	2354	2173	
76	7136	59.9	60.0	24	1	1	2	996	1265	1906	2812	3833	4711	5214	5259	5215	4946	4546	4161	3872	3457	3136	2881	2752	2794	2961	3278	3608	3796	3890	3790	3648	3448	3231	2933	2721	2538	2342	2204	
76	7153	59.9	60.0	24	1	1	2	1006	1259	1899	2734	3873	4720	5189	5315	5209	4997	4566	4195	3778	3464	3126	2881	2746	2756	2954	3242	3568	3773	3867	3836	3651	3440	3219	2932	2738	2507	2353	2215	
76	7170	60.0	60.0	24	1	1	2	998	1239	1892	2801	3834	4686	5168	5223	5173	4852	4534	4186	3797	3458	3095	2859	2719	2703	2951	3251	3606	3774	3861	3809	3618	3452	3166	2940	2686	2486	2343	2218	
76	7233	95.0	95.0	25	1	0	2	917	1038	1338	1785	2321	2800	3049	3160	3148	3012	2852	2711	2507	2368	2193	2108	2123	2195	2384	2662	2932	3063	3128	3100	2967	2838	2656	2487	2350	2166	2064	1928	
76	7250	95.0	95.0	25	1	0	2	909	1052	1357	1787	2319	2769	3051	3180	3150	3050	2914	2742	2482	2370	2210	2113	2088	2163	2376	2647	2938	3066	3147	3089	2950	2859	2669	2471	2322	2159	2076	1934	
76	7313	60.0	60.1	25	1	1	2	995	1253	1883	2800	3804	4696	5151	5272	5138	4891	4558	4163	3812	3433	3100	2850	2740	2784	2960	3248	3603	3780	3866	3807	3679	3426	3166	2936	2694	2482	2345	2201	
76	7330	59.9	60.0	25	1	1	2	1008	1255	1890	2787	3848	4735	5226	5278	5194	4920	4576	4209	3805	3414	3088	2888	2772	2779	2955	3263	3599	3782	3892	3824	3674	3450	3177	2936	2702	2527	2353	2200	
76	7347	59.9	60.0	25	1	1	2	1001	1265	1893	2798	3881	4770	5250	5366	5245	4948	4618	4235	3854	3458	3134	2934	2790	2798	2984	3308	3637	3765	3916	3829	3688	3482	3183	2930	2741	2504	2348	2181	
76	7364	59.9	60.0	25	1	1	2	1008	1267	1897	2771	3845	4746	5218	5300	5192	4924	4619	4206	3786	3456	3137	2889	2784	2784	2989	3278	3624	3818	3892	3831	3598	3477	3193	2920	2687	2476	2315	2154	
76	7382	59.9	60.0	25	1	1	2	980	1260	1890	2753	3849	4746	5164	5224	5203	4897	4565	4207	3797	3414	3112	2872	2772	2747	2938	3275	3583	3761	3849	3823	3646	3427	3179	2926	2707	2490	2361	2174	
76	7399	60.0	60.0	25	1	1	2	997	1255	1870	2756	3834	4736	5179	5322	5141	4881	4521	4193	3798	3431	3107	2867	2779	2744	2971	3288	3605	3766	3866	3805	3633	3450	3182	2938	2688	2484	2333	2151	
76	7416	60.0	60.0	25	1	1	2	996	1264	1897	2781	3818	4693	5203	5249	5176	4875	4554	4158	3828	3432	3133	2871	2763	2737	2963	3244	3589	3764	3884	3788	3654	3478	3200	2924	2705	2485	2348	2183	
76	7479	95.0	95.0	26	1	0	2	904	1013	1341	1786	2296	2766	3037	3134	3146	3036	2888	2717	2539	2351	2195	2092	2088	2182	2358	2653	2876	3062	3119	3090	2909	2800	2647	2442	2320	2186	2045	1950	
76	7496	95.0	95.0	26	1	0	2	914	1036	1354	1754	2277	2771	3040	3141	3096	3016	2845	2728	2512	2297	2172	2095	2116	2195	2391	2634	2873	3048	3112	3082	2936	2806	2629	2475	2306	2157	2053	1923	
76	7559	60.0	60.1	26	1	1	2	1000	1248	1862	2743	3778	4679	5091	5205	5137	4864	4509	4123	3742	3412	3090	2850	2768	2779	2944	3238	3593	3761	3845	3785	3619	3464	3160	2901	2698	2463	2346	2162	
76	7576	59.9	60.0	26	1	1	2	1006	1253	1864	2738	3760	4601	5132	5188	5128	4868	4480	4138	3743	3388	3087	2855	2756	2757	2929	3263	3573	3808	3819	3810	3635	3453	3167	2911	2690	2471	2328	2169	
76	7593	59.9	60.0	26	1	1	2	1012	1264	1892	2772	3834	4742	5198	5297	5127	4947	4517	4202	3800	3435	3133	2900	2782	2787	2967	3246	3621	3777	3882	3828	3637	3481	3183	2950	2714	2470	2333	2173	
76	7611	59.9	60.0	26	1	1	2	1000	1261	1877	2777	3813	4698	5174	5261	5156	4852	4522	4145	3791	3434	3081	2871	2739	2734	2942	3326	3617	3752	3830	3801	3578	3427	3185	2928	2683	2505	2328	2164	
76	7628	60.0	60.0	26	1	1	2	998	1256	1882	2770	3797	4658	5182	5251	5154	4850	4505	4176	3762	3393	3116	2852	2742	2750	2940	3255	3597	3743	3869	3797	3608	3421	3156	2913	2680	2493	2338	2168	
76	7645	60.0	60.0	26	1	1	2	985	1263	1911	2752	3810	4675	5124	5244	5165	4875	4472	4145	3790	3405	3090	2855	2752	2774	2950	3247	3630	3762	3843	3813	3635	3434	3141	2895	2682	2476	2310	2166	
76	7662	59.9	60.0	26	1	1	2	1057	1261	1887	2769	3818	4674	5134	5245	5115	4895	4493	4172	3768	3439	3103	2855	2748	2752	2953	3237	3601	3754	3863	3781	3612	3414	3180	2904	2678	2453	2349	2173	
76	7725	94.9	95.0	27	1	0	2	913	1056	1318	1790	2309	2794	3048	3153	3124	3064	2883	2732	2558	2349	2190	2093	2102	2200	2376	2640	2905	3049	3149	3079	2981	2842	2666	2483	2329	2163	2066	1920	
76	7742	94.9	95.0	27	1	0	2	921	1035	1342	1782	2301	2743	3037	3160	3148	3044	2865	2717	2507	2302	2187	2101	2091	2169	2411	2620	2916	3037	3107	3035	2948	2824	2620	2457	2335	2155	2034	1922	
76	7805	60.0	60.1	27	1	1	2	997	1265	1885	2718	3830	4706	5162	5255	5186	4898	4505	4195	3740	3384	3100	2863	2767	2727	2958	3244	3571	3745	3876	3776	3630	3448	3193	2931	2712	2506	2334	2169	
76	7822	59.9	60.0	27	1	1	2	1004	1273	1887	2781	3844	4712	5170	5338	5192	4905	4522	4200	3801	3417	3113	2917	2783	2754	2953	3291	3636	3804	3896	3838	3648	3478	3167	2957	2723	2504	2368	2198	
76	7839	59.9	60.0	27	1	1	2	989	1254	1904	2808	3834	4768	5268	5340	5188	4954	4583	4240	3864	3450	3147	2901	2798	2791	3004	3251	3669	3807	3864	3876	3690	3483	3203	2926	2696	2520	2335	2172	
76	7857	60.0	60.0	27	1	1	2	1001	1252	1873	2818	3855	4745	5211	5326	5280	4952	4542	4189	3833	3430	3114	2874	2772	2807	2961	3280	3616	3796	3902	3814	3667	3502	3204	2916	2733	2507	2340	2186	
76	7874	60.0	60.0	27	1	1	2	989	1246	1884	2783	3829	4738	5214	5310	5148	4901	4501	4174	3763	3416	3116	2846	2740	2782	2981	3240	3585	3793	3865	3828	3634	3437	3172	2937	2701	2468	2344	2171	
76	7891	59.9	60.0	27	1	1	2	985	1245	1878	2761	3845	4739	5164	5254	5208	4881	4538	4201	3800	3440	3128	2888	2774	2758	2935	3261	3623	3763	3853	3798	3619	3466	3166	2936	2700	2476	2356	2183	
76	7908	60.0	60.0	27	1	1	2	987	1253	1886	2777	3851	4737	5163	5292	5176	4922	4536	4184	3789	3428	3133	2874	2770	2771	2972	3255	3634	3757	3894	3792	3644	3492	3190	2921	2691	2514	2337	2213	
76	7973	95.0	95.1	28	1	0	2	921	1046	1357	1782	2318	2798	3045	3203	3160	3034	2881	2729	2498	2323	2197	2104	2116	2181	2363	2634	2910	3070	3139	3076	2976	2832	2664	2491	2313	2181	2054	1919	
76	7990	95.0	95.0	28	1	0	2	924	1033	1344	1789	2320	2765	3058	3147	3140	3064	2867	2689	2498	2379	2199	2097	2034	2196	2383	2630	2923	3057	3105	3088	2944	2834	2646	2477	2312	2148	2042	1935	
76	8053	59.9	60.1	28	1	1	2	1002	1247	1914	2766	3819	4730	5175	5278	5157	4882	4545	4147	3763	3452	3117	2861	2776	2786	2976	3270	3607	3769	3901	3782	3633	3497	3163	2940	2680	2495	2346	2145	
76	8070	59.9	60.0	28	1	1	2	1013	1255	1886	2791	3817	4679	5181	5284	5223	4892	4529	4158	3805	3366	3128	2910	2769	2756	2950	3246	3611	3770	3862	3819	3646	3474	3176	2955	2711	2467	2325	2178	
76	8087	60.0	60.0	28	1	1	2	990	1268	1909	2796	3870	4769	5230	5295	5258	4948	4556	4216	3808	3420	3115	2915	2797	2792	2984	3249	3610	3819	3946	3837	3674	3467	3203	2929	2739	2495	2367	2197	
76	8105	60.0	60.0	28	1	1	2	1018	1239	1906	2786	3887	4745	5251	5317	5248	4937	4560	4243	3845	3445	3132	2902	2793	2788	2964	3250	3629	3788	3949	3835	3673	3455	3201	2949	2723	2506	2343	2229	
76	8122	60.0	60.0	28	1	1	2	1005	1255	1869	2761	3788	4707	5157	5232	5150	4870	4534	4135	3733	3417	3090	2880	2777	2758	2978	3240	3611	3753	3865	3778	3617	3414	3157	2890	2690	2479	2329	2181	
76	8139	60.0	60.0	28	1	1	2	999	1262	1883	2804	3846	4752	5194	5294	5202	4918	4509	4212	3775	3458	3131	2888	2762	2772	2966	3279	3616	3793	3906	3793	3680	3449	3189	2922	2707	2484	2370	2167	
76	8156	59.9	60.0	28	1	1	2	996	1260	1880	2760	3847	4724	5139	5274	5193	4884	4576	4195	3790	3409	3112	2877	2741	2824	2969	3260	3593	3784	3886	3810	3620	3455	3180	2949	2727	2467	2358	2167	
76	8221	94.9	95.1	29	1	0	2	921	1036	1334	1795	2325	2755	3031	3157	3163	3039	2902	2702	2500	2352	2222	2127	2106	2178	2358	2649	2935	3052	3130	3113	2931	2868	2624	2499	2321	2171	2046	1918	
76	8238	95.0	95.0	29	1	0	2	918	1034	1346	1770	2312	2755	3034	3119	3154	3032	2892	2714	2554	2326	2201	2094	2079	2200	2375	2635	2901	3058	3118	3063	2956	2838	2633	2453	2280	2142	2040	1923	
76	8301	59.8	60.1	29	1	1	2	969	1260	1899	2737	3833	4693	5150	5253	5142	4896	4510	4156	3781	3406	3102	2869	2786	2741	2933	3264	3596	3775	3912	3805	3633	3426	3187	2909	2683	2459	2329	2166	
76	8318	59.9	60.0	29	1	1	2	1005	1285	1893	2774	3829	4697	5202	5254	5164	4874	4539	4160	3786	3396	3096	2881	2755	2784	2959	3244	3616	3768	3867	3806	3650	3468	3179	2938	2720	2482	2370	2170	
76	8335	60.0	60.0	29	1	1	2	1008	1258	1904	2789	3871	4760	5232	5331	5256	4969	4601	4194	3812	3443	3123	2907	2768	2794	2970	3299	3616	3796	3869	3823	3662	3492	3186	2950	2737	2512	2357	2165	
76	8353	60.0	60.0	29	1	1	2	998	1247	1906	2779	3872	4736	5227	5293	5232	4962	4523	4157	3785	3459	3133	2917	2767	2766	2953	3275	3586	3798	3886	3822	3661	3458	3177	2939	2693	2514	2358	2167	
76	8370	60.0	60.0	29	1	1	2	990	1266	1910	2788	3825	4742	5260	5298	5174	4974	4567	4169	3809	3453	3144	2923	2781	2752	2968	3237	3585	3746	3907	3819	3643	3465	3174	2952	2724	2505	2384	2151	
76	8387	59.9	60.0	29	1	1	2	1007	1230	1900	2776	3815	4688	5173	5249	5138	4906	4556	4170	3786	3409	3090	2866	2764	2772	2955	3277	3572	3781	3862	3803	3624	3436	3171	2914	2687	2515	2328	2186	
76	8404	60.0	60.0	29	1	1	2	1000	1265	1889	2771	3806	4717	5145	5266	5181	4903	4496	4180	3794	3434	3108	2887	2741	2785	2951	3242	3607	3771	3876	3781	3626	3464	3163	2903	2697	2497	2338	2175	
76	8467	95.0	95.0	30	1	0	2	911	1041	1348	1765	2312	2782	3067	3136	3165	3080	2900	2749	2501	2347	2207	2112	2137	2173	2407	2622	2916	3083	3160	3099	2948	2839	2650	2498	2312	2179	2035	1927	
76	8484	95.0	95.0	30	1	0	2	923	1036	1344	1734	2293	2734	3059	3142	3141	3036	2862	2692	2519	2340	2168	2117	2087	2173	2381	2656	2914	3053	3128	3067	2966	2826	2653	2441	2322	2138	2052	1926	
76	8547	59.9	60.1	30	1	1	2	1006	1252	1894	2747	3827	4714	5143	5250	5127	4881	4537	4175	3785	3440	3092	2875	2756	2729	2952	3248	3584	3783	3872	3803	3627	3478	3144	2899	2717	2506	2363	2167	
76	8564	59.9	60.0	30	1	1	2	1009	1245	1900	2772	3832	4742	5213	5281	5205	4914	4552	4194	3820	3467	3148	2882	2777	2748	2973	3259	3636	3781	3885	3799	3651	3474	3165	2953	2709	2496	2326	2180	
76	8582	60.0	60.0	30	1	1	2	1000	1248	1889	2814	3904	4796	5229	5346	5269	4985	4597	4236	3846	3473	3154	2876	2776	2797	2996	3296	3637	3773	3928	3899	3666	3489	3182	2932	2739	2521	2364	2184	
76	8599	60.0	60.0	30	1	1	2	1004	1278	1871	2789	3869	4765	5225	5304	5187	4919	4549	4193	3785	3454	3102	2893	2747	2842	2928	3310	3630	3793	3888	3799	3606	3479	3130	2953	2700	2497	2331	2192	
76	8616	60.0	60.0	30	1	1	2	1014	1269	1881	2740	3868	4748	5209	5303	5193	4941	4585	4169	3823	3439	3130	2860	2761	2795	2954	3237	3605	3764	3893	3841	3664	3430	3147	2919	2709	2485	2372	2156	
76	8633	60.0	60.0	30	1	1	2	1008	1256	1906	2749	3843	4716	5166	5264	5210	4892	4573	4184	3797	3460	3138	2880	2768	2783	2962	3266	3618	3771	3857	3784	3666	3469	3148	2940	2686	2492	2328	2200	
76	8651	60.0	60.0	30	1	1	2	993	1255	1888	2795	3792	4750	5195	5338	5184	4899	4582	4175	3777	3444	3127	2864	2751	2766	2964	3275	3583	3814	3878	3817	3602	3462	3178	2917	2723	2499	2323	2164	
76	8715	95.0	95.1	31	1	0	2	913	1058	1342	1776	2305	2779	3021	3153	3160	3083	2890	2742	2528	2353	2216	2084	2080	2231	2376	2661	2908	3058	3154	3074	2961	2844	2657	2488	2340	2167	2048	1943	
76	8732	95.0	95.0	31	1	0	2	921	1034	1360	1769	2277	2740	3021	3125	3132	3046	2872	2734	2530	2318	2189	2105	2094	2190	2375	2640	2904	3046	3114	3069	2948	2808	2656	2494	2304	2132	2040	1920	
76	8795	59.9	60.1	31	1	1	2	996	1263	1873	2738	3816	4697	5133	5262	5196	4927	4565	4200	3828	3438	3114	2898	2767	2767	2976	3277	3622	3819	3889	3796	3625	3439	3146	2925	2696	2479	2352	2175	
76	8812	60.0	60.0	31	1	1	2	1025	1256	1891	2768	3859	4723	5187	5308	5202	4918	4546	4190	3755	3435	3137	2848	2754	2763	2982	3292	3637	3784	3897	3829	3649	3461	3147	2950	2705	2510	2332	2177	
76	8830	60.0	60.0	31	1	1	2	992	1263	1922	2793	3869	4774	5216	5325	5238	4965	4563	4226	3851	3464	3139	2893	2813	2795	2986	3290	3589	3806	3930	3824	3670	3478	3217	2950	2725	2493	2368	2197	
76	8847	60.0	60.0	31	1	1	2	985	1273	1876	2793	3873	4738	5238	5360	5217	4944	4618	4168	3809	3452	3163	2899	2747	2767	2956	3282	3620	3775	3877	3802	3621	3499	3216	2904	2698	2492	2360	2160	
76	8864	60.0	60.0	31	1	1	2	1021	1250	1887	2771	3846	4708	5188	5266	5208	4932	4565	4210	3787	3452	3130	2915	2744	2774	2983	3269	3606	3777	3883	3844	3655	3429	3228	2936	2730	2489	2354	2199	
76	8881	60.0	60.0	31	1	1	2	997	1259	1889	2791	3836	4760	5177	5312	5176	4930	4564	4231	3808	3438	3140	2918	2748	2795	2962	3270	3591	3769	3912	3835	3657	3418	3172	2904	2722	2481	2370	2177	
76	8899	59.9	60.0	31	1	1	2	1002	1253	1902	2790	3805	4728	5162	5271	5162	4866	4558	4191	3802	3432	3114	2874	2752	2765	2981	3255	3599	3808	3822	3810	3627	3448	3187	2925	2685	2488	2353	2168	
76	8961	95.1	95.1	32	1	0	2	937	1042	1306	1774	2308	2783	3036	3159	3179	3066	2897	2702	2538	2349	2202	2105	2087	2179	2391	2642	2898	3051	3144	3073	2936	2826	2652	2426	2316	2180	2048	1905	
76	8978	95.0	95.0	32	1	0	2	921	1034	1348	1782	2320	2738	3023	3150	3121	3067	2904	2705	2532	2354	2215	2125	2086	2197	2388	2665	2931	3035	3137	3080	2938	2846	2624	2436	2300	2159	2055	1921	
76	9041	59.9	60.1	32	1	1	2	1009	1265	1865	2751	3820	4692	5160	5311	5168	4941	4546	4220	3805	3428	3114	2854	2753	2753	2981	3226	3608	3764	3901	3833	3660	3462	3187	2953	2731	2493	2340	2193	
76	9059	59.9	60.0	32	1	1	2	985	1248	1873	2748	3812	4694	5176	5241	5154	4908	4545	4192	3803	3455	3116	2884	2757	2776	2939	3248	3613	3804	3845	3815	3665	3456	3166	2910	2710	2496	2327	2169	
76	9076	60.0	60.0	32	1	1	2	1009	1272	1911	2786	3859	4750	5261	5314	5245	4950	4561	4188	3795	3452	3164	2881	2792	2802	2986	3298	3656	3798	3900	3835	3638	3459	3189	2934	2697	2512	2343	2177	
76	9093	60.0	60.0	32	1	1	2	1000	1250	1901	2748	3825	4732	5210	5269	5255	4922	4573	4226	3799	3463	3126	2866	2772	2784	2954	3272	3616	3818	3876	3838	3645	3429	3171	2942	2706	2457	2327	2174	
76	9110	60.0	60.0	32	1	1	2	996	1250	1876	2767	3848	4697	5186	5281	5164	4882	4533	4189	3834	3423	3116	2888	2774	2790	2975	3283	3639	3783	3854	3794	3632	3400	3176	2917	2700	2483	2346	2164	
76	9128	60.0	60.0	32	1	1	2	1005	1257	1902	2759	3822	4704	5157	5310	5231	4897	4516	4194	3777	3420	3106	2856	2733	2770	2897	3236	3574	3722	3877	3817	3612	3427	3168	2904	2705	2470	2353	2173	
76	9145	59.9	60.0	32	1	1	2	976	1266	1894	2778	3842	4693	5134	5260	5177	4879	4517	4181	3762	3410	3091	2871	2756	2776	2951	3250	3604	3765	3861	3744	3599	3472	3197	2909	2701	2482	2346	2166	
76	9207	95.0	95.0	33	1	0	2	925	1042	1354	1777	2333	2771	3046	3170	3176	3074	2899	2725	2540	2321	2212	2114	2100	2180	2406	2654	2953	3100	3138	3060	2965	2806	2665	2444	2318	2180	2056	1937	
76	9225	95.0	95.0	33	1	0	2	917	1048	1343	1784	2297	2762	3040	3142	3158	3020	2896	2735	2531	2366	2221	2075	2112	2135	2388	2646	2926	3070	3117	3085	2984	2803	2646	2470	2324	2160	2045	1916	
76	9287	60.0	60.1	33	1	1	2	1003	1262	1858	2753	3788	4681	5160	5221	5169	4892	4478	4150	3793	3436	3056	2833	2762	2751	2934	3264	3584	3765	3855	3815	3648	3436	3182	2885	2686	2475	2323	2166	
76	9305	59.9	60.0	33	1	1	2	1023	1265	1900	2773	3837	4720	5218	5313	5224	4922	4555	4184	3805	3433	3164	2892	2742	2841	2945	3244	3601	3808	3885	3786	3609	3472	3178	2937	2695	2498	2366	2172	
76	9322	59.9	60.0	33	1	1	2	1005	1264	1895	2809	3825	4738	5190	5330	5226	4905	4570	4243	3826	3453	3156	2886	2785	2788	2975	3259	3616	3788	3876	3831	3682	3452	3180	2922	2710	2494	2350	2185	
76	9339	59.9	60.0	33	1	1	2	1018	1249	1903	2767	3823	4753	5191	5310	5234	4923	4579	4184	3774	3408	3108	2842	2750	2764	2958	3290	3585	3751	3897	3793	3625	3431	3180	2941	2697	2506	2364	2170	
76	9356	59.9	60.0	33	1	1	2	997	1253	1905	2798	3828	4722	5235	5277	5208	4921	4581	4203	3782	3412	3142	2887	2766	2771	2951	3283	3618	3805	3876	3814	3641	3449	3140	2948	2696	2471	2358	2164	
76	9374	60.0	60.0	33	1	1	2	997	1251	1886	2735	3839	4724	5192	5312	5184	4900	4570	4239	3787	3427	3152	2891	2782	2777	2974	3240	3579	3750	3887	3843	3640	3461	3217	2913	2709	2519	2336	2181	
76	9391	59.9	60.0	33	1	1	2	997	1272	1889	2814	3847	4739	5182	5299	5211	4929	4558	4180	3828	3449	3109	2866	2773	2762	2971	3278	3628	3733	3867	3832	3645	3453	3180	2942	2688	2510	2371	2167	
76	9454	95.0	95.0	34	1	0	2	929	1036	1354	1798	2316	2793	3096	3181	3200	3060	2903	2732	2512	2357	2226	2135	2094	2189	2385	2647	2933	3055	3158	3106	2985	2864	2666	2473	2310	2167	2050	1927	
76	9471	95.0	95.0	34	1	0	2	901	1025	1331	1783	2320	2753	3062	3142	3160	3059	2870	2701	2539	2348	2202	2130	2118	2187	2396	2651	2920	3044	3152	3056	2957	2829	2651	2452	2304	2142	2041	1913	
76	9533	59.9	60.1	34	1	1	2	997	1247	1879	2777	3826	4688	5188	5282	5160	4880	4560	4163	3760	3396	3075	2852	2778	2746	2947	3269	3601	3747	3874	3777	3657	3443	3160	2926	2702	2495	2355	2176	
76	9551	60.0	60.0	34	1	1	2	1016	1168	1866	2768	3824	4714	5219	5305	5140	4888	4543	4186	3809	3443	3118	2913	2746	2786	2976	3269	3600	3794	3925	3815	3630	3455	3186	2921	2732	2492	2322	2193	
76	9568	60.0	60.0	34	1	1	2	1036	1257	1899	2818	3912	4787	5269	5355	5237	4975	4624	4253	3861	3454	3144	2920	2801	2801	2997	3293	3644	3792	3884	3804	3650	3472	3192	2947	2705	2464	2344	2192	
76	9585	59.9	60.0	34	1	1	2	1009	1259	1894	2798	3881	4758	5208	5326	5233	4935	4551	4224	3830	3437	3126	2876	2751	2807	2963	3268	3628	3768	3914	3806	3675	3464	3219	2922	2701	2494	2335	2181	
76	9602	60.0	60.0	34	1	1	2	1007	1248	1890	2753	3845	4743	5202	5260	5162	4905	4546	4188	3805	3441	3137	2894	2770	2798	3006	3272	3607	3815	3867	3854	3632	3476	3164	2929	2711	2492	2369	2184	
76	9620	60.0	60.0	34	1	1	2	996	1256	1878	2766	3834	4694	5146	5244	5178	4931	4524	4180	3771	3427	3114	2865	2777	2772	2943	3244	3610	3774	3894	3834	3627	3417	3171	2940	2672	2494	2373	2151	
76	9637	60.0	60.0	34	1	1	2	1014	1252	1876	2775	3835	4680	5181	5251	5158	4883	4572	4157	3791	3435	3112	2879	2763	2750	2961	3268	3584	3760	3855	3784	3657	3419	3196	2925	2715	2490	2339	2164	
76	9701	95.0	95.1	35	1	0	2	912	1041	1337	1785	2312	2781	3078	3198	3155	3089	2871	2726	2507	2362	2205	2079	2097	2195	2389	2657	2926	3092	3145	3088	2963	2840	2625	2465	2302	2184	2032	1912	
76	9719	95.0	95.0	35	1	1	2	910	1043	1354	1786	2300	2751	3015	3164	3117	3030	2869	2714	2513	2362	2210	2111	2092	2190	2391	2650	2920	3045	3130	3068	2963	2816	2636	2458	2312	2144	2034	1935	
76	9782	59.9	60.1	35	1	1	2	991	1244	1872	2760	3796	4686	5111	5227	5125	4888	4491	4179	3761	3402	3124	2848	2735	2749	2937	3255	3567	3782	3871	3785	3615	3422	3175	2928	2719	2490	2346	2184	
76	9799	60.0	60.0	35	1	1	2	989	1255	1865	2758	3867	4702	5185	5244	5152	4884	4530	4172	3762	3412	3127	2878	2738	2767	2938	3236	3611	3780	3885	3781	3635	3437	3161	2900	2711	2475	2367	2180	
76	9816	59.9	60.0	35	1	1	2	1004	1273	1883	2797	3824	4746	5216	5318	5202	4935	4589	4227	3809	3412	3091	2899	2793	2777	2977	3264	3572	3798	3873	3809	3655	3449	3184	2912	2700	2491	2338	2169	
76	9833	60.0	60.0	35	1	1	2	989	1254	1896	2781	3828	4727	5218	5321	5154	4933	4523	4203	3801	3401	3115	2876	2740	2768	2938	3266	3581	3747	3896	3778	3656	3452	3188	2932	2722	2503	2333	2167	
76	9851	60.0	60.0	35	1	1	2	998	1249	1897	2765	3808	4715	5128	5307	5131	4909	4546	4174	3792	3412	3117	2872	2741	2765	2957	3241	3585	3740	3863	3783	3621	3457	3147	2902	2680	2480	2311	2162	
76	9868	60.0	60.0	35	1	1	2	1000	1272	1891	2762	3839	4701	5210	5254	5178	4900	4507	4192	3746	3405	3114	2873	2744	2748	2912	3275	3585	3739	3859	3799	3604	3456	3133	2887	2718	2489	2321	2195	
76	9885	59.9	60.0	35	1	1	2	1007	1253	1894	2775	3801	4734	5179	5257	5152	4919	4555	4181	3770	3445	3118	2888	2773	2750	2949	3241	3592	3742	3872	3789	3620	3428	3172	2920	2685	2468	2333	2174	
76	9950	95.0	95.1	36	1	0	2	928	1051	1347	1783	2295	2808	3036	3134	3148	3072	2910	2692	2541	2353	2197	2109	2123	2170	2374	2654	2949	3051	3131	3047	2956	2824	2617	2471	2313	2139	2029	1910	
76	9967	95.0	95.0	36	1	0	2	920	1087	1332	1770	2329	2789	3032	3132	3170	3045	2877	2713	2527	2340	2195	2093	2095	2165	2406	2650	2910	3070	3120	3104	2989	2834	2671	2468	2285	2177	2035	1912	
76	10030	59.9	60.1	36	1	1	2	990	1267	1886	2766	3845	4712	5189	5256	5192	4941	4527	4149	3783	3400	3120	2883	2764	2767	2934	3233	3612	3771	3857	3813	3645	3410	3192	2926	2710	2516	2341	2211	
76	10047	59.9	60.0	36	1	1	2	1027	1252	1899	2794	3806	4744	5231	5288	5182	4911	4577	4169	3798	3421	3112	2859	2759	2758	2971	3245	3622	3768	3875	3808	3648	3444	3156	2921	2731	2512	2355	2209	
76	10064	60.0	60.0	36	1	1	2	1000	1254	1892	2793	3848	4765	5234	5333	5207	4940	4601	4239	3816	3474	3113	2909	2785	2792	2982	3277	3603	3804	3902	3837	3664	3472	3152	2932	2727	2518	2347	2209	
76	10081	59.9	60.0	36	1	1	2	1018	1262	1899	2789	3831	4790	5224	5281	5198	4966	4580	4219	3824	3427	3137	2884	2758	2825	2965	3270	3633	3804	3891	3820	3641	3477	3182	2931	2702	2482	2362	2185	
76	10099	59.9	60.0	36	1	1	2	1010	1258	1935	2797	3852	4744	5145	5323	5209	4929	4559	4203	3816	3471	3128	2877	2779	2777	2968	3284	3613	3809	3911	3800	3636	3419	3186	2906	2695	2496	2350	2180	
76	10116	60.0	60.0	36	1	1	2	1000	1264	1892	2775	3830	4727	5200	5285	5146	4880	4534	4198	3769	3425	3110	2876	2772	2765	2942	3262	3640	3764	3862	3776	3610	3455	3189	2930	2677	2460	2348	2196	
76	10133	60.0	60.0	36	1	1	2	1015	1243	1897	2778	3838	4722	5172	5274	5206	4925	4546	4183	3804	3435	3123	2884	2786	2764	2937	3270	3639	3766	3864	3798	3647	3480	3164	2904	2698	2486	2346	2187	
76	10196	95.0	95.0	37	1	0	2	931	1049	1328	1760	2309	2769	3082	3172	3141	3069	2884	2723	2508	2334	2208	2117	2120	2178	2389	2629	2921	3050	3135	3077	2976	2829	2643	2458	2311	2196	2047	1920	
76	10213	95.0	95.0	37	1	0	2	923	1047	1357	1790	2318	2788	3017	3165	3129	3028	2865	2693	2496	2320	2195	2141	2092	2208	2375	2644	2923	3048	3154	3055	2965	2834	2621	2484	2307	2149	2046	1910	
76	10276	59.9	60.1	37	1	1	2	992	1259	1890	2775	3841	4750	5222	5325	5221	4903	4538	4210	3807	3457	3112	2882	2757	2793	2972	3269	3621	3781	3904	3830	3644	3509	3196	2963	2709	2510	2348	2172	
76	10293	59.9	60.0	37	1	1	2	1001	1246	1874	2766	3829	4719	5198	5315	5170	4904	4528	4184	3775	3466	3120	2895	2759	2789	2979	3263	3568	3786	3890	3848	3646	3462	3208	2933	2746	2490	2347	2192	
76	10310	59.9	60.0	37	1	1	2	1008	1274	1891	2786	3854	4763	5232	5308	5237	4967	4597	4243	3875	3479	3128	2870	2825	2776	2969	3284	3601	3795	3922	3832	3663	3434	3212	2962	2702	2519	2362	2183	
76	10327	60.0	60.0	37	1	1	2	1005	1249	1888	2780	3836	4746	5217	5285	5240	4901	4584	4189	3791	3458	3139	2861	2762	2807	2996	3265	3597	3764	3907	3843	3638	3443	3165	2923	2695	2512	2337	2212	
76	10345	60.0	60.0	37	1	1	2	1009	1279	1885	2792	3825	4715	5190	5342	5196	4922	4578	4198	3809	3470	3133	2883	2769	2769	2984	3296	3646	3774	3868	3829	3665	3436	3190	2896	2712	2475	2344	2207	
76	10362	60.0	60.0	37	1	1	2	990	1258	1896	2781	3850	4719	5218	5304	5224	4943	4552	4215	3835	3439	3112	2889	2755	2791	2972	3272	3616	3788	3860	3840	3642	3469	3165	2937	2694	2508	2341	2164	
76	10379	60.0	60.0	37	1	1	2	1000	1279	1903	2792	3820	4737	5228	5298	5175	4903	4551	4178	3782	3431	3154	2879	2772	2772	2922	3277	3578	3769	3899	3831	3636	3451	3164	2934	2721	2488	2340	2196	
76	10444	94.9	95.1	38	1	0	2	912	1039	1336	1784	2355	2778	3070	3152	3155	3037	2886	2720	2480	2312	2190	2098	2131	2181	2393	2664	2908	3063	3123	3097	2967	2825	2645	2462	2298	2155	2069	1914	
76	10461	95.0	95.0	38	1	1	2	916	1026	1358	1798	2298	2752	3054	3145	3168	3058	2876	2706	2509	2331	2205	2135	2089	2196	2396	2638	2897	3045	3098	3072	3000	2808	2647	2472	2326	2168	2059	1922	
76	10524	59.9	60.1	38	1	1	2	1001	1259	1879	2768	3795	4682	5178	5234	5178	4912	4527	4149	3760	3415	3095	2884	2735	2770	2953	3252	3621	3754	3856	3795	3605	3397	3179	2931	2705	2478	2344	2173	
76	10541	60.0	60.0	38	1	1	2	992	1271	1887	2751	3817	4727	5165	5265	5177	4873	4533	4164	3767	3438	3137	2878	2773	2751	2979	3264	3575	3771	3856	3824	3639	3414	3138	2922	2704	2497	2329	2185	
76	10558	59.9	60.0	38	1	1	2	986	1231	1899	2782	3894	4733	5252	5316	5209	4936	4584	4211	3827	3457	3116	2907	2789	2784	2973	3249	3600	3816	3912	3826	3645	3465	3168	2935	2733	2490	2345	2203	
76	10576	60.0	60.0	38	1	1	2	1001	1268	1895	2774	3892	4755	5214	5308	5192	4915	4573	4244	3768	3447	3163	2895	2778	2744	2982	3288	3609	3783	3869	3800	3646	3462	3166	2941	2716	2505	2366	2190	
76	10593	60.0	60.0	38	1	1	2	994	1270	1888	2774	3848	4714	5221	5312	5211	4952	4572	4203	3817	3456	3162	2902	2796	2793	2967	3260	3627	3770	3890	3826	3653	3418	3170	2935	2725	2494	2299	2171	
76	10610	60.0	60.0	38	1	1	2	1004	1257	1876	2766	3856	4726	5194	5286	5176	4902	4507	4210	3846	3459	3125	2866	2773	2785	2951	3311	3664	3747	3871	3813	3645	3474	3166	2928	2703	2496	2370	2190	
76	10627	60.0	60.0	38	1	1	2	1000	1270	1901	2755	3837	4724	5186	5324	5181	4900	4523	4163	3769	3434	3135	2858	2724	2754	2967	3250	3620	3767	3881	3785	3639	3434	3181	2932	2703	2488	2332	2170	
76	10692	95.0	95.1	39	1	0	2	918	1038	1349	1773	2322	2785	3045	3161	3154	3066	2927	2721	2531	2340	2208	2122	2106	2191	2396	2660	2911	3044	3131	3091	2949	2829	2666	2476	2326	2190	2063	1938	
76	10709	95.0	95.0	39	1	0	2	900	1036	1325	1771	2293	2752	3047	3165	3133	3058	2888	2705	2525	2323	2187	2108	2097	2221	2389	2648	2906	3052	3117	3061	2954	2858	2628	2464	2313	2184	2039	1902	
76	10772	60.0	60.1	39	1	1	2	1009	1251	1871	2771	3808	4720	5204	5293	5183	4889	4505	4184	3798	3436	3115	2875	2768	2759	2940	3293	3629	3752	3877	3776	3638	3471	3176	2915	2699	2508	2356	2202	
76	10789	59.9	60.0	39	1	1	2	1018	1260	1862	2738	3835	4694	5132	5282	5200	4879	4509	4178	3762	3446	3121	2855	2750	2769	2928	3247	3582	3745	3863	3795	3638	3448	3174	2936	2720	2482	2326	2193	
76	10806	59.9	60.0	39	1	1	2	1002	1263	1897	2806	3853	4762	5296	5335	5216	4925	4573	4245	3837	3472	3137	2906	2807	2801	3000	3261	3627	3785	3911	3850	3691	3472	3214	2936	2710	2507	2347	2205	
76	10824	60.0	60.0	39	1	1	2	1000	1254	1899	2789	3881	4782	5222	5370	5229	4931	4599	4235	3810	3488	3164	2903	2789	2791	2959	3324	3612	3809	3883	3836	3656	3480	3190	2971	2724	2518	2373	2178	
76	10841	60.0	60.0	39	1	1	2	1010	1265	1888	2769	3872	4750	5174	5320	5208	4944	4585	4201	3798	3418	3135	2901	2787	2785	2975	3273	3626	3741	3889	3803	3689	3438	3196	2953	2721	2490	2329	2175	
76	10858	60.0	60.0	39	1	1	2	1000	1253	1922	2737	3826	4725	5185	5260	5182	4900	4545	4147	3803	3410	3088	2884	2760	2777	2958	3282	3608	3796	3894	3803	3623	3433	3162	2913	2702	2497	2341	2164	
76	10875	59.9	60.0	39	1	1	2	1012	1248	1917	2770	3837	4714	5189	5260	5165	4918	4513	4170	3793	3457	3139	2877	2793	2783	2934	3270	3595	3785	3923	3777	3629	3447	3208	2920	2705	2493	2362	2153	
76	10938	95.0	95.0	40	1	0	2	904	1044	1346	1799	2292	2796	3068	3168	3147	3058	2879	2722	2543	2351	2230	2096	2137	2214	2372	2646	2918	3058	3121	3107	2982	2836	2630	2461	2350	2159	2032	1902	
76	10955	95.0	95.0	40	1	0	2	912	1058	1349	1777	2312	2775	3045	3144	3160	3054	2881	2741	2542	2339	2202	2117	2100	2181	2398	2634	2940	3024	3156	3078	2981	2840	2628	2483	2322	2152	2046	1926	
76	11018	59.9	60.1	40	1	1	2	1014	1245	1904	2805	3810	4737	5196	5258	5206	4902	4577	4198	3792	3446	3117	2863	2751	2760	2959	3250	3588	3771	3881	3808	3637	3451	3182	2917	2713	2494	2341	2157	
76	11035	59.9	60.0	40	1	1	2	1000	1248	1879	2796	3845	4697	5173	5274	5208	4879	4549	4205	3802	3418	3130	2873	2765	2780	2969	3264	3624	3768	3879	3817	3633	3462	3173	2939	2691	2494	2346	2200	
76	11053	59.9	60.0	40	1	1	2	991	1253	1900	2796	3908	4779	5268	5329	5265	4975	4577	4261	3809	3440	3162	2901	2768	2822	2966	3306	3614	3828	3888	3851	3656	3467	3202	2950	2687	2498	2345	2169	
76	11070	59.9	60.0	40	1	1	2	1000	1265	1892	2792	3855	4749	5232	5326	5203	4926	4553	4215	3797	3470	3128	2911	2784	2786	2975	3245	3611	3789	3926	3821	3685	3465	3218	2931	2704	2507	2334	2189	
76	11087	60.0	60.0	40	1	1	2	1001	1259	1924	2827	3873	4753	5223	5331	5206	4946	4630	4206	3807	3426	3120	2895	2746	2798	2977	3267	3624	3795	3887	3817	3652	3472	3188	2935	2699	2518	2328	2210	
76	11104	60.0	60.0	40	1	1	2	1004	1251	1874	2769	3813	4731	5177	5277	5148	4858	4540	4207	3802	3443	3116	2878	2734	2744	2992	3242	3570	3761	3853	3826	3573	3467	3178	2923	2697	2472	2330	2142	
76	11122	60.0	60.0	40	1	1	2	1019	1258	1893	2758	3813	4719	5156	5292	5206	4909	4541	4187	3780	3429	3132	2889	2751	2753	2983	3275	3597	3780	3875	3816	3608	3425	3194	2936	2713	2503	2305	2181	
