Well	Time (1/2 s)	Block Temp	Sample Temp	Repetition	PCR Stage	Extension	Scale	B1	B2	B3	B4	B5	B6	B7	B8	B9	B10	B11	B12	B13	B14	B15	B16	B17	B18	B19	B20	B21	B22	B23	B24	B25	B26	B27	B28	B29	B30	B31	B32
97	109	94.9	95.0	1	0	0	2	948	1029	1302	1749	2253	2705	2973	3093	3080	2977	2821	2651	2470	2308	2146	2068	2090	2162	2372	2619	2865	3027	3067	3028	2901	2777	2642	2420	2253	2144	1981	1887	
97	126	95.0	95.0	1	0	0	2	912	1018	1282	1746	2217	2641	2938	3047	2992	2939	2799	2612	2440	2272	2114	2063	2043	2166	2323	2630	2845	3027	3063	3004	2910	2771	2561	2432	2250	2116	2010	1874	
97	144	95.0	95.0	1	0	0	2	916	1032	1285	1724	2249	2683	2921	3054	3040	2906	2818	2628	2411	2270	2119	2069	2062	2172	2344	2616	2855	3007	3038	2994	2905	2749	2580	2432	2283	2136	2003	1878	
97	161	95.0	95.0	1	0	0	2	914	1007	1294	1732	2229	2673	2900	3042	3023	2954	2788	2638	2433	2277	2120	2048	2054	2132	2338	2627	2834	2989	3021	3016	2889	2726	2560	2437	2258	2119	2001	1892	
97	178	95.0	95.0	1	0	0	2	928	1023	1308	1722	2238	2665	2919	3050	2981	2912	2795	2607	2448	2264	2115	2050	2042	2136	2353	2606	2834	3018	3015	2994	2858	2762	2580	2434	2258	2121	2009	1870	
97	195	95.0	95.0	1	0	0	2	936	1000	1314	1705	2252	2643	2906	3052	2999	2915	2764	2607	2423	2272	2114	2028	2056	2133	2310	2614	2847	3016	3036	3013	2883	2752	2634	2433	2287	2116	2021	1892	
97	213	95.0	95.0	1	0	0	2	913	1044	1282	1684	2203	2664	2957	3040	3005	2907	2754	2575	2419	2273	2109	2047	2034	2137	2354	2624	2832	2997	3015	3040	2862	2760	2581	2405	2229	2104	2012	1881	
97	230	95.0	95.0	1	0	0	2	916	1006	1283	1699	2223	2659	2907	3028	3031	2889	2775	2599	2427	2278	2141	2039	2028	2165	2322	2615	2863	3025	3065	3000	2890	2765	2583	2394	2279	2145	2001	1877	
97	247	95.0	95.0	1	0	0	2	901	1029	1264	1718	2227	2626	2905	3010	2995	2869	2769	2613	2401	2257	2093	2056	2039	2144	2346	2614	2830	3004	3056	2995	2900	2749	2595	2397	2252	2112	1979	1867	
97	264	95.0	95.0	1	0	0	2	914	1019	1280	1698	2201	2659	2906	3028	2999	2897	2780	2624	2445	2257	2113	2075	2040	2176	2345	2614	2849	3017	3038	3010	2902	2724	2576	2432	2258	2084	2011	1893	
97	282	94.9	95.0	1	0	0	2	926	1029	1291	1702	2206	2638	2897	3047	2994	2894	2762	2607	2415	2266	2123	2044	2056	2143	2329	2606	2847	2996	3023	2999	2894	2736	2580	2457	2241	2137	1987	1896	
97	299	95.0	95.0	1	0	0	2	932	1032	1296	1709	2225	2652	2898	3052	2981	2931	2787	2597	2433	2234	2119	2070	2048	2155	2334	2611	2862	2985	3039	3022	2870	2743	2604	2417	2241	2109	1990	1892	
97	316	95.0	95.0	1	0	0	2	923	1026	1285	1699	2205	2678	2928	3047	3045	2894	2787	2606	2426	2271	2127	2077	2055	2163	2336	2623	2877	3003	3036	3000	2896	2773	2580	2425	2257	2134	1998	1892	
97	333	95.0	95.0	1	0	0	2	907	1025	1298	1708	2225	2650	2907	3043	3009	2883	2772	2622	2414	2272	2122	2045	2063	2151	2337	2561	2874	3010	3079	3013	2911	2759	2594	2433	2286	2125	1988	1904	
97	351	95.0	95.0	1	0	0	2	931	1025	1295	1732	2216	2649	2914	3040	3002	2943	2766	2618	2433	2267	2113	2086	2052	2157	2365	2636	2829	3019	3063	3021	2881	2775	2572	2414	2256	2137	1989	1883	
97	368	95.0	95.0	1	0	0	2	938	1031	1281	1736	2216	2679	2923	3043	2999	2914	2764	2629	2414	2278	2116	2074	2062	2164	2342	2616	2841	3001	3044	3030	2882	2773	2627	2434	2260	2130	2009	1873	
97	385	95.0	95.0	1	0	0	2	921	1029	1290	1723	2226	2648	2916	3045	3020	2933	2781	2607	2443	2241	2133	2065	2039	2163	2324	2640	2842	2972	3070	3016	2890	2766	2591	2433	2288	2104	2021	1881	
97	402	95.0	95.0	1	0	0	2	925	1030	1285	1715	2222	2676	2904	3016	3008	2926	2778	2633	2437	2285	2114	2062	2066	2123	2345	2594	2856	3004	3026	2979	2872	2711	2601	2400	2268	2119	2002	1876	
97	420	95.0	95.0	1	0	0	2	923	1035	1288	1714	2240	2658	2900	3007	2969	2922	2791	2623	2434	2248	2114	2056	2041	2142	2321	2632	2823	3011	3037	3024	2881	2748	2570	2434	2259	2109	1996	1895	
97	437	95.0	95.0	1	0	0	2	907	1026	1276	1720	2190	2704	2932	3015	3014	2896	2828	2636	2416	2267	2131	2069	2064	2147	2348	2638	2875	3004	3052	3009	2920	2787	2587	2444	2273	2122	2024	1903	
97	454	95.0	95.0	1	0	0	2	918	1025	1287	1722	2247	2672	2954	3036	3022	2941	2813	2624	2422	2285	2116	2051	2051	2135	2373	2604	2836	3009	3056	2973	2878	2769	2593	2393	2268	2124	1998	1888	
97	471	95.0	95.0	1	0	0	2	932	1035	1302	1688	2213	2667	2923	3052	2994	2924	2814	2616	2426	2265	2117	2066	2042	2171	2345	2646	2844	3020	3031	2976	2902	2729	2562	2418	2249	2118	2001	1899	
97	489	95.0	95.0	1	0	0	2	918	1021	1296	1724	2211	2636	2959	3064	3003	2925	2782	2643	2441	2272	2129	2056	2060	2140	2347	2635	2865	3037	3054	3012	2912	2776	2606	2451	2264	2134	2032	1888	
97	506	95.0	95.0	1	0	0	2	927	1002	1292	1711	2227	2661	2931	3055	3038	2932	2799	2620	2403	2282	2158	2073	2056	2161	2348	2617	2832	3005	3090	3001	2897	2788	2610	2449	2246	2130	2009	1899	
97	523	94.9	95.0	1	0	0	2	915	1026	1305	1710	2236	2680	2917	3071	3008	2930	2821	2624	2457	2279	2122	2083	2086	2167	2360	2646	2881	3037	3052	3010	2870	2775	2601	2438	2281	2125	2010	1892	
97	540	94.9	95.0	1	0	0	2	932	1016	1301	1717	2206	2679	2939	3077	3023	2907	2785	2649	2451	2309	2127	2074	2072	2143	2344	2629	2872	3013	3082	3033	2880	2788	2599	2433	2273	2135	2005	1914	
97	558	94.9	95.0	1	0	0	2	922	1015	1305	1728	2233	2640	2943	3064	3028	2918	2778	2633	2439	2268	2134	2076	2087	2134	2335	2620	2818	2997	3038	3008	2889	2754	2599	2431	2271	2132	1994	1911	
97	575	95.0	95.0	1	0	0	2	919	1027	1289	1684	2244	2673	2922	3018	3042	2940	2815	2619	2449	2281	2118	2100	2058	2128	2338	2638	2851	3010	3086	3016	2907	2754	2597	2427	2261	2125	1987	1927	
97	592	95.0	95.0	1	0	0	2	919	1028	1288	1704	2204	2658	2907	3051	3025	2941	2778	2605	2421	2270	2134	2089	2038	2158	2345	2603	2816	3013	3062	3004	2887	2737	2597	2445	2273	2103	2011	1890	
97	609	94.9	95.0	1	0	0	2	920	1035	1302	1764	2242	2666	2930	3072	3042	2925	2794	2615	2456	2293	2124	2051	2041	2160	2360	2630	2868	2998	3093	3018	2883	2750	2607	2417	2278	2112	2001	1895	
97	627	95.0	95.0	1	0	0	2	925	1033	1292	1732	2230	2693	2940	3089	3026	2913	2819	2632	2451	2311	2133	2102	2048	2168	2383	2631	2884	3021	3046	3037	2888	2778	2611	2416	2264	2113	2020	1896	
97	644	95.0	95.0	1	0	0	2	934	1034	1290	1696	2238	2657	2943	3088	3020	2944	2810	2630	2460	2280	2121	2043	2040	2143	2333	2634	2857	3041	3099	3011	2896	2780	2597	2442	2274	2125	2004	1905	
97	661	95.0	95.0	1	0	0	2	913	1026	1297	1732	2221	2682	2921	3062	3042	2930	2790	2656	2455	2262	2125	2068	2055	2164	2356	2606	2854	3057	3130	3012	2888	2758	2586	2443	2271	2145	1989	1872	
97	678	94.9	95.0	1	0	0	2	893	1017	1308	1710	2236	2646	2935	3082	3035	2910	2779	2627	2448	2299	2131	2073	2080	2161	2357	2619	2826	2996	3075	3027	2914	2763	2584	2411	2290	2133	2012	1910	
97	696	94.9	95.0	1	0	0	2	926	1033	1305	1739	2214	2674	2917	3072	3042	2932	2808	2640	2454	2299	2130	2087	2036	2164	2360	2622	2854	3046	3098	2999	2922	2795	2616	2444	2273	2107	2015	1896	
97	713	94.9	95.0	1	0	0	2	923	1044	1296	1747	2241	2676	2963	3041	3047	2936	2822	2633	2495	2282	2137	2076	2043	2147	2354	2620	2857	3030	3087	3011	2928	2783	2586	2430	2261	2116	2012	1889	
97	730	94.9	95.0	1	0	0	2	921	1027	1287	1717	2244	2700	2922	3075	3046	2942	2792	2636	2440	2281	2149	2054	2053	2182	2357	2621	2868	3022	3093	3001	2908	2739	2584	2439	2279	2135	2007	1886	
97	747	95.0	95.0	1	0	0	2	908	1009	1300	1730	2220	2643	2965	3064	3054	2937	2828	2636	2412	2297	2141	2069	2063	2158	2354	2634	2836	2996	3057	3016	2910	2741	2579	2405	2277	2161	1999	1900	
97	765	95.0	95.0	1	0	0	2	918	1028	1294	1700	2241	2702	2952	3097	3039	2946	2819	2644	2425	2315	2113	2078	2062	2136	2364	2623	2852	2989	3071	2990	2916	2758	2590	2436	2292	2124	2015	1877	
97	782	95.0	95.0	1	0	0	2	912	1024	1290	1720	2224	2690	2940	3048	3013	2928	2779	2615	2426	2298	2134	2069	2042	2157	2370	2645	2864	3025	3061	3017	2916	2748	2599	2442	2272	2122	2005	1903	
97	799	95.0	95.0	1	0	0	2	919	1023	1307	1714	2211	2655	2971	3056	3046	2914	2811	2613	2464	2302	2135	2044	2052	2180	2372	2639	2840	3001	3074	3089	2857	2797	2612	2442	2267	2116	1999	1898	
97	816	94.9	95.0	1	0	0	2	918	1047	1290	1735	2216	2686	2959	3072	3048	2955	2804	2674	2474	2289	2132	2097	2070	2176	2344	2633	2858	2994	3076	3048	2897	2770	2604	2444	2303	2130	2022	1922	
97	834	95.0	95.0	1	0	0	2	920	1029	1308	1731	2212	2672	2943	3097	3052	2946	2820	2650	2460	2275	2160	2097	2078	2149	2335	2622	2873	3022	3040	3004	2914	2725	2588	2473	2271	2137	2010	1916	
97	851	95.0	95.0	1	0	0	2	933	1025	1315	1738	2246	2689	2960	3073	3074	2950	2836	2637	2455	2306	2131	2085	2064	2152	2373	2661	2860	3021	3077	3061	2873	2777	2615	2446	2288	2140	2006	1904	
97	868	95.0	95.0	1	0	0	2	915	1036	1284	1738	2249	2680	2944	3084	3062	2916	2801	2628	2445	2303	2158	2073	2044	2170	2357	2622	2875	3039	3087	3037	2917	2795	2594	2428	2252	2137	2002	1883	
97	885	95.0	95.0	1	0	0	2	946	1024	1304	1708	2269	2675	2925	3061	3042	2923	2809	2630	2440	2289	2149	2070	2027	2128	2332	2656	2850	3005	3103	3035	2879	2760	2595	2467	2269	2139	2009	1907	
97	903	95.0	95.0	1	0	0	2	907	1030	1297	1731	2246	2674	2932	3076	3062	2954	2808	2605	2484	2285	2147	2097	2089	2164	2372	2640	2867	3012	3097	3014	2916	2779	2594	2459	2289	2155	2017	1912	
97	920	94.9	95.0	1	0	0	2	919	1029	1304	1740	2268	2709	2962	3039	3042	2980	2802	2628	2437	2313	2147	2081	2084	2165	2386	2648	2884	3027	3094	3023	2922	2789	2596	2439	2279	2124	2023	1925	
97	937	94.9	95.0	1	0	0	2	942	1028	1305	1742	2249	2686	2964	3083	3058	2941	2810	2649	2451	2273	2168	2066	2083	2179	2387	2642	2892	3046	3046	3055	2911	2789	2572	2452	2284	2135	2032	1926	
97	954	95.0	95.0	1	0	0	2	923	1021	1293	1694	2237	2663	2953	3076	3014	2936	2818	2631	2433	2294	2155	2067	2056	2179	2365	2654	2868	3027	3082	3027	2898	2784	2604	2444	2251	2132	1997	1907	
97	972	95.0	95.0	1	0	0	2	900	1039	1307	1701	2235	2650	2914	3068	3055	2930	2810	2655	2446	2307	2151	2085	2056	2149	2381	2639	2880	3040	3063	3028	2913	2772	2625	2428	2277	2160	2046	1909	
97	989	95.0	95.0	1	0	0	2	923	1026	1303	1713	2256	2683	2941	3068	3057	2961	2820	2632	2463	2294	2128	2074	2074	2157	2379	2665	2874	3000	3081	3000	2895	2800	2598	2425	2265	2133	1997	1895	
97	1006	95.0	95.0	1	0	0	2	916	1013	1320	1735	2263	2670	2942	3084	3054	2945	2853	2678	2453	2287	2136	2078	2077	2162	2344	2652	2863	3038	3085	3012	2941	2804	2618	2421	2302	2134	2012	1911	
97	1023	95.0	95.0	1	0	0	2	922	1044	1295	1746	2234	2687	2943	3071	3020	2990	2812	2682	2470	2320	2152	2102	2077	2183	2364	2651	2908	3021	3054	3062	2906	2812	2611	2433	2288	2129	2025	1912	
97	1041	94.9	95.0	1	0	0	2	926	1044	1299	1720	2241	2683	2958	3084	3073	2950	2775	2639	2468	2286	2140	2084	2064	2171	2387	2632	2847	3023	3082	3004	2922	2797	2592	2457	2277	2127	2015	1908	
97	1058	95.0	95.0	1	0	0	2	912	1029	1289	1709	2264	2683	2926	3071	3049	2962	2824	2653	2448	2292	2147	2077	2051	2153	2358	2644	2845	3022	3073	3026	2924	2753	2600	2431	2276	2130	2031	1912	
97	1075	95.0	95.0	1	0	0	2	929	1042	1304	1735	2249	2692	2943	3083	3060	2928	2811	2637	2475	2286	2158	2088	2074	2147	2360	2652	2851	3039	3089	3030	2931	2779	2589	2424	2286	2108	2008	1891	
97	1092	95.0	95.0	1	0	0	2	919	1024	1301	1726	2236	2700	2921	3102	3069	2954	2814	2664	2463	2284	2162	2093	2092	2179	2347	2641	2854	3027	3090	3055	2894	2751	2586	2446	2279	2140	2018	1891	
97	1110	95.0	95.0	1	0	0	2	921	1032	1286	1706	2206	2663	2928	3076	3047	2958	2800	2628	2460	2298	2146	2090	2091	2170	2381	2632	2881	3012	3070	3028	2917	2791	2610	2432	2255	2125	1998	1910	
97	1127	95.0	95.0	1	0	0	2	909	1026	1304	1743	2234	2668	2964	3073	3057	2936	2806	2647	2481	2329	2134	2085	2068	2166	2379	2635	2849	3048	3073	3021	2917	2789	2621	2404	2285	2118	2025	1908	
97	1144	95.0	95.0	1	0	0	2	921	1032	1308	1727	2219	2699	2963	3094	3060	2966	2810	2654	2474	2284	2151	2072	2064	2173	2339	2633	2871	3008	3079	3029	2919	2772	2603	2450	2278	2140	1996	1915	
97	1161	95.0	95.0	1	0	0	2	909	1034	1297	1713	2226	2717	2969	3076	3072	2966	2796	2654	2471	2293	2135	2085	2051	2174	2386	2624	2864	3047	3054	3064	2938	2758	2609	2444	2303	2169	2004	1920	
97	1179	95.0	95.0	1	0	0	2	926	1018	1316	1727	2243	2678	2971	3087	3015	2994	2853	2673	2462	2324	2151	2071	2064	2197	2379	2642	2878	3032	3070	3056	2927	2801	2620	2458	2289	2148	2022	1877	
97	1196	95.0	95.0	1	0	0	2	924	1033	1281	1714	2225	2680	2949	3083	3059	2938	2876	2645	2492	2309	2163	2093	2084	2160	2355	2626	2865	3031	3105	3039	2910	2777	2628	2440	2310	2137	2026	1914	
97	1213	95.0	95.0	1	0	0	2	923	1029	1302	1746	2257	2680	2958	3082	3079	2966	2828	2630	2443	2300	2142	2098	2056	2178	2348	2629	2843	3068	3115	3053	2915	2777	2622	2440	2304	2138	2002	1911	
97	1230	95.0	95.0	1	0	0	2	906	1025	1308	1696	2245	2684	2956	3099	3031	2932	2876	2679	2454	2300	2136	2096	2068	2155	2362	2636	2873	3025	3074	3024	2894	2789	2617	2440	2324	2147	2013	1913	
97	1248	95.0	95.0	1	0	0	2	925	1058	1282	1721	2248	2703	2971	3093	3078	2971	2858	2644	2470	2295	2127	2077	2064	2163	2355	2636	2866	3008	3078	3067	2915	2766	2616	2419	2289	2171	2015	1894	
97	1265	95.0	95.0	1	0	0	2	923	996	1310	1721	2259	2660	2952	3077	3097	2966	2823	2655	2449	2301	2158	2072	2067	2210	2352	2584	2854	3016	3070	3036	2929	2804	2587	2459	2271	2159	1993	1892	
97	1282	94.9	95.0	1	0	0	2	918	1030	1301	1719	2262	2671	2949	3100	3034	2972	2845	2632	2450	2313	2162	2062	2057	2157	2368	2649	2841	3031	3076	3013	2888	2782	2591	2431	2252	2119	2019	1883	
97	1326	95.0	95.0	1	1	0	2	928	1027	1295	1733	2228	2705	2926	3079	3081	2968	2833	2660	2476	2275	2154	2051	2067	2178	2384	2628	2846	3019	3073	3023	2920	2763	2623	2436	2257	2129	2027	1911	
97	1393	60.0	60.0	1	1	1	2	1001	1213	1799	2692	3742	4592	5021	5228	5059	4745	4451	4075	3714	3368	3020	2835	2721	2774	2933	3233	3503	3747	3800	3730	3555	3377	3111	2881	2624	2464	2289	2140	
97	1410	59.9	60.0	1	1	1	2	994	1225	1822	2717	3772	4630	5111	5252	5094	4818	4476	4103	3760	3385	3085	2840	2722	2747	2938	3267	3555	3723	3835	3737	3560	3357	3139	2881	2654	2459	2310	2111	
97	1428	60.0	60.0	1	1	1	2	1000	1237	1808	2708	3726	4596	5026	5208	5055	4766	4449	4066	3728	3386	3036	2854	2679	2731	2909	3259	3519	3687	3791	3723	3556	3341	3110	2845	2630	2424	2277	2130	
97	1445	60.0	60.0	1	1	1	2	999	1236	1794	2738	3759	4655	5076	5209	5093	4790	4477	4106	3734	3386	3054	2856	2719	2739	2924	3263	3521	3768	3788	3742	3586	3374	3096	2887	2670	2465	2279	2137	
97	1462	60.0	60.0	1	1	1	2	1011	1236	1789	2707	3787	4655	5110	5253	5084	4823	4468	4119	3739	3401	3050	2876	2728	2749	2967	3257	3581	3759	3837	3716	3572	3362	3133	2868	2664	2464	2303	2158	
97	1479	59.9	60.0	1	1	1	2	1000	1246	1774	2681	3751	4598	5086	5261	5057	4821	4455	4106	3724	3381	3048	2875	2734	2721	2949	3254	3524	3737	3803	3766	3549	3368	3115	2893	2686	2443	2279	2142	
97	1497	60.0	60.0	1	1	1	2	981	1239	1789	2713	3730	4642	5057	5247	5064	4782	4456	4077	3716	3361	3056	2856	2717	2722	2937	3243	3516	3746	3818	3754	3547	3371	3105	2886	2660	2446	2289	2117	
97	1561	94.8	95.0	2	1	0	2	917	1023	1292	1719	2187	2678	2922	3093	3041	2933	2789	2615	2421	2258	2119	2061	2017	2140	2309	2582	2817	2979	3025	2978	2834	2732	2562	2421	2238	2085	1978	1877	
97	1641	60.0	60.1	2	1	1	2	989	1208	1743	2685	3690	4535	5006	5163	4959	4765	4402	4060	3655	3328	2978	2825	2697	2696	2910	3216	3488	3692	3734	3675	3547	3335	3087	2837	2604	2417	2281	2116	
97	1658	60.0	60.0	2	1	1	2	1002	1215	1768	2643	3672	4503	4977	5146	4970	4695	4362	4064	3664	3359	3015	2834	2699	2702	2880	3188	3456	3705	3731	3660	3529	3323	3079	2855	2618	2439	2272	2105	
97	1676	59.9	60.0	2	1	1	2	998	1221	1790	2644	3690	4510	5015	5180	4962	4809	4454	4035	3707	3358	2990	2831	2683	2730	2886	3224	3537	3672	3755	3693	3500	3285	3074	2852	2625	2425	2275	2103	
97	1693	59.9	60.0	2	1	1	2	995	1219	1774	2647	3681	4557	4928	5104	4963	4682	4386	4035	3647	3337	3006	2798	2695	2712	2907	3221	3462	3691	3740	3693	3522	3316	3056	2832	2623	2427	2256	2131	
97	1710	60.0	60.0	2	1	1	2	989	1213	1793	2665	3698	4550	5007	5147	4941	4720	4419	4036	3639	3314	2998	2827	2676	2706	2881	3196	3492	3684	3755	3706	3512	3324	3072	2874	2624	2448	2260	2100	
97	1727	59.9	60.0	2	1	1	2	1011	1217	1776	2640	3692	4537	5013	5129	4949	4652	4370	4019	3635	3340	3027	2799	2678	2681	2884	3202	3451	3671	3713	3717	3523	3350	3076	2836	2643	2389	2252	2085	
97	1745	60.0	60.0	2	1	1	2	992	1234	1775	2661	3674	4526	4972	5092	4962	4718	4399	4087	3637	3322	3004	2783	2661	2682	2906	3197	3483	3667	3698	3673	3513	3300	3063	2837	2628	2396	2252	2133	
97	1807	95.0	95.1	3	1	0	2	911	1025	1316	1702	2240	2683	2969	3079	3055	2963	2840	2634	2471	2316	2135	2066	2058	2163	2317	2586	2828	2995	3074	2983	2886	2732	2587	2417	2263	2130	1977	1864	
97	1889	60.1	60.0	3	1	1	2	1002	1223	1755	2630	3640	4439	4889	5103	4954	4637	4365	3990	3589	3306	2961	2795	2637	2688	2881	3153	3457	3631	3731	3659	3466	3288	3038	2835	2592	2411	2270	2108	
97	1906	59.9	60.0	3	1	1	2	996	1193	1758	2650	3634	4509	4992	5083	4929	4645	4348	4032	3637	3321	3001	2796	2663	2677	2873	3176	3437	3667	3698	3677	3524	3299	3055	2809	2617	2392	2254	2104	
97	1924	60.0	60.0	3	1	1	2	999	1217	1788	2659	3707	4522	4923	5117	4968	4691	4380	4002	3658	3316	3003	2802	2687	2723	2873	3167	3471	3648	3714	3661	3467	3337	3068	2868	2605	2412	2263	2125	
97	1941	60.0	60.0	3	1	1	2	1000	1224	1781	2652	3642	4526	4956	5082	4972	4736	4380	4015	3669	3301	3003	2807	2672	2723	2889	3178	3466	3657	3725	3672	3501	3328	3068	2837	2598	2433	2261	2096	
97	1958	60.0	60.0	3	1	1	2	1001	1228	1751	2693	3682	4468	4945	5050	4968	4656	4394	4015	3621	3300	3008	2803	2656	2692	2869	3163	3434	3652	3711	3648	3525	3274	3053	2824	2621	2397	2238	2093	
97	1975	59.9	60.0	3	1	1	2	1032	1232	1764	2626	3649	4490	4922	5085	4942	4713	4362	3987	3649	3299	2977	2793	2680	2657	2852	3180	3417	3690	3706	3673	3508	3262	3033	2793	2570	2399	2269	2113	
97	1993	60.0	60.0	3	1	1	2	994	1242	1755	2635	3646	4466	4923	5067	4914	4653	4347	3976	3641	3270	3014	2796	2632	2644	2876	3142	3447	3634	3696	3637	3473	3313	3049	2824	2582	2392	2249	2082	
97	2055	95.0	95.1	4	1	0	2	917	1018	1272	1737	2248	2686	2946	3110	3062	2937	2811	2624	2449	2293	2141	2037	2059	2112	2307	2618	2864	2948	3017	2999	2844	2745	2564	2429	2250	2100	1977	1874	
97	2135	60.0	60.0	4	1	1	2	996	1220	1742	2611	3632	4483	4946	5090	4972	4683	4416	4031	3658	3314	3006	2785	2653	2683	2856	3202	3446	3657	3703	3668	3505	3309	3024	2825	2631	2420	2250	2104	
97	2153	59.9	60.0	4	1	1	2	1020	1190	1763	2653	3647	4509	4885	5096	4923	4643	4355	3985	3615	3305	2981	2806	2661	2694	2840	3194	3447	3627	3702	3653	3473	3300	3028	2833	2607	2386	2235	2068	
97	2170	59.9	60.0	4	1	1	2	972	1216	1779	2655	3680	4542	4952	5116	4942	4696	4391	3997	3635	3362	2996	2798	2664	2686	2900	3187	3465	3649	3730	3668	3469	3304	3065	2829	2631	2391	2242	2122	
97	2187	60.0	60.0	4	1	1	2	1003	1222	1770	2661	3664	4497	4900	5125	4931	4665	4388	4028	3605	3303	3003	2796	2618	2687	2865	3162	3458	3647	3711	3633	3475	3284	3045	2805	2618	2433	2242	2104	
97	2204	59.9	60.0	4	1	1	2	996	1226	1779	2626	3664	4524	4962	5094	4918	4693	4328	4015	3639	3332	2990	2768	2661	2690	2860	3151	3446	3640	3734	3636	3510	3306	3049	2807	2632	2388	2259	2097	
97	2222	60.0	60.0	4	1	1	2	997	1241	1760	2649	3697	4471	4929	5084	4929	4671	4321	4016	3619	3285	3024	2808	2649	2698	2858	3148	3432	3642	3698	3674	3460	3264	3063	2826	2582	2381	2241	2104	
97	2239	60.0	60.0	4	1	1	2	1001	1227	1782	2626	3635	4483	4894	5076	4962	4656	4369	3990	3628	3279	2950	2785	2657	2692	2894	3167	3430	3646	3716	3657	3500	3314	3031	2813	2584	2395	2260	2116	
97	2301	94.9	95.0	5	1	0	2	908	1036	1294	1722	2218	2687	2949	3045	3047	2917	2790	2624	2450	2270	2133	2048	2041	2136	2339	2590	2810	2966	3021	2977	2841	2740	2549	2388	2249	2099	1988	1875	
97	2381	60.0	60.1	5	1	1	2	994	1212	1749	2614	3639	4485	4889	5038	4877	4634	4328	3974	3598	3308	2962	2763	2655	2668	2861	3132	3408	3656	3709	3626	3457	3269	3062	2796	2594	2390	2255	2093	
97	2399	59.9	60.0	5	1	1	2	1004	1217	1745	2635	3665	4515	4939	5088	4946	4676	4352	4020	3643	3362	2968	2783	2677	2664	2874	3170	3432	3659	3743	3654	3463	3290	3061	2816	2606	2382	2249	2127	
97	2416	59.9	60.0	5	1	1	2	999	1221	1780	2664	3680	4547	4988	5130	4926	4700	4386	4004	3623	3301	3013	2773	2665	2680	2877	3181	3431	3678	3716	3655	3489	3285	3046	2811	2588	2396	2256	2093	
97	2433	60.0	60.0	5	1	1	2	994	1245	1764	2645	3640	4487	4938	5056	4959	4679	4398	4011	3623	3287	3000	2787	2647	2689	2855	3145	3452	3641	3680	3627	3468	3271	3069	2793	2603	2405	2223	2102	
97	2450	59.9	60.0	5	1	1	2	982	1241	1782	2643	3665	4479	4970	5093	4969	4641	4358	4004	3672	3321	2987	2790	2659	2684	2871	3168	3440	3632	3722	3677	3479	3290	3038	2822	2570	2423	2241	2088	
97	2468	60.0	60.0	5	1	1	2	990	1208	1762	2629	3668	4511	4905	5084	4936	4681	4323	4021	3642	3304	2964	2814	2657	2690	2858	3173	3441	3688	3741	3671	3467	3305	3022	2816	2605	2397	2258	2115	
97	2485	60.0	60.0	5	1	1	2	992	1205	1761	2631	3649	4491	4915	5091	4954	4642	4356	4017	3654	3311	2977	2782	2650	2708	2858	3171	3463	3616	3687	3643	3476	3252	3004	2798	2555	2411	2254	2095	
97	2547	94.9	95.1	6	1	0	2	931	1021	1284	1718	2213	2642	2905	3096	3015	2903	2799	2625	2454	2263	2104	2054	2042	2119	2297	2578	2798	2973	3015	2971	2825	2712	2566	2400	2210	2102	1957	1888	
97	2628	60.0	60.1	6	1	1	2	989	1222	1729	2583	3623	4391	4884	4967	4887	4614	4334	3908	3586	3246	2945	2754	2619	2667	2846	3137	3384	3598	3624	3603	3458	3236	3026	2791	2549	2350	2219	2071	
97	2645	60.0	60.0	6	1	1	2	977	1217	1770	2650	3661	4488	4928	5074	4924	4644	4349	3974	3625	3278	2986	2770	2625	2632	2836	3170	3443	3609	3707	3616	3446	3284	3039	2793	2592	2378	2246	2103	
97	2662	60.0	60.0	6	1	1	2	995	1248	1735	2632	3651	4459	4948	5071	4936	4684	4347	3999	3618	3265	2990	2783	2657	2655	2859	3185	3433	3616	3706	3639	3449	3265	3045	2799	2551	2381	2241	2089	
97	2679	59.9	60.0	6	1	1	2	1000	1230	1782	2636	3639	4465	4915	5049	4904	4621	4352	3987	3608	3281	2956	2787	2646	2683	2858	3139	3433	3624	3683	3628	3480	3273	3038	2784	2599	2383	2228	2077	
97	2697	60.0	60.0	6	1	1	2	988	1217	1767	2645	3657	4435	4888	5079	4902	4616	4305	3950	3571	3320	2961	2792	2615	2648	2866	3163	3418	3627	3671	3604	3428	3270	3030	2794	2580	2368	2232	2074	
97	2714	60.0	60.0	6	1	1	2	1008	1223	1756	2615	3639	4500	4900	5057	4882	4608	4326	3916	3582	3287	2930	2743	2641	2665	2861	3152	3396	3619	3648	3616	3446	3270	3043	2820	2587	2372	2255	2090	
97	2731	60.0	60.0	6	1	1	2	991	1206	1770	2645	3649	4444	4899	5022	4891	4602	4312	3976	3584	3269	2977	2803	2605	2669	2813	3180	3414	3661	3678	3621	3467	3234	3005	2803	2584	2401	2225	2101	
97	2796	94.9	95.0	7	1	0	2	912	1023	1288	1698	2215	2636	2887	3030	3003	2906	2796	2604	2395	2251	2105	2037	2040	2110	2350	2577	2770	2982	2985	2931	2835	2708	2538	2362	2199	2066	1972	1850	
97	2876	60.0	60.1	7	1	1	2	985	1228	1746	2604	3598	4433	4867	5013	4902	4591	4324	3983	3614	3253	2948	2755	2624	2672	2818	3142	3379	3622	3650	3583	3402	3242	3010	2776	2600	2358	2214	2083	
97	2893	59.9	60.0	7	1	1	2	984	1205	1760	2627	3606	4435	4898	5024	4895	4617	4338	3969	3582	3258	2940	2770	2638	2669	2852	3131	3445	3640	3643	3586	3437	3255	3053	2763	2543	2385	2236	2097	
97	2910	59.9	60.0	7	1	1	2	991	1217	1754	2634	3665	4436	4891	5031	4816	4626	4303	3945	3622	3274	2954	2796	2621	2656	2825	3171	3406	3624	3661	3621	3450	3232	3023	2848	2572	2358	2215	2089	
97	2927	60.0	60.0	7	1	1	2	998	1220	1758	2605	3596	4453	4885	5043	4885	4594	4311	3925	3579	3268	2978	2771	2627	2644	2809	3145	3387	3612	3705	3613	3447	3244	3020	2796	2575	2384	2216	2068	
97	2945	60.0	60.0	7	1	1	2	989	1204	1781	2622	3592	4437	4867	5001	4862	4632	4280	3944	3577	3269	2939	2777	2610	2651	2849	3102	3413	3587	3634	3592	3464	3248	2992	2794	2538	2372	2196	2082	
97	2962	60.0	60.0	7	1	1	2	986	1200	1779	2605	3596	4406	4842	4998	4805	4593	4267	3936	3558	3222	2920	2733	2625	2636	2826	3110	3373	3579	3623	3569	3402	3242	3006	2736	2578	2364	2216	2070	
97	2979	60.0	60.0	7	1	1	2	989	1205	1758	2609	3606	4423	4907	4993	4879	4589	4331	3962	3590	3241	2967	2749	2637	2627	2851	3130	3420	3608	3685	3613	3436	3278	3012	2802	2554	2386	2231	2098	
97	3044	94.9	95.1	8	1	0	2	920	1021	1274	1700	2192	2640	2913	3014	2980	2872	2734	2556	2396	2231	2097	2041	2018	2104	2289	2555	2765	2945	2975	2922	2800	2683	2514	2352	2183	2086	1944	1847	
97	3124	60.0	60.0	8	1	1	2	990	1214	1782	2584	3620	4452	4844	4993	4860	4586	4293	3946	3582	3260	2938	2765	2612	2632	2832	3115	3440	3619	3675	3613	3394	3230	3001	2754	2559	2386	2189	2080	
97	3141	59.9	60.0	8	1	1	2	1002	1203	1761	2579	3594	4428	4889	5028	4890	4546	4302	3931	3587	3268	2947	2789	2633	2657	2823	3146	3424	3592	3654	3602	3425	3248	2981	2752	2547	2376	2222	2085	
97	3158	60.0	60.0	8	1	1	2	984	1212	1766	2593	3598	4462	4868	5020	4872	4622	4320	3944	3613	3269	2963	2743	2630	2664	2835	3143	3412	3572	3656	3605	3445	3247	3020	2747	2575	2359	2196	2066	
97	3175	60.0	60.0	8	1	1	2	998	1207	1768	2621	3624	4462	4889	5014	4868	4650	4350	3954	3596	3264	2971	2748	2634	2650	2844	3144	3383	3626	3690	3608	3426	3299	3036	2805	2564	2407	2232	2073	
97	3193	59.9	60.0	8	1	1	2	990	1229	1769	2607	3600	4468	4853	4998	4849	4620	4280	3930	3554	3259	2942	2792	2642	2656	2825	3133	3387	3606	3649	3588	3410	3240	3004	2801	2565	2396	2207	2081	
97	3210	59.9	60.0	8	1	1	2	992	1198	1754	2611	3592	4398	4873	5023	4880	4573	4301	3931	3579	3256	2948	2756	2587	2652	2822	3109	3365	3564	3650	3597	3426	3211	2988	2791	2591	2360	2229	2066	
97	3227	60.0	60.0	8	1	1	2	999	1218	1742	2618	3575	4411	4835	5005	4877	4624	4316	3953	3544	3203	2912	2770	2594	2653	2836	3113	3420	3570	3634	3583	3422	3208	3017	2762	2524	2356	2221	2080	
97	3290	94.9	95.0	9	1	0	2	934	1018	1284	1710	2237	2616	2897	2981	2991	2908	2756	2598	2394	2257	2076	1985	2010	2086	2310	2532	2782	2920	2974	2923	2831	2690	2511	2393	2221	2088	1936	1866	
97	3370	60.0	60.0	9	1	1	2	993	1205	1743	2577	3561	4370	4800	4921	4843	4526	4225	3878	3561	3196	2904	2711	2616	2615	2791	3083	3375	3562	3615	3541	3378	3215	3006	2753	2560	2344	2208	2088	
97	3387	59.9	60.0	9	1	1	2	986	1201	1739	2613	3600	4419	4872	4942	4848	4589	4280	3942	3551	3281	2943	2747	2623	2609	2801	3096	3392	3573	3599	3577	3434	3206	3014	2767	2577	2356	2204	2081	
97	3404	59.9	60.0	9	1	1	2	996	1227	1755	2607	3613	4410	4905	5002	4853	4588	4296	3975	3602	3277	2959	2780	2626	2667	2832	3146	3403	3583	3646	3599	3434	3228	2990	2784	2564	2342	2223	2087	
97	3422	60.0	60.0	9	1	1	2	964	1207	1744	2574	3568	4364	4797	5016	4809	4573	4259	3896	3559	3209	2934	2738	2600	2632	2788	3073	3356	3596	3636	3562	3407	3191	2983	2748	2539	2356	2174	2066	
97	3439	59.9	60.0	9	1	1	2	991	1200	1702	2598	3582	4411	4822	5005	4798	4566	4272	3900	3559	3224	2926	2733	2594	2644	2819	3099	3349	3567	3642	3580	3367	3215	2997	2737	2566	2343	2187	2052	
97	3456	60.0	60.0	9	1	1	2	986	1220	1736	2597	3548	4359	4820	4969	4780	4587	4256	3896	3554	3243	2932	2734	2588	2606	2790	3082	3369	3587	3636	3534	3392	3213	2965	2717	2547	2349	2182	2063	
97	3473	59.9	60.0	9	1	1	2	989	1206	1756	2594	3536	4365	4813	4967	4796	4573	4301	3919	3526	3242	2917	2724	2619	2642	2802	3118	3382	3555	3607	3573	3431	3216	3005	2784	2559	2358	2213	2065	
97	3536	94.9	95.0	10	1	0	2	911	1027	1286	1665	2184	2600	2853	2991	2985	2881	2708	2542	2382	2234	2090	2010	2001	2081	2271	2507	2733	2897	2935	2903	2781	2628	2512	2354	2185	2065	1931	1836	
97	3616	60.0	60.1	10	1	1	2	1003	1206	1732	2576	3565	4316	4800	4944	4772	4525	4230	3943	3555	3190	2918	2707	2603	2631	2811	3126	3331	3511	3594	3562	3379	3241	2964	2734	2544	2336	2202	2068	
97	3633	59.9	60.0	10	1	1	2	997	1202	1747	2565	3568	4390	4816	4933	4801	4586	4256	3903	3530	3216	2930	2741	2596	2637	2804	3134	3364	3556	3597	3558	3387	3215	2984	2770	2538	2338	2209	2075	
97	3650	60.0	60.0	10	1	1	2	984	1205	1737	2591	3586	4374	4797	4957	4842	4602	4278	3926	3557	3209	2952	2723	2621	2648	2792	3080	3389	3550	3605	3532	3390	3199	2961	2749	2544	2372	2196	2061	
97	3668	59.9	60.0	10	1	1	2	989	1224	1729	2587	3571	4386	4804	4972	4829	4531	4236	3876	3525	3256	2921	2714	2587	2638	2806	3099	3386	3560	3620	3549	3392	3239	2962	2731	2565	2368	2199	2069	
97	3685	59.9	60.0	10	1	1	2	996	1213	1746	2583	3550	4354	4779	4952	4797	4519	4218	3875	3527	3238	2930	2733	2580	2636	2825	3105	3362	3552	3583	3525	3388	3237	2984	2764	2546	2355	2219	2020	
97	3702	60.0	60.0	10	1	1	2	998	1200	1741	2575	3582	4399	4798	4960	4778	4509	4236	3870	3499	3227	2916	2717	2552	2622	2829	3060	3335	3538	3623	3541	3376	3221	2950	2754	2538	2345	2197	2054	
97	3719	60.0	60.0	10	1	1	2	1006	1201	1756	2583	3542	4342	4762	4914	4784	4539	4255	3894	3516	3238	2908	2689	2603	2603	2781	3100	3332	3553	3610	3542	3378	3182	2968	2755	2503	2358	2193	2046	
97	3782	94.9	95.0	11	1	0	2	908	1020	1264	1689	2149	2594	2858	2981	2964	2849	2727	2548	2394	2240	2078	2002	1990	2077	2246	2538	2736	2899	2930	2890	2766	2635	2499	2337	2205	2049	1946	1817	
97	3862	60.0	60.0	11	1	1	2	983	1211	1726	2556	3551	4330	4768	4921	4768	4494	4214	3854	3499	3210	2924	2728	2565	2612	2790	3072	3315	3536	3599	3535	3394	3188	2948	2712	2522	2319	2174	2060	
97	3879	59.9	60.0	11	1	1	2	997	1210	1754	2561	3584	4389	4801	4947	4808	4574	4303	3871	3529	3235	2944	2719	2585	2633	2829	3098	3362	3544	3593	3556	3404	3213	2984	2763	2561	2353	2202	2077	
97	3896	59.9	60.0	11	1	1	2	990	1202	1745	2550	3561	4348	4789	4925	4793	4551	4249	3879	3490	3213	2913	2723	2623	2643	2778	3093	3308	3535	3607	3527	3358	3203	2968	2733	2538	2316	2185	2060	
97	3914	59.9	60.0	11	1	1	2	983	1203	1731	2596	3551	4347	4801	4942	4782	4532	4210	3890	3506	3194	2918	2732	2560	2610	2800	3085	3322	3514	3619	3521	3381	3174	2997	2731	2551	2325	2187	2046	
97	3931	60.0	60.0	11	1	1	2	1020	1208	1737	2589	3523	4372	4797	4951	4760	4483	4239	3877	3538	3242	2912	2745	2604	2618	2771	3072	3350	3520	3583	3569	3370	3170	2988	2739	2541	2339	2173	2049	
97	3948	60.0	60.0	11	1	1	2	976	1191	1723	2560	3531	4350	4799	4885	4799	4490	4217	3859	3517	3211	2897	2736	2567	2616	2763	3081	3299	3536	3610	3530	3393	3204	2968	2743	2512	2334	2194	2056	
97	3965	60.0	60.0	11	1	1	2	975	1184	1715	2574	3513	4315	4758	4904	4732	4457	4218	3822	3514	3203	2890	2683	2554	2596	2763	3083	3369	3507	3586	3506	3368	3181	2953	2708	2527	2313	2197	2036	
97	4030	94.8	95.0	12	1	0	2	917	1014	1275	1654	2191	2606	2872	2963	2918	2819	2729	2562	2374	2207	2057	2024	1979	2075	2267	2476	2725	2881	2937	2833	2777	2643	2460	2335	2165	2033	1923	1822	
97	4110	60.0	60.1	12	1	1	2	976	1183	1732	2568	3537	4332	4678	4895	4736	4515	4191	3853	3504	3186	2886	2712	2581	2602	2777	3092	3327	3526	3575	3532	3351	3185	2986	2708	2511	2348	2163	2060	
97	4127	59.9	60.0	12	1	1	2	995	1228	1744	2550	3567	4380	4736	4941	4753	4511	4245	3853	3515	3180	2857	2719	2600	2636	2781	3059	3321	3513	3543	3525	3347	3202	2971	2741	2529	2334	2178	2049	
97	4145	60.0	60.0	12	1	1	2	991	1199	1732	2564	3515	4323	4795	4910	4784	4504	4183	3855	3540	3205	2905	2670	2576	2595	2823	3088	3345	3576	3563	3536	3373	3162	2947	2740	2506	2326	2188	2041	
97	4162	60.0	60.0	12	1	1	2	990	1217	1730	2570	3556	4326	4769	4894	4740	4509	4166	3883	3488	3179	2898	2691	2567	2617	2756	3047	3332	3549	3589	3501	3338	3155	2946	2733	2507	2329	2188	2028	
97	4179	59.9	60.0	12	1	1	2	1008	1214	1718	2568	3526	4344	4689	4912	4758	4494	4202	3860	3512	3165	2885	2690	2562	2596	2781	3046	3327	3492	3519	3517	3322	3167	2921	2705	2520	2326	2187	2046	
97	4196	60.0	60.0	12	1	1	2	988	1214	1720	2546	3546	4316	4750	4886	4728	4462	4217	3830	3472	3177	2885	2661	2594	2589	2738	3032	3337	3493	3562	3500	3389	3153	2962	2721	2527	2310	2144	2048	
97	4214	60.0	60.0	12	1	1	2	990	1195	1723	2566	3477	4368	4734	4858	4760	4471	4200	3846	3530	3176	2908	2728	2586	2580	2767	3064	3338	3524	3573	3538	3350	3218	2963	2726	2512	2354	2176	2042	
97	4276	94.9	95.0	13	1	0	2	908	1023	1277	1675	2153	2600	2829	2956	2921	2833	2705	2552	2334	2229	2097	2003	1984	2044	2257	2495	2720	2852	2875	2871	2783	2646	2488	2290	2178	2050	1925	1827	
97	4356	60.0	60.0	13	1	1	2	982	1192	1717	2536	3507	4272	4673	4864	4711	4424	4151	3807	3472	3185	2848	2662	2550	2576	2717	3043	3313	3460	3569	3517	3323	3147	2924	2675	2502	2310	2183	2071	
97	4373	59.9	60.0	13	1	1	2	980	1194	1724	2564	3582	4331	4747	4891	4762	4487	4221	3818	3535	3194	2885	2741	2591	2596	2780	3058	3346	3522	3608	3514	3368	3182	2940	2736	2527	2323	2188	2068	
97	4391	60.0	60.0	13	1	1	2	988	1195	1710	2568	3481	4349	4730	4848	4759	4512	4191	3869	3498	3195	2848	2694	2565	2572	2782	3067	3310	3505	3579	3512	3352	3163	2954	2740	2512	2320	2192	2061	
97	4408	59.9	60.0	13	1	1	2	1002	1212	1730	2548	3537	4324	4724	4889	4726	4498	4210	3827	3507	3152	2890	2664	2560	2586	2743	3051	3322	3485	3578	3502	3323	3139	2938	2734	2496	2318	2178	2039	
97	4425	59.9	60.0	13	1	1	2	974	1209	1712	2547	3488	4308	4727	4899	4710	4424	4159	3818	3458	3180	2881	2715	2553	2615	2756	3047	3280	3493	3562	3502	3364	3142	2932	2735	2512	2317	2187	2051	
97	4442	60.0	60.0	13	1	1	2	975	1181	1699	2540	3516	4301	4699	4887	4713	4515	4216	3814	3468	3162	2850	2686	2549	2611	2747	3060	3303	3461	3568	3493	3316	3157	2919	2671	2486	2296	2145	2028	
97	4460	59.9	60.0	13	1	1	2	972	1193	1741	2557	3505	4338	4758	4888	4739	4481	4196	3861	3492	3191	2881	2694	2600	2585	2750	3033	3291	3504	3589	3508	3338	3170	2910	2702	2512	2301	2211	2058	
97	4522	94.9	95.0	14	1	0	2	915	1012	1290	1675	2157	2570	2806	2948	2909	2829	2693	2516	2374	2212	2058	2001	1981	2072	2245	2513	2690	2864	2908	2864	2745	2646	2480	2294	2148	2028	1907	1810	
97	4602	60.0	60.1	14	1	1	2	980	1233	1718	2532	3518	4305	4682	4877	4717	4456	4169	3824	3487	3157	2896	2685	2583	2577	2751	3071	3329	3506	3575	3501	3330	3186	2949	2722	2540	2303	2182	2034	
97	4620	59.9	60.0	14	1	1	2	989	1214	1707	2549	3493	4282	4679	4854	4723	4451	4202	3792	3470	3174	2885	2656	2530	2582	2755	3041	3307	3504	3560	3499	3345	3136	2907	2675	2498	2295	2141	2044	
97	4637	59.9	60.0	14	1	1	2	996	1196	1722	2532	3523	4340	4737	4876	4755	4507	4182	3821	3504	3153	2913	2678	2550	2613	2755	3057	3315	3525	3554	3507	3333	3165	2950	2723	2499	2314	2131	2041	
97	4654	60.0	60.0	14	1	1	2	992	1214	1709	2565	3512	4318	4734	4884	4685	4486	4155	3870	3473	3166	2848	2694	2552	2562	2772	3034	3295	3522	3560	3476	3353	3154	2943	2737	2491	2304	2184	2043	
97	4671	60.0	60.0	14	1	1	2	976	1186	1690	2544	3501	4345	4686	4845	4704	4467	4168	3821	3484	3191	2859	2673	2548	2581	2752	3027	3282	3478	3554	3459	3311	3149	2912	2679	2499	2330	2177	2035	
97	4689	60.0	60.0	14	1	1	2	992	1207	1717	2526	3487	4284	4722	4881	4725	4441	4187	3831	3473	3185	2879	2663	2533	2565	2774	3053	3285	3508	3539	3479	3328	3176	2933	2734	2506	2329	2165	2054	
97	4706	60.0	60.0	14	1	1	2	1033	1198	1709	2553	3506	4280	4709	4854	4716	4489	4158	3812	3496	3140	2878	2682	2577	2580	2758	3024	3312	3483	3505	3516	3321	3153	2939	2708	2491	2304	2186	2011	
97	4768	94.9	95.0	15	1	0	2	912	1016	1265	1696	2153	2562	2812	2941	2926	2803	2679	2514	2362	2190	2059	1995	1990	2053	2222	2501	2676	2813	2892	2837	2744	2648	2442	2306	2166	2037	1891	1829	
97	4848	60.0	60.1	15	1	1	2	987	1192	1710	2558	3516	4292	4697	4820	4697	4431	4142	3814	3441	3167	2870	2675	2578	2558	2752	3042	3283	3473	3558	3477	3306	3137	2911	2668	2500	2313	2171	2051	
97	4866	60.0	60.0	15	1	1	2	985	1202	1721	2571	3512	4320	4771	4916	4751	4469	4165	3856	3522	3197	2873	2684	2564	2619	2782	3078	3352	3500	3547	3461	3371	3136	2938	2704	2519	2314	2158	2048	
97	4883	60.0	60.0	15	1	1	2	980	1191	1720	2552	3510	4262	4700	4904	4729	4476	4128	3858	3469	3174	2857	2700	2575	2579	2776	3029	3298	3484	3554	3512	3337	3144	2956	2724	2503	2298	2156	2031	
97	4900	59.9	60.0	15	1	1	2	1004	1188	1717	2548	3500	4296	4733	4898	4736	4453	4169	3805	3482	3150	2871	2683	2566	2588	2762	3073	3309	3494	3548	3513	3359	3155	2955	2701	2495	2333	2182	2041	
97	4917	59.9	60.0	15	1	1	2	987	1195	1713	2523	3497	4334	4754	4897	4673	4464	4167	3825	3477	3155	2856	2680	2570	2584	2760	3094	3316	3491	3531	3503	3329	3144	2943	2718	2481	2340	2155	2047	
97	4935	60.0	60.0	15	1	1	2	978	1195	1734	2521	3473	4295	4706	4843	4693	4458	4163	3813	3478	3163	2847	2670	2564	2564	2739	3017	3328	3480	3541	3443	3338	3152	2891	2714	2480	2303	2169	2020	
97	4952	60.0	60.0	15	1	1	2	975	1188	1714	2526	3507	4309	4692	4833	4726	4431	4142	3810	3433	3140	2836	2710	2537	2599	2724	3004	3338	3466	3529	3511	3308	3147	2938	2706	2480	2302	2148	2009	
97	5014	94.9	95.0	16	1	0	2	905	1020	1255	1676	2122	2565	2810	2916	2914	2782	2685	2531	2347	2187	2052	1989	1977	2070	2222	2467	2718	2863	2888	2815	2754	2600	2467	2287	2181	2017	1928	1807	
97	5095	60.0	60.1	16	1	1	2	999	1181	1738	2524	3498	4278	4700	4824	4697	4420	4178	3821	3471	3148	2829	2665	2544	2553	2718	3036	3323	3498	3526	3482	3327	3128	2942	2731	2489	2310	2146	2048	
97	5112	60.0	60.0	16	1	1	2	978	1189	1697	2546	3503	4301	4703	4916	4734	4490	4195	3849	3514	3143	2855	2703	2576	2565	2763	3069	3294	3457	3550	3506	3336	3142	2929	2700	2502	2322	2166	2057	
97	5129	59.9	60.0	16	1	1	2	1012	1208	1704	2533	3515	4275	4761	4894	4730	4466	4234	3848	3535	3175	2883	2675	2563	2598	2767	3066	3300	3514	3543	3495	3331	3182	2928	2732	2510	2322	2162	2049	
97	5146	60.0	60.0	16	1	1	2	987	1185	1703	2567	3509	4284	4707	4826	4679	4471	4151	3845	3469	3152	2899	2666	2549	2545	2743	3022	3296	3502	3552	3461	3365	3117	2902	2699	2506	2292	2162	2020	
97	5164	59.9	60.0	16	1	1	2	982	1189	1710	2546	3483	4292	4682	4809	4682	4439	4146	3784	3440	3146	2839	2691	2553	2584	2756	3030	3276	3492	3539	3482	3323	3169	2915	2683	2494	2322	2147	2027	
97	5181	60.0	60.0	16	1	1	2	981	1200	1715	2538	3511	4303	4729	4846	4700	4493	4137	3834	3507	3158	2893	2676	2555	2602	2730	3020	3350	3478	3505	3466	3337	3154	2936	2671	2493	2299	2158	2028	
97	5198	60.0	60.0	16	1	1	2	978	1202	1716	2541	3492	4303	4692	4863	4689	4447	4145	3792	3466	3182	2844	2683	2557	2562	2742	3025	3273	3485	3528	3473	3335	3135	2920	2689	2488	2311	2172	2032	
97	5260	94.9	95.1	17	1	0	2	926	1019	1270	1670	2153	2580	2835	2924	2921	2823	2677	2534	2364	2203	2069	1996	1976	2082	2234	2494	2665	2834	2906	2830	2754	2594	2446	2327	2173	2009	1892	1818	
97	5341	60.0	60.0	17	1	1	2	981	1221	1692	2492	3468	4234	4686	4852	4693	4438	4132	3795	3466	3149	2842	2684	2535	2552	2746	3032	3280	3464	3483	3475	3308	3130	2888	2697	2475	2311	2147	2019	
97	5358	59.9	60.0	17	1	1	2	989	1177	1710	2515	3554	4284	4698	4862	4750	4501	4141	3851	3463	3160	2867	2671	2569	2567	2748	2999	3307	3497	3562	3482	3328	3140	2932	2717	2479	2311	2150	2027	
97	5375	59.9	60.0	17	1	1	2	1002	1188	1714	2573	3480	4275	4740	4837	4688	4453	4162	3808	3499	3160	2833	2687	2539	2559	2757	3035	3304	3483	3553	3495	3355	3162	2925	2708	2508	2324	2148	2042	
97	5392	60.0	60.0	17	1	1	2	995	1182	1711	2532	3438	4280	4709	4845	4675	4426	4145	3791	3444	3112	2874	2637	2556	2576	2725	3020	3287	3480	3509	3447	3314	3137	2936	2708	2484	2316	2180	2031	
97	5410	60.0	60.0	17	1	1	2	981	1183	1731	2548	3470	4290	4709	4835	4678	4413	4165	3803	3442	3150	2862	2667	2525	2569	2756	3019	3265	3476	3544	3463	3316	3148	2944	2695	2517	2293	2171	2032	
97	5427	60.0	60.0	17	1	1	2	986	1195	1701	2523	3513	4278	4663	4824	4670	4421	4163	3819	3491	3168	2865	2644	2543	2561	2732	3041	3299	3482	3526	3452	3317	3122	2943	2708	2482	2332	2170	2026	
97	5444	60.0	60.0	17	1	1	2	975	1204	1759	2564	3479	4330	4686	4849	4668	4424	4173	3789	3453	3134	2834	2675	2550	2569	2763	3020	3277	3488	3550	3512	3303	3157	2910	2692	2493	2314	2161	2011	
97	5507	94.9	95.0	18	1	0	2	908	1021	1276	1667	2163	2570	2768	2935	2899	2808	2657	2526	2348	2179	2055	1997	1981	2031	2209	2474	2698	2834	2877	2841	2740	2588	2458	2303	2167	2057	1918	1794	
97	5587	59.9	60.0	18	1	1	2	979	1195	1704	2532	3475	4265	4659	4857	4656	4449	4175	3792	3480	3139	2849	2663	2558	2585	2727	3005	3307	3467	3524	3418	3315	3117	2936	2688	2490	2305	2141	2024	
97	5604	59.9	60.0	18	1	1	2	995	1192	1735	2553	3525	4296	4727	4906	4695	4471	4177	3846	3506	3153	2897	2685	2541	2580	2781	3051	3275	3456	3545	3468	3299	3172	2919	2683	2504	2315	2138	2053	
97	5621	60.0	60.0	18	1	1	2	994	1196	1729	2532	3522	4259	4690	4838	4697	4474	4125	3822	3476	3168	2848	2636	2552	2606	2778	3039	3279	3515	3583	3464	3314	3143	2933	2724	2495	2307	2168	2024	
97	5638	59.9	60.0	18	1	1	2	998	1193	1711	2514	3475	4251	4650	4812	4644	4405	4109	3816	3435	3143	2839	2682	2549	2576	2747	3013	3254	3445	3526	3472	3347	3118	2906	2712	2488	2300	2147	2024	
97	5656	60.0	60.0	18	1	1	2	991	1186	1760	2560	3512	4276	4704	4846	4707	4449	4138	3871	3448	3184	2858	2653	2573	2546	2745	3034	3288	3458	3572	3477	3318	3120	2913	2703	2492	2291	2160	2028	
97	5673	60.0	60.0	18	1	1	2	976	1200	1723	2526	3475	4254	4692	4829	4683	4445	4146	3776	3486	3129	2860	2672	2567	2571	2770	3004	3293	3498	3515	3456	3321	3161	2954	2716	2488	2282	2148	2021	
97	5690	60.0	60.0	18	1	1	2	982	1206	1730	2550	3504	4296	4732	4815	4662	4444	4156	3817	3451	3138	2861	2657	2560	2517	2730	3035	3268	3467	3520	3478	3317	3144	2920	2676	2476	2296	2181	2030	
97	5753	94.9	95.1	19	1	0	2	919	1010	1265	1662	2141	2525	2791	2898	2929	2784	2687	2499	2323	2215	2041	1940	1954	2062	2228	2474	2676	2813	2863	2818	2700	2605	2440	2311	2152	2034	1887	1789	
97	5833	60.0	60.1	19	1	1	2	987	1177	1691	2530	3450	4273	4673	4783	4679	4414	4140	3817	3428	3155	2842	2674	2550	2598	2735	3003	3282	3444	3502	3455	3303	3128	2907	2678	2488	2309	2147	2045	
97	5850	60.0	60.0	19	1	1	2	976	1190	1701	2554	3529	4330	4700	4834	4705	4456	4160	3780	3506	3152	2893	2651	2558	2582	2753	3063	3297	3474	3544	3471	3322	3144	2925	2707	2463	2313	2161	2020	
97	5867	60.0	60.0	19	1	1	2	971	1199	1710	2520	3470	4300	4692	4822	4697	4427	4166	3842	3488	3157	2881	2670	2544	2596	2755	3068	3296	3442	3530	3488	3323	3143	2928	2706	2473	2307	2172	2024	
97	5885	60.0	60.0	19	1	1	2	984	1184	1719	2542	3501	4235	4680	4816	4676	4445	4113	3803	3469	3153	2849	2666	2511	2586	2754	3018	3257	3466	3522	3483	3309	3131	2879	2705	2473	2304	2153	2006	
97	5902	59.9	60.0	19	1	1	2	992	1182	1701	2528	3463	4297	4678	4821	4705	4470	4127	3822	3439	3151	2840	2664	2526	2584	2744	3019	3272	3448	3564	3487	3297	3150	2923	2672	2496	2298	2167	2028	
97	5919	60.0	60.0	19	1	1	2	973	1202	1691	2535	3447	4270	4668	4797	4650	4406	4120	3781	3446	3130	2840	2680	2524	2556	2735	3017	3274	3459	3501	3468	3282	3131	2911	2697	2469	2296	2148	1996	
97	5936	60.0	60.0	19	1	1	2	984	1190	1698	2548	3439	4259	4668	4789	4676	4408	4122	3770	3428	3127	2853	2660	2526	2550	2703	3003	3255	3461	3533	3448	3295	3103	2888	2697	2453	2304	2127	2018	
97	5999	94.9	95.0	20	1	0	2	903	1026	1272	1656	2130	2592	2817	2939	2907	2813	2687	2514	2332	2185	2064	1974	1957	2058	2233	2509	2691	2831	2853	2844	2699	2575	2448	2310	2154	2009	1894	1793	
97	6079	60.0	60.0	20	1	1	2	985	1192	1714	2515	3454	4275	4641	4775	4651	4374	4122	3793	3459	3119	2833	2677	2543	2582	2740	3017	3270	3514	3532	3464	3271	3120	2882	2670	2461	2312	2163	2045	
97	6096	59.9	60.0	20	1	1	2	994	1197	1712	2506	3494	4257	4688	4806	4681	4416	4128	3774	3467	3135	2836	2661	2560	2567	2751	3006	3274	3467	3525	3468	3320	3116	2899	2660	2471	2294	2137	2012	
97	6113	59.9	60.0	20	1	1	2	992	1185	1729	2537	3467	4256	4724	4860	4684	4426	4118	3818	3452	3163	2856	2654	2550	2536	2733	2998	3286	3465	3513	3479	3320	3150	2952	2708	2487	2326	2165	2033	
97	6131	60.0	60.0	20	1	1	2	995	1191	1725	2546	3481	4304	4707	4873	4703	4439	4150	3810	3468	3129	2844	2646	2520	2555	2737	3022	3278	3468	3522	3476	3315	3124	2901	2706	2470	2294	2151	2021	
97	6148	59.9	60.0	20	1	1	2	982	1178	1710	2513	3437	4239	4644	4797	4686	4412	4136	3769	3417	3121	2842	2642	2511	2539	2734	2993	3244	3430	3481	3465	3289	3121	2914	2693	2468	2290	2160	2022	
97	6165	59.9	60.0	20	1	1	2	985	1192	1701	2520	3509	4269	4665	4859	4705	4441	4152	3837	3453	3165	2889	2692	2533	2569	2738	3022	3263	3477	3508	3469	3336	3127	2889	2706	2502	2300	2149	2072	
97	6182	60.0	60.0	20	1	1	2	995	1183	1716	2515	3475	4271	4657	4824	4662	4427	4113	3786	3459	3109	2885	2663	2524	2572	2733	3043	3296	3473	3522	3451	3333	3101	2858	2687	2474	2288	2140	2006	
97	6247	94.9	95.0	21	1	0	2	901	1025	1255	1648	2128	2535	2825	2924	2892	2764	2686	2507	2308	2196	2060	1969	1964	2045	2210	2467	2681	2829	2854	2819	2704	2577	2474	2295	2163	2024	1923	1816	
97	6327	60.0	60.1	21	1	1	2	970	1174	1705	2485	3433	4247	4600	4824	4653	4394	4115	3835	3432	3125	2851	2673	2539	2514	2712	3047	3281	3453	3544	3461	3314	3119	2918	2678	2483	2292	2166	2025	
97	6344	60.0	60.0	21	1	1	2	989	1199	1703	2540	3458	4239	4684	4801	4647	4431	4120	3778	3480	3116	2843	2652	2496	2552	2725	2996	3270	3461	3492	3434	3280	3130	2900	2714	2456	2296	2120	1971	
97	6361	59.9	60.0	21	1	1	2	987	1201	1707	2542	3491	4270	4720	4832	4712	4439	4119	3806	3474	3144	2885	2684	2546	2565	2749	3018	3277	3464	3535	3497	3326	3123	2926	2683	2459	2295	2151	2046	
97	6379	60.0	60.0	21	1	1	2	997	1206	1708	2538	3517	4277	4707	4850	4710	4424	4157	3820	3460	3146	2848	2656	2545	2592	2738	3006	3253	3484	3517	3468	3312	3174	2924	2697	2505	2298	2164	2033	
97	6396	60.0	60.0	21	1	1	2	988	1189	1689	2524	3431	4298	4692	4824	4668	4416	4167	3800	3446	3131	2863	2682	2520	2556	2721	3036	3272	3449	3531	3475	3270	3122	2927	2689	2492	2318	2166	2045	
97	6413	59.9	60.0	21	1	1	2	985	1180	1713	2532	3449	4275	4756	4847	4697	4433	4155	3858	3473	3166	2861	2678	2537	2573	2733	3032	3301	3454	3522	3474	3323	3131	2944	2681	2495	2306	2186	2037	
97	6430	59.9	60.0	21	1	1	2	983	1179	1715	2524	3448	4252	4669	4748	4660	4442	4126	3782	3423	3132	2848	2675	2543	2544	2716	3039	3255	3464	3531	3442	3301	3108	2920	2665	2465	2288	2133	2000	
97	6495	94.9	95.1	22	1	0	2	914	999	1282	1662	2155	2563	2815	2875	2880	2796	2704	2529	2351	2196	2030	1969	1933	2046	2224	2476	2682	2846	2883	2834	2716	2625	2438	2290	2140	2024	1917	1814	
97	6575	60.0	60.1	22	1	1	2	977	1198	1718	2526	3471	4275	4668	4799	4672	4444	4121	3822	3481	3137	2844	2650	2511	2562	2738	3019	3301	3430	3540	3478	3320	3125	2922	2673	2499	2309	2170	2012	
97	6592	59.9	60.0	22	1	1	2	1008	1216	1700	2539	3510	4311	4721	4855	4733	4412	4193	3836	3469	3176	2844	2677	2580	2558	2729	3001	3303	3486	3551	3489	3331	3134	2930	2705	2498	2306	2168	2015	
97	6610	59.9	60.0	22	1	1	2	984	1193	1732	2518	3454	4278	4691	4825	4684	4388	4138	3793	3443	3167	2863	2652	2561	2584	2721	3007	3264	3503	3519	3465	3309	3124	2910	2686	2473	2309	2149	2040	
97	6627	59.9	60.0	22	1	1	2	990	1169	1707	2507	3462	4240	4584	4786	4628	4379	4092	3784	3428	3128	2816	2643	2510	2536	2721	3034	3243	3443	3492	3437	3286	3122	2895	2642	2452	2279	2141	2015	
97	6644	60.0	60.0	22	1	1	2	990	1193	1702	2516	3490	4235	4716	4824	4679	4438	4184	3778	3456	3145	2853	2669	2537	2555	2761	3028	3289	3461	3531	3455	3299	3144	2888	2682	2494	2283	2132	2019	
97	6661	60.0	60.0	22	1	1	2	992	1188	1711	2525	3456	4246	4660	4792	4628	4414	4092	3747	3453	3121	2835	2642	2524	2568	2720	3034	3258	3432	3492	3442	3272	3100	2886	2695	2457	2287	2148	2015	
97	6679	60.0	60.0	22	1	1	2	993	1213	1708	2527	3481	4283	4642	4796	4673	4425	4173	3801	3450	3113	2848	2650	2547	2577	2747	3013	3281	3458	3572	3489	3307	3134	2897	2669	2483	2309	2145	2029	
97	6743	94.9	95.0	23	1	0	2	916	1015	1282	1661	2132	2576	2803	2913	2899	2778	2673	2508	2327	2194	2035	1988	1955	2001	2240	2466	2658	2827	2849	2807	2702	2581	2449	2272	2134	2004	1878	1797	
97	6823	60.1	60.1	23	1	1	2	995	1190	1716	2532	3465	4228	4638	4848	4683	4400	4142	3763	3413	3148	2828	2674	2525	2563	2735	3043	3288	3470	3517	3445	3275	3116	2889	2677	2465	2278	2167	2044	
97	6840	59.9	60.0	23	1	1	2	996	1179	1689	2530	3469	4275	4657	4846	4679	4403	4172	3812	3475	3148	2852	2656	2556	2582	2732	3040	3311	3455	3530	3470	3274	3127	2898	2681	2509	2300	2153	2000	
97	6858	59.9	60.0	23	1	1	2	980	1181	1694	2538	3479	4216	4671	4803	4659	4391	4124	3772	3433	3135	2863	2656	2546	2540	2745	2992	3263	3475	3495	3416	3314	3130	2893	2682	2490	2287	2178	2013	
97	6875	60.0	60.0	23	1	1	2	978	1176	1675	2509	3493	4254	4657	4777	4654	4423	4100	3809	3456	3109	2833	2658	2551	2547	2702	2994	3268	3424	3502	3440	3257	3100	2932	2644	2462	2289	2145	2006	
97	6892	60.0	60.0	23	1	1	2	1001	1186	1707	2524	3470	4219	4653	4805	4606	4378	4108	3790	3413	3123	2846	2607	2511	2555	2712	2987	3276	3477	3482	3415	3299	3131	2896	2681	2456	2275	2156	2023	
97	6909	59.9	60.0	23	1	1	2	980	1192	1715	2511	3468	4265	4633	4823	4655	4417	4122	3824	3449	3128	2822	2679	2533	2563	2710	3006	3268	3435	3522	3452	3301	3114	2918	2679	2447	2270	2135	2003	
97	6927	60.0	60.0	23	1	1	2	975	1182	1728	2548	3509	4268	4701	4840	4719	4461	4152	3790	3456	3111	2855	2666	2549	2571	2759	3001	3303	3486	3533	3482	3295	3127	2912	2706	2508	2331	2184	2027	
97	6989	94.9	95.1	24	1	0	2	914	1008	1261	1665	2143	2549	2828	2930	2876	2767	2657	2530	2348	2209	2044	1968	1956	2040	2220	2513	2672	2866	2864	2842	2705	2598	2452	2299	2144	2024	1910	1799	
97	7068	60.0	60.1	24	1	1	2	987	1194	1700	2503	3460	4250	4690	4779	4644	4407	4124	3775	3418	3130	2836	2669	2534	2549	2724	3006	3249	3433	3508	3459	3287	3101	2874	2680	2456	2269	2126	2032	
97	7086	59.9	60.0	24	1	1	2	981	1180	1715	2507	3510	4296	4703	4794	4669	4421	4179	3799	3424	3184	2846	2670	2556	2554	2735	3035	3250	3478	3510	3439	3309	3172	2919	2687	2504	2312	2136	2025	
97	7103	60.0	60.0	24	1	1	2	1005	1172	1738	2530	3467	4258	4719	4845	4692	4383	4130	3812	3465	3165	2872	2688	2534	2576	2751	3013	3299	3466	3527	3508	3324	3128	2907	2696	2472	2276	2155	2031	
97	7120	59.9	60.0	24	1	1	2	990	1193	1720	2523	3492	4254	4680	4784	4680	4416	4165	3810	3468	3115	2854	2662	2548	2567	2740	3019	3290	3466	3519	3493	3323	3156	2925	2657	2465	2315	2173	2019	
97	7137	59.9	60.0	24	1	1	2	984	1193	1703	2516	3444	4266	4628	4787	4652	4380	4106	3784	3399	3121	2825	2673	2506	2544	2745	3006	3249	3437	3505	3410	3304	3127	2878	2676	2466	2302	2163	2014	
97	7155	59.9	60.0	24	1	1	2	983	1200	1733	2509	3489	4245	4654	4815	4668	4449	4153	3802	3451	3124	2835	2670	2527	2555	2732	2984	3265	3455	3528	3473	3301	3117	2903	2691	2480	2298	2132	2022	
97	7172	60.0	60.0	24	1	1	2	1002	1214	1686	2532	3493	4260	4678	4795	4642	4397	4132	3803	3431	3114	2852	2672	2556	2571	2742	3031	3281	3441	3546	3444	3332	3127	2918	2713	2485	2303	2160	2023	
97	7234	95.0	95.0	25	1	0	2	916	1009	1260	1659	2124	2532	2780	2913	2900	2811	2660	2511	2331	2206	2031	1992	1977	2054	2226	2464	2686	2844	2842	2821	2714	2643	2434	2275	2154	2038	1894	1793	
97	7314	60.0	60.1	25	1	1	2	980	1186	1712	2524	3474	4219	4722	4827	4676	4396	4130	3801	3424	3166	2864	2683	2537	2548	2717	3019	3281	3445	3501	3440	3316	3140	2894	2678	2464	2315	2172	2021	
97	7332	59.9	60.0	25	1	1	2	983	1201	1698	2536	3466	4288	4679	4847	4679	4425	4127	3819	3469	3150	2891	2654	2530	2563	2742	3016	3285	3462	3494	3470	3294	3153	2904	2697	2473	2293	2139	2022	
97	7349	60.0	60.0	25	1	1	2	992	1195	1710	2513	3437	4252	4668	4740	4683	4431	4148	3781	3475	3156	2815	2667	2536	2524	2711	2981	3283	3441	3474	3433	3304	3104	2911	2642	2463	2288	2152	2003	
97	7366	60.0	60.0	25	1	1	2	981	1181	1727	2506	3474	4204	4665	4813	4680	4394	4099	3785	3459	3120	2856	2641	2571	2545	2730	2989	3280	3478	3510	3462	3283	3113	2897	2680	2486	2292	2146	1998	
97	7383	59.9	60.0	25	1	1	2	980	1178	1724	2541	3494	4265	4625	4783	4653	4423	4149	3824	3446	3205	2842	2674	2543	2572	2725	3024	3268	3472	3531	3488	3332	3140	2903	2688	2478	2316	2152	2032	
97	7401	59.9	60.0	25	1	1	2	992	1177	1717	2521	3489	4249	4662	4807	4708	4395	4134	3825	3434	3125	2852	2657	2552	2594	2748	3043	3234	3432	3525	3438	3319	3102	2914	2645	2507	2306	2137	2018	
97	7418	60.0	60.0	25	1	1	2	985	1210	1704	2529	3472	4282	4673	4875	4675	4412	4129	3770	3446	3126	2847	2644	2528	2536	2772	3011	3252	3464	3530	3455	3276	3113	2902	2667	2492	2283	2158	2018	
97	7480	95.0	95.0	26	1	0	2	906	1014	1267	1649	2141	2549	2789	2932	2921	2817	2657	2521	2336	2200	2035	1985	1969	2049	2214	2476	2676	2839	2844	2824	2729	2590	2456	2258	2159	2000	1893	1790	
97	7561	60.0	60.1	26	1	1	2	995	1193	1697	2532	3443	4242	4655	4830	4659	4399	4102	3748	3449	3172	2836	2646	2540	2572	2721	3003	3264	3450	3525	3439	3298	3134	2879	2700	2481	2306	2140	2018	
97	7578	59.9	60.0	26	1	1	2	982	1186	1709	2493	3493	4256	4686	4832	4648	4415	4153	3789	3444	3103	2841	2660	2525	2555	2714	2998	3250	3464	3518	3440	3283	3134	2929	2665	2485	2298	2161	2002	
97	7595	59.9	60.0	26	1	1	2	984	1190	1723	2555	3484	4261	4682	4839	4688	4413	4127	3807	3455	3132	2856	2632	2574	2560	2732	2986	3273	3448	3518	3474	3300	3139	2873	2711	2480	2255	2146	2028	
97	7612	59.9	60.0	26	1	1	2	975	1195	1712	2522	3445	4261	4660	4816	4660	4386	4116	3747	3427	3125	2814	2645	2530	2549	2731	3005	3272	3443	3494	3464	3299	3116	2894	2654	2475	2277	2138	1997	
97	7630	59.9	60.0	26	1	1	2	987	1188	1711	2511	3464	4275	4651	4784	4686	4419	4133	3774	3463	3134	2832	2669	2536	2541	2721	3006	3242	3465	3503	3448	3245	3133	2913	2657	2470	2280	2141	2018	
97	7647	59.9	60.0	26	1	1	2	990	1185	1726	2523	3517	4263	4668	4826	4631	4451	4172	3804	3445	3151	2863	2675	2533	2568	2755	3001	3283	3488	3528	3472	3302	3106	2912	2692	2476	2295	2161	2042	
97	7664	60.0	60.0	26	1	1	2	979	1193	1715	2525	3470	4267	4671	4803	4650	4428	4153	3791	3434	3129	2845	2664	2544	2527	2726	3015	3250	3470	3516	3454	3290	3133	2916	2685	2470	2299	2127	2029	
97	7726	94.9	95.0	27	1	0	2	911	1024	1255	1677	2128	2548	2794	2890	2892	2811	2690	2532	2330	2155	2022	1986	1979	2040	2207	2441	2652	2824	2830	2827	2716	2571	2439	2253	2125	1994	1888	1794	
97	7807	60.0	60.1	27	1	1	2	988	1196	1691	2503	3464	4271	4638	4792	4657	4402	4120	3777	3428	3142	2844	2637	2531	2584	2713	3005	3268	3410	3513	3452	3286	3120	2906	2671	2446	2298	2176	2027	
97	7824	59.9	60.0	27	1	1	2	1020	1193	1724	2516	3473	4252	4660	4826	4676	4407	4171	3787	3435	3147	2846	2675	2539	2560	2721	3005	3297	3462	3497	3429	3298	3120	2913	2711	2452	2295	2135	2047	
97	7841	59.9	60.0	27	1	1	2	1016	1188	1701	2516	3469	4217	4659	4803	4614	4429	4110	3773	3388	3152	2868	2642	2522	2564	2740	2996	3272	3445	3530	3478	3298	3082	2870	2661	2481	2301	2133	2004	
97	7858	60.0	60.0	27	1	1	2	981	1185	1727	2537	3455	4261	4652	4811	4662	4373	4119	3792	3442	3113	2855	2651	2512	2559	2730	3058	3282	3479	3511	3454	3302	3128	2906	2691	2477	2304	2138	2021	
97	7876	60.0	60.0	27	1	1	2	1004	1189	1712	2506	3454	4214	4559	4805	4639	4397	4096	3783	3411	3117	2840	2649	2528	2565	2715	2996	3282	3458	3508	3422	3304	3078	2869	2675	2464	2288	2101	1994	
97	7893	60.0	60.0	27	1	1	2	994	1195	1703	2525	3470	4263	4681	4803	4640	4456	4133	3804	3471	3124	2849	2676	2546	2555	2724	3011	3244	3481	3481	3438	3274	3142	2891	2658	2461	2281	2154	2021	
97	7910	59.9	60.0	27	1	1	2	987	1198	1688	2537	3464	4261	4664	4818	4665	4378	4117	3780	3441	3129	2825	2668	2534	2556	2728	2989	3251	3433	3485	3436	3311	3083	2913	2654	2418	2283	2140	2010	
97	7975	94.8	95.0	28	1	0	2	897	1008	1258	1659	2131	2549	2800	2931	2887	2792	2690	2521	2332	2214	2055	1990	1947	2060	2232	2454	2700	2778	2850	2844	2732	2605	2441	2269	2138	2006	1901	1806	
97	8055	60.0	60.1	28	1	1	2	985	1191	1732	2509	3488	4268	4712	4813	4707	4430	4153	3805	3457	3163	2845	2653	2581	2570	2727	3006	3252	3430	3527	3470	3317	3135	2937	2691	2511	2300	2157	2020	
97	8072	59.9	60.0	28	1	1	2	982	1193	1721	2539	3471	4183	4690	4828	4675	4430	4072	3804	3475	3109	2840	2688	2535	2581	2737	3001	3286	3455	3482	3441	3324	3136	2906	2668	2456	2315	2134	2012	
97	8089	60.0	60.0	28	1	1	2	998	1192	1717	2486	3460	4244	4713	4819	4685	4432	4129	3797	3468	3121	2834	2661	2524	2585	2730	3005	3265	3454	3496	3460	3290	3101	2920	2697	2486	2270	2150	2016	
97	8106	60.0	60.0	28	1	1	2	994	1195	1736	2524	3507	4243	4686	4832	4651	4452	4128	3788	3473	3172	2851	2667	2519	2570	2716	3003	3249	3451	3494	3443	3290	3160	2910	2707	2482	2291	2139	2010	
97	8124	60.0	60.0	28	1	1	2	997	1211	1709	2569	3473	4265	4652	4795	4709	4437	4118	3816	3462	3135	2832	2657	2573	2539	2758	3043	3242	3432	3530	3440	3299	3103	2853	2670	2475	2286	2139	1977	
97	8141	60.0	60.0	28	1	1	2	997	1202	1712	2518	3483	4264	4688	4798	4663	4415	4126	3771	3479	3107	2853	2674	2541	2569	2731	3015	3257	3452	3519	3477	3296	3128	2913	2696	2463	2295	2148	2015	
97	8158	60.0	60.0	28	1	1	2	990	1199	1716	2533	3443	4251	4680	4770	4633	4397	4130	3779	3446	3112	2819	2648	2513	2586	2724	3022	3237	3487	3485	3446	3274	3103	2890	2654	2462	2280	2151	1978	
97	8223	94.9	95.0	29	1	0	2	904	1011	1274	1656	2144	2570	2818	2922	2895	2802	2690	2493	2333	2208	2056	1983	1978	2060	2203	2454	2674	2800	2854	2834	2703	2606	2410	2302	2159	1998	1905	1787	
97	8303	60.0	60.0	29	1	1	2	991	1186	1689	2524	3460	4254	4638	4817	4665	4424	4123	3778	3437	3154	2840	2651	2523	2572	2708	3038	3265	3449	3502	3455	3283	3123	2881	2683	2467	2285	2141	2026	
97	8320	59.9	60.0	29	1	1	2	983	1216	1739	2531	3466	4284	4685	4808	4657	4429	4140	3797	3458	3130	2876	2686	2538	2585	2725	3022	3297	3473	3521	3458	3330	3116	2912	2689	2489	2296	2138	2035	
97	8337	59.9	60.0	29	1	1	2	979	1189	1720	2547	3458	4268	4656	4843	4667	4393	4153	3809	3440	3156	2857	2679	2526	2586	2724	3020	3266	3458	3501	3465	3290	3100	2915	2690	2474	2263	2146	2034	
97	8354	60.0	60.0	29	1	1	2	976	1218	1703	2523	3452	4218	4689	4815	4679	4435	4168	3771	3445	3153	2876	2666	2513	2546	2719	3003	3229	3429	3512	3472	3288	3106	2894	2689	2478	2281	2141	2008	
97	8372	60.0	60.0	29	1	1	2	1001	1186	1724	2550	3537	4275	4697	4823	4689	4407	4127	3834	3461	3178	2869	2663	2558	2580	2753	3022	3285	3471	3481	3463	3305	3139	2897	2674	2492	2313	2156	2054	
97	8389	59.9	60.0	29	1	1	2	987	1208	1718	2515	3470	4238	4644	4807	4657	4417	4138	3797	3445	3108	2864	2648	2528	2564	2720	2996	3262	3473	3504	3441	3284	3075	2903	2649	2479	2251	2137	1999	
97	8406	59.9	60.0	29	1	1	2	1001	1189	1708	2546	3455	4268	4677	4825	4671	4454	4151	3789	3461	3141	2841	2652	2551	2566	2718	3021	3277	3470	3536	3474	3320	3106	2923	2708	2453	2302	2139	2020	
97	8469	95.0	95.0	30	1	0	2	924	1014	1255	1685	2158	2549	2787	2924	2916	2826	2683	2514	2387	2194	2051	1984	1951	2033	2216	2423	2687	2782	2841	2840	2681	2588	2457	2293	2130	2001	1887	1792	
97	8549	60.0	60.1	30	1	1	2	984	1202	1717	2513	3480	4243	4634	4824	4669	4414	4088	3774	3460	3145	2836	2681	2512	2564	2736	3000	3258	3438	3490	3442	3295	3084	2887	2679	2464	2276	2146	2027	
97	8566	59.9	60.0	30	1	1	2	990	1195	1707	2548	3467	4278	4678	4823	4696	4426	4145	3792	3459	3152	2860	2668	2547	2555	2731	3022	3270	3464	3520	3460	3302	3097	2896	2672	2471	2274	2143	2016	
97	8583	60.0	60.0	30	1	1	2	992	1218	1721	2536	3481	4290	4699	4836	4717	4468	4159	3813	3504	3127	2861	2682	2553	2588	2746	3006	3244	3422	3503	3468	3300	3113	2896	2658	2472	2296	2146	2028	
97	8601	60.0	60.0	30	1	1	2	972	1197	1723	2495	3482	4294	4643	4820	4645	4408	4108	3795	3440	3150	2833	2663	2534	2563	2721	3027	3294	3429	3473	3428	3265	3108	2880	2667	2447	2269	2129	2018	
97	8618	60.0	60.0	30	1	1	2	1000	1200	1717	2542	3488	4282	4697	4877	4679	4383	4148	3804	3455	3163	2856	2687	2537	2576	2734	3029	3276	3420	3565	3422	3298	3145	2892	2687	2486	2303	2154	2020	
97	8635	60.0	60.0	30	1	1	2	1014	1209	1753	2539	3493	4278	4679	4836	4707	4429	4157	3839	3448	3136	2861	2659	2567	2558	2739	3033	3277	3450	3545	3465	3286	3095	2896	2683	2468	2288	2176	2008	
97	8652	60.0	60.0	30	1	1	2	1012	1214	1718	2522	3486	4252	4680	4833	4683	4388	4115	3767	3433	3167	2871	2652	2541	2574	2731	2981	3287	3436	3535	3428	3293	3113	2900	2667	2501	2307	2145	2032	
97	8717	94.8	95.0	31	1	0	2	925	1027	1294	1675	2137	2569	2795	2958	2921	2786	2674	2520	2349	2197	2043	2017	1972	2055	2205	2460	2665	2787	2865	2817	2726	2595	2443	2288	2133	2036	1897	1820	
97	8797	60.0	60.0	31	1	1	2	984	1202	1710	2543	3491	4296	4720	4794	4710	4380	4156	3828	3476	3136	2866	2643	2532	2592	2730	3028	3260	3433	3495	3476	3289	3101	2892	2702	2466	2295	2150	2028	
97	8814	59.9	60.0	31	1	1	2	1000	1211	1735	2588	3508	4340	4717	4840	4719	4454	4172	3850	3486	3176	2886	2672	2581	2592	2733	3044	3293	3482	3522	3508	3329	3116	2933	2678	2473	2301	2172	2025	
97	8831	59.9	60.0	31	1	1	2	1003	1210	1736	2544	3507	4303	4732	4873	4740	4471	4146	3858	3507	3193	2883	2672	2563	2588	2747	3057	3282	3482	3564	3460	3319	3128	2914	2703	2469	2282	2182	2031	
97	8849	59.9	60.0	31	1	1	2	1013	1195	1711	2526	3480	4301	4707	4836	4710	4430	4137	3804	3480	3151	2868	2683	2548	2577	2743	3026	3315	3442	3518	3493	3300	3118	2884	2702	2454	2296	2163	2024	
97	8866	59.9	60.0	31	1	1	2	1000	1208	1722	2576	3497	4304	4750	4852	4678	4451	4192	3842	3483	3149	2892	2684	2564	2581	2805	2990	3286	3469	3530	3487	3314	3143	2893	2673	2504	2283	2150	2032	
97	8883	59.9	60.0	31	1	1	2	991	1199	1760	2557	3521	4293	4715	4876	4700	4453	4214	3819	3427	3168	2851	2662	2536	2569	2764	3025	3287	3466	3521	3467	3287	3140	2904	2662	2460	2320	2150	2021	
97	8900	59.9	60.0	31	1	1	2	998	1215	1700	2531	3481	4296	4692	4840	4708	4437	4175	3750	3486	3147	2855	2695	2530	2563	2723	3011	3252	3482	3538	3466	3324	3135	2925	2696	2486	2263	2170	2007	
97	8963	94.9	95.1	32	1	0	2	920	1020	1304	1704	2164	2580	2829	2922	2937	2836	2761	2521	2360	2196	2078	1998	1967	2052	2245	2483	2706	2798	2851	2837	2719	2591	2441	2292	2157	2001	1881	1777	
97	9043	60.0	60.0	32	1	1	2	997	1220	1737	2538	3518	4331	4740	4852	4743	4450	4177	3819	3487	3175	2873	2690	2564	2616	2727	3061	3286	3480	3508	3457	3292	3136	2876	2676	2491	2303	2133	2016	
97	9060	59.9	60.0	32	1	1	2	1011	1216	1739	2560	3529	4318	4748	4930	4745	4498	4214	3826	3499	3181	2906	2688	2584	2592	2744	3021	3258	3469	3517	3510	3318	3164	2888	2692	2500	2341	2146	2019	
97	9077	59.9	60.0	32	1	1	2	1002	1214	1735	2568	3510	4372	4748	4877	4771	4512	4222	3847	3511	3169	2868	2695	2582	2590	2728	3038	3290	3472	3516	3492	3302	3126	2934	2691	2492	2280	2142	2017	
97	9095	60.0	60.0	32	1	1	2	1009	1210	1740	2552	3481	4308	4714	4915	4671	4437	4158	3858	3522	3183	2912	2682	2590	2604	2750	3034	3282	3460	3549	3457	3309	3105	2913	2709	2493	2295	2159	2006	
97	9112	60.0	60.0	32	1	1	2	1007	1228	1711	2563	3546	4300	4742	4878	4755	4467	4198	3872	3514	3182	2880	2709	2578	2604	2770	3045	3326	3469	3517	3462	3330	3121	2911	2669	2470	2302	2148	2032	
97	9129	59.9	60.0	32	1	1	2	1006	1218	1730	2543	3494	4299	4704	4878	4692	4462	4183	3819	3475	3184	2870	2709	2554	2569	2760	3010	3285	3423	3494	3442	3282	3111	2885	2660	2452	2273	2152	2035	
97	9146	60.0	60.0	32	1	1	2	1004	1230	1734	2536	3489	4290	4738	4839	4715	4449	4205	3827	3494	3180	2869	2699	2561	2598	2757	3026	3284	3456	3483	3432	3260	3132	2880	2669	2467	2298	2145	2015	
97	9209	94.9	95.0	33	1	0	2	929	1031	1294	1708	2154	2606	2845	3020	2937	2825	2736	2576	2374	2238	2085	2026	1998	2072	2234	2473	2719	2808	2876	2847	2689	2620	2454	2272	2151	2032	1905	1795	
97	9289	60.0	60.1	33	1	1	2	1010	1226	1743	2577	3537	4369	4798	4930	4771	4545	4233	3884	3550	3203	2921	2710	2576	2566	2775	3062	3300	3469	3543	3448	3304	3149	2930	2683	2483	2296	2148	2025	
97	9306	59.9	60.0	33	1	1	2	977	1234	1756	2609	3568	4367	4822	4957	4772	4529	4276	3889	3570	3221	2940	2729	2646	2626	2776	3051	3311	3507	3502	3527	3335	3172	2921	2703	2505	2303	2157	2021	
97	9324	60.0	60.0	33	1	1	2	1010	1198	1775	2598	3585	4376	4841	4971	4855	4571	4261	3902	3562	3234	2951	2713	2618	2607	2763	3052	3322	3498	3544	3517	3336	3193	2952	2719	2476	2310	2153	2023	
97	9341	59.9	60.0	33	1	1	2	1006	1223	1756	2627	3558	4390	4793	4920	4733	4491	4244	3896	3546	3215	2927	2729	2594	2578	2753	3058	3281	3507	3523	3494	3290	3110	2933	2708	2488	2297	2148	2034	
97	9358	60.0	60.0	33	1	1	2	1009	1228	1774	2616	3571	4318	4790	4953	4791	4511	4243	3893	3534	3210	2907	2757	2576	2578	2788	3044	3291	3452	3541	3486	3322	3142	2914	2693	2494	2326	2160	2037	
97	9375	60.0	60.0	33	1	1	2	1012	1229	1769	2590	3612	4377	4789	4955	4782	4533	4263	3901	3561	3247	2935	2726	2581	2628	2790	3065	3301	3510	3543	3488	3334	3136	2937	2715	2473	2310	2169	2030	
97	9393	60.0	60.0	33	1	1	2	978	1217	1752	2573	3557	4361	4732	4910	4760	4544	4214	3860	3542	3221	2940	2692	2583	2613	2727	3019	3265	3469	3505	3452	3284	3117	2890	2696	2475	2300	2146	2021	
97	9455	94.9	95.0	34	1	0	2	925	1029	1299	1729	2219	2657	2930	3045	3011	2886	2782	2617	2421	2244	2122	2038	2003	2104	2264	2515	2712	2873	2905	2876	2743	2614	2478	2317	2167	2031	1935	1817	
97	9535	60.0	60.0	34	1	1	2	1013	1237	1772	2616	3614	4447	4912	5066	4892	4650	4334	3916	3606	3292	2972	2785	2651	2673	2840	3050	3340	3505	3541	3487	3342	3172	2950	2738	2508	2337	2155	2044	
97	9552	59.9	60.0	34	1	1	2	1032	1235	1783	2640	3666	4479	4931	5030	4894	4608	4369	3977	3630	3267	2947	2776	2656	2636	2812	3074	3351	3490	3583	3502	3357	3194	2944	2721	2524	2329	2154	2038	
97	9570	59.9	60.0	34	1	1	2	1019	1238	1778	2651	3637	4501	4882	5044	4896	4631	4321	3977	3608	3294	2949	2777	2620	2651	2828	3075	3348	3509	3556	3498	3351	3140	2965	2709	2491	2293	2171	2024	
97	9587	60.0	60.0	34	1	1	2	1025	1236	1786	2636	3634	4465	4927	5047	4927	4695	4336	3984	3596	3291	2971	2781	2652	2613	2835	3091	3332	3535	3563	3487	3349	3144	2942	2724	2493	2292	2160	2041	
97	9604	60.0	60.0	34	1	1	2	1007	1239	1774	2632	3607	4433	4898	5042	4888	4609	4303	3990	3611	3280	2968	2779	2632	2625	2803	3077	3316	3469	3564	3535	3309	3164	2941	2695	2490	2317	2187	2046	
97	9621	60.0	60.0	34	1	1	2	1033	1255	1772	2661	3593	4460	4852	5016	4886	4626	4318	3954	3605	3274	2958	2774	2616	2655	2804	3047	3323	3530	3544	3532	3337	3134	2911	2716	2496	2326	2160	2025	
97	9639	60.0	60.0	34	1	1	2	1023	1239	1767	2644	3621	4427	4906	5002	4877	4623	4338	3966	3610	3251	2977	2753	2637	2631	2795	3071	3344	3516	3532	3496	3337	3169	2928	2703	2489	2285	2136	2031	
97	9703	94.8	95.0	35	1	0	2	952	1048	1341	1734	2257	2722	2971	3127	3092	2949	2822	2630	2475	2335	2155	2081	2038	2101	2288	2550	2709	2870	2917	2871	2741	2594	2484	2300	2150	2016	1909	1831	
97	9783	60.0	60.1	35	1	1	2	1041	1239	1807	2692	3730	4579	5020	5180	5033	4784	4456	4084	3736	3372	3048	2805	2675	2696	2798	3089	3353	3505	3570	3567	3348	3170	2931	2715	2505	2312	2159	2012	
97	9801	59.9	60.0	35	1	1	2	1015	1265	1812	2732	3754	4613	5012	5221	5030	4824	4485	4119	3723	3401	3077	2865	2696	2706	2842	3136	3356	3567	3589	3518	3328	3203	2944	2743	2523	2378	2170	2025	
97	9818	59.9	60.0	35	1	1	2	1024	1256	1820	2721	3741	4602	5034	5212	5041	4779	4417	4115	3718	3371	3059	2845	2672	2678	2865	3104	3351	3528	3618	3493	3344	3156	2963	2717	2535	2308	2160	2058	
97	9835	60.0	60.0	35	1	1	2	1025	1246	1823	2672	3756	4564	5068	5215	5071	4754	4480	4081	3709	3397	3051	2824	2693	2693	2852	3107	3350	3510	3554	3535	3348	3176	2942	2706	2509	2320	2167	2036	
97	9852	60.0	60.0	35	1	1	2	1024	1228	1826	2687	3739	4589	5031	5184	5041	4767	4464	4092	3698	3355	3032	2852	2682	2681	2827	3082	3364	3513	3582	3475	3311	3134	2906	2692	2549	2318	2159	2031	
97	9869	60.0	60.0	35	1	1	2	1024	1265	1792	2704	3733	4531	5002	5149	5036	4704	4489	4054	3724	3364	3038	2825	2684	2669	2830	3094	3347	3544	3568	3500	3346	3124	2942	2673	2510	2314	2175	2029	
97	9887	60.0	60.0	35	1	1	2	1030	1221	1810	2703	3710	4601	5017	5161	5043	4742	4461	4101	3713	3344	3028	2811	2703	2704	2820	3096	3325	3505	3559	3514	3300	3173	2923	2698	2482	2315	2160	2017	
97	9951	94.9	95.0	36	1	0	2	942	1040	1329	1813	2337	2764	3055	3234	3165	3083	2892	2740	2542	2358	2200	2124	2085	2157	2324	2583	2752	2864	2906	2868	2747	2619	2473	2336	2173	2021	1917	1829	
97	10031	60.0	60.0	36	1	1	2	1042	1267	1851	2782	3902	4768	5259	5420	5276	4994	4650	4238	3881	3485	3124	2930	2781	2762	2908	3157	3398	3578	3614	3546	3393	3182	2964	2732	2533	2348	2180	2045	
97	10049	59.9	60.0	36	1	1	2	1026	1281	1858	2789	3921	4847	5298	5499	5344	5057	4717	4299	3876	3548	3171	2953	2791	2772	2897	3180	3422	3581	3625	3589	3380	3198	2983	2763	2536	2327	2195	2052	
97	10066	59.9	60.0	36	1	1	2	1044	1268	1869	2840	3934	4830	5352	5510	5347	5044	4708	4336	3899	3520	3176	2958	2783	2771	2932	3162	3429	3579	3637	3585	3387	3243	2986	2787	2504	2344	2200	2056	
97	10083	60.0	60.0	36	1	1	2	1021	1273	1871	2811	3908	4824	5296	5487	5279	5028	4695	4294	3895	3496	3178	2940	2773	2749	2917	3180	3430	3604	3602	3530	3391	3190	2985	2744	2529	2354	2180	2040	
97	10100	59.9	60.0	36	1	1	2	1026	1265	1869	2820	3948	4872	5363	5478	5318	5048	4695	4294	3897	3533	3197	2950	2792	2750	2936	3169	3430	3600	3633	3549	3394	3210	2984	2731	2534	2345	2184	2057	
97	10118	60.0	60.0	36	1	1	2	1040	1281	1863	2810	3900	4875	5311	5460	5371	4997	4705	4311	3900	3539	3177	2937	2817	2734	2928	3184	3419	3582	3650	3541	3374	3177	2978	2717	2549	2339	2190	2065	
97	10135	60.0	60.0	36	1	1	2	1054	1267	1870	2825	3876	4764	5292	5469	5319	5012	4681	4310	3863	3519	3197	2956	2790	2782	2936	3161	3412	3559	3617	3511	3366	3218	2948	2735	2521	2328	2175	2046	
97	10197	94.9	95.0	37	1	0	2	936	1070	1381	1867	2438	2970	3250	3427	3372	3273	3088	2890	2681	2485	2296	2179	2147	2215	2361	2606	2782	2928	2933	2901	2761	2664	2490	2333	2218	2056	1951	1824	
97	10277	60.0	60.1	37	1	1	2	1048	1288	1918	2937	4092	5132	5625	5777	5622	5295	4948	4514	4072	3736	3331	3090	2897	2866	2964	3215	3500	3632	3637	3575	3393	3217	3024	2769	2562	2378	2193	2050	
97	10295	60.0	60.0	37	1	1	2	1046	1316	1953	2949	4124	5181	5715	5854	5704	5394	5035	4578	4179	3723	3379	3112	2939	2890	3001	3290	3540	3686	3729	3596	3424	3270	3051	2810	2571	2353	2223	2096	
97	10312	59.9	60.0	37	1	1	2	1040	1300	1957	2973	4165	5145	5705	5915	5734	5399	5010	4598	4126	3736	3357	3136	2914	2876	2988	3254	3463	3679	3692	3621	3430	3262	3036	2765	2572	2388	2214	2081	
97	10329	59.9	60.0	37	1	1	2	1042	1331	1941	2941	4163	5168	5693	5833	5706	5399	5022	4534	4138	3766	3332	3082	2906	2862	3011	3272	3504	3647	3701	3617	3434	3227	2978	2780	2577	2376	2234	2070	
97	10346	60.0	60.0	37	1	1	2	1044	1294	1946	2996	4143	5222	5690	5872	5718	5423	5023	4588	4125	3738	3375	3127	2883	2883	2997	3261	3510	3649	3701	3632	3439	3216	3032	2793	2551	2398	2217	2067	
97	10364	60.0	60.0	37	1	1	2	1055	1316	1974	2941	4188	5155	5615	5865	5652	5368	5030	4623	4134	3743	3353	3105	2905	2879	3027	3286	3511	3598	3672	3606	3421	3236	3018	2779	2544	2337	2202	2084	
97	10381	60.0	60.0	37	1	1	2	1049	1332	1967	2981	4168	5161	5683	5888	5753	5404	5011	4595	4157	3756	3416	3078	2889	2933	3025	3287	3492	3667	3683	3605	3450	3229	2998	2782	2581	2373	2194	2071	
97	10445	94.9	95.0	38	1	0	2	945	1094	1429	1989	2635	3221	3526	3725	3672	3533	3375	3140	2889	2638	2462	2316	2242	2320	2461	2667	2856	2971	3021	2997	2821	2686	2488	2379	2192	2080	1923	1834	
97	10526	60.0	60.0	38	1	1	2	1051	1325	2028	3151	4456	5541	6116	6285	6100	5736	5363	4884	4401	3988	3561	3269	3053	3016	3129	3369	3566	3684	3734	3647	3494	3268	3056	2791	2608	2398	2257	2071	
97	10543	59.9	60.0	38	1	1	2	1049	1330	2048	3141	4454	5589	6123	6342	6135	5815	5410	4915	4461	3994	3593	3281	3059	3037	3165	3370	3593	3723	3781	3667	3492	3297	3056	2797	2587	2412	2268	2077	
97	10560	59.9	60.0	38	1	1	2	1048	1347	2037	3155	4461	5566	6174	6363	6161	5818	5447	4964	4477	4010	3587	3280	3072	3024	3132	3365	3611	3736	3762	3678	3485	3301	3075	2827	2606	2390	2236	2080	
97	10577	60.0	60.0	38	1	1	2	1072	1332	2075	3152	4477	5553	6140	6316	6142	5796	5361	4926	4429	4033	3582	3291	3101	3040	3123	3361	3567	3742	3745	3641	3497	3279	3060	2785	2566	2386	2234	2093	
97	10595	60.0	60.0	38	1	1	2	1061	1325	2040	3144	4487	5583	6129	6371	6152	5788	5422	4880	4447	3996	3558	3288	3061	2992	3125	3356	3562	3701	3730	3673	3510	3264	3052	2844	2594	2431	2260	2095	
97	10612	59.9	60.0	38	1	1	2	1067	1318	2021	3145	4445	5580	6106	6330	6130	5790	5401	4908	4445	3992	3538	3295	3047	3000	3119	3361	3544	3739	3714	3648	3463	3264	3050	2793	2648	2370	2229	2084	
97	10629	60.0	60.0	38	1	1	2	1064	1330	2040	3180	4464	5640	6164	6379	6194	5822	5384	4937	4430	4008	3595	3318	3082	3050	3181	3352	3567	3728	3765	3653	3484	3300	3050	2801	2603	2415	2231	2109	
97	10694	94.9	95.1	39	1	0	2	952	1113	1481	2099	2850	3499	3864	4059	4024	3859	3678	3404	3116	2855	2618	2509	2384	2394	2559	2739	2934	3037	3068	3015	2831	2735	2562	2431	2250	2108	1986	1876	
97	10774	60.0	60.1	39	1	1	2	1061	1360	2123	3319	4727	5899	6589	6811	6613	6164	5789	5257	4736	4261	3784	3470	3222	3144	3223	3457	3610	3762	3794	3722	3501	3331	3083	2840	2617	2411	2243	2098	
97	10791	60.0	60.0	39	1	1	2	1079	1361	2171	3340	4793	6005	6649	6879	6683	6288	5818	5319	4778	4302	3815	3487	3235	3199	3278	3480	3681	3816	3821	3736	3529	3299	3094	2900	2643	2452	2265	2121	
97	10808	59.9	60.0	39	1	1	2	1070	1370	2161	3370	4817	6013	6668	6904	6686	6318	5906	5363	4779	4287	3837	3498	3241	3185	3256	3474	3683	3834	3848	3754	3574	3355	3100	2919	2633	2437	2261	2114	
97	10825	60.0	60.0	39	1	1	2	1078	1389	2146	3355	4871	5991	6659	6920	6720	6304	5867	5334	4833	4302	3853	3483	3258	3144	3274	3471	3704	3810	3820	3757	3519	3323	3129	2882	2638	2431	2260	2128	
97	10843	60.0	60.0	39	1	1	2	1086	1371	2157	3393	4842	6040	6640	6886	6681	6296	5887	5330	4810	4333	3834	3505	3241	3188	3270	3512	3703	3823	3806	3754	3566	3336	3152	2864	2631	2450	2277	2132	
97	10860	60.0	60.0	39	1	1	2	1080	1369	2158	3391	4837	6044	6638	6880	6660	6260	5840	5317	4772	4301	3834	3523	3262	3158	3258	3563	3681	3771	3806	3717	3561	3350	3121	2838	2629	2434	2283	2142	
97	10877	59.9	60.0	39	1	1	2	1074	1378	2145	3386	4835	6058	6705	6905	6681	6308	5914	5343	4842	4339	3844	3518	3242	3198	3292	3495	3693	3841	3836	3727	3526	3342	3136	2881	2642	2450	2265	2121	
97	10940	94.9	95.0	40	1	0	2	983	1143	1562	2249	3097	3808	4242	4479	4415	4216	4018	3695	3398	3085	2842	2633	2550	2548	2644	2814	3031	3104	3110	3065	2936	2774	2607	2442	2272	2139	1993	1891	
97	11020	60.0	60.1	40	1	1	2	1105	1409	2248	3529	5136	6402	7048	7354	7083	6724	6240	5594	5077	4534	4059	3670	3421	3272	3364	3570	3773	3897	3871	3767	3586	3354	3107	2897	2676	2437	2298	2173	
97	11037	59.9	60.0	40	1	1	2	1073	1409	2238	3594	5148	6489	7157	7427	7207	6798	6236	5742	5122	4593	4079	3699	3434	3307	3376	3619	3783	3919	3899	3832	3631	3401	3159	2894	2670	2447	2311	2156	
97	11054	60.0	60.0	40	1	1	2	1093	1421	2253	3595	5148	6461	7116	7380	7154	6728	6307	5680	5084	4543	4076	3708	3410	3308	3352	3594	3799	3873	3924	3799	3630	3374	3173	2887	2659	2465	2298	2164	
97	11071	59.9	60.0	40	1	1	2	1082	1415	2246	3583	5162	6456	7142	7390	7205	6758	6291	5697	5103	4595	4060	3739	3368	3332	3365	3578	3768	3876	3925	3792	3595	3428	3172	2892	2678	2491	2299	2149	
97	11089	59.9	60.0	40	1	1	2	1095	1447	2256	3608	5165	6462	7147	7402	7170	6762	6273	5741	5131	4603	4067	3710	3408	3315	3384	3600	3778	3901	3912	3817	3634	3422	3145	2904	2723	2476	2299	2153	
97	11106	60.0	60.0	40	1	1	2	1097	1402	2238	3606	5169	6458	7183	7405	7191	6798	6275	5734	5124	4648	4077	3754	3434	3324	3407	3621	3763	3876	3880	3805	3615	3409	3174	2901	2693	2474	2303	2155	
97	11123	59.9	60.0	40	1	1	2	1089	1426	2293	3590	5168	6482	7219	7406	7226	6728	6270	5737	5120	4614	4092	3726	3424	3340	3413	3594	3809	3903	3924	3760	3584	3379	3133	2882	2687	2458	2302	2173	
