Well	Time (1/2 s)	Block Temp	Sample Temp	Repetition	PCR Stage	Extension	Scale	B1	B2	B3	B4	B5	B6	B7	B8	B9	B10	B11	B12	B13	B14	B15	B16	B17	B18	B19	B20	B21	B22	B23	B24	B25	B26	B27	B28	B29	B30	B31	B32
155	103	95.3	95.0	1	0	0	2	936	1035	1403	1947	2534	3163	3492	3638	3606	3497	3318	3078	2852	2620	2469	2360	2342	2466	2727	3023	3379	3605	3659	3553	3411	3243	3038	2799	2640	2402	2269	2127	
155	121	95.0	95.0	1	0	0	2	927	1061	1363	1884	2497	3054	3440	3583	3507	3387	3180	3007	2820	2615	2469	2337	2333	2445	2645	3007	3350	3560	3597	3541	3377	3221	3019	2790	2614	2398	2300	2109	
155	138	95.0	95.0	1	0	0	2	942	1061	1378	1893	2500	3086	3430	3551	3536	3417	3208	2989	2813	2554	2413	2368	2300	2444	2720	2998	3320	3534	3580	3540	3369	3189	3022	2805	2619	2414	2268	2135	
155	155	95.0	95.0	1	0	0	2	923	1064	1381	1882	2506	3065	3396	3596	3520	3364	3226	3027	2766	2608	2453	2356	2316	2459	2705	3008	3332	3536	3606	3538	3366	3214	3041	2802	2612	2405	2270	2154	
155	172	95.0	95.0	1	0	0	2	932	1076	1371	1906	2482	3021	3396	3536	3553	3434	3264	3033	2797	2583	2407	2367	2316	2474	2677	3005	3354	3526	3585	3518	3368	3251	3023	2812	2620	2418	2261	2135	
155	190	95.0	95.0	1	0	0	2	940	1089	1414	1900	2537	3077	3460	3552	3520	3445	3273	3026	2825	2607	2442	2355	2335	2472	2717	3024	3367	3570	3648	3547	3355	3282	3038	2794	2627	2441	2335	2143	
155	207	94.9	95.0	1	0	0	2	927	1100	1401	1901	2514	3062	3424	3545	3542	3425	3272	3042	2810	2602	2445	2333	2349	2463	2718	3016	3351	3548	3633	3560	3411	3243	3024	2827	2637	2422	2299	2132	
155	224	94.9	95.0	1	0	0	2	949	1105	1401	1898	2510	3086	3457	3579	3574	3413	3231	3009	2816	2582	2459	2353	2337	2438	2741	3044	3392	3535	3628	3540	3372	3239	3054	2832	2600	2455	2270	2157	
155	241	95.0	95.0	1	0	0	2	951	1112	1382	1907	2506	3071	3410	3530	3546	3478	3255	3042	2808	2602	2472	2338	2329	2489	2693	3050	3355	3541	3610	3535	3416	3237	3041	2835	2605	2466	2294	2154	
155	259	95.0	95.0	1	0	0	2	936	1114	1372	1893	2493	3063	3431	3571	3546	3445	3234	3036	2845	2618	2479	2365	2353	2484	2711	3031	3350	3600	3624	3595	3380	3255	3057	2823	2617	2443	2303	2132	
155	276	94.9	95.0	1	0	0	2	949	1120	1384	1920	2519	3071	3441	3598	3562	3437	3241	3055	2796	2601	2485	2340	2355	2457	2713	3040	3358	3597	3608	3554	3414	3190	3065	2807	2642	2445	2276	2136	
155	293	95.0	95.0	1	0	0	2	924	1136	1395	1945	2538	3102	3423	3588	3555	3460	3276	3029	2802	2612	2485	2357	2358	2450	2716	3025	3356	3567	3632	3550	3401	3197	3035	2823	2618	2448	2304	2143	
155	310	95.0	95.0	1	0	0	2	935	1116	1393	1916	2508	3076	3451	3572	3543	3446	3277	3058	2843	2593	2462	2362	2356	2480	2758	3070	3392	3576	3633	3552	3404	3240	3066	2826	2648	2476	2333	2146	
155	328	94.9	95.0	1	0	0	2	931	1120	1412	1897	2542	3070	3418	3614	3544	3430	3263	3034	2846	2635	2445	2383	2346	2464	2744	3030	3338	3564	3643	3575	3426	3236	3056	2855	2633	2432	2294	2140	
155	345	95.0	95.0	1	0	0	2	923	1120	1380	1918	2524	3060	3429	3572	3545	3458	3244	3042	2876	2608	2446	2348	2338	2478	2715	3019	3355	3506	3638	3555	3418	3247	3052	2818	2634	2468	2294	2147	
155	362	94.9	95.0	1	0	0	2	919	1122	1411	1895	2512	3076	3437	3572	3572	3433	3253	3018	2843	2620	2468	2370	2352	2476	2710	3041	3391	3556	3623	3546	3412	3284	3050	2828	2632	2459	2293	2165	
155	379	95.0	95.0	1	0	0	2	939	1115	1416	1914	2537	3071	3471	3575	3562	3433	3271	3070	2843	2620	2449	2368	2323	2472	2747	3051	3375	3561	3648	3568	3418	3220	3037	2821	2633	2433	2281	2157	
155	397	95.0	95.0	1	0	0	2	935	1126	1412	1930	2519	3085	3455	3570	3578	3451	3257	3072	2844	2618	2471	2356	2346	2451	2732	3048	3361	3545	3657	3563	3426	3234	3055	2834	2665	2455	2309	2148	
155	414	94.9	95.0	1	0	0	2	936	1108	1404	1901	2531	3096	3480	3596	3592	3479	3263	3066	2832	2613	2432	2373	2347	2464	2734	3065	3359	3551	3625	3609	3406	3240	3063	2850	2616	2458	2288	2138	
155	431	95.0	95.0	1	0	0	2	940	1127	1404	1911	2495	3082	3461	3599	3573	3448	3260	3034	2853	2648	2436	2343	2351	2454	2735	3032	3393	3569	3653	3582	3397	3249	3068	2845	2657	2439	2281	2165	
155	448	95.0	95.0	1	0	0	2	942	1109	1409	1912	2507	3096	3456	3604	3568	3445	3244	3020	2838	2618	2470	2346	2337	2492	2732	3056	3372	3577	3648	3571	3396	3232	3071	2821	2623	2444	2304	2119	
155	466	95.0	95.0	1	0	0	2	918	1121	1396	1913	2527	3100	3480	3600	3596	3407	3300	3047	2837	2587	2474	2353	2342	2461	2726	3055	3373	3556	3651	3555	3441	3251	3036	2859	2615	2444	2312	2169	
155	483	94.9	95.0	1	0	0	2	936	1119	1411	1932	2528	3121	3459	3596	3616	3448	3290	3082	2829	2625	2471	2362	2352	2494	2728	3030	3404	3616	3625	3597	3448	3266	3085	2840	2635	2448	2307	2193	
155	500	95.0	95.0	1	0	0	2	940	1107	1390	1915	2535	3098	3491	3586	3565	3481	3263	3058	2846	2616	2469	2354	2354	2457	2716	3045	3399	3553	3667	3565	3419	3273	3086	2836	2647	2468	2300	2164	
155	517	94.9	95.0	1	0	0	2	928	1102	1397	1951	2502	3072	3455	3609	3578	3466	3252	3070	2848	2646	2472	2372	2370	2477	2737	3051	3418	3590	3660	3585	3432	3221	3047	2833	2630	2459	2304	2141	
155	535	95.0	95.0	1	0	0	2	938	1114	1398	1913	2580	3090	3484	3592	3569	3447	3268	3017	2864	2615	2454	2361	2369	2469	2725	3064	3384	3583	3667	3583	3436	3273	3059	2824	2657	2468	2308	2176	
155	552	94.9	95.0	1	0	0	2	939	1114	1404	1931	2500	3107	3467	3632	3593	3484	3281	3057	2816	2616	2470	2373	2386	2478	2722	3036	3385	3567	3680	3587	3430	3272	3071	2873	2656	2456	2306	2180	
155	569	94.9	95.0	1	0	0	2	939	1113	1398	1907	2496	3076	3455	3593	3585	3484	3283	3062	2837	2616	2467	2371	2351	2484	2710	3047	3366	3572	3656	3566	3445	3280	3088	2885	2635	2448	2309	2165	
155	586	95.0	95.0	1	0	0	2	929	1103	1414	1912	2501	3112	3443	3625	3572	3436	3304	3066	2826	2619	2490	2356	2353	2478	2746	3054	3357	3592	3644	3576	3441	3255	3037	2836	2626	2456	2313	2164	
155	604	95.0	95.0	1	0	0	2	955	1113	1424	1894	2529	3119	3440	3620	3592	3456	3268	3078	2864	2633	2470	2363	2333	2471	2715	3060	3413	3587	3612	3560	3437	3272	3089	2825	2657	2457	2306	2186	
155	621	95.0	95.0	1	0	0	2	940	1116	1402	1926	2520	3090	3463	3614	3581	3466	3293	3082	2840	2656	2470	2378	2342	2476	2749	3049	3371	3579	3654	3614	3443	3273	3096	2865	2646	2461	2302	2156	
155	638	95.0	95.0	1	0	0	2	954	1120	1403	1917	2542	3087	3473	3578	3583	3447	3311	3045	2874	2620	2490	2390	2377	2479	2720	3066	3387	3572	3679	3572	3419	3245	3076	2846	2678	2449	2307	2166	
155	655	94.9	95.0	1	0	0	2	934	1120	1428	1930	2531	3138	3440	3612	3607	3486	3305	3058	2857	2624	2470	2359	2354	2475	2744	3084	3373	3578	3656	3556	3429	3279	3072	2845	2624	2466	2322	2170	
155	673	95.0	95.0	1	0	0	2	938	1105	1415	1935	2531	3083	3499	3625	3572	3491	3298	3089	2876	2623	2480	2350	2350	2466	2740	3072	3415	3557	3679	3595	3444	3244	3063	2856	2652	2474	2305	2161	
155	690	95.0	95.0	1	0	0	2	940	1094	1429	1919	2496	3128	3429	3609	3583	3508	3290	3089	2846	2647	2462	2369	2344	2489	2746	3055	3368	3610	3655	3579	3479	3303	3076	2838	2648	2458	2306	2190	
155	707	95.0	95.0	1	0	0	2	948	1111	1437	1917	2508	3116	3485	3619	3643	3494	3295	3066	2859	2630	2477	2401	2385	2502	2758	3052	3385	3590	3672	3609	3430	3286	3034	2861	2665	2477	2333	2143	
155	724	95.0	95.0	1	0	0	2	936	1107	1416	1908	2550	3128	3493	3596	3586	3470	3284	3107	2874	2618	2486	2365	2384	2493	2727	3089	3413	3580	3679	3608	3428	3294	3084	2857	2661	2504	2324	2174	
155	742	95.0	95.0	1	0	0	2	949	1107	1412	1937	2553	3131	3474	3603	3648	3481	3291	3061	2851	2648	2466	2381	2356	2477	2782	3038	3420	3566	3666	3637	3478	3250	3093	2851	2648	2496	2304	2166	
155	759	95.0	95.0	1	0	0	2	922	1104	1412	1933	2520	3115	3496	3640	3612	3475	3302	3072	2836	2647	2481	2392	2372	2470	2712	3061	3416	3605	3688	3556	3438	3291	3081	2865	2638	2455	2325	2181	
155	776	94.9	95.0	1	0	0	2	935	1102	1442	1935	2528	3107	3442	3618	3602	3491	3306	3058	2860	2666	2480	2374	2359	2479	2764	3052	3381	3603	3672	3576	3451	3281	3075	2844	2619	2508	2308	2156	
155	793	95.0	95.0	1	0	0	2	923	1111	1413	1928	2567	3136	3493	3637	3599	3481	3305	3104	2888	2614	2472	2390	2373	2500	2744	3032	3398	3581	3652	3625	3485	3295	3083	2844	2659	2437	2320	2158	
155	811	94.9	95.0	1	0	0	2	929	1123	1422	1929	2533	3139	3475	3603	3622	3486	3296	3099	2866	2656	2468	2433	2347	2487	2763	3081	3391	3586	3689	3545	3469	3276	3032	2852	2641	2469	2306	2162	
155	828	94.9	95.0	1	0	0	2	940	1089	1428	1911	2556	3102	3468	3612	3650	3513	3281	3066	2860	2621	2472	2368	2350	2498	2767	3076	3416	3574	3654	3600	3443	3295	3063	2872	2625	2466	2293	2150	
155	845	95.0	95.0	1	0	0	2	944	1107	1401	1941	2532	3158	3506	3613	3619	3479	3316	3080	2868	2631	2494	2370	2368	2507	2748	3056	3388	3591	3691	3630	3489	3261	3081	2852	2675	2479	2354	2164	
155	862	95.0	95.0	1	0	0	2	907	1098	1406	1941	2561	3128	3513	3629	3635	3517	3326	3085	2883	2629	2513	2387	2382	2458	2769	3056	3387	3583	3708	3567	3470	3279	3097	2874	2664	2486	2330	2169	
155	880	94.9	95.0	1	0	0	2	940	1114	1398	1933	2552	3147	3478	3636	3627	3519	3322	3084	2844	2641	2489	2376	2389	2493	2750	3072	3415	3583	3657	3569	3437	3281	3069	2842	2632	2472	2329	2157	
155	897	95.0	95.0	1	0	0	2	924	1116	1422	1945	2563	3140	3523	3603	3609	3487	3321	3081	2884	2666	2492	2396	2384	2505	2739	3108	3413	3621	3700	3595	3445	3246	3069	2847	2667	2479	2330	2193	
155	914	95.0	95.0	1	0	0	2	926	1097	1422	1932	2585	3105	3506	3628	3642	3490	3321	3112	2870	2655	2493	2388	2365	2500	2757	3055	3380	3590	3678	3629	3461	3292	3088	2874	2646	2485	2319	2190	
155	931	95.0	95.0	1	0	0	2	930	1111	1448	1925	2552	3124	3498	3624	3604	3489	3303	3095	2909	2674	2490	2394	2365	2502	2725	3072	3382	3613	3699	3592	3466	3259	3086	2869	2663	2474	2302	2171	
155	949	95.0	95.0	1	0	0	2	926	1118	1406	1920	2515	3106	3501	3635	3629	3501	3327	3080	2868	2620	2469	2396	2372	2461	2735	3065	3420	3576	3680	3588	3418	3286	3075	2870	2653	2471	2318	2177	
155	966	95.0	95.0	1	0	0	2	936	1105	1420	1964	2555	3157	3505	3598	3623	3493	3299	3088	2865	2659	2503	2416	2381	2485	2749	3079	3403	3592	3672	3606	3431	3283	3058	2860	2606	2483	2345	2172	
155	983	95.0	95.0	1	0	0	2	940	1109	1420	1917	2549	3136	3484	3667	3593	3501	3315	3113	2850	2656	2492	2420	2380	2500	2750	3069	3395	3549	3673	3592	3449	3272	3069	2851	2662	2476	2307	2182	
155	1000	95.0	95.0	1	0	0	2	935	1092	1429	1943	2558	3100	3458	3626	3632	3497	3329	3126	2880	2640	2475	2412	2376	2484	2776	3057	3390	3583	3676	3581	3459	3283	3087	2848	2656	2469	2321	2168	
155	1018	95.0	95.0	1	0	0	2	936	1119	1429	1923	2571	3166	3510	3658	3628	3519	3341	3099	2924	2652	2511	2396	2359	2482	2755	3060	3402	3616	3664	3621	3446	3290	3077	2863	2638	2501	2329	2197	
155	1035	95.0	95.0	1	0	0	2	948	1116	1414	1937	2562	3134	3531	3663	3663	3528	3298	3084	2900	2643	2504	2409	2359	2502	2721	3079	3414	3602	3673	3589	3482	3279	3097	2858	2694	2478	2303	2185	
155	1052	95.0	95.0	1	0	0	2	951	1123	1430	1947	2545	3149	3502	3657	3654	3503	3309	3110	2892	2645	2495	2371	2392	2507	2771	3090	3435	3598	3689	3622	3455	3290	3120	2870	2661	2446	2320	2177	
155	1069	95.0	95.0	1	0	0	2	936	1130	1413	1949	2573	3140	3483	3649	3650	3518	3318	3078	2893	2664	2506	2393	2357	2515	2750	3097	3385	3613	3676	3615	3486	3278	3098	2892	2645	2454	2309	2174	
155	1087	95.0	95.0	1	0	0	2	938	1120	1442	1917	2543	3123	3495	3617	3644	3493	3290	3088	2843	2643	2534	2398	2383	2486	2765	3071	3420	3560	3708	3617	3444	3250	3066	2851	2679	2489	2300	2152	
155	1104	94.9	95.0	1	0	0	2	952	1119	1400	1937	2546	3132	3493	3674	3649	3527	3293	3106	2872	2664	2494	2397	2368	2497	2730	3074	3389	3616	3679	3630	3467	3280	3095	2860	2661	2472	2328	2170	
155	1121	95.0	95.0	1	0	0	2	943	1110	1431	1926	2555	3142	3522	3674	3661	3484	3351	3106	2937	2668	2479	2384	2355	2500	2733	3068	3402	3622	3677	3569	3445	3264	3092	2859	2658	2473	2323	2173	
155	1138	95.0	95.0	1	0	0	2	938	1104	1432	1933	2576	3125	3519	3648	3676	3511	3320	3090	2895	2658	2474	2416	2384	2489	2788	3082	3390	3621	3702	3581	3466	3270	3056	2870	2635	2474	2319	2171	
155	1156	95.0	95.0	1	0	0	2	951	1088	1411	1964	2586	3130	3504	3639	3663	3523	3310	3094	2885	2653	2498	2385	2354	2528	2774	3066	3343	3603	3656	3619	3472	3285	3069	2880	2662	2495	2321	2192	
155	1173	95.0	95.0	1	0	0	2	934	1107	1412	1936	2551	3154	3511	3640	3638	3521	3332	3144	2879	2644	2487	2386	2379	2494	2744	3082	3433	3603	3686	3612	3455	3281	3076	2863	2670	2456	2318	2175	
155	1190	95.0	95.0	1	0	0	2	937	1105	1433	1940	2555	3121	3503	3639	3641	3509	3325	3116	2903	2644	2506	2408	2376	2498	2746	3053	3437	3600	3681	3622	3447	3275	3075	2864	2657	2464	2351	2176	
155	1207	94.9	95.0	1	0	0	2	943	1109	1437	1957	2570	3129	3527	3649	3635	3540	3343	3069	2881	2651	2518	2389	2377	2492	2729	3086	3386	3591	3688	3604	3467	3326	3112	2868	2653	2475	2333	2184	
155	1225	95.0	95.0	1	0	0	2	937	1111	1411	1919	2550	3125	3489	3676	3663	3544	3366	3130	2891	2655	2526	2396	2370	2504	2756	3097	3447	3594	3663	3600	3481	3273	3086	2876	2660	2478	2310	2187	
155	1242	95.0	95.0	1	0	0	2	931	1116	1398	1937	2540	3130	3534	3646	3636	3547	3315	3091	2866	2669	2495	2396	2380	2521	2830	3076	3385	3589	3647	3608	3514	3281	3076	2905	2647	2477	2318	2182	
155	1259	95.0	95.0	1	0	0	2	939	1105	1443	1921	2585	3144	3499	3630	3618	3547	3344	3104	2855	2673	2484	2397	2367	2504	2774	3067	3397	3592	3660	3609	3429	3283	3086	2885	2649	2469	2312	2158	
155	1276	94.9	95.0	1	0	0	2	948	1067	1423	1924	2561	3175	3504	3611	3643	3534	3298	3100	2872	2664	2504	2403	2365	2498	2764	3076	3383	3595	3684	3618	3421	3285	3087	2837	2690	2466	2318	2167	
155	1294	95.0	95.0	1	0	0	2	935	1120	1432	1956	2561	3136	3492	3670	3631	3505	3300	3109	2873	2665	2511	2400	2365	2502	2764	3064	3409	3603	3663	3604	3468	3265	3115	2868	2647	2468	2320	2144	
155	1320	94.9	95.0	1	1	0	2	944	1104	1441	1958	2564	3161	3483	3692	3659	3535	3345	3090	2908	2638	2504	2393	2376	2483	2725	3052	3396	3558	3685	3606	3444	3290	3118	2870	2655	2479	2354	2166	
155	1387	59.7	60.2	1	1	1	2	1028	1294	1976	3071	4338	5433	6094	6221	6123	5762	5354	4867	4469	3947	3600	3350	3162	3209	3418	3830	4238	4447	4561	4483	4229	4022	3732	3386	3118	2845	2673	2456	
155	1405	59.9	60.0	1	1	1	2	1036	1298	1983	3055	4300	5465	6053	6195	6115	5741	5329	4827	4428	3950	3610	3311	3115	3172	3435	3815	4168	4450	4517	4464	4214	3989	3674	3402	3090	2890	2661	2480	
155	1422	60.0	60.0	1	1	1	2	1025	1291	1969	3031	4318	5406	6073	6200	6046	5715	5288	4851	4451	3923	3580	3302	3155	3175	3423	3778	4186	4414	4531	4467	4217	3972	3707	3371	3093	2837	2622	2489	
155	1439	60.0	60.0	1	1	1	2	1034	1292	1960	3046	4312	5405	6028	6235	6070	5735	5324	4844	4404	3943	3565	3308	3133	3180	3431	3748	4166	4426	4535	4414	4215	3964	3682	3365	3077	2847	2650	2468	
155	1456	60.0	60.0	1	1	1	2	1038	1273	1958	3084	4312	5459	6032	6188	6047	5696	5257	4863	4409	3960	3572	3284	3106	3127	3414	3774	4176	4419	4511	4426	4201	3942	3698	3371	3087	2837	2634	2458	
155	1474	60.0	60.0	1	1	1	2	1041	1307	1948	3043	4290	5374	6051	6183	5998	5734	5268	4861	4366	3956	3569	3293	3144	3135	3405	3764	4126	4438	4488	4458	4181	3970	3682	3355	3088	2810	2624	2438	
155	1491	60.0	60.0	1	1	1	2	1020	1288	1953	3085	4285	5422	6059	6176	6031	5684	5257	4812	4366	3922	3557	3304	3143	3166	3406	3721	4180	4405	4535	4384	4211	3939	3683	3404	3050	2841	2621	2454	
155	1555	95.3	95.0	2	1	0	2	948	1129	1390	1931	2522	3135	3534	3656	3591	3485	3275	3076	2854	2633	2477	2385	2348	2464	2754	3057	3366	3579	3650	3550	3432	3266	3041	2841	2618	2425	2332	2152	
155	1573	95.0	95.0	2	1	0	2	938	1141	1399	1908	2507	3129	3456	3582	3571	3491	3283	3034	2865	2621	2479	2375	2328	2470	2719	3013	3338	3556	3593	3515	3419	3233	3004	2843	2621	2459	2312	2132	
155	1636	59.7	60.2	2	1	1	2	1042	1287	1978	3020	4297	5397	6078	6223	6056	5717	5294	4856	4360	3921	3612	3298	3154	3220	3433	3807	4184	4452	4567	4484	4239	4005	3716	3425	3100	2873	2663	2486	
155	1653	59.9	60.0	2	1	1	2	1021	1286	1972	3047	4311	5373	5998	6169	6022	5700	5286	4877	4376	3883	3587	3314	3137	3173	3352	3735	4153	4428	4511	4424	4169	3940	3682	3355	3084	2812	2622	2424	
155	1670	60.0	60.0	2	1	1	2	1025	1278	1979	3044	4266	5371	6044	6152	6057	5690	5254	4837	4354	3983	3575	3308	3105	3177	3387	3746	4176	4431	4500	4356	4177	3944	3690	3370	3069	2826	2604	2467	
155	1687	60.0	60.0	2	1	1	2	1032	1292	1973	3037	4281	5341	6022	6172	6062	5671	5252	4857	4381	3919	3563	3293	3126	3190	3392	3737	4168	4376	4490	4423	4205	3939	3688	3361	3044	2792	2618	2431	
155	1705	60.0	60.0	2	1	1	2	1039	1277	1975	3035	4268	5386	6036	6182	6044	5745	5232	4833	4358	3905	3576	3282	3114	3161	3402	3767	4154	4413	4454	4421	4151	3946	3650	3367	3074	2815	2614	2456	
155	1722	59.9	60.0	2	1	1	2	1025	1271	1937	3042	4278	5379	6015	6165	5991	5684	5275	4803	4341	3875	3558	3273	3096	3139	3341	3765	4137	4349	4489	4389	4196	3939	3640	3353	3059	2826	2610	2425	
155	1739	59.9	60.0	2	1	1	2	1030	1267	1955	3033	4269	5339	5977	6126	6025	5689	5251	4820	4362	3890	3542	3235	3129	3166	3342	3717	4113	4368	4510	4406	4164	3950	3656	3353	3100	2815	2606	2441	
155	1801	95.4	94.9	3	1	0	2	928	1130	1407	1960	2588	3147	3537	3648	3634	3545	3344	3094	2879	2657	2497	2406	2365	2492	2750	3038	3365	3544	3628	3598	3423	3240	3110	2798	2642	2436	2308	2165	
155	1819	95.0	95.0	3	1	0	2	940	1125	1389	1916	2523	3094	3518	3601	3578	3458	3313	3082	2841	2636	2468	2357	2351	2469	2695	3004	3362	3581	3657	3588	3415	3225	3045	2843	2602	2446	2294	2168	
155	1884	59.7	60.2	3	1	1	2	1036	1276	1977	3104	4371	5550	6180	6369	6196	5839	5415	4926	4548	4022	3645	3359	3187	3230	3475	3829	4261	4544	4581	4475	4291	4044	3752	3459	3120	2868	2684	2472	
155	1901	59.9	60.0	3	1	1	2	1029	1304	1986	3133	4380	5483	6109	6292	6143	5798	5363	4903	4439	3960	3637	3363	3174	3197	3456	3793	4191	4432	4561	4504	4242	3967	3687	3406	3096	2844	2644	2467	
155	1918	60.0	60.0	3	1	1	2	1025	1306	1967	3084	4332	5471	6163	6307	6123	5794	5364	4888	4429	3996	3607	3319	3144	3201	3437	3814	4180	4431	4555	4467	4245	3985	3718	3368	3097	2824	2642	2448	
155	1935	60.0	60.0	3	1	1	2	1029	1286	1994	3068	4310	5462	6114	6295	6123	5729	5367	4887	4435	3962	3579	3321	3151	3175	3458	3756	4207	4472	4562	4440	4236	4006	3687	3386	3093	2833	2648	2454	
155	1953	60.0	60.0	3	1	1	2	1025	1292	1993	3069	4322	5425	6108	6261	6103	5752	5328	4886	4428	3971	3604	3325	3160	3156	3403	3805	4196	4437	4581	4406	4227	3996	3699	3389	3093	2851	2625	2417	
155	1970	60.0	60.0	3	1	1	2	1038	1303	1991	3102	4370	5466	6098	6266	6149	5752	5302	4833	4415	3958	3564	3301	3136	3189	3412	3776	4140	4429	4502	4419	4245	4002	3679	3398	3089	2829	2622	2445	
155	1987	60.0	60.0	3	1	1	2	1026	1293	1999	3067	4330	5446	6115	6226	6116	5771	5355	4875	4413	3969	3610	3328	3144	3179	3425	3777	4153	4411	4496	4428	4248	3958	3686	3382	3046	2834	2632	2447	
155	2050	95.3	94.9	4	1	0	2	951	1124	1426	1939	2557	3174	3518	3677	3654	3543	3344	3139	2847	2655	2492	2397	2362	2476	2704	3077	3402	3588	3665	3556	3398	3242	3031	2813	2642	2454	2317	2159	
155	2067	95.0	95.0	4	1	0	2	938	1122	1416	1923	2535	3121	3479	3629	3610	3494	3323	3075	2861	2624	2484	2354	2342	2470	2716	3045	3339	3564	3630	3562	3391	3232	3040	2820	2632	2422	2300	2156	
155	2130	59.7	60.2	4	1	1	2	1020	1283	1996	3064	4392	5486	6172	6328	6180	5818	5424	4962	4488	4028	3671	3328	3179	3190	3489	3845	4244	4527	4605	4509	4278	4004	3728	3428	3141	2863	2666	2477	
155	2147	59.9	60.0	4	1	1	2	1016	1295	1976	3093	4385	5468	6135	6260	6185	5776	5396	4930	4477	4020	3636	3340	3163	3204	3413	3784	4184	4462	4550	4406	4269	3982	3701	3402	3104	2863	2662	2469	
155	2164	59.9	60.0	4	1	1	2	1036	1285	1972	3067	4353	5491	6109	6294	6133	5761	5393	4903	4427	3954	3619	3323	3168	3202	3405	3807	4132	4466	4527	4420	4193	3987	3727	3388	3071	2832	2630	2462	
155	2181	59.9	60.0	4	1	1	2	1028	1314	1985	3071	4327	5480	6072	6284	6157	5760	5351	4842	4423	3991	3617	3353	3128	3194	3424	3768	4170	4453	4564	4465	4268	3986	3665	3412	3073	2856	2616	2456	
155	2199	59.9	60.0	4	1	1	2	1036	1279	1976	3078	4356	5453	6059	6277	6122	5776	5324	4889	4428	3967	3627	3332	3151	3216	3406	3786	4171	4414	4551	4403	4168	3948	3680	3397	3083	2855	2636	2455	
155	2216	59.9	60.0	4	1	1	2	1019	1289	1998	3069	4320	5418	6108	6212	6097	5755	5327	4888	4370	3967	3596	3316	3146	3185	3391	3756	4196	4399	4565	4428	4184	3968	3645	3362	3052	2846	2656	2451	
155	2233	59.9	60.0	4	1	1	2	1026	1293	1970	3080	4307	5454	6016	6222	6121	5728	5310	4873	4407	3939	3562	3321	3120	3194	3390	3766	4146	4392	4517	4423	4207	3981	3681	3363	3066	2822	2626	2438	
155	2296	95.2	95.0	5	1	0	2	920	1132	1391	1940	2577	3151	3540	3657	3642	3514	3345	3120	2886	2676	2499	2349	2344	2507	2717	3069	3356	3540	3655	3570	3412	3255	3035	2844	2616	2444	2288	2174	
155	2313	95.0	95.0	5	1	0	2	935	1124	1401	1913	2533	3102	3472	3581	3585	3448	3269	3050	2876	2609	2445	2324	2336	2445	2704	3002	3327	3505	3578	3524	3381	3217	3039	2794	2620	2440	2276	2142	
155	2376	59.7	60.2	5	1	1	2	1017	1294	1976	3081	4362	5500	6183	6319	6155	5836	5414	4910	4484	4007	3673	3341	3218	3220	3464	3815	4216	4464	4590	4492	4280	4028	3748	3411	3131	2886	2681	2486	
155	2393	59.9	60.0	5	1	1	2	1022	1289	1975	3035	4364	5487	6164	6255	6141	5799	5331	4892	4420	3980	3624	3316	3180	3162	3440	3812	4199	4464	4521	4428	4274	4020	3695	3377	3095	2860	2636	2458	
155	2410	60.0	60.0	5	1	1	2	1042	1293	1979	3065	4338	5463	6114	6272	6141	5724	5349	4860	4428	3990	3609	3292	3176	3197	3464	3782	4194	4436	4541	4450	4215	3954	3710	3360	3074	2819	2616	2462	
155	2428	59.9	60.0	5	1	1	2	1017	1283	1991	3076	4315	5437	6063	6210	6113	5789	5309	4845	4406	3988	3606	3323	3140	3195	3434	3821	4208	4456	4489	4419	4223	3944	3687	3358	3073	2842	2609	2444	
155	2445	59.9	60.0	5	1	1	2	1029	1275	1963	3088	4331	5443	6078	6204	6121	5681	5339	4847	4403	3950	3591	3310	3150	3159	3424	3793	4134	4398	4514	4436	4186	3952	3660	3346	3092	2855	2624	2413	
155	2462	59.9	60.0	5	1	1	2	1038	1280	1972	3059	4325	5458	6076	6201	6084	5717	5299	4824	4384	3952	3577	3275	3160	3190	3391	3758	4141	4440	4507	4380	4176	3974	3699	3334	3075	2840	2610	2431	
155	2479	60.0	60.0	5	1	1	2	1034	1290	1963	3033	4285	5440	6051	6196	6053	5727	5289	4835	4440	3944	3603	3294	3089	3149	3406	3730	4190	4380	4480	4418	4187	3943	3617	3353	3088	2811	2625	2424	
155	2542	95.4	94.9	6	1	0	2	950	1124	1394	1934	2551	3140	3496	3639	3646	3510	3349	3089	2885	2649	2492	2379	2369	2465	2689	3049	3348	3520	3621	3559	3410	3238	3026	2832	2630	2432	2300	2131	
155	2559	95.0	95.0	6	1	0	2	939	1135	1395	1919	2530	3108	3456	3593	3572	3471	3317	3069	2842	2611	2488	2363	2336	2449	2696	3020	3320	3508	3587	3524	3373	3220	2990	2831	2586	2425	2270	2151	
155	2622	59.7	60.2	6	1	1	2	1023	1315	1988	3141	4383	5516	6145	6367	6189	5834	5462	4948	4469	4026	3660	3368	3218	3204	3502	3841	4259	4501	4607	4497	4299	3997	3720	3407	3133	2858	2686	2504	
155	2639	59.9	60.0	6	1	1	2	1026	1298	1986	3084	4355	5469	6080	6265	6139	5782	5316	4927	4399	3958	3616	3329	3149	3180	3407	3789	4193	4440	4478	4446	4226	4023	3681	3409	3069	2824	2640	2414	
155	2656	60.0	60.0	6	1	1	2	1030	1281	1992	3079	4310	5490	6108	6224	6077	5751	5322	4842	4460	3924	3601	3315	3118	3165	3432	3798	4175	4424	4505	4443	4218	3990	3626	3361	3101	2827	2656	2438	
155	2674	59.9	60.0	6	1	1	2	1044	1281	1980	3069	4323	5467	6061	6243	6080	5746	5309	4889	4429	3935	3576	3296	3148	3192	3405	3778	4196	4392	4521	4419	4251	3958	3684	3380	3081	2839	2611	2462	
155	2691	60.0	60.0	6	1	1	2	1016	1289	1967	3060	4357	5397	6083	6245	6092	5799	5296	4851	4388	3962	3601	3315	3136	3155	3380	3762	4183	4423	4515	4384	4147	3924	3659	3334	3080	2840	2594	2436	
155	2708	60.0	60.0	6	1	1	2	1026	1292	1959	3068	4281	5422	6072	6205	6087	5697	5282	4828	4362	3965	3580	3292	3138	3153	3399	3728	4159	4399	4482	4373	4171	3920	3612	3334	3050	2830	2572	2399	
155	2725	60.0	60.0	6	1	1	2	1015	1298	1941	3071	4262	5413	6038	6181	6042	5730	5272	4824	4400	3921	3587	3294	3129	3142	3402	3709	4157	4372	4461	4389	4185	3949	3638	3336	3052	2810	2579	2453	
155	2790	95.3	95.0	7	1	0	2	942	1135	1394	1897	2542	3111	3477	3611	3608	3475	3325	3111	2857	2601	2481	2380	2338	2469	2719	3001	3328	3508	3599	3539	3388	3216	2998	2807	2597	2416	2283	2110	
155	2807	95.0	95.0	7	1	0	2	936	1109	1405	1906	2516	3100	3428	3574	3571	3450	3269	3030	2832	2624	2442	2327	2296	2461	2676	2980	3336	3494	3598	3522	3312	3177	3011	2793	2574	2413	2277	2126	
155	2870	59.7	60.2	7	1	1	2	1026	1273	1959	3095	4391	5508	6151	6297	6185	5774	5377	4933	4475	3995	3605	3361	3172	3214	3458	3784	4174	4490	4540	4446	4250	3977	3725	3408	3115	2836	2646	2482	
155	2887	59.9	60.0	7	1	1	2	1008	1264	1971	3063	4358	5449	6115	6242	6112	5742	5330	4901	4457	3964	3614	3314	3119	3185	3422	3740	4175	4416	4550	4402	4194	3981	3657	3368	3074	2830	2610	2461	
155	2904	60.0	60.0	7	1	1	2	1024	1277	1996	3038	4335	5440	6053	6228	6108	5765	5310	4847	4413	3939	3577	3295	3149	3168	3396	3759	4154	4403	4491	4400	4195	3946	3659	3367	3039	2801	2584	2416	
155	2922	59.9	60.0	7	1	1	2	1019	1271	1968	3032	4338	5395	6076	6197	6091	5703	5292	4888	4368	3923	3552	3265	3143	3148	3403	3731	4161	4343	4472	4365	4199	3947	3675	3357	3013	2834	2620	2425	
155	2939	60.0	60.0	7	1	1	2	1042	1300	1980	3014	4265	5350	6030	6202	6028	5712	5308	4764	4394	3908	3555	3294	3104	3120	3380	3697	4133	4370	4488	4373	4157	3905	3637	3323	3068	2791	2622	2406	
155	2956	59.9	60.0	7	1	1	2	1028	1284	1969	3017	4270	5328	6007	6191	5998	5721	5251	4793	4369	3914	3582	3267	3119	3133	3359	3723	4101	4341	4450	4331	4165	3900	3611	3311	2998	2797	2597	2390	
155	2973	60.0	60.0	7	1	1	2	1011	1284	1984	3032	4267	5347	6018	6176	6038	5705	5293	4782	4351	3868	3596	3288	3077	3154	3307	3717	4103	4352	4431	4361	4121	3898	3606	3321	3014	2805	2600	2422	
155	3038	95.3	95.0	8	1	0	2	921	1125	1401	1905	2539	3088	3473	3579	3600	3464	3285	3083	2810	2624	2447	2316	2320	2427	2665	2983	3278	3487	3542	3498	3379	3197	2995	2785	2586	2399	2243	2130	
155	3055	95.0	95.0	8	1	0	2	942	1112	1409	1898	2488	3060	3429	3568	3569	3446	3240	3050	2824	2570	2456	2343	2328	2412	2695	2986	3309	3472	3550	3468	3336	3187	2983	2762	2586	2396	2248	2123	
155	3118	59.7	60.2	8	1	1	2	1020	1286	1973	3081	4323	5400	6078	6222	6099	5766	5324	4875	4409	3967	3597	3305	3166	3199	3424	3756	4170	4438	4553	4413	4213	3994	3709	3411	3070	2849	2671	2451	
155	3135	59.9	60.0	8	1	1	2	1021	1266	1962	3017	4278	5405	6060	6170	6049	5730	5259	4857	4405	3964	3575	3276	3109	3163	3388	3733	4132	4379	4497	4393	4205	3922	3633	3353	3014	2814	2611	2417	
155	3152	60.0	60.0	8	1	1	2	1025	1290	1953	3029	4273	5389	6015	6143	6002	5682	5228	4816	4401	3908	3579	3312	3117	3128	3340	3758	4175	4378	4461	4335	4147	3877	3617	3335	3032	2786	2621	2409	
155	3170	60.0	60.0	8	1	1	2	1024	1294	1964	3003	4272	5332	6003	6150	5979	5649	5231	4803	4328	3897	3536	3278	3072	3129	3345	3710	4096	4328	4407	4328	4149	3904	3612	3355	3011	2779	2585	2381	
155	3187	60.0	60.0	8	1	1	2	1053	1275	1952	3028	4250	5382	5981	6108	6006	5653	5228	4754	4363	3920	3534	3251	3075	3105	3375	3704	4100	4310	4429	4346	4144	3881	3613	3302	3023	2765	2568	2404	
155	3204	60.0	60.0	8	1	1	2	1022	1273	1944	3023	4241	5350	5917	6082	5980	5648	5232	4765	4344	3861	3557	3260	3090	3119	3374	3686	4095	4334	4411	4338	4122	3891	3600	3292	3006	2776	2567	2433	
155	3221	60.0	60.0	8	1	1	2	1029	1285	1942	3014	4239	5277	5945	6102	5950	5637	5226	4769	4295	3902	3541	3226	3114	3112	3346	3694	4077	4364	4432	4319	4124	3891	3590	3293	2996	2757	2576	2396	
155	3284	95.2	95.0	9	1	0	2	936	1112	1390	1919	2543	3066	3445	3577	3580	3453	3260	3072	2820	2628	2439	2349	2321	2413	2648	2979	3304	3469	3556	3483	3329	3176	2967	2762	2588	2388	2255	2103	
155	3301	95.0	95.0	9	1	0	2	924	1093	1380	1906	2502	3063	3394	3528	3491	3380	3228	2986	2804	2598	2455	2322	2312	2449	2664	2947	3283	3451	3514	3434	3339	3169	2965	2770	2598	2387	2210	2135	
155	3364	59.7	60.2	9	1	1	2	1017	1271	1946	3037	4294	5416	6034	6262	6068	5672	5293	4864	4432	3940	3575	3310	3126	3137	3412	3764	4176	4382	4514	4403	4197	3961	3646	3356	3118	2840	2641	2438	
155	3381	60.0	60.0	9	1	1	2	1007	1278	1956	3033	4275	5344	6010	6174	6004	5692	5268	4787	4324	3917	3550	3258	3068	3178	3376	3706	4087	4362	4457	4367	4140	3895	3600	3350	3069	2831	2562	2401	
155	3399	59.9	60.0	9	1	1	2	1013	1265	1959	3016	4264	5361	5973	6119	5964	5699	5251	4833	4270	3881	3540	3284	3124	3148	3375	3709	4083	4323	4444	4357	4150	3895	3619	3319	3010	2764	2592	2394	
155	3416	59.9	60.0	9	1	1	2	1021	1309	1961	3033	4212	5326	5956	6115	5992	5639	5275	4781	4318	3900	3523	3264	3090	3132	3343	3715	4142	4325	4466	4344	4123	3857	3593	3307	3026	2788	2574	2400	
155	3433	60.0	60.0	9	1	1	2	1011	1273	2024	3008	4238	5295	5948	6166	5968	5680	5263	4809	4326	3882	3532	3257	3085	3125	3365	3675	4082	4308	4400	4337	4123	3880	3601	3319	3021	2774	2587	2386	
155	3450	60.0	60.0	9	1	1	2	1024	1289	1930	3017	4256	5335	5942	6076	5938	5677	5186	4763	4324	3876	3535	3259	3116	3096	3359	3683	4090	4311	4414	4314	4072	3871	3596	3307	3020	2772	2563	2423	
155	3468	60.0	60.0	9	1	1	2	1024	1290	1961	3013	4266	5309	5935	6075	5941	5598	5210	4771	4324	3870	3522	3251	3079	3102	3348	3687	4105	4298	4415	4306	4082	3901	3598	3299	3009	2778	2570	2388	
155	3530	95.3	95.0	10	1	0	2	930	1128	1399	1921	2510	3084	3439	3603	3567	3436	3241	3017	2814	2585	2434	2348	2316	2447	2630	2950	3232	3453	3530	3466	3314	3171	2937	2758	2576	2390	2212	2089	
155	3547	95.0	95.0	10	1	0	2	935	1094	1395	1891	2487	3081	3388	3549	3525	3395	3207	3019	2806	2592	2413	2322	2292	2430	2654	2947	3249	3428	3502	3478	3324	3139	2935	2746	2566	2395	2234	2102	
155	3610	59.7	60.3	10	1	1	2	1024	1256	1948	3032	4272	5380	6018	6170	6019	5651	5261	4789	4384	3955	3575	3250	3101	3171	3405	3729	4131	4339	4450	4347	4160	3871	3619	3354	3066	2789	2600	2406	
155	3627	59.9	60.1	10	1	1	2	1021	1274	1933	2998	4238	5334	5940	6069	5901	5626	5239	4711	4315	3874	3554	3280	3081	3116	3351	3690	4053	4302	4459	4298	4096	3863	3602	3307	3000	2798	2564	2400	
155	3645	60.0	60.0	10	1	1	2	972	1288	1917	2997	4213	5353	5988	6133	5969	5660	5228	4770	4344	3856	3512	3241	3054	3095	3344	3661	4085	4295	4411	4319	4093	3917	3606	3264	3014	2782	2567	2394	
155	3662	59.9	60.0	10	1	1	2	1027	1304	1962	3004	4228	5271	5921	6087	5951	5578	5187	4756	4290	3864	3534	3220	3060	3092	3316	3678	4054	4333	4421	4310	4123	3841	3594	3296	2991	2781	2562	2399	
155	3679	60.0	60.0	10	1	1	2	1020	1302	1931	2983	4188	5291	5908	6040	5937	5602	5189	4733	4258	3839	3519	3207	3080	3103	3333	3624	4065	4314	4378	4289	4103	3820	3559	3271	2970	2740	2573	2385	
155	3696	60.0	60.0	10	1	1	2	1010	1267	1958	2984	4184	5294	5926	6063	5881	5571	5175	4702	4326	3817	3482	3244	3055	3093	3339	3664	4054	4303	4412	4319	4080	3850	3570	3262	3009	2747	2541	2395	
155	3714	59.9	60.0	10	1	1	2	1007	1256	1926	2972	4181	5291	5906	6067	5914	5578	5160	4728	4232	3816	3503	3196	3037	3084	3329	3646	4039	4282	4384	4280	4104	3839	3562	3254	2984	2765	2551	2381	
155	3776	95.1	95.0	11	1	0	2	927	1124	1400	1904	2506	3053	3414	3519	3559	3425	3245	2998	2807	2577	2431	2328	2292	2372	2650	2990	3252	3478	3506	3452	3309	3114	2965	2752	2543	2381	2220	2094	
155	3794	95.0	95.0	11	1	0	2	931	1086	1414	1883	2489	3002	3358	3474	3480	3385	3223	2986	2784	2561	2391	2303	2273	2396	2647	2914	3227	3438	3486	3417	3284	3113	2939	2714	2527	2363	2224	2080	
155	3856	59.7	60.3	11	1	1	2	1019	1276	1938	2982	4269	5294	5928	6130	5934	5642	5256	4790	4325	3896	3520	3242	3111	3124	3363	3724	4103	4328	4440	4353	4122	3892	3607	3336	3026	2786	2596	2404	
155	3874	60.0	60.0	11	1	1	2	1006	1259	1936	2988	4232	5290	5903	6050	5914	5588	5177	4781	4294	3877	3528	3258	3072	3119	3300	3637	4070	4302	4385	4282	4079	3839	3593	3280	3015	2742	2554	2390	
155	3891	59.9	60.0	11	1	1	2	1019	1262	1915	2990	4214	5279	5887	6005	5893	5596	5159	4758	4266	3867	3509	3241	3080	3112	3299	3659	4045	4307	4381	4269	4100	3811	3549	3249	3014	2753	2571	2383	
155	3908	60.0	60.0	11	1	1	2	1019	1260	1946	2991	4182	5269	5879	6026	5858	5548	5152	4707	4283	3844	3475	3197	3055	3065	3293	3660	4030	4269	4357	4303	4068	3821	3558	3280	2999	2747	2566	2378	
155	3925	60.0	60.0	11	1	1	2	992	1264	1924	2983	4199	5272	5849	5972	5871	5546	5154	4680	4294	3830	3463	3195	3026	3074	3314	3631	4031	4285	4366	4285	4092	3821	3544	3272	3009	2726	2543	2367	
155	3943	60.0	60.0	11	1	1	2	1025	1258	1936	2967	4151	5293	5835	6021	5905	5517	5128	4693	4252	3823	3464	3209	3059	3071	3316	3687	4023	4272	4376	4258	4056	3812	3547	3243	2995	2760	2532	2364	
155	3960	60.0	60.0	11	1	1	2	1008	1268	1918	2942	4189	5228	5833	6017	5873	5541	5145	4665	4297	3823	3477	3197	3014	3070	3324	3631	4039	4282	4329	4263	4046	3816	3534	3236	2937	2689	2564	2358	
155	4024	95.3	95.0	12	1	0	2	949	1118	1397	1874	2507	3032	3380	3541	3539	3428	3208	3014	2775	2593	2429	2351	2286	2394	2649	2928	3234	3421	3501	3436	3269	3105	2944	2735	2525	2365	2227	2085	
155	4042	95.0	95.0	12	1	0	2	915	1086	1388	1850	2457	3015	3375	3490	3499	3369	3170	2977	2768	2573	2392	2292	2297	2389	2625	2952	3232	3407	3513	3431	3270	3116	2904	2720	2563	2360	2231	2060	
155	4104	59.8	60.2	12	1	1	2	1019	1287	1949	3014	4220	5315	5934	6160	6016	5671	5228	4793	4334	3878	3547	3250	3054	3130	3356	3699	4092	4302	4448	4346	4124	3898	3612	3308	3050	2791	2618	2408	
155	4122	59.9	60.0	12	1	1	2	1016	1261	1938	2984	4215	5326	5947	6084	5932	5628	5198	4722	4314	3880	3487	3241	3112	3124	3326	3666	4046	4322	4435	4294	4085	3823	3588	3298	2991	2731	2557	2366	
155	4139	59.9	60.0	12	1	1	2	1020	1285	1943	2992	4209	5269	5925	6033	5907	5583	5200	4767	4286	3814	3505	3207	3043	3063	3318	3648	4055	4284	4414	4291	4068	3847	3581	3301	2958	2750	2587	2385	
155	4156	60.0	60.0	12	1	1	2	1025	1260	1933	2978	4142	5274	5886	6087	5866	5574	5145	4679	4264	3826	3514	3216	3031	3073	3286	3631	4047	4299	4348	4278	4064	3808	3551	3258	2987	2720	2591	2385	
155	4173	59.9	60.0	12	1	1	2	1019	1269	1942	2960	4202	5294	5884	6054	5876	5518	5160	4698	4290	3861	3488	3219	3055	3098	3303	3689	4059	4247	4352	4249	4056	3827	3570	3253	2979	2747	2533	2389	
155	4191	60.0	60.0	12	1	1	2	1009	1266	1932	2965	4173	5239	5823	5960	5872	5532	5109	4641	4275	3795	3460	3227	3034	3075	3289	3645	3998	4254	4346	4267	4059	3835	3525	3244	2966	2732	2569	2373	
155	4208	60.0	60.0	12	1	1	2	1032	1276	1923	2975	4160	5230	5828	5966	5873	5522	5132	4670	4245	3810	3449	3203	3073	3078	3281	3633	4032	4235	4363	4235	4045	3820	3567	3273	2966	2734	2524	2383	
155	4270	95.2	95.0	13	1	0	2	926	1107	1409	1888	2479	3042	3401	3536	3527	3388	3225	3029	2757	2590	2409	2333	2306	2428	2610	2956	3237	3423	3476	3425	3286	3130	2933	2730	2504	2362	2219	2079	
155	4288	95.0	95.0	13	1	0	2	923	1081	1398	1884	2443	3003	3348	3474	3520	3352	3197	2976	2759	2556	2401	2292	2311	2383	2593	2909	3204	3403	3451	3416	3255	3088	2894	2715	2515	2338	2187	2066	
155	4350	59.7	60.2	13	1	1	2	1022	1278	1957	2988	4216	5351	5870	6150	5979	5688	5236	4798	4348	3875	3533	3228	3079	3106	3350	3705	4079	4341	4413	4322	4119	3872	3608	3318	3023	2787	2592	2420	
155	4368	59.9	60.0	13	1	1	2	1017	1281	1940	2956	4185	5276	5852	6012	5886	5566	5150	4752	4299	3844	3498	3245	3092	3080	3312	3608	4042	4253	4406	4273	4083	3814	3555	3248	2975	2755	2552	2374	
155	4385	59.9	60.0	13	1	1	2	1024	1274	1908	2961	4191	5244	5884	6048	5868	5555	5140	4700	4256	3840	3471	3197	3049	3085	3266	3626	4051	4266	4311	4282	4071	3817	3522	3247	2977	2776	2535	2369	
155	4402	60.0	60.0	13	1	1	2	1011	1268	1906	2979	4184	5265	5879	6006	5835	5523	5125	4689	4273	3796	3462	3189	3004	3078	3298	3646	4007	4277	4380	4241	4086	3834	3552	3253	2948	2732	2523	2348	
155	4419	60.0	60.0	13	1	1	2	1008	1271	1920	2970	4140	5198	5860	5949	5823	5531	5130	4718	4275	3822	3472	3196	3040	3058	3295	3623	3999	4279	4309	4292	4054	3861	3560	3257	2995	2745	2540	2338	
155	4437	59.9	60.0	13	1	1	2	998	1268	1935	2959	4182	5195	5802	5956	5798	5535	5108	4705	4247	3840	3472	3197	3049	3045	3306	3627	3985	4226	4303	4226	4023	3787	3540	3229	2956	2710	2524	2370	
155	4454	60.0	60.0	13	1	1	2	1015	1266	1927	2954	4159	5181	5846	5977	5824	5496	5080	4681	4216	3837	3447	3175	3033	3057	3299	3597	4016	4228	4336	4244	4064	3799	3527	3246	2972	2735	2532	2333	
155	4517	95.3	95.0	14	1	0	2	924	1106	1389	1890	2478	3063	3414	3499	3490	3360	3208	2983	2767	2566	2396	2309	2267	2379	2633	2926	3221	3384	3444	3395	3272	3100	2931	2739	2551	2362	2193	2070	
155	4534	95.0	95.0	14	1	0	2	917	1082	1386	1854	2454	2988	3322	3468	3465	3390	3174	2996	2748	2535	2391	2260	2269	2389	2569	2910	3218	3386	3488	3364	3258	3068	2911	2737	2525	2344	2202	2059	
155	4597	59.7	60.2	14	1	1	2	1016	1280	1937	2992	4162	5294	5893	6027	5931	5572	5200	4759	4285	3847	3527	3239	3096	3110	3319	3676	4072	4273	4403	4297	4100	3852	3594	3277	3013	2796	2559	2390	
155	4614	59.9	60.0	14	1	1	2	1016	1263	1959	2960	4174	5223	5914	6012	5909	5561	5122	4723	4313	3811	3501	3179	3059	3079	3337	3647	4038	4279	4341	4278	4043	3794	3561	3277	2974	2730	2539	2387	
155	4631	59.9	60.0	14	1	1	2	1002	1255	1915	2984	4177	5240	5891	5971	5895	5557	5158	4676	4292	3826	3466	3206	3061	3084	3278	3612	4014	4248	4339	4278	4029	3820	3556	3250	2989	2741	2544	2336	
155	4648	60.0	60.0	14	1	1	2	1007	1256	1910	2952	4181	5214	5821	5924	5827	5538	5106	4661	4249	3800	3459	3171	2993	3036	3270	3634	4009	4225	4352	4224	4044	3799	3552	3217	2961	2740	2533	2391	
155	4666	59.9	60.0	14	1	1	2	1018	1271	1919	2991	4170	5242	5857	5961	5876	5512	5111	4687	4294	3844	3488	3205	3013	3048	3306	3612	4007	4220	4356	4239	4036	3800	3525	3219	2968	2732	2536	2381	
155	4683	60.0	60.0	14	1	1	2	1006	1261	1917	2936	4124	5246	5788	5963	5796	5532	5080	4630	4194	3745	3458	3179	2999	3049	3259	3626	3971	4237	4335	4224	4023	3811	3501	3233	2937	2761	2512	2337	
155	4700	59.9	60.0	14	1	1	2	1017	1258	1913	2934	4112	5206	5799	5949	5863	5532	5096	4663	4207	3781	3472	3213	3019	3046	3260	3581	4035	4229	4301	4206	4020	3804	3527	3232	2930	2747	2544	2360	
155	4763	95.2	95.0	15	1	0	2	927	1099	1391	1883	2475	3043	3370	3510	3509	3386	3200	2988	2781	2554	2384	2277	2238	2365	2612	2928	3224	3393	3474	3413	3213	3132	2931	2723	2533	2348	2186	2083	
155	4780	95.0	95.0	15	1	0	2	928	1092	1396	1867	2471	2980	3371	3517	3452	3323	3138	2967	2752	2542	2361	2285	2255	2351	2577	2902	3230	3390	3469	3383	3261	3072	2940	2719	2526	2357	2213	2086	
155	4843	59.7	60.2	15	1	1	2	1017	1274	1954	2976	4201	5280	5886	6070	5922	5578	5170	4730	4307	3824	3481	3228	3047	3124	3326	3652	4041	4294	4408	4280	4090	3855	3580	3281	2980	2767	2585	2405	
155	4860	60.0	60.0	15	1	1	2	1016	1268	1921	2976	4153	5209	5847	5998	5873	5552	5122	4719	4258	3777	3464	3197	3064	3078	3306	3636	4043	4259	4370	4271	4052	3834	3551	3264	2958	2743	2552	2379	
155	4877	60.0	60.0	15	1	1	2	1010	1264	1921	2956	4158	5225	5812	5999	5830	5495	5127	4682	4262	3780	3448	3181	3020	3058	3259	3600	4002	4219	4332	4245	4008	3771	3547	3230	2972	2741	2547	2378	
155	4895	60.0	60.0	15	1	1	2	1014	1317	1916	2918	4134	5150	5789	6003	5775	5524	5080	4663	4228	3791	3464	3170	3010	3046	3260	3611	4004	4179	4320	4241	4014	3797	3494	3216	2981	2723	2526	2366	
155	4912	59.9	60.0	15	1	1	2	1028	1244	1902	2952	4166	5221	5814	5956	5821	5486	5069	4663	4220	3745	3462	3179	3030	3076	3260	3590	4016	4238	4302	4252	4072	3777	3478	3233	2931	2716	2531	2376	
155	4929	59.9	60.0	15	1	1	2	1015	1255	1927	2948	4144	5200	5792	5952	5805	5511	5070	4629	4214	3800	3488	3164	3020	3017	3275	3611	3983	4228	4295	4207	3984	3773	3518	3227	2953	2698	2527	2354	
155	4946	60.0	60.0	15	1	1	2	1020	1261	1926	2946	4138	5199	5815	5938	5795	5496	5035	4671	4227	3787	3432	3161	2974	3067	3241	3584	4013	4227	4315	4233	3985	3792	3517	3236	2968	2698	2504	2343	
155	5009	95.2	95.0	16	1	0	2	918	1076	1383	1902	2481	2985	3366	3520	3484	3371	3173	3008	2757	2544	2404	2299	2272	2365	2619	2927	3197	3386	3463	3362	3274	3110	2911	2719	2512	2354	2191	2062	
155	5026	95.0	95.0	16	1	0	2	913	1082	1429	1860	2449	3002	3322	3494	3471	3333	3165	2963	2735	2532	2391	2300	2248	2378	2603	2899	3186	3382	3428	3414	3250	3084	2881	2712	2508	2324	2208	2069	
155	5089	59.7	60.2	16	1	1	2	1011	1274	1931	2985	4239	5286	5889	6008	5942	5580	5150	4752	4301	3864	3472	3234	3063	3106	3344	3673	4062	4295	4411	4252	4070	3836	3552	3274	3009	2787	2596	2394	
155	5106	59.9	60.0	16	1	1	2	1006	1259	1928	2957	4164	5226	5831	5997	5869	5514	5089	4680	4312	3826	3476	3214	3045	3073	3295	3641	4029	4217	4363	4304	4077	3835	3543	3267	2991	2711	2529	2347	
155	5123	59.9	60.0	16	1	1	2	1004	1271	1945	2962	4149	5200	5809	5981	5837	5524	5128	4680	4223	3848	3459	3197	3030	3026	3318	3646	4008	4228	4330	4228	4037	3796	3499	3230	2973	2700	2525	2330	
155	5141	60.0	60.0	16	1	1	2	1024	1268	1917	2951	4134	5232	5790	5965	5846	5510	5099	4637	4221	3807	3434	3162	3001	3042	3273	3592	3976	4218	4329	4239	4027	3831	3521	3220	2952	2715	2527	2361	
155	5158	60.0	60.0	16	1	1	2	1011	1271	1908	2932	4187	5209	5775	5959	5850	5456	5077	4667	4205	3793	3517	3172	3020	3028	3270	3629	3994	4220	4277	4206	3969	3812	3506	3217	2961	2730	2505	2353	
155	5175	59.9	60.0	16	1	1	2	1018	1253	1911	2944	4166	5161	5820	5905	5822	5504	5069	4653	4232	3772	3445	3202	3036	3080	3239	3634	4020	4236	4313	4238	3989	3773	3515	3213	2983	2721	2510	2332	
155	5192	59.9	60.0	16	1	1	2	1022	1270	1928	2936	4132	5183	5787	5936	5827	5468	5044	4624	4256	3794	3436	3176	2981	3068	3271	3604	3966	4194	4309	4206	4023	3773	3491	3228	2963	2714	2531	2342	
155	5255	95.4	94.9	17	1	0	2	939	1092	1396	1862	2441	3051	3354	3522	3506	3378	3180	2958	2756	2522	2368	2297	2266	2369	2615	2903	3209	3390	3485	3359	3260	3087	2902	2723	2524	2324	2175	2056	
155	5272	95.0	95.0	17	1	0	2	918	1070	1395	1860	2408	2992	3319	3487	3432	3302	3149	2957	2724	2540	2389	2276	2285	2372	2624	2887	3217	3361	3437	3353	3194	3083	2903	2722	2478	2333	2194	2045	
155	5335	59.7	60.2	17	1	1	2	1004	1266	1949	3012	4207	5240	5866	6027	5896	5569	5158	4724	4301	3846	3528	3201	3086	3094	3343	3667	4051	4297	4395	4264	4100	3833	3584	3273	2999	2756	2527	2347	
155	5352	59.9	60.0	17	1	1	2	1019	1265	1932	2975	4192	5205	5858	5978	5838	5532	5133	4725	4248	3824	3467	3187	3018	3053	3319	3637	4030	4238	4395	4284	4035	3779	3537	3258	2994	2728	2521	2360	
155	5369	59.9	60.0	17	1	1	2	1022	1286	1923	2924	4130	5223	5824	5923	5826	5465	5100	4666	4213	3804	3429	3199	2998	3007	3285	3626	3993	4202	4290	4229	4034	3786	3506	3223	2943	2720	2527	2335	
155	5387	60.0	60.0	17	1	1	2	1016	1271	1923	2956	4127	5185	5814	5972	5822	5509	5107	4602	4218	3779	3473	3152	3034	3037	3261	3615	4005	4218	4334	4219	4030	3768	3499	3223	2938	2742	2509	2365	
155	5404	60.0	60.0	17	1	1	2	983	1261	1932	2931	4131	5189	5743	5927	5758	5443	5094	4634	4221	3728	3456	3161	3018	3023	3284	3584	3946	4228	4326	4206	4036	3783	3477	3219	2934	2688	2518	2372	
155	5421	60.0	60.0	17	1	1	2	1023	1267	1905	2933	4101	5174	5724	5918	5782	5468	5020	4623	4199	3750	3433	3157	2987	3015	3241	3548	3923	4240	4287	4237	3984	3799	3519	3188	2922	2701	2530	2347	
155	5438	59.9	60.0	17	1	1	2	1013	1249	1933	2950	4120	5169	5772	5918	5786	5419	5052	4636	4200	3768	3412	3155	2973	3019	3213	3592	3963	4178	4282	4214	4014	3751	3493	3222	2911	2714	2518	2332	
155	5501	95.3	94.9	18	1	0	2	926	1082	1384	1883	2472	2998	3372	3489	3484	3359	3169	2956	2771	2557	2425	2287	2274	2380	2608	2897	3220	3391	3455	3409	3242	3080	2915	2681	2524	2312	2220	2056	
155	5518	95.0	95.0	18	1	0	2	923	1066	1376	1857	2399	2988	3305	3433	3478	3337	3156	2919	2748	2555	2374	2281	2225	2362	2607	2870	3176	3342	3477	3365	3195	3048	2890	2684	2480	2335	2183	2050	
155	5581	59.7	60.2	18	1	1	2	1031	1252	1928	2960	4154	5272	5838	6000	5871	5556	5175	4709	4265	3820	3512	3206	3040	3075	3281	3624	4011	4248	4348	4279	4077	3818	3561	3258	3002	2708	2522	2378	
155	5598	59.9	60.0	18	1	1	2	1017	1271	1950	2962	4141	5201	5851	5971	5847	5531	5095	4682	4255	3807	3454	3175	3044	3078	3290	3617	4032	4265	4356	4222	4019	3776	3561	3239	2975	2689	2537	2364	
155	5616	60.0	60.0	18	1	1	2	1007	1277	1936	2954	4131	5187	5788	5937	5798	5451	5035	4648	4228	3777	3445	3166	3017	3068	3272	3613	4005	4196	4286	4210	4037	3776	3502	3222	2961	2708	2509	2330	
155	5633	60.0	60.0	18	1	1	2	1005	1247	1902	2956	4126	5154	5776	5935	5813	5433	5060	4624	4226	3775	3423	3132	3006	3026	3271	3555	3940	4226	4328	4197	4025	3748	3503	3186	2923	2684	2531	2315	
155	5650	60.0	60.0	18	1	1	2	1005	1246	1916	2941	4104	5164	5760	5886	5752	5458	5077	4680	4204	3751	3420	3159	2969	3043	3225	3560	3975	4199	4310	4208	4039	3764	3509	3214	2973	2705	2527	2352	
155	5667	60.0	60.0	18	1	1	2	1010	1249	1910	2927	4111	5141	5761	5939	5764	5442	5036	4609	4198	3740	3437	3164	3052	3057	3244	3628	3966	4169	4267	4231	4047	3749	3533	3255	2951	2712	2514	2348	
155	5685	60.0	60.0	18	1	1	2	1003	1255	1898	2944	4119	5177	5749	5908	5808	5468	5072	4666	4218	3717	3432	3166	3014	3052	3230	3575	3981	4189	4298	4192	4006	3758	3477	3211	2943	2732	2527	2344	
155	5747	95.3	94.9	19	1	0	2	932	1077	1388	1873	2490	3005	3361	3498	3479	3339	3183	2957	2751	2529	2393	2288	2257	2351	2636	2870	3198	3377	3493	3380	3224	3066	2900	2679	2508	2337	2200	2054	
155	5764	95.0	95.0	19	1	0	2	932	1079	1383	1857	2445	2979	3303	3454	3454	3342	3156	2957	2728	2519	2378	2269	2268	2366	2590	2881	3161	3376	3421	3363	3254	3055	2886	2686	2494	2321	2156	2041	
155	5827	59.7	60.2	19	1	1	2	1010	1273	1919	2952	4142	5238	5831	6007	5897	5521	5148	4702	4282	3853	3487	3213	3071	3060	3322	3613	4031	4259	4379	4287	4095	3837	3548	3299	2995	2787	2590	2330	
155	5844	59.9	60.0	19	1	1	2	1015	1270	1909	2936	4109	5166	5806	5911	5751	5505	5062	4623	4208	3779	3443	3196	3016	3083	3268	3616	3987	4230	4305	4193	4024	3795	3501	3219	2922	2732	2539	2363	
155	5862	60.0	60.0	19	1	1	2	1027	1255	1920	2937	4142	5169	5786	5947	5801	5495	5086	4652	4229	3754	3445	3161	3006	3024	3283	3584	4008	4167	4335	4205	4036	3801	3525	3205	2941	2709	2528	2363	
155	5879	59.9	60.0	19	1	1	2	1044	1274	1920	2937	4131	5175	5779	5889	5780	5444	5049	4633	4176	3752	3439	3168	3004	3027	3258	3587	4002	4196	4266	4184	4014	3764	3494	3238	2918	2697	2498	2344	
155	5896	60.0	60.0	19	1	1	2	1008	1265	1912	2931	4096	5165	5771	5944	5819	5450	5091	4625	4192	3726	3450	3185	2985	3015	3239	3589	3936	4193	4288	4209	4004	3768	3477	3223	2923	2714	2533	2340	
155	5913	60.0	60.0	19	1	1	2	1012	1249	1895	2931	4091	5134	5740	5899	5788	5441	5048	4604	4154	3738	3417	3168	2995	3032	3250	3584	3961	4167	4259	4195	3977	3754	3490	3157	2909	2681	2505	2357	
155	5931	60.0	60.0	19	1	1	2	1028	1255	1905	2924	4139	5142	5698	5935	5793	5491	5004	4603	4176	3770	3430	3149	2997	3024	3246	3554	3968	4170	4277	4183	3991	3753	3488	3206	2917	2670	2505	2347	
155	5993	95.2	95.0	20	1	0	2	928	1092	1398	1871	2464	3020	3359	3484	3432	3338	3181	2926	2756	2552	2397	2277	2276	2357	2591	2858	3213	3355	3431	3335	3210	3101	2888	2685	2481	2326	2182	2049	
155	6010	95.0	95.0	20	1	0	2	925	1069	1407	1859	2418	2966	3304	3442	3424	3307	3118	2971	2720	2511	2353	2278	2225	2312	2588	2897	3183	3357	3402	3376	3231	3061	2868	2673	2489	2308	2202	2033	
155	6073	59.7	60.2	20	1	1	2	1017	1248	1883	2952	4158	5219	5859	5998	5884	5544	5120	4728	4248	3805	3467	3224	3016	3011	3293	3629	4036	4237	4335	4268	4101	3786	3533	3282	2987	2715	2526	2334	
155	6090	59.9	60.0	20	1	1	2	1011	1267	1933	2946	4155	5205	5817	5927	5867	5503	5069	4624	4248	3779	3415	3174	3029	3053	3259	3601	3988	4202	4305	4228	4061	3770	3507	3217	2967	2720	2541	2341	
155	6108	60.0	60.0	20	1	1	2	1019	1283	1906	2942	4111	5165	5761	5930	5777	5472	5077	4618	4202	3790	3454	3181	3004	3028	3275	3576	3999	4232	4301	4160	4014	3781	3521	3190	2937	2695	2538	2341	
155	6125	60.0	60.0	20	1	1	2	999	1250	1910	2920	4116	5162	5775	5887	5827	5430	5055	4673	4167	3750	3414	3147	2998	3017	3200	3550	4022	4221	4280	4174	3986	3777	3451	3209	2929	2701	2550	2321	
155	6142	59.9	60.0	20	1	1	2	1016	1268	1934	2937	4110	5115	5754	5865	5750	5466	5058	4612	4188	3764	3404	3114	3001	2997	3250	3557	3968	4180	4324	4158	3982	3762	3477	3204	2940	2718	2499	2333	
155	6159	60.0	60.0	20	1	1	2	999	1261	1909	2943	4130	5143	5723	5901	5756	5438	5026	4657	4164	3775	3443	3145	2988	3006	3233	3574	3967	4203	4256	4208	3928	3766	3519	3243	2929	2692	2526	2342	
155	6177	59.9	60.0	20	1	1	2	1010	1252	1910	2906	4116	5110	5718	5852	5756	5456	5039	4589	4156	3757	3416	3112	2992	3029	3246	3570	3936	4160	4285	4207	3992	3761	3470	3215	2930	2688	2527	2349	
155	6241	95.3	95.0	21	1	0	2	912	1092	1396	1898	2434	3014	3351	3497	3447	3362	3146	2945	2749	2553	2389	2291	2245	2360	2585	2888	3165	3353	3420	3414	3244	3069	2895	2683	2469	2319	2193	2047	
155	6258	95.0	95.0	21	1	0	2	929	1052	1383	1847	2422	2991	3303	3433	3420	3276	3128	2928	2737	2531	2361	2255	2226	2350	2609	2893	3191	3369	3434	3355	3192	3090	2874	2673	2500	2296	2194	2063	
155	6321	59.8	60.2	21	1	1	2	1013	1260	1931	2970	4163	5232	5830	6022	5836	5516	5145	4691	4266	3854	3457	3211	3036	3053	3273	3650	4021	4213	4328	4268	4054	3837	3525	3265	2988	2745	2570	2379	
155	6339	59.9	60.0	21	1	1	2	1014	1252	1922	2941	4183	5204	5812	5959	5773	5458	5086	4636	4232	3796	3430	3148	3027	3033	3236	3606	3949	4206	4310	4232	4011	3798	3505	3246	2950	2714	2537	2331	
155	6356	60.0	60.0	21	1	1	2	1007	1271	1900	2939	4112	5171	5741	5882	5744	5426	5027	4605	4182	3766	3428	3134	3004	3007	3229	3588	3918	4168	4299	4196	4027	3748	3480	3201	2949	2688	2505	2344	
155	6373	59.9	60.0	21	1	1	2	1007	1255	1896	2931	4105	5140	5796	5892	5732	5450	5047	4623	4205	3777	3447	3141	3019	3047	3251	3609	3985	4194	4279	4215	3983	3777	3513	3201	2946	2658	2497	2335	
155	6390	60.0	60.0	21	1	1	2	1006	1248	1933	2928	4082	5126	5774	5903	5730	5454	5045	4603	4180	3746	3423	3140	2975	3007	3224	3569	3954	4220	4250	4215	3992	3760	3492	3168	2899	2698	2510	2323	
155	6408	60.0	60.0	21	1	1	2	1034	1281	1901	2921	4110	5131	5712	5880	5767	5378	5011	4591	4171	3782	3386	3141	2989	3023	3229	3593	3948	4140	4252	4186	3990	3753	3493	3197	2947	2688	2512	2336	
155	6425	59.9	60.0	21	1	1	2	1016	1263	1877	2916	4110	5151	5742	5860	5729	5430	5025	4594	4187	3724	3377	3155	2955	2995	3263	3558	3939	4166	4290	4181	3978	3701	3500	3175	2913	2711	2518	2288	
155	6489	95.3	95.0	22	1	0	2	923	1102	1379	1880	2458	2990	3308	3488	3461	3292	3158	2947	2764	2527	2386	2265	2255	2376	2585	2891	3175	3349	3453	3341	3235	3076	2892	2693	2480	2335	2209	2043	
155	6507	95.0	95.0	22	1	0	2	923	1067	1386	1846	2439	2962	3313	3451	3435	3281	3126	2920	2715	2509	2354	2297	2228	2380	2600	2907	3185	3357	3393	3336	3259	3053	2870	2656	2506	2306	2192	2080	
155	6569	59.7	60.2	22	1	1	2	1010	1258	1935	2964	4147	5145	5825	5911	5829	5485	5122	4633	4238	3820	3486	3205	3039	3038	3296	3616	4011	4229	4356	4260	4071	3819	3527	3276	2945	2713	2554	2368	
155	6587	59.9	60.0	22	1	1	2	1008	1271	1912	2951	4121	5169	5820	5964	5835	5552	5055	4666	4188	3792	3455	3175	3002	2986	3283	3592	4009	4209	4315	4215	4023	3772	3490	3254	2946	2730	2508	2355	
155	6604	60.0	60.0	22	1	1	2	1010	1258	1916	2911	4099	5195	5739	5877	5750	5440	5104	4580	4202	3780	3433	3184	2985	2992	3247	3577	3968	4186	4218	4218	4016	3750	3473	3188	2895	2694	2539	2305	
155	6621	60.0	60.0	22	1	1	2	1005	1254	1917	2944	4120	5134	5683	5936	5753	5424	5030	4619	4145	3758	3413	3132	2992	3003	3244	3573	3909	4179	4255	4156	4014	3741	3439	3186	2939	2724	2496	2324	
155	6638	60.0	60.0	22	1	1	2	1004	1246	1903	2909	4100	5149	5753	5881	5732	5398	5059	4635	4201	3765	3384	3158	2986	3003	3268	3629	4000	4178	4303	4158	4010	3766	3480	3188	2916	2702	2512	2344	
155	6656	59.9	60.0	22	1	1	2	1004	1269	1904	2932	4033	5121	5755	5842	5785	5452	5015	4598	4199	3735	3415	3138	2986	3031	3229	3640	3966	4176	4282	4168	3971	3749	3467	3212	2919	2703	2526	2308	
155	6673	60.0	60.0	22	1	1	2	1019	1260	1898	2884	4086	5110	5761	5832	5710	5389	5005	4516	4174	3761	3397	3093	2952	3011	3213	3546	3908	4161	4269	4182	3984	3736	3476	3172	2908	2667	2512	2337	
155	6737	95.2	95.0	23	1	0	2	934	1076	1394	1859	2441	2980	3337	3475	3445	3344	3142	2948	2744	2516	2388	2245	2247	2354	2574	2888	3213	3351	3425	3363	3207	3060	2920	2688	2485	2315	2169	2047	
155	6755	95.0	95.0	23	1	0	2	931	1086	1370	1840	2400	2955	3336	3437	3426	3298	3127	2896	2730	2500	2355	2267	2258	2339	2573	2876	3168	3349	3374	3322	3204	3027	2914	2655	2469	2328	2184	2051	
155	6817	59.7	60.2	23	1	1	2	1017	1255	1859	2959	4147	5211	5771	5975	5795	5476	5134	4694	4245	3773	3457	3218	3017	3056	3297	3617	4006	4240	4354	4240	4012	3826	3526	3261	2978	2738	2538	2358	
155	6835	60.0	60.0	23	1	1	2	1012	1242	1923	2963	4104	5155	5796	5938	5787	5481	5042	4667	4204	3775	3445	3163	3015	3035	3241	3564	3989	4162	4289	4184	3993	3730	3499	3206	2946	2720	2507	2348	
155	6852	60.0	60.0	23	1	1	2	1002	1258	1892	2923	4107	5165	5763	5903	5808	5451	5059	4609	4150	3722	3441	3137	3009	3014	3232	3582	3947	4185	4272	4147	4013	3765	3490	3202	2929	2682	2505	2332	
155	6869	59.9	60.0	23	1	1	2	1002	1276	1908	2917	4122	5145	5731	5891	5762	5434	5005	4630	4181	3742	3384	3152	2966	3029	3241	3532	3948	4189	4275	4180	3961	3832	3491	3188	2942	2679	2509	2323	
155	6886	60.0	60.0	23	1	1	2	1015	1271	1907	2919	4092	5119	5650	5862	5726	5402	5000	4595	4158	3735	3393	3137	2979	3001	3236	3557	3950	4161	4268	4154	4005	3728	3472	3204	2910	2700	2495	2375	
155	6904	60.0	60.0	23	1	1	2	1011	1239	1877	2922	4120	5068	5692	5861	5728	5425	5045	4597	4152	3750	3373	3139	2985	2978	3250	3543	3940	4154	4264	4169	3968	3741	3485	3190	2898	2690	2485	2309	
155	6921	60.0	60.0	23	1	1	2	1013	1272	1900	2914	4045	5106	5743	5817	5717	5382	5016	4620	4140	3719	3405	3116	2972	3014	3213	3551	3924	4151	4268	4136	3936	3729	3513	3198	2906	2670	2501	2309	
155	6984	95.4	94.9	24	1	0	2	932	1072	1374	1870	2426	3008	3370	3475	3487	3337	3146	2960	2743	2506	2378	2279	2251	2348	2569	2868	3219	3371	3428	3394	3234	3056	2901	2670	2484	2338	2198	2042	
155	7001	95.0	95.0	24	1	0	2	932	1060	1379	1868	2386	2978	3309	3441	3429	3292	3124	2898	2746	2526	2359	2250	2250	2392	2595	2882	3160	3365	3384	3353	3196	3053	2881	2659	2493	2321	2182	2028	
155	7063	59.7	60.2	24	1	1	2	1013	1258	1902	2927	4152	5173	5804	5939	5826	5444	5115	4637	4234	3795	3459	3220	3006	3040	3253	3602	4002	4205	4328	4260	4035	3816	3541	3220	2966	2708	2516	2349	
155	7080	60.0	60.0	24	1	1	2	1001	1269	1890	2927	4137	5186	5750	5883	5736	5479	5019	4601	4178	3746	3454	3170	2997	3035	3273	3588	3967	4199	4340	4205	3954	3753	3489	3234	2925	2682	2524	2354	
155	7097	60.0	60.0	24	1	1	2	1000	1250	1910	2899	4069	5096	5731	5873	5799	5452	5037	4591	4203	3760	3424	3168	2991	3033	3215	3573	3942	4179	4234	4201	3965	3725	3497	3194	2919	2696	2521	2352	
155	7114	60.0	60.0	24	1	1	2	1016	1256	1900	2925	4117	5171	5771	5923	5750	5454	5033	4602	4172	3750	3400	3166	3020	3011	3216	3532	3975	4202	4274	4196	3995	3780	3482	3194	2941	2701	2506	2356	
155	7132	59.9	60.0	24	1	1	2	992	1253	1899	2930	4084	5113	5739	5882	5779	5403	5013	4567	4136	3740	3418	3142	2971	3005	3226	3554	3928	4173	4277	4152	4000	3726	3475	3198	2905	2697	2499	2330	
155	7149	60.0	60.0	24	1	1	2	1015	1254	1932	2892	4101	5120	5731	5877	5740	5382	5105	4616	4208	3738	3420	3171	2992	3000	3230	3585	3948	4179	4271	4201	4029	3751	3473	3208	2903	2687	2501	2340	
155	7166	60.0	60.0	24	1	1	2	1009	1247	1891	2883	4081	5093	5675	5875	5687	5391	4979	4587	4178	3688	3410	3129	2983	2989	3201	3535	3897	4136	4249	4171	3966	3767	3468	3217	2918	2684	2514	2330	
155	7229	95.3	94.9	25	1	0	2	942	1106	1391	1864	2468	3022	3332	3464	3521	3364	3168	2972	2748	2502	2385	2252	2269	2368	2600	2908	3172	3342	3429	3356	3210	3052	2886	2690	2485	2340	2179	2086	
155	7246	95.0	95.0	25	1	0	2	944	1086	1386	1844	2434	2966	3328	3446	3450	3314	3146	2970	2744	2526	2364	2231	2247	2375	2579	2853	3176	3314	3418	3340	3221	3061	2861	2669	2492	2326	2180	2042	
155	7309	59.7	60.2	25	1	1	2	1013	1249	1924	2929	4154	5148	5803	5934	5811	5481	5098	4645	4207	3793	3453	3204	3013	3035	3300	3596	3984	4249	4324	4249	4016	3814	3522	3238	2993	2763	2537	2328	
155	7326	60.0	60.0	25	1	1	2	1028	1250	1908	2947	4097	5139	5745	5950	5821	5435	5055	4620	4197	3778	3458	3165	3013	3052	3253	3584	3961	4180	4280	4203	4035	3762	3525	3219	2957	2689	2508	2346	
155	7343	59.9	60.0	25	1	1	2	1010	1277	1902	2891	4108	5153	5751	5903	5756	5443	5034	4609	4164	3824	3430	3168	2971	2987	3231	3624	3949	4184	4251	4147	3964	3736	3504	3212	2976	2708	2507	2344	
155	7361	60.0	60.0	25	1	1	2	1011	1254	1912	2929	4093	5128	5680	5845	5733	5450	5022	4593	4116	3729	3406	3154	2992	3015	3202	3520	3944	4169	4240	4208	3964	3705	3470	3216	2948	2670	2488	2340	
155	7378	60.0	60.0	25	1	1	2	1031	1252	1878	2892	4039	5129	5723	5877	5695	5375	5028	4600	4163	3704	3389	3140	3008	2986	3266	3516	3946	4153	4251	4151	3983	3742	3430	3206	2905	2701	2490	2319	
155	7395	60.0	60.0	25	1	1	2	1003	1243	1909	2910	4079	5115	5689	5827	5730	5455	4980	4571	4146	3715	3393	3149	2961	3017	3243	3567	3949	4142	4257	4152	3964	3715	3502	3190	2905	2671	2492	2329	
155	7412	60.0	60.0	25	1	1	2	1004	1269	1914	2907	4117	5120	5696	5894	5701	5391	4971	4539	4180	3707	3431	3119	2961	3011	3220	3539	3924	4133	4303	4158	3998	3701	3470	3177	2904	2682	2487	2313	
155	7475	95.2	95.0	26	1	0	2	933	1067	1391	1845	2455	2984	3326	3534	3443	3372	3158	2944	2748	2507	2397	2248	2265	2364	2595	2885	3165	3361	3445	3371	3221	3046	2877	2668	2502	2347	2191	2031	
155	7492	95.0	95.0	26	1	0	2	917	1074	1373	1863	2432	2936	3336	3425	3434	3292	3117	2952	2737	2534	2348	2278	2237	2338	2576	2868	3153	3327	3434	3354	3207	3056	2857	2680	2487	2330	2170	2046	
155	7555	59.8	60.2	26	1	1	2	1034	1252	1910	2942	4123	5116	5723	5907	5744	5458	5040	4632	4217	3741	3434	3166	3013	3038	3282	3588	3964	4205	4321	4192	4009	3798	3498	3261	2938	2712	2521	2345	
155	7572	60.0	60.0	26	1	1	2	1031	1266	1904	2926	4116	5137	5719	5861	5755	5422	5061	4625	4173	3732	3401	3126	2994	3046	3223	3554	3959	4178	4278	4199	3976	3740	3501	3165	2962	2717	2505	2328	
155	7589	60.0	60.0	26	1	1	2	1005	1252	1881	2916	4089	5091	5740	5894	5763	5420	5027	4630	4181	3764	3410	3131	2954	3008	3226	3570	3917	4172	4276	4154	3973	3730	3502	3198	2904	2706	2489	2328	
155	7607	59.9	60.0	26	1	1	2	1008	1250	1882	2900	4117	5105	5701	5859	5728	5371	4968	4598	4153	3739	3412	3138	2962	3010	3228	3543	3900	4157	4295	4125	3907	3737	3493	3189	2920	2727	2489	2315	
155	7624	60.0	60.0	26	1	1	2	1005	1256	1868	2923	4067	5125	5684	5857	5725	5387	4986	4592	4160	3699	3410	3119	2961	2970	3221	3551	3974	4141	4237	4169	3889	3719	3470	3190	2927	2681	2483	2283	
155	7641	60.0	60.0	26	1	1	2	1013	1256	1887	2905	4040	5074	5673	5839	5658	5389	4995	4556	4133	3732	3387	3109	2936	3003	3221	3545	3898	4149	4247	4145	3964	3732	3428	3188	2885	2674	2491	2324	
155	7658	60.0	60.0	26	1	1	2	1001	1255	1888	2888	4057	5086	5693	5817	5682	5378	4983	4592	4120	3726	3400	3112	2959	3006	3238	3530	3920	4126	4226	4160	3946	3753	3485	3166	2882	2706	2470	2322	
155	7721	95.2	95.0	27	1	0	2	924	1110	1382	1847	2469	2968	3349	3458	3470	3362	3130	2959	2736	2535	2396	2298	2249	2365	2599	2897	3180	3361	3435	3362	3221	3043	2883	2674	2455	2324	2171	2074	
155	7738	95.0	95.0	27	1	0	2	933	1060	1360	1857	2413	2939	3287	3423	3418	3322	3128	2923	2706	2485	2374	2271	2247	2322	2583	2847	3152	3327	3378	3346	3192	3037	2852	2691	2464	2331	2183	2026	
155	7801	59.7	60.2	27	1	1	2	1007	1281	1915	2941	4115	5178	5780	5886	5794	5486	5071	4612	4202	3795	3440	3175	3033	3016	3260	3592	4001	4243	4290	4160	4039	3793	3529	3217	2929	2752	2540	2340	
155	7818	59.9	60.0	27	1	1	2	1016	1250	1910	2909	4100	5187	5765	5878	5774	5456	5030	4681	4197	3799	3431	3151	3034	3044	3246	3574	3949	4157	4261	4171	3996	3758	3517	3197	2959	2698	2528	2325	
155	7835	60.0	60.0	27	1	1	2	1015	1258	1918	2890	4091	5141	5692	5910	5728	5444	5000	4573	4199	3772	3419	3129	2984	3008	3258	3564	3953	4159	4269	4160	3961	3750	3479	3162	2948	2691	2507	2342	
155	7853	60.0	60.0	27	1	1	2	1016	1253	1874	2928	4124	5114	5723	5870	5717	5425	5008	4603	4184	3742	3412	3141	3002	2999	3247	3556	3951	4180	4252	4131	3980	3743	3478	3192	2920	2699	2486	2328	
155	7870	60.0	60.0	27	1	1	2	999	1250	1878	2920	4081	5092	5701	5849	5653	5381	5005	4584	4150	3692	3401	3107	2980	3000	3239	3518	3909	4147	4282	4128	3957	3725	3451	3222	2872	2680	2502	2340	
155	7887	60.0	60.0	27	1	1	2	1010	1273	1884	2920	4055	5097	5721	5849	5692	5410	5023	4563	4166	3766	3404	3133	2961	2988	3203	3548	3964	4162	4222	4141	3971	3752	3448	3202	2938	2676	2486	2324	
155	7904	60.0	60.0	27	1	1	2	1013	1274	1897	2882	4087	5107	5723	5820	5699	5378	5016	4591	4184	3709	3412	3127	2948	3007	3220	3574	3903	4162	4200	4127	3958	3698	3464	3208	2953	2669	2507	2308	
155	7969	95.4	95.0	28	1	0	2	928	1077	1376	1857	2463	2992	3326	3454	3470	3330	3128	2947	2730	2538	2349	2279	2248	2353	2595	2880	3150	3329	3436	3353	3219	3047	2874	2706	2496	2333	2192	2044	
155	7986	95.0	95.0	28	1	0	2	913	1061	1362	1857	2441	2948	3296	3406	3454	3329	3137	2934	2713	2526	2355	2259	2239	2343	2584	2847	3170	3306	3426	3363	3207	3048	2858	2680	2462	2349	2179	2021	
155	8049	59.7	60.2	28	1	1	2	993	1258	1904	2933	4123	5212	5789	5924	5805	5482	5113	4669	4230	3800	3458	3166	2991	3047	3270	3622	3978	4237	4318	4285	4019	3778	3521	3236	2984	2725	2529	2367	
155	8066	59.9	60.0	28	1	1	2	1011	1256	1921	2930	4088	5183	5716	5884	5752	5413	5087	4605	4218	3728	3412	3127	2995	3065	3246	3557	3985	4195	4273	4189	3970	3754	3492	3195	2932	2671	2522	2342	
155	8084	59.9	60.0	28	1	1	2	1006	1260	1885	2922	4053	5164	5703	5906	5726	5478	5072	4617	4181	3757	3395	3160	2997	3037	3228	3582	3956	4186	4302	4148	3968	3780	3466	3217	2914	2691	2474	2315	
155	8101	60.0	60.0	28	1	1	2	1008	1255	1907	2914	4093	5118	5716	5839	5717	5384	5012	4576	4154	3737	3386	3140	2973	3001	3234	3547	3948	4150	4256	4171	3974	3753	3446	3217	2949	2702	2509	2294	
155	8118	59.9	60.0	28	1	1	2	1012	1262	1902	2897	4085	5100	5704	5837	5743	5390	4988	4548	4154	3737	3395	3141	2932	2965	3266	3552	3922	4195	4269	4178	3979	3755	3480	3155	2904	2707	2484	2318	
155	8135	60.0	60.0	28	1	1	2	1028	1253	1898	2912	4062	5151	5703	5851	5748	5392	4996	4559	4155	3726	3400	3113	2944	3003	3213	3563	3950	4153	4243	4128	3960	3748	3463	3187	2901	2686	2504	2319	
155	8153	59.9	60.0	28	1	1	2	1018	1255	1915	2922	4083	5101	5744	5858	5700	5391	5028	4550	4166	3675	3396	3135	2963	3042	3245	3549	3906	4165	4251	4156	3998	3732	3453	3231	2931	2664	2498	2326	
155	8217	95.3	95.0	29	1	0	2	928	1072	1387	1838	2392	2971	3353	3490	3436	3328	3176	2942	2733	2517	2368	2237	2278	2341	2594	2882	3180	3379	3433	3340	3203	3092	2867	2671	2500	2331	2205	2059	
155	8234	95.0	95.0	29	1	0	2	931	1057	1381	1820	2438	2959	3295	3437	3445	3262	3158	2903	2735	2538	2358	2228	2203	2337	2558	2841	3131	3337	3369	3330	3174	3037	2855	2685	2498	2313	2175	2016	
155	8297	59.6	60.3	29	1	1	2	1016	1255	1916	2941	4103	5174	5763	5964	5815	5488	5082	4653	4216	3788	3430	3153	3020	3043	3258	3588	3981	4256	4320	4220	4014	3798	3506	3213	2934	2746	2538	2352	
155	8314	60.0	60.1	29	1	1	2	1003	1259	1909	2926	4109	5125	5757	5893	5779	5455	5030	4597	4190	3742	3399	3167	3001	2993	3236	3563	3932	4165	4281	4167	3996	3730	3521	3158	2918	2694	2511	2348	
155	8332	59.9	60.0	29	1	1	2	1002	1256	1899	2902	4078	5092	5760	5849	5764	5418	5053	4582	4130	3758	3427	3135	3006	2999	3225	3562	3923	4158	4272	4162	3979	3744	3442	3203	2896	2708	2495	2347	
155	8349	60.0	60.0	29	1	1	2	1006	1275	1898	2922	4098	5105	5755	5865	5713	5427	5025	4586	4172	3772	3418	3131	2975	3026	3235	3571	3899	4152	4249	4172	3950	3767	3496	3200	2927	2683	2529	2314	
155	8366	59.9	60.0	29	1	1	2	1011	1276	1903	2916	4038	5116	5748	5902	5743	5421	4996	4615	4172	3748	3394	3131	2954	3002	3224	3528	3922	4184	4249	4167	3933	3706	3459	3190	2901	2699	2496	2348	
155	8383	59.9	60.0	29	1	1	2	1012	1270	1902	2919	4057	5143	5744	5862	5730	5419	5025	4580	4130	3745	3399	3138	2970	3008	3172	3539	3907	4188	4240	4185	3942	3739	3486	3218	2898	2656	2476	2312	
155	8401	60.0	60.0	29	1	1	2	1016	1257	1924	2910	4041	5092	5675	5852	5668	5395	4955	4596	4136	3725	3413	3109	2965	2968	3185	3533	3913	4126	4241	4134	3922	3756	3461	3205	2911	2696	2491	2357	
155	8463	95.3	95.0	30	1	0	2	925	1067	1361	1838	2458	3043	3351	3481	3473	3351	3171	2950	2756	2512	2397	2308	2265	2366	2615	2869	3188	3356	3396	3395	3241	3072	2885	2672	2503	2316	2183	2051	
155	8480	95.0	95.0	30	1	0	2	929	1067	1379	1839	2393	2962	3299	3417	3468	3342	3142	2934	2701	2524	2328	2271	2252	2349	2573	2841	3178	3308	3398	3376	3230	3062	2860	2659	2485	2329	2170	2031	
155	8543	59.7	60.2	30	1	1	2	1013	1247	1916	2933	4101	5175	5803	5965	5773	5467	5075	4637	4279	3755	3446	3147	2998	3042	3274	3604	3997	4190	4330	4237	4041	3798	3523	3221	2921	2728	2523	2359	
155	8560	60.0	60.0	30	1	1	2	1003	1269	1913	2954	4089	5156	5725	5889	5751	5456	5068	4628	4217	3747	3437	3178	2982	3065	3275	3618	3986	4181	4306	4192	3967	3779	3508	3213	2942	2706	2505	2338	
155	8578	60.0	60.0	30	1	1	2	1006	1278	1876	2899	4075	5122	5694	5853	5735	5404	5027	4596	4160	3791	3403	3128	2949	3012	3240	3554	3923	4172	4244	4158	3992	3733	3464	3188	2896	2689	2493	2315	
155	8595	60.0	60.0	30	1	1	2	1018	1255	1886	2905	4067	5141	5674	5886	5710	5408	5008	4598	4150	3765	3414	3154	2928	3007	3240	3556	3936	4194	4236	4143	4004	3710	3491	3211	2919	2673	2510	2320	
155	8612	59.9	60.0	30	1	1	2	999	1258	1900	2907	4099	5108	5723	5853	5734	5400	5018	4555	4145	3764	3444	3137	2959	3000	3241	3554	3916	4169	4254	4146	3976	3739	3457	3187	2934	2700	2495	2341	
155	8629	60.0	60.0	30	1	1	2	1015	1257	1890	2878	4094	5111	5689	5833	5746	5377	5004	4583	4148	3714	3388	3132	2976	2979	3225	3500	3918	4170	4259	4151	3934	3719	3427	3205	2904	2678	2512	2325	
155	8647	59.9	60.0	30	1	1	2	1014	1278	1899	2976	4093	5112	5659	5810	5730	5334	5022	4588	4160	3721	3383	3128	2971	2997	3210	3557	3888	4146	4195	4121	3963	3725	3460	3207	2891	2671	2470	2317	
155	8711	95.3	95.0	31	1	0	2	919	1062	1392	1850	2447	2950	3335	3450	3462	3308	3170	2970	2727	2558	2369	2287	2253	2363	2592	2900	3167	3370	3432	3365	3194	3046	2885	2721	2493	2325	2182	2061	
155	8728	95.0	95.0	31	1	0	2	919	1061	1354	1840	2394	2955	3293	3434	3425	3291	3128	2896	2668	2496	2352	2248	2229	2349	2553	2852	3153	3302	3462	3330	3186	3046	2887	2682	2500	2306	2193	2041	
155	8791	59.7	60.2	31	1	1	2	1001	1256	1920	2931	4125	5195	5818	5977	5832	5505	5071	4637	4245	3790	3455	3169	3028	3022	3231	3616	3994	4229	4346	4207	4076	3815	3560	3263	2947	2689	2531	2385	
155	8808	60.0	60.0	31	1	1	2	1011	1258	1910	2929	4100	5128	5782	5920	5728	5446	5046	4625	4217	3769	3392	3162	3000	3036	3273	3623	3941	4166	4283	4168	4001	3743	3491	3224	2940	2713	2516	2334	
155	8826	59.9	60.0	31	1	1	2	1014	1271	1922	2931	4104	5176	5767	5923	5765	5414	5044	4575	4208	3766	3418	3153	2984	3060	3254	3541	3944	4172	4267	4174	3958	3744	3481	3216	2906	2679	2510	2350	
155	8843	60.0	60.0	31	1	1	2	1024	1274	1931	2905	4084	5122	5667	5839	5741	5404	5003	4561	4193	3709	3390	3124	2975	2978	3205	3524	3946	4120	4236	4160	3969	3758	3410	3173	2906	2668	2538	2333	
155	8860	60.0	60.0	31	1	1	2	1004	1269	1916	2887	4038	5113	5695	5827	5732	5390	4988	4577	4170	3733	3420	3128	2957	2989	3201	3532	3915	4166	4225	4134	3988	3717	3470	3180	2913	2671	2508	2303	
155	8877	59.9	60.0	31	1	1	2	987	1267	1896	2911	4055	5103	5659	5795	5677	5364	4992	4580	4150	3730	3420	3119	2964	2991	3246	3554	3892	4136	4220	4148	3960	3719	3428	3158	2924	2671	2493	2298	
155	8895	60.0	60.0	31	1	1	2	1018	1264	1912	2881	4059	5105	5675	5858	5752	5372	4993	4499	4144	3730	3385	3101	2956	2987	3224	3536	3920	4137	4212	4133	3944	3732	3465	3162	2890	2666	2505	2308	
155	8957	95.4	94.9	32	1	0	2	917	1078	1377	1886	2447	2967	3342	3473	3450	3364	3164	2958	2749	2523	2381	2294	2251	2351	2558	2870	3191	3326	3439	3354	3213	3082	2897	2683	2478	2335	2184	2051	
155	8975	95.0	95.0	32	1	0	2	916	1050	1374	1845	2421	2984	3331	3430	3413	3330	3176	2938	2713	2511	2364	2243	2247	2324	2565	2872	3178	3337	3440	3363	3224	3025	2850	2619	2493	2297	2170	2044	
155	9037	59.6	60.2	32	1	1	2	1009	1231	1934	2954	4085	5211	5800	5938	5778	5447	5064	4643	4202	3786	3471	3160	3014	3031	3250	3579	3998	4201	4299	4219	4007	3797	3533	3260	2960	2711	2523	2362	
155	9055	60.0	60.0	32	1	1	2	989	1268	1913	2922	4091	5138	5765	5901	5749	5452	5054	4638	4191	3758	3438	3185	2994	3041	3240	3588	3954	4195	4259	4208	4004	3758	3522	3194	2924	2727	2519	2345	
155	9072	59.9	60.0	32	1	1	2	1011	1243	1909	2938	4067	5092	5717	5885	5727	5444	5015	4580	4179	3751	3432	3168	3003	3027	3254	3571	3943	4199	4264	4179	3970	3724	3447	3191	2908	2699	2496	2339	
155	9089	60.0	60.0	32	1	1	2	1019	1245	1899	2898	4105	5102	5752	5855	5720	5400	5036	4588	4169	3748	3407	3156	3003	3014	3197	3548	3932	4156	4260	4132	3973	3723	3466	3151	2897	2700	2477	2289	
155	9106	59.9	60.0	32	1	1	2	1019	1263	1927	2923	4060	5093	5724	5894	5660	5346	5017	4572	4169	3708	3412	3124	2967	3005	3224	3527	3923	4148	4236	4156	3933	3731	3459	3208	2876	2656	2495	2301	
155	9124	60.0	60.0	32	1	1	2	1018	1254	1906	2880	4055	5075	5669	5878	5680	5389	4987	4576	4103	3724	3395	3103	2991	2967	3224	3555	3916	4149	4234	4122	3962	3738	3423	3173	2887	2680	2476	2310	
155	9141	60.0	60.0	32	1	1	2	1015	1250	1894	2926	4104	5097	5668	5800	5669	5337	4945	4586	4162	3698	3398	3110	2954	3013	3211	3539	3916	4188	4242	4142	3920	3693	3500	3191	2906	2675	2499	2324	
155	9203	95.2	95.0	33	1	0	2	920	1070	1400	1828	2455	2951	3329	3438	3422	3347	3119	2966	2738	2558	2358	2242	2248	2342	2560	2863	3164	3312	3413	3345	3212	3032	2831	2656	2491	2302	2184	2039	
155	9221	95.0	95.0	33	1	0	2	917	1058	1367	1872	2402	2986	3308	3418	3400	3318	3117	2952	2684	2489	2381	2262	2239	2339	2558	2877	3138	3346	3413	3334	3207	3022	2853	2680	2444	2306	2156	2030	
155	9283	59.7	60.2	33	1	1	2	1019	1276	1956	2934	4113	5169	5774	5907	5802	5456	5066	4624	4211	3776	3453	3152	3017	3084	3259	3576	3975	4216	4304	4186	4026	3790	3523	3217	2978	2728	2520	2327	
155	9301	60.0	60.0	33	1	1	2	1005	1266	1898	2891	4113	5148	5767	5911	5779	5441	5058	4613	4196	3775	3425	3161	2986	3028	3224	3564	3930	4222	4296	4207	4003	3786	3518	3231	2926	2710	2506	2347	
155	9318	60.0	60.0	33	1	1	2	1007	1259	1916	2941	4085	5172	5715	5851	5712	5419	5047	4632	4168	3736	3398	3126	3006	3008	3249	3578	3896	4177	4267	4187	3975	3738	3448	3204	2933	2684	2504	2332	
155	9335	60.0	60.0	33	1	1	2	996	1267	1900	2904	4092	5121	5714	5827	5749	5401	4971	4581	4160	3750	3437	3157	2989	2985	3226	3565	3954	4175	4229	4178	3983	3725	3470	3195	2914	2713	2497	2312	
155	9352	59.9	60.0	33	1	1	2	1010	1255	1908	2849	4052	5093	5722	5852	5697	5399	4980	4568	4173	3724	3373	3150	2988	2997	3225	3574	3922	4150	4259	4163	3948	3700	3462	3165	2924	2693	2499	2322	
155	9370	60.0	60.0	33	1	1	2	1006	1267	1886	2918	4044	5086	5693	5829	5684	5413	4976	4555	4165	3712	3397	3127	2953	2986	3208	3500	3925	4132	4214	4149	3961	3748	3449	3212	2908	2687	2514	2322	
155	9387	60.0	60.0	33	1	1	2	1008	1274	1884	2907	4055	5075	5692	5810	5669	5409	4988	4578	4155	3726	3405	3111	2984	3010	3230	3558	3922	4140	4263	4145	3959	3718	3448	3171	2898	2683	2471	2327	
155	9450	95.2	95.0	34	1	0	2	938	1068	1389	1866	2442	2969	3327	3445	3454	3366	3151	2979	2738	2555	2357	2288	2243	2373	2573	2854	3150	3353	3423	3352	3215	3046	2875	2692	2486	2333	2207	2053	
155	9467	95.0	95.0	34	1	0	2	923	1055	1364	1846	2436	2962	3310	3447	3436	3330	3130	2912	2726	2499	2369	2266	2222	2341	2581	2860	3185	3307	3388	3302	3212	3049	2847	2666	2474	2316	2158	2042	
155	9530	59.6	60.3	34	1	1	2	1007	1259	1916	2933	4099	5184	5785	5945	5786	5470	5083	4659	4199	3786	3446	3181	3008	3037	3294	3609	3993	4238	4325	4239	4055	3765	3539	3255	2957	2710	2541	2349	
155	9547	59.9	60.0	34	1	1	2	1012	1258	1908	2936	4094	5121	5745	5933	5789	5498	5089	4609	4222	3764	3436	3180	3015	3032	3247	3590	4008	4192	4289	4180	3990	3774	3516	3219	2928	2696	2510	2370	
155	9564	59.9	60.0	34	1	1	2	1011	1260	1915	2916	4051	5103	5737	5868	5746	5422	5026	4599	4170	3742	3404	3148	2978	3000	3221	3573	3928	4192	4253	4156	3979	3777	3465	3187	2914	2679	2507	2346	
155	9581	59.9	60.0	34	1	1	2	1009	1276	1908	2917	4046	5089	5696	5857	5757	5411	5026	4513	4193	3738	3410	3137	2970	3025	3256	3548	3920	4191	4240	4180	3987	3739	3483	3179	2959	2658	2489	2343	
155	9599	59.9	60.0	34	1	1	2	1013	1273	1929	2902	4122	5153	5673	5822	5723	5425	5057	4599	4172	3705	3390	3134	2978	2986	3232	3558	3929	4147	4257	4179	3965	3753	3463	3183	2934	2669	2496	2302	
155	9616	60.0	60.0	34	1	1	2	1025	1250	1908	2911	4057	5085	5693	5819	5709	5390	5007	4518	4155	3703	3395	3121	2956	2977	3205	3591	3908	4131	4204	4117	3971	3732	3461	3170	2893	2644	2493	2302	
155	9633	60.0	60.0	34	1	1	2	1012	1273	1888	2908	4053	5044	5645	5822	5684	5399	4944	4580	4172	3711	3382	3128	2959	3015	3196	3511	3925	4157	4255	4111	3945	3729	3429	3180	2933	2662	2506	2307	
155	9698	95.3	95.0	35	1	0	2	924	1055	1382	1873	2428	3003	3350	3476	3476	3344	3134	2933	2745	2550	2396	2238	2238	2379	2555	2863	3168	3343	3424	3342	3229	3024	2860	2645	2479	2308	2200	2045	
155	9715	95.0	95.0	35	1	0	2	930	1055	1361	1847	2433	2941	3286	3437	3402	3322	3128	2921	2714	2498	2366	2246	2227	2323	2576	2850	3158	3339	3393	3326	3202	3045	2858	2669	2452	2334	2168	2035	
155	9778	59.6	60.2	35	1	1	2	1022	1268	1935	2943	4082	5150	5797	5956	5796	5406	5094	4639	4202	3773	3434	3157	3008	3049	3271	3596	3997	4212	4341	4256	4041	3751	3553	3243	2927	2733	2531	2364	
155	9795	60.0	60.0	35	1	1	2	1032	1264	1925	2910	4094	5109	5776	5851	5770	5455	5042	4618	4194	3756	3434	3136	3018	3050	3232	3576	3920	4164	4268	4166	4012	3753	3478	3190	2914	2691	2514	2364	
155	9812	60.0	60.0	35	1	1	2	1006	1272	1903	2911	4059	5113	5731	5916	5697	5424	5015	4636	4142	3708	3450	3105	2964	3015	3237	3586	3928	4157	4240	4161	3942	3748	3473	3183	2942	2690	2503	2308	
155	9829	59.9	60.0	35	1	1	2	1011	1243	1893	2922	4097	5141	5707	5902	5716	5406	5028	4595	4140	3724	3397	3133	2967	3025	3191	3527	3939	4107	4246	4189	3964	3772	3477	3196	2916	2679	2497	2345	
155	9847	60.0	60.0	35	1	1	2	1009	1261	1901	2900	4068	5113	5741	5836	5689	5380	5025	4580	4166	3712	3429	3109	2979	3016	3194	3528	3900	4154	4242	4163	3941	3753	3460	3171	2921	2662	2494	2303	
155	9864	60.0	60.0	35	1	1	2	1006	1259	1906	2897	4085	5102	5683	5827	5657	5379	4966	4569	4117	3723	3399	3115	2959	2997	3240	3534	3904	4148	4268	4130	3944	3694	3466	3150	2880	2649	2484	2326	
155	9881	59.9	60.0	35	1	1	2	1015	1270	1917	2916	4044	5115	5692	5855	5720	5384	5013	4572	4173	3726	3396	3118	2956	3021	3223	3519	3914	4108	4248	4158	3935	3724	3424	3179	2905	2678	2469	2345	
155	9946	95.3	95.0	36	1	0	2	920	1060	1368	1860	2420	2971	3327	3459	3452	3316	3183	2981	2736	2516	2381	2258	2258	2363	2559	2896	3139	3341	3416	3358	3204	3068	2876	2680	2495	2299	2193	2066	
155	9963	95.0	95.0	36	1	0	2	922	1054	1380	1842	2421	2949	3294	3418	3460	3322	3139	2953	2721	2492	2350	2260	2256	2324	2575	2806	3125	3316	3408	3322	3174	3066	2879	2672	2463	2315	2151	2022	
155	10026	59.7	60.2	36	1	1	2	987	1269	1921	2971	4116	5191	5796	5952	5836	5504	5087	4660	4179	3793	3487	3192	3006	3036	3251	3607	4023	4215	4324	4245	4023	3775	3515	3208	2955	2715	2547	2345	
155	10043	59.9	60.0	36	1	1	2	1012	1262	1907	2940	4128	5158	5735	5887	5830	5471	5102	4638	4212	3775	3460	3161	2981	3010	3256	3594	3960	4199	4280	4179	3977	3778	3489	3190	2920	2719	2500	2353	
155	10060	60.0	60.0	36	1	1	2	1012	1258	1911	2902	4088	5169	5706	5883	5729	5412	4998	4564	4196	3726	3417	3141	2979	3038	3275	3549	3938	4178	4265	4144	3944	3752	3480	3205	2903	2704	2500	2307	
155	10077	60.0	60.0	36	1	1	2	1021	1262	1924	2916	4084	5120	5735	5854	5762	5440	5020	4568	4181	3770	3442	3104	2977	3012	3181	3577	3918	4178	4230	4192	3955	3753	3457	3190	2908	2695	2515	2344	
155	10095	60.0	60.0	36	1	1	2	1013	1254	1913	2902	4059	5095	5710	5846	5726	5444	5002	4561	4177	3733	3388	3129	2983	2988	3200	3544	3916	4161	4242	4214	3924	3735	3472	3201	2926	2681	2499	2343	
155	10112	60.0	60.0	36	1	1	2	1002	1265	1919	2903	4058	5111	5712	5842	5698	5399	5002	4618	4171	3737	3391	3156	2982	2999	3233	3549	3904	4162	4218	4120	3980	3720	3480	3201	2921	2681	2469	2332	
155	10129	60.0	60.0	36	1	1	2	1016	1279	1898	2903	4080	5097	5657	5860	5723	5422	5008	4616	4158	3724	3383	3107	2968	3012	3218	3568	3935	4151	4255	4174	3947	3726	3480	3170	2920	2680	2477	2312	
155	10192	95.3	95.0	37	1	0	2	908	1065	1368	1841	2466	3008	3344	3452	3446	3340	3165	2960	2733	2515	2372	2242	2238	2366	2610	2846	3160	3333	3425	3359	3211	3057	2898	2665	2494	2357	2187	2048	
155	10209	95.0	95.0	37	1	0	2	925	1080	1368	1852	2413	2974	3355	3392	3430	3300	3143	2919	2738	2524	2382	2246	2229	2328	2565	2854	3149	3334	3381	3333	3215	3054	2847	2687	2483	2304	2158	2048	
155	10272	59.7	60.2	37	1	1	2	1020	1253	1940	2928	4109	5156	5761	5939	5805	5514	5090	4682	4254	3783	3452	3187	3034	3039	3258	3588	3963	4216	4325	4218	4013	3754	3528	3247	2960	2715	2560	2335	
155	10289	59.9	60.0	37	1	1	2	1006	1276	1910	2964	4111	5194	5777	5872	5751	5417	5092	4627	4196	3749	3442	3151	3000	3009	3278	3598	3994	4189	4304	4173	3998	3739	3498	3222	2945	2701	2504	2324	
155	10306	60.0	60.0	37	1	1	2	1004	1262	1923	2887	4124	5094	5777	5889	5720	5441	5013	4634	4192	3766	3443	3137	2970	2999	3226	3551	3909	4148	4292	4158	3959	3731	3466	3235	2898	2696	2528	2316	
155	10324	59.9	60.0	37	1	1	2	1006	1269	1923	2904	4059	5081	5741	5861	5787	5415	5013	4605	4147	3714	3424	3172	2988	2972	3246	3546	3928	4151	4263	4204	4017	3736	3471	3169	2893	2699	2477	2325	
155	10341	60.0	60.0	37	1	1	2	1012	1258	1898	2889	4081	5120	5656	5861	5694	5400	5001	4619	4147	3691	3384	3136	2979	2975	3222	3555	3904	4161	4230	4195	3915	3732	3500	3219	2892	2632	2494	2314	
155	10358	60.0	60.0	37	1	1	2	1001	1265	1901	2889	4064	5113	5681	5856	5677	5381	5024	4565	4147	3731	3403	3112	2994	3002	3211	3580	3940	4157	4203	4164	3963	3726	3450	3173	2942	2694	2505	2300	
155	10375	60.0	60.0	37	1	1	2	1025	1256	1917	2899	4062	5108	5712	5810	5681	5383	4985	4584	4147	3736	3391	3138	2965	3005	3211	3553	3945	4131	4236	4157	3970	3706	3449	3177	2877	2676	2499	2298	
155	10440	95.3	95.0	38	1	0	2	937	1051	1375	1851	2398	2960	3334	3473	3490	3324	3124	2984	2701	2522	2377	2259	2250	2346	2596	2859	3156	3333	3422	3349	3171	3054	2849	2691	2492	2315	2186	2038	
155	10457	95.0	95.0	38	1	0	2	919	1061	1381	1833	2424	2966	3300	3416	3411	3289	3159	2928	2714	2527	2351	2282	2248	2350	2588	2833	3167	3301	3390	3337	3162	3008	2863	2681	2452	2299	2172	2054	
155	10520	59.7	60.2	38	1	1	2	1007	1266	1934	2900	4144	5172	5748	5868	5782	5462	5109	4645	4210	3782	3456	3198	2991	3052	3271	3585	3937	4229	4326	4213	4023	3764	3529	3248	2981	2740	2518	2339	
155	10537	59.9	60.0	38	1	1	2	1048	1286	1892	2943	4095	5141	5783	5881	5766	5451	5072	4650	4184	3758	3421	3141	2987	3016	3251	3576	3948	4201	4289	4176	3970	3767	3489	3180	2925	2677	2529	2350	
155	10554	59.9	60.0	38	1	1	2	1012	1257	1931	2934	4072	5142	5719	5933	5760	5441	5053	4608	4217	3710	3423	3148	2994	2984	3232	3575	3969	4190	4239	4167	3977	3727	3444	3168	2939	2673	2515	2336	
155	10572	60.0	60.0	38	1	1	2	1023	1255	1911	2904	4095	5090	5722	5867	5717	5389	4995	4591	4164	3747	3389	3138	2992	2990	3231	3511	3931	4160	4249	4130	3963	3726	3442	3202	2922	2673	2492	2302	
155	10589	59.9	60.0	38	1	1	2	1019	1259	1910	2900	4081	5093	5701	5876	5763	5401	5028	4568	4133	3716	3406	3130	2988	2996	3212	3565	3917	4133	4270	4162	3929	3734	3452	3200	2896	2676	2517	2329	
155	10606	60.0	60.0	38	1	1	2	1018	1267	1909	2913	4066	5089	5704	5820	5705	5403	4992	4564	4176	3709	3408	3122	2984	2995	3200	3549	3922	4160	4239	4128	3952	3734	3473	3182	2912	2664	2488	2322	
155	10623	60.0	60.0	38	1	1	2	1008	1283	1909	2887	4073	5107	5725	5822	5666	5386	4951	4553	4175	3721	3400	3126	2976	3002	3189	3497	3887	4149	4233	4127	3942	3728	3454	3158	2883	2698	2484	2326	
155	10688	95.3	95.0	39	1	0	2	924	1078	1390	1880	2448	2975	3326	3434	3464	3340	3114	2978	2754	2516	2389	2227	2237	2366	2587	2854	3133	3330	3412	3348	3247	3047	2863	2645	2481	2326	2195	2024	
155	10705	95.0	95.0	39	1	0	2	917	1070	1375	1865	2432	2914	3293	3438	3456	3296	3118	2918	2730	2490	2345	2254	2245	2356	2551	2865	3168	3285	3356	3325	3215	3009	2856	2674	2478	2307	2156	2024	
155	10768	59.7	60.2	39	1	1	2	1013	1292	1921	2936	4131	5200	5798	5957	5813	5510	5114	4648	4208	3768	3446	3188	2986	3048	3288	3611	3979	4248	4291	4211	4021	3756	3534	3264	2967	2716	2556	2336	
155	10785	59.9	60.0	39	1	1	2	1016	1278	1916	2956	4133	5176	5775	5950	5828	5465	5038	4597	4240	3822	3427	3161	3004	3032	3236	3589	3961	4172	4265	4200	3991	3762	3510	3224	2913	2703	2507	2316	
155	10802	59.9	60.0	39	1	1	2	1031	1254	1917	2940	4093	5152	5778	5880	5769	5399	5030	4651	4227	3759	3416	3174	3014	3012	3243	3578	3938	4173	4271	4173	3974	3711	3478	3197	2939	2692	2486	2359	
155	10820	60.0	60.0	39	1	1	2	1023	1276	1901	2945	4103	5140	5731	5922	5707	5448	5030	4581	4185	3741	3428	3144	3032	3000	3222	3523	3921	4188	4281	4157	3957	3730	3467	3192	2892	2702	2528	2313	
155	10837	60.0	60.0	39	1	1	2	1002	1267	1916	2888	4075	5111	5744	5848	5707	5363	5011	4587	4155	3756	3412	3133	2967	3018	3172	3535	3913	4173	4227	4179	3972	3738	3469	3182	2941	2718	2496	2290	
155	10854	59.9	60.0	39	1	1	2	1035	1278	1935	2882	4110	5108	5700	5896	5713	5416	5010	4612	4160	3752	3416	3158	2974	2985	3215	3560	3883	4146	4259	4150	3959	3725	3484	3179	2951	2680	2488	2328	
155	10871	60.0	60.0	39	1	1	2	1015	1262	1928	2925	4059	5112	5692	5889	5708	5358	4998	4557	4165	3754	3408	3108	2966	3008	3230	3526	3934	4182	4273	4128	3923	3729	3473	3204	2912	2666	2510	2318	
155	10934	95.2	95.0	40	1	0	2	942	1085	1379	1868	2453	2983	3352	3507	3484	3337	3149	2958	2762	2540	2392	2279	2239	2366	2597	2852	3168	3346	3396	3315	3227	3045	2884	2663	2492	2336	2176	2002	
155	10951	95.0	95.0	40	1	0	2	928	1049	1386	1871	2383	2960	3330	3452	3427	3307	3143	2935	2747	2497	2394	2262	2270	2358	2594	2839	3177	3315	3390	3315	3215	3077	2872	2653	2490	2338	2169	2047	
155	11014	59.7	60.2	40	1	1	2	1022	1285	1946	2935	4151	5161	5805	5912	5799	5494	5093	4659	4249	3804	3447	3208	3036	3096	3262	3626	4002	4202	4346	4219	4028	3806	3524	3229	2950	2728	2547	2356	
155	11031	59.9	60.0	40	1	1	2	1027	1293	1929	2946	4116	5181	5828	5929	5806	5506	5079	4659	4239	3793	3416	3205	3021	3027	3228	3605	3969	4247	4291	4189	3977	3733	3457	3217	2928	2658	2505	2337	
155	11049	60.0	60.0	40	1	1	2	1023	1270	1897	2959	4116	5153	5745	5916	5779	5438	5048	4639	4186	3788	3397	3155	3002	3000	3277	3600	3928	4236	4304	4207	3969	3746	3492	3187	2925	2689	2522	2318	
155	11066	60.0	60.0	40	1	1	2	1004	1267	1929	2921	4103	5117	5671	5880	5760	5427	5028	4595	4153	3744	3428	3131	2985	3020	3229	3560	3934	4178	4267	4199	3956	3702	3488	3198	2917	2674	2526	2329	
155	11083	60.0	60.0	40	1	1	2	1028	1263	1918	2932	4138	5182	5756	5894	5741	5416	5045	4600	4194	3753	3392	3130	2986	3003	3244	3566	3959	4193	4288	4150	3958	3697	3460	3188	2893	2689	2506	2320	
155	11100	60.0	60.0	40	1	1	2	1021	1280	1909	2914	4058	5081	5688	5855	5698	5398	4997	4592	4140	3744	3413	3153	2958	3004	3225	3589	3936	4190	4228	4148	3944	3735	3448	3211	2859	2644	2505	2311	
155	11118	59.9	60.0	40	1	1	2	1033	1278	1912	2906	4075	5099	5723	5819	5699	5376	5020	4599	4170	3736	3402	3139	2968	2994	3210	3564	3912	4140	4235	4114	3928	3712	3428	3170	2906	2659	2509	2326	
