Well	Time (1/2 s)	Block Temp	Sample Temp	Repetition	PCR Stage	Extension	Scale	B1	B2	B3	B4	B5	B6	B7	B8	B9	B10	B11	B12	B13	B14	B15	B16	B17	B18	B19	B20	B21	B22	B23	B24	B25	B26	B27	B28	B29	B30	B31	B32
6	106	95.1	95.1	1	0	0	2	914	1115	1537	2172	2843	3431	3768	3940	3862	3727	3498	3254	3002	2758	2543	2441	2437	2577	2819	3155	3502	3707	3840	3792	3642	3428	3206	3013	2792	2582	2422	2255	
6	124	95.0	95.0	1	0	0	2	925	1105	1514	2107	2820	3367	3744	3886	3859	3682	3456	3230	2958	2737	2525	2430	2435	2578	2806	3132	3485	3682	3786	3756	3621	3439	3208	2978	2772	2578	2395	2233	
6	141	95.0	95.0	1	0	0	2	908	1097	1498	2131	2800	3353	3693	3857	3791	3704	3449	3214	2979	2729	2531	2441	2419	2526	2805	3102	3478	3634	3789	3744	3595	3431	3185	2965	2735	2583	2408	2249	
6	158	95.0	95.0	1	0	0	2	908	1102	1477	2110	2785	3353	3698	3816	3758	3691	3417	3225	2931	2716	2531	2398	2408	2511	2794	3089	3475	3717	3752	3722	3629	3405	3178	2968	2778	2559	2403	2253	
6	175	95.0	95.0	1	0	0	2	923	1109	1490	2099	2806	3364	3701	3846	3798	3651	3437	3218	2954	2739	2503	2444	2422	2513	2804	3097	3457	3656	3728	3727	3617	3392	3160	2977	2772	2572	2408	2217	
6	193	94.9	95.0	1	0	0	2	910	1120	1518	2106	2803	3339	3689	3882	3779	3654	3450	3185	2920	2746	2504	2446	2416	2555	2796	3108	3453	3669	3769	3742	3598	3385	3195	2946	2758	2568	2414	2252	
6	210	94.9	95.0	1	0	0	2	911	1099	1495	2113	2785	3345	3700	3846	3761	3634	3429	3212	2948	2689	2494	2411	2404	2531	2811	3139	3475	3652	3760	3729	3603	3389	3169	2988	2759	2578	2412	2243	
6	227	95.0	95.0	1	0	0	2	920	1118	1500	2114	2804	3365	3688	3813	3779	3631	3470	3185	2933	2704	2519	2412	2409	2492	2812	3094	3441	3634	3769	3722	3581	3407	3161	2929	2749	2572	2400	2238	
6	244	95.0	95.0	1	0	0	2	916	1113	1514	2115	2802	3331	3699	3802	3800	3636	3397	3176	2958	2727	2518	2431	2406	2537	2797	3121	3465	3646	3807	3728	3594	3360	3137	2956	2752	2544	2390	2225	
6	262	95.0	95.0	1	0	0	2	920	1115	1499	2098	2801	3343	3721	3844	3792	3642	3414	3223	2946	2712	2538	2451	2416	2549	2796	3081	3461	3664	3785	3740	3605	3389	3156	2962	2774	2572	2392	2217	
6	279	95.0	95.0	1	0	0	2	918	1094	1498	2132	2791	3325	3736	3853	3747	3640	3442	3185	2908	2749	2529	2405	2416	2538	2819	3131	3463	3659	3799	3713	3618	3420	3171	2968	2786	2560	2413	2253	
6	296	95.0	95.0	1	0	0	2	916	1105	1507	2134	2775	3325	3676	3837	3768	3680	3461	3171	2935	2715	2515	2422	2388	2500	2781	3129	3426	3675	3793	3687	3585	3376	3179	2958	2770	2554	2424	2230	
6	313	95.0	95.0	1	0	0	2	928	1108	1513	2090	2785	3342	3681	3815	3770	3668	3438	3208	2981	2744	2542	2430	2408	2503	2804	3134	3445	3666	3776	3736	3604	3385	3187	2953	2764	2561	2384	2222	
6	331	95.0	95.0	1	0	0	2	924	1121	1518	2118	2793	3362	3688	3832	3795	3665	3457	3222	2962	2728	2504	2437	2399	2529	2806	3111	3479	3643	3832	3753	3604	3373	3191	2952	2763	2561	2425	2241	
6	348	94.9	95.0	1	0	0	2	912	1115	1509	2122	2767	3340	3674	3841	3762	3626	3453	3176	2915	2713	2507	2399	2401	2529	2787	3097	3434	3655	3745	3741	3593	3386	3143	2950	2760	2554	2374	2230	
6	365	95.0	95.0	1	0	0	2	928	1112	1513	2110	2771	3350	3704	3810	3751	3678	3442	3193	2925	2741	2505	2430	2399	2541	2761	3117	3506	3665	3732	3714	3579	3377	3171	2943	2759	2556	2400	2263	
6	382	95.0	95.0	1	0	0	2	925	1113	1514	2112	2774	3312	3716	3834	3767	3692	3414	3174	2946	2733	2549	2441	2398	2528	2820	3112	3480	3678	3786	3761	3579	3419	3173	2956	2752	2540	2389	2257	
6	400	94.9	95.0	1	0	0	2	931	1111	1530	2126	2794	3359	3665	3835	3779	3666	3443	3194	2882	2721	2499	2438	2426	2544	2776	3143	3442	3682	3759	3725	3631	3382	3158	2946	2793	2542	2411	2238	
6	417	95.0	95.0	1	0	0	2	919	1105	1528	2112	2805	3335	3737	3835	3817	3664	3423	3181	2959	2731	2517	2422	2411	2549	2802	3139	3481	3695	3784	3760	3585	3396	3199	2938	2778	2550	2433	2250	
6	434	94.9	95.0	1	0	0	2	931	1111	1515	2109	2790	3355	3711	3847	3785	3651	3427	3178	2927	2700	2521	2420	2426	2533	2812	3113	3472	3679	3807	3769	3591	3430	3165	2967	2751	2571	2429	2236	
6	451	95.0	95.0	1	0	0	2	919	1118	1500	2111	2769	3343	3663	3813	3765	3623	3419	3207	2940	2715	2536	2433	2401	2499	2794	3130	3443	3678	3753	3733	3593	3424	3176	2972	2777	2546	2407	2236	
6	469	95.0	95.0	1	0	0	2	911	1094	1501	2111	2773	3351	3699	3845	3805	3654	3444	3210	2978	2689	2529	2434	2405	2546	2804	3127	3474	3679	3753	3710	3625	3397	3200	2945	2778	2594	2419	2220	
6	486	95.0	95.0	1	0	0	2	923	1117	1514	2111	2778	3373	3704	3864	3778	3674	3436	3217	2949	2736	2516	2440	2391	2525	2812	3097	3492	3682	3764	3726	3610	3411	3175	2995	2798	2564	2400	2248	
6	503	95.0	95.0	1	0	0	2	940	1110	1523	2107	2753	3340	3696	3816	3751	3665	3430	3180	2963	2715	2498	2425	2416	2540	2818	3101	3432	3688	3772	3716	3592	3422	3150	2977	2765	2574	2429	2241	
6	520	95.0	95.0	1	0	0	2	941	1101	1517	2119	2793	3330	3709	3865	3782	3647	3402	3174	2930	2727	2489	2435	2397	2540	2779	3115	3477	3662	3763	3729	3591	3428	3174	2954	2758	2554	2407	2232	
6	538	95.0	95.0	1	0	0	2	922	1109	1499	2090	2781	3342	3706	3802	3777	3629	3408	3185	2918	2724	2500	2428	2401	2520	2759	3116	3447	3647	3732	3683	3564	3372	3139	2932	2761	2553	2401	2213	
6	555	95.0	95.0	1	0	0	2	922	1116	1516	2113	2780	3323	3685	3847	3818	3632	3418	3162	2957	2736	2532	2443	2401	2540	2847	3101	3476	3665	3760	3725	3572	3372	3174	2944	2742	2580	2420	2267	
6	572	94.9	95.0	1	0	0	2	917	1113	1507	2098	2752	3301	3649	3841	3764	3660	3446	3241	2954	2734	2506	2440	2398	2524	2797	3135	3493	3689	3788	3688	3596	3380	3153	2979	2765	2544	2424	2227	
6	589	95.0	95.0	1	0	0	2	926	1118	1518	2126	2785	3363	3673	3814	3817	3637	3422	3205	2958	2721	2504	2417	2392	2511	2792	3135	3444	3661	3767	3731	3605	3415	3164	2951	2743	2553	2431	2259	
6	607	95.0	95.0	1	0	0	2	923	1112	1502	2100	2784	3336	3683	3831	3770	3628	3388	3204	2932	2700	2507	2421	2423	2531	2794	3132	3467	3677	3779	3705	3638	3382	3131	2949	2767	2556	2417	2226	
6	624	95.0	95.0	1	0	0	2	930	1111	1539	2122	2771	3323	3638	3809	3772	3636	3409	3150	2916	2722	2500	2416	2420	2528	2788	3052	3448	3667	3754	3687	3553	3397	3155	2936	2756	2562	2380	2245	
6	641	95.0	95.0	1	0	0	2	909	1119	1512	2117	2755	3362	3682	3832	3768	3635	3422	3184	2938	2698	2500	2449	2393	2545	2803	3112	3430	3678	3755	3742	3582	3381	3146	2976	2764	2593	2399	2268	
6	658	95.0	95.0	1	0	0	2	927	1101	1511	2132	2782	3348	3695	3814	3753	3648	3425	3212	2933	2693	2506	2418	2420	2544	2815	3105	3465	3625	3748	3726	3564	3386	3144	2964	2766	2558	2401	2235	
6	676	94.9	95.0	1	0	0	2	923	1103	1514	2090	2740	3318	3678	3811	3741	3635	3423	3211	2909	2728	2510	2425	2377	2505	2790	3078	3437	3664	3764	3691	3563	3398	3156	2949	2783	2564	2412	2233	
6	693	95.0	95.0	1	0	0	2	927	1108	1535	2099	2783	3344	3692	3820	3775	3697	3418	3218	2924	2728	2508	2423	2387	2536	2802	3080	3458	3672	3767	3703	3565	3387	3131	2959	2776	2555	2404	2261	
6	710	95.0	95.0	1	0	0	2	910	1105	1503	2145	2775	3337	3701	3843	3756	3655	3455	3187	2917	2732	2504	2450	2389	2533	2810	3098	3454	3677	3777	3721	3593	3410	3152	2976	2764	2545	2394	2252	
6	727	95.0	95.0	1	0	0	2	926	1103	1505	2095	2773	3333	3687	3768	3736	3625	3419	3137	2918	2738	2492	2426	2411	2551	2795	3125	3445	3663	3788	3715	3607	3379	3141	2941	2726	2568	2435	2229	
6	745	94.9	95.0	1	0	0	2	929	1106	1517	2110	2763	3390	3691	3808	3755	3647	3447	3186	2946	2717	2494	2425	2396	2509	2804	3119	3451	3628	3742	3710	3565	3423	3142	2932	2734	2543	2419	2215	
6	762	95.0	95.0	1	0	0	2	913	1111	1536	2094	2783	3358	3713	3795	3785	3667	3428	3216	2928	2733	2537	2452	2402	2543	2769	3128	3481	3672	3766	3727	3557	3400	3178	2969	2755	2539	2416	2237	
6	779	95.0	95.0	1	0	0	2	912	1120	1519	2091	2781	3356	3708	3829	3793	3604	3428	3181	2920	2704	2543	2420	2402	2513	2793	3092	3488	3626	3774	3717	3593	3385	3194	2933	2734	2556	2404	2234	
6	796	95.0	95.0	1	0	0	2	912	1123	1511	2130	2795	3348	3700	3789	3766	3662	3397	3197	2901	2711	2535	2431	2398	2527	2816	3127	3427	3661	3750	3721	3582	3390	3176	2965	2741	2550	2392	2247	
6	814	94.9	95.0	1	0	0	2	937	1117	1505	2132	2793	3364	3700	3814	3772	3654	3424	3194	2962	2730	2502	2422	2410	2528	2832	3112	3455	3670	3754	3704	3590	3397	3149	2966	2771	2573	2384	2240	
6	831	95.0	95.0	1	0	0	2	920	1117	1521	2123	2779	3348	3695	3820	3759	3640	3432	3176	2966	2727	2504	2407	2418	2538	2788	3083	3436	3637	3704	3730	3597	3352	3142	2982	2761	2546	2412	2239	
6	848	95.0	95.0	1	0	0	2	921	1109	1546	2130	2801	3345	3691	3857	3773	3668	3466	3188	2954	2744	2523	2440	2424	2522	2814	3094	3442	3691	3745	3732	3597	3398	3184	2936	2764	2552	2386	2246	
6	865	95.0	95.0	1	0	0	2	921	1104	1533	2124	2786	3397	3672	3845	3789	3670	3426	3192	2907	2703	2502	2414	2413	2542	2777	3140	3481	3704	3782	3740	3572	3407	3149	2974	2764	2547	2437	2240	
6	883	94.9	95.0	1	0	0	2	918	1108	1497	2122	2793	3321	3679	3831	3770	3642	3444	3214	2951	2709	2504	2399	2393	2545	2794	3108	3451	3653	3777	3725	3564	3382	3156	2962	2775	2523	2384	2250	
6	900	95.0	95.0	1	0	0	2	928	1122	1525	2106	2780	3371	3681	3834	3771	3655	3423	3202	2929	2705	2506	2417	2409	2533	2820	3111	3448	3664	3756	3719	3586	3388	3163	2934	2749	2553	2390	2221	
6	917	94.9	95.0	1	0	0	2	918	1103	1523	2109	2773	3353	3695	3812	3782	3636	3460	3211	2935	2736	2488	2417	2390	2553	2782	3096	3433	3683	3780	3709	3606	3402	3162	2960	2780	2546	2406	2227	
6	934	95.0	95.0	1	0	0	2	919	1114	1509	2123	2810	3349	3701	3831	3750	3634	3435	3202	2953	2710	2514	2434	2418	2528	2805	3122	3447	3681	3796	3724	3567	3360	3139	2970	2761	2562	2414	2257	
6	952	94.9	95.0	1	0	0	2	921	1115	1511	2086	2770	3328	3695	3817	3730	3658	3439	3234	2922	2709	2516	2417	2401	2526	2832	3119	3481	3688	3745	3718	3551	3375	3143	2972	2745	2557	2407	2228	
6	969	94.9	95.0	1	0	0	2	914	1116	1505	2099	2761	3353	3640	3830	3774	3644	3402	3186	2925	2721	2504	2410	2414	2520	2796	3102	3463	3661	3788	3712	3565	3381	3143	2926	2727	2533	2406	2237	
6	986	95.0	95.0	1	0	0	2	929	1118	1526	2127	2820	3340	3723	3818	3809	3628	3429	3180	2966	2719	2513	2402	2421	2534	2786	3124	3445	3657	3757	3728	3608	3397	3164	2944	2766	2555	2392	2252	
6	1003	95.0	95.0	1	0	0	2	934	1115	1520	2098	2799	3332	3703	3906	3765	3658	3437	3171	2960	2733	2514	2412	2408	2519	2781	3108	3489	3688	3742	3716	3562	3351	3158	2972	2744	2536	2403	2231	
6	1021	94.9	95.0	1	0	0	2	929	1112	1522	2113	2780	3331	3704	3809	3803	3662	3412	3196	2948	2735	2502	2410	2374	2530	2803	3140	3473	3631	3753	3715	3608	3373	3170	2960	2780	2575	2383	2244	
6	1038	95.0	95.0	1	0	0	2	915	1108	1525	2130	2809	3365	3700	3829	3813	3672	3425	3235	2937	2744	2499	2450	2409	2532	2781	3093	3445	3642	3774	3723	3588	3387	3158	2979	2776	2537	2416	2248	
6	1055	95.0	95.0	1	0	0	2	920	1110	1502	2094	2788	3329	3705	3838	3804	3649	3419	3218	2930	2742	2533	2397	2406	2516	2797	3116	3447	3706	3748	3717	3614	3403	3177	2941	2766	2583	2363	2255	
6	1072	95.0	95.0	1	0	0	2	944	1128	1495	2140	2764	3339	3706	3847	3799	3646	3425	3225	2965	2752	2533	2422	2438	2525	2799	3071	3460	3662	3761	3685	3547	3425	3162	2943	2750	2562	2382	2278	
6	1090	94.9	95.0	1	0	0	2	934	1110	1492	2103	2752	3366	3711	3827	3788	3638	3436	3192	2933	2715	2501	2433	2424	2512	2766	3085	3438	3626	3753	3705	3568	3358	3150	2929	2733	2556	2397	2239	
6	1107	95.0	95.0	1	0	0	2	935	1110	1521	2122	2770	3339	3711	3850	3774	3667	3430	3200	2919	2693	2495	2394	2401	2519	2785	3086	3487	3689	3730	3741	3577	3383	3150	2952	2773	2573	2385	2254	
6	1124	95.0	95.0	1	0	0	2	924	1110	1521	2092	2774	3332	3674	3806	3768	3660	3418	3218	2924	2713	2530	2408	2403	2529	2773	3113	3451	3656	3755	3695	3579	3383	3102	2956	2739	2531	2395	2226	
6	1141	95.0	95.0	1	0	0	2	924	1117	1512	2118	2829	3366	3698	3843	3755	3666	3453	3205	2951	2718	2535	2419	2415	2549	2802	3119	3436	3643	3724	3682	3552	3380	3166	2945	2731	2536	2381	2217	
6	1159	95.0	95.0	1	0	0	2	920	1123	1506	2108	2810	3325	3690	3849	3774	3620	3389	3203	2963	2733	2503	2397	2382	2487	2782	3124	3424	3675	3783	3696	3533	3346	3109	2950	2765	2558	2385	2222	
6	1176	94.9	95.0	1	0	0	2	917	1075	1522	2109	2750	3349	3666	3836	3784	3644	3395	3208	2938	2722	2511	2422	2422	2512	2802	3098	3439	3641	3734	3692	3564	3400	3148	2951	2761	2541	2366	2225	
6	1193	95.0	95.0	1	0	0	2	920	1099	1507	2120	2773	3356	3680	3835	3731	3647	3449	3189	2971	2752	2486	2410	2387	2518	2814	3101	3455	3639	3729	3714	3532	3368	3133	2940	2735	2539	2395	2238	
6	1210	95.0	95.0	1	0	0	2	917	1128	1538	2091	2782	3354	3654	3825	3763	3665	3432	3180	2951	2718	2497	2433	2414	2523	2790	3084	3461	3627	3770	3708	3594	3394	3144	2894	2733	2520	2385	2204	
6	1228	95.0	95.0	1	0	0	2	929	1121	1505	2103	2768	3341	3685	3845	3800	3682	3400	3210	2974	2704	2482	2422	2388	2504	2783	3077	3437	3652	3750	3723	3600	3362	3150	2913	2760	2552	2401	2223	
6	1245	95.0	95.0	1	0	0	2	925	1104	1531	2123	2812	3343	3685	3836	3776	3648	3394	3183	2941	2713	2498	2419	2422	2510	2799	3090	3455	3658	3738	3699	3584	3382	3148	2920	2744	2553	2419	2237	
6	1262	94.9	95.0	1	0	0	2	936	1101	1532	2108	2752	3358	3665	3830	3814	3660	3424	3209	2959	2716	2532	2409	2432	2533	2808	3090	3456	3680	3735	3688	3574	3397	3133	2938	2730	2569	2396	2249	
6	1279	94.9	95.0	1	0	0	2	911	1082	1488	2103	2807	3331	3697	3852	3788	3636	3446	3176	2960	2734	2513	2384	2394	2517	2798	3116	3450	3641	3746	3687	3541	3409	3139	2921	2708	2559	2404	2210	
6	1323	95.0	95.0	1	1	0	2	921	1109	1497	2106	2797	3340	3688	3802	3756	3653	3438	3181	2910	2708	2485	2396	2414	2492	2813	3101	3420	3651	3757	3709	3581	3352	3143	2920	2757	2550	2374	2222	
6	1390	59.8	60.1	1	1	1	2	1018	1428	2295	3580	5010	6102	6723	6852	6611	6229	5688	5221	4681	4216	3744	3473	3279	3296	3574	3928	4362	4629	4788	4716	4515	4189	3886	3573	3302	3005	2771	2572	
6	1407	59.9	60.0	1	1	1	2	1028	1430	2306	3622	5012	6139	6760	6872	6634	6259	5761	5229	4712	4220	3772	3480	3284	3265	3554	3913	4378	4616	4749	4708	4502	4209	3908	3558	3310	2994	2802	2575	
6	1425	60.0	60.0	1	1	1	2	1014	1435	2297	3620	5007	6096	6683	6821	6617	6253	5708	5259	4686	4248	3729	3471	3274	3302	3605	3938	4348	4618	4761	4674	4503	4196	3855	3549	3283	2994	2782	2566	
6	1442	59.9	60.0	1	1	1	2	1012	1429	2304	3568	4982	6072	6667	6843	6608	6213	5726	5256	4677	4181	3734	3418	3279	3329	3546	3869	4361	4622	4748	4640	4512	4208	3844	3571	3268	2994	2764	2564	
6	1459	60.0	60.0	1	1	1	2	1012	1426	2297	3602	4992	6059	6661	6819	6569	6195	5692	5195	4665	4205	3744	3438	3296	3264	3568	3900	4347	4644	4691	4641	4489	4173	3852	3554	3245	2968	2757	2549	
6	1476	60.0	60.0	1	1	1	2	1000	1429	2310	3616	4967	6103	6670	6778	6580	6193	5668	5167	4693	4145	3747	3438	3269	3275	3547	3915	4331	4597	4761	4618	4465	4198	3873	3525	3273	3001	2764	2560	
6	1494	59.9	60.0	1	1	1	2	1012	1431	2324	3583	5014	6115	6669	6825	6583	6208	5724	5241	4661	4179	3760	3397	3249	3308	3572	3890	4349	4639	4721	4671	4493	4193	3856	3565	3276	2980	2768	2553	
6	1558	95.1	95.1	2	1	0	2	946	1114	1522	2120	2817	3381	3720	3879	3779	3692	3462	3216	2950	2734	2508	2436	2388	2518	2799	3080	3429	3637	3761	3653	3594	3363	3100	2925	2715	2526	2394	2217	
6	1575	95.0	95.0	2	1	0	2	918	1119	1513	2129	2771	3319	3668	3859	3748	3609	3403	3197	2922	2685	2497	2392	2382	2502	2766	3063	3377	3606	3687	3638	3529	3314	3073	2875	2707	2511	2353	2184	
6	1638	59.8	60.1	2	1	1	2	1017	1417	2276	3502	4914	5930	6509	6660	6421	6055	5519	5110	4548	4094	3642	3377	3225	3251	3508	3839	4242	4551	4641	4570	4391	4112	3807	3466	3194	2960	2723	2524	
6	1656	60.0	60.0	2	1	1	2	1004	1408	2256	3478	4869	5946	6530	6630	6355	6018	5557	5044	4583	4128	3652	3399	3208	3219	3550	3823	4254	4519	4651	4546	4368	4076	3783	3469	3190	2930	2728	2521	
6	1673	60.0	60.0	2	1	1	2	1002	1398	2275	3476	4828	5880	6437	6561	6347	5992	5472	5041	4495	4064	3625	3376	3221	3216	3488	3803	4200	4466	4596	4498	4334	4067	3752	3481	3205	2914	2686	2497	
6	1690	59.9	60.0	2	1	1	2	1001	1391	2261	3510	4844	5947	6505	6609	6411	6034	5555	5048	4544	4102	3634	3373	3204	3215	3475	3825	4227	4502	4629	4576	4363	4104	3796	3440	3217	2931	2724	2540	
6	1707	59.9	60.0	2	1	1	2	1011	1383	2254	3457	4850	5931	6532	6674	6393	6031	5560	5068	4559	4093	3658	3402	3179	3217	3467	3848	4252	4489	4645	4556	4408	4105	3772	3524	3212	2920	2727	2503	
6	1725	60.0	60.0	2	1	1	2	1006	1404	2266	3501	4869	5937	6481	6652	6399	6054	5560	5088	4562	4102	3653	3389	3202	3261	3466	3858	4290	4474	4650	4607	4378	4079	3763	3483	3172	2938	2722	2520	
6	1742	60.0	60.0	2	1	1	2	1016	1409	2239	3490	4848	5903	6521	6583	6407	6062	5595	5054	4514	4117	3680	3373	3217	3231	3472	3819	4209	4529	4625	4522	4340	4084	3771	3474	3209	2942	2743	2508	
6	1804	95.2	95.0	3	1	0	2	904	1094	1511	2081	2746	3281	3608	3746	3695	3539	3357	3132	2853	2645	2440	2353	2359	2457	2735	2997	3320	3513	3585	3587	3413	3231	2999	2824	2641	2433	2306	2141	
6	1822	95.0	95.0	3	1	0	2	916	1108	1490	2072	2706	3260	3536	3707	3645	3506	3289	3107	2845	2626	2439	2338	2324	2451	2691	2954	3236	3464	3539	3540	3383	3232	2990	2814	2616	2420	2279	2150	
6	1886	59.9	60.1	3	1	1	2	1002	1388	2216	3387	4707	5694	6219	6373	6124	5810	5342	4877	4401	3930	3552	3263	3099	3115	3382	3697	4092	4341	4482	4394	4188	3968	3641	3360	3108	2856	2637	2421	
6	1904	59.9	60.0	3	1	1	2	997	1382	2205	3401	4689	5723	6280	6413	6159	5833	5322	4881	4382	3965	3538	3272	3130	3156	3337	3692	4095	4364	4496	4432	4232	3941	3648	3371	3100	2840	2653	2418	
6	1921	60.0	60.0	3	1	1	2	1016	1400	2232	3404	4701	5758	6257	6393	6169	5870	5360	4936	4368	4001	3542	3283	3086	3160	3358	3690	4130	4312	4494	4469	4227	3980	3608	3366	3082	2852	2660	2444	
6	1938	60.0	60.0	3	1	1	2	1014	1399	2233	3464	4752	5768	6336	6415	6218	5897	5396	4939	4425	4017	3585	3277	3147	3145	3398	3741	4125	4401	4518	4438	4223	3982	3671	3403	3136	2866	2662	2467	
6	1955	60.0	60.0	3	1	1	2	1008	1390	2225	3404	4756	5742	6317	6473	6222	5858	5384	4891	4432	3976	3550	3329	3096	3130	3404	3715	4087	4364	4513	4441	4220	3981	3637	3360	3092	2837	2642	2446	
6	1973	60.0	60.0	3	1	1	2	1004	1409	2206	3427	4724	5737	6299	6458	6171	5826	5372	4910	4402	3918	3530	3264	3090	3144	3387	3723	4102	4367	4478	4385	4239	3918	3637	3349	3085	2867	2630	2447	
6	1990	60.0	60.0	3	1	1	2	1009	1397	2221	3410	4716	5695	6281	6404	6187	5835	5363	4895	4401	4015	3580	3292	3084	3160	3370	3699	4080	4348	4481	4446	4209	3949	3655	3355	3092	2826	2633	2472	
6	2053	95.0	95.1	4	1	0	2	917	1132	1490	2085	2720	3275	3583	3727	3688	3581	3330	3102	2869	2630	2436	2347	2337	2432	2704	2971	3299	3497	3620	3545	3431	3190	2991	2804	2667	2434	2302	2124	
6	2070	95.0	95.0	4	1	0	2	924	1108	1463	2048	2691	3246	3567	3673	3641	3498	3292	3081	2846	2594	2443	2343	2323	2432	2689	2944	3275	3468	3580	3508	3375	3225	2984	2797	2613	2406	2285	2115	
6	2133	59.9	60.1	4	1	1	2	993	1400	2198	3389	4664	5692	6238	6357	6128	5802	5329	4841	4378	3958	3514	3237	3076	3148	3346	3679	4117	4330	4453	4416	4204	3925	3589	3343	3099	2828	2616	2449	
6	2150	59.9	60.0	4	1	1	2	1011	1371	2208	3404	4718	5708	6251	6406	6181	5781	5331	4866	4376	3987	3560	3262	3108	3087	3384	3728	4120	4328	4506	4423	4183	3966	3675	3354	3115	2817	2624	2436	
6	2167	60.0	60.0	4	1	1	2	992	1408	2218	3400	4737	5730	6327	6432	6185	5846	5345	4861	4420	3968	3530	3271	3130	3128	3352	3701	4081	4353	4495	4426	4215	3985	3679	3366	3104	2850	2634	2430	
6	2184	60.0	60.0	4	1	1	2	1000	1383	2235	3412	4716	5754	6294	6399	6214	5837	5369	4911	4456	3974	3530	3262	3104	3112	3351	3727	4121	4339	4472	4431	4196	3918	3640	3358	3128	2833	2640	2482	
6	2202	60.0	60.0	4	1	1	2	1003	1387	2230	3393	4748	5735	6284	6427	6208	5800	5334	4901	4372	4002	3536	3257	3123	3123	3370	3693	4125	4351	4467	4444	4203	3959	3650	3351	3087	2806	2613	2457	
6	2219	60.0	60.0	4	1	1	2	1010	1390	2214	3413	4673	5702	6239	6407	6140	5844	5350	4860	4348	3905	3539	3266	3107	3109	3357	3662	4060	4347	4422	4358	4202	3940	3607	3316	3075	2831	2613	2427	
6	2236	60.0	60.0	4	1	1	2	1008	1397	2221	3382	4705	5715	6292	6424	6186	5818	5364	4857	4394	3958	3551	3297	3106	3160	3406	3720	4077	4364	4464	4406	4223	3966	3634	3365	3086	2842	2644	2448	
6	2299	95.0	95.0	5	1	0	2	915	1092	1494	2095	2691	3257	3563	3695	3637	3535	3330	3084	2848	2619	2417	2336	2325	2437	2690	2977	3271	3474	3584	3530	3379	3216	2985	2811	2599	2455	2267	2144	
6	2316	95.0	95.0	5	1	0	2	919	1120	1494	2073	2688	3218	3556	3675	3585	3467	3276	3089	2802	2598	2410	2307	2291	2470	2671	2942	3255	3439	3541	3534	3349	3150	2968	2801	2579	2400	2281	2145	
6	2379	59.9	60.1	5	1	1	2	999	1386	2209	3380	4675	5652	6273	6317	6147	5788	5316	4834	4369	3957	3473	3264	3101	3106	3339	3698	4081	4331	4428	4347	4203	3930	3610	3285	3053	2822	2632	2439	
6	2396	59.9	60.0	5	1	1	2	1031	1386	2232	3408	4716	5710	6275	6388	6142	5816	5318	4880	4382	3972	3527	3245	3104	3132	3375	3689	4103	4351	4470	4426	4199	3922	3596	3353	3100	2817	2623	2442	
6	2413	59.9	60.0	5	1	1	2	1004	1389	2210	3426	4688	5704	6260	6415	6181	5805	5313	4884	4346	3931	3511	3255	3131	3114	3374	3676	4070	4380	4433	4402	4265	3964	3626	3330	3045	2819	2605	2414	
6	2430	60.0	60.0	5	1	1	2	1004	1394	2239	3423	4739	5702	6285	6372	6163	5828	5381	4854	4361	3941	3538	3258	3086	3124	3356	3694	4076	4324	4452	4393	4225	3974	3622	3347	3100	2821	2637	2462	
6	2448	59.9	60.0	5	1	1	2	996	1399	2234	3404	4706	5700	6287	6409	6170	5857	5369	4900	4394	3947	3530	3294	3087	3126	3390	3690	4112	4335	4438	4382	4219	3972	3636	3350	3066	2819	2654	2410	
6	2465	60.0	60.0	5	1	1	2	990	1412	2222	3403	4693	5727	6291	6391	6163	5841	5332	4891	4369	3965	3538	3259	3103	3106	3344	3692	4089	4353	4416	4358	4201	3956	3655	3360	3090	2805	2591	2453	
6	2482	60.0	60.0	5	1	1	2	1007	1395	2192	3394	4699	5728	6217	6359	6187	5820	5336	4852	4353	3925	3499	3271	3101	3136	3369	3707	4100	4327	4491	4434	4186	3915	3605	3349	3061	2837	2625	2418	
6	2545	95.1	95.1	6	1	0	2	920	1099	1493	2092	2672	3256	3553	3710	3678	3557	3303	3111	2823	2647	2456	2345	2321	2423	2682	2961	3306	3449	3528	3534	3393	3211	3014	2775	2625	2417	2282	2119	
6	2562	95.0	95.0	6	1	0	2	912	1102	1491	2092	2688	3223	3569	3691	3625	3525	3307	3091	2836	2594	2392	2330	2340	2432	2652	2931	3267	3464	3530	3519	3380	3203	2982	2792	2592	2418	2284	2121	
6	2625	59.9	60.1	6	1	1	2	997	1390	2180	3401	4651	5723	6243	6372	6190	5825	5340	4916	4388	3909	3528	3251	3075	3138	3365	3662	4108	4337	4474	4375	4187	3958	3648	3301	3089	2790	2630	2454	
6	2642	60.0	60.0	6	1	1	2	992	1401	2192	3411	4689	5703	6270	6381	6196	5836	5376	4892	4384	3964	3542	3238	3113	3119	3371	3697	4049	4343	4475	4402	4194	3960	3642	3379	3082	2846	2629	2438	
6	2659	59.9	60.0	6	1	1	2	1008	1401	2248	3390	4733	5706	6296	6383	6169	5855	5340	4911	4422	3940	3556	3276	3123	3141	3341	3685	4100	4325	4465	4431	4211	3951	3598	3368	3087	2835	2628	2455	
6	2676	60.0	60.0	6	1	1	2	999	1398	2230	3443	4688	5740	6335	6445	6232	5887	5389	4967	4415	3982	3530	3251	3105	3150	3428	3682	4118	4332	4483	4434	4235	3942	3638	3341	3134	2840	2611	2433	
6	2694	59.9	60.0	6	1	1	2	1016	1422	2213	3413	4711	5704	6308	6441	6170	5838	5344	4889	4392	3956	3517	3235	3110	3102	3377	3712	4076	4284	4472	4384	4206	3940	3626	3352	3097	2848	2603	2400	
6	2711	59.9	60.0	6	1	1	2	986	1379	2217	3400	4683	5692	6266	6366	6144	5807	5359	4902	4378	3941	3498	3259	3077	3137	3367	3678	4089	4315	4467	4345	4194	3934	3661	3356	3076	2794	2644	2426	
6	2728	60.0	60.0	6	1	1	2	984	1390	2236	3427	4680	5736	6292	6396	6143	5817	5337	4879	4371	3935	3550	3256	3056	3108	3355	3712	4116	4314	4462	4433	4205	3926	3661	3367	3072	2827	2590	2433	
6	2793	95.0	95.1	7	1	0	2	910	1104	1472	2089	2704	3249	3567	3738	3588	3527	3322	3055	2840	2630	2436	2287	2321	2422	2658	2952	3246	3434	3529	3474	3367	3226	2970	2806	2613	2412	2265	2137	
6	2810	95.0	95.0	7	1	0	2	928	1095	1479	2068	2706	3197	3537	3668	3603	3488	3286	3086	2824	2621	2430	2322	2279	2389	2659	2952	3263	3445	3544	3489	3344	3176	2966	2796	2574	2397	2279	2113	
6	2873	59.9	60.1	7	1	1	2	1000	1404	2193	3358	4677	5642	6215	6367	6124	5785	5268	4855	4357	3947	3533	3244	3061	3094	3352	3668	4084	4335	4387	4358	4204	3906	3597	3323	3064	2832	2626	2417	
6	2890	59.9	60.0	7	1	1	2	1001	1396	2209	3372	4650	5669	6241	6394	6107	5809	5335	4861	4373	3937	3503	3226	3063	3070	3364	3696	4077	4276	4395	4350	4193	3952	3594	3340	3078	2826	2626	2406	
6	2907	60.0	60.0	7	1	1	2	998	1382	2213	3403	4701	5708	6247	6380	6142	5779	5299	4916	4392	3945	3518	3264	3120	3104	3357	3656	4091	4339	4466	4396	4209	3937	3575	3315	3082	2832	2612	2437	
6	2925	60.0	60.0	7	1	1	2	989	1389	2234	3395	4696	5714	6266	6381	6206	5806	5369	4894	4393	3959	3563	3251	3079	3125	3368	3694	4118	4328	4427	4392	4191	3937	3579	3337	3081	2855	2626	2436	
6	2942	60.0	60.0	7	1	1	2	1007	1385	2205	3383	4638	5686	6212	6324	6145	5759	5325	4892	4372	3953	3516	3263	3060	3122	3350	3674	4054	4308	4445	4379	4200	3940	3597	3320	3067	2825	2615	2412	
6	2959	60.0	60.0	7	1	1	2	1013	1378	2219	3371	4688	5660	6195	6399	6102	5754	5325	4826	4322	3914	3476	3234	3080	3120	3341	3670	4065	4291	4450	4370	4180	3909	3602	3314	3058	2824	2624	2416	
6	2976	60.0	60.0	7	1	1	2	1001	1386	2191	3398	4642	5639	6269	6335	6168	5807	5307	4866	4384	3959	3498	3220	3089	3104	3350	3656	4039	4301	4447	4331	4179	3921	3634	3357	3034	2828	2622	2423	
6	3041	95.0	95.1	8	1	0	2	916	1112	1493	2049	2693	3210	3535	3670	3616	3494	3303	3053	2801	2629	2393	2309	2296	2406	2643	2935	3252	3437	3514	3470	3354	3194	2948	2785	2571	2406	2291	2122	
6	3058	95.0	95.0	8	1	0	2	902	1102	1476	2053	2669	3183	3513	3629	3580	3464	3261	3060	2814	2591	2393	2328	2273	2380	2657	2934	3231	3416	3498	3471	3321	3169	2981	2743	2588	2380	2265	2082	
6	3121	59.9	60.1	8	1	1	2	1014	1360	2178	3322	4621	5614	6138	6216	6007	5689	5242	4768	4304	3918	3493	3207	3037	3053	3308	3651	3998	4248	4414	4279	4123	3879	3550	3297	3034	2776	2577	2412	
6	3138	60.0	60.0	8	1	1	2	987	1376	2155	3351	4570	5588	6177	6232	6051	5710	5237	4796	4311	3867	3443	3212	3045	3068	3321	3636	4022	4249	4397	4292	4091	3886	3569	3311	3064	2778	2596	2392	
6	3155	59.9	60.0	8	1	1	2	991	1373	2203	3368	4658	5624	6217	6284	6097	5763	5284	4838	4353	3942	3482	3244	3020	3100	3332	3664	4040	4312	4388	4356	4200	3912	3577	3316	3053	2812	2603	2407	
6	3173	60.0	60.0	8	1	1	2	993	1384	2171	3357	4605	5676	6138	6296	6081	5709	5284	4819	4346	3874	3477	3211	3071	3078	3300	3629	3976	4244	4376	4313	4122	3856	3539	3290	3044	2771	2580	2371	
6	3190	59.9	60.0	8	1	1	2	993	1388	2192	3354	4624	5621	6180	6237	6075	5704	5269	4780	4319	3898	3482	3224	3051	3089	3296	3627	4015	4279	4375	4307	4152	3885	3576	3300	3029	2828	2586	2399	
6	3207	59.9	60.0	8	1	1	2	1022	1357	2204	3342	4603	5630	6163	6276	6048	5687	5240	4784	4330	3886	3466	3204	3053	3108	3296	3633	3981	4260	4398	4282	4103	3833	3565	3286	3054	2788	2600	2379	
6	3224	60.0	60.0	8	1	1	2	1000	1373	2211	3353	4602	5595	6163	6301	6024	5730	5263	4789	4316	3896	3443	3194	3073	3033	3279	3630	4037	4262	4362	4320	4126	3866	3592	3286	3017	2793	2571	2385	
6	3287	95.1	95.0	9	1	0	2	918	1104	1476	2058	2670	3208	3484	3615	3576	3451	3265	3008	2822	2598	2400	2302	2302	2372	2615	2936	3245	3377	3492	3434	3333	3157	2920	2733	2578	2377	2265	2096	
6	3304	95.0	95.0	9	1	0	2	914	1098	1464	2028	2617	3191	3509	3611	3577	3474	3247	3009	2817	2571	2386	2290	2273	2400	2633	2903	3214	3389	3522	3417	3312	3116	2951	2719	2576	2364	2248	2122	
6	3367	59.8	60.1	9	1	1	2	1003	1360	2191	3313	4623	5599	6180	6292	6046	5695	5237	4819	4291	3888	3458	3230	3049	3060	3278	3631	4014	4252	4384	4325	4108	3854	3574	3301	3050	2776	2585	2416	
6	3384	60.0	60.0	9	1	1	2	1006	1381	2164	3360	4613	5573	6207	6249	6048	5743	5248	4811	4327	3903	3466	3245	3032	3072	3298	3599	4022	4262	4402	4323	4079	3903	3560	3292	3020	2769	2619	2409	
6	3401	60.0	60.0	9	1	1	2	997	1372	2181	3349	4606	5645	6178	6278	6074	5718	5281	4815	4310	3904	3474	3211	3064	3057	3319	3623	4010	4263	4399	4321	4140	3883	3565	3308	3025	2783	2579	2423	
6	3419	59.9	60.0	9	1	1	2	988	1368	2187	3368	4594	5588	6132	6286	6062	5741	5250	4836	4309	3894	3454	3218	3067	3050	3325	3612	4034	4228	4367	4356	4113	3911	3568	3306	3038	2776	2601	2371	
6	3436	60.0	60.0	9	1	1	2	1007	1383	2189	3352	4625	5635	6162	6283	6075	5754	5307	4845	4332	3904	3456	3209	3048	3088	3316	3628	4032	4270	4389	4350	4153	3848	3577	3303	3076	2767	2591	2402	
6	3453	59.9	60.0	9	1	1	2	1002	1363	2169	3353	4597	5575	6133	6257	6035	5726	5261	4810	4313	3894	3473	3244	3033	3050	3295	3604	4033	4236	4342	4315	4188	3873	3539	3314	3055	2809	2588	2390	
6	3470	59.9	60.0	9	1	1	2	998	1379	2184	3332	4611	5571	6085	6250	6037	5679	5227	4773	4274	3895	3448	3213	3053	3054	3319	3625	3972	4241	4340	4294	4146	3899	3548	3287	2980	2752	2573	2369	
6	3533	95.1	95.0	10	1	0	2	915	1111	1495	2045	2697	3207	3534	3649	3619	3482	3304	3050	2812	2594	2397	2324	2286	2405	2621	2894	3207	3388	3488	3442	3315	3147	2953	2739	2567	2385	2238	2111	
6	3550	94.9	95.0	10	1	0	2	921	1087	1476	2033	2643	3162	3492	3625	3576	3465	3200	3027	2780	2547	2397	2292	2284	2372	2622	2911	3190	3389	3467	3433	3338	3146	2931	2747	2559	2400	2240	2076	
6	3613	59.7	60.1	10	1	1	2	993	1381	2162	3305	4506	5490	6044	6178	5924	5648	5171	4723	4250	3851	3433	3154	3028	3064	3264	3578	4009	4205	4313	4271	4072	3826	3534	3268	3017	2744	2544	2397	
6	3630	60.0	60.0	10	1	1	2	997	1371	2158	3302	4526	5580	6066	6205	5965	5600	5174	4762	4283	3845	3470	3168	2993	3062	3275	3578	3980	4224	4348	4301	4079	3846	3550	3262	3020	2785	2578	2380	
6	3648	59.9	60.0	10	1	1	2	992	1380	2168	3321	4581	5586	6147	6250	6025	5681	5252	4778	4271	3861	3462	3205	3030	3096	3313	3636	4001	4267	4356	4286	4138	3859	3566	3242	3016	2781	2596	2378	
6	3665	60.0	60.0	10	1	1	2	1007	1380	2165	3311	4559	5554	6086	6213	5984	5688	5223	4756	4303	3855	3417	3180	3016	3026	3261	3585	4002	4202	4355	4280	4122	3853	3524	3228	2971	2755	2581	2352	
6	3682	60.0	60.0	10	1	1	2	1008	1383	2182	3330	4554	5508	6045	6196	5964	5672	5197	4719	4251	3844	3444	3165	3000	3035	3256	3578	3971	4234	4340	4245	4051	3836	3514	3267	3012	2777	2559	2361	
6	3699	60.0	60.0	10	1	1	2	993	1377	2175	3313	4563	5532	6042	6240	5928	5635	5200	4698	4224	3828	3385	3169	3025	3030	3258	3557	3963	4176	4356	4261	4088	3822	3549	3259	3019	2734	2570	2384	
6	3717	60.0	60.0	10	1	1	2	988	1383	2162	3337	4553	5489	6097	6188	6004	5668	5157	4746	4244	3807	3411	3185	3015	2984	3254	3588	3945	4227	4304	4240	4065	3816	3528	3237	3005	2722	2558	2375	
6	3779	95.0	95.0	11	1	0	2	913	1102	1464	2036	2651	3186	3478	3632	3596	3442	3220	3017	2759	2583	2396	2303	2262	2376	2604	2895	3182	3389	3483	3429	3286	3116	2923	2705	2572	2397	2234	2096	
6	3796	95.0	95.0	11	1	0	2	906	1104	1495	2046	2632	3144	3458	3621	3531	3418	3218	2993	2793	2544	2387	2264	2264	2387	2609	2904	3180	3383	3442	3415	3285	3099	2877	2724	2569	2371	2213	2100	
6	3859	59.7	60.1	11	1	1	2	1003	1370	2165	3282	4533	5489	6057	6098	5924	5640	5135	4699	4216	3797	3377	3178	3020	3025	3254	3537	3952	4212	4338	4216	4112	3779	3519	3241	2957	2748	2560	2388	
6	3876	59.9	60.0	11	1	1	2	993	1358	2169	3305	4555	5502	6064	6170	5973	5625	5135	4737	4249	3846	3419	3128	2980	3021	3258	3573	3967	4208	4316	4269	4050	3827	3514	3249	2994	2759	2530	2385	
6	3894	59.9	60.0	11	1	1	2	1000	1366	2156	3311	4582	5552	6079	6209	5938	5660	5193	4729	4253	3854	3452	3165	3022	3034	3270	3564	3967	4193	4327	4241	4057	3821	3514	3219	3001	2738	2564	2379	
6	3911	60.0	60.0	11	1	1	2	991	1371	2145	3296	4542	5476	6058	6181	5937	5639	5151	4719	4261	3838	3382	3153	2979	3025	3247	3577	3920	4195	4301	4234	4076	3829	3518	3221	2988	2763	2548	2401	
6	3928	60.0	60.0	11	1	1	2	998	1375	2137	3281	4493	5517	6035	6169	5952	5581	5151	4706	4212	3823	3433	3154	3016	3025	3237	3580	3929	4180	4304	4242	4086	3826	3526	3246	2972	2732	2541	2375	
6	3945	60.0	60.0	11	1	1	2	1001	1380	2179	3327	4547	5527	6058	6204	5963	5622	5168	4725	4278	3805	3419	3149	3030	3022	3278	3567	3968	4209	4310	4257	4038	3799	3520	3237	2986	2766	2527	2377	
6	3963	59.9	60.0	11	1	1	2	994	1356	2167	3330	4532	5468	6024	6174	5933	5594	5143	4728	4254	3818	3417	3138	2992	3014	3251	3583	3894	4145	4322	4273	4067	3772	3542	3256	2960	2751	2567	2375	
6	4027	95.1	95.1	12	1	0	2	933	1098	1477	2031	2622	3140	3475	3598	3575	3425	3228	3007	2750	2566	2376	2282	2278	2360	2607	2910	3182	3325	3414	3393	3262	3076	2920	2715	2530	2376	2226	2098	
6	4044	95.0	95.0	12	1	0	2	912	1096	1481	2017	2628	3120	3429	3561	3515	3417	3204	2979	2761	2560	2372	2265	2288	2393	2586	2886	3188	3399	3427	3385	3302	3098	2926	2682	2522	2357	2234	2045	
6	4107	59.8	60.1	12	1	1	2	997	1361	2146	3274	4520	5465	6041	6152	5979	5597	5159	4728	4225	3809	3414	3149	2997	3001	3268	3581	3961	4212	4316	4228	4067	3792	3490	3262	2982	2752	2558	2396	
6	4124	59.9	60.0	12	1	1	2	1007	1366	2184	3295	4561	5491	6082	6163	5969	5615	5175	4716	4220	3797	3397	3153	3007	3011	3269	3578	3953	4226	4371	4276	4060	3872	3520	3254	3027	2756	2555	2406	
6	4142	59.9	60.0	12	1	1	2	1000	1354	2152	3330	4550	5550	6133	6199	5984	5661	5205	4775	4252	3845	3458	3202	3009	3044	3282	3585	3934	4195	4338	4273	4085	3845	3570	3261	3006	2767	2585	2387	
6	4159	59.9	60.0	12	1	1	2	997	1378	2194	3358	4557	5551	6111	6212	6022	5645	5192	4753	4292	3888	3430	3191	3070	3045	3308	3612	3960	4257	4365	4284	4074	3863	3549	3266	3028	2757	2599	2391	
6	4176	59.9	60.0	12	1	1	2	1018	1360	2168	3297	4540	5539	6058	6199	6004	5698	5209	4755	4241	3840	3442	3161	3015	3044	3255	3538	3962	4205	4325	4263	4080	3820	3527	3278	3028	2734	2578	2355	
6	4193	59.9	60.0	12	1	1	2	997	1364	2156	3297	4560	5516	6000	6197	6007	5596	5145	4729	4223	3817	3399	3165	3000	3032	3277	3558	3959	4186	4287	4273	4073	3800	3523	3246	2984	2766	2527	2378	
6	4211	60.0	60.0	12	1	1	2	997	1372	2171	3306	4548	5500	6030	6180	5903	5571	5070	4688	4238	3815	3409	3146	3004	3032	3200	3567	3958	4148	4302	4206	4043	3790	3489	3217	2971	2723	2549	2354	
6	4273	95.0	95.0	13	1	0	2	911	1105	1473	2044	2644	3182	3466	3590	3559	3454	3190	2998	2789	2588	2383	2290	2263	2394	2600	2898	3220	3336	3477	3406	3295	3096	2930	2691	2548	2372	2223	2085	
6	4291	95.0	95.0	13	1	0	2	910	1078	1458	2031	2643	3130	3436	3564	3533	3370	3186	3000	2752	2551	2365	2282	2252	2344	2585	2882	3138	3350	3456	3391	3266	3076	2873	2704	2505	2351	2215	2073	
6	4353	59.8	60.1	13	1	1	2	990	1396	2188	3268	4530	5526	5969	6120	5903	5601	5166	4699	4263	3805	3409	3159	2985	3029	3267	3569	3930	4170	4287	4224	4057	3838	3511	3233	2956	2719	2555	2369	
6	4371	59.9	60.0	13	1	1	2	991	1362	2126	3273	4532	5522	6086	6121	5910	5586	5144	4699	4260	3863	3377	3162	2999	3035	3242	3567	3963	4156	4313	4233	4037	3845	3513	3214	2992	2723	2547	2339	
6	4388	60.0	60.0	13	1	1	2	1001	1370	2167	3318	4609	5553	6102	6177	5970	5708	5204	4768	4283	3837	3479	3165	3024	3056	3264	3572	3970	4196	4339	4318	4097	3842	3528	3244	2994	2764	2563	2394	
6	4405	59.9	60.0	13	1	1	2	1001	1390	2162	3311	4545	5512	6044	6202	5993	5652	5161	4713	4216	3811	3419	3157	3004	3034	3253	3552	3928	4189	4329	4245	4056	3802	3510	3219	3001	2749	2560	2340	
6	4422	60.0	60.0	13	1	1	2	1002	1372	2160	3268	4507	5522	6028	6160	5869	5630	5108	4748	4230	3832	3401	3126	3001	2982	3239	3570	3947	4180	4280	4223	4056	3815	3491	3232	3000	2704	2530	2353	
6	4440	59.9	60.0	13	1	1	2	1001	1369	2132	3297	4551	5504	6003	6148	5910	5589	5145	4679	4222	3803	3384	3135	2966	3021	3212	3580	3959	4189	4260	4212	4032	3794	3498	3218	2958	2709	2531	2353	
6	4457	60.0	60.0	13	1	1	2	992	1373	2112	3278	4503	5506	5998	6151	5923	5550	5162	4726	4226	3816	3427	3130	2984	3027	3228	3548	3962	4181	4273	4233	4041	3784	3507	3223	3027	2734	2544	2344	
6	4519	95.0	95.0	14	1	0	2	916	1091	1457	2015	2616	3173	3463	3579	3538	3417	3226	3006	2759	2567	2364	2282	2250	2357	2584	2855	3194	3336	3455	3388	3271	3096	2885	2706	2521	2360	2254	2061	
6	4537	95.0	95.0	14	1	0	2	919	1087	1465	2020	2609	3111	3440	3551	3553	3404	3192	2995	2743	2568	2336	2246	2274	2349	2577	2821	3172	3336	3403	3403	3287	3105	2879	2692	2525	2371	2218	2074	
6	4599	59.8	60.1	14	1	1	2	995	1350	2136	3241	4490	5447	5979	6113	5829	5555	5117	4694	4237	3813	3386	3100	3008	2984	3229	3530	3916	4169	4259	4230	4062	3789	3479	3209	2982	2725	2535	2341	
6	4617	59.9	60.0	14	1	1	2	990	1351	2156	3259	4495	5469	5983	6128	5877	5578	5148	4710	4226	3790	3368	3139	3011	2996	3240	3572	3936	4187	4270	4254	4048	3800	3479	3246	2962	2720	2545	2352	
6	4634	60.0	60.0	14	1	1	2	991	1343	2158	3281	4545	5489	6026	6154	5985	5594	5192	4725	4238	3816	3411	3177	2971	3024	3253	3612	3968	4193	4273	4260	4040	3795	3488	3265	2992	2755	2522	2348	
6	4651	59.9	60.0	14	1	1	2	1000	1355	2191	3298	4534	5475	6016	6150	5921	5586	5148	4695	4193	3809	3385	3152	2963	3005	3242	3534	3961	4175	4367	4223	4049	3795	3500	3199	2983	2715	2542	2354	
6	4668	59.9	60.0	14	1	1	2	995	1374	2133	3276	4506	5451	5961	6130	5887	5567	5130	4678	4213	3810	3398	3148	2957	3003	3223	3541	3939	4162	4239	4249	4061	3794	3470	3212	2965	2736	2536	2397	
6	4686	59.9	60.0	14	1	1	2	992	1353	2159	3315	4501	5452	6036	6161	5880	5596	5120	4712	4237	3785	3394	3133	2988	3042	3231	3542	3934	4138	4250	4176	4027	3759	3451	3224	2950	2736	2519	2333	
6	4703	59.9	60.0	14	1	1	2	1003	1350	2171	3278	4495	5452	5948	6086	5932	5589	5147	4694	4264	3789	3387	3148	2995	3022	3179	3518	3920	4158	4296	4229	4014	3780	3509	3243	2982	2737	2528	2355	
6	4766	95.0	95.0	15	1	0	2	929	1113	1447	2013	2640	3175	3434	3619	3513	3434	3247	3021	2745	2583	2356	2267	2258	2351	2622	2868	3168	3380	3409	3379	3270	3075	2914	2701	2507	2333	2211	2079	
6	4783	95.0	95.0	15	1	0	2	909	1084	1453	1999	2607	3110	3442	3574	3474	3401	3202	2985	2740	2529	2329	2264	2246	2342	2591	2842	3158	3348	3393	3356	3225	3072	2874	2672	2508	2339	2218	2055	
6	4846	60.0	60.1	15	1	1	2	1015	1350	2146	3300	4446	5424	5999	6116	5863	5545	5100	4682	4228	3780	3394	3150	2974	3023	3231	3502	3900	4162	4287	4204	4014	3756	3476	3219	2973	2761	2562	2360	
6	4863	59.9	60.0	15	1	1	2	985	1352	2138	3305	4521	5480	6016	6109	5858	5592	5149	4697	4249	3818	3409	3144	2967	3023	3246	3547	3916	4151	4347	4192	4059	3799	3510	3246	2976	2724	2537	2358	
6	4880	60.0	60.0	15	1	1	2	1006	1374	2138	3307	4518	5503	6068	6159	5987	5619	5132	4752	4215	3808	3392	3160	3008	3001	3233	3546	3953	4175	4274	4265	4041	3810	3475	3220	2984	2735	2514	2354	
6	4897	59.9	60.0	15	1	1	2	992	1365	2176	3283	4508	5489	6006	6140	5911	5598	5150	4638	4213	3797	3368	3146	2986	2997	3243	3576	3922	4192	4261	4219	4051	3816	3487	3220	2954	2732	2530	2346	
6	4915	60.0	60.0	15	1	1	2	984	1349	2148	3276	4518	5404	6031	6086	5864	5603	5161	4676	4221	3814	3415	3124	2993	3007	3233	3561	3941	4146	4260	4236	4021	3805	3477	3233	2986	2728	2533	2345	
6	4932	59.9	60.0	15	1	1	2	997	1343	2142	3271	4509	5434	5991	6076	5910	5551	5120	4667	4213	3835	3420	3132	2994	3027	3232	3537	3900	4177	4319	4195	4055	3785	3489	3243	2978	2736	2537	2361	
6	4949	60.0	60.0	15	1	1	2	1006	1354	2150	3304	4521	5466	5949	6126	5927	5545	5096	4652	4204	3790	3423	3163	2986	3003	3248	3508	3924	4156	4304	4197	4054	3792	3487	3239	2967	2735	2529	2368	
6	5012	94.9	95.0	16	1	0	2	898	1088	1489	2023	2643	3123	3408	3562	3554	3385	3194	3036	2737	2506	2338	2255	2229	2347	2574	2836	3185	3327	3435	3384	3244	3085	2871	2730	2541	2350	2194	2061	
6	5029	95.0	95.0	16	1	0	2	910	1097	1458	2019	2613	3115	3471	3582	3507	3388	3166	3004	2709	2546	2357	2290	2239	2333	2594	2872	3143	3317	3417	3351	3269	3063	2859	2647	2521	2355	2209	2065	
6	5092	59.9	60.1	16	1	1	2	989	1355	2131	3268	4484	5435	6001	6062	5876	5547	5074	4648	4215	3807	3393	3132	2986	2978	3218	3542	3916	4158	4285	4202	4018	3747	3477	3218	2961	2736	2541	2363	
6	5109	59.9	60.0	16	1	1	2	992	1384	2150	3283	4516	5439	5980	6083	5890	5562	5100	4671	4190	3808	3388	3132	2937	3005	3243	3516	3923	4138	4256	4208	4046	3752	3462	3178	2963	2716	2524	2332	
6	5126	59.9	60.0	16	1	1	2	989	1369	2157	3273	4498	5490	6020	6136	5901	5587	5085	4695	4210	3816	3402	3159	2971	3021	3245	3545	3928	4134	4290	4181	4025	3766	3514	3210	2961	2724	2579	2356	
6	5143	60.0	60.0	16	1	1	2	1004	1349	2157	3249	4524	5442	6002	6113	5916	5562	5121	4698	4232	3830	3392	3154	2994	3023	3245	3536	3902	4140	4290	4200	4032	3765	3495	3210	2963	2724	2530	2352	
6	5161	60.0	60.0	16	1	1	2	1001	1367	2158	3274	4484	5449	5992	6077	5890	5589	5090	4710	4192	3785	3371	3137	2991	3016	3192	3540	3957	4161	4274	4206	4072	3782	3508	3192	2976	2723	2524	2357	
6	5178	60.0	60.0	16	1	1	2	1012	1355	2141	3289	4482	5422	6002	6104	5843	5550	5124	4628	4238	3823	3385	3113	2948	2976	3214	3553	3939	4118	4241	4186	4035	3759	3471	3219	2970	2734	2520	2324	
6	5195	59.9	60.0	16	1	1	2	1014	1385	2141	3284	4487	5461	6007	6122	5895	5560	5131	4699	4195	3826	3420	3134	2981	3030	3230	3575	3926	4162	4293	4181	4066	3797	3513	3222	2968	2757	2522	2360	
6	5258	95.0	95.1	17	1	0	2	918	1081	1456	2004	2621	3111	3457	3594	3533	3395	3160	3018	2773	2573	2342	2267	2239	2349	2543	2832	3141	3324	3401	3361	3277	3082	2900	2722	2509	2356	2233	2030	
6	5275	95.0	95.0	17	1	0	2	921	1085	1461	2006	2595	3116	3430	3578	3545	3349	3196	2950	2725	2549	2354	2274	2209	2345	2576	2872	3144	3336	3406	3346	3248	3071	2875	2709	2539	2355	2211	2059	
6	5338	60.0	60.1	17	1	1	2	959	1356	2118	3233	4482	5387	5940	6067	5835	5497	5048	4651	4146	3786	3360	3115	2970	2980	3185	3533	3918	4127	4227	4197	4023	3762	3481	3199	2951	2711	2519	2359	
6	5355	59.9	60.0	17	1	1	2	992	1354	2131	3264	4479	5481	5957	6086	5879	5549	5106	4654	4200	3801	3382	3091	2978	3019	3216	3555	3926	4140	4280	4207	4007	3764	3457	3209	2973	2686	2509	2340	
6	5372	59.9	60.0	17	1	1	2	997	1351	2157	3280	4489	5404	5941	6076	5887	5563	5074	4654	4184	3772	3388	3124	2996	2966	3217	3564	3895	4107	4230	4221	3985	3779	3451	3208	2948	2712	2544	2349	
6	5390	59.9	60.0	17	1	1	2	1011	1355	2135	3253	4499	5411	5978	6131	5866	5550	5102	4663	4180	3797	3366	3126	2977	3007	3203	3536	3906	4116	4209	4218	4021	3758	3464	3176	2957	2727	2535	2336	
6	5407	60.0	60.0	17	1	1	2	992	1370	2159	3287	4510	5464	5997	6145	5887	5582	5111	4693	4212	3807	3374	3164	2978	3014	3265	3584	3935	4184	4318	4230	4058	3766	3477	3200	3006	2709	2553	2345	
6	5424	60.0	60.0	17	1	1	2	990	1342	2148	3231	4474	5387	5898	6077	5825	5500	5100	4638	4165	3703	3337	3081	2971	2969	3200	3493	3878	4093	4233	4186	4005	3728	3454	3174	2930	2690	2544	2334	
6	5441	60.0	60.0	17	1	1	2	1002	1356	2146	3263	4457	5360	5993	6021	5835	5519	5036	4666	4208	3784	3400	3115	2964	2981	3200	3495	3906	4116	4254	4194	3957	3756	3453	3224	2978	2730	2530	2330	
6	5504	95.0	95.0	18	1	0	2	901	1098	1466	2004	2640	3085	3419	3543	3510	3389	3205	2942	2743	2533	2357	2249	2230	2334	2555	2839	3128	3322	3418	3364	3249	3074	2881	2666	2525	2332	2190	2045	
6	5521	95.0	95.0	18	1	0	2	894	1102	1458	2005	2597	3105	3395	3560	3476	3370	3216	2956	2721	2546	2317	2236	2250	2349	2572	2835	3123	3293	3362	3323	3240	3053	2858	2660	2508	2279	2202	2058	
6	5584	59.9	60.1	18	1	1	2	990	1372	2143	3246	4430	5440	5925	6039	5788	5544	5083	4611	4154	3745	3363	3106	2950	2945	3230	3525	3887	4131	4244	4170	3991	3751	3442	3178	2967	2742	2488	2351	
6	5601	59.9	60.0	18	1	1	2	993	1343	2128	3235	4446	5390	5989	6088	5855	5556	5104	4682	4164	3767	3366	3134	2962	2975	3219	3533	3886	4115	4274	4215	4015	3765	3430	3226	2970	2704	2511	2338	
6	5618	59.9	60.0	18	1	1	2	985	1360	2145	3240	4496	5444	5963	6114	5855	5556	5101	4650	4171	3789	3387	3141	2951	2998	3212	3524	3904	4105	4264	4222	4031	3767	3477	3208	2948	2716	2528	2349	
6	5636	60.0	60.0	18	1	1	2	966	1353	2170	3252	4524	5441	5974	6047	5846	5542	5104	4706	4169	3803	3370	3128	2999	2996	3232	3556	3929	4120	4238	4239	4018	3783	3471	3210	2950	2704	2537	2327	
6	5653	59.9	60.0	18	1	1	2	973	1355	2129	3261	4497	5455	5945	6086	5823	5542	5087	4650	4199	3776	3395	3106	2953	3004	3234	3545	3872	4129	4232	4193	4039	3768	3471	3204	2943	2683	2521	2356	
6	5670	60.0	60.0	18	1	1	2	986	1344	2151	3259	4463	5376	5922	6031	5859	5534	5089	4653	4180	3759	3384	3123	2959	2990	3243	3491	3912	4178	4227	4145	3991	3717	3440	3223	2948	2729	2520	2334	
6	5687	60.0	60.0	18	1	1	2	999	1346	2151	3249	4472	5482	5952	6113	5860	5583	5110	4638	4194	3800	3390	3121	2971	2977	3212	3552	3926	4139	4268	4150	4031	3759	3457	3201	2927	2703	2538	2380	
6	5750	95.0	95.1	19	1	0	2	902	1084	1453	1992	2623	3111	3431	3562	3493	3383	3183	2975	2751	2518	2332	2240	2265	2322	2576	2845	3122	3315	3415	3339	3211	3080	2883	2712	2498	2341	2190	2029	
6	5767	95.0	95.0	19	1	0	2	905	1090	1445	1967	2621	3095	3414	3513	3510	3398	3174	2932	2719	2543	2345	2263	2220	2328	2562	2854	3121	3315	3376	3344	3207	3056	2841	2674	2503	2347	2185	2052	
6	5830	59.9	60.1	19	1	1	2	995	1370	2130	3243	4436	5389	5900	6029	5823	5494	5082	4626	4206	3753	3343	3104	2940	2973	3226	3520	3897	4100	4226	4156	3952	3730	3456	3162	2937	2703	2515	2343	
6	5847	59.9	60.0	19	1	1	2	992	1350	2152	3226	4493	5450	5998	6100	5926	5548	5097	4624	4235	3786	3405	3129	2967	2957	3274	3522	3860	4139	4283	4229	4040	3752	3495	3207	2986	2703	2518	2356	
6	5864	59.9	60.0	19	1	1	2	994	1361	2153	3263	4464	5491	5979	6131	5950	5583	5119	4724	4198	3767	3385	3182	2990	3017	3238	3535	3914	4179	4275	4224	4003	3765	3476	3248	2943	2736	2515	2347	
6	5882	60.0	60.0	19	1	1	2	999	1359	2132	3299	4525	5460	5976	6071	5853	5544	5144	4699	4212	3784	3408	3157	2940	3041	3200	3518	3932	4156	4269	4229	4052	3799	3461	3197	2963	2718	2531	2351	
6	5899	60.0	60.0	19	1	1	2	984	1356	2119	3232	4465	5416	5917	6048	5825	5494	5078	4672	4149	3710	3376	3133	2924	2965	3206	3488	3892	4129	4247	4171	3986	3705	3462	3152	2944	2706	2508	2332	
6	5916	60.0	60.0	19	1	1	2	993	1351	2125	3251	4502	5391	6021	6114	5856	5518	5095	4643	4190	3763	3389	3130	2977	3033	3196	3516	3903	4111	4233	4164	3975	3729	3467	3193	2973	2735	2527	2325	
6	5933	60.0	60.0	19	1	1	2	983	1358	2150	3276	4456	5408	5972	6080	5843	5551	5100	4635	4168	3773	3370	3118	2955	2987	3196	3530	3908	4119	4183	4191	4019	3740	3498	3172	2979	2690	2514	2352	
6	5996	95.0	95.0	20	1	0	2	914	1088	1457	2014	2632	3136	3481	3558	3519	3412	3189	2964	2746	2514	2323	2245	2243	2318	2574	2870	3155	3333	3416	3369	3269	3116	2864	2657	2534	2327	2191	2063	
6	6013	95.0	95.0	20	1	0	2	912	1085	1445	2007	2594	3082	3418	3484	3513	3367	3163	2981	2718	2517	2348	2234	2224	2323	2575	2832	3096	3289	3399	3337	3229	3054	2859	2676	2507	2322	2201	2045	
6	6076	59.8	60.1	20	1	1	2	994	1366	2079	3229	4476	5415	5922	6061	5820	5476	5076	4639	4166	3757	3368	3132	2939	2986	3196	3526	3915	4097	4257	4192	3976	3725	3411	3203	2968	2694	2511	2348	
6	6093	59.9	60.0	20	1	1	2	991	1352	2107	3264	4442	5404	5975	6088	5826	5518	5090	4641	4174	3761	3355	3114	2985	2990	3193	3506	3881	4108	4245	4126	4005	3746	3474	3213	2938	2708	2504	2330	
6	6111	59.9	60.0	20	1	1	2	990	1356	2188	3278	4497	5440	6013	6080	5906	5566	5117	4673	4201	3787	3414	3148	2966	3011	3209	3573	3925	4154	4240	4226	4060	3765	3482	3198	2966	2735	2521	2366	
6	6128	60.0	60.0	20	1	1	2	991	1358	2127	3217	4488	5419	5982	6095	5866	5511	5121	4624	4181	3805	3356	3116	2923	2998	3215	3512	3875	4140	4255	4199	4024	3750	3511	3198	2925	2709	2550	2353	
6	6145	59.9	60.0	20	1	1	2	985	1353	2129	3247	4466	5455	5987	6100	5864	5545	5104	4658	4212	3782	3379	3130	2972	3038	3202	3518	3908	4128	4275	4194	4000	3774	3460	3225	2944	2715	2478	2324	
6	6162	60.0	60.0	20	1	1	2	998	1370	2142	3229	4435	5416	5932	6092	5780	5496	5101	4612	4124	3754	3358	3100	2982	2962	3201	3486	3889	4066	4279	4182	3978	3749	3482	3189	2932	2684	2499	2331	
6	6180	60.0	60.0	20	1	1	2	991	1355	2143	3225	4433	5397	5908	5996	5826	5549	5030	4614	4145	3755	3330	3085	2950	2958	3187	3510	3877	4105	4204	4139	3988	3715	3433	3208	2920	2681	2518	2365	
6	6244	95.1	95.1	21	1	0	2	910	1067	1477	2021	2604	3120	3453	3590	3508	3392	3173	2964	2677	2567	2353	2246	2234	2335	2567	2827	3137	3294	3432	3330	3236	3067	2866	2696	2513	2368	2191	2052	
6	6261	95.0	95.0	21	1	0	2	907	1094	1439	1978	2589	3083	3452	3506	3466	3352	3137	2929	2712	2540	2350	2243	2239	2351	2570	2843	3122	3291	3382	3344	3210	3065	2840	2677	2507	2328	2198	2042	
6	6324	59.9	60.1	21	1	1	2	1014	1355	2112	3235	4480	5358	5888	6042	5831	5501	5039	4622	4157	3765	3352	3128	2923	2961	3205	3469	3895	4112	4235	4159	3998	3748	3480	3206	2949	2686	2491	2353	
6	6341	60.0	60.0	21	1	1	2	979	1346	2154	3259	4462	5386	5940	6079	5871	5538	5075	4669	4149	3765	3345	3116	2962	2966	3217	3516	3946	4117	4272	4175	3999	3797	3421	3210	2941	2717	2507	2328	
6	6359	59.9	60.0	21	1	1	2	1001	1340	2129	3249	4468	5451	5914	6095	5896	5547	5092	4689	4238	3792	3374	3142	2951	2970	3231	3577	3886	4111	4239	4145	4030	3768	3455	3199	2957	2713	2545	2336	
6	6376	60.0	60.0	21	1	1	2	990	1369	2116	3264	4465	5428	5979	6068	5866	5541	5070	4677	4216	3777	3400	3095	2971	2974	3216	3512	3899	4143	4229	4172	4009	3770	3460	3212	2982	2738	2455	2326	
6	6393	59.9	60.0	21	1	1	2	987	1340	2118	3258	4463	5401	5925	6019	5836	5530	5071	4609	4152	3796	3337	3113	2934	2958	3208	3487	3884	4115	4251	4177	3979	3704	3458	3164	2947	2691	2523	2332	
6	6410	60.0	60.0	21	1	1	2	1001	1363	2137	3259	4449	5443	5961	6090	5829	5494	5072	4624	4204	3748	3357	3107	2991	2953	3204	3502	3862	4103	4235	4174	4016	3728	3464	3175	2919	2728	2545	2315	
6	6428	60.0	60.0	21	1	1	2	989	1357	2112	3228	4457	5385	5967	6042	5869	5526	5052	4642	4163	3754	3343	3085	2965	2966	3193	3476	3897	4070	4220	4161	4016	3757	3435	3182	2952	2702	2528	2337	
6	6492	95.1	95.1	22	1	0	2	917	1089	1465	2008	2621	3118	3429	3600	3520	3435	3199	2975	2750	2543	2353	2308	2249	2341	2572	2876	3158	3344	3420	3367	3256	3075	2878	2698	2518	2350	2192	2051	
6	6509	95.0	95.0	22	1	0	2	910	1100	1441	2002	2602	3104	3397	3515	3475	3373	3150	2948	2731	2521	2355	2234	2231	2341	2539	2832	3134	3281	3392	3349	3206	3070	2839	2652	2520	2334	2182	2042	
6	6572	59.8	60.1	22	1	1	2	991	1346	2102	3224	4445	5369	5907	5984	5809	5511	5046	4602	4129	3759	3359	3120	2940	2955	3207	3473	3893	4092	4232	4149	3988	3736	3435	3194	2946	2710	2508	2328	
6	6589	60.0	60.0	22	1	1	2	994	1344	2142	3232	4468	5398	5905	6012	5812	5496	5055	4613	4187	3749	3345	3136	2940	2932	3195	3472	3877	4117	4203	4132	4010	3714	3442	3176	2945	2735	2490	2322	
6	6607	60.0	60.0	22	1	1	2	995	1373	2138	3254	4466	5418	5974	6089	5868	5555	5118	4678	4239	3761	3394	3146	2988	3009	3209	3550	3904	4117	4279	4189	4006	3742	3447	3170	2961	2709	2527	2341	
6	6624	60.0	60.0	22	1	1	2	1005	1357	2128	3281	4515	5419	5939	6064	5889	5505	5125	4641	4193	3812	3340	3115	2984	2984	3212	3528	3889	4128	4257	4176	4014	3739	3458	3193	2923	2682	2500	2328	
6	6641	60.0	60.0	22	1	1	2	999	1356	2117	3243	4399	5433	5951	6056	5840	5525	5067	4644	4177	3793	3375	3134	2938	2983	3193	3459	3904	4123	4234	4184	4045	3763	3453	3173	2926	2694	2534	2355	
6	6658	60.0	60.0	22	1	1	2	984	1358	2129	3229	4465	5407	5961	6087	5867	5509	5102	4639	4211	3760	3374	3084	2943	2970	3173	3516	3884	4128	4238	4188	3998	3763	3455	3185	2972	2697	2505	2348	
6	6676	60.0	60.0	22	1	1	2	969	1350	2136	3254	4479	5416	5961	6049	5869	5507	5081	4652	4215	3788	3336	3131	2983	2962	3218	3507	3872	4125	4248	4203	4026	3761	3450	3224	2962	2720	2540	2326	
6	6740	95.0	95.1	23	1	0	2	903	1084	1454	2006	2612	3132	3445	3533	3531	3380	3169	2960	2728	2517	2333	2240	2250	2343	2590	2845	3148	3320	3374	3363	3229	3058	2888	2674	2504	2346	2175	2042	
6	6757	95.0	95.0	23	1	0	2	909	1104	1445	1988	2591	3103	3401	3485	3469	3376	3116	2923	2719	2516	2306	2241	2235	2314	2574	2809	3120	3278	3358	3292	3238	3018	2839	2639	2471	2327	2202	2026	
6	6820	59.9	60.1	23	1	1	2	998	1340	2130	3254	4477	5395	5900	6025	5839	5495	5063	4633	4157	3737	3350	3136	2935	2955	3220	3452	3855	4125	4200	4145	3983	3769	3468	3175	2929	2675	2525	2342	
6	6838	59.9	60.0	23	1	1	2	981	1345	2137	3244	4447	5363	5931	5975	5789	5488	5045	4631	4135	3748	3357	3062	2943	2959	3178	3482	3875	4074	4222	4154	3968	3736	3389	3169	2926	2671	2526	2317	
6	6855	60.0	60.0	23	1	1	2	1025	1361	2170	3239	4476	5374	5991	6069	5842	5550	5044	4656	4185	3758	3345	3130	2981	2972	3203	3507	3897	4074	4230	4172	3992	3746	3443	3178	2945	2679	2514	2312	
6	6872	60.0	60.0	23	1	1	2	1008	1365	2142	3242	4471	5454	5934	6034	5840	5509	5053	4630	4193	3739	3362	3097	2961	2945	3223	3502	3911	4092	4263	4144	3997	3742	3449	3224	2921	2680	2523	2342	
6	6889	60.0	60.0	23	1	1	2	994	1347	2105	3235	4454	5436	5938	6079	5824	5539	5048	4618	4199	3805	3332	3105	2954	2974	3214	3522	3875	4059	4204	4206	3977	3716	3459	3164	2958	2675	2493	2333	
6	6907	60.0	60.0	23	1	1	2	994	1343	2107	3243	4476	5426	5926	6040	5799	5516	5070	4571	4208	3732	3368	3106	2962	2989	3190	3520	3862	4123	4207	4175	3989	3774	3462	3193	2958	2726	2512	2320	
6	6924	60.0	60.0	23	1	1	2	1007	1356	2137	3260	4432	5351	5864	6062	5794	5465	5109	4644	4132	3746	3357	3115	2955	2970	3197	3519	3860	4076	4230	4133	4003	3753	3460	3207	2957	2710	2485	2315	
6	6986	95.2	95.0	24	1	0	2	898	1100	1451	2041	2599	3096	3425	3576	3514	3350	3166	2939	2750	2528	2339	2241	2277	2320	2567	2840	3137	3338	3396	3358	3213	3063	2856	2638	2502	2332	2198	2033	
6	7004	95.0	95.0	24	1	0	2	900	1089	1460	1990	2590	3100	3400	3518	3460	3346	3165	2972	2741	2553	2343	2251	2244	2320	2577	2831	3146	3263	3404	3357	3218	3056	2854	2671	2537	2300	2185	2042	
6	7066	59.8	60.1	24	1	1	2	983	1345	2146	3231	4433	5348	5968	6087	5824	5498	5053	4663	4178	3772	3373	3107	2962	2990	3205	3513	3893	4109	4230	4198	4025	3727	3434	3178	2930	2683	2550	2327	
6	7083	59.9	60.0	24	1	1	2	970	1340	2121	3285	4470	5438	5931	6008	5837	5521	5064	4641	4183	3736	3352	3089	2943	2968	3190	3496	3886	4125	4189	4166	3991	3729	3462	3196	2956	2674	2513	2323	
6	7100	60.0	60.0	24	1	1	2	989	1388	2118	3262	4499	5400	5988	6073	5875	5542	5111	4641	4199	3787	3392	3124	2953	2961	3220	3503	3874	4129	4232	4156	3999	3779	3456	3181	2954	2712	2525	2378	
6	7117	59.9	60.0	24	1	1	2	979	1354	2173	3255	4459	5387	5906	6036	5843	5542	5100	4646	4179	3737	3344	3111	2945	2993	3233	3495	3903	4074	4230	4147	3978	3714	3439	3179	2972	2674	2501	2335	
6	7135	60.0	60.0	24	1	1	2	994	1360	2130	3254	4444	5414	5928	6022	5799	5489	5052	4642	4168	3742	3334	3102	2969	2990	3212	3499	3881	4089	4250	4161	3988	3758	3428	3159	2949	2715	2521	2336	
6	7152	60.0	60.0	24	1	1	2	983	1354	2143	3255	4434	5376	5936	6032	5791	5525	5032	4662	4188	3731	3340	3084	2937	2969	3198	3513	3852	4091	4235	4166	4000	3734	3446	3234	2925	2702	2514	2334	
6	7169	60.0	60.0	24	1	1	2	994	1357	2124	3250	4461	5392	5959	6067	5821	5481	5061	4647	4186	3763	3349	3115	2937	2955	3200	3524	3865	4101	4243	4142	3971	3740	3400	3183	2904	2722	2485	2324	
6	7232	95.1	95.0	25	1	0	2	904	1089	1462	1987	2614	3107	3441	3572	3475	3387	3153	2967	2722	2536	2340	2272	2214	2329	2552	2829	3117	3251	3354	3325	3244	3050	2833	2684	2510	2305	2207	2031	
6	7249	95.0	95.0	25	1	0	2	901	1081	1454	1983	2580	3108	3409	3511	3453	3435	3189	2957	2731	2525	2326	2222	2208	2327	2581	2850	3139	3289	3386	3333	3218	3037	2828	2658	2491	2330	2205	2047	
6	7312	59.9	60.1	25	1	1	2	989	1346	2104	3205	4378	5364	5863	5980	5782	5461	5056	4627	4112	3724	3358	3098	2950	2959	3159	3507	3875	4092	4185	4144	3955	3783	3432	3181	2940	2680	2507	2311	
6	7329	59.9	60.0	25	1	1	2	998	1334	2130	3218	4477	5410	5947	6047	5840	5476	5077	4552	4178	3717	3366	3098	2991	2957	3177	3500	3884	4132	4238	4184	4001	3712	3473	3186	2964	2706	2520	2331	
6	7346	59.9	60.0	25	1	1	2	994	1357	2151	3246	4498	5413	5978	6099	5892	5597	5098	4654	4206	3769	3369	3116	2961	2946	3208	3502	3900	4105	4245	4188	4012	3748	3420	3178	2973	2690	2543	2340	
6	7363	59.9	60.0	25	1	1	2	992	1377	2140	3273	4486	5416	5899	6015	5799	5500	5033	4617	4184	3753	3326	3110	2943	2983	3193	3500	3876	4090	4238	4145	4024	3735	3454	3197	2919	2706	2513	2350	
6	7381	59.9	60.0	25	1	1	2	1006	1362	2126	3259	4476	5417	5932	6042	5834	5514	5086	4645	4142	3735	3402	3088	2965	2978	3205	3529	3886	4134	4230	4204	3987	3739	3455	3162	2936	2727	2527	2347	
6	7398	59.9	60.0	25	1	1	2	995	1333	2113	3248	4409	5428	5915	6058	5818	5484	5069	4597	4134	3756	3345	3096	2964	2941	3190	3455	3864	4112	4207	4150	3968	3743	3404	3200	2916	2670	2520	2320	
6	7415	60.0	60.0	25	1	1	2	990	1342	2127	3231	4432	5392	5898	6020	5785	5497	5053	4617	4156	3746	3306	3095	2936	2962	3178	3468	3852	4074	4227	4173	3989	3709	3467	3170	2950	2667	2505	2310	
6	7478	95.0	95.0	26	1	0	2	909	1077	1465	2031	2627	3121	3412	3544	3512	3375	3165	2939	2719	2534	2339	2238	2215	2340	2578	2825	3158	3291	3385	3348	3232	3064	2901	2665	2501	2323	2186	2059	
6	7495	95.0	95.0	26	1	0	2	910	1088	1445	1991	2579	3088	3383	3528	3474	3341	3145	2940	2682	2505	2335	2257	2238	2349	2534	2795	3088	3279	3336	3264	3182	3064	2836	2672	2500	2340	2197	2048	
6	7558	59.8	60.1	26	1	1	2	984	1354	2146	3237	4431	5360	5843	5963	5758	5471	4989	4611	4106	3717	3324	3086	2933	2944	3166	3474	3858	4060	4207	4143	3963	3716	3463	3160	2898	2673	2498	2327	
6	7575	59.9	60.0	26	1	1	2	988	1342	2137	3224	4432	5344	5849	6003	5760	5416	5045	4637	4164	3732	3329	3084	2943	2946	3188	3476	3853	4086	4212	4136	3985	3726	3397	3149	2916	2682	2518	2307	
6	7592	60.0	60.0	26	1	1	2	997	1346	2117	3231	4415	5348	5885	6024	5807	5464	4998	4631	4157	3770	3328	3086	2942	2949	3177	3461	3904	4076	4185	4161	3960	3731	3432	3171	2929	2649	2509	2299	
6	7609	60.0	60.0	26	1	1	2	983	1364	2099	3219	4404	5310	5906	5962	5805	5443	4985	4565	4140	3711	3331	3072	2922	2967	3169	3480	3850	4033	4214	4098	3935	3706	3416	3183	2906	2656	2497	2323	
6	7627	60.0	60.0	26	1	1	2	992	1340	2108	3241	4403	5401	5836	5963	5807	5504	4992	4607	4157	3688	3311	3072	2920	2932	3184	3477	3864	4092	4183	4161	3975	3710	3425	3171	2931	2691	2479	2319	
6	7644	60.0	60.0	26	1	1	2	998	1364	2118	3203	4424	5348	5902	5981	5762	5462	5046	4600	4146	3757	3322	3057	2945	2939	3203	3459	3860	4095	4202	4131	3990	3731	3424	3168	2918	2683	2502	2309	
6	7661	59.9	60.0	26	1	1	2	970	1345	2118	3223	4381	5348	5859	5934	5783	5435	5009	4583	4102	3727	3313	3077	2916	2965	3165	3455	3853	4106	4150	4122	3956	3706	3454	3142	2917	2623	2497	2330	
6	7724	95.0	95.0	27	1	0	2	904	1076	1464	2026	2608	3121	3440	3591	3473	3400	3190	2992	2717	2515	2319	2261	2241	2346	2601	2823	3139	3302	3407	3344	3223	3100	2860	2670	2508	2359	2198	2071	
6	7741	94.9	95.0	27	1	0	2	906	1093	1456	1980	2599	3088	3430	3534	3467	3370	3152	2956	2723	2492	2353	2236	2216	2316	2550	2812	3132	3294	3374	3340	3211	3059	2847	2640	2478	2313	2177	2027	
6	7804	59.9	60.1	27	1	1	2	998	1333	2137	3212	4424	5363	5855	6015	5803	5491	5032	4592	4147	3755	3349	3103	2950	2945	3194	3497	3862	4099	4221	4140	3968	3722	3454	3148	2918	2669	2493	2365	
6	7821	59.9	60.0	27	1	1	2	993	1356	2141	3209	4402	5354	5905	6014	5776	5500	5059	4608	4174	3733	3335	3125	2931	2976	3173	3470	3874	4092	4193	4151	3966	3713	3436	3159	2920	2698	2497	2307	
6	7838	59.9	60.0	27	1	1	2	995	1329	2122	3300	4492	5446	5976	6013	5817	5511	5097	4643	4168	3744	3362	3120	2973	2974	3228	3542	3880	4132	4172	4142	3978	3743	3449	3168	2934	2684	2526	2320	
6	7855	59.9	60.0	27	1	1	2	988	1360	2132	3251	4462	5392	5934	6008	5822	5520	5051	4598	4169	3762	3370	3111	2974	2959	3207	3501	3881	4083	4182	4176	3944	3736	3435	3165	2933	2709	2484	2326	
6	7873	59.9	60.0	27	1	1	2	987	1354	2132	3260	4417	5366	5876	6028	5827	5498	5023	4584	4108	3811	3348	3098	2912	2940	3209	3485	3865	4097	4179	4145	3974	3701	3429	3162	2920	2703	2484	2326	
6	7890	60.0	60.0	27	1	1	2	995	1376	2142	3237	4488	5386	5907	6003	5834	5457	5114	4590	4178	3746	3354	3086	2981	2968	3182	3480	3887	4128	4221	4139	3965	3752	3450	3184	2965	2689	2492	2338	
6	7907	60.0	60.0	27	1	1	2	987	1363	2135	3254	4439	5367	5917	6036	5758	5457	5007	4651	4158	3764	3336	3077	2956	2948	3204	3489	3884	4089	4233	4123	3976	3708	3442	3151	2929	2701	2519	2319	
6	7972	95.1	95.1	28	1	0	2	931	1089	1476	1992	2599	3115	3436	3564	3496	3385	3200	2956	2739	2527	2352	2247	2217	2340	2588	2815	3101	3297	3417	3321	3206	3050	2847	2673	2504	2331	2188	2046	
6	7989	95.0	95.0	28	1	0	2	915	1086	1453	1990	2575	3092	3391	3557	3468	3358	3151	2920	2704	2539	2326	2216	2191	2352	2552	2803	3120	3330	3367	3316	3215	3027	2848	2653	2511	2303	2164	2027	
6	8052	59.9	60.1	28	1	1	2	996	1351	2133	3217	4430	5345	5927	6018	5841	5484	5043	4610	4189	3761	3361	3119	2947	3019	3190	3501	3888	4064	4216	4169	3967	3766	3460	3196	2948	2701	2511	2346	
6	8069	59.9	60.0	28	1	1	2	986	1337	2109	3234	4421	5332	5871	5969	5767	5454	5008	4564	4126	3713	3342	3080	2911	2955	3170	3472	3870	4068	4174	4107	3970	3720	3431	3190	2926	2678	2497	2313	
6	8086	60.0	60.0	28	1	1	2	984	1368	2115	3252	4418	5398	5931	6042	5825	5471	5077	4641	4178	3747	3341	3072	2952	2967	3207	3515	3871	4151	4221	4151	3964	3744	3449	3148	2971	2716	2496	2316	
6	8104	60.0	60.0	28	1	1	2	989	1338	2164	3242	4492	5401	5967	6027	5842	5511	5067	4608	4144	3693	3380	3129	2958	2994	3190	3520	3887	4176	4183	4218	3990	3720	3430	3211	2969	2702	2493	2351	
6	8121	60.0	60.0	28	1	1	2	981	1356	2135	3239	4469	5406	5897	5982	5812	5493	5082	4595	4175	3772	3345	3096	2942	2955	3188	3511	3877	4109	4184	4136	3969	3745	3440	3188	2910	2686	2508	2323	
6	8138	60.0	60.0	28	1	1	2	980	1363	2149	3251	4454	5406	5957	6041	5840	5482	5078	4672	4175	3766	3344	3115	2945	2951	3202	3494	3878	4095	4224	4152	4026	3753	3437	3186	2969	2713	2526	2309	
6	8155	59.9	60.0	28	1	1	2	983	1353	2138	3263	4456	5340	5916	6006	5825	5489	5042	4588	4124	3732	3353	3117	2942	2956	3199	3511	3904	4120	4190	4138	4005	3736	3448	3183	2937	2687	2537	2314	
6	8220	95.1	95.1	29	1	0	2	909	1098	1467	1995	2592	3098	3394	3560	3512	3368	3176	2956	2757	2539	2330	2260	2225	2321	2556	2793	3116	3302	3382	3334	3248	3031	2848	2656	2462	2313	2179	2044	
6	8237	95.0	95.0	29	1	0	2	918	1096	1445	1997	2576	3074	3382	3535	3459	3383	3186	2943	2707	2492	2332	2252	2236	2314	2530	2808	3134	3276	3409	3340	3198	3042	2842	2650	2481	2333	2167	2064	
6	8300	59.7	60.1	29	1	1	2	994	1335	2108	3210	4432	5353	5866	5980	5831	5480	4987	4601	4175	3723	3344	3076	2960	2984	3208	3518	3864	4056	4207	4155	3993	3723	3430	3143	2911	2694	2497	2324	
6	8317	59.9	60.0	29	1	1	2	988	1355	2104	3273	4430	5374	5942	6008	5806	5483	5027	4582	4171	3715	3304	3106	2921	2960	3158	3504	3863	4104	4224	4146	3954	3722	3419	3157	2940	2698	2547	2325	
6	8334	60.0	60.0	29	1	1	2	970	1355	2134	3286	4489	5440	5943	6024	5870	5560	5091	4659	4186	3766	3382	3115	2976	2985	3216	3508	3887	4137	4244	4187	4009	3737	3465	3158	2932	2707	2522	2303	
6	8352	59.9	60.0	29	1	1	2	1004	1365	2138	3235	4475	5453	5952	6013	5803	5472	5059	4648	4153	3740	3367	3108	2946	2991	3176	3468	3860	4118	4248	4183	3989	3793	3429	3169	2953	2697	2480	2321	
6	8369	60.0	60.0	29	1	1	2	990	1388	2122	3259	4430	5408	5989	6016	5842	5533	5090	4629	4184	3739	3326	3110	2965	2949	3208	3509	3890	4090	4196	4160	3968	3729	3423	3139	2937	2681	2503	2323	
6	8386	60.0	60.0	29	1	1	2	978	1334	2120	3257	4444	5381	5906	5981	5787	5442	5046	4594	4167	3756	3325	3080	2935	2952	3182	3464	3851	4072	4176	4125	3976	3699	3455	3179	2948	2748	2484	2333	
6	8403	60.0	60.0	29	1	1	2	997	1358	2136	3221	4402	5416	5827	6028	5776	5500	5017	4612	4168	3736	3332	3110	2929	2961	3181	3497	3833	4076	4176	4133	3942	3744	3424	3147	2923	2674	2497	2315	
6	8466	95.0	95.0	30	1	0	2	921	1089	1446	1994	2604	3108	3425	3533	3451	3349	3174	2943	2738	2515	2297	2266	2223	2312	2564	2833	3113	3316	3399	3345	3220	3076	2844	2677	2489	2335	2183	2028	
6	8483	95.0	95.0	30	1	0	2	916	1078	1451	1983	2618	3072	3423	3535	3476	3331	3140	2959	2710	2513	2326	2240	2203	2309	2575	2832	3125	3270	3365	3313	3220	3028	2822	2672	2485	2324	2177	2086	
6	8546	59.8	60.1	30	1	1	2	982	1348	2120	3224	4405	5331	5838	5973	5721	5428	5015	4603	4117	3757	3304	3059	2960	2918	3162	3495	3855	4082	4213	4148	3993	3760	3406	3181	2928	2704	2505	2315	
6	8563	59.9	60.0	30	1	1	2	983	1353	2129	3238	4396	5373	5855	5982	5762	5487	5033	4661	4157	3729	3329	3072	2938	2966	3164	3496	3862	4053	4213	4192	3943	3748	3425	3134	2942	2670	2521	2312	
6	8580	60.0	60.0	30	1	1	2	994	1344	2145	3232	4505	5426	5928	6020	5883	5532	5105	4659	4191	3748	3372	3122	2954	2979	3211	3508	3883	4066	4211	4162	4001	3763	3422	3196	2964	2688	2508	2319	
6	8598	60.0	60.0	30	1	1	2	988	1333	2139	3275	4431	5379	5871	6016	5820	5482	5070	4629	4134	3780	3330	3125	2942	2978	3184	3482	3865	4085	4197	4123	3977	3707	3448	3168	2963	2708	2491	2380	
6	8615	60.0	60.0	30	1	1	2	999	1342	2103	3240	4430	5358	5850	5958	5772	5456	5010	4567	4130	3756	3347	3067	2940	2968	3131	3488	3884	4089	4178	4136	3929	3684	3429	3170	2926	2688	2497	2303	
6	8632	59.9	60.0	30	1	1	2	987	1344	2126	3239	4450	5325	5886	6071	5817	5524	5083	4578	4153	3742	3366	3100	2918	2939	3198	3500	3858	4107	4201	4105	3966	3748	3442	3160	2955	2672	2519	2296	
6	8649	60.0	60.0	30	1	1	2	986	1342	2112	3227	4405	5349	5879	5970	5759	5437	5005	4584	4134	3734	3355	3072	2909	2970	3203	3484	3825	4088	4222	4130	3942	3701	3409	3151	2908	2685	2496	2326	
6	8714	95.1	95.1	31	1	0	2	904	1080	1454	2008	2601	3103	3432	3571	3474	3394	3172	2927	2740	2519	2369	2246	2242	2362	2568	2824	3088	3309	3377	3336	3211	3021	2854	2668	2503	2332	2186	2049	
6	8731	95.0	95.0	31	1	0	2	916	1074	1464	1996	2591	3084	3396	3548	3514	3359	3166	2932	2703	2495	2332	2261	2217	2305	2567	2812	3098	3318	3370	3345	3209	3044	2860	2663	2503	2326	2184	2047	
6	8794	59.8	60.1	31	1	1	2	990	1337	2088	3204	4457	5366	5901	5968	5796	5450	5061	4614	4127	3728	3315	3095	2930	2964	3213	3486	3862	4057	4202	4130	3945	3708	3391	3177	2884	2715	2504	2313	
6	8811	60.0	60.0	31	1	1	2	971	1342	2131	3214	4426	5359	5910	6021	5849	5509	5037	4619	4113	3738	3318	3070	2970	2954	3164	3479	3867	4112	4211	4159	3985	3709	3401	3137	2930	2695	2535	2313	
6	8829	60.0	60.0	31	1	1	2	989	1339	2114	3263	4476	5414	5934	6078	5858	5427	5024	4650	4176	3789	3349	3093	2962	2945	3208	3490	3878	4125	4209	4163	3958	3722	3461	3174	2923	2705	2500	2346	
6	8846	60.0	60.0	31	1	1	2	1000	1363	2114	3256	4430	5402	5931	6022	5877	5499	5069	4633	4150	3743	3365	3131	2949	2973	3180	3516	3840	4090	4232	4186	3971	3766	3439	3168	2931	2689	2495	2337	
6	8863	60.0	60.0	31	1	1	2	987	1343	2130	3241	4436	5425	5915	6003	5822	5509	5020	4632	4183	3741	3335	3096	2947	2957	3168	3487	3850	4109	4214	4154	4012	3757	3431	3190	2956	2698	2514	2317	
6	8880	60.0	60.0	31	1	1	2	985	1354	2135	3281	4456	5420	5920	6060	5854	5486	5036	4594	4157	3747	3346	3102	2948	2967	3156	3494	3840	4117	4229	4147	4013	3724	3432	3166	2932	2684	2506	2333	
6	8898	60.0	60.0	31	1	1	2	986	1356	2095	3235	4424	5396	5891	6039	5801	5541	5012	4628	4146	3754	3319	3105	2916	2922	3189	3502	3888	4089	4218	4157	3984	3730	3438	3187	2925	2686	2517	2335	
6	8960	95.3	95.0	32	1	0	2	908	1079	1455	2013	2596	3109	3398	3547	3452	3372	3163	2964	2731	2563	2331	2277	2227	2339	2541	2864	3108	3294	3396	3358	3203	3057	2865	2668	2499	2304	2189	2060	
6	8977	95.0	95.0	32	1	0	2	929	1069	1466	1982	2589	3082	3345	3497	3463	3350	3140	2928	2729	2532	2325	2239	2234	2292	2551	2814	3131	3273	3388	3286	3210	3036	2853	2662	2476	2317	2167	2035	
6	9040	59.7	60.1	32	1	1	2	986	1331	2090	3200	4423	5362	5896	5999	5772	5502	5027	4594	4110	3735	3333	3081	2933	2955	3176	3522	3852	4090	4195	4144	3922	3725	3416	3156	2927	2673	2464	2297	
6	9057	59.9	60.0	32	1	1	2	985	1350	2129	3249	4424	5368	5887	6000	5829	5516	5042	4607	4144	3773	3343	3094	2924	2979	3172	3515	3856	4080	4222	4139	4001	3720	3429	3183	2937	2684	2500	2298	
6	9075	60.0	60.0	32	1	1	2	990	1329	2125	3247	4441	5415	5917	6111	5844	5525	5060	4646	4177	3740	3350	3096	2953	2984	3192	3506	3865	4134	4224	4144	3978	3730	3460	3206	2926	2697	2498	2356	
6	9092	59.9	60.0	32	1	1	2	993	1358	2127	3242	4463	5384	5911	6033	5820	5526	5064	4585	4163	3727	3384	3122	2945	2992	3195	3522	3872	4104	4271	4140	4014	3770	3434	3176	2942	2696	2519	2322	
6	9109	60.0	60.0	32	1	1	2	990	1339	2136	3253	4425	5350	5828	5986	5825	5479	5018	4633	4152	3728	3339	3088	2951	2940	3203	3447	3815	4059	4218	4093	3978	3725	3413	3161	2922	2685	2491	2327	
6	9126	59.9	60.0	32	1	1	2	990	1336	2144	3265	4430	5404	5882	5999	5772	5500	5068	4613	4153	3769	3356	3070	2929	2955	3196	3499	3853	4070	4201	4128	3975	3733	3431	3121	2937	2687	2511	2313	
6	9144	59.9	60.0	32	1	1	2	989	1355	2150	3234	4445	5373	5944	6019	5785	5488	5040	4617	4155	3778	3345	3133	2931	2974	3196	3479	3811	4118	4188	4116	3968	3710	3442	3153	2906	2686	2532	2318	
6	9206	95.1	95.0	33	1	0	2	898	1099	1442	2006	2616	3080	3421	3466	3519	3426	3178	2968	2693	2546	2334	2236	2261	2312	2563	2832	3134	3266	3373	3328	3207	3021	2841	2660	2495	2323	2176	2043	
6	9223	95.0	95.0	33	1	0	2	914	1086	1464	1979	2561	3093	3448	3522	3444	3386	3147	2951	2721	2501	2326	2245	2216	2351	2534	2816	3092	3269	3370	3332	3193	3034	2834	2664	2478	2324	2190	2049	
6	9286	59.8	60.1	33	1	1	2	984	1383	2116	3232	4471	5348	5838	6030	5786	5525	5020	4600	4166	3766	3350	3097	2943	2954	3190	3521	3861	4104	4227	4109	3977	3725	3451	3184	2953	2693	2515	2326	
6	9303	60.0	60.0	33	1	1	2	989	1349	2142	3224	4429	5382	5878	6026	5839	5459	5065	4638	4119	3759	3355	3107	2952	2961	3202	3519	3865	4091	4227	4170	3961	3739	3460	3182	2908	2693	2515	2344	
6	9321	59.9	60.0	33	1	1	2	983	1344	2111	3268	4419	5420	5928	6041	5832	5569	5074	4654	4203	3752	3352	3123	2969	2977	3193	3517	3856	4123	4189	4183	4042	3701	3452	3182	2923	2702	2508	2326	
6	9338	59.9	60.0	33	1	1	2	999	1358	2130	3261	4493	5425	5979	6054	5801	5564	5118	4668	4210	3777	3369	3085	2963	2965	3202	3529	3857	4135	4260	4156	3995	3748	3445	3213	2949	2673	2525	2328	
6	9355	59.9	60.0	33	1	1	2	995	1356	2131	3222	4448	5444	5932	6033	5816	5489	5102	4634	4167	3732	3357	3092	2952	2966	3187	3481	3896	4130	4198	4176	3974	3748	3443	3201	2922	2691	2481	2326	
6	9372	59.9	60.0	33	1	1	2	996	1348	2125	3257	4412	5351	5868	5976	5768	5424	5012	4613	4121	3728	3310	3081	2951	2941	3175	3460	3861	4068	4176	4138	3926	3726	3437	3160	2928	2670	2506	2316	
6	9390	59.9	60.0	33	1	1	2	977	1366	2111	3237	4452	5362	5863	6041	5812	5502	5038	4607	4157	3773	3362	3072	2953	2961	3172	3497	3859	4103	4203	4133	3950	3758	3446	3159	2901	2683	2491	2346	
6	9452	95.1	95.0	34	1	0	2	901	1084	1462	1984	2583	3142	3414	3533	3541	3392	3211	2980	2725	2545	2318	2242	2223	2334	2567	2838	3172	3362	3382	3342	3218	3075	2844	2683	2469	2318	2179	2040	
6	9470	95.0	95.0	34	1	0	2	908	1087	1431	2017	2570	3097	3386	3525	3475	3355	3143	2953	2696	2530	2320	2262	2248	2286	2554	2824	3132	3274	3364	3311	3173	3084	2806	2642	2461	2305	2197	2037	
6	9532	59.7	60.1	34	1	1	2	986	1360	2121	3214	4389	5417	5893	6022	5798	5482	5055	4610	4153	3735	3351	3141	2952	2945	3156	3499	3888	4085	4237	4173	3981	3737	3459	3163	2932	2711	2505	2330	
6	9550	60.0	60.0	34	1	1	2	996	1336	2122	3274	4456	5387	5933	6074	5850	5478	5032	4649	4172	3767	3364	3143	2913	2985	3199	3514	3888	4127	4198	4177	3939	3737	3440	3185	2940	2693	2506	2320	
6	9567	60.0	60.0	34	1	1	2	997	1353	2121	3268	4453	5385	5915	6079	5821	5520	5090	4670	4201	3716	3352	3101	2955	2985	3198	3503	3888	4107	4223	4171	4017	3749	3448	3164	2965	2669	2477	2317	
6	9584	60.0	60.0	34	1	1	2	989	1365	2094	3258	4502	5450	5898	6016	5821	5531	5037	4648	4167	3742	3372	3115	2933	2964	3197	3493	3895	4092	4208	4184	4017	3742	3442	3173	2951	2695	2517	2358	
6	9601	60.0	60.0	34	1	1	2	986	1360	2104	3261	4456	5387	5910	6049	5848	5534	5038	4636	4134	3716	3369	3089	2941	2959	3196	3493	3846	4106	4250	4157	3980	3725	3462	3183	2920	2670	2505	2333	
6	9619	60.0	60.0	34	1	1	2	973	1364	2127	3244	4393	5398	5886	6022	5802	5457	5025	4604	4169	3753	3374	3058	2926	2948	3193	3514	3837	4106	4248	4149	4024	3718	3438	3159	2909	2713	2498	2301	
6	9636	60.0	60.0	34	1	1	2	989	1330	2114	3195	4429	5367	5900	6025	5792	5446	5042	4592	4159	3737	3315	3112	2954	2969	3178	3490	3843	4099	4169	4162	3980	3714	3429	3176	2917	2676	2496	2336	
6	9700	95.2	95.1	35	1	0	2	920	1090	1444	2020	2615	3122	3420	3577	3540	3387	3214	2958	2730	2532	2345	2261	2246	2289	2554	2823	3161	3302	3394	3352	3253	3058	2840	2652	2500	2301	2170	2033	
6	9718	95.0	95.0	35	1	0	2	920	1074	1454	2003	2578	3057	3432	3505	3487	3349	3159	2940	2699	2515	2324	2219	2211	2309	2552	2814	3100	3303	3345	3289	3215	3027	2830	2652	2483	2305	2183	2014	
6	9780	59.8	60.1	35	1	1	2	981	1350	2105	3217	4432	5376	5857	6010	5792	5487	4984	4602	4102	3733	3337	3067	2920	2931	3146	3477	3816	4087	4172	4127	3960	3704	3446	3199	2884	2727	2481	2320	
6	9798	60.0	60.0	35	1	1	2	988	1324	2081	3230	4406	5377	5929	5987	5793	5504	5052	4607	4113	3756	3329	3109	2921	2953	3195	3483	3849	4072	4188	4128	3989	3720	3413	3137	2913	2682	2493	2318	
6	9815	60.0	60.0	35	1	1	2	988	1359	2128	3248	4480	5402	5931	6029	5780	5522	5094	4669	4120	3771	3359	3120	2942	2964	3195	3490	3870	4131	4230	4130	3960	3725	3431	3181	2914	2698	2511	2314	
6	9832	60.0	60.0	35	1	1	2	994	1341	2146	3281	4448	5406	5911	6011	5874	5509	5052	4620	4151	3767	3313	3077	2928	2987	3180	3493	3815	4125	4219	4154	3986	3743	3477	3236	2931	2692	2513	2307	
6	9849	60.0	60.0	35	1	1	2	996	1378	2125	3214	4429	5314	5870	6043	5832	5494	5020	4601	4124	3738	3339	3117	2948	2959	3168	3491	3879	4096	4236	4116	3985	3729	3474	3188	2911	2685	2483	2316	
6	9867	60.0	60.0	35	1	1	2	996	1356	2109	3232	4444	5357	5890	6010	5778	5506	5061	4586	4152	3753	3339	3084	2943	2949	3181	3469	3872	4089	4230	4111	4003	3709	3399	3195	2930	2674	2510	2321	
6	9884	59.9	60.0	35	1	1	2	995	1340	2123	3224	4430	5375	5854	5980	5819	5450	5021	4567	4131	3744	3334	3097	2930	2960	3198	3500	3831	4069	4206	4107	3925	3732	3436	3164	2920	2657	2485	2306	
6	9948	95.1	95.1	36	1	0	2	905	1096	1465	2000	2575	3115	3382	3500	3476	3389	3160	2977	2719	2530	2343	2216	2216	2363	2548	2825	3122	3294	3346	3321	3214	3019	2857	2648	2487	2342	2187	2053	
6	9966	95.0	95.0	36	1	0	2	901	1091	1459	1988	2606	3068	3393	3533	3487	3344	3147	2960	2714	2503	2313	2246	2214	2340	2547	2819	3101	3313	3360	3342	3200	3062	2833	2644	2487	2313	2192	2038	
6	10029	59.9	60.1	36	1	1	2	998	1357	2116	3219	4427	5363	5864	5995	5798	5423	5035	4576	4156	3720	3333	3051	2950	2960	3203	3471	3859	4056	4213	4159	3966	3730	3449	3176	2943	2715	2512	2320	
6	10046	60.0	60.0	36	1	1	2	998	1352	2120	3244	4455	5367	5894	6007	5795	5467	5042	4607	4165	3755	3337	3107	2950	2967	3180	3515	3889	4080	4204	4178	3959	3713	3419	3162	2921	2707	2490	2331	
6	10063	60.0	60.0	36	1	1	2	997	1359	2115	3236	4492	5438	5937	6091	5838	5529	5069	4661	4195	3787	3355	3142	2945	2995	3202	3485	3878	4129	4249	4176	4023	3761	3473	3173	2967	2691	2517	2345	
6	10080	59.9	60.0	36	1	1	2	997	1355	2126	3242	4448	5406	5954	6055	5913	5517	5087	4637	4179	3770	3367	3131	2968	2975	3192	3503	3882	4091	4217	4156	3987	3739	3456	3192	2920	2708	2494	2338	
6	10098	59.9	60.0	36	1	1	2	987	1345	2128	3237	4472	5389	5885	6050	5826	5492	4991	4622	4157	3725	3334	3108	2940	3004	3179	3457	3856	4093	4211	4113	3992	3722	3440	3170	2935	2684	2504	2330	
6	10115	60.0	60.0	36	1	1	2	1001	1327	2116	3237	4466	5392	5874	6003	5788	5492	5035	4588	4195	3709	3349	3060	2923	2905	3149	3446	3831	4076	4153	4067	3933	3728	3402	3155	2923	2668	2519	2336	
6	10132	60.0	60.0	36	1	1	2	995	1358	2101	3230	4432	5369	5918	6021	5802	5442	5040	4636	4153	3731	3340	3095	2931	2966	3167	3499	3845	4112	4189	4154	3930	3755	3442	3178	2936	2670	2496	2314	
6	10195	95.0	95.0	37	1	0	2	920	1086	1471	1989	2601	3103	3412	3560	3504	3342	3169	2948	2746	2516	2362	2243	2221	2337	2572	2857	3126	3299	3342	3352	3206	3029	2862	2654	2501	2313	2189	2046	
6	10212	95.0	95.0	37	1	0	2	902	1100	1450	1994	2596	3079	3412	3492	3524	3363	3173	2965	2721	2531	2328	2233	2236	2298	2548	2843	3145	3292	3348	3324	3222	3022	2816	2653	2490	2321	2152	2046	
6	10275	59.9	60.1	37	1	1	2	999	1354	2109	3234	4414	5340	5881	6015	5772	5460	5041	4588	4127	3754	3312	3088	2919	2957	3169	3491	3877	4058	4197	4119	3960	3720	3420	3186	2922	2688	2515	2312	
6	10292	59.9	60.0	37	1	1	2	1009	1356	2135	3237	4464	5403	5900	6038	5811	5466	5088	4643	4162	3760	3355	3127	2952	2946	3214	3477	3876	4102	4237	4141	3964	3691	3434	3184	2963	2708	2520	2320	
6	10309	59.9	60.0	37	1	1	2	983	1359	2121	3254	4441	5425	5955	6000	5832	5484	5025	4627	4161	3764	3355	3105	2936	2974	3173	3487	3823	4076	4223	4139	3965	3701	3421	3186	2927	2673	2503	2327	
6	10326	60.0	60.0	37	1	1	2	992	1355	2139	3266	4470	5424	5953	6058	5829	5541	5075	4605	4162	3780	3373	3123	2943	2968	3230	3514	3859	4105	4232	4139	4004	3789	3446	3179	2941	2679	2525	2328	
6	10344	60.0	60.0	37	1	1	2	982	1359	2126	3221	4440	5372	5863	6032	5849	5475	5039	4611	4188	3736	3344	3073	2956	3006	3199	3507	3865	4069	4208	4146	3970	3695	3425	3198	2925	2647	2508	2307	
6	10361	60.0	60.0	37	1	1	2	989	1327	2117	3251	4451	5369	5864	5999	5789	5440	5010	4604	4099	3704	3296	3076	2916	2957	3194	3480	3849	4070	4173	4138	3951	3732	3441	3148	2947	2672	2509	2307	
6	10378	60.0	60.0	37	1	1	2	1003	1343	2113	3240	4427	5389	5902	5977	5788	5498	5033	4606	4140	3734	3359	3068	2880	2946	3162	3515	3854	4117	4180	4113	3934	3678	3457	3161	2894	2683	2506	2355	
6	10443	94.9	95.1	38	1	0	2	912	1082	1449	1996	2605	3116	3421	3555	3465	3384	3150	2930	2727	2526	2313	2256	2231	2322	2554	2790	3139	3292	3372	3325	3233	3050	2825	2668	2510	2328	2178	2026	
6	10460	95.0	95.0	38	1	0	2	916	1074	1444	1975	2569	3071	3413	3516	3447	3368	3155	2926	2711	2501	2296	2255	2228	2310	2551	2812	3124	3282	3380	3347	3195	3033	2836	2650	2474	2323	2158	2014	
6	10523	59.9	60.1	38	1	1	2	994	1359	2134	3201	4392	5362	5850	6022	5782	5468	5042	4622	4119	3763	3359	3092	2945	2948	3173	3467	3836	4052	4202	4149	3957	3715	3392	3158	2938	2685	2482	2324	
6	10540	59.9	60.0	38	1	1	2	993	1354	2121	3223	4422	5373	5882	6031	5797	5491	5061	4652	4179	3756	3342	3079	2946	2994	3164	3518	3867	4100	4206	4148	3953	3733	3448	3163	2924	2670	2503	2292	
6	10557	60.0	60.0	38	1	1	2	986	1345	2131	3261	4496	5417	5951	5993	5861	5501	5059	4631	4185	3715	3328	3091	2974	2962	3189	3487	3847	4112	4206	4185	3992	3718	3472	3167	2918	2702	2528	2338	
6	10575	60.0	60.0	38	1	1	2	982	1344	2126	3261	4422	5420	5917	6013	5843	5494	5053	4650	4153	3761	3352	3131	2928	2992	3170	3499	3847	4085	4237	4144	3928	3734	3415	3173	2949	2672	2493	2343	
6	10592	59.9	60.0	38	1	1	2	991	1351	2131	3224	4460	5396	5855	6018	5806	5497	5020	4597	4120	3738	3368	3077	2924	2968	3173	3447	3841	4074	4232	4126	3943	3677	3416	3137	2916	2691	2503	2304	
6	10609	60.0	60.0	38	1	1	2	996	1349	2110	3227	4389	5344	5902	6045	5752	5469	5035	4618	4109	3716	3341	3072	2985	2936	3190	3482	3849	4077	4168	4106	3968	3674	3420	3138	2937	2653	2487	2307	
6	10626	59.9	60.0	38	1	1	2	989	1371	2124	3223	4434	5378	5869	5966	5764	5455	5008	4616	4137	3745	3351	3060	2914	2961	3168	3495	3832	4075	4236	4112	3990	3711	3406	3181	2947	2712	2475	2344	
6	10691	95.0	95.1	39	1	0	2	906	1092	1453	2004	2572	3104	3404	3509	3486	3390	3142	2937	2721	2514	2334	2228	2239	2332	2545	2819	3103	3281	3388	3339	3204	3001	2850	2672	2479	2325	2171	2022	
6	10708	95.0	95.0	39	1	0	2	904	1063	1457	2004	2563	3095	3359	3483	3445	3368	3158	2947	2735	2508	2311	2214	2202	2302	2532	2804	3074	3286	3370	3318	3178	3038	2820	2664	2485	2315	2193	2033	
6	10771	60.0	60.1	39	1	1	2	980	1339	2074	3205	4410	5277	5885	5986	5766	5475	5023	4589	4121	3737	3353	3079	2907	2963	3175	3472	3829	4072	4206	4087	3937	3699	3418	3165	2934	2666	2487	2294	
6	10788	59.9	60.0	39	1	1	2	996	1353	2134	3241	4437	5329	5913	6038	5799	5432	5025	4607	4158	3734	3375	3095	2924	2930	3184	3504	3867	4088	4208	4125	3951	3729	3398	3174	2912	2689	2488	2302	
6	10805	60.0	60.0	39	1	1	2	990	1354	2102	3284	4434	5385	5942	6066	5833	5534	5052	4649	4165	3763	3370	3079	2933	2984	3165	3514	3896	4078	4221	4157	3983	3727	3429	3153	2943	2676	2543	2341	
6	10823	60.0	60.0	39	1	1	2	989	1343	2117	3237	4451	5345	5901	5993	5786	5522	5018	4638	4158	3757	3349	3073	2937	2953	3178	3460	3834	4079	4189	4128	3937	3732	3435	3171	2923	2691	2513	2277	
6	10840	60.0	60.0	39	1	1	2	1004	1359	2132	3258	4412	5358	5924	6008	5819	5533	5049	4613	4173	3777	3346	3060	2956	2983	3170	3479	3836	4111	4200	4121	3979	3687	3436	3176	2933	2702	2476	2298	
6	10857	60.0	60.0	39	1	1	2	991	1344	2116	3220	4414	5442	5869	5973	5776	5463	5049	4620	4152	3708	3320	3082	2921	2949	3202	3459	3869	4054	4204	4150	3956	3718	3440	3169	2923	2716	2486	2324	
6	10874	60.0	60.0	39	1	1	2	997	1352	2116	3198	4434	5340	5854	5981	5773	5445	5011	4584	4107	3701	3328	3069	2911	2946	3151	3491	3823	4102	4206	4115	3973	3736	3398	3182	2909	2649	2492	2321	
6	10937	95.0	95.0	40	1	0	2	924	1081	1451	2019	2596	3114	3407	3547	3512	3383	3190	2973	2726	2517	2350	2238	2234	2318	2564	2829	3136	3299	3363	3309	3229	3074	2840	2688	2485	2334	2159	2024	
6	10954	95.0	95.0	40	1	0	2	897	1084	1450	1979	2564	3099	3412	3521	3476	3349	3132	2944	2715	2521	2305	2234	2226	2311	2542	2805	3093	3237	3362	3282	3186	3025	2814	2637	2478	2326	2180	2020	
6	11017	59.9	60.1	40	1	1	2	979	1354	2119	3207	4431	5342	5868	6016	5823	5498	5033	4607	4138	3722	3345	3142	2959	2948	3163	3490	3886	4044	4225	4151	3976	3731	3446	3179	2933	2714	2522	2316	
6	11034	59.9	60.0	40	1	1	2	1000	1340	2131	3219	4420	5371	5859	5989	5808	5428	5066	4591	4132	3760	3317	3068	2903	2957	3178	3489	3870	4088	4210	4118	3953	3728	3410	3190	2926	2685	2497	2309	
6	11051	59.9	60.0	40	1	1	2	991	1340	2126	3240	4475	5428	5906	6002	5842	5519	5073	4595	4145	3772	3343	3068	2930	2959	3186	3462	3836	4098	4200	4118	3992	3761	3456	3150	2906	2678	2492	2336	
6	11069	60.0	60.0	40	1	1	2	987	1352	2119	3240	4445	5391	5908	6057	5830	5524	5039	4641	4187	3737	3344	3093	2959	2983	3163	3489	3863	4044	4199	4187	3997	3721	3428	3145	2954	2696	2520	2338	
6	11086	60.0	60.0	40	1	1	2	979	1362	2139	3218	4474	5383	5901	5982	5838	5490	5053	4653	4150	3754	3310	3100	2926	2958	3195	3460	3836	4099	4214	4155	3959	3732	3419	3166	2940	2693	2507	2308	
6	11103	60.0	60.0	40	1	1	2	980	1346	2104	3205	4433	5367	5858	5975	5756	5426	4999	4590	4114	3726	3306	3090	2929	2943	3170	3439	3832	4041	4194	4104	3919	3687	3420	3101	2920	2674	2474	2298	
6	11120	60.0	60.0	40	1	1	2	984	1332	2097	3236	4424	5370	5829	5979	5784	5437	4976	4545	4106	3739	3334	3028	2937	2944	3170	3455	3844	4015	4154	4136	3922	3718	3409	3146	2921	2665	2514	2316	
