Well	Time (1/2 s)	Block Temp	Sample Temp	Repetition	PCR Stage	Extension	Scale	B1	B2	B3	B4	B5	B6	B7	B8	B9	B10	B11	B12	B13	B14	B15	B16	B17	B18	B19	B20	B21	B22	B23	B24	B25	B26	B27	B28	B29	B30	B31	B32
4	107	95.0	95.1	1	0	0	2	915	1060	1449	2024	2643	3139	3452	3593	3507	3413	3198	3000	2764	2540	2357	2301	2266	2376	2600	2889	3198	3415	3464	3402	3295	3119	2943	2712	2576	2390	2242	2123	
4	125	95.0	95.0	1	0	0	2	913	1087	1456	1974	2597	3101	3384	3557	3505	3353	3156	2944	2730	2525	2322	2240	2254	2371	2574	2889	3195	3377	3435	3404	3287	3130	2916	2712	2535	2367	2215	2065	
4	142	95.0	95.0	1	0	0	2	872	1096	1450	1983	2600	3072	3389	3547	3496	3339	3150	2951	2688	2519	2332	2248	2279	2362	2611	2872	3202	3375	3466	3434	3287	3109	2930	2734	2557	2355	2207	2064	
4	159	95.0	95.0	1	0	0	2	908	1081	1444	2009	2582	3116	3410	3502	3490	3390	3170	2964	2732	2506	2350	2257	2239	2372	2624	2858	3170	3334	3445	3388	3248	3096	2908	2694	2542	2377	2196	2103	
4	176	95.0	95.0	1	0	0	2	925	1084	1465	1991	2630	3078	3392	3507	3470	3361	3140	2933	2756	2532	2344	2283	2242	2375	2596	2914	3193	3363	3476	3429	3299	3123	2896	2741	2518	2360	2225	2097	
4	194	94.9	95.0	1	0	0	2	916	1100	1453	2034	2618	3123	3429	3501	3486	3326	3162	2964	2735	2533	2320	2259	2264	2357	2624	2907	3186	3378	3472	3422	3306	3104	2922	2701	2573	2363	2209	2108	
4	211	95.0	95.0	1	0	0	2	908	1087	1455	1984	2608	3073	3400	3528	3451	3336	3126	2981	2748	2551	2334	2248	2236	2358	2610	2898	3176	3373	3435	3419	3304	3125	2938	2755	2539	2369	2249	2057	
4	228	95.0	95.0	1	0	0	2	910	1077	1458	1999	2579	3065	3386	3522	3521	3333	3166	2961	2709	2525	2350	2270	2252	2372	2591	2900	3194	3390	3472	3417	3299	3142	2944	2740	2560	2368	2239	2089	
4	245	94.9	95.0	1	0	0	2	916	1090	1449	2008	2588	3101	3377	3534	3472	3354	3165	2963	2747	2534	2331	2254	2271	2355	2600	2864	3203	3369	3449	3396	3321	3125	2898	2739	2538	2370	2243	2100	
4	263	95.0	95.0	1	0	0	2	925	1092	1437	2011	2588	3112	3439	3568	3474	3404	3197	2976	2741	2551	2342	2270	2232	2375	2631	2884	3198	3361	3498	3435	3310	3122	2906	2699	2519	2369	2285	2080	
4	280	95.0	95.0	1	0	0	2	917	1080	1446	1976	2584	3088	3441	3500	3502	3334	3168	2962	2721	2539	2332	2248	2241	2377	2633	2900	3211	3382	3487	3411	3313	3143	2920	2729	2548	2390	2253	2110	
4	297	95.0	95.0	1	0	0	2	904	1071	1462	2023	2610	3120	3432	3563	3520	3363	3196	2956	2747	2528	2353	2281	2281	2409	2612	2902	3202	3390	3496	3422	3324	3129	2928	2757	2561	2392	2232	2112	
4	314	95.0	95.0	1	0	0	2	910	1100	1456	1986	2580	3105	3427	3556	3495	3338	3143	2946	2745	2542	2349	2280	2261	2377	2582	2886	3194	3364	3497	3432	3289	3099	2933	2757	2559	2370	2273	2100	
4	332	95.0	95.0	1	0	0	2	915	1083	1449	1986	2593	3125	3423	3581	3487	3358	3177	2948	2733	2554	2373	2252	2277	2368	2607	2905	3228	3366	3496	3396	3316	3099	2911	2706	2565	2391	2235	2084	
4	349	95.0	95.0	1	0	0	2	921	1106	1475	2018	2600	3134	3418	3566	3516	3369	3202	2990	2765	2542	2370	2286	2225	2388	2634	2910	3203	3411	3484	3440	3313	3122	2934	2749	2588	2380	2237	2108	
4	366	95.0	95.0	1	0	0	2	896	1102	1429	1991	2594	3102	3430	3507	3455	3377	3197	2983	2742	2551	2382	2281	2264	2367	2625	2920	3205	3369	3497	3422	3304	3119	2914	2740	2554	2394	2248	2095	
4	383	95.0	95.0	1	0	0	2	921	1093	1437	2000	2613	3104	3444	3540	3529	3353	3196	2992	2755	2538	2348	2268	2261	2386	2628	2896	3216	3373	3489	3450	3329	3158	2915	2715	2558	2407	2237	2112	
4	401	94.9	95.0	1	0	0	2	907	1095	1450	1992	2641	3144	3443	3583	3511	3408	3197	2998	2754	2530	2359	2293	2255	2382	2638	2931	3199	3376	3532	3464	3339	3131	2931	2710	2580	2406	2257	2086	
4	418	95.0	95.0	1	0	0	2	924	1091	1438	1995	2605	3145	3487	3581	3528	3417	3197	3028	2774	2560	2372	2271	2256	2398	2671	2912	3273	3403	3543	3449	3319	3165	2927	2754	2568	2363	2268	2094	
4	435	95.0	95.0	1	0	0	2	912	1093	1466	2026	2635	3123	3455	3592	3534	3360	3234	3000	2784	2544	2371	2289	2280	2363	2636	2918	3216	3395	3452	3450	3338	3178	2954	2776	2574	2410	2248	2112	
4	452	95.0	95.0	1	0	0	2	906	1101	1456	2020	2627	3126	3441	3587	3524	3438	3196	3004	2769	2580	2378	2269	2287	2399	2630	2928	3231	3419	3514	3431	3352	3112	2957	2746	2588	2400	2255	2091	
4	470	95.0	95.0	1	0	0	2	913	1085	1447	2011	2596	3128	3454	3582	3577	3400	3212	3001	2766	2545	2342	2311	2283	2398	2634	2910	3231	3416	3494	3412	3336	3171	2928	2765	2579	2407	2260	2115	
4	487	95.0	95.0	1	0	0	2	911	1088	1469	2028	2644	3151	3456	3588	3528	3433	3255	3001	2756	2573	2362	2284	2276	2407	2605	2952	3251	3432	3514	3493	3338	3163	2960	2764	2564	2396	2299	2097	
4	504	95.0	95.0	1	0	0	2	895	1103	1457	2000	2636	3143	3454	3601	3526	3413	3217	2988	2773	2563	2400	2287	2286	2385	2659	2934	3257	3449	3498	3466	3333	3153	2922	2774	2605	2418	2252	2149	
4	521	94.9	95.0	1	0	0	2	939	1090	1462	2023	2628	3124	3487	3576	3540	3409	3216	2992	2769	2572	2390	2272	2297	2405	2660	2932	3266	3439	3484	3486	3338	3154	2980	2755	2587	2411	2262	2116	
4	539	94.9	95.0	1	0	0	2	918	1097	1472	2016	2631	3138	3416	3583	3505	3432	3194	3028	2751	2589	2362	2297	2270	2384	2627	2942	3224	3412	3515	3451	3331	3187	2974	2745	2542	2395	2267	2123	
4	556	95.0	95.0	1	0	0	2	897	1097	1447	2008	2614	3125	3443	3547	3546	3444	3213	3004	2765	2570	2359	2289	2292	2402	2662	2939	3192	3373	3499	3479	3371	3148	2960	2773	2598	2404	2260	2112	
4	573	94.9	95.0	1	0	0	2	910	1102	1471	2023	2635	3130	3464	3573	3522	3399	3233	3033	2785	2545	2376	2285	2288	2371	2641	2932	3191	3417	3495	3491	3342	3184	2932	2744	2614	2403	2272	2088	
4	590	95.0	95.0	1	0	0	2	916	1086	1442	2014	2634	3135	3463	3593	3536	3438	3208	3012	2777	2552	2388	2300	2290	2431	2680	2935	3238	3420	3474	3480	3339	3164	2938	2758	2597	2393	2251	2130	
4	608	95.0	95.0	1	0	0	2	926	1088	1478	1996	2645	3122	3494	3616	3566	3393	3222	2981	2792	2564	2374	2305	2282	2390	2627	2917	3218	3412	3486	3433	3321	3167	2918	2771	2571	2416	2277	2137	
4	625	95.0	95.0	1	0	0	2	934	1093	1483	2023	2644	3138	3453	3625	3525	3431	3219	2957	2803	2573	2377	2279	2287	2410	2665	2938	3231	3411	3513	3477	3346	3128	2954	2735	2576	2396	2261	2119	
4	642	95.0	95.0	1	0	0	2	933	1088	1450	2024	2617	3141	3440	3605	3523	3426	3200	2992	2798	2542	2383	2275	2288	2399	2665	2947	3243	3418	3533	3465	3320	3169	2936	2775	2619	2384	2271	2114	
4	659	95.0	95.0	1	0	0	2	911	1102	1445	2032	2625	3148	3446	3600	3548	3424	3210	2994	2746	2586	2377	2283	2268	2392	2661	2923	3222	3436	3513	3479	3344	3148	2944	2754	2621	2399	2240	2113	
4	677	94.9	95.0	1	0	0	2	906	1111	1456	2009	2627	3169	3477	3583	3535	3442	3224	3039	2760	2579	2383	2301	2279	2411	2656	2946	3257	3422	3554	3478	3318	3144	2968	2817	2594	2417	2259	2141	
4	694	95.0	95.0	1	0	0	2	914	1089	1472	2020	2616	3165	3460	3590	3580	3406	3208	2973	2762	2575	2349	2294	2273	2409	2636	2916	3249	3419	3500	3480	3356	3199	2948	2778	2577	2411	2247	2109	
4	711	95.0	95.0	1	0	0	2	922	1079	1468	2027	2664	3140	3499	3619	3555	3416	3201	3026	2780	2589	2396	2277	2277	2391	2644	2960	3242	3387	3498	3499	3326	3155	2994	2778	2597	2385	2272	2101	
4	728	95.0	95.0	1	0	0	2	919	1091	1448	1998	2649	3188	3471	3581	3561	3421	3233	3006	2796	2560	2379	2295	2292	2423	2655	2972	3232	3462	3547	3491	3400	3191	2972	2798	2574	2413	2273	2120	
4	746	94.9	95.0	1	0	0	2	908	1109	1471	2032	2620	3131	3466	3613	3561	3457	3230	3055	2760	2591	2405	2313	2313	2403	2674	2943	3274	3474	3523	3492	3351	3144	2959	2761	2597	2425	2279	2144	
4	763	94.9	95.0	1	0	0	2	910	1095	1442	2027	2659	3160	3449	3633	3551	3434	3251	3018	2785	2576	2382	2284	2308	2385	2649	2907	3214	3435	3526	3478	3402	3165	2951	2756	2581	2421	2258	2117	
4	780	95.0	95.0	1	0	0	2	906	1092	1453	2047	2651	3143	3465	3584	3584	3493	3289	3056	2824	2577	2386	2313	2287	2407	2651	2969	3242	3432	3535	3477	3362	3184	2972	2763	2651	2446	2262	2145	
4	797	94.9	95.0	1	0	0	2	912	1095	1482	2046	2665	3170	3495	3616	3570	3417	3237	3021	2774	2597	2387	2303	2290	2407	2687	2948	3264	3441	3547	3474	3368	3204	2954	2776	2572	2422	2282	2112	
4	815	94.9	95.0	1	0	0	2	924	1090	1474	2039	2636	3171	3442	3584	3563	3454	3219	3056	2794	2590	2370	2298	2288	2406	2673	2943	3248	3417	3519	3472	3365	3170	2955	2791	2600	2426	2294	2122	
4	832	95.0	95.0	1	0	0	2	920	1094	1482	2019	2657	3186	3518	3615	3560	3398	3231	3023	2812	2593	2424	2321	2314	2440	2661	2959	3279	3457	3568	3521	3370	3153	2975	2804	2594	2423	2288	2133	
4	849	95.0	95.0	1	0	0	2	907	1059	1476	2037	2657	3195	3520	3615	3579	3484	3235	3032	2817	2600	2385	2310	2287	2419	2663	2952	3280	3444	3520	3506	3359	3172	2982	2791	2593	2443	2269	2123	
4	866	95.0	95.0	1	0	0	2	917	1096	1486	2044	2673	3194	3501	3633	3581	3446	3270	3035	2780	2604	2372	2316	2300	2406	2674	2957	3280	3448	3538	3495	3381	3203	2998	2788	2621	2450	2303	2145	
4	884	94.9	95.0	1	0	0	2	924	1094	1470	2016	2700	3176	3524	3664	3588	3450	3271	3026	2796	2611	2384	2322	2304	2401	2665	2965	3289	3459	3537	3482	3380	3207	2994	2834	2601	2413	2263	2126	
4	901	95.0	95.0	1	0	0	2	915	1112	1475	2028	2637	3187	3492	3641	3606	3471	3266	3044	2758	2601	2372	2342	2300	2419	2660	2949	3256	3456	3527	3479	3352	3176	2984	2779	2603	2422	2295	2122	
4	918	94.9	95.0	1	0	0	2	916	1101	1472	2052	2661	3181	3479	3609	3567	3431	3260	3055	2828	2576	2400	2316	2298	2414	2674	2984	3305	3476	3562	3476	3372	3188	2978	2823	2613	2405	2272	2147	
4	935	95.0	95.0	1	0	0	2	913	1095	1474	2028	2669	3174	3491	3617	3544	3480	3255	3015	2784	2593	2371	2294	2288	2396	2649	2944	3230	3440	3547	3478	3342	3156	2964	2787	2611	2424	2262	2120	
4	953	95.0	95.0	1	0	0	2	922	1096	1484	2057	2657	3165	3444	3639	3594	3486	3263	3035	2769	2589	2388	2317	2319	2431	2669	2948	3231	3467	3545	3507	3385	3209	2985	2783	2593	2445	2273	2135	
4	970	94.9	95.0	1	0	0	2	902	1106	1467	2022	2622	3183	3515	3599	3547	3479	3250	3029	2778	2578	2388	2289	2296	2407	2674	2975	3235	3462	3538	3445	3373	3177	2983	2788	2595	2414	2294	2142	
4	987	95.0	95.0	1	0	0	2	915	1112	1470	2040	2658	3205	3538	3637	3577	3433	3271	3060	2817	2608	2423	2314	2301	2447	2684	2983	3259	3477	3559	3518	3394	3210	2983	2780	2623	2446	2292	2137	
4	1004	95.0	95.0	1	0	0	2	908	1099	1474	2027	2651	3196	3512	3634	3583	3472	3260	3044	2790	2580	2393	2330	2294	2407	2703	2945	3294	3448	3556	3478	3403	3140	2962	2778	2604	2414	2290	2105	
4	1022	94.9	95.0	1	0	0	2	920	1114	1483	2030	2674	3164	3523	3613	3600	3457	3252	3042	2812	2586	2411	2320	2308	2444	2699	2941	3278	3439	3537	3515	3378	3214	3026	2805	2618	2438	2258	2120	
4	1039	95.0	95.0	1	0	0	2	916	1080	1463	2031	2688	3182	3531	3640	3587	3468	3187	3070	2824	2597	2428	2314	2341	2404	2681	2950	3274	3455	3581	3495	3384	3203	3012	2790	2619	2454	2284	2105	
4	1056	95.0	95.0	1	0	0	2	911	1088	1478	2033	2653	3166	3523	3610	3582	3493	3255	3036	2812	2595	2398	2298	2306	2418	2681	2959	3259	3490	3600	3515	3387	3221	2969	2796	2592	2419	2285	2159	
4	1073	95.0	95.0	1	0	0	2	917	1088	1466	2036	2692	3189	3497	3610	3613	3467	3278	3024	2822	2596	2400	2317	2313	2395	2714	2954	3252	3457	3529	3475	3392	3173	2964	2790	2597	2431	2272	2096	
4	1091	95.0	95.0	1	0	0	2	920	1089	1490	2032	2663	3196	3529	3600	3582	3470	3277	3054	2802	2564	2399	2315	2308	2428	2672	2943	3260	3441	3571	3492	3401	3222	3000	2789	2612	2405	2267	2156	
4	1108	95.0	95.0	1	0	0	2	917	1088	1462	2030	2648	3209	3537	3631	3591	3461	3222	3035	2820	2591	2395	2337	2314	2435	2687	2976	3300	3461	3558	3496	3388	3221	2955	2782	2626	2441	2300	2138	
4	1125	95.0	95.0	1	0	0	2	924	1096	1485	2036	2651	3158	3495	3654	3599	3523	3267	3031	2809	2630	2400	2323	2303	2413	2684	2966	3265	3460	3581	3524	3377	3207	2978	2814	2624	2420	2301	2154	
4	1142	95.0	95.0	1	0	0	2	926	1104	1491	2057	2647	3187	3522	3660	3608	3471	3286	3083	2825	2591	2448	2347	2307	2441	2690	2958	3268	3430	3473	3521	3385	3189	2983	2803	2598	2440	2276	2124	
4	1160	95.0	95.0	1	0	0	2	914	1086	1463	2020	2678	3223	3515	3635	3573	3487	3287	3050	2797	2599	2416	2316	2289	2419	2655	2967	3278	3456	3550	3496	3377	3184	2990	2813	2592	2417	2281	2131	
4	1177	95.0	95.0	1	0	0	2	921	1079	1480	2060	2672	3224	3527	3690	3621	3488	3301	3046	2804	2617	2392	2309	2309	2436	2704	2984	3297	3495	3564	3510	3393	3191	2975	2768	2641	2449	2289	2158	
4	1194	95.0	95.0	1	0	0	2	945	1111	1503	2040	2669	3181	3526	3657	3609	3494	3270	3033	2811	2593	2439	2363	2322	2457	2667	2971	3274	3472	3582	3503	3380	3230	2999	2800	2598	2447	2291	2112	
4	1211	95.0	95.0	1	0	0	2	918	1085	1483	2057	2676	3203	3516	3650	3618	3507	3298	3067	2832	2619	2409	2342	2316	2433	2670	2980	3273	3452	3583	3460	3380	3236	2982	2818	2629	2423	2274	2145	
4	1229	95.0	95.0	1	0	0	2	914	1098	1497	2036	2684	3182	3546	3656	3636	3472	3295	3072	2827	2590	2387	2310	2303	2419	2687	2966	3280	3474	3577	3524	3403	3184	3004	2820	2627	2430	2283	2156	
4	1246	95.0	95.0	1	0	0	2	900	1097	1505	2033	2694	3194	3518	3659	3620	3478	3264	3031	2777	2591	2442	2318	2312	2440	2676	2956	3308	3495	3539	3500	3391	3196	2992	2797	2622	2414	2254	2126	
4	1263	95.0	95.0	1	0	0	2	909	1109	1474	2044	2672	3216	3564	3702	3615	3484	3288	3051	2825	2610	2405	2310	2303	2427	2687	2971	3281	3502	3551	3544	3412	3205	2997	2813	2614	2446	2290	2129	
4	1280	94.9	95.0	1	0	0	2	924	1114	1434	2053	2641	3168	3536	3629	3579	3485	3281	3075	2804	2625	2416	2316	2317	2423	2707	2956	3281	3448	3556	3494	3385	3210	3017	2792	2631	2449	2315	2120	
4	1324	95.0	95.0	1	1	0	2	926	1098	1476	2038	2693	3188	3528	3603	3599	3474	3282	3061	2800	2569	2404	2312	2302	2418	2689	2968	3288	3455	3559	3506	3407	3217	2995	2775	2624	2438	2284	2138	
4	1391	60.0	60.0	1	1	1	2	1003	1384	2175	3313	4593	5616	6162	6287	6063	5767	5270	4799	4342	3906	3453	3210	3028	3118	3317	3661	4060	4301	4435	4334	4136	3920	3629	3314	3017	2828	2645	2426	
4	1409	59.9	60.0	1	1	1	2	991	1383	2178	3348	4661	5654	6218	6322	6101	5714	5279	4863	4377	3917	3493	3227	3104	3102	3338	3692	4064	4304	4426	4370	4185	3885	3615	3335	3080	2790	2633	2441	
4	1426	60.0	60.0	1	1	1	2	986	1392	2186	3371	4676	5650	6168	6312	6143	5738	5303	4896	4360	3938	3502	3230	3096	3107	3358	3679	4056	4293	4476	4368	4192	3908	3630	3302	3053	2816	2636	2442	
4	1443	60.0	60.0	1	1	1	2	1011	1410	2187	3360	4663	5615	6211	6319	6078	5760	5296	4828	4338	3891	3535	3244	3049	3120	3330	3676	4065	4300	4453	4369	4149	3906	3621	3342	3035	2813	2616	2440	
4	1460	60.0	60.0	1	1	1	2	1003	1382	2181	3371	4644	5669	6188	6274	6091	5772	5298	4836	4371	3932	3507	3225	3044	3107	3341	3661	4077	4312	4418	4355	4192	3908	3621	3345	3092	2791	2613	2440	
4	1478	59.9	60.0	1	1	1	2	1003	1392	2191	3395	4638	5615	6220	6332	6080	5731	5306	4814	4349	3929	3497	3233	3080	3107	3326	3650	4064	4315	4423	4407	4164	3942	3643	3326	3095	2816	2616	2446	
4	1495	59.9	60.0	1	1	1	2	1014	1366	2220	3377	4678	5646	6236	6308	6105	5770	5293	4838	4366	3931	3452	3236	3068	3119	3329	3692	4088	4300	4445	4373	4136	3912	3627	3310	3062	2814	2608	2464	
4	1559	95.0	95.1	2	1	0	2	929	1094	1486	2042	2691	3200	3599	3665	3645	3472	3288	3085	2819	2632	2415	2327	2302	2404	2693	2959	3297	3473	3535	3491	3395	3217	2959	2780	2622	2428	2286	2157	
4	1577	95.0	95.0	2	1	0	2	927	1080	1471	2053	2666	3181	3502	3643	3554	3466	3255	3042	2816	2603	2383	2308	2297	2412	2647	2946	3253	3397	3505	3470	3376	3135	2959	2776	2591	2424	2281	2136	
4	1639	59.9	60.1	2	1	1	2	1013	1370	2170	3381	4585	5587	6143	6280	6080	5700	5241	4825	4306	3872	3450	3236	3038	3076	3337	3626	4061	4305	4380	4385	4151	3889	3565	3297	3092	2824	2618	2417	
4	1657	60.0	60.0	2	1	1	2	1001	1380	2191	3312	4648	5602	6072	6298	6041	5717	5306	4838	4330	3858	3514	3249	3070	3085	3345	3669	4025	4288	4457	4367	4182	3898	3650	3332	3068	2817	2611	2426	
4	1674	60.0	60.0	2	1	1	2	1007	1381	2184	3355	4602	5639	6211	6268	6047	5758	5266	4819	4355	3923	3463	3254	3065	3115	3330	3707	4065	4292	4452	4346	4138	3906	3617	3301	3069	2814	2629	2414	
4	1691	59.9	60.0	2	1	1	2	1014	1391	2165	3365	4650	5644	6193	6277	6036	5735	5321	4823	4348	3909	3495	3214	3051	3085	3334	3646	4032	4312	4445	4348	4206	3936	3607	3311	3056	2808	2582	2402	
4	1708	59.9	60.0	2	1	1	2	1005	1375	2184	3356	4630	5602	6172	6322	6087	5771	5290	4823	4364	3908	3511	3227	3076	3098	3321	3686	4069	4318	4434	4369	4175	3929	3658	3326	3069	2814	2610	2424	
4	1726	60.0	60.0	2	1	1	2	1009	1395	2204	3331	4623	5628	6194	6306	6115	5723	5250	4843	4356	3932	3478	3239	3073	3116	3336	3672	4065	4327	4417	4340	4166	3880	3632	3358	3087	2822	2651	2464	
4	1743	60.0	60.0	2	1	1	2	996	1371	2182	3353	4622	5614	6114	6288	6041	5698	5251	4823	4339	3913	3494	3243	3062	3088	3333	3645	4041	4277	4435	4348	4167	3902	3615	3297	3069	2828	2585	2399	
4	1805	95.0	95.1	3	1	0	2	911	1116	1487	2053	2690	3205	3534	3636	3631	3468	3264	3069	2819	2583	2412	2318	2322	2416	2678	2947	3282	3436	3522	3506	3374	3179	2964	2785	2613	2416	2285	2118	
4	1823	95.0	95.0	3	1	0	2	909	1091	1480	2007	2706	3189	3545	3633	3594	3468	3241	3056	2794	2586	2404	2306	2279	2439	2636	2921	3257	3383	3525	3484	3346	3168	2976	2783	2605	2400	2293	2094	
4	1888	59.9	60.0	3	1	1	2	1010	1381	2195	3371	4617	5625	6152	6327	6074	5740	5294	4808	4349	3880	3479	3239	3092	3100	3320	3651	4077	4300	4446	4347	4212	3920	3589	3325	3087	2811	2626	2424	
4	1905	59.9	60.0	3	1	1	2	1002	1402	2166	3369	4608	5617	6139	6333	6090	5765	5291	4889	4348	3894	3504	3223	3072	3078	3340	3665	4054	4320	4422	4372	4170	3881	3611	3320	3037	2843	2596	2404	
4	1922	59.9	60.0	3	1	1	2	1007	1397	2183	3385	4656	5667	6227	6339	6066	5733	5337	4876	4335	3945	3499	3233	3061	3111	3339	3672	4047	4318	4420	4360	4189	3921	3587	3318	3069	2811	2618	2423	
4	1939	59.9	60.0	3	1	1	2	1007	1403	2197	3395	4654	5668	6219	6338	6161	5782	5311	4865	4399	3957	3486	3263	3092	3139	3375	3664	4119	4314	4452	4383	4178	3914	3598	3335	3100	2832	2595	2438	
4	1957	60.0	60.0	3	1	1	2	1004	1365	2194	3344	4646	5623	6218	6315	6113	5752	5278	4854	4337	3914	3497	3237	3079	3105	3321	3707	4083	4308	4429	4353	4176	3934	3576	3314	3056	2830	2648	2403	
4	1974	60.0	60.0	3	1	1	2	1005	1376	2191	3359	4654	5648	6177	6330	6080	5736	5289	4843	4373	3954	3487	3246	3095	3081	3353	3627	4065	4318	4449	4341	4186	3920	3639	3326	3037	2807	2590	2486	
4	1991	60.0	60.0	3	1	1	2	1008	1384	2163	3351	4662	5617	6216	6335	6110	5735	5298	4800	4384	3920	3512	3221	3117	3100	3340	3655	4074	4284	4425	4343	4194	3923	3586	3310	3038	2822	2605	2402	
4	2054	95.0	95.1	4	1	0	2	924	1099	1491	2054	2668	3213	3530	3671	3599	3491	3277	3048	2832	2587	2406	2312	2288	2413	2634	2954	3235	3448	3522	3494	3356	3169	2964	2759	2612	2417	2269	2140	
4	2071	95.0	95.0	4	1	0	2	915	1107	1475	2053	2657	3193	3524	3641	3613	3482	3271	3048	2796	2588	2395	2303	2304	2390	2662	2962	3226	3431	3518	3460	3316	3121	2969	2741	2593	2413	2248	2113	
4	2134	59.9	60.1	4	1	1	2	1005	1368	2190	3369	4593	5589	6144	6302	6056	5721	5296	4820	4310	3908	3510	3234	3057	3091	3343	3677	4089	4293	4411	4342	4153	3942	3589	3298	3068	2788	2615	2437	
4	2151	60.0	60.0	4	1	1	2	1022	1380	2186	3357	4648	5615	6131	6277	6070	5701	5281	4797	4338	3915	3504	3229	3066	3100	3341	3656	4022	4277	4376	4344	4137	3882	3585	3330	3081	2795	2617	2437	
4	2168	59.9	60.0	4	1	1	2	1002	1377	2213	3380	4650	5686	6220	6310	6110	5799	5340	4868	4348	3947	3534	3242	3095	3097	3350	3691	4047	4310	4429	4313	4164	3910	3628	3344	3097	2805	2621	2417	
4	2185	60.0	60.0	4	1	1	2	982	1390	2180	3379	4675	5700	6213	6321	6075	5764	5285	4824	4349	3908	3482	3267	3127	3109	3333	3690	4099	4308	4387	4375	4202	3896	3567	3317	3053	2818	2613	2445	
4	2203	59.9	60.0	4	1	1	2	1004	1383	2190	3358	4604	5650	6171	6355	6062	5803	5276	4827	4377	3912	3522	3238	3079	3088	3351	3676	4072	4327	4406	4378	4184	3920	3616	3332	3073	2805	2625	2431	
4	2220	60.0	60.0	4	1	1	2	986	1373	2170	3353	4654	5644	6133	6315	6049	5760	5311	4840	4348	3924	3504	3232	3077	3088	3332	3638	4067	4287	4405	4380	4169	3906	3603	3321	3062	2825	2584	2405	
4	2237	59.9	60.0	4	1	1	2	1036	1397	2196	3375	4639	5641	6157	6302	6100	5759	5306	4832	4343	3927	3509	3219	3066	3076	3326	3628	4047	4286	4419	4323	4179	3901	3601	3330	3026	2815	2613	2422	
4	2300	95.0	95.0	5	1	0	2	915	1116	1477	2057	2695	3232	3515	3668	3632	3475	3264	3065	2830	2626	2409	2339	2291	2392	2659	2953	3284	3412	3546	3483	3350	3207	2972	2786	2538	2424	2261	2114	
4	2317	95.0	95.0	5	1	1	2	929	1119	1470	2054	2663	3177	3470	3616	3559	3454	3251	3018	2758	2558	2374	2295	2255	2388	2640	2912	3176	3403	3517	3427	3315	3140	2933	2735	2582	2378	2256	2100	
4	2380	59.9	60.1	5	1	1	2	1015	1383	2205	3320	4640	5594	6159	6237	6056	5683	5278	4832	4335	3886	3468	3197	3038	3051	3330	3642	4020	4303	4368	4347	4144	3861	3600	3315	3046	2775	2605	2402	
4	2397	59.9	60.0	5	1	1	2	995	1367	2226	3361	4625	5651	6173	6315	6097	5783	5256	4849	4346	3944	3469	3222	3083	3090	3333	3660	4110	4310	4428	4362	4193	3941	3603	3313	3081	2820	2626	2412	
4	2414	60.0	60.0	5	1	1	2	1001	1368	2198	3350	4659	5628	6228	6306	6112	5763	5309	4790	4353	3921	3513	3214	3070	3117	3331	3710	4023	4282	4371	4315	4194	3929	3606	3296	3072	2793	2632	2434	
4	2432	60.0	60.0	5	1	1	2	1006	1376	2166	3401	4605	5657	6233	6308	6117	5750	5307	4812	4328	3916	3447	3227	3084	3074	3290	3652	4033	4322	4382	4337	4165	3913	3567	3330	3072	2815	2639	2415	
4	2449	59.9	60.0	5	1	1	2	998	1382	2196	3339	4652	5628	6142	6293	6093	5730	5249	4781	4327	3924	3470	3221	3046	3077	3325	3668	4022	4274	4427	4328	4155	3857	3602	3301	3052	2823	2594	2413	
4	2466	60.0	60.0	5	1	1	2	999	1382	2185	3345	4638	5606	6211	6289	6049	5715	5276	4780	4327	3905	3492	3257	3037	3072	3320	3638	4006	4273	4419	4327	4095	3901	3602	3302	3062	2812	2597	2407	
4	2483	59.9	60.0	5	1	1	2	1020	1374	2183	3340	4629	5620	6142	6217	6003	5705	5237	4737	4311	3867	3474	3200	3054	3068	3349	3621	4061	4295	4370	4361	4125	3861	3595	3294	3023	2776	2590	2432	
4	2546	95.1	95.1	6	1	0	2	917	1102	1481	2048	2676	3181	3491	3641	3597	3461	3243	3041	2780	2557	2428	2311	2299	2389	2632	2872	3258	3409	3520	3434	3324	3142	2934	2760	2565	2389	2241	2109	
4	2563	95.0	95.0	6	1	1	2	903	1094	1457	2022	2646	3132	3484	3653	3573	3424	3233	3013	2788	2563	2404	2298	2281	2384	2628	2898	3222	3431	3478	3458	3340	3150	2944	2712	2547	2414	2254	2128	
4	2626	59.9	60.1	6	1	1	2	1010	1367	2180	3328	4605	5543	6150	6234	6038	5683	5262	4818	4312	3915	3442	3217	3040	3072	3309	3607	4001	4274	4389	4304	4113	3889	3572	3319	3025	2811	2621	2402	
4	2643	59.9	60.0	6	1	1	2	1007	1372	2186	3332	4616	5604	6145	6210	6041	5729	5253	4804	4327	3884	3463	3216	3038	3073	3312	3645	3992	4249	4356	4345	4154	3865	3579	3286	3062	2813	2637	2424	
4	2660	60.0	60.0	6	1	1	2	1002	1378	2196	3349	4620	5620	6115	6283	6064	5710	5254	4809	4361	3898	3459	3209	3041	3039	3317	3611	4028	4245	4364	4324	4132	3938	3590	3307	3046	2812	2594	2409	
4	2678	59.9	60.0	6	1	1	2	990	1394	2172	3346	4627	5600	6118	6293	6082	5768	5281	4816	4319	3914	3461	3213	3027	3057	3300	3660	4012	4284	4373	4333	4142	3899	3577	3311	3072	2781	2605	2454	
4	2695	59.9	60.0	6	1	1	2	1015	1376	2188	3368	4555	5570	6113	6263	6005	5714	5251	4769	4300	3859	3445	3230	3071	3071	3321	3631	4018	4251	4404	4316	4127	3900	3593	3298	3040	2795	2602	2402	
4	2712	59.9	60.0	6	1	1	2	997	1389	2175	3319	4592	5596	6129	6246	6031	5713	5253	4802	4344	3896	3476	3233	3066	3088	3330	3606	4023	4293	4408	4302	4137	3865	3592	3324	3069	2792	2589	2396	
4	2729	59.9	60.0	6	1	1	2	1010	1363	2175	3313	4588	5617	6114	6254	6028	5690	5209	4752	4312	3896	3440	3189	3060	3046	3293	3638	4007	4217	4371	4336	4119	3865	3547	3278	3028	2783	2595	2394	
4	2794	95.0	95.1	7	1	0	2	903	1077	1466	2023	2656	3173	3474	3604	3552	3428	3238	3014	2809	2580	2398	2304	2287	2374	2609	2860	3221	3389	3507	3433	3345	3155	2925	2726	2554	2384	2249	2089	
4	2811	95.0	95.0	7	1	1	2	910	1113	1474	2014	2656	3172	3461	3596	3567	3407	3230	3009	2785	2586	2386	2205	2266	2365	2609	2890	3187	3388	3475	3416	3282	3116	2948	2741	2570	2382	2230	2105	
4	2874	59.9	60.1	7	1	1	2	1008	1356	2168	3299	4549	5558	6061	6222	6014	5680	5207	4748	4276	3847	3471	3202	3023	3037	3261	3612	3969	4190	4362	4283	4127	3898	3567	3280	3041	2782	2612	2394	
4	2891	59.9	60.0	7	1	1	2	999	1324	2164	3325	4584	5523	6096	6204	6037	5672	5219	4756	4318	3868	3456	3157	3041	3052	3301	3597	3995	4259	4365	4313	4100	3846	3533	3269	3041	2805	2593	2386	
4	2908	60.0	60.0	7	1	1	2	984	1387	2165	3317	4579	5625	6133	6217	6117	5709	5225	4817	4311	3864	3459	3197	3027	3076	3292	3621	4011	4262	4380	4288	4111	3908	3591	3336	3042	2786	2560	2410	
4	2926	60.0	60.0	7	1	1	2	1004	1352	2168	3326	4602	5574	6105	6216	6036	5708	5230	4766	4317	3864	3460	3194	3021	3086	3266	3633	3987	4280	4398	4320	4140	3839	3569	3309	3030	2768	2557	2394	
4	2943	60.0	60.0	7	1	1	2	996	1389	2190	3303	4540	5526	6099	6211	6006	5679	5207	4794	4284	3836	3449	3171	3010	3026	3285	3607	4005	4232	4341	4279	4128	3820	3557	3276	3015	2745	2571	2380	
4	2960	60.0	60.0	7	1	1	2	980	1348	2153	3313	4513	5505	6028	6157	5978	5672	5166	4730	4273	3838	3418	3175	2999	3043	3284	3615	3955	4247	4324	4261	4083	3840	3513	3292	2995	2733	2615	2379	
4	2977	60.0	60.0	7	1	1	2	1005	1372	2173	3305	4599	5504	6082	6224	5982	5602	5199	4769	4259	3843	3425	3212	3003	3063	3329	3569	3975	4215	4347	4295	4059	3824	3538	3301	2986	2774	2576	2400	
4	3042	95.0	95.1	8	1	0	2	924	1084	1462	2008	2628	3150	3454	3592	3556	3401	3219	3006	2774	2576	2365	2303	2247	2380	2584	2856	3178	3396	3426	3381	3274	3098	2908	2722	2529	2351	2211	2061	
4	3059	95.0	95.0	8	1	1	2	898	1089	1465	2004	2586	3114	3448	3556	3501	3393	3190	2980	2740	2552	2370	2269	2255	2341	2611	2848	3147	3357	3434	3402	3254	3076	2899	2702	2527	2364	2228	2084	
4	3122	59.9	60.1	8	1	1	2	981	1357	2141	3275	4562	5460	6059	6117	5956	5600	5164	4719	4265	3836	3415	3177	3005	3035	3287	3584	3963	4179	4335	4261	4112	3802	3546	3268	3016	2751	2564	2372	
4	3139	59.9	60.0	8	1	1	2	1004	1367	2138	3304	4500	5492	6020	6144	5911	5615	5156	4700	4246	3802	3408	3146	3012	3021	3286	3590	3958	4214	4333	4226	4076	3840	3525	3237	3018	2740	2549	2397	
4	3156	59.9	60.0	8	1	1	2	1010	1374	2188	3326	4543	5482	6073	6242	5965	5660	5186	4736	4271	3855	3441	3193	3047	3023	3313	3585	3993	4204	4336	4251	4080	3852	3561	3249	2987	2732	2594	2393	
4	3174	60.0	60.0	8	1	1	2	1016	1368	2198	3303	4560	5478	6109	6182	5956	5684	5176	4774	4293	3896	3449	3197	2986	3054	3299	3589	4016	4270	4341	4291	4101	3824	3556	3299	3036	2762	2564	2387	
4	3191	59.9	60.0	8	1	1	2	1008	1352	2175	3308	4569	5491	6033	6226	5989	5582	5194	4750	4250	3851	3451	3176	2998	3055	3261	3558	3963	4190	4334	4266	4068	3843	3535	3252	3010	2769	2553	2419	
4	3208	59.9	60.0	8	1	1	2	997	1367	2147	3289	4535	5510	6026	6172	5956	5656	5173	4772	4258	3835	3393	3206	3012	3036	3235	3611	3957	4193	4317	4259	4055	3819	3525	3242	3004	2777	2565	2396	
4	3225	59.9	60.0	8	1	1	2	1012	1393	2155	3248	4540	5468	6033	6161	5937	5624	5124	4692	4247	3804	3409	3170	2999	3018	3299	3591	3967	4206	4326	4287	4070	3865	3512	3262	2987	2734	2559	2381	
4	3288	95.0	95.0	9	1	0	2	915	1101	1451	2022	2605	3113	3462	3572	3547	3402	3212	2997	2777	2550	2366	2265	2281	2359	2595	2871	3168	3349	3459	3431	3283	3073	2898	2688	2538	2344	2242	2095	
4	3305	95.0	95.0	9	1	1	2	910	1089	1452	1983	2585	3110	3439	3556	3516	3355	3141	2977	2725	2554	2338	2241	2255	2318	2604	2880	3152	3347	3401	3384	3252	3077	2888	2690	2540	2348	2240	2043	
4	3368	60.0	60.1	9	1	1	2	1007	1341	2143	3263	4496	5475	5988	6086	5884	5577	5191	4690	4204	3781	3396	3159	2996	3029	3282	3564	3976	4175	4298	4269	4057	3810	3536	3233	2971	2737	2528	2360	
4	3385	59.9	60.0	9	1	1	2	988	1372	2163	3295	4493	5493	6005	6155	5953	5605	5153	4706	4251	3840	3405	3171	3006	3002	3260	3574	3962	4202	4325	4262	4056	3821	3513	3233	2994	2746	2550	2381	
4	3403	60.0	60.0	9	1	1	2	993	1363	2153	3308	4578	5534	6012	6203	5992	5619	5147	4745	4270	3830	3425	3134	3018	3037	3297	3614	3968	4237	4318	4255	4068	3814	3521	3237	2981	2735	2566	2382	
4	3420	60.0	60.0	9	1	1	2	1005	1380	2147	3323	4564	5540	6063	6194	5985	5621	5173	4740	4283	3869	3448	3197	3021	3055	3295	3584	4019	4175	4340	4267	4067	3831	3514	3259	3008	2762	2547	2381	
4	3437	60.0	60.0	9	1	1	2	1009	1355	2127	3289	4531	5525	6054	6201	5942	5673	5181	4686	4275	3813	3407	3182	3005	3024	3275	3578	3983	4250	4327	4254	4102	3842	3533	3227	2979	2754	2544	2390	
4	3454	59.9	60.0	9	1	1	2	990	1372	2138	3280	4525	5459	5994	6109	5871	5544	5119	4684	4196	3835	3423	3153	2996	3034	3266	3552	3946	4199	4304	4247	4072	3785	3506	3234	2956	2756	2555	2374	
4	3472	60.0	60.0	9	1	1	2	1004	1360	2144	3284	4540	5492	6022	6145	5941	5625	5187	4710	4225	3850	3403	3168	2970	3038	3240	3562	3965	4163	4329	4228	4096	3813	3493	3261	3000	2754	2586	2364	
4	3534	95.0	95.0	10	1	0	2	910	1078	1436	2018	2608	3126	3482	3544	3550	3384	3164	2988	2758	2534	2345	2288	2237	2334	2592	2877	3156	3364	3424	3364	3237	3088	2892	2702	2519	2343	2229	2078	
4	3551	94.9	95.0	10	1	0	2	910	1087	1447	1991	2580	3100	3415	3528	3486	3372	3192	2936	2748	2525	2343	2242	2240	2340	2585	2835	3142	3339	3404	3362	3283	3057	2867	2681	2513	2352	2200	2069	
4	3614	59.9	60.1	10	1	1	2	994	1346	2168	3254	4477	5405	5919	6060	5853	5559	5053	4721	4200	3804	3387	3128	2985	2989	3221	3552	3892	4157	4294	4228	4035	3800	3487	3224	2969	2703	2546	2338	
4	3631	59.9	60.0	10	1	1	2	996	1363	2122	3297	4527	5418	6004	6106	5934	5584	5138	4706	4232	3790	3344	3143	3053	3005	3267	3552	3963	4196	4307	4210	4042	3775	3487	3229	2989	2734	2555	2362	
4	3649	59.9	60.0	10	1	1	2	1004	1379	2148	3253	4510	5479	6008	6133	5911	5608	5141	4721	4221	3843	3429	3180	3042	3003	3237	3559	3949	4144	4301	4252	4084	3806	3512	3235	2960	2753	2547	2379	
4	3666	59.9	60.0	10	1	1	2	999	1361	2134	3278	4494	5437	6006	6133	5843	5587	5127	4694	4232	3796	3394	3126	3028	3030	3254	3551	3939	4204	4306	4191	4048	3806	3504	3235	2984	2762	2561	2371	
4	3683	60.0	60.0	10	1	1	2	1009	1347	2126	3282	4509	5493	5951	6083	5890	5577	5105	4699	4224	3776	3418	3118	2979	2986	3218	3555	3913	4120	4296	4225	4027	3803	3492	3220	2952	2752	2546	2358	
4	3700	60.0	60.0	10	1	1	2	1002	1354	2112	3236	4457	5403	5910	6098	5809	5536	5060	4637	4226	3760	3400	3127	2986	2983	3200	3490	3906	4158	4252	4183	4002	3760	3473	3186	2962	2762	2544	2363	
4	3718	60.0	60.0	10	1	1	2	1010	1366	2144	3246	4470	5430	5932	6094	5916	5519	5110	4670	4206	3780	3360	3119	2985	3010	3224	3554	3858	4174	4274	4188	4006	3761	3483	3214	2972	2739	2529	2374	
4	3780	94.9	95.0	11	1	0	2	906	1076	1456	2010	2660	3128	3434	3585	3474	3389	3196	2978	2731	2516	2344	2258	2243	2352	2561	2861	3154	3293	3419	3379	3240	3049	2885	2707	2491	2347	2191	2079	
4	3798	95.0	95.0	11	1	1	2	943	1084	1467	2000	2555	3101	3385	3523	3483	3338	3160	2939	2734	2508	2352	2233	2239	2292	2583	2839	3113	3325	3406	3352	3277	3064	2851	2676	2492	2353	2194	2058	
4	3860	59.9	60.1	11	1	1	2	982	1362	2132	3274	4429	5380	5907	6017	5826	5507	5069	4653	4189	3781	3385	3099	2988	2987	3210	3497	3906	4152	4236	4172	3985	3744	3500	3240	2982	2714	2535	2359	
4	3878	59.9	60.0	11	1	1	2	996	1353	2128	3262	4461	5448	5918	6049	5846	5499	5101	4634	4222	3759	3360	3155	3007	2980	3224	3539	3919	4194	4302	4175	4052	3779	3477	3174	2967	2744	2538	2334	
4	3895	59.9	60.0	11	1	1	2	991	1370	2150	3270	4518	5448	5972	6073	5856	5549	5106	4711	4204	3795	3375	3143	2964	3003	3229	3581	3878	4152	4248	4207	4061	3750	3496	3215	2957	2738	2561	2382	
4	3912	60.0	60.0	11	1	1	2	1009	1336	2143	3251	4465	5393	5892	6035	5860	5578	5080	4638	4201	3753	3428	3127	2984	2974	3229	3515	3871	4156	4241	4207	4023	3738	3473	3237	2963	2698	2519	2344	
4	3929	60.0	60.0	11	1	1	2	1016	1350	2171	3236	4493	5421	5930	6070	5836	5558	5076	4637	4153	3754	3363	3129	3002	2977	3214	3529	3886	4118	4237	4186	4038	3760	3473	3224	2962	2702	2522	2350	
4	3947	60.0	60.0	11	1	1	2	996	1356	2129	3244	4400	5384	5955	6035	5812	5490	5058	4617	4169	3743	3358	3111	2987	2971	3199	3547	3853	4104	4275	4199	4041	3753	3440	3205	2934	2712	2526	2337	
4	3964	60.0	60.0	11	1	1	2	990	1358	2126	3223	4466	5390	5858	6007	5819	5512	5000	4613	4147	3782	3365	3121	2981	2971	3218	3515	3884	4107	4256	4162	4010	3752	3427	3185	2935	2720	2527	2320	
4	4028	94.9	95.1	12	1	0	2	911	1091	1446	1991	2566	3110	3413	3503	3492	3384	3187	2963	2725	2553	2348	2235	2256	2337	2562	2860	3127	3362	3410	3364	3247	3095	2855	2664	2535	2342	2214	2038	
4	4046	95.0	95.0	12	1	1	2	904	1064	1444	1996	2578	3063	3368	3484	3442	3361	3128	2932	2706	2500	2343	2233	2231	2332	2560	2811	3100	3291	3373	3318	3231	3046	2840	2674	2502	2313	2197	2056	
4	4108	60.0	60.1	12	1	1	2	1001	1381	2083	3243	4407	5343	5883	5991	5791	5521	5041	4612	4151	3762	3361	3111	2934	2976	3224	3504	3920	4109	4246	4176	3986	3765	3445	3193	2969	2694	2509	2305	
4	4126	59.9	60.0	12	1	1	2	986	1350	2145	3262	4469	5393	5921	6028	5861	5574	5042	4642	4146	3777	3384	3117	2970	3002	3235	3519	3904	4140	4266	4180	4021	3769	3472	3198	2946	2722	2541	2356	
4	4143	60.0	60.0	12	1	1	2	1003	1347	2154	3240	4479	5456	5965	6116	5847	5610	5120	4647	4219	3782	3380	3125	2943	3013	3226	3544	3892	4128	4234	4224	4035	3756	3486	3227	2965	2717	2503	2365	
4	4160	60.0	60.0	12	1	1	2	993	1345	2152	3288	4486	5414	5910	6070	5832	5513	5066	4601	4160	3766	3374	3130	2969	2963	3178	3507	3905	4169	4266	4207	4012	3767	3474	3212	2967	2738	2553	2344	
4	4177	59.9	60.0	12	1	1	2	991	1363	2150	3280	4458	5434	5933	6076	5890	5546	5009	4644	4242	3772	3344	3128	2957	2991	3216	3504	3913	4148	4247	4200	4020	3766	3449	3199	2973	2727	2533	2370	
4	4195	60.0	60.0	12	1	1	2	1019	1355	2138	3236	4433	5394	5967	5988	5839	5519	5035	4599	4161	3755	3352	3108	2955	2984	3193	3540	3881	4116	4226	4177	4012	3747	3450	3213	2925	2701	2532	2321	
4	4212	60.0	60.0	12	1	1	2	977	1345	2141	3254	4467	5458	5961	6067	5917	5555	5067	4639	4170	3813	3373	3118	3013	3024	3201	3543	3891	4168	4265	4177	4050	3751	3489	3230	2985	2718	2556	2319	
4	4274	95.0	95.0	13	1	0	2	926	1083	1471	1982	2606	3109	3414	3532	3514	3362	3178	2975	2757	2538	2336	2254	2224	2329	2581	2846	3117	3325	3399	3342	3239	3063	2856	2684	2511	2333	2233	2062	
4	4292	95.0	95.0	13	1	1	2	912	1081	1458	1945	2567	3044	3384	3513	3451	3326	3122	2934	2678	2508	2303	2239	2221	2315	2507	2812	3078	3311	3408	3321	3194	3012	2830	2642	2493	2277	2201	2032	
4	4354	59.9	60.1	13	1	1	2	974	1353	2096	3213	4412	5330	5868	6018	5787	5511	5065	4621	4166	3754	3322	3082	2956	2956	3212	3492	3891	4095	4222	4142	4003	3696	3429	3183	2977	2707	2533	2341	
4	4372	59.9	60.0	13	1	1	2	995	1367	2107	3261	4491	5398	5898	6015	5817	5499	5048	4655	4199	3741	3385	3112	2962	2993	3209	3544	3870	4092	4242	4175	4004	3755	3479	3169	2942	2722	2556	2358	
4	4389	60.0	60.0	13	1	1	2	996	1367	2128	3241	4467	5448	5908	6079	5878	5616	5083	4687	4196	3782	3368	3127	2956	3025	3253	3528	3901	4129	4248	4206	4036	3804	3468	3209	2958	2729	2540	2358	
4	4406	59.9	60.0	13	1	1	2	982	1353	2139	3218	4480	5394	5891	6029	5831	5547	5045	4661	4167	3795	3351	3094	2959	2996	3227	3558	3895	4102	4252	4164	4011	3739	3459	3217	2957	2665	2541	2354	
4	4423	60.0	60.0	13	1	1	2	980	1340	2131	3223	4414	5388	5821	5988	5748	5486	5060	4626	4157	3747	3369	3084	2959	2962	3192	3502	3850	4082	4219	4132	3960	3722	3438	3212	2931	2683	2484	2334	
4	4441	59.9	60.0	13	1	1	2	987	1356	2119	3208	4411	5348	5902	5990	5799	5436	5035	4618	4137	3759	3329	3073	2939	2962	3192	3490	3850	4121	4226	4169	3970	3743	3447	3157	2942	2710	2502	2332	
4	4458	59.9	60.0	13	1	1	2	989	1345	2095	3233	4415	5309	5886	5961	5782	5453	5017	4600	4106	3720	3334	3042	2956	2969	3176	3503	3868	4055	4223	4150	3961	3747	3426	3173	2919	2702	2522	2339	
4	4521	95.0	95.0	14	1	0	2	906	1094	1449	1995	2580	3101	3408	3536	3503	3404	3162	2941	2721	2523	2317	2249	2225	2347	2534	2812	3114	3329	3365	3327	3201	3044	2804	2677	2502	2324	2200	2040	
4	4538	95.0	95.0	14	1	1	2	906	1096	1438	1971	2562	3086	3393	3468	3451	3359	3118	2954	2718	2493	2354	2217	2205	2320	2572	2795	3104	3283	3382	3330	3226	3051	2841	2680	2494	2317	2177	2023	
4	4601	59.9	60.1	14	1	1	2	997	1349	2103	3235	4431	5324	5901	5973	5783	5438	5050	4601	4170	3700	3335	3109	2946	2947	3228	3493	3901	4121	4255	4156	3981	3735	3463	3177	2938	2706	2512	2334	
4	4618	59.9	60.0	14	1	1	2	1005	1345	2103	3241	4439	5356	5864	6010	5833	5439	5053	4581	4162	3729	3349	3104	2948	2971	3210	3510	3917	4112	4223	4171	3966	3761	3455	3166	2933	2687	2528	2349	
4	4635	60.0	60.0	14	1	1	2	993	1358	2147	3249	4475	5419	5958	6107	5851	5520	5085	4667	4210	3783	3395	3141	2970	2988	3224	3536	3909	4117	4226	4190	4025	3757	3461	3166	2959	2719	2522	2347	
4	4652	59.9	60.0	14	1	1	2	977	1345	2097	3257	4457	5383	5911	6013	5811	5501	5076	4610	4132	3716	3333	3090	2952	2972	3156	3445	3885	4101	4193	4182	3978	3762	3427	3205	2936	2706	2537	2317	
4	4670	60.0	60.0	14	1	1	2	997	1358	2107	3216	4409	5382	5853	6002	5788	5470	5015	4616	4144	3727	3332	3148	2922	2980	3176	3507	3861	4102	4234	4122	3976	3737	3443	3192	2935	2706	2489	2335	
4	4687	59.9	60.0	14	1	1	2	970	1341	2099	3185	4376	5332	5845	5952	5727	5435	4986	4594	4129	3703	3327	3088	2915	2957	3152	3478	3828	4048	4189	4121	3934	3712	3366	3165	2901	2664	2503	2318	
4	4704	60.0	60.0	14	1	1	2	1003	1346	2132	3200	4415	5366	5883	6006	5735	5506	5061	4581	4154	3715	3339	3069	2945	2979	3164	3514	3879	4105	4228	4138	3981	3712	3446	3174	2942	2717	2497	2325	
4	4767	95.0	95.0	15	1	0	2	904	1090	1441	1992	2570	3023	3398	3514	3443	3312	3147	2923	2678	2513	2324	2226	2187	2312	2515	2815	3112	3246	3353	3320	3187	3010	2826	2660	2502	2332	2191	2050	
4	4784	95.0	95.0	15	1	1	2	898	1081	1452	1964	2576	3049	3386	3506	3458	3289	3129	2931	2693	2511	2307	2224	2218	2332	2549	2804	3104	3273	3350	3314	3185	3035	2848	2671	2482	2338	2168	2067	
4	4847	60.0	60.1	15	1	1	2	985	1350	2102	3156	4390	5285	5816	5956	5727	5396	4964	4564	4116	3721	3312	3081	2909	2929	3194	3467	3812	4054	4205	4099	3956	3718	3414	3144	2925	2702	2515	2310	
4	4864	60.0	60.0	15	1	1	2	988	1325	2091	3221	4418	5323	5924	5968	5792	5452	5018	4612	4153	3715	3332	3091	2929	2975	3159	3483	3854	4118	4205	4140	3958	3697	3436	3130	2916	2734	2508	2326	
4	4881	60.0	60.0	15	1	1	2	994	1345	2108	3241	4423	5389	5883	5975	5781	5468	5064	4583	4164	3747	3362	3094	2941	2963	3190	3526	3858	4093	4200	4192	4013	3772	3426	3138	2924	2707	2537	2334	
4	4898	59.9	60.0	15	1	1	2	1004	1343	2106	3242	4422	5364	5877	6006	5809	5477	5057	4608	4112	3758	3350	3113	2955	2975	3185	3494	3848	4085	4212	4121	3954	3715	3450	3179	2930	2703	2486	2328	
4	4916	59.9	60.0	15	1	1	2	988	1350	2108	3218	4436	5352	5896	6024	5781	5480	5063	4574	4171	3736	3341	3108	2935	3003	3210	3492	3893	4134	4241	4139	3990	3752	3440	3180	2942	2731	2501	2333	
4	4933	59.9	60.0	15	1	1	2	1004	1354	2120	3217	4418	5332	5880	5928	5759	5480	5047	4580	4149	3750	3337	3102	2936	2930	3148	3500	3903	4076	4191	4177	3971	3728	3437	3174	2950	2681	2500	2338	
4	4950	60.0	60.0	15	1	1	2	983	1341	2130	3216	4425	5325	5895	6035	5707	5458	5013	4589	4123	3722	3320	3104	2928	2967	3180	3473	3839	4121	4192	4117	3938	3727	3396	3199	2928	2668	2507	2304	
4	5013	94.9	95.0	16	1	0	2	880	1092	1437	1970	2567	3075	3345	3527	3432	3363	3098	2922	2688	2481	2313	2228	2219	2296	2534	2798	3092	3241	3336	3304	3183	3044	2808	2641	2467	2309	2171	2040	
4	5030	95.0	95.0	16	1	1	2	921	1075	1459	1986	2549	3045	3366	3492	3452	3332	3118	2896	2690	2498	2303	2215	2239	2301	2552	2827	3081	3275	3375	3320	3172	3003	2809	2643	2467	2312	2176	2032	
4	5093	59.9	60.1	16	1	1	2	984	1337	2117	3189	4409	5360	5812	5923	5753	5459	5028	4563	4135	3746	3309	3077	2939	2959	3155	3491	3861	4104	4185	4180	3973	3693	3448	3172	2927	2677	2488	2324	
4	5110	60.0	60.0	16	1	1	2	982	1345	2110	3222	4474	5375	5868	6003	5798	5471	5032	4583	4160	3769	3352	3086	2932	2981	3186	3515	3897	4122	4236	4158	3994	3745	3441	3147	2921	2696	2511	2329	
4	5127	59.9	60.0	16	1	1	2	994	1366	2120	3270	4441	5367	5887	6071	5806	5457	5048	4612	4135	3751	3344	3084	2946	2980	3191	3507	3892	4104	4191	4189	4029	3739	3482	3202	2936	2700	2525	2322	
4	5145	60.0	60.0	16	1	1	2	1006	1333	2108	3215	4402	5347	5871	5975	5802	5457	5017	4587	4102	3727	3356	3086	2952	2922	3195	3496	3861	4020	4200	4146	3955	3698	3440	3169	2915	2675	2501	2316	
4	5162	60.0	60.0	16	1	1	2	981	1334	2128	3227	4440	5343	5879	6001	5770	5466	5051	4589	4150	3741	3366	3107	2943	2959	3186	3456	3859	4122	4234	4184	3985	3736	3456	3161	2929	2680	2486	2307	
4	5179	60.0	60.0	16	1	1	2	992	1339	2151	3183	4405	5284	5852	5995	5745	5494	4998	4616	4096	3740	3323	3092	2936	2979	3151	3475	3866	4036	4227	4127	3955	3712	3410	3185	2921	2677	2490	2338	
4	5196	60.0	60.0	16	1	1	2	987	1329	2111	3205	4400	5344	5849	5964	5772	5433	4975	4640	4107	3744	3311	3108	2950	2969	3151	3477	3853	4054	4178	4120	3954	3729	3419	3156	2917	2693	2506	2336	
4	5259	95.0	95.1	17	1	0	2	917	1074	1439	1957	2550	3063	3368	3481	3474	3330	3085	2889	2662	2471	2274	2212	2216	2313	2500	2821	3106	3271	3330	3301	3197	3022	2825	2618	2480	2307	2150	2014	
4	5276	95.0	95.0	17	1	1	2	907	1086	1422	1998	2531	3041	3373	3448	3424	3294	3097	2939	2675	2490	2281	2240	2209	2314	2535	2783	3101	3270	3389	3328	3216	3000	2803	2679	2474	2293	2142	2040	
4	5339	60.0	60.1	17	1	1	2	982	1358	2110	3189	4393	5324	5831	5929	5715	5439	5010	4542	4134	3708	3354	3101	2920	2934	3191	3434	3817	4087	4230	4138	3933	3724	3425	3170	2901	2685	2494	2326	
4	5356	59.9	60.0	17	1	1	2	981	1342	2105	3232	4451	5292	5871	5931	5806	5416	4974	4571	4171	3726	3325	3069	2916	2960	3212	3498	3831	4085	4180	4143	3973	3692	3414	3183	2959	2711	2513	2317	
4	5373	59.9	60.0	17	1	1	2	990	1343	2113	3217	4434	5387	5922	6009	5775	5471	5037	4626	4134	3718	3353	3087	2913	2961	3215	3485	3888	4062	4206	4157	3954	3711	3427	3173	2972	2690	2534	2311	
4	5391	59.9	60.0	17	1	1	2	999	1361	2120	3224	4401	5344	5769	5984	5765	5442	5018	4603	4126	3689	3310	3094	2941	2992	3176	3495	3826	4066	4177	4160	3939	3685	3428	3179	2924	2673	2488	2328	
4	5408	60.0	60.0	17	1	1	2	987	1349	2111	3205	4391	5365	5873	6017	5725	5491	5004	4635	4110	3742	3327	3091	2938	2956	3168	3489	3837	4078	4205	4117	3965	3746	3400	3168	2906	2705	2490	2314	
4	5425	60.0	60.0	17	1	1	2	990	1346	2090	3193	4362	5311	5826	5926	5805	5416	4973	4574	4108	3711	3311	3095	2938	2948	3181	3468	3856	4078	4165	4133	3937	3702	3404	3171	2910	2695	2506	2299	
4	5442	59.9	60.0	17	1	1	2	982	1355	2092	3204	4376	5333	5835	5946	5708	5427	4983	4554	4104	3714	3335	3073	2913	2977	3148	3476	3845	4068	4190	4132	3931	3708	3394	3166	2898	2692	2472	2298	
4	5505	95.0	95.0	18	1	0	2	910	1065	1457	1979	2543	3045	3377	3489	3436	3286	3117	2947	2705	2486	2288	2206	2201	2335	2515	2811	3096	3309	3327	3304	3203	3006	2856	2656	2472	2287	2190	2046	
4	5522	95.0	95.0	18	1	1	2	898	1077	1436	1954	2562	3031	3324	3462	3421	3294	3097	2915	2716	2480	2328	2198	2186	2312	2550	2778	3116	3255	3346	3275	3195	2988	2804	2651	2489	2290	2164	2031	
4	5585	59.9	60.1	18	1	1	2	1004	1338	2080	3154	4307	5270	5808	5912	5658	5333	4957	4480	4085	3681	3305	3073	2918	2928	3160	3473	3832	4058	4125	4113	3904	3649	3412	3125	2896	2690	2485	2286	
4	5602	59.9	60.0	18	1	1	2	996	1344	2102	3223	4345	5312	5817	5911	5694	5424	4994	4536	4120	3711	3304	3078	2886	2942	3155	3493	3824	4063	4169	4086	3927	3686	3404	3172	2932	2703	2485	2309	
4	5619	59.9	60.0	18	1	1	2	1026	1343	2104	3232	4409	5366	5833	6010	5785	5443	5045	4596	4130	3730	3353	3111	2949	2939	3164	3501	3823	4096	4171	4129	3930	3717	3445	3177	2906	2646	2495	2349	
4	5637	60.0	60.0	18	1	1	2	990	1352	2127	3199	4397	5314	5882	5957	5738	5452	4976	4533	4124	3720	3335	3085	2929	2953	3168	3474	3819	4095	4176	4172	3957	3712	3417	3164	2938	2664	2516	2318	
4	5654	59.9	60.0	18	1	1	2	990	1340	2109	3220	4357	5277	5851	5935	5703	5403	4947	4523	4068	3708	3342	3055	2897	2916	3140	3458	3808	4066	4156	4070	3952	3684	3427	3160	2887	2650	2467	2299	
4	5671	60.0	60.0	18	1	1	2	988	1350	2091	3199	4388	5288	5836	5934	5701	5389	4976	4575	4128	3673	3292	3067	2915	2937	3148	3468	3792	4057	4187	4108	3941	3694	3419	3164	2928	2679	2504	2332	
4	5688	59.9	60.0	18	1	1	2	987	1345	2108	3242	4361	5322	5834	5912	5710	5408	4993	4545	4090	3682	3284	3098	2914	2971	3182	3464	3796	4061	4174	4136	3950	3733	3400	3188	2903	2697	2485	2326	
4	5751	95.0	95.1	19	1	0	2	903	1080	1440	1983	2561	3054	3317	3446	3426	3339	3113	2900	2701	2472	2321	2229	2195	2327	2499	2799	3057	3250	3315	3271	3168	3021	2826	2626	2464	2318	2159	2021	
4	5768	95.0	95.0	19	1	1	2	915	1065	1453	1939	2552	3042	3342	3455	3419	3247	3097	2876	2665	2499	2315	2185	2198	2268	2529	2751	3047	3236	3355	3268	3216	3010	2798	2621	2491	2263	2171	2044	
4	5831	60.0	60.1	19	1	1	2	980	1352	2098	3201	4381	5310	5785	5943	5708	5441	4964	4559	4065	3693	3297	3088	2944	2974	3173	3477	3825	4083	4183	4139	3912	3695	3452	3145	2942	2674	2481	2287	
4	5848	59.9	60.0	19	1	1	2	1002	1363	2088	3205	4352	5250	5814	5936	5756	5398	4979	4548	4130	3661	3349	3048	2919	2911	3152	3491	3836	3984	4171	4112	3956	3725	3415	3130	2878	2660	2497	2312	
4	5866	60.0	60.0	19	1	1	2	982	1369	2119	3212	4449	5337	5860	6000	5784	5456	5022	4590	4176	3681	3346	3075	2961	2949	3173	3497	3857	4089	4197	4138	3911	3732	3408	3165	2937	2679	2506	2314	
4	5883	60.0	60.0	19	1	1	2	994	1361	2119	3265	4419	5340	5853	6004	5725	5447	5039	4570	4121	3731	3334	3116	2941	2931	3232	3464	3849	4087	4161	4148	3934	3696	3446	3145	2888	2701	2503	2340	
4	5900	60.0	60.0	19	1	1	2	1009	1335	2097	3206	4363	5326	5809	5919	5724	5396	4996	4532	4094	3714	3294	3097	2922	2942	3139	3471	3842	4074	4173	4086	3942	3705	3410	3141	2884	2663	2499	2325	
4	5917	60.0	60.0	19	1	1	2	1001	1323	2108	3181	4404	5320	5842	5962	5749	5424	4996	4541	4096	3721	3295	3063	2956	2961	3160	3464	3833	4079	4224	4136	3930	3708	3402	3140	2949	2671	2481	2291	
4	5935	60.0	60.0	19	1	1	2	992	1336	2118	3196	4346	5296	5812	5893	5717	5425	4971	4606	4110	3657	3319	3063	2912	2943	3170	3472	3828	4070	4172	4109	3927	3706	3401	3133	2918	2672	2451	2307	
4	5997	94.9	95.0	20	1	0	2	901	1074	1442	1990	2554	3028	3348	3469	3431	3335	3107	2900	2681	2478	2292	2191	2188	2307	2527	2818	3090	3269	3311	3281	3189	3030	2812	2616	2466	2283	2152	2012	
4	6014	95.0	95.0	20	1	1	2	910	1094	1437	1964	2538	3002	3319	3418	3398	3273	3078	2880	2665	2465	2289	2170	2186	2282	2501	2744	3039	3224	3268	3295	3133	3003	2769	2634	2480	2279	2141	2042	
4	6077	60.0	60.1	20	1	1	2	982	1346	2100	3167	4315	5277	5756	5887	5682	5367	4938	4543	4081	3686	3303	3054	2904	2915	3137	3438	3804	4037	4159	4050	3959	3705	3407	3131	2908	2682	2488	2270	
4	6094	59.9	60.0	20	1	1	2	992	1337	2067	3166	4337	5298	5811	5869	5741	5393	4985	4516	4067	3683	3289	3052	2912	2903	3157	3430	3797	4039	4152	4131	3942	3670	3392	3098	2915	2667	2491	2294	
4	6112	59.9	60.0	20	1	1	2	1008	1353	2113	3220	4429	5337	5903	5984	5798	5455	5009	4597	4126	3763	3330	3092	2925	2963	3196	3459	3844	4100	4197	4089	3951	3722	3458	3162	2913	2689	2508	2363	
4	6129	60.0	60.0	20	1	1	2	966	1327	2110	3200	4369	5334	5832	5990	5764	5477	5016	4608	4134	3691	3339	3116	2938	2964	3153	3490	3846	4116	4221	4131	3996	3724	3445	3126	2905	2678	2497	2320	
4	6146	59.9	60.0	20	1	1	2	993	1355	2082	3210	4418	5328	5842	5979	5786	5489	4984	4590	4125	3758	3322	3083	2983	2922	3158	3478	3815	4076	4182	4119	3970	3698	3430	3167	2900	2697	2498	2327	
4	6163	60.0	60.0	20	1	1	2	1003	1354	2074	3221	4389	5263	5813	5932	5718	5427	4975	4550	4100	3708	3316	3080	2914	2862	3184	3463	3823	4012	4203	4122	3950	3703	3450	3152	2918	2680	2488	2315	
4	6181	60.0	60.0	20	1	1	2	988	1348	2092	3198	4322	5326	5810	5930	5741	5425	4966	4562	4137	3696	3309	3071	2917	2930	3180	3480	3802	4084	4168	4091	3930	3698	3427	3133	2903	2660	2468	2294	
4	6245	94.9	95.1	21	1	0	2	897	1080	1439	2008	2567	3043	3341	3442	3449	3296	3133	2902	2657	2488	2302	2221	2187	2291	2528	2804	3062	3238	3300	3300	3168	3013	2819	2606	2463	2307	2155	2033	
4	6262	95.0	95.0	21	1	1	2	910	1087	1429	1977	2552	3032	3329	3467	3364	3294	3085	2889	2644	2482	2273	2199	2183	2274	2526	2764	3053	3222	3338	3248	3169	3001	2818	2623	2444	2283	2162	2008	
4	6325	60.0	60.1	21	1	1	2	983	1346	2077	3184	4356	5261	5784	5940	5726	5396	4989	4570	4091	3687	3275	3101	2950	2953	3160	3448	3811	4013	4209	4101	3927	3709	3428	3178	2942	2671	2487	2291	
4	6343	60.0	60.0	21	1	1	2	980	1337	2103	3183	4400	5360	5819	5934	5759	5432	5008	4568	4133	3714	3329	3069	2897	2955	3170	3480	3823	4033	4148	4123	3949	3713	3468	3166	2937	2680	2501	2304	
4	6360	59.9	60.0	21	1	1	2	976	1354	2120	3209	4429	5314	5916	5937	5732	5453	5000	4587	4105	3700	3335	3116	2914	2937	3173	3454	3899	4056	4157	4135	3949	3707	3433	3166	2931	2673	2521	2316	
4	6377	60.0	60.0	21	1	1	2	1010	1344	2095	3195	4380	5298	5842	5947	5744	5430	5024	4578	4119	3694	3342	3075	2927	2920	3165	3489	3845	4073	4198	4129	3953	3712	3436	3184	2906	2670	2533	2298	
4	6394	59.9	60.0	21	1	1	2	990	1344	2118	3180	4394	5301	5829	5917	5736	5428	5041	4579	4109	3726	3324	3076	2907	2937	3150	3468	3860	4045	4164	4113	3944	3686	3396	3156	2891	2683	2469	2315	
4	6412	60.0	60.0	21	1	1	2	1005	1354	2110	3223	4406	5310	5837	5989	5705	5471	4994	4576	4101	3704	3329	3072	2926	2938	3183	3479	3824	4082	4166	4089	3952	3731	3438	3145	2940	2692	2492	2327	
4	6429	60.0	60.0	21	1	1	2	984	1349	2093	3182	4379	5308	5790	5900	5735	5417	4985	4523	4105	3690	3310	3031	2904	2928	3143	3441	3810	4040	4161	4148	3935	3669	3405	3131	2907	2671	2465	2289	
4	6493	95.0	95.1	22	1	0	2	909	1071	1431	1986	2542	3072	3330	3472	3461	3286	3118	2905	2704	2489	2296	2196	2200	2305	2546	2786	3067	3246	3315	3279	3177	3001	2800	2641	2456	2303	2147	2032	
4	6511	95.0	95.0	22	1	1	2	900	1091	1428	1980	2548	3038	3342	3441	3402	3266	3076	2884	2686	2479	2308	2184	2189	2278	2514	2778	3069	3232	3313	3274	3159	3012	2803	2628	2459	2298	2163	2030	
4	6573	60.0	60.1	22	1	1	2	984	1341	2099	3145	4324	5292	5783	5884	5701	5385	4953	4535	4050	3659	3270	3064	2915	2924	3131	3454	3809	4064	4170	4107	3922	3675	3403	3159	2929	2651	2503	2303	
4	6591	59.9	60.0	22	1	1	2	992	1323	2119	3195	4367	5318	5849	5979	5753	5400	4999	4566	4099	3744	3290	3086	2912	2950	3127	3467	3797	4040	4194	4128	3942	3687	3408	3150	2929	2683	2499	2320	
4	6608	60.0	60.0	22	1	1	2	1003	1355	2109	3203	4411	5315	5833	5975	5791	5450	5005	4635	4119	3705	3362	3112	2901	2965	3184	3469	3813	4090	4202	4134	3967	3724	3420	3155	2918	2703	2494	2327	
4	6625	60.0	60.0	22	1	1	2	998	1351	2092	3243	4372	5302	5859	5947	5721	5410	4992	4546	4088	3669	3288	3071	2920	2946	3168	3465	3832	4035	4178	4104	3930	3673	3438	3119	2897	2698	2478	2301	
4	6642	60.0	60.0	22	1	1	2	999	1340	2109	3205	4366	5298	5802	5927	5740	5394	4985	4543	4146	3681	3293	3067	2900	2978	3155	3475	3838	4085	4184	4095	3973	3678	3415	3163	2909	2680	2511	2330	
4	6660	60.0	60.0	22	1	1	2	989	1342	2093	3190	4372	5327	5807	5925	5737	5406	5016	4566	4116	3684	3329	3077	2937	2944	3193	3462	3826	4075	4176	4100	3932	3728	3407	3157	2907	2687	2489	2275	
4	6677	60.0	60.0	22	1	1	2	995	1335	2101	3190	4373	5303	5809	5925	5726	5387	4982	4530	4101	3691	3305	3066	2912	2896	3131	3487	3831	4030	4155	4123	3929	3674	3403	3120	2898	2682	2478	2320	
4	6741	94.9	95.1	23	1	0	2	911	1075	1429	1964	2558	3030	3330	3463	3427	3314	3094	2915	2660	2497	2268	2212	2198	2280	2526	2761	3088	3206	3350	3286	3178	3015	2796	2614	2467	2271	2169	2035	
4	6759	95.0	95.0	23	1	1	2	904	1074	1435	2005	2509	3012	3318	3401	3379	3293	3094	2869	2661	2496	2273	2201	2210	2274	2518	2767	3064	3244	3296	3260	3135	2950	2812	2606	2447	2287	2171	2020	
4	6821	60.0	60.1	23	1	1	2	992	1325	2096	3162	4335	5278	5819	5975	5718	5401	4975	4532	4116	3690	3307	3043	2912	2911	3164	3430	3823	4046	4112	4100	3932	3714	3404	3165	2888	2656	2487	2342	
4	6839	59.9	60.0	23	1	1	2	994	1345	2109	3210	4392	5301	5802	5943	5699	5454	4996	4578	4115	3734	3304	3049	2913	2922	3155	3437	3788	4047	4130	4100	3914	3681	3438	3116	2907	2669	2480	2323	
4	6856	60.0	60.0	23	1	1	2	982	1331	2096	3178	4379	5350	5852	5879	5725	5425	5021	4561	4124	3699	3314	3048	2900	2945	3148	3474	3828	4076	4190	4122	3956	3709	3390	3134	2938	2703	2483	2325	
4	6873	60.0	60.0	23	1	1	2	981	1342	2072	3203	4397	5305	5780	5857	5735	5412	5019	4583	4100	3691	3329	3059	2905	2917	3161	3426	3844	4052	4179	4091	3923	3687	3428	3138	2898	2659	2490	2290	
4	6890	60.0	60.0	23	1	1	2	1004	1327	2104	3226	4346	5294	5802	5897	5746	5408	4956	4516	4065	3703	3283	3055	2924	2910	3157	3429	3848	4053	4183	4083	3936	3705	3420	3151	2898	2662	2488	2305	
4	6908	60.0	60.0	23	1	1	2	987	1333	2108	3197	4374	5265	5815	5882	5653	5397	4988	4555	4062	3708	3281	3064	2937	2913	3149	3474	3818	4035	4162	4082	3919	3670	3394	3113	2888	2637	2481	2289	
4	6925	60.0	60.0	23	1	1	2	998	1346	2086	3181	4369	5323	5810	5911	5732	5404	4978	4547	4070	3675	3293	3010	2871	2940	3160	3450	3841	4064	4163	4047	3950	3664	3387	3148	2900	2655	2479	2316	
4	6988	95.0	95.1	24	1	0	2	881	1076	1445	1983	2542	3051	3319	3453	3419	3296	3126	2897	2671	2499	2297	2227	2209	2320	2483	2801	3095	3230	3337	3281	3162	3000	2812	2635	2468	2281	2140	2015	
4	7005	95.0	95.0	24	1	1	2	905	1078	1426	1949	2534	3031	3324	3447	3406	3311	3094	2867	2642	2461	2272	2195	2180	2270	2510	2772	3057	3221	3287	3219	3120	2973	2793	2608	2444	2276	2135	2013	
4	7067	60.0	60.1	24	1	1	2	982	1336	2115	3163	4311	5264	5774	5896	5692	5388	4958	4539	4062	3684	3272	3070	2884	2918	3122	3465	3813	4016	4142	4086	3910	3684	3419	3105	2874	2664	2455	2296	
4	7084	59.9	60.0	24	1	1	2	976	1336	2083	3200	4316	5276	5794	5945	5729	5363	4920	4563	4103	3721	3283	3046	2903	2915	3146	3452	3825	4062	4132	4087	3916	3707	3393	3142	2884	2660	2488	2324	
4	7101	60.0	60.0	24	1	1	2	999	1341	2117	3210	4378	5305	5833	5971	5745	5464	5012	4595	4132	3663	3299	3074	2925	2952	3154	3431	3834	4088	4180	4118	3936	3710	3422	3134	2906	2675	2489	2301	
4	7118	59.9	60.0	24	1	1	2	1003	1356	2109	3231	4380	5308	5860	5947	5762	5414	4991	4590	4122	3698	3335	3061	2939	2952	3175	3462	3838	4076	4219	4115	3944	3660	3438	3155	2933	2685	2479	2297	
4	7136	59.9	60.0	24	1	1	2	990	1353	2094	3178	4349	5287	5825	5891	5714	5380	4954	4559	4106	3683	3302	3067	2951	2943	3134	3424	3786	4022	4121	4116	3929	3681	3358	3147	2905	2678	2479	2308	
4	7153	59.9	60.0	24	1	1	2	987	1320	2083	3184	4389	5288	5765	5897	5721	5418	4918	4512	4104	3703	3305	3056	2931	2925	3152	3472	3819	4012	4142	4105	3914	3685	3392	3139	2899	2670	2504	2286	
4	7170	60.0	60.0	24	1	1	2	978	1338	2117	3161	4370	5254	5791	5867	5694	5374	4973	4535	4086	3679	3289	3037	2913	2914	3125	3460	3821	4030	4134	4092	3911	3682	3408	3131	2877	2654	2504	2309	
4	7233	95.0	95.0	25	1	0	2	912	1076	1432	1962	2536	3035	3355	3477	3393	3305	3127	2893	2670	2482	2287	2226	2182	2248	2521	2761	3056	3249	3339	3293	3168	2978	2797	2640	2468	2315	2150	2033	
4	7250	95.0	95.0	25	1	0	2	919	1063	1418	1980	2524	3051	3314	3429	3435	3263	3079	2873	2662	2468	2290	2206	2168	2271	2521	2799	3084	3237	3301	3264	3151	2998	2794	2605	2441	2298	2148	1989	
4	7313	60.0	60.1	25	1	1	2	981	1332	2100	3216	4349	5300	5789	5934	5689	5444	4985	4551	4073	3667	3315	3057	2887	2946	3127	3465	3813	4030	4171	4096	3939	3683	3429	3144	2901	2650	2486	2312	
4	7330	59.9	60.0	25	1	1	2	986	1338	2116	3210	4310	5301	5768	5939	5724	5443	4961	4539	4039	3675	3304	3067	2893	2906	3158	3482	3825	4035	4176	4079	3914	3683	3412	3172	2896	2660	2475	2312	
4	7347	59.9	60.0	25	1	1	2	1021	1353	2103	3212	4401	5328	5840	5968	5717	5458	5023	4540	4164	3738	3331	3105	2948	2974	3146	3464	3896	4072	4221	4125	3989	3716	3417	3161	2943	2685	2500	2357	
4	7364	59.9	60.0	25	1	1	2	983	1320	2117	3204	4374	5272	5855	5897	5742	5432	5008	4549	4102	3709	3296	3073	2923	2946	3169	3476	3797	4037	4175	4096	3928	3695	3423	3132	2917	2657	2480	2327	
4	7382	59.9	60.0	25	1	1	2	980	1347	2105	3178	4342	5306	5819	5908	5735	5402	4955	4585	4083	3683	3309	3029	2903	2925	3156	3451	3816	4077	4156	4112	3964	3708	3425	3153	2878	2690	2483	2301	
4	7399	60.0	60.0	25	1	1	2	998	1343	2086	3192	4380	5278	5764	5889	5717	5401	5001	4589	4115	3705	3345	3070	2909	2926	3174	3417	3829	4091	4158	4097	3925	3685	3388	3151	2889	2652	2506	2324	
4	7416	60.0	60.0	25	1	1	2	989	1360	2093	3195	4343	5303	5740	5919	5721	5351	4936	4533	4088	3687	3275	3057	2893	2932	3146	3440	3824	4028	4170	4094	3887	3660	3424	3114	2902	2678	2470	2299	
4	7479	95.0	95.0	26	1	0	2	888	1071	1435	1948	2553	3036	3308	3448	3404	3252	3085	2898	2656	2467	2296	2203	2215	2232	2499	2747	3052	3224	3302	3279	3143	2981	2800	2610	2465	2276	2165	2033	
4	7496	95.0	95.0	26	1	0	2	906	1046	1424	1963	2521	2984	3301	3418	3384	3266	3085	2874	2614	2477	2299	2206	2166	2275	2518	2751	3047	3229	3290	3285	3150	2961	2785	2633	2476	2305	2117	1993	
4	7559	60.0	60.1	26	1	1	2	988	1345	2062	3159	4348	5236	5790	5934	5671	5393	4927	4543	4135	3652	3293	3046	2908	2953	3153	3429	3808	4023	4163	4067	3911	3692	3381	3176	2892	2636	2507	2304	
4	7576	59.9	60.0	26	1	1	2	989	1330	2092	3165	4367	5257	5774	5888	5752	5367	4956	4511	4097	3699	3316	3042	2920	2888	3139	3443	3780	4035	4132	4087	3921	3662	3389	3085	2882	2645	2478	2307	
4	7593	59.9	60.0	26	1	1	2	995	1324	2082	3193	4393	5285	5823	5944	5711	5384	5008	4546	4109	3674	3297	3063	2918	2914	3153	3465	3848	4037	4143	4087	3944	3676	3403	3128	2880	2644	2490	2321	
4	7611	59.9	60.0	26	1	1	2	989	1335	2108	3194	4368	5298	5844	5922	5697	5367	4965	4570	4062	3682	3284	3049	2921	2921	3180	3470	3811	4022	4148	4110	3919	3676	3378	3135	2897	2670	2508	2290	
4	7628	60.0	60.0	26	1	1	2	1005	1342	2104	3193	4360	5306	5813	5962	5685	5422	4960	4547	4125	3723	3319	3055	2936	2944	3188	3440	3835	4045	4153	4115	3943	3679	3416	3165	2896	2665	2503	2286	
4	7645	60.0	60.0	26	1	1	2	1000	1347	2097	3166	4358	5259	5797	5895	5656	5369	4938	4556	4108	3678	3294	3050	2888	2929	3125	3450	3817	4020	4142	4110	3885	3668	3381	3124	2876	2652	2475	2295	
4	7662	59.9	60.0	26	1	1	2	981	1339	2099	3175	4346	5303	5733	5868	5667	5363	4904	4522	4043	3666	3299	3022	2900	2913	3152	3438	3809	4036	4149	4067	3912	3647	3396	3129	2943	2671	2476	2304	
4	7725	94.9	95.0	27	1	0	2	915	1075	1446	1979	2542	3013	3312	3422	3390	3307	3089	2921	2670	2397	2286	2190	2203	2272	2479	2776	3058	3200	3318	3261	3163	2978	2759	2609	2432	2275	2126	2007	
4	7742	94.9	95.0	27	1	0	2	917	1064	1434	1926	2512	2980	3275	3421	3352	3264	3072	2871	2647	2480	2292	2167	2171	2270	2495	2766	3007	3203	3302	3285	3111	2970	2790	2595	2433	2262	2123	2045	
4	7805	60.0	60.1	27	1	1	2	984	1310	2092	3144	4334	5256	5759	5868	5711	5371	4908	4517	4070	3695	3292	3042	2897	2901	3178	3468	3802	4058	4173	4043	3898	3696	3432	3168	2891	2685	2488	2292	
4	7822	59.9	60.0	27	1	1	2	1012	1339	2079	3171	4366	5284	5753	5904	5701	5416	4983	4584	4097	3748	3283	3048	2892	2916	3129	3432	3837	4069	4169	4117	3905	3685	3416	3125	2901	2672	2459	2300	
4	7839	59.9	60.0	27	1	1	2	987	1336	2118	3186	4387	5300	5822	5973	5726	5447	4977	4571	4119	3712	3319	3099	2930	2951	3186	3459	3815	4101	4204	4127	3964	3690	3402	3145	2914	2665	2495	2325	
4	7857	60.0	60.0	27	1	1	2	965	1344	2108	3189	4355	5308	5839	5932	5678	5409	4967	4563	4094	3706	3295	3060	2885	2960	3141	3448	3832	4046	4174	4071	3931	3699	3387	3144	2902	2669	2466	2299	
4	7874	60.0	60.0	27	1	1	2	973	1344	2074	3164	4317	5258	5803	5834	5664	5367	4960	4535	4091	3651	3255	3040	2882	2930	3114	3436	3808	3984	4125	4086	3926	3678	3416	3143	2882	2665	2486	2326	
4	7891	59.9	60.0	27	1	1	2	986	1324	2071	3197	4346	5232	5807	5909	5690	5374	4925	4557	4073	3670	3277	3071	2915	2956	3146	3416	3800	4036	4178	4057	3909	3670	3394	3090	2887	2659	2484	2294	
4	7908	60.0	60.0	27	1	1	2	970	1335	2110	3210	4373	5293	5752	5856	5719	5391	4957	4544	4112	3708	3293	3031	2930	2936	3154	3461	3813	4043	4140	4109	3926	3693	3410	3151	2877	2639	2480	2297	
4	7973	95.0	95.1	28	1	0	2	900	1096	1425	1991	2563	3044	3359	3458	3376	3272	3096	2867	2663	2488	2258	2204	2168	2303	2517	2773	3057	3272	3327	3246	3181	2988	2783	2598	2431	2306	2116	2003	
4	7990	95.0	95.0	28	1	0	2	913	1085	1423	1956	2535	3018	3303	3432	3385	3273	3120	2880	2635	2457	2265	2183	2212	2277	2496	2756	3053	3212	3292	3229	3134	2963	2803	2595	2460	2278	2128	2011	
4	8053	59.9	60.1	28	1	1	2	992	1343	2099	3202	4337	5274	5750	5866	5683	5384	4952	4518	4083	3672	3294	3031	2901	2935	3146	3447	3794	4022	4167	4059	3948	3671	3358	3134	2911	2654	2502	2308	
4	8070	59.9	60.0	28	1	1	2	986	1350	2100	3198	4394	5281	5799	5881	5693	5417	4982	4577	4132	3697	3301	3034	2921	2951	3150	3476	3836	4080	4182	4100	3933	3679	3385	3157	2931	2653	2479	2295	
4	8087	60.0	60.0	28	1	1	2	994	1325	2130	3226	4433	5247	5795	5955	5694	5422	5003	4569	4107	3708	3296	3053	2919	2953	3154	3456	3847	4061	4154	4132	3926	3682	3409	3143	2925	2678	2484	2300	
4	8105	60.0	60.0	28	1	1	2	992	1311	2092	3188	4396	5301	5834	5926	5696	5417	4978	4557	4117	3697	3309	3087	2896	2952	3163	3423	3804	4042	4117	4096	3902	3678	3370	3127	2890	2651	2507	2297	
4	8122	60.0	60.0	28	1	1	2	994	1333	2084	3180	4344	5290	5817	5893	5660	5360	4968	4512	4101	3664	3294	3109	2891	2964	3148	3433	3826	4043	4136	4053	3932	3656	3406	3128	2902	2655	2483	2276	
4	8139	60.0	60.0	28	1	1	2	1014	1341	2086	3200	4347	5271	5764	5874	5677	5340	4926	4521	4013	3672	3304	3039	2876	2905	3155	3435	3789	4057	4145	4102	3923	3670	3392	3106	2872	2632	2484	2283	
4	8156	59.9	60.0	28	1	1	2	989	1340	2122	3195	4359	5246	5792	5909	5648	5397	4932	4514	4054	3647	3272	3044	2922	2952	3137	3408	3813	4010	4139	4069	3885	3661	3332	3120	2855	2657	2465	2283	
4	8221	94.9	95.1	29	1	0	2	905	1080	1441	1982	2534	3025	3365	3485	3405	3307	3069	2910	2680	2476	2320	2204	2186	2283	2496	2811	3053	3260	3326	3250	3134	2998	2802	2642	2471	2288	2173	2006	
4	8238	95.0	95.0	29	1	0	2	912	1074	1447	1956	2472	3026	3341	3466	3378	3253	3061	2892	2664	2473	2256	2193	2179	2316	2477	2783	3047	3240	3309	3258	3120	2970	2780	2615	2440	2267	2135	2028	
4	8301	59.8	60.1	29	1	1	2	980	1339	2085	3142	4337	5266	5712	5898	5711	5320	4950	4521	4097	3680	3293	3030	2893	2946	3093	3417	3796	4020	4137	4077	3905	3672	3365	3124	2895	2655	2490	2307	
4	8318	59.9	60.0	29	1	1	2	992	1337	2106	3160	4368	5280	5800	5915	5724	5420	4963	4550	4130	3651	3304	3036	2899	2923	3125	3426	3831	4027	4136	4126	3898	3660	3362	3147	2879	2654	2471	2291	
4	8335	60.0	60.0	29	1	1	2	978	1341	2078	3215	4417	5296	5839	5953	5768	5452	5009	4572	4134	3719	3310	3109	2924	2923	3158	3490	3889	4092	4212	4106	3933	3689	3409	3171	2915	2697	2461	2301	
4	8353	60.0	60.0	29	1	1	2	997	1336	2110	3177	4377	5292	5816	5974	5719	5378	4962	4556	4108	3691	3302	3063	2928	2938	3141	3422	3816	4076	4171	4080	3881	3686	3377	3139	2909	2658	2483	2301	
4	8370	60.0	60.0	29	1	1	2	988	1340	2087	3182	4375	5303	5788	5886	5681	5390	4941	4529	4107	3706	3299	3042	2917	2907	3170	3462	3820	4079	4132	4116	3934	3681	3393	3125	2859	2678	2472	2304	
4	8387	59.9	60.0	29	1	1	2	986	1343	2103	3164	4330	5252	5776	5862	5676	5376	4923	4470	4072	3668	3294	3047	2947	2917	3120	3469	3798	4036	4124	4070	3898	3681	3336	3139	2922	2642	2440	2302	
4	8404	60.0	60.0	29	1	1	2	981	1335	2074	3170	4333	5220	5729	5848	5683	5338	4903	4522	4076	3684	3231	3045	2877	2915	3130	3380	3778	3967	4127	4043	3886	3633	3346	3098	2891	2630	2478	2271	
4	8467	95.0	95.0	30	1	0	2	916	1077	1432	1963	2553	3027	3330	3437	3398	3290	3080	2886	2649	2456	2306	2197	2157	2263	2514	2714	3041	3216	3296	3252	3116	2974	2802	2628	2428	2289	2128	2006	
4	8484	95.0	95.0	30	1	0	2	903	1076	1418	1971	2506	2991	3303	3395	3383	3254	3055	2849	2639	2443	2266	2199	2171	2290	2495	2737	3034	3201	3294	3238	3127	2955	2756	2590	2443	2279	2131	1988	
4	8547	59.9	60.1	30	1	1	2	970	1346	2058	3166	4344	5224	5708	5882	5715	5356	4961	4520	4049	3658	3298	3017	2873	2893	3117	3423	3785	4026	4146	4058	3895	3672	3378	3140	2880	2639	2468	2303	
4	8564	59.9	60.0	30	1	1	2	1009	1347	2100	3172	4382	5328	5807	5936	5717	5428	4968	4558	4105	3699	3332	3087	2916	2925	3131	3458	3810	4045	4137	4099	3892	3691	3416	3132	2913	2663	2512	2318	
4	8582	60.0	60.0	30	1	1	2	985	1339	2082	3199	4357	5291	5816	5911	5702	5394	5001	4585	4088	3687	3281	3055	2893	2949	3166	3446	3797	4045	4179	4094	3949	3670	3384	3143	2875	2646	2467	2288	
4	8599	60.0	60.0	30	1	1	2	1002	1350	2092	3167	4371	5268	5802	5879	5733	5390	4975	4461	4105	3675	3343	3035	2918	2906	3140	3384	3822	4014	4142	4129	3923	3691	3380	3113	2876	2641	2467	2311	
4	8616	60.0	60.0	30	1	1	2	994	1345	2085	3187	4362	5259	5804	5957	5732	5408	5008	4546	4101	3681	3301	3051	2904	2919	3125	3462	3744	4061	4181	4089	3919	3678	3384	3115	2882	2664	2491	2296	
4	8633	60.0	60.0	30	1	1	2	998	1343	2090	3176	4355	5264	5799	5915	5653	5394	4954	4545	4096	3696	3282	3069	2921	2924	3129	3469	3816	4058	4163	4040	3895	3686	3374	3153	2905	2665	2468	2295	
4	8651	60.0	60.0	30	1	1	2	1011	1338	2110	3189	4357	5273	5717	5881	5693	5336	4949	4535	4056	3668	3308	3052	2893	2942	3118	3445	3792	4016	4121	4057	3849	3657	3410	3147	2883	2640	2452	2276	
4	8715	95.0	95.1	31	1	0	2	916	1082	1448	1966	2534	2986	3322	3415	3414	3247	3099	2866	2664	2469	2272	2203	2190	2243	2547	2720	3005	3220	3282	3253	3124	2964	2769	2576	2438	2252	2134	2002	
4	8732	95.0	95.0	31	1	0	2	911	1083	1439	1964	2510	3006	3306	3451	3420	3277	3098	2827	2642	2452	2286	2183	2175	2266	2500	2772	3057	3205	3315	3278	3160	2982	2782	2607	2446	2267	2134	2026	
4	8795	59.9	60.1	31	1	1	2	992	1347	2106	3175	4329	5244	5769	5935	5672	5383	4943	4504	4075	3708	3289	3081	2919	2868	3143	3430	3807	4045	4123	4083	3902	3668	3373	3146	2890	2657	2447	2309	
4	8812	60.0	60.0	31	1	1	2	988	1338	2096	3168	4348	5292	5807	5905	5686	5420	4964	4546	4103	3683	3320	3032	2935	2925	3142	3458	3834	4026	4167	4127	3934	3686	3391	3131	2924	2660	2495	2288	
4	8830	60.0	60.0	31	1	1	2	997	1337	2106	3199	4437	5342	5810	5910	5684	5433	5017	4527	4110	3694	3286	3048	2937	2927	3138	3400	3847	4073	4138	4080	3931	3692	3388	3158	2901	2683	2484	2272	
4	8847	60.0	60.0	31	1	1	2	997	1332	2100	3212	4397	5298	5830	5909	5782	5450	5002	4593	4106	3705	3310	3052	2909	2920	3195	3470	3837	4080	4193	4090	3940	3713	3411	3142	2882	2676	2493	2308	
4	8864	60.0	60.0	31	1	1	2	988	1337	2100	3143	4342	5218	5788	5833	5674	5361	4912	4514	4079	3656	3297	3053	2870	2910	3146	3433	3766	3966	4115	4071	3856	3621	3348	3113	2876	2625	2463	2280	
4	8881	60.0	60.0	31	1	1	2	985	1350	2064	3186	4329	5251	5793	5882	5703	5393	4935	4503	4049	3673	3308	3055	2896	2932	3160	3443	3820	4023	4162	4082	3902	3656	3385	3149	2901	2650	2449	2314	
4	8899	59.9	60.0	31	1	1	2	998	1350	2073	3177	4341	5274	5769	5941	5659	5368	4936	4482	4056	3653	3285	3027	2920	2885	3184	3428	3766	4045	4106	4064	3887	3670	3386	3138	2869	2644	2482	2304	
4	8961	95.1	95.1	32	1	0	2	916	1070	1392	1948	2530	3013	3294	3434	3375	3300	3080	2890	2672	2447	2263	2204	2180	2292	2489	2748	3067	3225	3292	3273	3185	2982	2771	2601	2493	2295	2156	2001	
4	8978	95.0	95.0	32	1	0	2	901	1068	1424	1955	2560	3030	3331	3437	3387	3275	3075	2891	2639	2460	2302	2174	2180	2272	2491	2760	3019	3199	3309	3252	3199	2976	2809	2580	2457	2302	2112	2001	
4	9041	59.9	60.1	32	1	1	2	982	1343	2090	3156	4318	5246	5742	5879	5684	5340	4919	4498	4087	3677	3264	3010	2887	2897	3127	3406	3786	3993	4111	4054	3920	3622	3338	3104	2894	2677	2484	2310	
4	9059	59.9	60.0	32	1	1	2	988	1328	2090	3155	4345	5276	5764	5901	5659	5381	4975	4547	4067	3677	3318	3035	2882	2899	3141	3448	3768	4020	4140	4107	3889	3643	3407	3126	2905	2638	2477	2310	
4	9076	60.0	60.0	32	1	1	2	949	1338	2096	3193	4352	5236	5823	5942	5708	5387	4956	4547	4077	3710	3325	3089	2908	2923	3134	3466	3811	4026	4170	4096	3917	3660	3368	3144	2904	2686	2468	2301	
4	9093	60.0	60.0	32	1	1	2	995	1346	2100	3243	4396	5321	5835	5946	5667	5388	4989	4563	4110	3700	3309	3033	2911	2921	3138	3449	3804	4040	4138	4090	3938	3696	3406	3170	2903	2674	2489	2292	
4	9110	60.0	60.0	32	1	1	2	977	1346	2074	3182	4364	5279	5798	5900	5713	5408	4973	4528	4085	3664	3304	3066	2884	2933	3150	3447	3795	4024	4117	4119	3927	3665	3409	3132	2896	2673	2464	2291	
4	9128	60.0	60.0	32	1	1	2	1002	1353	2101	3168	4354	5259	5826	5879	5706	5399	4980	4557	4089	3685	3304	3062	2887	2953	3131	3454	3803	4042	4132	4084	3914	3684	3396	3135	2917	2641	2490	2315	
4	9145	59.9	60.0	32	1	1	2	972	1343	2096	3173	4304	5282	5739	5861	5694	5399	4943	4518	4062	3696	3288	3005	2901	2927	3130	3452	3812	4025	4133	4088	3893	3649	3391	3114	2889	2633	2473	2269	
4	9207	95.0	95.0	33	1	0	2	909	1075	1433	1961	2550	3024	3356	3440	3382	3234	3029	2866	2675	2431	2280	2218	2189	2269	2514	2767	3050	3241	3301	3221	3152	2981	2766	2599	2457	2282	2142	1991	
4	9225	95.0	95.0	33	1	0	2	910	1078	1438	1947	2521	3046	3314	3436	3394	3270	3076	2910	2656	2467	2283	2194	2165	2265	2506	2746	3049	3221	3319	3258	3132	2968	2758	2583	2483	2262	2116	1996	
4	9287	60.0	60.1	33	1	1	2	980	1336	2087	3190	4305	5338	5751	5840	5684	5365	4906	4545	4099	3675	3284	3055	2919	2905	3172	3440	3791	4018	4137	4041	3902	3684	3411	3145	2895	2648	2469	2281	
4	9305	59.9	60.0	33	1	1	2	976	1328	2086	3171	4360	5306	5778	5891	5687	5408	4949	4558	4092	3705	3290	3048	2880	2939	3133	3446	3811	4023	4172	4077	3892	3655	3376	3138	2894	2662	2487	2294	
4	9322	59.9	60.0	33	1	1	2	1001	1333	2076	3195	4394	5306	5792	5956	5701	5460	4966	4566	4107	3716	3325	3017	2892	2931	3124	3418	3805	4073	4150	4132	3939	3682	3400	3143	2894	2656	2488	2323	
4	9339	59.9	60.0	33	1	1	2	994	1330	2090	3146	4289	5274	5773	5882	5709	5368	4956	4548	4044	3692	3284	3068	2885	2945	3114	3462	3797	3964	4113	4054	3897	3670	3403	3102	2900	2650	2477	2286	
4	9356	59.9	60.0	33	1	1	2	985	1334	2118	3184	4389	5306	5798	5907	5747	5417	4956	4524	4075	3667	3301	3068	2905	2952	3156	3381	3809	4046	4156	4073	3910	3672	3402	3124	2902	2685	2436	2299	
4	9374	60.0	60.0	33	1	1	2	1005	1335	2096	3174	4377	5294	5793	5934	5703	5412	4930	4541	4075	3675	3283	3054	2890	2914	3150	3458	3767	4033	4170	4102	3908	3727	3397	3151	2889	2654	2481	2271	
4	9391	59.9	60.0	33	1	1	2	987	1341	2083	3181	4380	5268	5792	5936	5713	5396	4964	4527	4090	3663	3292	3040	2914	2906	3122	3451	3797	4043	4162	4051	3940	3678	3414	3119	2883	2676	2456	2300	
4	9454	95.0	95.0	34	1	0	2	904	1069	1443	1961	2528	3044	3350	3475	3412	3300	3077	2863	2632	2469	2281	2209	2216	2273	2502	2749	3082	3207	3289	3254	3162	2965	2792	2613	2471	2277	2126	2007	
4	9471	95.0	95.0	34	1	0	2	909	1099	1424	1974	2521	3014	3344	3465	3388	3261	3064	2890	2667	2456	2276	2211	2179	2268	2536	2755	3052	3200	3280	3251	3154	2976	2792	2607	2408	2273	2154	2026	
4	9533	59.9	60.1	34	1	1	2	985	1320	2084	3172	4339	5280	5772	5884	5690	5403	4946	4503	4099	3697	3259	3062	2906	2928	3118	3429	3786	4027	4162	4103	3898	3672	3400	3120	2897	2647	2470	2277	
4	9551	60.0	60.0	34	1	1	2	1002	1355	2102	3199	4367	5304	5784	5870	5710	5418	4993	4541	4101	3682	3307	3079	2881	2940	3134	3445	3805	4036	4189	4094	3912	3686	3378	3120	2898	2643	2478	2305	
4	9568	60.0	60.0	34	1	1	2	983	1358	2085	3193	4386	5311	5846	5928	5768	5444	4973	4548	4109	3748	3289	3034	2937	2937	3135	3464	3823	4063	4178	4124	3945	3706	3378	3134	2884	2683	2460	2323	
4	9585	59.9	60.0	34	1	1	2	985	1353	2074	3191	4392	5296	5816	5897	5729	5386	4958	4522	4126	3708	3300	3049	2886	2930	3125	3476	3832	4037	4158	4135	3928	3696	3418	3179	2886	2643	2486	2303	
4	9602	60.0	60.0	34	1	1	2	1002	1318	2112	3205	4350	5272	5789	5918	5736	5418	4944	4506	4099	3698	3301	3056	2906	2942	3156	3464	3780	4016	4134	4066	3948	3675	3391	3136	2901	2647	2482	2299	
4	9620	60.0	60.0	34	1	1	2	989	1362	2119	3206	4322	5286	5769	5863	5725	5352	4932	4549	4092	3702	3320	3083	2917	2913	3149	3458	3802	4016	4165	4126	3955	3666	3389	3157	2939	2677	2462	2312	
4	9637	60.0	60.0	34	1	1	2	983	1334	2102	3212	4360	5312	5807	5947	5786	5372	5019	4564	4069	3674	3300	3068	2889	2923	3131	3456	3819	4013	4154	4111	3958	3689	3392	3136	2900	2665	2483	2295	
4	9701	95.0	95.1	35	1	0	2	888	1064	1435	1969	2557	3028	3324	3436	3380	3319	3058	2864	2677	2481	2299	2197	2171	2262	2495	2770	3066	3194	3292	3267	3136	2961	2774	2618	2433	2270	2164	2015	
4	9719	95.0	95.0	35	1	1	2	901	1070	1433	1965	2518	3018	3273	3404	3384	3280	3076	2903	2685	2463	2282	2184	2185	2280	2488	2768	3068	3224	3316	3240	3147	2979	2771	2631	2455	2276	2136	2025	
4	9782	59.9	60.1	35	1	1	2	984	1335	2068	3144	4353	5276	5807	5879	5652	5410	4924	4539	4038	3707	3286	3065	2917	2916	3155	3394	3819	4045	4144	4054	3914	3705	3394	3130	2906	2675	2457	2296	
4	9799	60.0	60.0	35	1	1	2	988	1351	2103	3211	4398	5307	5776	5885	5692	5413	4961	4568	4111	3687	3316	3066	2883	2916	3130	3463	3791	4051	4170	4123	3925	3694	3411	3140	2888	2643	2461	2304	
4	9816	59.9	60.0	35	1	1	2	982	1337	2146	3199	4378	5281	5806	5937	5726	5408	4928	4564	4120	3694	3310	3070	2947	2936	3144	3466	3821	4090	4162	4066	3888	3683	3407	3136	2892	2660	2464	2283	
4	9833	60.0	60.0	35	1	1	2	985	1326	2084	3178	4327	5269	5784	5881	5686	5360	4942	4550	4091	3686	3287	3057	2882	2962	3132	3419	3804	4018	4136	4066	3905	3648	3376	3105	2874	2652	2479	2299	
4	9851	60.0	60.0	35	1	1	2	998	1342	2067	3182	4332	5223	5754	5855	5698	5365	4922	4503	4067	3664	3280	3061	2884	2902	3128	3428	3773	4007	4129	4054	3894	3697	3379	3136	2888	2674	2460	2286	
4	9868	60.0	60.0	35	1	1	2	988	1330	2097	3187	4356	5256	5800	5874	5687	5380	4945	4528	4118	3655	3288	3049	2870	2912	3164	3432	3836	4023	4124	4093	3929	3671	3392	3113	2897	2665	2479	2310	
4	9885	59.9	60.0	35	1	1	2	993	1356	2096	3176	4341	5264	5790	5876	5677	5393	4943	4499	4098	3688	3274	3043	2900	2924	3116	3429	3833	4037	4154	4051	3891	3661	3370	3143	2880	2652	2492	2296	
4	9950	95.0	95.1	36	1	0	2	909	1059	1384	1954	2532	3009	3330	3440	3392	3296	3120	2902	2657	2467	2300	2199	2204	2266	2491	2752	3060	3232	3281	3250	3132	2977	2806	2636	2459	2290	2147	2019	
4	9967	95.0	95.0	36	1	0	2	897	1077	1418	1935	2534	3002	3289	3449	3385	3248	3052	2898	2641	2463	2282	2212	2172	2267	2508	2764	3039	3201	3287	3258	3122	2958	2764	2595	2431	2277	2132	2012	
4	10030	59.9	60.1	36	1	1	2	991	1329	2058	3154	4339	5215	5782	5869	5668	5362	4916	4538	4077	3712	3306	3054	2891	2930	3107	3388	3782	4026	4126	4065	3938	3651	3376	3096	2903	2662	2466	2312	
4	10047	59.9	60.0	36	1	1	2	994	1348	2078	3169	4347	5293	5794	5942	5683	5366	4949	4565	4087	3731	3282	3048	2876	2922	3145	3440	3809	4015	4182	4092	3919	3672	3410	3153	2896	2657	2471	2288	
4	10064	60.0	60.0	36	1	1	2	961	1332	2084	3191	4371	5292	5844	5927	5763	5386	4998	4587	4101	3667	3307	3080	2923	2932	3147	3414	3822	4014	4214	4099	3957	3689	3402	3122	2889	2669	2467	2308	
4	10081	59.9	60.0	36	1	1	2	995	1340	2104	3177	4384	5316	5803	5892	5716	5427	4998	4536	4098	3713	3324	3067	2938	2914	3169	3459	3823	4059	4196	4091	3915	3661	3383	3154	2915	2662	2482	2323	
4	10099	59.9	60.0	36	1	1	2	985	1355	2076	3188	4324	5271	5813	5867	5730	5331	4962	4521	4076	3674	3306	3061	2875	2921	3157	3426	3771	4043	4132	4065	3896	3641	3398	3126	2916	2652	2480	2300	
4	10116	60.0	60.0	36	1	1	2	990	1334	2101	3208	4384	5244	5839	5855	5718	5431	4957	4534	4078	3694	3308	3047	2904	2948	3141	3473	3788	4063	4127	4117	3896	3668	3382	3109	2910	2668	2450	2297	
4	10133	60.0	60.0	36	1	1	2	974	1360	2079	3170	4362	5290	5772	5921	5653	5446	4913	4545	4059	3661	3307	3063	2888	2933	3135	3444	3785	4023	4158	4074	3882	3677	3418	3129	2879	2617	2487	2301	
4	10196	95.0	95.0	37	1	0	2	890	1062	1451	1977	2552	3031	3304	3475	3409	3284	3081	2892	2671	2497	2301	2216	2192	2294	2516	2774	3040	3197	3290	3221	3148	2999	2784	2622	2459	2300	2153	2016	
4	10213	95.0	95.0	37	1	0	2	953	1072	1424	1909	2522	3016	3333	3412	3333	3264	3070	2912	2639	2428	2271	2208	2191	2285	2509	2751	3041	3208	3250	3247	3167	2974	2759	2600	2470	2276	2124	2012	
4	10276	59.9	60.1	37	1	1	2	989	1332	2102	3188	4359	5288	5785	5886	5683	5408	4909	4527	4143	3651	3292	3059	2852	2933	3119	3443	3809	4015	4143	4060	3909	3635	3391	3126	2910	2643	2484	2271	
4	10293	59.9	60.0	37	1	1	2	984	1361	2106	3175	4393	5260	5800	5929	5683	5397	4938	4526	4083	3704	3243	3049	2902	2918	3132	3448	3837	4054	4170	4078	3935	3655	3426	3171	2872	2646	2464	2283	
4	10310	59.9	60.0	37	1	1	2	976	1326	2103	3225	4403	5311	5858	5907	5755	5410	4984	4594	4108	3721	3312	3044	2910	2948	3179	3481	3792	4043	4154	4112	3948	3676	3406	3119	2900	2654	2477	2315	
4	10327	60.0	60.0	37	1	1	2	978	1354	2090	3199	4358	5245	5762	5854	5709	5367	4949	4493	4052	3676	3251	3055	2897	2907	3163	3422	3808	3979	4090	4046	3920	3691	3376	3118	2882	2648	2470	2279	
4	10345	60.0	60.0	37	1	1	2	979	1333	2100	3136	4377	5285	5756	5852	5676	5385	4932	4550	4077	3686	3280	3041	2923	2913	3110	3391	3793	4055	4156	4089	3916	3676	3371	3126	2908	2643	2462	2327	
4	10362	60.0	60.0	37	1	1	2	985	1352	2078	3164	4357	5280	5790	5903	5739	5387	4969	4557	4080	3656	3312	3059	2926	2916	3166	3438	3798	4032	4141	4096	3867	3679	3417	3150	2902	2656	2463	2317	
4	10379	60.0	60.0	37	1	1	2	986	1352	2114	3183	4337	5255	5790	5919	5739	5370	4954	4546	4066	3673	3310	3048	2879	2920	3137	3449	3796	3992	4145	4118	3891	3704	3379	3116	2875	2670	2481	2280	
4	10444	94.9	95.1	38	1	0	2	914	1066	1439	1970	2544	3004	3327	3465	3393	3263	3103	2884	2656	2461	2293	2215	2175	2292	2521	2777	3041	3235	3290	3247	3141	2987	2762	2615	2434	2307	2148	1996	
4	10461	95.0	95.0	38	1	1	2	890	1083	1460	1970	2523	3023	3312	3427	3348	3278	3055	2872	2663	2438	2275	2196	2191	2264	2503	2748	3020	3166	3289	3241	3130	2981	2766	2604	2415	2287	2138	2016	
4	10524	59.9	60.1	38	1	1	2	989	1327	2092	3160	4355	5245	5736	5867	5680	5372	4933	4538	4095	3680	3289	3031	2870	2932	3140	3447	3788	4044	4157	4062	3905	3681	3375	3154	2883	2676	2460	2303	
4	10541	60.0	60.0	38	1	1	2	1003	1348	2112	3154	4344	5280	5807	5860	5708	5371	4923	4557	4073	3673	3267	3046	2913	2918	3145	3464	3841	4041	4150	4076	3928	3678	3408	3111	2882	2662	2472	2314	
4	10558	59.9	60.0	38	1	1	2	993	1342	2102	3196	4369	5336	5781	5941	5769	5400	4982	4553	4087	3673	3300	3054	2895	2890	3174	3437	3790	4061	4140	4094	3925	3690	3389	3131	2921	2665	2464	2309	
4	10576	60.0	60.0	38	1	1	2	991	1347	2092	3190	4386	5315	5811	5924	5718	5408	4966	4560	4093	3692	3310	3059	2911	2909	3158	3454	3860	4053	4144	4092	3905	3670	3406	3129	2887	2663	2485	2291	
4	10593	60.0	60.0	38	1	1	2	984	1336	2088	3174	4380	5306	5770	5921	5721	5365	4923	4518	4087	3686	3293	3032	2909	2896	3121	3450	3810	4004	4150	4097	3927	3686	3415	3108	2885	2672	2482	2286	
4	10610	60.0	60.0	38	1	1	2	998	1345	2116	3196	4347	5283	5795	5890	5704	5368	4950	4526	4087	3700	3287	3057	2905	2919	3132	3441	3783	4040	4146	4087	3864	3653	3376	3128	2898	2652	2476	2276	
4	10627	60.0	60.0	38	1	1	2	984	1353	2096	3156	4355	5226	5722	5833	5693	5338	4893	4485	4022	3684	3318	3016	2888	2897	3143	3402	3742	3988	4118	4042	3905	3648	3342	3115	2865	2658	2472	2288	
4	10692	95.0	95.1	39	1	0	2	902	1068	1429	1964	2544	3048	3339	3448	3388	3286	3085	2919	2658	2481	2308	2191	2200	2282	2528	2762	3042	3222	3303	3268	3161	2982	2790	2624	2449	2284	2136	2005	
4	10709	95.0	95.0	39	1	0	2	905	1072	1434	1946	2507	3019	3314	3436	3377	3266	3068	2881	2678	2473	2250	2187	2162	2277	2508	2749	3024	3183	3276	3236	3150	2960	2796	2588	2480	2259	2130	1994	
4	10772	60.0	60.1	39	1	1	2	983	1344	2076	3163	4325	5227	5744	5875	5675	5341	4873	4526	4075	3664	3306	3068	2887	2922	3147	3404	3781	3998	4136	4090	3937	3680	3368	3104	2880	2648	2459	2286	
4	10789	59.9	60.0	39	1	1	2	992	1352	2099	3160	4361	5256	5713	5924	5696	5415	4959	4552	4077	3680	3295	3044	2890	2937	3143	3425	3795	4047	4145	4095	3922	3657	3393	3157	2908	2630	2478	2293	
4	10806	59.9	60.0	39	1	1	2	992	1345	2075	3172	4337	5270	5790	5918	5754	5393	4954	4464	4113	3649	3342	3062	2903	2948	3120	3435	3752	4025	4096	4100	3908	3676	3391	3116	2887	2655	2475	2303	
4	10824	60.0	60.0	39	1	1	2	990	1349	2098	3177	4338	5269	5775	5901	5725	5426	4962	4502	4116	3692	3275	3054	2880	2909	3129	3476	3751	4062	4184	4050	3911	3636	3409	3135	2878	2668	2473	2319	
4	10841	60.0	60.0	39	1	1	2	989	1340	2082	3172	4320	5232	5739	5849	5651	5408	4935	4510	4069	3649	3271	3042	2906	2929	3148	3440	3782	4011	4122	4044	3892	3651	3383	3122	2890	2661	2471	2299	
4	10858	60.0	60.0	39	1	1	2	997	1342	2072	3191	4344	5308	5774	5889	5698	5388	4961	4528	4069	3692	3307	3043	2895	2913	3146	3449	3808	4018	4168	4080	3893	3673	3362	3115	2908	2677	2471	2287	
4	10875	59.9	60.0	39	1	1	2	991	1328	2114	3179	4370	5213	5778	5872	5637	5359	4914	4529	4027	3658	3294	3070	2895	2890	3104	3404	3805	3995	4124	4060	3879	3678	3388	3117	2889	2646	2479	2306	
4	10938	95.0	95.0	40	1	0	2	908	1076	1448	1982	2544	3016	3345	3453	3405	3312	3146	2904	2663	2496	2287	2221	2172	2276	2500	2746	3070	3208	3337	3270	3157	2984	2779	2606	2448	2281	2141	2041	
4	10955	95.0	95.0	40	1	0	2	918	1063	1451	1906	2549	3017	3317	3419	3403	3260	3080	2887	2624	2455	2263	2217	2184	2272	2524	2758	3010	3220	3282	3257	3108	2973	2775	2596	2441	2273	2150	1994	
4	11018	59.9	60.1	40	1	1	2	991	1345	2098	3183	4358	5253	5817	5941	5687	5402	4941	4513	4130	3691	3301	3045	2862	2933	3138	3455	3837	4010	4139	4087	3914	3684	3398	3153	2876	2644	2470	2316	
4	11035	59.9	60.0	40	1	1	2	991	1338	2113	3168	4399	5322	5832	5919	5712	5448	5003	4560	4075	3706	3287	3050	2900	2932	3168	3419	3804	4053	4160	4094	3935	3647	3410	3131	2882	2673	2472	2298	
4	11053	59.9	60.0	40	1	1	2	995	1350	2102	3221	4396	5306	5823	5962	5702	5451	4997	4606	4096	3686	3289	3051	2897	2949	3176	3429	3820	4070	4145	4067	3946	3691	3424	3152	2897	2659	2462	2323	
4	11070	59.9	60.0	40	1	1	2	982	1332	2092	3221	4365	5298	5807	5849	5687	5425	4973	4523	4075	3679	3302	3050	2879	2916	3138	3449	3782	4018	4120	4100	3919	3670	3371	3100	2891	2650	2504	2308	
4	11087	60.0	60.0	40	1	1	2	991	1351	2072	3152	4358	5219	5765	5877	5654	5366	4926	4513	4019	3661	3263	3017	2915	2911	3113	3438	3790	3995	4133	4054	3912	3625	3381	3128	2887	2655	2462	2293	
4	11104	60.0	60.0	40	1	1	2	986	1339	2096	3139	4358	5265	5741	5853	5689	5397	4900	4473	4085	3672	3284	3050	2887	2886	3145	3456	3784	4036	4144	4073	3931	3669	3377	3136	2894	2647	2469	2295	
4	11122	60.0	60.0	40	1	1	2	983	1339	2105	3139	4353	5311	5792	5859	5660	5361	4941	4496	4086	3672	3231	3039	2892	2907	3120	3429	3774	4044	4108	4028	3923	3652	3386	3143	2905	2640	2458	2294	
