Well	Time (1/2 s)	Block Temp	Sample Temp	Repetition	PCR Stage	Extension	Scale	B1	B2	B3	B4	B5	B6	B7	B8	B9	B10	B11	B12	B13	B14	B15	B16	B17	B18	B19	B20	B21	B22	B23	B24	B25	B26	B27	B28	B29	B30	B31	B32
32	105	95.1	95.1	1	0	0	2	938	1163	1585	2229	2905	3510	3835	4009	3933	3846	3601	3364	3040	2796	2616	2517	2495	2638	2933	3244	3573	3788	3901	3805	3676	3507	3275	3051	2821	2656	2448	2264	
32	122	95.0	95.0	1	0	0	2	948	1142	1608	2195	2891	3454	3787	3940	3887	3742	3541	3288	3000	2753	2616	2527	2485	2666	2915	3194	3565	3788	3848	3807	3695	3450	3258	3011	2835	2624	2450	2278	
32	140	95.0	95.0	1	0	0	2	935	1137	1564	2186	2842	3416	3775	3898	3838	3740	3504	3283	3024	2755	2588	2504	2497	2594	2897	3242	3575	3758	3849	3800	3664	3445	3259	2999	2823	2612	2413	2308	
32	157	95.0	95.0	1	0	0	2	936	1167	1577	2173	2883	3426	3731	3945	3845	3745	3521	3290	3003	2733	2586	2471	2482	2650	2929	3252	3561	3792	3856	3773	3683	3442	3243	3038	2817	2575	2442	2273	
32	174	94.9	95.0	1	0	0	2	930	1155	1574	2180	2862	3449	3754	3942	3893	3749	3542	3292	3020	2768	2592	2496	2481	2602	2883	3226	3551	3777	3867	3748	3671	3474	3243	3000	2812	2581	2470	2279	
32	191	95.0	95.0	1	0	0	2	935	1180	1584	2190	2864	3474	3781	3933	3880	3736	3495	3282	3021	2777	2583	2505	2497	2641	2900	3226	3550	3792	3841	3760	3675	3456	3258	3013	2820	2592	2454	2273	
32	209	94.9	95.0	1	0	0	2	935	1156	1561	2187	2864	3435	3732	3966	3873	3722	3553	3277	3025	2782	2603	2515	2487	2635	2899	3206	3578	3792	3847	3753	3675	3459	3242	3030	2786	2590	2438	2274	
32	226	95.0	95.0	1	0	0	2	932	1149	1580	2152	2861	3445	3789	3920	3877	3729	3545	3280	3025	2767	2575	2481	2475	2631	2904	3227	3542	3776	3876	3789	3691	3500	3277	3036	2820	2603	2464	2294	
32	243	95.0	95.0	1	0	0	2	946	1154	1596	2189	2832	3456	3762	3962	3880	3752	3526	3291	3011	2775	2626	2484	2484	2608	2913	3227	3545	3764	3846	3821	3667	3457	3262	3035	2818	2621	2455	2266	
32	260	95.0	95.0	1	0	0	2	920	1153	1582	2171	2870	3455	3740	3922	3873	3769	3520	3271	3028	2777	2616	2499	2504	2638	2897	3221	3545	3807	3876	3811	3663	3507	3222	2996	2817	2621	2465	2291	
32	278	95.0	95.0	1	0	0	2	929	1150	1566	2193	2846	3465	3777	3953	3895	3777	3529	3286	3012	2792	2630	2525	2504	2637	2911	3275	3574	3792	3878	3806	3678	3506	3282	3030	2823	2617	2451	2226	
32	295	95.0	95.0	1	0	0	2	937	1156	1561	2188	2855	3457	3781	3941	3883	3730	3534	3279	3001	2747	2618	2513	2478	2641	2920	3242	3569	3770	3858	3802	3688	3492	3267	3013	2820	2632	2437	2297	
32	312	95.0	95.0	1	0	0	2	942	1162	1558	2175	2862	3488	3791	3957	3891	3778	3534	3279	3021	2793	2609	2538	2496	2681	2934	3252	3559	3802	3865	3786	3700	3454	3282	3000	2820	2635	2456	2281	
32	329	94.9	95.0	1	0	0	2	936	1153	1565	2183	2869	3451	3827	3936	3914	3773	3560	3285	3006	2768	2573	2491	2499	2659	2904	3233	3605	3758	3878	3790	3707	3495	3250	3034	2826	2619	2454	2300	
32	347	94.9	95.0	1	0	0	2	940	1151	1578	2205	2888	3478	3819	3948	3899	3794	3534	3287	3025	2796	2600	2518	2484	2659	2916	3275	3582	3817	3885	3783	3712	3490	3251	3016	2848	2632	2457	2294	
32	364	94.9	95.0	1	0	0	2	944	1137	1578	2206	2875	3459	3784	3949	3900	3772	3573	3331	3016	2791	2611	2515	2486	2645	2950	3283	3574	3813	3877	3767	3722	3491	3281	3019	2829	2596	2448	2289	
32	381	95.0	95.0	1	0	0	2	937	1164	1580	2209	2882	3474	3792	3940	3891	3768	3586	3309	3012	2814	2603	2499	2511	2629	2936	3244	3597	3797	3865	3815	3682	3470	3273	3031	2810	2635	2414	2285	
32	398	95.0	95.0	1	0	0	2	951	1157	1591	2220	2882	3519	3803	3953	3884	3770	3535	3289	3044	2771	2624	2503	2493	2683	2910	3275	3603	3755	3892	3880	3717	3436	3249	3017	2826	2631	2433	2284	
32	416	95.0	95.0	1	0	0	2	937	1160	1570	2213	2869	3494	3792	3946	3878	3781	3566	3298	3039	2796	2629	2520	2532	2601	2954	3274	3566	3763	3899	3822	3687	3501	3240	3007	2822	2635	2448	2307	
32	433	94.9	95.0	1	0	0	2	945	1187	1576	2179	2879	3486	3817	3960	3893	3775	3580	3304	3026	2806	2631	2543	2518	2657	2928	3282	3596	3853	3883	3836	3724	3515	3252	3041	2843	2638	2447	2334	
32	450	95.0	95.0	1	0	0	2	947	1153	1572	2205	2876	3485	3825	3995	3920	3802	3589	3332	3051	2799	2625	2503	2508	2656	2928	3251	3580	3811	3909	3808	3723	3493	3282	3069	2856	2660	2456	2297	
32	467	95.0	95.0	1	0	0	2	943	1160	1597	2196	2866	3492	3828	3953	3920	3804	3549	3299	3025	2798	2612	2542	2529	2657	2944	3255	3605	3789	3853	3815	3704	3480	3286	3045	2847	2628	2474	2308	
32	485	95.0	95.0	1	0	0	2	940	1153	1592	2190	2891	3485	3812	3951	3902	3807	3589	3300	3078	2781	2620	2514	2521	2664	2886	3263	3626	3810	3872	3789	3710	3484	3280	3054	2819	2652	2471	2294	
32	502	94.9	95.0	1	0	0	2	946	1135	1593	2193	2888	3490	3798	3947	3938	3787	3552	3348	3030	2804	2618	2519	2526	2674	2939	3284	3600	3814	3865	3809	3721	3497	3272	3047	2824	2639	2464	2293	
32	519	95.0	95.0	1	0	0	2	943	1151	1585	2224	2922	3456	3836	4000	3913	3813	3609	3299	3046	2773	2652	2525	2489	2656	2916	3284	3612	3829	3880	3832	3705	3538	3295	3041	2842	2630	2480	2308	
32	536	95.0	95.0	1	0	0	2	934	1145	1578	2207	2912	3481	3820	3991	3919	3802	3554	3312	3049	2812	2627	2554	2532	2661	2929	3302	3596	3812	3885	3825	3691	3491	3280	3067	2890	2662	2457	2291	
32	554	95.0	95.0	1	0	0	2	939	1143	1602	2197	2897	3487	3830	4007	3937	3828	3571	3353	3054	2796	2645	2538	2536	2650	2938	3253	3606	3846	3919	3830	3669	3541	3246	3082	2838	2639	2491	2303	
32	571	94.9	95.0	1	0	0	2	947	1151	1578	2252	2873	3498	3830	3978	3905	3800	3586	3369	3096	2818	2629	2530	2545	2680	2939	3270	3614	3830	3903	3839	3717	3511	3274	3058	2865	2654	2501	2320	
32	588	95.0	95.0	1	0	0	2	935	1136	1561	2186	2894	3496	3838	3967	3941	3814	3587	3355	3054	2808	2673	2553	2540	2686	2955	3276	3661	3851	3920	3829	3752	3490	3294	3051	2860	2635	2484	2317	
32	605	95.0	95.0	1	0	0	2	927	1147	1606	2200	2894	3465	3842	4007	3925	3795	3589	3355	3083	2814	2619	2524	2506	2699	2982	3276	3621	3830	3910	3846	3742	3502	3297	3046	2841	2654	2475	2323	
32	623	95.0	95.0	1	0	0	2	947	1159	1582	2216	2908	3562	3847	3973	3939	3844	3610	3374	3079	2815	2650	2537	2540	2683	2948	3274	3645	3802	3913	3831	3732	3509	3318	3080	2833	2641	2465	2322	
32	640	95.0	95.0	1	0	0	2	937	1172	1592	2207	2876	3478	3840	3997	3919	3809	3574	3347	3050	2812	2644	2519	2527	2683	2966	3288	3621	3816	3929	3832	3734	3496	3274	3015	2845	2654	2472	2310	
32	657	95.0	95.0	1	0	0	2	943	1142	1574	2234	2911	3487	3828	4006	3930	3801	3588	3349	3092	2788	2647	2545	2546	2664	2947	3274	3581	3841	3940	3868	3751	3525	3278	3064	2848	2642	2503	2316	
32	674	95.0	95.0	1	0	0	2	943	1154	1576	2214	2910	3508	3817	3984	3955	3839	3567	3339	3075	2837	2638	2547	2511	2682	2934	3297	3655	3830	3940	3864	3728	3505	3316	3096	2849	2643	2475	2298	
32	692	95.0	95.0	1	0	0	2	946	1158	1615	2213	2916	3471	3856	3993	3965	3822	3551	3346	3063	2801	2632	2520	2539	2667	2960	3257	3602	3829	3932	3850	3696	3536	3297	3086	2860	2645	2463	2334	
32	709	95.0	95.0	1	0	0	2	944	1134	1585	2194	2910	3518	3892	3998	3914	3853	3588	3340	3079	2830	2663	2550	2529	2659	2951	3304	3649	3837	3891	3858	3752	3533	3310	3056	2861	2651	2490	2319	
32	726	94.9	95.0	1	0	0	2	939	1168	1595	2234	2926	3505	3854	4039	3970	3848	3617	3337	3085	2814	2642	2556	2552	2690	2980	3332	3631	3849	3950	3865	3723	3555	3321	3085	2897	2641	2490	2283	
32	743	95.0	95.0	1	0	0	2	946	1168	1591	2212	2950	3508	3834	4016	3953	3841	3624	3373	3068	2807	2661	2550	2526	2662	3006	3309	3628	3832	3927	3860	3718	3523	3306	3054	2838	2659	2488	2318	
32	761	95.0	95.0	1	0	0	2	945	1158	1581	2205	2930	3514	3848	3990	3961	3848	3597	3349	3066	2822	2629	2557	2513	2671	2943	3252	3636	3855	3953	3840	3739	3495	3290	3072	2860	2654	2480	2310	
32	778	94.9	95.0	1	0	0	2	944	1175	1580	2214	2919	3503	3860	4001	3959	3820	3615	3376	3083	2828	2647	2579	2520	2709	2978	3303	3670	3880	3926	3869	3753	3524	3325	3073	2861	2664	2498	2334	
32	795	95.0	95.0	1	0	0	2	942	1180	1612	2216	2907	3524	3815	4036	3967	3836	3624	3351	3062	2815	2670	2539	2521	2701	2939	3283	3621	3829	3927	3833	3739	3542	3313	3073	2889	2636	2485	2325	
32	812	94.9	95.0	1	0	0	2	938	1155	1611	2212	2927	3538	3864	4003	3961	3811	3584	3385	3093	2811	2669	2561	2556	2696	2968	3284	3621	3863	3928	3857	3744	3545	3304	3077	2875	2650	2486	2316	
32	830	95.0	95.0	1	0	0	2	952	1147	1589	2202	2923	3539	3859	4035	3959	3826	3587	3404	3076	2817	2662	2524	2537	2643	2951	3299	3609	3836	3959	3878	3731	3544	3299	3064	2845	2651	2510	2347	
32	847	95.0	95.0	1	0	0	2	937	1154	1592	2248	2925	3520	3857	4050	3960	3843	3597	3354	3073	2872	2662	2582	2553	2696	2947	3298	3611	3871	3905	3844	3731	3537	3325	3075	2858	2656	2494	2329	
32	864	95.0	95.0	1	0	0	2	948	1165	1597	2212	2909	3523	3859	3994	3950	3861	3598	3357	3067	2816	2665	2533	2524	2685	2978	3295	3620	3856	3929	3845	3734	3516	3313	3058	2823	2663	2475	2346	
32	881	94.9	95.0	1	0	0	2	950	1163	1604	2229	2903	3493	3845	4043	3989	3836	3614	3381	3062	2822	2670	2549	2566	2676	2965	3281	3660	3859	3941	3835	3738	3529	3328	3047	2866	2637	2475	2348	
32	899	95.0	95.0	1	0	0	2	949	1159	1578	2224	2941	3536	3872	4000	3995	3879	3660	3366	3070	2818	2675	2551	2535	2675	2970	3295	3641	3853	3921	3871	3744	3539	3322	3083	2855	2643	2524	2332	
32	916	95.0	95.0	1	0	0	2	951	1187	1591	2216	2912	3522	3837	4053	3994	3835	3636	3358	3071	2824	2656	2544	2558	2676	2951	3304	3611	3872	3927	3903	3757	3517	3339	3098	2866	2640	2479	2326	
32	933	95.0	95.0	1	0	0	2	938	1153	1587	2214	2914	3519	3880	4011	3964	3836	3609	3368	3112	2798	2665	2536	2538	2698	2950	3306	3655	3827	3944	3830	3774	3536	3328	3062	2848	2667	2475	2320	
32	950	95.0	95.0	1	0	0	2	940	1155	1573	2225	2900	3547	3866	4017	3978	3853	3614	3369	3088	2828	2654	2540	2544	2686	2975	3288	3619	3867	3958	3879	3744	3543	3339	3056	2862	2642	2485	2317	
32	968	95.0	95.0	1	0	0	2	932	1154	1593	2214	2949	3551	3865	4047	3940	3847	3608	3363	3075	2828	2707	2556	2555	2700	2968	3296	3658	3871	3941	3832	3753	3509	3329	3042	2865	2655	2487	2338	
32	985	95.0	95.0	1	0	0	2	942	1181	1598	2230	2932	3526	3868	4008	3945	3844	3662	3387	3090	2850	2638	2555	2520	2709	2941	3284	3619	3865	3951	3850	3758	3526	3256	3056	2853	2639	2518	2328	
32	1002	95.0	95.0	1	0	0	2	947	1160	1585	2248	2934	3517	3857	4023	3950	3839	3625	3395	3070	2843	2644	2545	2564	2676	2966	3293	3604	3839	3926	3851	3756	3554	3322	3074	2890	2665	2479	2338	
32	1019	95.0	95.0	1	0	0	2	950	1164	1605	2242	2928	3548	3863	4072	4034	3851	3631	3391	3111	2836	2672	2559	2558	2682	2980	3318	3645	3862	3947	3863	3773	3552	3357	3091	2885	2687	2530	2332	
32	1037	95.0	95.0	1	0	0	2	948	1148	1596	2222	2947	3519	3849	4029	3972	3874	3615	3387	3126	2849	2661	2550	2535	2690	3016	3290	3664	3876	3965	3882	3767	3516	3321	3061	2870	2671	2493	2332	
32	1054	95.0	95.0	1	0	0	2	936	1153	1605	2217	2925	3537	3880	4031	4001	3876	3638	3394	3086	2854	2658	2547	2545	2681	2950	3279	3675	3852	3959	3853	3735	3509	3319	3088	2858	2660	2486	2329	
32	1071	95.0	95.0	1	0	0	2	946	1170	1609	2219	2882	3537	3890	4043	3945	3874	3615	3401	3091	2823	2658	2544	2544	2676	2947	3260	3669	3852	3929	3897	3727	3559	3306	3076	2887	2667	2465	2318	
32	1088	95.0	95.0	1	0	0	2	942	1163	1586	2224	2909	3528	3864	4041	4017	3847	3655	3385	3134	2821	2686	2558	2554	2695	2960	3349	3645	3854	3937	3864	3775	3554	3302	3069	2843	2649	2474	2351	
32	1106	94.9	95.0	1	0	0	2	950	1165	1594	2230	2917	3545	3883	4045	3998	3832	3629	3380	3065	2844	2651	2598	2542	2665	2956	3304	3661	3879	3934	3868	3754	3497	3328	3071	2847	2653	2493	2295	
32	1123	95.0	95.0	1	0	0	2	944	1163	1590	2199	2923	3537	3894	4032	3978	3879	3672	3381	3112	2842	2656	2556	2551	2713	2959	3300	3644	3884	3941	3876	3801	3539	3351	3051	2870	2644	2515	2318	
32	1140	95.0	95.0	1	0	0	2	939	1175	1601	2250	2930	3493	3868	4053	3990	3854	3622	3360	3105	2868	2663	2588	2539	2692	2988	3329	3668	3865	3961	3876	3740	3494	3344	3069	2909	2654	2473	2331	
32	1157	95.0	95.0	1	0	0	2	947	1158	1595	2219	2912	3523	3910	4067	3992	3875	3628	3364	3137	2831	2660	2566	2553	2697	2978	3303	3673	3864	3934	3872	3757	3573	3345	3071	2901	2666	2495	2319	
32	1175	94.9	95.0	1	0	0	2	945	1154	1577	2208	2914	3559	3874	4039	3997	3871	3642	3372	3111	2843	2694	2570	2563	2706	3004	3300	3664	3843	3922	3853	3740	3535	3291	3079	2849	2645	2500	2326	
32	1192	95.0	95.0	1	0	0	2	938	1167	1627	2244	2916	3526	3903	4057	4033	3878	3596	3408	3113	2850	2675	2570	2555	2693	2979	3294	3658	3858	3975	3852	3720	3554	3303	3077	2853	2633	2479	2335	
32	1209	95.0	95.0	1	0	0	2	948	1162	1609	2232	2932	3532	3920	4021	4018	3832	3635	3422	3090	2854	2671	2579	2524	2654	2971	3301	3614	3862	3926	3887	3739	3514	3318	3078	2831	2630	2489	2352	
32	1226	95.0	95.0	1	0	0	2	949	1163	1598	2251	2938	3558	3878	4054	3983	3876	3649	3395	3105	2834	2691	2545	2547	2697	2959	3302	3629	3880	3941	3868	3746	3538	3342	3050	2865	2656	2494	2310	
32	1244	95.0	95.0	1	0	0	2	947	1171	1595	2228	2933	3528	3869	4073	3990	3860	3621	3397	3105	2871	2654	2559	2560	2668	2968	3314	3616	3870	3907	3844	3758	3545	3307	3066	2870	2649	2504	2339	
32	1261	94.9	95.0	1	0	0	2	946	1147	1591	2248	2919	3513	3884	3994	3978	3875	3649	3363	3114	2858	2665	2578	2547	2690	2974	3322	3628	3854	3892	3819	3774	3546	3308	3066	2863	2651	2494	2336	
32	1278	95.0	95.0	1	0	0	2	938	1148	1596	2247	2943	3546	3849	4037	3994	3873	3625	3373	3077	2831	2680	2551	2526	2661	2965	3288	3612	3881	3915	3844	3728	3551	3323	3071	2870	2670	2481	2351	
32	1322	94.9	95.0	1	1	0	2	961	1164	1590	2213	2927	3534	3888	4033	4000	3858	3684	3385	3118	2836	2648	2546	2536	2687	2997	3314	3646	3847	3953	3847	3770	3503	3295	3074	2864	2674	2481	2336	
32	1389	59.8	60.1	1	1	1	2	1047	1484	2410	3690	5094	6232	6840	7076	6773	6439	5949	5398	4845	4288	3860	3559	3454	3459	3726	4071	4532	4779	4856	4788	4613	4330	4020	3648	3403	3084	2844	2674	
32	1406	59.9	60.0	1	1	1	2	1047	1508	2416	3699	5177	6306	6887	7067	6809	6462	5965	5463	4828	4309	3942	3604	3430	3510	3731	4126	4508	4782	4970	4785	4670	4331	4024	3657	3389	3067	2853	2686	
32	1424	59.9	60.0	1	1	1	2	1053	1508	2403	3732	5149	6347	6872	7029	6811	6469	5949	5439	4834	4351	3916	3605	3410	3444	3737	4104	4540	4802	4872	4786	4654	4326	4021	3661	3403	3090	2851	2646	
32	1441	59.9	60.0	1	1	1	2	1070	1507	2432	3728	5183	6312	6834	7075	6761	6468	5948	5450	4825	4315	3910	3624	3434	3456	3707	4078	4528	4782	4948	4767	4629	4358	4007	3672	3358	3059	2857	2651	
32	1458	60.0	60.0	1	1	1	2	1040	1439	2421	3759	5168	6319	6850	7034	6770	6454	5956	5448	4851	4311	3922	3579	3436	3437	3755	4142	4507	4801	4881	4753	4650	4337	3990	3662	3371	3066	2858	2641	
32	1475	60.0	60.0	1	1	1	2	1057	1502	2432	3731	5152	6346	6913	7079	6819	6464	5969	5448	4864	4320	3934	3590	3435	3478	3748	4167	4516	4828	4929	4847	4670	4377	4000	3656	3361	3116	2871	2658	
32	1493	59.9	60.0	1	1	1	2	1066	1513	2437	3779	5141	6318	6885	7083	6832	6436	5988	5433	4837	4321	3916	3609	3439	3473	3748	4128	4510	4846	4903	4806	4657	4356	4007	3653	3352	3082	2854	2642	
32	1557	95.1	95.1	2	1	0	2	934	1156	1600	2232	2924	3536	3888	4056	3969	3838	3616	3406	3089	2806	2661	2514	2497	2664	2939	3237	3598	3768	3893	3867	3762	3495	3269	3044	2871	2653	2483	2324	
32	1574	95.0	95.0	2	1	0	2	949	1168	1575	2216	2918	3519	3854	4018	3968	3851	3614	3361	3074	2822	2674	2541	2526	2648	2939	3252	3586	3826	3902	3869	3678	3489	3276	3046	2835	2637	2454	2311	
32	1637	59.8	60.1	2	1	1	2	1066	1512	2385	3686	5128	6233	6789	6998	6743	6387	5883	5352	4823	4292	3882	3575	3390	3437	3734	4102	4498	4769	4906	4782	4645	4289	4004	3646	3329	3073	2871	2648	
32	1654	59.9	60.0	2	1	1	2	1053	1481	2423	3714	5107	6321	6781	7029	6754	6448	5934	5396	4844	4237	3915	3630	3419	3453	3706	4034	4504	4782	4900	4796	4621	4351	3986	3641	3381	3083	2858	2633	
32	1672	59.9	60.0	2	1	1	2	1046	1495	2417	3716	5166	6292	6810	7042	6766	6439	5894	5390	4811	4304	3899	3610	3385	3448	3740	4097	4511	4771	4889	4794	4602	4348	4002	3659	3372	3071	2838	2666	
32	1689	59.9	60.0	2	1	1	2	1052	1511	2412	3746	5146	6314	6890	7066	6825	6465	5982	5447	4864	4290	3932	3584	3431	3458	3762	4131	4520	4811	4917	4803	4686	4329	4015	3677	3369	3106	2866	2652	
32	1706	60.0	60.0	2	1	1	2	1054	1505	2466	3770	5195	6312	6888	7118	6824	6513	5998	5461	4863	4315	3945	3605	3439	3511	3708	4104	4529	4852	4944	4799	4651	4333	4015	3650	3362	3112	2872	2648	
32	1723	60.0	60.0	2	1	1	2	1041	1504	2445	3743	5157	6273	6901	7048	6804	6504	5937	5472	4836	4304	3911	3603	3430	3487	3738	4105	4474	4821	4924	4776	4598	4319	3997	3640	3377	3080	2863	2669	
32	1741	59.9	60.0	2	1	1	2	1041	1515	2428	3716	5172	6303	6845	7037	6743	6403	5925	5397	4819	4290	3910	3586	3435	3452	3751	4087	4518	4798	4874	4752	4635	4346	4005	3641	3349	3076	2840	2617	
32	1803	95.2	95.0	3	1	0	2	946	1149	1597	2224	2907	3563	3873	4051	4000	3858	3623	3413	3128	2843	2629	2555	2519	2702	2980	3244	3610	3823	3923	3861	3726	3529	3285	3038	2805	2652	2458	2321	
32	1820	95.0	95.0	3	1	0	2	943	1152	1575	2225	2935	3528	3846	4021	3982	3839	3614	3363	3070	2802	2636	2533	2503	2673	2935	3315	3608	3840	3905	3827	3710	3475	3294	3038	2827	2656	2469	2309	
32	1885	59.9	60.1	3	1	1	2	1057	1489	2412	3700	5075	6268	6800	6989	6752	6397	5867	5369	4794	4272	3901	3589	3413	3473	3695	4041	4516	4766	4875	4754	4615	4291	4053	3647	3372	3093	2842	2627	
32	1902	59.9	60.0	3	1	1	2	1051	1498	2441	3748	5118	6245	6849	6998	6721	6419	5859	5407	4811	4270	3923	3601	3412	3475	3700	4094	4452	4805	4911	4816	4611	4336	3983	3634	3358	3072	2836	2637	
32	1920	60.0	60.0	3	1	1	2	1061	1478	2417	3731	5136	6308	6891	7042	6769	6451	5934	5423	4775	4329	3942	3580	3441	3447	3728	4107	4516	4773	4921	4821	4635	4343	4008	3667	3382	3094	2833	2645	
32	1937	60.0	60.0	3	1	1	2	1055	1507	2432	3713	5214	6281	6885	7053	6855	6500	5961	5442	4847	4307	3941	3599	3450	3478	3724	4142	4517	4787	4946	4780	4665	4352	4012	3674	3363	3092	2854	2651	
32	1954	60.0	60.0	3	1	1	2	1062	1512	2442	3756	5192	6360	6889	7115	6895	6512	6047	5446	4846	4305	3914	3615	3441	3413	3781	4087	4550	4822	4912	4782	4654	4328	4023	3685	3386	3051	2868	2637	
32	1971	60.0	60.0	3	1	1	2	1056	1494	2438	3726	5193	6358	6888	7060	6794	6453	5937	5455	4887	4310	3912	3596	3406	3468	3716	4095	4503	4795	4939	4778	4645	4321	3990	3659	3348	3013	2855	2667	
32	1989	60.0	60.0	3	1	1	2	1069	1483	2429	3740	5166	6292	6872	7071	6832	6453	5893	5421	4826	4288	3935	3592	3435	3445	3743	4079	4518	4805	4878	4794	4634	4290	3960	3637	3371	3060	2815	2653	
32	2051	95.3	95.0	4	1	0	2	945	1159	1605	2227	2923	3555	3880	4048	4017	3843	3610	3387	3088	2823	2678	2558	2535	2652	2939	3264	3616	3801	3849	3816	3729	3487	3278	3063	2830	2636	2473	2311	
32	2069	95.0	95.0	4	1	0	2	938	1155	1615	2226	2904	3522	3830	4022	4004	3829	3594	3341	3043	2800	2661	2530	2546	2645	2956	3258	3584	3804	3895	3796	3713	3463	3246	3019	2847	2614	2464	2280	
32	2131	59.7	60.1	4	1	1	2	1054	1486	2412	3712	5133	6237	6791	6978	6715	6405	5886	5328	4808	4253	3902	3596	3409	3392	3657	4064	4500	4750	4862	4773	4564	4309	3975	3629	3333	3090	2851	2625	
32	2149	59.9	60.0	4	1	1	2	1053	1487	2398	3692	5129	6199	6807	6958	6810	6378	5889	5354	4803	4264	3878	3580	3392	3471	3716	4093	4457	4789	4893	4758	4579	4286	3975	3630	3357	3096	2826	2635	
32	2166	60.0	60.0	4	1	1	2	1060	1481	2431	3671	5138	6250	6860	7007	6784	6384	5898	5341	4788	4281	3915	3604	3406	3442	3720	4089	4497	4785	4922	4787	4622	4327	3974	3629	3368	3074	2832	2603	
32	2183	60.0	60.0	4	1	1	2	1049	1492	2458	3733	5151	6284	6869	7069	6783	6470	5928	5416	4811	4317	3895	3610	3393	3476	3734	4107	4522	4792	4907	4769	4561	4298	4013	3657	3347	3072	2834	2652	
32	2200	59.9	60.0	4	1	1	2	1053	1486	2429	3752	5138	6253	6869	7036	6801	6469	5886	5373	4874	4293	3942	3627	3398	3462	3738	4106	4502	4788	4906	4755	4630	4326	3967	3694	3338	3085	2835	2630	
32	2218	60.0	60.0	4	1	1	2	1051	1489	2403	3712	5113	6270	6816	6994	6746	6430	5930	5384	4847	4289	3918	3588	3395	3427	3712	4050	4463	4751	4848	4774	4628	4279	4011	3623	3370	3063	2857	2614	
32	2235	60.0	60.0	4	1	1	2	1051	1524	2404	3706	5135	6309	6814	6968	6775	6408	5852	5359	4784	4264	3922	3548	3379	3428	3678	4084	4490	4790	4876	4747	4640	4240	3961	3630	3353	3068	2823	2628	
32	2297	95.0	95.0	5	1	0	2	935	1160	1622	2243	2913	3526	3856	4041	3969	3857	3636	3352	3080	2827	2660	2539	2524	2662	2919	3268	3574	3805	3866	3795	3697	3491	3274	3030	2819	2623	2435	2306	
32	2315	95.0	95.0	5	1	0	2	935	1154	1578	2217	2904	3498	3789	3997	3901	3808	3599	3358	3083	2785	2606	2550	2520	2629	2925	3241	3588	3786	3847	3797	3688	3477	3208	3037	2801	2624	2463	2270	
32	2378	59.9	60.1	5	1	1	2	1063	1474	2399	3628	5110	6223	6734	6892	6684	6339	5819	5380	4773	4232	3844	3562	3390	3423	3694	4056	4473	4740	4859	4724	4579	4284	3938	3632	3344	3053	2829	2630	
32	2395	59.9	60.0	5	1	1	2	1032	1474	2402	3686	5055	6192	6746	6955	6679	6372	5850	5308	4816	4292	3858	3528	3376	3429	3657	4023	4469	4729	4806	4736	4559	4284	3961	3629	3335	3026	2835	2624	
32	2412	59.9	60.0	5	1	1	2	1017	1485	2379	3683	5094	6248	6816	6971	6700	6366	5831	5330	4777	4247	3884	3560	3372	3392	3686	4105	4446	4706	4792	4710	4587	4315	3951	3629	3288	3066	2828	2608	
32	2429	59.9	60.0	5	1	1	2	1058	1504	2437	3713	5173	6301	6855	7016	6774	6421	5921	5406	4784	4300	3895	3568	3437	3477	3664	4058	4481	4747	4860	4756	4594	4276	3948	3643	3342	3052	2849	2637	
32	2447	59.9	60.0	5	1	1	2	1064	1484	2417	3711	5119	6281	6755	7007	6691	6385	5910	5373	4783	4264	3932	3576	3374	3436	3713	4097	4444	4744	4851	4738	4581	4276	4002	3628	3343	3047	2805	2651	
32	2464	60.0	60.0	5	1	1	2	1053	1486	2415	3702	5120	6229	6823	6977	6721	6369	5868	5358	4819	4233	3880	3562	3399	3464	3714	4038	4458	4698	4832	4751	4596	4270	3964	3606	3349	3052	2818	2628	
32	2481	60.0	60.0	5	1	1	2	1038	1478	2412	3670	5104	6177	6815	6947	6730	6402	5841	5328	4824	4247	3888	3565	3380	3424	3700	4048	4452	4770	4851	4717	4563	4274	3973	3589	3348	3032	2818	2630	
32	2543	95.2	95.0	6	1	0	2	945	1162	1599	2230	2901	3519	3837	4002	3977	3812	3600	3357	3102	2808	2640	2526	2517	2628	2911	3235	3572	3797	3886	3773	3694	3481	3216	3012	2781	2615	2447	2288	
32	2561	95.0	95.0	6	1	0	2	938	1139	1606	2213	2877	3496	3842	4000	3895	3797	3582	3330	3039	2797	2632	2518	2476	2655	2919	3228	3530	3785	3826	3756	3647	3460	3255	3008	2813	2599	2424	2277	
32	2624	59.8	60.1	6	1	1	2	1052	1475	2389	3669	5044	6196	6765	6901	6645	6364	5773	5316	4778	4247	3878	3532	3364	3412	3676	4056	4442	4715	4809	4771	4577	4260	3929	3596	3315	3034	2819	2623	
32	2641	60.0	60.0	6	1	1	2	1037	1476	2363	3679	5024	6168	6702	6913	6703	6326	5831	5309	4793	4230	3856	3529	3373	3382	3692	4046	4455	4693	4796	4762	4560	4273	3971	3589	3310	3034	2805	2604	
32	2658	59.9	60.0	6	1	1	2	1035	1491	2429	3700	5095	6220	6775	6966	6727	6366	5854	5315	4750	4239	3880	3537	3393	3438	3659	4069	4458	4761	4807	4668	4596	4255	3957	3641	3349	3051	2833	2615	
32	2675	59.9	60.0	6	1	1	2	1050	1477	2417	3708	5106	6254	6801	7016	6713	6389	5889	5373	4849	4275	3873	3561	3380	3448	3695	4062	4458	4744	4893	4744	4587	4281	3975	3660	3337	3030	2819	2617	
32	2693	60.0	60.0	6	1	1	2	1051	1486	2425	3702	5121	6283	6824	7009	6760	6429	5872	5402	4819	4246	3906	3576	3360	3455	3709	4047	4460	4784	4857	4750	4589	4294	3942	3630	3331	3061	2815	2620	
32	2710	60.0	60.0	6	1	1	2	1042	1478	2458	3648	5030	6227	6743	6933	6724	6369	5841	5367	4812	4218	3869	3526	3371	3418	3660	4026	4461	4718	4815	4727	4561	4230	3929	3602	3340	3023	2840	2594	
32	2727	60.0	60.0	6	1	1	2	1042	1483	2384	3702	5010	6191	6804	6931	6667	6344	5886	5335	4807	4197	3855	3540	3364	3395	3670	4025	4444	4758	4823	4695	4580	4237	3947	3622	3330	3040	2796	2649	
32	2792	95.1	95.1	7	1	0	2	947	1151	1572	2248	2885	3486	3856	3963	3912	3783	3556	3322	3043	2805	2628	2486	2481	2633	2875	3244	3549	3771	3846	3745	3677	3440	3252	3000	2794	2608	2454	2260	
32	2809	95.0	95.0	7	1	0	2	931	1149	1604	2191	2878	3444	3802	3956	3884	3772	3564	3300	3043	2766	2595	2504	2465	2613	2900	3206	3544	3728	3819	3741	3603	3448	3210	2984	2767	2604	2404	2270	
32	2872	59.8	60.1	7	1	1	2	1044	1479	2356	3662	5011	6161	6666	6876	6639	6286	5741	5278	4736	4204	3819	3484	3345	3391	3623	4017	4416	4699	4793	4704	4593	4210	3934	3596	3308	3011	2811	2589	
32	2889	59.9	60.0	7	1	1	2	1050	1480	2390	3617	5029	6157	6668	6814	6668	6267	5744	5306	4749	4217	3845	3516	3376	3393	3636	4018	4437	4680	4832	4694	4539	4246	3912	3597	3292	3021	2813	2589	
32	2906	60.0	60.0	7	1	1	2	1054	1486	2384	3677	5041	6184	6740	6929	6665	6317	5815	5302	4753	4241	3876	3535	3366	3382	3668	4029	4424	4745	4820	4729	4563	4274	3982	3580	3302	3029	2792	2592	
32	2923	59.9	60.0	7	1	1	2	1057	1471	2392	3659	5117	6204	6780	6930	6732	6330	5849	5334	4775	4236	3887	3534	3359	3390	3661	4059	4450	4696	4811	4733	4565	4241	3919	3588	3284	3030	2815	2602	
32	2941	60.0	60.0	7	1	1	2	1046	1478	2405	3670	5019	6161	6744	6883	6710	6316	5817	5342	4784	4258	3824	3573	3365	3434	3660	4020	4392	4731	4772	4691	4579	4245	3923	3601	3310	3014	2826	2609	
32	2958	59.9	60.0	7	1	1	2	1022	1479	2388	3686	5067	6173	6698	6901	6691	6370	5790	5302	4716	4239	3862	3528	3341	3390	3600	3980	4437	4695	4854	4681	4547	4241	3925	3594	3273	3032	2752	2586	
32	2975	60.0	60.0	7	1	1	2	1045	1485	2386	3634	5035	6097	6696	6888	6618	6292	5753	5268	4689	4224	3878	3510	3350	3383	3648	4018	4401	4684	4764	4664	4520	4258	3915	3560	3309	3012	2794	2588	
32	3040	95.1	95.1	8	1	0	2	934	1141	1589	2191	2889	3480	3801	3964	3912	3777	3585	3307	3052	2781	2632	2536	2494	2621	2926	3231	3512	3738	3809	3738	3680	3456	3218	3003	2778	2573	2391	2249	
32	3057	95.0	95.0	8	1	0	2	930	1143	1560	2190	2880	3447	3759	3924	3910	3777	3498	3270	3038	2766	2605	2500	2466	2625	2880	3218	3523	3711	3800	3717	3670	3424	3162	2953	2798	2577	2416	2272	
32	3120	59.8	60.1	8	1	1	2	1046	1470	2379	3615	4959	6046	6645	6771	6553	6223	5699	5232	4686	4190	3782	3464	3287	3326	3618	4001	4384	4686	4720	4626	4500	4169	3860	3571	3260	2999	2791	2591	
32	3137	60.0	60.0	8	1	1	2	1063	1473	2367	3576	4993	6058	6652	6803	6578	6250	5720	5232	4679	4202	3795	3474	3322	3373	3619	3964	4396	4670	4769	4636	4482	4238	3849	3543	3269	3017	2767	2617	
32	3154	59.9	60.0	8	1	1	2	1048	1480	2369	3647	5000	6087	6649	6857	6573	6202	5752	5260	4688	4222	3833	3529	3300	3356	3643	4015	4365	4693	4752	4660	4486	4222	3884	3567	3273	2999	2769	2586	
32	3171	60.0	60.0	8	1	1	2	1055	1476	2380	3671	5029	6160	6680	6874	6628	6305	5784	5285	4737	4204	3830	3515	3348	3412	3627	4001	4375	4669	4727	4646	4550	4239	3907	3572	3277	3000	2780	2610	
32	3189	60.0	60.0	8	1	1	2	1052	1496	2371	3636	5053	6143	6623	6844	6616	6251	5742	5254	4706	4178	3839	3512	3333	3382	3657	3972	4374	4672	4762	4674	4530	4206	3899	3545	3281	2987	2771	2591	
32	3206	59.9	60.0	8	1	1	2	1042	1480	2368	3623	5016	6022	6659	6802	6585	6241	5706	5240	4699	4209	3816	3480	3332	3355	3591	3999	4375	4681	4742	4660	4500	4228	3882	3572	3258	3005	2779	2576	
32	3223	60.0	60.0	8	1	1	2	1049	1477	2363	3616	4968	6099	6614	6768	6536	6210	5676	5273	4673	4136	3811	3492	3324	3350	3595	3944	4361	4648	4744	4658	4470	4140	3853	3555	3232	3004	2746	2573	
32	3286	95.1	95.0	9	1	0	2	937	1155	1560	2193	2853	3429	3770	3946	3896	3744	3518	3284	2989	2756	2620	2476	2439	2622	2841	3186	3484	3682	3739	3701	3609	3424	3202	2955	2764	2569	2413	2261	
32	3303	95.0	95.0	9	1	0	2	966	1137	1564	2206	2860	3427	3762	3907	3863	3733	3521	3256	3021	2755	2586	2488	2450	2578	2843	3173	3477	3724	3762	3698	3602	3396	3206	2938	2745	2573	2426	2245	
32	3366	59.8	60.1	9	1	1	2	1059	1462	2331	3585	4977	6076	6576	6796	6527	6179	5667	5196	4676	4142	3797	3427	3337	3357	3576	3972	4364	4628	4735	4580	4473	4183	3859	3534	3252	3011	2762	2590	
32	3383	60.0	60.0	9	1	1	2	1044	1481	2339	3598	4959	6046	6617	6792	6575	6209	5720	5216	4682	4116	3781	3426	3312	3365	3601	3960	4366	4600	4728	4611	4453	4167	3874	3590	3273	2979	2778	2588	
32	3400	59.9	60.0	9	1	1	2	1032	1463	2372	3611	4992	6014	6633	6789	6568	6250	5743	5230	4718	4186	3781	3512	3320	3348	3611	3966	4338	4644	4751	4663	4481	4225	3861	3553	3264	2997	2771	2570	
32	3418	59.9	60.0	9	1	1	2	1040	1479	2379	3680	5074	6138	6731	6899	6652	6276	5818	5239	4764	4203	3825	3510	3371	3388	3642	4017	4390	4661	4773	4675	4545	4252	3917	3572	3280	3008	2754	2600	
32	3435	59.9	60.0	9	1	1	2	1039	1473	2396	3653	4991	6096	6642	6820	6575	6283	5780	5216	4714	4159	3827	3503	3303	3370	3609	3989	4348	4655	4700	4593	4499	4194	3862	3548	3264	2986	2787	2580	
32	3452	59.9	60.0	9	1	1	2	1042	1456	2378	3634	5024	6051	6611	6794	6582	6218	5730	5222	4644	4186	3792	3502	3301	3318	3611	3956	4369	4617	4731	4625	4466	4200	3834	3540	3233	2988	2774	2578	
32	3469	59.9	60.0	9	1	1	2	1050	1464	2382	3586	5000	6073	6611	6792	6552	6211	5712	5187	4650	4192	3761	3449	3303	3350	3590	3932	4357	4653	4706	4606	4478	4156	3826	3555	3226	2969	2750	2571	
32	3532	95.1	95.0	10	1	0	2	940	1158	1568	2173	2839	3463	3744	3945	3881	3769	3543	3277	2989	2768	2616	2485	2470	2595	2871	3170	3520	3700	3845	3680	3608	3411	3190	2932	2729	2556	2388	2265	
32	3549	94.9	95.0	10	1	0	2	939	1130	1584	2158	2843	3420	3789	3895	3842	3725	3522	3273	3002	2746	2549	2458	2479	2595	2839	3158	3456	3716	3769	3683	3597	3396	3175	2972	2733	2565	2388	2243	
32	3612	59.7	60.1	10	1	1	2	1049	1468	2326	3572	4924	5984	6510	6696	6479	6154	5632	5121	4562	4091	3759	3439	3264	3318	3563	3938	4304	4590	4709	4601	4459	4170	3818	3504	3224	2978	2757	2531	
32	3629	60.0	60.0	10	1	1	2	1046	1466	2344	3596	4927	6046	6531	6782	6493	6206	5644	5195	4678	4130	3751	3474	3273	3345	3586	3995	4357	4640	4715	4627	4460	4157	3856	3528	3240	2980	2735	2554	
32	3646	60.0	60.0	10	1	1	2	1048	1470	2341	3586	4955	6054	6568	6748	6480	6245	5686	5180	4637	4126	3803	3453	3333	3341	3581	3936	4364	4575	4695	4617	4443	4166	3880	3499	3276	2960	2745	2570	
32	3664	60.0	60.0	10	1	1	2	1034	1489	2368	3611	4999	6041	6664	6791	6594	6206	5724	5198	4683	4157	3769	3472	3295	3340	3637	3942	4328	4619	4749	4637	4451	4198	3864	3532	3283	2966	2776	2557	
32	3681	60.0	60.0	10	1	1	2	1036	1454	2369	3609	4961	6131	6540	6737	6539	6185	5711	5183	4648	4162	3808	3476	3299	3357	3585	3897	4321	4573	4686	4592	4449	4139	3839	3507	3246	2989	2806	2564	
32	3698	60.0	60.0	10	1	1	2	1032	1479	2344	3591	4966	6047	6570	6746	6547	6171	5658	5195	4646	4149	3759	3464	3306	3317	3595	3961	4314	4598	4717	4610	4488	4216	3822	3524	3239	2990	2751	2557	
32	3715	60.0	60.0	10	1	1	2	1049	1456	2353	3563	4928	6039	6540	6733	6492	6150	5694	5163	4647	4153	3747	3462	3239	3338	3590	3923	4339	4582	4688	4570	4460	4110	3813	3505	3215	2946	2751	2536	
32	3778	95.0	95.0	11	1	0	2	943	1142	1568	2157	2842	3426	3741	3908	3844	3739	3544	3287	3002	2750	2582	2477	2440	2611	2844	3157	3466	3713	3754	3711	3581	3378	3185	2932	2733	2579	2395	2223	
32	3795	95.0	95.0	11	1	0	2	927	1143	1560	2182	2831	3389	3726	3905	3859	3742	3480	3211	2980	2755	2566	2459	2443	2569	2885	3163	3484	3674	3776	3630	3576	3355	3167	2942	2734	2552	2418	2216	
32	3858	59.7	60.1	11	1	1	2	1034	1450	2312	3558	4888	5963	6507	6681	6440	6123	5604	5122	4566	4112	3740	3439	3296	3316	3572	3929	4308	4617	4688	4546	4449	4143	3821	3520	3241	2940	2751	2554	
32	3875	60.0	60.0	11	1	1	2	1039	1442	2350	3522	4891	5980	6488	6669	6467	6086	5617	5111	4564	4094	3746	3444	3274	3324	3541	3918	4312	4580	4644	4562	4435	4100	3820	3492	3218	2946	2755	2520	
32	3893	59.9	60.0	11	1	1	2	1036	1474	2348	3572	4899	6007	6581	6731	6474	6200	5716	5175	4600	4102	3775	3446	3284	3329	3556	3922	4293	4584	4716	4526	4443	4127	3846	3509	3229	2958	2765	2570	
32	3910	60.0	60.0	11	1	1	2	1048	1458	2340	3604	4945	6064	6586	6773	6482	6185	5702	5176	4697	4125	3753	3455	3272	3352	3585	3916	4326	4635	4740	4594	4438	4161	3800	3500	3256	2966	2767	2576	
32	3927	60.0	60.0	11	1	1	2	1033	1477	2347	3584	4938	6055	6574	6692	6468	6157	5638	5189	4667	4119	3745	3445	3275	3334	3560	3949	4319	4541	4650	4526	4368	4151	3822	3478	3223	2968	2750	2570	
32	3944	60.0	60.0	11	1	1	2	1054	1464	2353	3560	4920	6057	6510	6718	6476	6074	5640	5129	4615	4108	3777	3432	3282	3268	3562	3916	4288	4561	4645	4576	4424	4128	3807	3501	3219	2971	2725	2544	
32	3962	59.9	60.0	11	1	1	2	1028	1474	2348	3533	4865	5968	6523	6654	6473	6139	5608	5152	4591	4105	3789	3413	3240	3312	3530	3888	4298	4583	4672	4570	4390	4120	3804	3489	3193	2943	2762	2544	
32	4026	95.1	95.1	12	1	0	2	934	1156	1581	2182	2856	3416	3745	3892	3821	3726	3521	3264	3035	2722	2580	2481	2454	2535	2813	3166	3413	3660	3724	3662	3551	3365	3157	2941	2739	2512	2384	2216	
32	4043	95.0	95.0	12	1	0	2	960	1129	1547	2179	2807	3396	3677	3868	3810	3738	3510	3237	2980	2699	2570	2459	2454	2597	2843	3162	3429	3654	3721	3647	3559	3352	3166	2930	2753	2540	2369	2214	
32	4106	59.8	60.1	12	1	1	2	1033	1434	2325	3522	4861	5979	6459	6677	6409	6134	5579	5070	4601	4097	3708	3434	3270	3263	3520	3894	4285	4561	4655	4570	4424	4118	3823	3481	3210	2939	2720	2552	
32	4123	59.9	60.0	12	1	1	2	1047	1461	2348	3584	4911	5986	6498	6661	6429	6092	5661	5138	4563	4087	3721	3426	3267	3291	3532	3870	4274	4528	4678	4608	4397	4120	3801	3509	3229	2958	2732	2525	
32	4141	59.9	60.0	12	1	1	2	1061	1454	2341	3579	4911	5975	6553	6733	6525	6143	5706	5122	4637	4129	3792	3441	3297	3305	3537	3918	4294	4608	4681	4620	4447	4119	3821	3539	3238	2944	2789	2536	
32	4158	59.9	60.0	12	1	1	2	1020	1449	2351	3612	4925	6040	6602	6736	6541	6214	5683	5230	4634	4105	3754	3478	3324	3328	3595	3935	4330	4603	4681	4576	4449	4125	3840	3520	3233	2979	2770	2572	
32	4175	60.0	60.0	12	1	1	2	1043	1462	2364	3597	4888	6057	6570	6785	6510	6153	5651	5215	4661	4163	3783	3442	3291	3326	3570	3928	4314	4589	4664	4572	4448	4159	3821	3481	3228	2958	2741	2536	
32	4192	59.9	60.0	12	1	1	2	1040	1456	2361	3592	4911	6035	6537	6658	6452	6177	5614	5189	4630	4124	3787	3447	3278	3328	3542	3953	4286	4594	4709	4561	4433	4150	3845	3528	3232	2972	2753	2556	
32	4210	60.0	60.0	12	1	1	2	1028	1494	2350	3579	4886	5993	6531	6680	6481	6102	5627	5137	4638	4116	3724	3422	3262	3304	3549	3874	4303	4554	4669	4546	4435	4124	3826	3477	3243	2956	2746	2541	
32	4272	95.0	95.0	13	1	0	2	947	1139	1560	2198	2818	3435	3765	3892	3857	3741	3480	3278	2992	2765	2596	2459	2445	2574	2864	3166	3448	3682	3754	3683	3545	3368	3180	2903	2741	2539	2362	2235	
32	4289	95.0	95.0	13	1	0	2	930	1138	1545	2157	2810	3392	3745	3844	3800	3718	3467	3252	2959	2731	2539	2419	2455	2608	2823	3149	3449	3646	3704	3635	3572	3365	3172	2915	2720	2523	2414	2234	
32	4352	59.8	60.1	13	1	1	2	1037	1418	2346	3567	4892	5939	6448	6616	6404	6133	5608	5086	4593	4101	3714	3412	3243	3320	3532	3909	4251	4544	4629	4595	4397	4096	3809	3484	3164	2949	2719	2550	
32	4369	59.9	60.0	13	1	1	2	1042	1445	2299	3530	4872	5950	6458	6661	6423	6068	5607	5172	4586	4055	3732	3416	3246	3289	3570	3885	4282	4581	4652	4582	4412	4120	3806	3505	3209	2928	2753	2549	
32	4387	59.9	60.0	13	1	1	2	1063	1458	2349	3587	4939	5977	6476	6713	6455	6174	5627	5154	4583	4126	3732	3425	3252	3312	3553	3928	4251	4584	4650	4596	4461	4097	3828	3518	3221	2960	2741	2550	
32	4404	59.9	60.0	13	1	1	2	1042	1472	2366	3595	4967	6036	6575	6688	6511	6137	5657	5188	4645	4142	3802	3463	3312	3305	3530	3905	4336	4599	4655	4588	4412	4114	3847	3507	3208	2963	2758	2540	
32	4421	60.0	60.0	13	1	1	2	1044	1464	2365	3577	4929	5998	6577	6718	6451	6148	5648	5150	4611	4087	3697	3430	3252	3318	3534	3929	4306	4556	4711	4552	4438	4126	3791	3476	3243	2953	2733	2531	
32	4438	59.9	60.0	13	1	1	2	1044	1457	2372	3574	4911	6007	6463	6664	6479	6079	5625	5112	4569	4070	3742	3415	3288	3316	3580	3894	4290	4567	4689	4556	4429	4104	3840	3503	3197	2921	2728	2537	
32	4456	60.0	60.0	13	1	1	2	1031	1464	2335	3575	4876	5967	6480	6656	6431	6104	5595	5144	4602	4120	3706	3429	3254	3287	3518	3858	4300	4559	4676	4541	4393	4099	3793	3488	3184	2917	2710	2540	
32	4518	95.0	95.0	14	1	0	2	933	1144	1553	2182	2804	3402	3738	3873	3834	3705	3460	3269	2973	2764	2549	2450	2449	2564	2865	3151	3464	3656	3713	3664	3550	3361	3160	2910	2743	2536	2359	2206	
32	4536	95.0	95.0	14	1	0	2	932	1127	1562	2141	2811	3365	3697	3842	3818	3683	3490	3231	2982	2716	2558	2438	2397	2550	2812	3111	3422	3627	3712	3635	3553	3348	3115	2886	2732	2513	2365	2230	
32	4598	59.8	60.1	14	1	1	2	1035	1451	2327	3526	4888	5917	6420	6645	6373	6061	5590	5124	4564	4039	3711	3383	3236	3251	3538	3879	4257	4558	4693	4496	4425	4070	3800	3489	3188	2952	2718	2521	
32	4616	59.9	60.0	14	1	1	2	1049	1450	2331	3539	4879	5919	6399	6586	6350	6054	5502	5055	4533	4070	3704	3420	3230	3285	3542	3888	4236	4526	4605	4534	4363	4123	3793	3444	3223	2912	2755	2535	
32	4633	60.0	60.0	14	1	1	2	1029	1484	2324	3553	4884	5969	6463	6678	6466	6136	5581	5131	4593	4126	3743	3406	3284	3317	3541	3889	4267	4533	4671	4542	4408	4144	3805	3487	3174	2956	2711	2532	
32	4650	59.9	60.0	14	1	1	2	1050	1459	2348	3546	4877	6052	6523	6724	6457	6156	5630	5151	4605	4113	3725	3451	3305	3291	3541	3907	4300	4541	4652	4536	4405	4107	3768	3489	3228	2952	2755	2537	
32	4667	59.9	60.0	14	1	1	2	1041	1451	2330	3558	4918	6005	6501	6647	6447	6144	5611	5142	4605	4094	3763	3422	3272	3314	3532	3927	4301	4530	4670	4540	4425	4114	3789	3488	3185	2990	2734	2540	
32	4685	60.0	60.0	14	1	1	2	1028	1454	2351	3568	4857	5998	6447	6639	6428	6098	5607	5117	4601	4114	3747	3396	3223	3318	3538	3901	4278	4563	4619	4525	4381	4084	3798	3495	3238	2941	2721	2548	
32	4702	59.9	60.0	14	1	1	2	1038	1454	2333	3563	4890	5917	6488	6632	6416	6056	5579	5071	4573	4109	3694	3412	3247	3280	3550	3861	4276	4529	4602	4549	4386	4092	3765	3464	3234	2897	2733	2514	
32	4764	95.0	95.0	15	1	0	2	939	1152	1563	2181	2813	3380	3699	3889	3797	3690	3469	3251	2958	2728	2527	2450	2440	2562	2828	3095	3434	3640	3683	3667	3535	3382	3139	2928	2708	2522	2366	2225	
32	4782	95.0	95.0	15	1	0	2	944	1153	1538	2142	2772	3380	3668	3820	3815	3669	3477	3235	2950	2690	2531	2425	2387	2552	2788	3124	3410	3610	3702	3645	3514	3347	3104	2915	2705	2526	2363	2239	
32	4844	59.8	60.1	15	1	1	2	1038	1460	2312	3519	4846	5871	6398	6597	6360	6014	5560	5094	4574	4071	3665	3401	3240	3262	3491	3862	4211	4536	4642	4521	4380	4065	3793	3473	3187	2924	2703	2545	
32	4862	59.9	60.0	15	1	1	2	1032	1423	2325	3549	4874	5932	6448	6628	6357	6035	5552	5066	4586	4081	3700	3394	3241	3280	3530	3893	4254	4519	4644	4527	4361	4072	3803	3476	3200	2929	2745	2517	
32	4879	59.9	60.0	15	1	1	2	1041	1468	2356	3557	4904	5956	6484	6640	6488	6095	5576	5132	4607	4061	3702	3443	3269	3286	3568	3892	4278	4583	4657	4544	4423	4112	3828	3495	3186	2945	2723	2531	
32	4896	60.0	60.0	15	1	1	2	1049	1460	2360	3509	4926	5996	6492	6693	6472	6141	5646	5163	4612	4078	3741	3402	3271	3302	3534	3870	4273	4555	4648	4551	4412	4105	3802	3475	3205	2909	2698	2539	
32	4913	59.9	60.0	15	1	1	2	1045	1450	2321	3594	4844	5990	6503	6643	6438	6112	5622	5151	4562	4099	3738	3421	3225	3281	3507	3909	4254	4563	4697	4585	4371	4138	3797	3473	3216	2937	2705	2530	
32	4931	60.0	60.0	15	1	1	2	1036	1441	2346	3544	4892	5962	6452	6617	6464	6100	5613	5105	4562	4080	3725	3408	3247	3296	3548	3878	4287	4572	4657	4538	4399	4133	3787	3454	3200	2925	2700	2535	
32	4948	60.0	60.0	15	1	1	2	1028	1447	2346	3565	4896	5922	6451	6588	6396	6027	5572	5122	4571	4083	3720	3407	3230	3258	3540	3861	4236	4518	4612	4544	4417	4089	3786	3494	3181	2921	2691	2525	
32	5010	95.1	95.0	16	1	0	2	932	1173	1582	2179	2850	3388	3706	3888	3856	3710	3465	3241	3002	2749	2564	2448	2434	2567	2810	3132	3430	3620	3735	3627	3523	3343	3145	2926	2721	2525	2380	2214	
32	5028	95.0	95.0	16	1	0	2	949	1113	1561	2138	2779	3397	3701	3829	3780	3640	3440	3231	2950	2706	2531	2439	2434	2553	2817	3055	3405	3620	3690	3633	3546	3323	3105	2901	2691	2520	2375	2200	
32	5091	59.8	60.1	16	1	1	2	1041	1444	2334	3516	4835	5939	6398	6616	6331	6070	5539	5080	4542	4057	3649	3408	3226	3277	3530	3875	4247	4533	4599	4521	4352	4102	3806	3453	3202	2885	2712	2508	
32	5108	59.9	60.0	16	1	1	2	1028	1437	2341	3539	4829	5931	6373	6624	6380	6021	5560	5095	4510	4039	3684	3431	3212	3263	3531	3901	4224	4491	4638	4545	4340	4068	3788	3441	3163	2913	2683	2543	
32	5125	60.0	60.0	16	1	1	2	1036	1459	2320	3574	4881	5983	6430	6696	6408	6122	5628	5093	4579	4116	3730	3396	3237	3289	3530	3904	4281	4563	4674	4541	4435	4077	3822	3470	3183	2946	2708	2535	
32	5142	60.0	60.0	16	1	1	2	1020	1466	2316	3595	4907	5982	6516	6726	6426	6142	5599	5145	4581	4115	3733	3426	3253	3277	3541	3875	4275	4590	4671	4550	4355	4101	3796	3500	3241	2966	2755	2543	
32	5160	60.0	60.0	16	1	1	2	1034	1447	2320	3543	4883	5986	6468	6596	6394	6061	5585	5079	4581	4076	3732	3430	3255	3300	3502	3889	4284	4556	4616	4504	4383	4121	3811	3461	3198	2920	2744	2544	
32	5177	59.9	60.0	16	1	1	2	1056	1457	2360	3525	4853	5964	6473	6651	6403	6079	5544	5063	4558	4080	3735	3402	3256	3305	3526	3842	4269	4536	4647	4557	4388	4106	3777	3493	3173	2916	2708	2495	
32	5194	59.9	60.0	16	1	1	2	1033	1446	2328	3520	4804	5925	6428	6640	6393	6061	5597	5093	4597	4035	3710	3397	3236	3303	3492	3838	4244	4507	4610	4538	4384	4083	3784	3429	3183	2932	2702	2538	
32	5257	95.2	95.0	17	1	0	2	931	1136	1561	2149	2805	3333	3709	3865	3791	3658	3470	3245	2949	2714	2531	2414	2416	2553	2817	3118	3396	3624	3707	3660	3528	3321	3106	2919	2722	2511	2360	2199	
32	5274	95.0	95.0	17	1	0	2	916	1119	1565	2137	2791	3372	3655	3806	3787	3605	3417	3227	2958	2716	2537	2424	2418	2558	2798	3102	3431	3582	3706	3628	3529	3345	3114	2882	2689	2530	2356	2202	
32	5337	59.8	60.1	17	1	1	2	1043	1458	2337	3524	4801	5839	6379	6557	6380	6054	5528	5050	4468	4086	3647	3384	3215	3256	3516	3851	4275	4491	4611	4509	4380	4044	3778	3462	3189	2946	2701	2509	
32	5354	59.9	60.0	17	1	1	2	1032	1430	2307	3533	4807	5916	6466	6624	6373	6031	5503	5079	4538	4034	3747	3402	3266	3270	3493	3870	4261	4493	4581	4530	4340	4086	3785	3468	3156	2927	2726	2543	
32	5371	60.0	60.0	17	1	1	2	1034	1431	2319	3541	4852	5962	6486	6639	6392	6090	5598	5145	4594	4067	3717	3377	3248	3308	3548	3858	4244	4514	4633	4575	4337	4085	3781	3527	3180	2932	2716	2512	
32	5388	60.0	60.0	17	1	1	2	1040	1449	2331	3559	4877	6011	6555	6676	6409	6124	5625	5113	4614	4116	3711	3413	3257	3300	3538	3956	4262	4506	4669	4533	4391	4124	3797	3469	3164	2933	2698	2522	
32	5406	60.0	60.0	17	1	1	2	1040	1430	2339	3555	4881	5917	6456	6658	6401	6102	5583	5085	4573	4067	3752	3396	3273	3296	3537	3847	4283	4517	4637	4537	4378	4087	3826	3448	3199	2943	2680	2539	
32	5423	60.0	60.0	17	1	1	2	1039	1435	2341	3545	4856	5913	6407	6609	6393	6028	5541	5055	4563	4038	3730	3390	3231	3261	3530	3865	4264	4518	4607	4510	4392	4096	3781	3454	3179	2932	2689	2523	
32	5440	60.0	60.0	17	1	1	2	1048	1447	2315	3550	4836	5885	6419	6564	6356	6044	5529	5053	4545	4016	3676	3399	3258	3286	3496	3856	4268	4483	4616	4499	4393	4077	3791	3469	3151	2952	2688	2503	
32	5503	95.1	95.0	18	1	0	2	942	1136	1557	2172	2800	3361	3649	3872	3827	3646	3461	3211	2967	2724	2534	2465	2429	2544	2800	3077	3404	3653	3696	3645	3511	3339	3159	2900	2697	2488	2393	2176	
32	5520	95.0	95.0	18	1	0	2	940	1128	1551	2144	2789	3386	3662	3843	3763	3619	3444	3216	2942	2706	2561	2443	2411	2542	2781	3100	3398	3572	3701	3600	3498	3310	3125	2852	2709	2519	2337	2186	
32	5583	59.8	60.1	18	1	1	2	1039	1436	2317	3496	4851	5880	6405	6598	6328	6036	5505	5050	4530	4063	3664	3357	3208	3288	3513	3854	4227	4514	4605	4495	4348	4068	3783	3445	3159	2909	2698	2519	
32	5600	59.9	60.0	18	1	1	2	1045	1450	2325	3539	4832	5864	6397	6564	6327	6036	5536	5043	4519	3991	3684	3368	3218	3288	3486	3843	4254	4496	4544	4520	4391	4060	3746	3436	3155	2904	2684	2525	
32	5617	60.0	60.0	18	1	1	2	1071	1441	2345	3581	4892	6008	6457	6656	6419	6097	5575	5112	4568	4056	3725	3427	3236	3274	3503	3864	4294	4545	4644	4504	4385	4103	3786	3499	3166	2905	2728	2549	
32	5634	59.9	60.0	18	1	1	2	1040	1462	2328	3566	4890	5914	6577	6679	6435	6070	5640	5127	4622	4099	3742	3436	3266	3258	3514	3906	4266	4494	4624	4513	4358	4104	3782	3473	3200	2951	2701	2522	
32	5652	60.0	60.0	18	1	1	2	1046	1442	2339	3565	4885	5991	6472	6600	6406	6071	5600	5074	4556	4045	3736	3410	3238	3293	3543	3875	4282	4496	4631	4507	4358	4109	3812	3455	3197	2911	2711	2527	
32	5669	60.0	60.0	18	1	1	2	1036	1432	2321	3560	4857	5912	6427	6635	6347	6006	5527	5072	4550	4036	3705	3381	3234	3264	3524	3843	4265	4502	4599	4490	4306	4077	3797	3441	3145	2888	2708	2533	
32	5686	60.0	60.0	18	1	1	2	1030	1461	2329	3523	4863	5936	6433	6610	6370	6066	5560	5047	4566	4056	3672	3388	3231	3280	3511	3862	4215	4525	4602	4479	4380	4067	3776	3437	3167	2921	2689	2516	
32	5749	95.2	95.0	19	1	0	2	947	1131	1561	2162	2808	3371	3698	3853	3798	3706	3483	3219	2991	2742	2568	2444	2424	2554	2810	3133	3411	3655	3698	3649	3515	3324	3130	2880	2706	2497	2345	2223	
32	5766	95.0	95.0	19	1	0	2	936	1152	1539	2128	2778	3362	3701	3831	3784	3693	3468	3216	2927	2708	2550	2433	2405	2549	2832	3110	3412	3588	3680	3635	3517	3321	3126	2898	2673	2536	2372	2173	
32	5829	59.9	60.1	19	1	1	2	1028	1427	2280	3505	4854	5863	6378	6568	6334	6015	5551	5026	4527	4034	3646	3377	3215	3247	3499	3851	4239	4484	4599	4489	4379	4046	3783	3444	3162	2946	2693	2502	
32	5846	59.9	60.0	19	1	1	2	1047	1453	2314	3508	4821	5885	6393	6552	6377	6032	5585	5041	4509	4033	3691	3427	3197	3291	3495	3821	4229	4504	4601	4490	4324	4059	3797	3443	3181	2902	2716	2509	
32	5863	60.0	60.0	19	1	1	2	1028	1464	2317	3510	4878	5925	6420	6558	6347	6075	5576	5078	4604	4034	3740	3343	3233	3298	3513	3853	4231	4482	4583	4506	4368	4070	3817	3441	3190	2916	2704	2530	
32	5881	60.0	60.0	19	1	1	2	1045	1447	2300	3581	4865	5922	6515	6606	6436	6055	5580	5163	4591	4082	3698	3435	3235	3284	3512	3850	4301	4526	4595	4492	4385	4081	3795	3447	3172	2940	2707	2526	
32	5898	60.0	60.0	19	1	1	2	1027	1433	2311	3539	4824	5926	6435	6620	6364	6040	5548	5068	4542	4063	3706	3428	3257	3300	3479	3847	4267	4516	4651	4513	4370	4085	3768	3495	3201	2951	2715	2507	
32	5915	60.0	60.0	19	1	1	2	1030	1440	2310	3536	4878	5876	6432	6564	6344	5994	5554	5100	4511	4062	3682	3382	3246	3227	3494	3875	4244	4524	4580	4518	4368	4069	3748	3474	3175	2879	2677	2498	
32	5932	60.0	60.0	19	1	1	2	1040	1435	2308	3507	4826	5877	6371	6568	6301	5972	5529	5037	4543	4030	3668	3393	3201	3235	3472	3843	4189	4488	4602	4473	4358	4058	3763	3441	3170	2885	2704	2520	
32	5995	95.0	95.0	20	1	0	2	937	1157	1570	2157	2805	3333	3668	3840	3794	3669	3472	3226	2970	2705	2555	2436	2418	2536	2797	3060	3419	3616	3697	3611	3517	3348	3090	2894	2697	2500	2353	2196	
32	6012	95.0	95.0	20	1	0	2	936	1124	1536	2136	2795	3336	3662	3788	3739	3653	3436	3213	2940	2680	2542	2443	2421	2534	2792	3108	3391	3592	3670	3640	3523	3303	3134	2859	2722	2489	2328	2182	
32	6075	59.8	60.1	20	1	1	2	1044	1430	2295	3493	4808	5814	6381	6551	6336	6045	5465	5059	4497	4031	3675	3368	3219	3225	3520	3870	4250	4487	4624	4489	4348	4064	3786	3452	3165	2892	2696	2490	
32	6092	59.9	60.0	20	1	1	2	1030	1431	2317	3453	4782	5864	6368	6553	6375	5974	5517	4988	4516	4006	3686	3393	3221	3254	3494	3833	4202	4503	4536	4467	4345	4043	3757	3448	3137	2924	2680	2520	
32	6109	60.0	60.0	20	1	1	2	1046	1439	2328	3540	4849	5947	6441	6598	6396	5992	5575	5049	4575	4079	3710	3381	3234	3256	3464	3837	4258	4515	4586	4521	4371	4079	3771	3457	3205	2927	2727	2512	
32	6127	59.9	60.0	20	1	1	2	1050	1440	2342	3561	4852	6002	6449	6691	6431	6090	5616	5104	4577	4081	3708	3416	3250	3292	3523	3868	4238	4525	4599	4569	4389	4095	3776	3451	3199	2944	2715	2518	
32	6144	60.0	60.0	20	1	1	2	1027	1454	2317	3543	4872	5915	6442	6580	6351	6053	5568	5085	4561	4069	3676	3406	3227	3300	3540	3871	4287	4484	4600	4511	4366	4027	3771	3463	3181	2911	2734	2518	
32	6161	60.0	60.0	20	1	1	2	1050	1438	2342	3513	4836	5885	6397	6573	6331	6022	5565	5008	4528	4021	3627	3360	3208	3275	3473	3830	4212	4492	4614	4472	4333	4067	3758	3406	3205	2887	2695	2520	
32	6178	60.0	60.0	20	1	1	2	1032	1435	2331	3506	4768	5859	6394	6555	6386	6006	5526	5054	4515	4037	3661	3376	3214	3246	3477	3895	4186	4524	4588	4457	4331	4035	3770	3423	3157	2880	2691	2486	
32	6243	95.1	95.1	21	1	0	2	959	1142	1541	2134	2819	3345	3670	3876	3772	3660	3436	3198	2955	2697	2540	2431	2420	2538	2783	3088	3456	3595	3669	3592	3522	3342	3117	2870	2683	2484	2361	2190	
32	6260	95.0	95.0	21	1	0	2	934	1129	1539	2154	2774	3359	3678	3824	3743	3641	3412	3165	2927	2683	2547	2416	2398	2536	2789	3101	3352	3614	3681	3624	3500	3309	3096	2887	2707	2483	2337	2192	
32	6323	59.9	60.1	21	1	1	2	1030	1456	2315	3477	4771	5875	6380	6559	6296	5995	5536	5076	4475	4049	3675	3354	3176	3214	3491	3842	4236	4490	4592	4451	4327	4068	3782	3465	3158	2924	2707	2485	
32	6340	59.9	60.0	21	1	1	2	1035	1444	2292	3533	4827	5880	6331	6586	6321	6031	5559	5023	4549	4051	3664	3368	3238	3251	3481	3829	4227	4496	4593	4462	4372	4035	3789	3465	3184	2888	2717	2507	
32	6358	59.9	60.0	21	1	1	2	1034	1450	2312	3546	4848	5905	6410	6568	6396	6056	5557	5089	4563	4054	3676	3392	3231	3232	3519	3843	4267	4494	4595	4506	4362	4088	3761	3434	3187	2925	2688	2510	
32	6375	60.0	60.0	21	1	1	2	1043	1446	2317	3606	4856	5934	6487	6667	6499	6125	5593	5084	4572	4055	3716	3437	3245	3278	3520	3888	4213	4482	4626	4527	4380	4088	3783	3436	3180	2896	2716	2526	
32	6392	60.0	60.0	21	1	1	2	1031	1483	2300	3509	4896	5913	6430	6610	6373	6001	5565	5089	4535	4034	3672	3386	3192	3259	3459	3838	4253	4545	4611	4504	4321	4066	3781	3448	3179	2907	2699	2503	
32	6409	60.0	60.0	21	1	1	2	1035	1454	2309	3536	4880	5896	6434	6587	6348	6021	5570	5072	4529	4058	3702	3381	3256	3286	3480	3873	4228	4497	4590	4456	4360	4063	3796	3451	3186	2887	2705	2516	
32	6427	60.0	60.0	21	1	1	2	1048	1425	2304	3525	4842	5902	6366	6577	6359	6039	5570	5073	4515	4037	3691	3399	3191	3274	3470	3854	4252	4485	4571	4498	4348	4087	3766	3400	3162	2914	2685	2523	
32	6491	95.1	95.1	22	1	0	2	929	1145	1536	2136	2841	3361	3686	3849	3758	3682	3439	3204	2974	2701	2523	2449	2414	2564	2793	3096	3405	3602	3700	3622	3502	3330	3123	2893	2679	2536	2332	2213	
32	6508	95.0	95.0	22	1	0	2	951	1140	1545	2121	2803	3338	3664	3817	3772	3674	3461	3210	2938	2692	2526	2424	2407	2554	2802	3098	3401	3592	3681	3618	3527	3300	3136	2877	2717	2506	2355	2202	
32	6571	59.8	60.1	22	1	1	2	1033	1436	2292	3522	4809	5861	6382	6496	6329	5988	5562	5088	4488	4006	3665	3372	3224	3266	3524	3851	4218	4450	4543	4481	4356	4045	3742	3434	3167	2881	2697	2482	
32	6588	59.9	60.0	22	1	1	2	1029	1444	2305	3473	4847	5867	6356	6563	6357	6016	5522	5058	4498	4004	3639	3358	3215	3243	3491	3808	4215	4476	4579	4492	4305	4057	3768	3422	3168	2913	2669	2480	
32	6606	60.0	60.0	22	1	1	2	1051	1451	2329	3555	4853	5876	6476	6597	6343	6007	5596	5081	4538	4053	3733	3406	3246	3275	3507	3844	4209	4471	4579	4499	4358	4088	3767	3443	3195	2909	2714	2517	
32	6623	59.9	60.0	22	1	1	2	1045	1434	2324	3543	4893	5971	6463	6651	6442	6099	5584	5134	4591	4100	3756	3415	3251	3290	3518	3865	4232	4517	4618	4539	4389	4061	3752	3473	3170	2908	2708	2509	
32	6640	60.0	60.0	22	1	1	2	1045	1430	2312	3522	4859	5922	6409	6649	6410	6061	5587	5067	4543	4047	3685	3372	3238	3262	3525	3826	4224	4514	4567	4501	4348	4108	3791	3444	3143	2916	2713	2506	
32	6657	60.0	60.0	22	1	1	2	1025	1424	2312	3521	4853	5864	6379	6550	6367	5968	5561	5102	4528	3992	3696	3363	3216	3262	3518	3855	4228	4468	4571	4481	4327	4086	3771	3435	3150	2893	2687	2537	
32	6675	60.0	60.0	22	1	1	2	1040	1436	2311	3532	4821	5883	6379	6589	6333	5981	5519	5089	4503	4038	3654	3368	3243	3283	3522	3875	4195	4473	4578	4496	4327	4043	3780	3438	3170	2925	2726	2513	
32	6739	95.0	95.1	23	1	0	2	926	1129	1567	2140	2783	3367	3652	3818	3786	3649	3438	3228	2929	2744	2537	2407	2408	2538	2811	3095	3385	3586	3681	3605	3482	3305	3104	2892	2678	2514	2357	2197	
32	6756	95.0	95.0	23	1	0	2	933	1146	1540	2113	2810	3324	3643	3786	3766	3645	3409	3188	2923	2697	2515	2396	2393	2545	2724	3087	3424	3546	3657	3617	3503	3293	3102	2858	2667	2485	2347	2202	
32	6819	59.9	60.1	23	1	1	2	1033	1438	2295	3511	4766	5880	6376	6533	6313	5991	5466	5034	4494	4031	3664	3357	3233	3231	3489	3890	4203	4447	4538	4486	4365	4058	3736	3414	3176	2897	2724	2511	
32	6836	60.0	60.0	23	1	1	2	1037	1444	2320	3524	4856	5874	6391	6542	6311	5971	5499	5025	4508	4036	3664	3368	3235	3253	3463	3836	4236	4446	4560	4477	4299	4056	3754	3437	3150	2914	2688	2502	
32	6854	60.0	60.0	23	1	1	2	1028	1438	2324	3545	4810	5949	6410	6584	6402	6018	5581	5048	4520	4066	3674	3412	3244	3254	3473	3848	4236	4463	4604	4501	4361	4063	3749	3474	3155	2913	2690	2512	
32	6871	60.0	60.0	23	1	1	2	1040	1440	2320	3566	4869	5954	6528	6658	6342	6078	5577	5091	4596	4057	3737	3415	3250	3267	3530	3848	4244	4506	4597	4502	4358	4075	3766	3459	3171	2884	2727	2528	
32	6888	60.0	60.0	23	1	1	2	1034	1442	2284	3543	4873	5892	6382	6608	6409	6005	5557	5071	4537	4016	3691	3386	3210	3257	3513	3839	4197	4517	4614	4477	4353	4039	3777	3444	3163	2907	2695	2509	
32	6905	59.9	60.0	23	1	1	2	1037	1451	2322	3516	4807	5882	6394	6552	6319	5968	5512	5038	4497	4038	3688	3393	3222	3238	3475	3851	4238	4447	4570	4465	4363	4068	3790	3414	3195	2907	2684	2521	
32	6923	60.0	60.0	23	1	1	2	1035	1443	2301	3486	4824	5856	6390	6560	6325	5971	5491	5035	4534	4060	3667	3376	3208	3266	3483	3864	4210	4486	4547	4472	4332	4047	3771	3424	3135	2902	2695	2509	
32	6985	95.2	95.0	24	1	0	2	932	1131	1543	2133	2797	3332	3671	3809	3763	3624	3431	3252	2916	2687	2520	2434	2416	2530	2780	3101	3410	3580	3657	3561	3519	3285	3095	2880	2674	2480	2344	2197	
32	7002	95.0	95.0	24	1	0	2	939	1129	1537	2152	2780	3359	3633	3831	3752	3629	3430	3208	2944	2674	2521	2420	2400	2551	2794	3045	3375	3590	3661	3596	3495	3277	3081	2860	2685	2486	2330	2174	
32	7064	59.7	60.2	24	1	1	2	1024	1424	2300	3482	4774	5859	6362	6526	6289	5993	5487	5029	4507	4025	3690	3368	3210	3243	3476	3822	4239	4432	4555	4464	4319	4038	3753	3423	3173	2931	2711	2520	
32	7082	59.9	60.0	24	1	1	2	1046	1428	2321	3512	4797	5843	6372	6548	6340	6006	5514	5036	4527	4044	3682	3354	3207	3238	3471	3807	4186	4441	4577	4484	4324	4041	3779	3423	3169	2897	2695	2464	
32	7099	60.0	60.0	24	1	1	2	1036	1418	2314	3548	4869	5879	6394	6617	6380	6028	5533	5074	4544	4038	3736	3389	3271	3238	3479	3862	4242	4457	4612	4478	4376	4096	3740	3476	3174	2905	2722	2539	
32	7116	59.9	60.0	24	1	1	2	1038	1449	2343	3553	4844	5970	6447	6621	6416	6004	5586	5087	4595	4084	3718	3412	3233	3319	3528	3838	4261	4551	4600	4515	4365	4058	3800	3453	3197	2946	2690	2512	
32	7133	59.9	60.0	24	1	1	2	1015	1444	2322	3559	4822	5866	6420	6647	6332	5985	5570	5015	4568	4053	3692	3420	3202	3281	3530	3879	4196	4471	4567	4503	4335	4078	3737	3451	3178	2887	2730	2492	
32	7151	60.0	60.0	24	1	1	2	1045	1442	2322	3498	4817	5857	6393	6580	6364	6012	5531	5054	4457	4022	3694	3386	3207	3282	3512	3829	4221	4505	4586	4499	4356	4063	3735	3454	3162	2890	2716	2464	
32	7168	60.0	60.0	24	1	1	2	1023	1460	2289	3486	4812	5878	6450	6574	6330	6026	5510	5064	4533	4022	3646	3382	3188	3233	3448	3824	4226	4479	4560	4449	4327	4045	3752	3420	3144	2921	2700	2505	
32	7230	95.3	94.9	25	1	0	2	926	1143	1545	2134	2816	3330	3682	3833	3734	3661	3411	3205	2977	2716	2533	2442	2415	2558	2791	3106	3415	3610	3668	3637	3496	3309	3065	2848	2690	2488	2344	2226	
32	7248	95.0	95.0	25	1	0	2	930	1117	1536	2124	2788	3342	3665	3799	3737	3630	3419	3181	2938	2702	2512	2420	2400	2537	2763	3107	3387	3578	3666	3569	3495	3296	3093	2857	2689	2481	2344	2162	
32	7310	59.7	60.2	25	1	1	2	1047	1425	2309	3505	4783	5865	6375	6538	6320	5988	5477	5024	4515	4021	3652	3396	3191	3249	3483	3845	4201	4469	4566	4458	4360	4076	3756	3442	3137	2916	2696	2512	
32	7328	59.9	60.0	25	1	1	2	1039	1440	2275	3501	4818	5882	6353	6537	6307	5992	5500	5027	4505	4005	3669	3370	3180	3241	3479	3842	4210	4476	4580	4460	4321	4073	3756	3458	3153	2894	2706	2517	
32	7345	59.9	60.0	25	1	1	2	1047	1462	2333	3541	4866	5892	6457	6635	6407	6055	5567	5108	4554	4055	3736	3387	3242	3263	3531	3882	4249	4498	4592	4521	4340	4062	3823	3480	3144	2893	2714	2512	
32	7362	60.0	60.0	25	1	1	2	1046	1456	2335	3547	4837	5958	6421	6616	6399	6103	5597	5126	4548	4063	3713	3402	3251	3262	3507	3860	4243	4541	4635	4474	4372	4065	3801	3476	3164	2921	2726	2521	
32	7379	60.0	60.0	25	1	1	2	1028	1443	2338	3523	4856	5943	6399	6591	6336	6047	5542	5070	4562	4039	3685	3372	3222	3236	3530	3850	4161	4493	4559	4513	4351	4056	3749	3451	3171	2916	2693	2511	
32	7397	59.9	60.0	25	1	1	2	1033	1426	2316	3532	4815	5877	6386	6547	6333	6045	5494	5062	4545	4043	3653	3385	3182	3246	3503	3836	4231	4461	4555	4445	4309	4040	3759	3430	3165	2876	2726	2491	
32	7414	60.0	60.0	25	1	1	2	1044	1435	2315	3513	4817	5829	6418	6569	6315	5980	5463	5018	4496	4012	3670	3372	3212	3245	3506	3853	4206	4446	4575	4462	4309	4054	3743	3427	3144	2894	2664	2498	
32	7476	95.2	95.0	26	1	0	2	941	1142	1531	2159	2775	3378	3672	3800	3786	3620	3456	3200	2915	2686	2526	2429	2426	2536	2788	3075	3369	3590	3658	3624	3501	3310	3091	2878	2683	2499	2348	2199	
32	7494	95.0	95.0	26	1	0	2	931	1133	1538	2117	2764	3313	3710	3774	3732	3642	3419	3179	2907	2671	2496	2415	2401	2526	2739	3075	3398	3641	3637	3579	3522	3283	3100	2866	2684	2487	2322	2206	
32	7557	59.8	60.1	26	1	1	2	1029	1441	2301	3489	4701	5812	6314	6542	6248	5969	5477	5039	4469	4004	3666	3343	3204	3238	3486	3817	4189	4466	4564	4462	4328	4022	3751	3440	3142	2905	2680	2486	
32	7574	59.9	60.0	26	1	1	2	1038	1459	2286	3487	4784	5856	6334	6523	6271	5986	5461	5014	4532	4059	3625	3405	3214	3275	3470	3813	4195	4440	4578	4482	4310	4064	3714	3418	3130	2896	2695	2509	
32	7591	60.0	60.0	26	1	1	2	1038	1452	2331	3510	4839	5901	6440	6593	6352	6044	5549	5071	4549	4063	3684	3369	3206	3257	3483	3842	4217	4507	4583	4524	4343	4049	3769	3461	3155	2906	2704	2485	
32	7608	59.9	60.0	26	1	1	2	1050	1450	2307	3546	4836	5976	6471	6636	6373	6068	5605	5088	4560	4062	3656	3386	3228	3280	3500	3842	4206	4485	4602	4468	4345	4047	3775	3418	3184	2916	2688	2451	
32	7626	60.0	60.0	26	1	1	2	1032	1453	2320	3528	4793	5856	6404	6539	6302	6027	5486	5028	4528	4011	3661	3368	3237	3258	3481	3849	4217	4510	4574	4462	4356	4044	3744	3441	3184	2875	2706	2496	
32	7643	60.0	60.0	26	1	1	2	1020	1453	2304	3475	4773	5866	6351	6548	6321	5945	5504	5014	4479	4038	3682	3369	3186	3252	3502	3832	4252	4473	4607	4435	4314	4026	3741	3410	3144	2894	2699	2507	
32	7660	60.0	60.0	26	1	1	2	1042	1413	2312	3505	4809	5768	6389	6507	6269	5974	5487	5019	4529	4006	3655	3352	3181	3243	3499	3822	4221	4470	4544	4468	4333	4018	3741	3435	3169	2900	2696	2537	
32	7723	95.0	95.0	27	1	0	2	943	1154	1554	2131	2793	3352	3679	3859	3798	3669	3442	3217	2970	2682	2518	2419	2398	2525	2769	3104	3404	3593	3646	3609	3505	3286	3098	2878	2695	2491	2360	2196	
32	7740	95.0	95.0	27	1	0	2	948	1150	1549	2122	2775	3343	3630	3820	3752	3648	3389	3153	2896	2673	2534	2399	2398	2496	2766	3084	3394	3593	3660	3580	3469	3302	3069	2838	2677	2516	2324	2195	
32	7803	59.9	60.1	27	1	1	2	1029	1439	2301	3478	4764	5834	6339	6562	6283	5941	5487	5030	4501	3995	3612	3345	3208	3218	3487	3809	4190	4459	4562	4498	4296	4031	3724	3397	3155	2889	2704	2492	
32	7820	60.0	60.0	27	1	1	2	1028	1442	2291	3511	4733	5881	6378	6508	6275	5987	5543	5065	4527	4080	3646	3372	3199	3256	3498	3834	4208	4481	4555	4496	4344	4010	3750	3461	3174	2885	2725	2525	
32	7837	59.9	60.0	27	1	1	2	1029	1456	2296	3514	4850	5937	6413	6617	6354	6030	5552	5078	4556	4042	3694	3387	3208	3243	3496	3864	4237	4504	4617	4501	4347	4086	3770	3440	3163	2891	2714	2501	
32	7854	60.0	60.0	27	1	1	2	1039	1445	2355	3571	4854	5923	6461	6612	6398	6073	5560	5060	4564	4103	3704	3405	3241	3272	3502	3879	4212	4498	4594	4504	4314	4065	3766	3447	3167	2900	2722	2487	
32	7872	60.0	60.0	27	1	1	2	1029	1429	2329	3532	4820	5900	6404	6578	6351	6018	5595	5046	4548	4080	3698	3369	3215	3260	3481	3830	4253	4478	4566	4466	4344	4067	3808	3424	3169	2891	2692	2485	
32	7889	60.0	60.0	27	1	1	2	1025	1439	2307	3485	4785	5938	6390	6537	6373	6027	5495	5053	4519	4011	3620	3374	3196	3198	3555	3827	4256	4445	4595	4435	4304	4036	3763	3443	3152	2867	2705	2496	
32	7906	60.0	60.0	27	1	1	2	1040	1461	2315	3527	4784	5879	6385	6550	6354	5950	5528	5072	4510	4017	3686	3362	3189	3257	3477	3794	4195	4440	4547	4486	4342	4058	3750	3407	3128	2889	2677	2469	
32	7971	95.1	95.1	28	1	0	2	919	1128	1554	2158	2801	3346	3670	3832	3787	3656	3429	3231	2922	2685	2526	2409	2428	2529	2811	3106	3386	3580	3646	3600	3496	3284	3102	2867	2696	2473	2346	2207	
32	7988	95.0	95.0	28	1	0	2	931	1137	1534	2136	2783	3299	3688	3795	3759	3631	3392	3188	2917	2686	2523	2434	2393	2530	2765	3085	3399	3582	3620	3553	3509	3301	3099	2847	2676	2529	2340	2168	
32	8051	59.8	60.1	28	1	1	2	1037	1440	2312	3485	4762	5812	6354	6498	6286	5975	5517	5027	4507	4025	3667	3392	3218	3237	3466	3829	4208	4450	4572	4481	4282	4045	3751	3388	3170	2902	2670	2501	
32	8068	60.0	60.0	28	1	1	2	1030	1431	2297	3513	4798	5844	6330	6562	6320	5978	5499	5035	4497	4013	3658	3392	3217	3236	3451	3853	4230	4470	4573	4464	4269	4024	3744	3436	3157	2861	2701	2472	
32	8085	60.0	60.0	28	1	1	2	1032	1391	2336	3531	4856	5937	6392	6576	6355	6104	5570	5078	4575	4040	3700	3402	3224	3261	3496	3833	4212	4504	4579	4528	4364	4104	3772	3439	3170	2905	2724	2533	
32	8102	60.0	60.0	28	1	1	2	1034	1442	2345	3530	4884	5956	6455	6652	6437	6096	5601	5104	4562	4056	3690	3419	3215	3305	3501	3837	4253	4475	4600	4489	4353	4087	3759	3468	3162	2895	2713	2515	
32	8120	60.0	60.0	28	1	1	2	1035	1456	2301	3505	4794	5897	6400	6589	6374	6044	5580	5048	4540	4059	3695	3392	3208	3308	3497	3840	4215	4514	4582	4493	4356	4060	3791	3432	3140	2907	2685	2526	
32	8137	60.0	60.0	28	1	1	2	1039	1450	2324	3554	4817	5888	6414	6576	6329	6028	5507	5012	4512	4043	3666	3418	3218	3221	3487	3833	4245	4505	4567	4491	4365	4076	3773	3427	3188	2908	2712	2482	
32	8154	59.9	60.0	28	1	1	2	1036	1433	2323	3514	4773	5876	6395	6580	6321	6013	5535	5038	4535	4028	3668	3368	3221	3224	3470	3796	4206	4478	4560	4451	4275	4053	3743	3430	3174	2884	2668	2492	
32	8219	95.1	95.1	29	1	0	2	932	1143	1562	2142	2804	3390	3659	3801	3798	3680	3415	3244	2907	2687	2508	2433	2412	2526	2809	3060	3381	3603	3644	3620	3491	3307	3077	2874	2677	2502	2357	2188	
32	8236	95.0	95.0	29	1	0	2	955	1126	1505	2129	2771	3340	3638	3780	3778	3609	3439	3241	2933	2710	2523	2423	2411	2503	2788	3090	3389	3576	3646	3578	3492	3308	3082	2863	2635	2479	2331	2178	
32	8299	59.7	60.1	29	1	1	2	1034	1458	2284	3515	4789	5856	6337	6483	6320	5987	5487	5030	4549	4038	3642	3379	3202	3236	3480	3870	4214	4426	4570	4492	4326	4051	3727	3460	3146	2904	2671	2485	
32	8316	60.0	60.0	29	1	1	2	1037	1428	2298	3516	4796	5869	6423	6561	6356	6032	5453	5025	4544	4036	3655	3362	3207	3222	3501	3832	4206	4482	4540	4481	4314	4066	3737	3474	3141	2898	2692	2508	
32	8333	60.0	60.0	29	1	1	2	1066	1446	2306	3532	4862	5914	6384	6635	6357	6031	5560	5113	4518	4086	3709	3408	3231	3240	3509	3862	4260	4526	4617	4473	4380	4059	3755	3431	3178	2940	2715	2528	
32	8350	60.0	60.0	29	1	1	2	1046	1456	2320	3590	4847	5901	6494	6662	6411	6075	5538	5109	4527	4049	3707	3403	3259	3271	3515	3836	4270	4511	4544	4532	4354	4077	3778	3480	3189	2923	2707	2501	
32	8368	59.9	60.0	29	1	1	2	1032	1458	2320	3510	4822	5912	6451	6611	6361	5990	5528	5041	4532	3995	3669	3395	3228	3254	3498	3810	4231	4448	4544	4500	4364	4048	3763	3463	3161	2899	2684	2484	
32	8385	60.0	60.0	29	1	1	2	1032	1443	2332	3520	4786	5896	6380	6542	6362	6015	5542	5071	4539	4041	3672	3376	3210	3238	3490	3855	4227	4456	4513	4460	4344	4049	3708	3445	3165	2856	2713	2522	
32	8402	60.0	60.0	29	1	1	2	1048	1433	2307	3499	4816	5857	6342	6544	6311	6001	5538	5057	4469	4007	3670	3370	3195	3225	3480	3841	4244	4468	4585	4458	4333	4043	3768	3412	3181	2907	2697	2458	
32	8465	95.0	95.0	30	1	0	2	941	1130	1548	2127	2798	3325	3660	3855	3773	3650	3430	3206	2930	2705	2546	2435	2381	2535	2779	3112	3397	3566	3664	3600	3504	3298	3088	2887	2684	2498	2355	2192	
32	8482	95.0	95.0	30	1	0	2	932	1132	1546	2121	2765	3318	3638	3772	3730	3623	3416	3192	2948	2648	2524	2407	2405	2549	2762	3086	3405	3571	3636	3567	3484	3310	3049	2865	2669	2483	2334	2174	
32	8545	59.8	60.1	30	1	1	2	1032	1442	2287	3492	4806	5800	6369	6536	6300	5940	5533	5082	4505	4043	3667	3366	3215	3243	3465	3833	4222	4483	4576	4462	4323	4020	3763	3430	3141	2902	2684	2482	
32	8562	60.0	60.0	30	1	1	2	1037	1429	2335	3514	4817	5873	6396	6541	6377	6030	5524	5034	4540	4025	3666	3359	3193	3251	3489	3838	4206	4451	4622	4505	4334	4076	3738	3414	3173	2900	2699	2487	
32	8579	60.0	60.0	30	1	1	2	1029	1430	2322	3555	4849	5923	6402	6679	6399	6046	5568	5084	4570	4063	3694	3376	3237	3274	3516	3858	4232	4453	4618	4535	4349	4062	3783	3422	3148	2900	2709	2517	
32	8597	60.0	60.0	30	1	1	2	1039	1453	2350	3562	4871	5980	6455	6652	6391	6095	5570	5127	4564	4071	3731	3429	3275	3266	3540	3884	4259	4514	4606	4481	4355	4080	3805	3428	3220	2938	2740	2549	
32	8614	59.9	60.0	30	1	1	2	1040	1472	2327	3557	4818	5911	6396	6620	6354	6038	5590	5067	4536	4037	3681	3398	3216	3234	3527	3854	4218	4496	4588	4501	4362	4089	3759	3436	3148	2924	2722	2499	
32	8631	59.9	60.0	30	1	1	2	1029	1440	2352	3509	4826	5891	6409	6581	6358	6024	5554	5070	4559	4035	3694	3368	3224	3272	3486	3804	4222	4515	4563	4525	4337	4020	3768	3447	3153	2882	2664	2522	
32	8648	59.9	60.0	30	1	1	2	1045	1438	2323	3505	4815	5931	6387	6594	6330	6012	5529	5020	4560	4040	3663	3372	3205	3229	3509	3860	4230	4479	4586	4497	4325	4070	3738	3431	3133	2891	2681	2503	
32	8713	95.1	95.1	31	1	0	2	933	1140	1548	2159	2798	3329	3677	3862	3780	3702	3431	3200	2979	2713	2571	2441	2412	2533	2792	3082	3418	3618	3666	3620	3485	3261	3132	2896	2700	2500	2363	2143	
32	8730	95.0	95.0	31	1	0	2	935	1133	1539	2151	2775	3351	3678	3819	3790	3639	3427	3215	2929	2684	2514	2415	2396	2534	2772	3084	3416	3593	3628	3588	3506	3300	3114	2883	2709	2503	2351	2196	
32	8793	59.8	60.1	31	1	1	2	1011	1435	2324	3548	4790	5865	6352	6609	6342	6018	5533	5077	4507	4054	3671	3374	3208	3234	3522	3838	4238	4474	4583	4475	4320	4037	3764	3410	3164	2911	2677	2488	
32	8810	59.9	60.0	31	1	1	2	1028	1445	2315	3546	4837	5858	6368	6592	6349	6033	5569	5057	4560	4033	3672	3370	3198	3261	3510	3833	4216	4505	4575	4463	4296	4080	3734	3446	3160	2884	2702	2484	
32	8827	59.9	60.0	31	1	1	2	1040	1439	2332	3557	4884	5953	6489	6641	6407	6080	5609	5086	4578	4039	3679	3372	3239	3247	3517	3871	4282	4449	4588	4491	4349	4080	3761	3430	3187	2942	2694	2510	
32	8845	60.0	60.0	31	1	1	2	1036	1460	2334	3580	4928	5997	6477	6672	6413	6081	5656	5174	4580	4081	3729	3425	3259	3269	3522	3865	4222	4492	4628	4494	4328	4092	3842	3463	3186	2932	2710	2521	
32	8862	59.9	60.0	31	1	1	2	1030	1454	2308	3574	4870	5944	6461	6641	6375	6092	5591	5071	4569	4077	3728	3383	3245	3274	3525	3828	4235	4495	4613	4524	4345	4099	3766	3423	3165	2931	2726	2474	
32	8879	60.0	60.0	31	1	1	2	1035	1456	2335	3556	4838	5908	6465	6630	6356	6048	5558	5081	4555	4016	3686	3406	3221	3270	3488	3873	4218	4472	4573	4498	4348	4063	3783	3430	3165	2899	2686	2528	
32	8896	60.0	60.0	31	1	1	2	1036	1448	2337	3528	4826	5931	6411	6613	6359	6053	5551	5112	4565	4075	3673	3410	3209	3215	3530	3835	4200	4461	4569	4501	4367	4044	3780	3459	3150	2890	2685	2514	
32	8959	95.3	95.0	32	1	0	2	927	1156	1560	2167	2873	3348	3710	3876	3803	3693	3456	3232	2951	2709	2543	2434	2403	2578	2792	3093	3419	3558	3684	3629	3515	3298	3076	2896	2675	2482	2347	2201	
32	8976	95.0	95.0	32	1	0	2	939	1142	1564	2140	2811	3368	3696	3804	3794	3657	3448	3235	2936	2726	2542	2441	2407	2517	2771	3068	3379	3583	3660	3576	3483	3296	3072	2878	2684	2495	2332	2181	
32	9039	59.7	60.1	32	1	1	2	1008	1450	2299	3495	4789	5845	6377	6576	6358	6063	5553	5060	4593	4049	3681	3390	3221	3285	3500	3820	4239	4463	4572	4463	4337	4021	3771	3413	3207	2915	2659	2465	
32	9056	59.9	60.0	32	1	1	2	1050	1455	2315	3574	4844	5915	6412	6591	6343	6023	5602	5124	4525	4036	3698	3360	3187	3246	3520	3841	4260	4430	4604	4482	4367	4061	3738	3421	3157	2921	2717	2501	
32	9074	59.9	60.0	32	1	1	2	1058	1414	2337	3532	4914	5977	6508	6654	6427	6110	5635	5090	4586	4061	3742	3442	3244	3270	3540	3884	4260	4500	4601	4515	4375	4084	3742	3432	3186	2890	2722	2509	
32	9091	59.9	60.0	32	1	1	2	1040	1480	2336	3564	4900	5979	6562	6663	6424	6133	5672	5177	4584	4092	3721	3413	3255	3308	3523	3881	4277	4508	4584	4506	4353	4092	3739	3462	3196	2927	2677	2516	
32	9108	59.9	60.0	32	1	1	2	1030	1449	2334	3557	4863	5964	6510	6701	6495	6073	5595	5109	4582	4042	3722	3400	3263	3266	3559	3876	4243	4472	4602	4513	4349	4069	3754	3435	3178	2918	2727	2500	
32	9125	59.9	60.0	32	1	1	2	1026	1460	2304	3540	4855	5960	6397	6644	6367	6081	5595	5084	4542	4058	3668	3418	3238	3276	3530	3863	4228	4449	4585	4458	4343	4070	3768	3457	3178	2900	2697	2505	
32	9142	60.0	60.0	32	1	1	2	1023	1429	2320	3535	4862	5858	6456	6628	6442	6088	5556	5109	4542	4042	3679	3387	3204	3269	3499	3820	4209	4530	4593	4480	4340	4008	3743	3424	3163	2898	2686	2522	
32	9205	95.1	95.0	33	1	0	2	945	1147	1547	2127	2818	3409	3729	3888	3862	3710	3488	3262	2947	2722	2527	2468	2418	2580	2793	3098	3383	3608	3673	3584	3518	3313	3112	2886	2668	2483	2331	2200	
32	9222	95.0	95.0	33	1	0	2	934	1134	1580	2133	2833	3368	3704	3840	3798	3679	3441	3236	2952	2717	2534	2410	2401	2521	2765	3072	3381	3581	3645	3558	3475	3293	3086	2866	2694	2499	2342	2181	
32	9285	59.8	60.1	33	1	1	2	1037	1446	2322	3525	4882	5941	6419	6594	6417	6050	5602	5061	4591	4035	3715	3420	3270	3266	3503	3843	4231	4469	4573	4488	4301	4063	3745	3439	3182	2872	2705	2517	
32	9302	60.0	60.0	33	1	1	2	1041	1467	2337	3585	4889	5934	6496	6627	6406	6111	5633	5154	4569	4101	3729	3424	3246	3297	3506	3855	4217	4479	4599	4520	4351	4042	3746	3436	3181	2908	2717	2526	
32	9320	59.9	60.0	33	1	1	2	1038	1455	2355	3555	4894	6012	6530	6707	6503	6158	5670	5153	4657	4113	3750	3441	3286	3294	3544	3855	4254	4512	4656	4508	4372	4073	3786	3438	3201	2917	2688	2522	
32	9337	59.9	60.0	33	1	1	2	1038	1461	2357	3607	4895	6051	6535	6722	6460	6207	5662	5160	4634	4165	3748	3446	3267	3320	3548	3851	4265	4548	4623	4532	4363	4068	3724	3458	3183	2914	2681	2500	
32	9354	60.0	60.0	33	1	1	2	1047	1458	2357	3584	4915	6038	6540	6731	6525	6185	5650	5164	4620	4099	3700	3436	3269	3281	3543	3840	4234	4511	4619	4464	4360	4092	3774	3458	3162	2910	2706	2508	
32	9371	59.9	60.0	33	1	1	2	1057	1473	2364	3583	4879	6002	6510	6727	6479	6128	5649	5158	4626	4124	3741	3431	3252	3285	3541	3891	4252	4517	4624	4514	4365	4098	3775	3465	3188	2908	2688	2524	
32	9389	60.0	60.0	33	1	1	2	1023	1472	2340	3569	4886	5946	6507	6684	6449	6134	5636	5150	4624	4099	3726	3396	3260	3310	3549	3887	4246	4480	4556	4507	4350	4095	3783	3428	3191	2903	2692	2491	
32	9451	95.1	95.0	34	1	0	2	928	1135	1568	2184	2856	3425	3769	3919	3838	3742	3507	3257	2985	2742	2585	2462	2401	2584	2802	3105	3410	3628	3696	3616	3512	3340	3149	2872	2718	2509	2356	2184	
32	9468	95.0	95.0	34	1	0	2	930	1154	1542	2142	2768	3417	3743	3929	3838	3708	3467	3261	2972	2746	2560	2446	2424	2551	2772	3083	3411	3573	3647	3604	3529	3319	3066	2859	2689	2497	2334	2234	
32	9531	59.7	60.1	34	1	1	2	1039	1464	2333	3603	4931	6064	6621	6696	6537	6209	5675	5189	4649	4147	3751	3460	3245	3299	3532	3850	4229	4489	4599	4541	4358	4067	3790	3441	3189	2881	2702	2508	
32	9548	59.9	60.0	34	1	1	2	1046	1467	2352	3575	4989	6033	6604	6795	6533	6230	5695	5193	4666	4168	3785	3460	3285	3279	3542	3891	4257	4497	4608	4523	4322	4078	3767	3469	3171	2934	2730	2522	
32	9566	60.0	60.0	34	1	1	2	1050	1472	2383	3619	5005	6112	6702	6788	6644	6232	5773	5230	4706	4194	3809	3487	3336	3327	3531	3883	4262	4593	4580	4570	4335	4065	3796	3458	3186	2908	2718	2490	
32	9583	60.0	60.0	34	1	1	2	1046	1462	2355	3599	5059	6120	6687	6853	6621	6302	5761	5278	4708	4188	3865	3485	3319	3342	3545	3879	4279	4566	4613	4508	4408	4091	3807	3473	3201	2922	2747	2529	
32	9600	59.9	60.0	34	1	1	2	1048	1464	2372	3659	5008	6088	6641	6755	6609	6265	5713	5248	4672	4198	3776	3492	3302	3305	3518	3895	4302	4537	4609	4503	4341	4112	3763	3477	3155	2926	2705	2535	
32	9617	60.0	60.0	34	1	1	2	1045	1462	2387	3627	4988	6116	6632	6844	6558	6230	5696	5190	4719	4128	3754	3469	3290	3320	3569	3914	4275	4505	4604	4496	4395	4088	3756	3415	3179	2914	2671	2525	
32	9635	60.0	60.0	34	1	1	2	1046	1460	2350	3594	4970	6079	6590	6769	6543	6238	5704	5232	4644	4146	3819	3434	3269	3324	3547	3895	4263	4481	4601	4521	4384	4050	3765	3440	3202	2927	2695	2504	
32	9699	95.2	95.1	35	1	0	2	942	1156	1611	2214	2904	3481	3852	3990	3961	3784	3597	3282	3041	2774	2613	2496	2458	2598	2846	3133	3419	3584	3684	3613	3526	3314	3131	2886	2684	2507	2356	2193	
32	9716	95.0	95.0	35	1	0	2	930	1156	1575	2225	2874	3421	3801	3966	3908	3772	3542	3359	3011	2802	2614	2486	2441	2602	2819	3117	3399	3611	3681	3606	3532	3320	3082	2876	2717	2525	2333	2187	
32	9779	59.8	60.1	35	1	1	2	1039	1469	2417	3634	5060	6180	6756	6937	6696	6363	5850	5360	4732	4252	3860	3531	3333	3346	3587	3902	4313	4571	4634	4523	4365	4078	3750	3479	3197	2917	2721	2523	
32	9797	60.0	60.0	35	1	1	2	1038	1473	2402	3706	5072	6215	6761	6980	6763	6369	5872	5349	4822	4253	3812	3529	3310	3366	3600	3912	4293	4551	4633	4555	4385	4116	3775	3490	3198	2929	2722	2517	
32	9814	60.0	60.0	35	1	1	2	1053	1483	2425	3736	5102	6305	6822	7017	6767	6430	5912	5371	4794	4286	3914	3538	3360	3395	3615	3951	4338	4582	4608	4520	4389	4122	3811	3481	3217	2915	2757	2537	
32	9831	60.0	60.0	35	1	1	2	1055	1462	2425	3692	5154	6319	6823	7031	6853	6426	5897	5391	4828	4271	3895	3551	3382	3399	3622	3960	4297	4561	4639	4527	4405	4123	3760	3481	3197	2954	2743	2553	
32	9848	60.0	60.0	35	1	1	2	1026	1478	2415	3721	5150	6270	6839	7025	6777	6405	5928	5373	4799	4293	3893	3529	3382	3388	3600	3929	4328	4527	4649	4534	4384	4108	3790	3467	3224	2895	2709	2507	
32	9866	60.0	60.0	35	1	1	2	1043	1469	2404	3697	5048	6192	6834	6962	6719	6352	5857	5346	4764	4276	3895	3530	3342	3368	3580	3926	4287	4547	4659	4536	4380	4109	3742	3474	3202	2930	2711	2515	
32	9883	59.9	60.0	35	1	1	2	1040	1479	2432	3671	5091	6203	6813	7022	6780	6362	5892	5350	4795	4256	3869	3544	3364	3345	3615	3904	4286	4542	4619	4554	4359	4094	3785	3454	3169	2923	2701	2539	
32	9947	95.1	95.1	36	1	0	2	931	1155	1618	2270	2959	3614	3997	4145	4091	3922	3730	3472	3160	2857	2684	2540	2540	2609	2902	3182	3458	3649	3702	3630	3541	3373	3154	2889	2690	2532	2339	2243	
32	9965	95.0	95.0	36	1	0	2	945	1169	1631	2245	2955	3575	3962	4150	4058	3959	3672	3430	3139	2873	2684	2546	2499	2642	2864	3133	3461	3640	3724	3641	3551	3316	3122	2898	2693	2537	2366	2206	
32	10027	59.8	60.1	36	1	1	2	1046	1506	2465	3806	5262	6468	7036	7234	7038	6656	6092	5530	4972	4434	3992	3636	3458	3443	3661	3979	4340	4585	4683	4544	4388	4091	3785	3545	3215	2954	2732	2502	
32	10045	60.0	60.0	36	1	1	2	1068	1505	2484	3810	5303	6517	7169	7295	7085	6694	6140	5590	5008	4457	4048	3688	3478	3440	3663	3985	4372	4612	4665	4608	4414	4073	3818	3506	3216	2955	2735	2527	
32	10062	60.0	60.0	36	1	1	2	1041	1536	2503	3841	5380	6632	7180	7397	7129	6747	6175	5673	5056	4501	4076	3699	3481	3493	3644	3981	4390	4689	4706	4612	4431	4152	3860	3535	3240	2985	2723	2589	
32	10079	60.0	60.0	36	1	1	2	1038	1508	2512	3867	5390	6560	7158	7400	7096	6751	6215	5670	5054	4471	4049	3725	3479	3504	3683	4014	4421	4646	4746	4637	4442	4135	3849	3520	3226	2955	2778	2544	
32	10096	60.0	60.0	36	1	1	2	1045	1505	2512	3846	5354	6550	7168	7348	7106	6733	6197	5646	5022	4489	4060	3680	3478	3448	3676	3991	4368	4628	4714	4553	4457	4163	3863	3525	3198	2945	2770	2544	
32	10114	59.9	60.0	36	1	1	2	1064	1517	2481	3841	5321	6551	7125	7344	7077	6727	6189	5596	4997	4458	4052	3706	3449	3457	3710	4001	4354	4623	4658	4551	4430	4133	3855	3488	3215	2971	2720	2549	
32	10131	60.0	60.0	36	1	1	2	1041	1505	2502	3856	5338	6556	7137	7334	7096	6686	6139	5595	5021	4456	4019	3677	3457	3436	3671	3991	4340	4586	4661	4627	4411	4143	3779	3471	3196	2944	2752	2550	
32	10193	95.1	95.0	37	1	0	2	951	1234	1674	2384	3183	3849	4208	4443	4372	4216	3974	3659	3327	3025	2799	2653	2608	2718	2940	3197	3547	3695	3788	3662	3589	3372	3182	2945	2744	2563	2361	2226	
32	10211	95.0	95.0	37	1	0	2	936	1176	1665	2367	3146	3820	4174	4418	4310	4158	3900	3629	3304	3012	2791	2651	2616	2700	2930	3226	3491	3689	3720	3657	3553	3373	3148	2916	2705	2533	2371	2239	
32	10273	59.9	60.1	37	1	1	2	1077	1475	2603	4059	5644	6974	7568	7818	7545	7120	6593	5936	5271	4708	4239	3870	3640	3593	3793	4124	4447	4652	4757	4584	4474	4174	3863	3519	3283	3016	2769	2560	
32	10291	59.9	60.0	37	1	1	2	1072	1594	2611	4086	5665	7027	7652	7927	7606	7140	6600	5975	5316	4707	4306	3911	3644	3595	3799	4116	4470	4703	4764	4681	4487	4166	3898	3518	3247	2995	2738	2584	
32	10308	59.9	60.0	37	1	1	2	1090	1580	2633	4107	5703	7040	7777	7940	7668	7290	6622	6021	5395	4758	4335	3925	3629	3633	3823	4157	4473	4740	4782	4673	4514	4189	3872	3538	3288	2999	2759	2538	
32	10325	59.9	60.0	37	1	1	2	1072	1565	2629	4111	5738	7032	7746	7946	7722	7248	6654	6082	5398	4800	4294	3960	3680	3652	3848	4126	4481	4742	4793	4680	4477	4244	3918	3552	3278	2993	2793	2616	
32	10342	60.0	60.0	37	1	1	2	1078	1557	2634	4103	5721	7057	7697	7894	7689	7264	6635	6027	5400	4743	4332	3893	3668	3602	3852	4109	4461	4718	4773	4654	4501	4192	3905	3590	3284	2987	2780	2566	
32	10360	60.0	60.0	37	1	1	2	1070	1579	2632	4109	5695	7026	7667	7900	7642	7185	6608	6061	5370	4731	4343	3925	3689	3637	3823	4128	4450	4680	4790	4628	4497	4198	3814	3539	3280	2995	2732	2568	
32	10377	60.0	60.0	37	1	1	2	1081	1570	2603	4083	5719	6986	7635	7868	7663	7196	6640	6017	5352	4774	4323	3892	3647	3607	3803	4118	4445	4681	4748	4625	4464	4186	3853	3591	3257	2970	2780	2578	
32	10442	95.1	95.1	38	1	0	2	964	1237	1781	2567	3423	4161	4615	4861	4760	4597	4258	3972	3609	3259	3033	2830	2769	2800	3037	3317	3583	3767	3844	3737	3646	3426	3202	2940	2760	2562	2413	2237	
32	10459	95.0	95.0	38	1	0	2	979	1227	1753	2546	3427	4167	4643	4810	4729	4608	4278	3946	3592	3219	3032	2836	2752	2833	3047	3339	3565	3754	3821	3729	3612	3423	3204	3000	2769	2587	2419	2228	
32	10522	59.7	60.1	38	1	1	2	1088	1616	2752	4346	6134	7594	8261	8501	8250	7804	7219	6441	5793	5105	4612	4141	3872	3801	3961	4283	4588	4777	4845	4711	4530	4266	3915	3595	3328	3028	2788	2592	
32	10539	59.9	60.0	38	1	1	2	1102	1616	2806	4363	6153	7670	8382	8621	8339	7869	7214	6552	5861	5108	4652	4185	3893	3871	3960	4277	4601	4781	4886	4748	4562	4251	3952	3616	3291	3016	2807	2605	
32	10556	60.0	60.0	38	1	1	2	1094	1650	2805	4408	6231	7739	8481	8706	8447	7932	7260	6585	5899	5168	4677	4222	3925	3833	4043	4284	4613	4850	4883	4798	4620	4264	3961	3588	3318	3012	2842	2613	
32	10573	60.0	60.0	38	1	1	2	1072	1647	2809	4482	6283	7705	8485	8749	8414	7961	7341	6622	5850	5146	4717	4202	3922	3808	4000	4305	4612	4830	4918	4778	4597	4299	3957	3614	3322	3019	2823	2597	
32	10591	59.9	60.0	38	1	1	2	1087	1627	2740	4427	6237	7686	8431	8692	8352	7934	7266	6626	5881	5200	4658	4233	3921	3812	3993	4298	4608	4839	4866	4749	4569	4284	3973	3606	3299	3031	2827	2605	
32	10608	60.0	60.0	38	1	1	2	1121	1623	2788	4382	6210	7688	8436	8700	8418	7917	7255	6557	5845	5172	4673	4176	3922	3827	4018	4272	4609	4812	4878	4754	4566	4290	3975	3606	3308	3052	2793	2600	
32	10625	59.9	60.0	38	1	1	2	1091	1641	2792	4416	6206	7698	8375	8634	8380	7936	7302	6585	5822	5190	4672	4212	3910	3814	4009	4244	4616	4822	4887	4762	4604	4254	3930	3656	3297	3058	2789	2629	
32	10690	95.1	95.1	39	1	0	2	983	1275	1916	2790	3778	4665	5149	5392	5316	5125	4795	4429	4017	3591	3304	3079	2926	3036	3176	3469	3728	3871	3895	3816	3703	3481	3203	3019	2822	2612	2475	2286	
32	10707	95.0	95.0	39	1	0	2	981	1268	1896	2792	3767	4636	5141	5369	5271	5077	4744	4364	3985	3580	3298	3086	2960	2961	3161	3451	3710	3843	3911	3810	3699	3486	3257	3000	2816	2574	2420	2292	
32	10770	59.8	60.1	39	1	1	2	1105	1687	2960	4724	6683	8369	9218	9432	9130	8624	7888	7132	6372	5625	5015	4497	4132	4040	4225	4422	4740	4939	5013	4811	4638	4343	3998	3647	3375	3094	2881	2627	
32	10787	59.9	60.0	39	1	1	2	1117	1727	2978	4807	6787	8456	9233	9545	9197	8784	8007	7248	6398	5633	5072	4563	4245	4073	4216	4453	4771	4963	4956	4854	4682	4357	4024	3732	3377	3114	2862	2667	
32	10804	60.0	60.0	39	1	1	2	1123	1727	3016	4829	6866	8445	9338	9626	9262	8832	8012	7297	6490	5666	5082	4593	4224	4110	4258	4471	4824	4967	5025	4885	4710	4350	4025	3700	3392	3081	2860	2649	
32	10821	60.0	60.0	39	1	1	2	1120	1730	2993	4882	6911	8486	9301	9646	9306	8775	8058	7325	6487	5726	5117	4618	4239	4129	4262	4465	4772	5019	4980	4872	4700	4428	4021	3694	3377	3114	2876	2672	
32	10839	60.0	60.0	39	1	1	2	1122	1732	3009	4804	6796	8449	9267	9629	9256	8803	8053	7274	6448	5653	5082	4574	4172	4097	4243	4495	4804	4983	5024	4872	4675	4329	4045	3732	3371	3096	2824	2609	
32	10856	59.9	60.0	39	1	1	2	1133	1735	2994	4825	6813	8521	9385	9564	9300	8753	8046	7269	6408	5679	5040	4569	4238	4101	4223	4432	4806	4948	4991	4847	4727	4345	4021	3633	3376	3082	2850	2643	
32	10873	60.0	60.0	39	1	1	2	1118	1743	2988	4826	6830	8518	9333	9605	9270	8776	8006	7263	6447	5640	5073	4567	4204	4126	4238	4470	4757	5002	4990	4870	4692	4380	4044	3689	3380	3108	2874	2640	
32	10936	95.1	95.0	40	1	0	2	1020	1334	2066	3081	4239	5241	5796	6092	5960	5787	5362	4932	4451	3992	3640	3381	3234	3202	3392	3621	3867	3999	4028	3886	3780	3579	3343	3086	2876	2680	2502	2327	
32	10953	95.0	95.0	40	1	0	2	948	1324	2038	3056	4207	5201	5819	6066	5982	5728	5342	4929	4466	3984	3647	3356	3220	3206	3413	3586	3865	4008	4034	3908	3788	3569	3336	3095	2901	2649	2491	2315	
32	11016	59.8	60.1	40	1	1	2	1152	1809	3161	5144	7342	9132	10006	10424	9992	9491	8623	7835	6916	6074	5462	4824	4473	4327	4438	4651	4949	5105	5127	4972	4772	4446	4122	3752	3455	3141	2893	2691	
32	11033	59.9	60.0	40	1	1	2	1161	1778	3201	5189	7474	9249	10140	10468	10140	9564	8744	7919	7000	6117	5472	4917	4512	4304	4444	4672	4964	5122	5144	4972	4776	4420	4134	3759	3436	3130	2926	2708	
32	11050	59.9	60.0	40	1	1	2	1141	1810	3226	5239	7453	9352	10251	10567	10184	9661	8843	7929	7039	6162	5532	4951	4554	4364	4482	4692	4970	5158	5199	4983	4818	4456	4133	3750	3486	3146	2959	2718	
32	11067	60.0	60.0	40	1	1	2	1151	1806	3199	5267	7506	9320	10284	10631	10205	9644	8851	7995	7050	6188	5534	4967	4531	4389	4469	4738	4997	5156	5173	5027	4803	4498	4115	3805	3474	3175	2931	2666	
32	11085	60.0	60.0	40	1	1	2	1150	1806	3237	5235	7448	9253	10192	10548	10179	9594	8760	7968	7071	6133	5560	4937	4489	4324	4452	4698	4942	5105	5148	4981	4810	4447	4106	3780	3432	3144	2923	2688	
32	11102	60.0	60.0	40	1	1	2	1168	1794	3207	5222	7484	9278	10115	10528	10140	9626	8769	8010	7044	6120	5526	4929	4514	4377	4461	4680	4946	5094	5185	4979	4810	4496	4104	3731	3432	3192	2931	2714	
32	11119	60.0	60.0	40	1	1	2	1150	1810	3217	5243	7467	9281	10236	10531	10179	9603	8693	7941	6998	6160	5527	4957	4549	4357	4469	4691	4972	5147	5160	5013	4790	4464	4090	3755	3440	3180	2898	2692	
