Well	Time (1/2 s)	Block Temp	Sample Temp	Repetition	PCR Stage	Extension	Scale	B1	B2	B3	B4	B5	B6	B7	B8	B9	B10	B11	B12	B13	B14	B15	B16	B17	B18	B19	B20	B21	B22	B23	B24	B25	B26	B27	B28	B29	B30	B31	B32
152	105	95.1	95.1	1	0	0	2	918	1070	1386	1907	2520	3096	3466	3608	3587	3464	3264	3056	2839	2568	2453	2339	2314	2450	2708	3036	3383	3540	3616	3566	3393	3193	3035	2812	2607	2427	2281	2129	
152	122	95.0	95.0	1	0	0	2	916	1066	1382	1903	2520	3090	3413	3582	3557	3419	3233	2989	2776	2590	2430	2310	2309	2406	2720	3000	3366	3502	3599	3531	3406	3226	2998	2800	2592	2405	2264	2144	
152	140	95.0	95.0	1	0	0	2	926	1063	1394	1894	2498	3056	3411	3545	3494	3433	3240	2992	2810	2572	2427	2322	2326	2445	2722	2998	3341	3531	3582	3553	3412	3197	3042	2836	2618	2427	2274	2134	
152	157	95.0	95.0	1	0	0	2	930	1073	1383	1911	2509	3049	3429	3565	3533	3425	3245	3045	2817	2606	2479	2366	2341	2449	2715	3037	3365	3532	3644	3577	3381	3230	3001	2811	2621	2440	2268	2123	
152	174	94.9	95.0	1	0	0	2	925	1031	1362	1895	2535	3058	3430	3566	3564	3420	3277	3011	2852	2599	2439	2349	2344	2446	2683	3001	3362	3524	3649	3516	3414	3207	3044	2812	2621	2456	2259	2139	
152	191	95.0	95.0	1	0	0	2	934	1085	1443	1911	2539	3086	3443	3597	3585	3422	3283	3054	2867	2600	2434	2383	2325	2453	2733	3039	3382	3537	3648	3568	3421	3235	3031	2813	2632	2444	2305	2138	
152	209	94.9	95.0	1	0	0	2	943	1084	1426	1931	2538	3072	3436	3598	3562	3486	3266	3057	2821	2627	2482	2368	2346	2482	2745	3024	3369	3564	3665	3547	3418	3232	3048	2825	2646	2467	2295	2134	
152	226	95.0	95.0	1	0	0	2	932	1087	1450	1916	2534	3095	3475	3607	3596	3457	3267	3048	2858	2601	2441	2354	2348	2469	2726	3065	3355	3572	3649	3569	3417	3266	3044	2854	2640	2462	2321	2165	
152	243	95.0	95.0	1	0	0	2	941	1071	1434	1915	2510	3104	3446	3630	3584	3431	3283	3044	2822	2585	2495	2361	2344	2474	2726	3052	3429	3592	3622	3575	3377	3240	3055	2812	2632	2434	2304	2153	
152	260	95.0	95.0	1	0	0	2	938	1094	1462	1908	2553	3072	3483	3599	3566	3466	3284	3062	2857	2638	2464	2376	2325	2474	2761	3037	3364	3570	3647	3576	3445	3266	3049	2856	2602	2435	2273	2131	
152	278	95.0	95.0	1	0	0	2	933	1090	1422	1903	2534	3109	3498	3624	3584	3475	3256	3079	2814	2601	2436	2376	2344	2459	2736	3038	3391	3566	3643	3565	3430	3277	3067	2825	2621	2426	2290	2166	
152	295	95.0	95.0	1	0	0	2	945	1081	1432	1912	2494	3087	3433	3584	3578	3448	3291	3065	2835	2632	2456	2357	2358	2460	2725	3050	3366	3534	3661	3564	3424	3255	2997	2829	2639	2434	2317	2157	
152	312	95.0	95.0	1	0	0	2	938	1080	1456	1918	2542	3100	3454	3620	3578	3476	3264	3049	2868	2623	2446	2367	2362	2484	2716	3031	3387	3540	3701	3557	3451	3239	3051	2860	2610	2446	2287	2170	
152	329	94.9	95.0	1	0	0	2	936	1088	1406	1924	2542	3084	3478	3570	3606	3434	3250	3066	2846	2601	2460	2357	2324	2487	2727	3048	3423	3555	3624	3582	3420	3257	3066	2844	2611	2475	2298	2156	
152	347	94.9	95.0	1	0	0	2	942	1098	1436	1930	2540	3102	3473	3628	3608	3468	3276	3054	2826	2617	2460	2338	2370	2456	2711	3073	3378	3580	3674	3545	3399	3267	3059	2853	2644	2456	2285	2163	
152	364	94.9	95.0	1	0	0	2	936	1098	1435	1926	2509	3094	3443	3632	3599	3429	3288	3049	2805	2645	2462	2385	2383	2456	2696	3026	3390	3575	3636	3573	3395	3275	3067	2852	2613	2417	2283	2162	
152	381	95.0	95.0	1	0	0	2	944	1103	1475	1936	2549	3113	3487	3587	3529	3436	3276	3046	2880	2622	2450	2366	2358	2465	2716	3065	3369	3605	3630	3561	3423	3196	3061	2850	2592	2437	2281	2140	
152	398	95.0	95.0	1	0	0	2	936	1107	1449	1941	2532	3075	3484	3609	3588	3479	3272	3060	2861	2622	2468	2358	2340	2448	2763	3045	3415	3578	3644	3583	3432	3252	3062	2837	2646	2453	2323	2179	
152	416	95.0	95.0	1	0	0	2	940	1085	1436	1935	2563	3108	3493	3620	3586	3481	3320	3051	2846	2621	2473	2396	2336	2476	2738	2995	3373	3561	3644	3574	3390	3209	3056	2859	2635	2461	2327	2147	
152	433	94.9	95.0	1	0	0	2	938	1089	1434	1921	2522	3113	3486	3576	3542	3470	3262	3089	2863	2612	2446	2388	2371	2470	2733	3035	3373	3553	3659	3562	3409	3265	3046	2865	2651	2460	2322	2154	
152	450	95.0	95.0	1	0	0	2	932	1110	1429	1927	2548	3105	3480	3605	3594	3477	3246	3072	2841	2614	2449	2388	2351	2486	2724	3055	3390	3571	3683	3576	3436	3260	3048	2821	2623	2448	2312	2164	
152	467	95.0	95.0	1	0	0	2	925	1090	1429	1917	2548	3100	3474	3660	3615	3446	3288	3060	2907	2613	2469	2358	2351	2467	2757	3072	3394	3573	3628	3575	3420	3261	3091	2840	2604	2511	2313	2169	
152	485	95.0	95.0	1	0	0	2	949	1099	1436	1939	2527	3062	3458	3648	3595	3509	3303	3043	2852	2635	2486	2347	2344	2449	2749	3052	3385	3574	3661	3579	3435	3243	3044	2875	2654	2436	2299	2170	
152	502	94.9	95.0	1	0	0	2	932	1075	1456	1936	2550	3089	3503	3577	3605	3459	3314	3090	2837	2625	2457	2386	2330	2466	2726	3056	3407	3581	3675	3558	3427	3272	3062	2848	2613	2449	2271	2200	
152	519	95.0	95.0	1	0	0	2	932	1090	1441	1891	2549	3090	3462	3615	3585	3493	3283	3091	2834	2615	2466	2363	2358	2497	2720	3053	3422	3578	3669	3571	3429	3240	3055	2852	2613	2447	2328	2168	
152	536	95.0	95.0	1	0	0	2	930	1098	1436	1941	2482	3103	3490	3595	3609	3470	3342	3089	2845	2652	2489	2377	2341	2469	2732	3069	3400	3553	3675	3562	3469	3252	3073	2829	2641	2444	2296	2163	
152	554	95.0	95.0	1	0	0	2	915	1139	1425	1910	2536	3108	3473	3641	3588	3485	3304	3066	2846	2625	2483	2345	2345	2481	2718	3078	3403	3584	3704	3591	3463	3261	3064	2839	2633	2465	2310	2180	
152	571	94.9	95.0	1	0	0	2	925	1100	1468	1928	2547	3109	3473	3611	3592	3467	3294	3071	2858	2641	2487	2372	2366	2476	2721	3054	3415	3548	3672	3588	3448	3258	3105	2855	2657	2452	2302	2153	
152	588	95.0	95.0	1	0	0	2	940	1102	1439	1944	2539	3128	3495	3613	3595	3503	3286	3092	2845	2625	2485	2377	2372	2467	2720	3072	3372	3586	3710	3598	3443	3265	3047	2889	2631	2460	2297	2161	
152	605	95.0	95.0	1	0	0	2	929	1088	1417	1911	2528	3156	3473	3626	3604	3476	3298	3069	2840	2655	2478	2389	2370	2481	2721	3051	3384	3598	3653	3587	3409	3211	3101	2847	2642	2462	2348	2182	
152	623	95.0	95.0	1	0	0	2	938	1108	1411	1907	2534	3115	3474	3653	3612	3484	3284	3086	2890	2641	2459	2375	2376	2514	2748	3047	3411	3576	3666	3598	3435	3304	3060	2867	2642	2447	2310	2166	
152	640	95.0	95.0	1	0	0	2	922	1108	1435	1949	2545	3106	3460	3639	3581	3459	3287	3080	2872	2634	2476	2369	2387	2477	2724	3045	3389	3584	3688	3558	3479	3276	3067	2857	2639	2480	2314	2163	
152	657	95.0	95.0	1	0	0	2	920	1102	1419	1924	2552	3138	3520	3620	3570	3446	3285	3077	2867	2646	2457	2374	2358	2470	2737	3055	3421	3579	3668	3609	3427	3282	3096	2836	2639	2461	2303	2187	
152	674	95.0	95.0	1	0	0	2	939	1127	1425	1918	2553	3083	3482	3637	3623	3487	3321	3079	2853	2618	2507	2356	2380	2462	2721	3072	3353	3576	3668	3590	3428	3294	3093	2827	2648	2428	2307	2150	
152	692	95.0	95.0	1	0	0	2	921	1130	1358	1929	2516	3112	3461	3598	3626	3456	3268	3085	2850	2623	2459	2357	2348	2501	2732	3055	3374	3551	3678	3591	3421	3278	3098	2853	2621	2437	2295	2173	
152	709	95.0	95.0	1	0	0	2	957	1113	1402	1932	2520	3119	3494	3634	3641	3494	3316	3079	2863	2647	2480	2372	2359	2518	2742	3029	3377	3586	3658	3603	3476	3275	3066	2861	2655	2457	2311	2154	
152	726	94.9	95.0	1	0	0	2	944	1130	1434	1928	2552	3137	3504	3619	3580	3470	3290	3108	2868	2613	2449	2358	2357	2498	2736	3036	3406	3588	3669	3625	3432	3276	3059	2849	2636	2461	2308	2166	
152	743	95.0	95.0	1	0	0	2	932	1131	1405	1916	2566	3087	3511	3617	3586	3505	3308	3112	2843	2640	2503	2344	2353	2516	2753	3050	3407	3605	3680	3605	3458	3264	3030	2845	2661	2444	2313	2149	
152	761	95.0	95.0	1	0	0	2	927	1092	1405	1914	2559	3143	3488	3627	3600	3505	3305	3094	2866	2638	2471	2363	2358	2488	2732	3044	3389	3580	3672	3593	3441	3288	3106	2867	2655	2482	2293	2172	
152	778	94.9	95.0	1	0	0	2	942	1128	1385	1921	2539	3132	3516	3629	3627	3496	3312	3104	2885	2632	2480	2380	2368	2470	2728	3092	3416	3621	3626	3606	3498	3293	3043	2870	2646	2444	2336	2171	
152	795	95.0	95.0	1	0	0	2	946	1126	1398	1925	2565	3083	3511	3643	3613	3493	3268	3082	2852	2630	2499	2359	2374	2478	2753	3074	3403	3584	3683	3606	3416	3277	3123	2849	2625	2492	2274	2167	
152	812	94.9	95.0	1	0	0	2	931	1119	1420	1929	2573	3109	3503	3583	3624	3508	3326	3079	2877	2634	2503	2375	2373	2466	2732	3061	3394	3594	3664	3604	3452	3241	3078	2800	2643	2442	2327	2177	
152	830	95.0	95.0	1	0	0	2	953	1113	1407	1915	2541	3087	3500	3649	3624	3518	3293	3075	2887	2625	2490	2370	2377	2499	2762	3076	3397	3612	3666	3574	3426	3260	3080	2842	2627	2458	2316	2165	
152	847	95.0	95.0	1	0	0	2	951	1117	1427	1917	2572	3126	3522	3643	3639	3499	3318	3102	2862	2625	2505	2396	2349	2488	2758	3054	3416	3578	3677	3566	3430	3255	3092	2839	2654	2455	2364	2163	
152	864	95.0	95.0	1	0	0	2	931	1133	1400	1920	2538	3092	3497	3617	3642	3498	3327	3072	2889	2669	2474	2390	2354	2474	2766	3061	3409	3584	3668	3588	3424	3253	3080	2849	2680	2460	2314	2184	
152	881	94.9	95.0	1	0	0	2	956	1127	1410	1956	2554	3116	3511	3627	3619	3503	3307	3103	2870	2666	2464	2408	2348	2505	2764	3087	3398	3606	3681	3620	3419	3255	3048	2871	2645	2470	2309	2162	
152	899	95.0	95.0	1	0	0	2	936	1124	1417	1910	2539	3132	3475	3619	3592	3500	3309	3054	2866	2625	2464	2364	2364	2461	2747	3063	3434	3555	3658	3584	3480	3295	3088	2855	2648	2487	2330	2175	
152	916	95.0	95.0	1	0	0	2	925	1133	1430	1923	2569	3117	3507	3641	3615	3508	3294	3096	2871	2650	2470	2358	2361	2497	2733	3100	3376	3575	3675	3593	3488	3288	3081	2864	2639	2487	2317	2171	
152	933	95.0	95.0	1	0	0	2	917	1104	1407	1927	2553	3145	3527	3654	3645	3489	3314	3082	2853	2628	2473	2393	2370	2484	2736	3061	3400	3599	3683	3622	3462	3284	3097	2868	2682	2446	2327	2169	
152	950	95.0	95.0	1	0	0	2	928	1128	1406	1944	2540	3127	3465	3626	3643	3459	3308	3064	2873	2651	2487	2375	2358	2492	2752	3030	3384	3606	3667	3590	3442	3247	3066	2881	2663	2445	2300	2193	
152	968	95.0	95.0	1	0	0	2	942	1124	1408	1931	2541	3157	3513	3653	3637	3514	3317	3092	2893	2656	2504	2375	2359	2498	2732	3045	3424	3617	3670	3587	3480	3298	3075	2870	2632	2472	2342	2178	
152	985	95.0	95.0	1	0	0	2	944	1134	1418	1936	2548	3150	3482	3664	3635	3497	3312	3080	2861	2644	2477	2364	2382	2478	2753	3082	3434	3618	3665	3615	3460	3307	3069	2844	2668	2472	2325	2193	
152	1002	95.0	95.0	1	0	0	2	939	1129	1416	1941	2542	3114	3489	3687	3607	3492	3326	3128	2884	2655	2479	2379	2354	2489	2743	3046	3424	3618	3696	3592	3418	3317	3053	2888	2644	2491	2304	2170	
152	1019	95.0	95.0	1	0	0	2	943	1127	1389	1899	2543	3131	3485	3636	3590	3490	3292	3092	2885	2642	2490	2397	2365	2479	2740	3052	3319	3616	3627	3592	3445	3265	3071	2865	2662	2491	2312	2166	
152	1037	95.0	95.0	1	0	0	2	935	1145	1405	1896	2576	3147	3491	3644	3601	3516	3293	3116	2879	2668	2492	2380	2352	2475	2742	3065	3424	3599	3690	3590	3458	3262	3090	2884	2637	2447	2346	2170	
152	1054	95.0	95.0	1	0	0	2	928	1124	1414	1933	2566	3135	3509	3633	3640	3514	3325	3074	2890	2660	2491	2389	2377	2488	2744	3090	3389	3579	3688	3615	3434	3266	3086	2864	2647	2474	2317	2169	
152	1071	95.0	95.0	1	0	0	2	919	1108	1400	1918	2540	3152	3527	3648	3628	3510	3294	3124	2895	2649	2490	2378	2367	2533	2746	3092	3377	3594	3693	3600	3458	3281	3074	2874	2647	2493	2335	2168	
152	1088	95.0	95.0	1	0	0	2	941	1112	1391	1928	2559	3126	3532	3645	3646	3539	3345	3075	2870	2661	2500	2380	2372	2481	2716	3072	3382	3579	3695	3644	3416	3287	3096	2868	2635	2476	2327	2152	
152	1106	94.9	95.0	1	0	0	2	933	1110	1407	1925	2533	3149	3486	3645	3654	3541	3344	3110	2872	2657	2508	2357	2354	2498	2727	3074	3397	3584	3696	3592	3492	3277	3069	2844	2645	2479	2308	2188	
152	1123	95.0	95.0	1	0	0	2	940	1107	1421	1928	2565	3157	3519	3682	3644	3486	3328	3115	2886	2688	2499	2402	2387	2497	2750	3067	3433	3597	3690	3628	3500	3273	3100	2918	2652	2475	2326	2157	
152	1140	95.0	95.0	1	0	0	2	933	1105	1402	1921	2566	3126	3538	3663	3655	3493	3312	3107	2874	2660	2498	2376	2374	2479	2740	3072	3403	3652	3676	3610	3468	3253	3077	2879	2678	2498	2329	2188	
152	1157	95.0	95.0	1	0	0	2	934	1128	1412	1946	2540	3134	3496	3667	3644	3509	3322	3112	2893	2658	2508	2387	2381	2503	2769	3062	3407	3634	3690	3655	3477	3291	3034	2865	2651	2513	2318	2141	
152	1175	94.9	95.0	1	0	0	2	937	1120	1408	1934	2580	3116	3520	3666	3646	3536	3343	3123	2862	2660	2496	2400	2374	2524	2751	3083	3376	3577	3669	3554	3433	3267	3055	2840	2648	2458	2330	2154	
152	1192	95.0	95.0	1	0	0	2	930	1120	1412	1916	2542	3100	3527	3662	3647	3493	3327	3122	2900	2634	2489	2390	2361	2491	2759	3074	3433	3622	3697	3564	3452	3277	3021	2860	2647	2491	2324	2173	
152	1209	95.0	95.0	1	0	0	2	928	1081	1405	1926	2576	3147	3534	3665	3645	3515	3326	3075	2909	2652	2497	2386	2352	2483	2738	3112	3395	3603	3676	3606	3428	3270	3079	2866	2666	2491	2303	2165	
152	1226	95.0	95.0	1	0	0	2	961	1114	1440	1942	2596	3149	3562	3674	3646	3515	3352	3037	2892	2667	2520	2386	2349	2495	2773	3063	3419	3574	3662	3573	3434	3263	3099	2871	2664	2471	2318	2154	
152	1244	95.0	95.0	1	0	0	2	932	1115	1411	1941	2597	3162	3537	3628	3642	3572	3372	3113	2879	2658	2509	2405	2353	2490	2758	3091	3428	3619	3680	3609	3482	3279	3078	2863	2651	2480	2317	2176	
152	1261	94.9	95.0	1	0	0	2	944	1120	1412	1936	2585	3145	3512	3650	3649	3535	3333	3087	2903	2663	2496	2384	2376	2494	2744	3050	3426	3621	3658	3624	3441	3288	3119	2844	2677	2494	2320	2196	
152	1278	95.0	95.0	1	0	0	2	934	1132	1407	1929	2573	3163	3551	3669	3636	3494	3304	3120	2893	2677	2512	2396	2376	2510	2740	3092	3427	3606	3660	3600	3474	3265	3098	2865	2671	2471	2313	2186	
152	1322	94.9	95.0	1	1	0	2	930	1120	1408	1944	2543	3140	3496	3645	3671	3514	3319	3090	2910	2648	2502	2392	2360	2474	2732	3052	3418	3592	3680	3614	3467	3264	3112	2866	2654	2466	2328	2144	
152	1389	59.8	60.1	1	1	1	2	1041	1297	1995	3156	4423	5578	6280	6432	6283	5905	5447	5028	4494	4073	3690	3409	3213	3264	3487	3880	4333	4563	4633	4549	4330	4060	3764	3449	3180	2959	2711	2525	
152	1406	59.9	60.0	1	1	1	2	1041	1308	1988	3150	4407	5519	6175	6335	6216	5859	5362	4946	4450	4008	3617	3323	3202	3217	3518	3848	4216	4488	4569	4463	4263	4016	3721	3411	3067	2864	2633	2455	
152	1424	59.9	60.0	1	1	1	2	1014	1321	1986	3060	4409	5495	6103	6267	6111	5792	5328	4852	4388	3955	3629	3344	3156	3191	3405	3754	4188	4449	4517	4438	4216	3976	3690	3391	3072	2860	2636	2441	
152	1441	59.9	60.0	1	1	1	2	1019	1296	1972	3062	4325	5449	6069	6220	6038	5706	5298	4887	4440	3920	3531	3278	3129	3183	3391	3797	4130	4461	4527	4434	4190	3936	3681	3361	3073	2811	2654	2414	
152	1458	60.0	60.0	1	1	1	2	1007	1295	1977	3052	4297	5406	6072	6215	6082	5712	5283	4846	4367	3934	3551	3286	3129	3175	3401	3771	4185	4441	4544	4437	4196	3983	3683	3354	3112	2836	2615	2439	
152	1475	60.0	60.0	1	1	1	2	1017	1276	1973	3050	4296	5423	6031	6178	6035	5732	5284	4843	4398	3896	3521	3304	3140	3138	3398	3772	4155	4396	4509	4416	4180	3943	3653	3345	3105	2821	2604	2443	
152	1493	59.9	60.0	1	1	1	2	1017	1288	1960	3055	4303	5424	6062	6198	6019	5709	5279	4805	4391	3919	3531	3256	3099	3141	3372	3751	4129	4356	4497	4407	4202	3937	3645	3357	3049	2819	2622	2451	
152	1557	95.1	95.1	2	1	0	2	937	1088	1406	1918	2500	3071	3451	3581	3584	3444	3266	3026	2825	2638	2442	2333	2347	2432	2697	3008	3315	3491	3594	3508	3375	3187	2963	2814	2593	2432	2253	2117	
152	1574	95.0	95.0	2	1	0	2	933	1081	1415	1887	2501	3029	3422	3545	3547	3423	3241	3011	2796	2574	2435	2315	2296	2449	2656	2970	3297	3471	3543	3525	3345	3156	3011	2787	2568	2437	2285	2127	
152	1637	59.8	60.1	2	1	1	2	1001	1290	1972	3063	4335	5412	6077	6224	6111	5756	5290	4865	4416	3958	3570	3322	3142	3167	3419	3782	4199	4497	4571	4454	4243	4005	3694	3416	3084	2807	2587	2459	
152	1654	59.9	60.0	2	1	1	2	1004	1281	1956	3056	4256	5386	6011	6174	6001	5713	5272	4807	4375	3886	3555	3278	3122	3129	3387	3741	4150	4410	4502	4397	4200	3931	3649	3309	3077	2815	2589	2442	
152	1672	59.9	60.0	2	1	1	2	1012	1268	1984	3073	4260	5357	5976	6134	6014	5647	5181	4804	4367	3876	3542	3296	3106	3119	3381	3734	4137	4353	4480	4411	4137	3920	3675	3352	3059	2832	2620	2411	
152	1689	59.9	60.0	2	1	1	2	1011	1280	1963	2981	4273	5369	5988	6073	5955	5636	5224	4772	4322	3860	3510	3219	3108	3094	3417	3744	4147	4357	4472	4338	4197	3896	3620	3341	3004	2821	2536	2408	
152	1706	60.0	60.0	2	1	1	2	997	1265	1948	3041	4209	5292	5968	6112	5981	5627	5222	4760	4319	3877	3502	3249	3088	3116	3359	3717	4145	4368	4446	4398	4135	3910	3609	3313	3042	2785	2577	2417	
152	1723	60.0	60.0	2	1	1	2	993	1262	1932	3019	4287	5324	5912	6164	5958	5660	5187	4767	4332	3880	3525	3258	3099	3101	3372	3701	4156	4353	4461	4374	4191	3938	3658	3327	3033	2809	2604	2413	
152	1741	59.9	60.0	2	1	1	2	1024	1295	1938	3010	4248	5348	5916	6134	5954	5641	5205	4749	4290	3882	3537	3237	3083	3104	3359	3697	4136	4414	4490	4416	4153	3920	3646	3331	3033	2818	2601	2409	
152	1803	95.2	95.0	3	1	0	2	929	1097	1402	1929	2515	3104	3464	3607	3579	3455	3253	3088	2834	2617	2453	2350	2309	2430	2734	3017	3349	3527	3603	3549	3371	3222	3029	2807	2612	2428	2275	2144	
152	1820	95.0	95.0	3	1	0	2	936	1091	1409	1917	2496	3084	3429	3587	3544	3455	3248	3037	2809	2576	2462	2367	2341	2432	2676	2997	3293	3506	3590	3538	3340	3189	3020	2789	2603	2419	2298	2120	
152	1885	59.9	60.1	3	1	1	2	1017	1293	2004	3112	4363	5521	6166	6309	6164	5843	5397	4958	4496	4015	3592	3329	3148	3210	3463	3801	4270	4476	4593	4453	4261	4028	3706	3444	3119	2875	2666	2487	
152	1902	59.9	60.0	3	1	1	2	1032	1291	1989	3074	4331	5508	6106	6244	6067	5768	5299	4895	4424	4007	3586	3297	3165	3184	3409	3793	4194	4429	4575	4435	4220	3954	3698	3374	3070	2827	2648	2450	
152	1920	60.0	60.0	3	1	1	2	1020	1297	1972	3047	4316	5417	6083	6242	6080	5759	5270	4860	4394	3966	3595	3293	3121	3149	3418	3754	4185	4476	4514	4400	4195	3952	3694	3337	3078	2812	2610	2444	
152	1937	60.0	60.0	3	1	1	2	1033	1260	1960	3043	4321	5428	6079	6244	6038	5737	5268	4871	4410	3937	3565	3282	3123	3165	3420	3750	4168	4398	4522	4393	4194	3924	3656	3352	3057	2824	2606	2451	
152	1954	60.0	60.0	3	1	1	2	1026	1285	1972	3059	4296	5429	6034	6213	6051	5719	5305	4874	4351	3905	3553	3327	3104	3141	3428	3790	4163	4428	4539	4382	4144	3923	3653	3330	3034	2789	2624	2426	
152	1971	60.0	60.0	3	1	1	2	1032	1282	1953	3045	4308	5380	6034	6190	6028	5700	5305	4817	4405	3925	3584	3293	3116	3156	3393	3746	4180	4381	4498	4385	4164	3927	3663	3347	3047	2800	2612	2427	
152	1989	60.0	60.0	3	1	1	2	1017	1298	1959	3044	4286	5362	6031	6175	6020	5663	5303	4803	4384	3908	3549	3264	3097	3170	3369	3723	4152	4386	4484	4358	4184	3904	3681	3348	3041	2802	2607	2414	
152	2051	95.3	95.0	4	1	0	2	931	1097	1417	1922	2563	3099	3505	3603	3611	3461	3292	3094	2798	2619	2458	2381	2319	2449	2714	3014	3324	3573	3628	3541	3382	3213	3018	2799	2630	2429	2279	2127	
152	2069	95.0	95.0	4	1	0	2	917	1090	1405	1905	2572	3081	3439	3581	3538	3446	3237	3022	2854	2581	2437	2345	2321	2433	2746	3010	3321	3521	3576	3531	3361	3193	3024	2816	2579	2404	2277	2132	
152	2131	59.7	60.1	4	1	1	2	1031	1308	2006	3106	4432	5568	6255	6380	6191	5845	5417	4970	4488	4030	3665	3390	3208	3229	3464	3818	4259	4517	4583	4509	4299	4040	3751	3413	3171	2880	2663	2469	
152	2149	59.9	60.0	4	1	1	2	1020	1308	1989	3055	4401	5499	6114	6285	6200	5800	5346	4907	4449	3953	3642	3301	3149	3151	3450	3792	4165	4485	4578	4442	4262	3963	3710	3400	3117	2848	2640	2466	
152	2166	60.0	60.0	4	1	1	2	1027	1271	2003	3058	4369	5452	6116	6272	6151	5803	5319	4897	4423	3973	3593	3297	3162	3159	3424	3804	4182	4421	4542	4424	4177	3965	3684	3372	3092	2809	2647	2446	
152	2183	60.0	60.0	4	1	1	2	1021	1278	1971	3078	4348	5490	6130	6203	6113	5776	5333	4888	4438	3976	3604	3314	3137	3184	3435	3784	4193	4443	4519	4405	4208	3977	3661	3348	3064	2801	2613	2452	
152	2200	59.9	60.0	4	1	1	2	1021	1297	1970	3091	4349	5454	6095	6222	6092	5752	5346	4842	4390	3948	3587	3322	3164	3158	3425	3784	4155	4407	4498	4379	4185	3941	3671	3387	3074	2822	2592	2458	
152	2218	60.0	60.0	4	1	1	2	1026	1268	1964	3068	4334	5387	6079	6160	6064	5700	5278	4839	4388	3948	3544	3282	3108	3179	3358	3734	4145	4411	4467	4414	4205	3905	3665	3366	3078	2828	2614	2415	
152	2235	60.0	60.0	4	1	1	2	1008	1282	1993	3073	4326	5421	6042	6198	6001	5728	5279	4784	4380	3933	3542	3276	3142	3188	3365	3756	4130	4364	4525	4396	4144	3938	3632	3318	3084	2786	2598	2402	
152	2297	95.0	95.0	5	1	0	2	948	1103	1412	1919	2549	3096	3489	3606	3605	3483	3289	3072	2842	2620	2481	2362	2318	2449	2705	3004	3288	3547	3574	3542	3373	3226	3002	2836	2616	2417	2275	2129	
152	2315	95.0	95.0	5	1	0	2	953	1085	1390	1907	2517	3110	3472	3591	3565	3456	3253	3043	2815	2598	2442	2356	2325	2436	2689	3020	3318	3497	3602	3555	3371	3214	2987	2778	2629	2429	2284	2144	
152	2378	59.9	60.1	5	1	1	2	1023	1303	2004	3127	4436	5505	6107	6339	6234	5852	5403	4957	4487	4037	3633	3361	3178	3220	3455	3812	4244	4455	4580	4496	4293	4031	3700	3438	3121	2865	2666	2496	
152	2395	59.9	60.0	5	1	1	2	1026	1298	1976	3101	4362	5482	6141	6293	6148	5797	5374	4938	4452	3974	3617	3341	3149	3144	3402	3825	4162	4440	4558	4443	4226	3938	3684	3392	3057	2847	2649	2459	
152	2412	59.9	60.0	5	1	1	2	1002	1270	1974	3093	4347	5496	6115	6273	6144	5763	5359	4887	4403	3992	3638	3323	3148	3194	3419	3778	4189	4422	4516	4416	4190	3961	3687	3382	3061	2824	2623	2448	
152	2429	59.9	60.0	5	1	1	2	1017	1277	1943	3057	4349	5470	6062	6271	6058	5695	5362	4850	4410	3931	3590	3242	3101	3193	3404	3765	4164	4397	4469	4410	4191	3929	3654	3376	3076	2822	2604	2429	
152	2447	59.9	60.0	5	1	1	2	1005	1285	1965	3042	4306	5407	6077	6199	6069	5706	5259	4811	4370	3944	3574	3256	3119	3162	3412	3735	4165	4387	4521	4376	4186	3955	3678	3331	3017	2762	2597	2425	
152	2464	60.0	60.0	5	1	1	2	1018	1272	1956	3056	4321	5401	6059	6215	6049	5712	5279	4815	4381	3935	3566	3251	3116	3149	3383	3718	4126	4373	4498	4375	4139	3925	3619	3359	3058	2820	2610	2417	
152	2481	60.0	60.0	5	1	1	2	1013	1301	1940	3059	4287	5420	6046	6165	6021	5659	5258	4824	4387	3934	3563	3268	3100	3136	3344	3732	4105	4373	4471	4359	4136	3908	3619	3314	3034	2759	2607	2406	
152	2543	95.2	95.0	6	1	0	2	929	1093	1418	1920	2562	3106	3475	3605	3590	3466	3268	3058	2847	2604	2461	2360	2315	2460	2701	3006	3320	3497	3588	3507	3385	3205	2996	2811	2578	2413	2258	2115	
152	2561	95.0	95.0	6	1	0	2	927	1074	1396	1908	2499	3072	3451	3528	3523	3456	3221	3028	2815	2558	2450	2319	2266	2441	2656	3003	3272	3483	3558	3470	3343	3172	2985	2763	2555	2377	2248	2103	
152	2624	59.8	60.1	6	1	1	2	1010	1289	1977	3107	4384	5551	6204	6338	6196	5820	5397	4959	4481	3998	3608	3358	3188	3256	3455	3775	4239	4498	4579	4471	4273	4054	3715	3414	3100	2849	2626	2471	
152	2641	60.0	60.0	6	1	1	2	1032	1287	1987	3075	4394	5543	6122	6311	6121	5809	5375	4883	4424	3926	3609	3281	3150	3149	3417	3754	4205	4487	4536	4457	4212	3975	3697	3359	3107	2815	2627	2455	
152	2658	59.9	60.0	6	1	1	2	1018	1267	1982	3102	4348	5472	6097	6254	6092	5761	5312	4893	4416	3931	3616	3317	3128	3153	3397	3779	4130	4364	4486	4422	4232	3919	3651	3366	3100	2820	2586	2422	
152	2675	59.9	60.0	6	1	1	2	1018	1302	1977	3024	4314	5425	6116	6217	6088	5709	5307	4866	4373	3937	3584	3279	3125	3128	3397	3768	4150	4401	4448	4403	4170	3913	3654	3336	3066	2783	2614	2418	
152	2693	60.0	60.0	6	1	1	2	1019	1277	1970	3056	4276	5412	6089	6204	6033	5709	5280	4809	4409	3927	3576	3264	3104	3152	3379	3750	4156	4406	4456	4335	4201	3950	3628	3321	3052	2816	2586	2427	
152	2710	60.0	60.0	6	1	1	2	1019	1286	1967	3050	4296	5411	6016	6162	6048	5649	5247	4795	4337	3897	3545	3269	3078	3145	3339	3712	4121	4364	4449	4350	4166	3896	3631	3313	3026	2804	2616	2397	
152	2727	60.0	60.0	6	1	1	2	1026	1273	1976	3023	4288	5351	5999	6178	6062	5684	5264	4790	4376	3909	3558	3268	3070	3107	3373	3702	4093	4344	4456	4355	4124	3885	3619	3348	3023	2783	2592	2409	
152	2792	95.1	95.1	7	1	0	2	934	1090	1397	1907	2524	3088	3458	3587	3532	3466	3222	3062	2813	2585	2451	2315	2316	2403	2676	2964	3284	3480	3578	3484	3341	3150	2955	2792	2588	2409	2252	2131	
152	2809	95.0	95.0	7	1	0	2	923	1066	1406	1881	2491	3034	3408	3491	3527	3382	3252	3006	2797	2567	2410	2312	2307	2400	2674	2956	3293	3488	3539	3453	3305	3169	2970	2734	2543	2391	2230	2094	
152	2872	59.8	60.1	7	1	1	2	1011	1273	1986	3102	4352	5534	6134	6321	6190	5801	5374	4945	4420	4006	3614	3328	3137	3215	3422	3777	4177	4515	4577	4461	4239	3984	3711	3396	3113	2833	2642	2442	
152	2889	59.9	60.0	7	1	1	2	1004	1295	1978	3057	4331	5481	6071	6248	6113	5754	5318	4829	4387	3897	3590	3259	3133	3161	3401	3765	4138	4398	4471	4408	4193	3935	3642	3353	3051	2888	2613	2423	
152	2906	60.0	60.0	7	1	1	2	1030	1285	1972	3086	4349	5404	6071	6168	6039	5732	5280	4831	4370	3929	3586	3284	3137	3119	3404	3713	4141	4396	4460	4401	4151	3921	3635	3360	3080	2822	2612	2409	
152	2923	59.9	60.0	7	1	1	2	1010	1267	1969	3040	4300	5449	6048	6178	6023	5663	5248	4823	4348	3939	3552	3266	3106	3134	3379	3706	4145	4382	4447	4350	4167	3916	3624	3351	3038	2769	2593	2381	
152	2941	60.0	60.0	7	1	1	2	999	1290	1965	3047	4290	5365	6019	6213	6028	5638	5227	4792	4395	3903	3567	3244	3080	3138	3350	3708	4122	4376	4459	4348	4142	3898	3610	3328	3040	2773	2573	2432	
152	2958	59.9	60.0	7	1	1	2	1013	1280	1959	3003	4272	5365	5981	6160	5993	5676	5267	4772	4318	3903	3563	3240	3069	3106	3358	3725	4117	4325	4447	4302	4101	3905	3611	3328	3077	2767	2588	2407	
152	2975	60.0	60.0	7	1	1	2	1018	1285	1958	3025	4257	5329	5983	6147	5982	5640	5199	4751	4329	3900	3547	3248	3078	3093	3352	3653	4120	4344	4439	4331	4075	3853	3597	3302	3052	2772	2600	2412	
152	3040	95.1	95.1	8	1	0	2	930	1081	1407	1885	2489	3059	3427	3570	3543	3415	3240	3024	2803	2555	2396	2339	2297	2414	2644	2953	3290	3457	3514	3476	3307	3121	2980	2772	2560	2385	2228	2119	
152	3057	95.0	95.0	8	1	0	2	906	1073	1398	1904	2471	3027	3404	3525	3526	3396	3186	2977	2802	2560	2424	2291	2310	2375	2649	2944	3286	3440	3486	3449	3330	3121	2944	2762	2573	2387	2228	2063	
152	3120	59.8	60.1	8	1	1	2	1015	1284	1983	3030	4365	5442	6080	6211	6041	5719	5327	4832	4410	3964	3609	3308	3150	3169	3374	3746	4152	4441	4532	4445	4204	3938	3660	3369	3048	2831	2643	2441	
152	3137	60.0	60.0	8	1	1	2	1017	1291	1978	3062	4277	5365	6010	6206	6044	5699	5276	4835	4382	3917	3550	3261	3115	3160	3352	3714	4133	4384	4485	4381	4172	3869	3648	3310	3048	2799	2605	2432	
152	3154	59.9	60.0	8	1	1	2	1004	1271	1952	3038	4257	5369	5972	6137	6039	5706	5283	4771	4372	3924	3548	3276	3097	3135	3345	3717	4096	4319	4472	4327	4169	3891	3605	3334	3032	2786	2582	2407	
152	3171	60.0	60.0	8	1	1	2	1024	1282	1959	3060	4279	5382	6020	6161	5957	5659	5225	4767	4344	3897	3516	3259	3081	3128	3400	3709	4081	4321	4447	4344	4139	3897	3611	3282	3011	2774	2623	2394	
152	3189	60.0	60.0	8	1	1	2	1032	1271	1970	3012	4253	5347	5945	6079	5953	5644	5184	4771	4273	3861	3543	3236	3057	3107	3355	3715	4096	4318	4363	4311	4113	3842	3619	3284	3015	2767	2550	2392	
152	3206	59.9	60.0	8	1	1	2	1019	1272	1935	3050	4234	5282	5952	6081	5989	5598	5244	4775	4349	3867	3513	3241	3087	3099	3345	3673	4117	4304	4420	4323	4114	3818	3595	3305	2976	2745	2582	2394	
152	3223	60.0	60.0	8	1	1	2	1028	1269	1956	3012	4241	5297	5924	6109	5942	5611	5183	4736	4295	3876	3497	3224	3065	3099	3362	3671	4087	4319	4422	4317	4106	3869	3593	3293	2990	2749	2583	2380	
152	3286	95.1	95.0	9	1	0	2	924	1088	1400	1899	2492	3058	3430	3537	3547	3389	3220	2984	2801	2581	2426	2304	2264	2382	2646	2935	3286	3436	3533	3451	3308	3144	2948	2745	2553	2380	2232	2085	
152	3303	95.0	95.0	9	1	0	2	934	1082	1403	1865	2492	3025	3346	3508	3494	3398	3201	3013	2774	2561	2400	2305	2248	2390	2613	2912	3243	3420	3520	3459	3292	3126	2937	2691	2504	2361	2199	2076	
152	3366	59.8	60.1	9	1	1	2	1026	1297	1995	3055	4355	5466	6063	6227	6064	5763	5360	4874	4407	3930	3605	3345	3145	3171	3443	3766	4152	4422	4531	4427	4174	3969	3651	3337	3077	2820	2683	2438	
152	3383	60.0	60.0	9	1	1	2	1024	1273	1966	3012	4296	5350	6007	6148	6066	5656	5180	4754	4320	3897	3532	3242	3078	3125	3344	3708	4121	4314	4446	4372	4120	3894	3591	3324	3013	2785	2579	2385	
152	3400	59.9	60.0	9	1	1	2	1013	1274	1953	3024	4245	5348	6027	6132	5963	5678	5198	4799	4328	3870	3529	3249	3092	3115	3335	3671	4090	4325	4432	4287	4101	3901	3588	3300	3000	2792	2565	2409	
152	3418	59.9	60.0	9	1	1	2	1008	1271	1950	3013	4258	5313	5969	6094	5942	5605	5189	4752	4291	3850	3530	3242	3034	3095	3374	3659	4044	4306	4419	4314	4100	3848	3582	3252	3011	2763	2559	2365	
152	3435	59.9	60.0	9	1	1	2	1021	1263	1950	2994	4252	5300	5890	6085	5946	5607	5195	4735	4311	3820	3493	3203	3077	3065	3337	3692	4060	4318	4385	4289	4084	3875	3560	3259	3003	2744	2572	2378	
152	3452	59.9	60.0	9	1	1	2	1013	1277	1951	2980	4236	5326	5929	6065	5928	5567	5140	4745	4257	3866	3526	3223	3066	3089	3333	3662	4113	4279	4402	4258	4086	3837	3528	3301	2974	2742	2560	2379	
152	3469	59.9	60.0	9	1	1	2	1018	1292	1957	3034	4215	5309	5945	6053	5878	5576	5158	4712	4280	3844	3480	3224	3103	3075	3300	3645	4050	4297	4376	4233	4072	3832	3546	3282	2996	2723	2557	2384	
152	3532	95.1	95.0	10	1	0	2	930	1061	1403	1887	2496	3054	3367	3530	3532	3408	3219	3039	2775	2569	2377	2293	2273	2415	2649	2937	3268	3414	3490	3443	3281	3125	2961	2716	2535	2366	2227	2079	
152	3549	94.9	95.0	10	1	0	2	926	1054	1392	1814	2446	3000	3354	3477	3473	3355	3165	2949	2763	2548	2378	2276	2274	2397	2622	2920	3208	3410	3433	3418	3235	3098	2907	2719	2529	2357	2219	2069	
152	3612	59.7	60.1	10	1	1	2	1022	1266	1948	3026	4282	5397	6019	6190	6017	5676	5304	4806	4358	3905	3564	3267	3102	3138	3383	3706	4123	4386	4468	4360	4194	3894	3620	3320	3028	2810	2596	2406	
152	3629	60.0	60.0	10	1	1	2	1008	1262	1967	3009	4264	5310	5967	6141	5976	5642	5255	4752	4317	3870	3534	3219	3125	3146	3375	3664	4099	4319	4450	4278	4160	3840	3598	3310	3021	2767	2594	2393	
152	3646	60.0	60.0	10	1	1	2	1010	1278	1949	3005	4234	5337	5921	6083	5926	5606	5160	4744	4284	3843	3512	3217	3081	3089	3313	3642	4057	4294	4375	4295	4103	3839	3584	3285	2983	2740	2595	2381	
152	3664	60.0	60.0	10	1	1	2	1019	1268	1961	3001	4243	5348	5925	6077	5912	5652	5166	4727	4265	3828	3532	3214	3060	3077	3307	3686	4083	4302	4366	4290	4058	3824	3577	3266	2981	2763	2540	2386	
152	3681	60.0	60.0	10	1	1	2	997	1276	1903	2974	4203	5256	5848	5999	5875	5508	5168	4732	4265	3837	3472	3220	3036	3090	3292	3629	4036	4281	4350	4291	4084	3847	3570	3258	2979	2768	2526	2389	
152	3698	60.0	60.0	10	1	1	2	1018	1260	1932	2967	4184	5256	5879	5994	5901	5527	5136	4672	4272	3821	3468	3173	3021	3069	3308	3640	4021	4264	4360	4264	4028	3830	3528	3299	2968	2726	2603	2364	
152	3715	60.0	60.0	10	1	1	2	1009	1283	1922	2943	4184	5211	5867	6033	5872	5535	5092	4739	4272	3826	3483	3229	3014	3037	3260	3641	4033	4271	4375	4286	4040	3821	3549	3265	3006	2711	2541	2362	
152	3778	95.0	95.0	11	1	0	2	939	1073	1372	1840	2472	3009	3384	3526	3469	3378	3185	2982	2786	2554	2382	2300	2281	2400	2625	2908	3237	3433	3459	3417	3274	3120	2897	2726	2541	2349	2203	2076	
152	3795	95.0	95.0	11	1	0	2	931	1065	1390	1853	2432	3008	3323	3463	3462	3373	3152	2943	2731	2522	2389	2259	2275	2364	2594	2898	3211	3365	3465	3405	3273	3085	2892	2690	2512	2359	2211	2083	
152	3858	59.7	60.1	11	1	1	2	1024	1285	1957	3035	4260	5352	5967	6141	5962	5669	5216	4772	4350	3885	3540	3269	3082	3139	3323	3723	4108	4359	4472	4364	4154	3866	3612	3321	3040	2771	2617	2414	
152	3875	60.0	60.0	11	1	1	2	1017	1267	1946	2996	4234	5287	5938	6101	5944	5586	5202	4742	4327	3873	3512	3208	3076	3114	3305	3668	4062	4316	4377	4317	4078	3861	3619	3296	3004	2785	2584	2404	
152	3893	59.9	60.0	11	1	1	2	1020	1268	1946	2993	4238	5304	5901	6028	5889	5580	5137	4729	4304	3827	3470	3235	3066	3093	3332	3643	4030	4307	4366	4262	4063	3860	3574	3241	2996	2741	2565	2358	
152	3910	60.0	60.0	11	1	1	2	1011	1262	1926	2977	4200	5263	5879	6054	5857	5549	5193	4723	4278	3803	3502	3192	3058	3061	3303	3659	4047	4302	4368	4273	4083	3784	3568	3269	2980	2745	2565	2350	
152	3927	60.0	60.0	11	1	1	2	1026	1279	1918	3017	4192	5284	5864	6031	5893	5547	5124	4688	4234	3805	3498	3210	3030	3043	3297	3629	4015	4251	4379	4298	4043	3821	3522	3265	2976	2758	2558	2365	
152	3944	60.0	60.0	11	1	1	2	1011	1275	1928	2992	4154	5228	5839	5988	5791	5547	5087	4708	4240	3841	3453	3180	3019	3038	3292	3639	3993	4231	4342	4254	4104	3829	3560	3239	2954	2725	2541	2374	
152	3962	59.9	60.0	11	1	1	2	1007	1265	1920	2976	4171	5208	5831	5968	5851	5494	5092	4668	4202	3815	3445	3130	3020	3050	3286	3631	4004	4238	4318	4224	4019	3792	3521	3251	2954	2733	2550	2363	
152	4026	95.1	95.1	12	1	0	2	922	1072	1390	1857	2444	3007	3354	3487	3446	3318	3167	2981	2744	2511	2368	2272	2255	2357	2604	2898	3200	3376	3458	3400	3264	3119	2899	2743	2480	2334	2220	2082	
152	4043	95.0	95.0	12	1	0	2	933	1091	1392	1868	2460	2994	3345	3508	3461	3350	3179	2950	2748	2510	2360	2287	2241	2363	2601	2892	3206	3355	3472	3406	3255	3056	2894	2716	2514	2343	2195	2060	
152	4106	59.8	60.1	12	1	1	2	1015	1278	1951	3043	4304	5369	6012	6124	6018	5687	5240	4794	4343	3906	3541	3239	3112	3141	3371	3726	4086	4363	4479	4336	4161	3893	3631	3323	3031	2811	2558	2404	
152	4123	59.9	60.0	12	1	1	2	1014	1264	1932	3019	4215	5290	5924	6052	5936	5590	5172	4720	4304	3836	3523	3222	3051	3112	3302	3632	4030	4286	4409	4274	4084	3837	3565	3291	2988	2747	2583	2381	
152	4141	59.9	60.0	12	1	1	2	1024	1283	1920	2987	4174	5242	5889	6039	5880	5552	5121	4696	4272	3785	3472	3197	3047	3036	3292	3642	4020	4240	4355	4270	4039	3834	3543	3260	2946	2696	2526	2362	
152	4158	59.9	60.0	12	1	1	2	1027	1256	1922	2968	4175	5228	5898	6020	5838	5503	5165	4701	4258	3828	3477	3209	3030	3051	3294	3645	4031	4236	4368	4205	4053	3796	3531	3223	2992	2743	2534	2375	
152	4175	60.0	60.0	12	1	1	2	1009	1262	1928	2953	4204	5202	5886	6013	5845	5554	5087	4686	4229	3798	3462	3186	3015	3024	3307	3596	4023	4223	4373	4258	4016	3800	3521	3205	2954	2716	2526	2370	
152	4192	59.9	60.0	12	1	1	2	1013	1274	1946	2967	4171	5222	5851	5980	5871	5534	5104	4699	4260	3793	3447	3191	3052	3064	3304	3618	4010	4263	4300	4244	4083	3814	3531	3280	2960	2739	2543	2362	
152	4210	60.0	60.0	12	1	1	2	1007	1271	1911	2978	4182	5244	5837	5995	5861	5507	5051	4684	4198	3788	3445	3194	3030	3013	3269	3629	4000	4233	4311	4203	4031	3803	3506	3227	2979	2697	2537	2360	
152	4272	95.0	95.0	13	1	0	2	929	1057	1400	1847	2458	2990	3360	3469	3480	3340	3137	2963	2707	2508	2342	2276	2237	2382	2601	2902	3176	3453	3447	3387	3272	3061	2917	2702	2520	2346	2203	2059	
152	4289	95.0	95.0	13	1	0	2	936	1062	1374	1893	2469	2975	3331	3458	3451	3305	3133	2926	2724	2503	2353	2269	2287	2369	2598	2882	3192	3379	3464	3400	3218	3103	2892	2701	2512	2312	2176	2056	
152	4352	59.8	60.1	13	1	1	2	1018	1273	1938	3000	4252	5393	6004	6134	5997	5656	5233	4776	4342	3892	3515	3267	3084	3101	3350	3701	4142	4367	4431	4374	4127	3886	3584	3336	3030	2790	2572	2392	
152	4369	59.9	60.0	13	1	1	2	1020	1270	1921	2996	4210	5253	5883	6053	5860	5566	5185	4726	4263	3825	3498	3199	3026	3109	3297	3626	4038	4272	4346	4278	4091	3830	3561	3244	2992	2714	2529	2392	
152	4387	59.9	60.0	13	1	1	2	1014	1290	1919	2967	4228	5276	5866	6021	5852	5538	5149	4696	4241	3842	3499	3191	3050	3070	3283	3630	4026	4203	4332	4236	4044	3868	3537	3228	2947	2752	2515	2395	
152	4404	59.9	60.0	13	1	1	2	1005	1250	1945	2999	4173	5258	5874	6029	5847	5540	5117	4640	4243	3807	3503	3206	3002	3040	3300	3630	3947	4254	4364	4231	4028	3802	3528	3239	2970	2713	2540	2345	
152	4421	60.0	60.0	13	1	1	2	1007	1262	1926	2963	4155	5200	5849	5977	5826	5501	5114	4648	4232	3797	3454	3217	3029	3049	3301	3575	4009	4222	4316	4210	4045	3781	3537	3237	2928	2759	2544	2351	
152	4438	59.9	60.0	13	1	1	2	1007	1267	1927	2943	4119	5160	5842	5964	5774	5452	5072	4638	4222	3784	3445	3149	3005	3008	3275	3588	3965	4154	4298	4202	4025	3747	3480	3216	2949	2704	2556	2338	
152	4456	60.0	60.0	13	1	1	2	1003	1277	1932	2954	4127	5189	5784	5968	5795	5506	5078	4672	4164	3762	3451	3153	2994	3040	3225	3588	3976	4219	4310	4210	3988	3791	3497	3233	2956	2703	2504	2360	
152	4518	95.0	95.0	14	1	0	2	925	1058	1403	1871	2430	3001	3328	3454	3392	3321	3180	2954	2744	2516	2388	2273	2252	2329	2586	2859	3200	3380	3428	3324	3279	3064	2872	2703	2507	2319	2196	2048	
152	4536	95.0	95.0	14	1	0	2	933	1073	1384	1829	2469	3024	3337	3459	3442	3298	3130	2946	2726	2536	2361	2255	2240	2362	2601	2866	3195	3359	3467	3359	3249	3042	2892	2682	2491	2349	2179	2053	
152	4598	59.8	60.1	14	1	1	2	1011	1272	1940	3029	4264	5296	5962	6067	5975	5630	5220	4743	4302	3855	3522	3289	3048	3127	3329	3677	4063	4292	4419	4344	4093	3861	3603	3285	3025	2768	2560	2404	
152	4616	59.9	60.0	14	1	1	2	1016	1265	1957	2981	4232	5248	5881	6038	5888	5556	5101	4767	4255	3800	3491	3182	3018	3059	3292	3635	4045	4234	4396	4271	4073	3822	3563	3249	3000	2755	2538	2355	
152	4633	60.0	60.0	14	1	1	2	1046	1270	1936	2966	4147	5234	5782	5988	5819	5496	5093	4639	4246	3796	3471	3154	3037	3052	3292	3618	3998	4262	4338	4224	4015	3794	3514	3242	2973	2730	2529	2324	
152	4650	59.9	60.0	14	1	1	2	1004	1252	1923	2959	4156	5204	5828	5979	5865	5491	5125	4664	4249	3813	3445	3188	3034	3072	3276	3592	4006	4245	4319	4193	4039	3796	3594	3231	2983	2693	2515	2356	
152	4667	59.9	60.0	14	1	1	2	998	1260	1907	2958	4145	5185	5793	5942	5818	5522	5100	4650	4190	3792	3419	3162	3001	3042	3261	3582	3990	4208	4329	4227	4051	3780	3495	3206	2903	2720	2509	2329	
152	4685	60.0	60.0	14	1	1	2	998	1265	1917	2942	4150	5157	5777	5913	5816	5434	5050	4615	4194	3807	3425	3163	3017	3055	3247	3601	3990	4204	4307	4233	3994	3774	3495	3216	2934	2712	2533	2349	
152	4702	59.9	60.0	14	1	1	2	1004	1257	1911	2917	4129	5148	5771	5974	5754	5444	5083	4629	4209	3749	3428	3156	3001	3027	3259	3581	3982	4127	4305	4209	3998	3754	3489	3220	2922	2715	2518	2361	
152	4764	95.0	95.0	15	1	0	2	932	1053	1400	1857	2463	2978	3312	3421	3425	3333	3145	2940	2727	2520	2361	2272	2262	2368	2583	2894	3201	3347	3412	3372	3241	3061	2895	2699	2504	2323	2205	2036	
152	4782	95.0	95.0	15	1	0	2	925	1055	1384	1857	2424	2966	3295	3462	3436	3340	3124	2927	2729	2491	2369	2279	2250	2322	2584	2898	3184	3336	3438	3367	3245	3068	2869	2669	2501	2321	2205	2045	
152	4844	59.8	60.1	15	1	1	2	1015	1259	1938	2985	4212	5277	5949	6050	5970	5605	5199	4731	4289	3868	3493	3229	3071	3091	3349	3667	4047	4325	4416	4317	4083	3867	3584	3267	2986	2750	2581	2385	
152	4862	59.9	60.0	15	1	1	2	1008	1272	1967	3031	4202	5252	5892	6056	5876	5555	5107	4688	4251	3839	3481	3215	3035	3059	3310	3646	4036	4237	4345	4289	4037	3816	3583	3265	2964	2734	2546	2366	
152	4879	59.9	60.0	15	1	1	2	1006	1259	1936	2966	4163	5235	5832	5979	5800	5523	5097	4667	4246	3779	3444	3156	3009	3052	3261	3623	3996	4241	4325	4237	4027	3747	3541	3254	2978	2707	2502	2358	
152	4896	60.0	60.0	15	1	1	2	1001	1249	1934	2955	4142	5227	5813	5964	5807	5519	5106	4653	4204	3766	3452	3175	3032	3015	3245	3617	3973	4202	4326	4208	4069	3758	3492	3159	2929	2715	2536	2338	
152	4913	59.9	60.0	15	1	1	2	1004	1274	1909	2950	4164	5182	5786	5940	5771	5451	5080	4600	4205	3772	3450	3188	3009	3035	3277	3576	3966	4232	4334	4232	4038	3780	3518	3206	2960	2706	2514	2336	
152	4931	60.0	60.0	15	1	1	2	1010	1266	1935	2975	4157	5188	5807	5964	5796	5493	5075	4645	4197	3765	3434	3191	2992	3021	3246	3613	3978	4190	4305	4211	4006	3760	3494	3204	2959	2704	2481	2332	
152	4948	60.0	60.0	15	1	1	2	1012	1262	1917	2946	4132	5209	5782	5894	5773	5419	5041	4633	4220	3744	3421	3165	2995	3028	3254	3584	3966	4227	4303	4193	4036	3767	3475	3220	2928	2668	2500	2334	
152	5010	95.1	95.0	16	1	0	2	948	1046	1385	1855	2443	2972	3329	3460	3458	3330	3163	2940	2739	2515	2365	2271	2239	2349	2598	2849	3172	3353	3449	3384	3251	3024	2866	2665	2507	2319	2180	2053	
152	5028	95.0	95.0	16	1	0	2	925	1064	1370	1849	2426	3006	3315	3430	3398	3283	3168	2936	2702	2493	2353	2281	2232	2337	2576	2882	3196	3325	3402	3374	3204	3065	2858	2664	2468	2341	2178	2037	
152	5091	59.8	60.1	16	1	1	2	1000	1268	1931	3012	4233	5322	6005	6088	5966	5647	5220	4752	4296	3865	3521	3206	3073	3104	3315	3649	4056	4345	4396	4324	4110	3850	3556	3324	2999	2758	2580	2374	
152	5108	59.9	60.0	16	1	1	2	993	1279	1931	2993	4197	5274	5834	6014	5885	5527	5174	4663	4236	3806	3468	3165	3033	3038	3260	3616	4010	4270	4366	4297	4046	3783	3565	3241	3004	2696	2540	2357	
152	5125	60.0	60.0	16	1	1	2	1015	1262	1895	2944	4168	5195	5838	5986	5842	5507	5103	4679	4237	3783	3447	3182	3022	3071	3260	3606	4001	4246	4303	4219	4016	3805	3483	3202	2937	2696	2482	2374	
152	5142	60.0	60.0	16	1	1	2	1007	1272	1901	2967	4164	5179	5852	5924	5780	5504	5101	4645	4212	3801	3465	3168	3003	3047	3237	3589	3979	4202	4326	4224	4047	3789	3511	3222	2954	2706	2541	2348	
152	5160	60.0	60.0	16	1	1	2	994	1268	1922	2958	4137	5210	5795	5930	5804	5480	5058	4640	4220	3791	3385	3168	2982	3028	3229	3594	3948	4189	4332	4216	3989	3727	3525	3231	2948	2693	2512	2347	
152	5177	59.9	60.0	16	1	1	2	1015	1247	1906	2951	4131	5164	5792	5900	5801	5440	5082	4632	4170	3758	3381	3130	3016	3028	3228	3592	3967	4187	4281	4210	3991	3779	3515	3211	2936	2692	2504	2355	
152	5194	59.9	60.0	16	1	1	2	1010	1268	1911	2918	4088	5168	5820	5912	5753	5456	5063	4605	4153	3747	3422	3131	3013	3017	3242	3559	3956	4212	4300	4200	3996	3764	3479	3200	2925	2711	2509	2358	
152	5257	95.2	95.0	17	1	0	2	912	1067	1382	1849	2442	2964	3300	3418	3468	3285	3138	2940	2734	2477	2364	2266	2246	2307	2635	2871	3155	3361	3419	3369	3201	3040	2857	2669	2487	2293	2190	2012	
152	5274	95.0	95.0	17	1	0	2	919	1034	1377	1847	2413	2988	3332	3443	3405	3299	3113	2937	2690	2507	2360	2271	2247	2344	2559	2852	3175	3357	3401	3347	3198	3041	2856	2669	2494	2311	2185	2049	
152	5337	59.8	60.1	17	1	1	2	1009	1275	1928	3000	4246	5321	5878	6058	5923	5593	5185	4688	4295	3826	3521	3211	3053	3100	3310	3665	4055	4306	4388	4285	4082	3857	3580	3307	3016	2773	2523	2406	
152	5354	59.9	60.0	17	1	1	2	1012	1273	1955	2980	4204	5186	5849	5988	5840	5527	5096	4682	4224	3790	3449	3202	3044	3029	3282	3642	3974	4238	4369	4257	4029	3803	3527	3225	2965	2764	2561	2360	
152	5371	60.0	60.0	17	1	1	2	1015	1278	1950	2979	4165	5240	5842	5938	5867	5456	5085	4645	4207	3778	3446	3151	3039	3033	3273	3616	3999	4230	4325	4242	4012	3787	3520	3196	2923	2731	2528	2371	
152	5388	60.0	60.0	17	1	1	2	1007	1244	1919	2963	4126	5157	5777	5897	5799	5463	5081	4625	4204	3791	3428	3139	3004	3043	3267	3614	3984	4214	4301	4206	4024	3781	3497	3202	2939	2682	2511	2339	
152	5406	60.0	60.0	17	1	1	2	1025	1272	1914	2951	4124	5225	5793	5917	5831	5513	5041	4608	4169	3757	3427	3174	2995	3015	3228	3611	3989	4225	4311	4241	4007	3781	3466	3209	2969	2710	2513	2333	
152	5423	60.0	60.0	17	1	1	2	1007	1266	1918	2979	4096	5183	5792	5901	5743	5429	5040	4615	4181	3734	3432	3137	2980	3032	3249	3550	3929	4196	4288	4190	3964	3750	3482	3223	2933	2771	2515	2323	
152	5440	60.0	60.0	17	1	1	2	1008	1272	1904	2925	4082	5136	5720	5880	5789	5402	5033	4576	4153	3773	3385	3149	2994	2982	3224	3529	3959	4172	4248	4210	3959	3755	3473	3165	2924	2674	2483	2346	
152	5503	95.1	95.0	18	1	0	2	924	1049	1377	1864	2442	2940	3307	3447	3424	3309	3122	2951	2734	2494	2342	2252	2241	2345	2576	2900	3190	3314	3426	3320	3219	3029	2852	2674	2482	2316	2190	2020	
152	5520	95.0	95.0	18	1	0	2	904	1056	1374	1835	2396	2943	3307	3414	3398	3284	3103	2939	2704	2476	2341	2245	2250	2336	2581	2854	3147	3357	3395	3340	3198	3029	2897	2683	2476	2296	2179	2065	
152	5583	59.8	60.1	18	1	1	2	1001	1282	1933	2975	4216	5288	5853	6065	5862	5608	5220	4728	4289	3821	3502	3188	3050	3100	3308	3621	4034	4281	4355	4272	4068	3856	3525	3273	2988	2724	2518	2369	
152	5600	59.9	60.0	18	1	1	2	1010	1245	1920	2976	4176	5252	5815	5970	5847	5527	5098	4673	4248	3843	3438	3181	3020	3067	3276	3580	4025	4185	4327	4232	4020	3816	3493	3254	2978	2707	2556	2361	
152	5617	60.0	60.0	18	1	1	2	1019	1257	1893	2953	4123	5180	5799	5919	5808	5505	5092	4680	4210	3820	3436	3163	2982	3064	3274	3600	3993	4235	4251	4237	4027	3783	3473	3244	2943	2682	2536	2310	
152	5634	59.9	60.0	18	1	1	2	1003	1268	1907	2926	4148	5171	5782	5934	5742	5476	5085	4629	4208	3769	3420	3220	3000	3033	3271	3601	3921	4180	4298	4188	3972	3766	3512	3233	2929	2685	2519	2357	
152	5652	60.0	60.0	18	1	1	2	1013	1273	1923	2915	4143	5155	5762	5890	5804	5437	5038	4591	4166	3757	3420	3155	2966	3015	3241	3584	3952	4194	4280	4164	4017	3722	3492	3197	2933	2711	2521	2324	
152	5669	60.0	60.0	18	1	1	2	1001	1279	1861	2924	4132	5172	5755	5935	5756	5473	5038	4613	4176	3748	3417	3162	3011	3050	3265	3601	3941	4151	4301	4196	4009	3741	3465	3180	2905	2695	2498	2330	
152	5686	60.0	60.0	18	1	1	2	1000	1274	1903	2923	4069	5110	5687	5878	5739	5409	5037	4573	4147	3706	3400	3129	2955	2999	3232	3580	3869	4198	4301	4149	3966	3728	3489	3186	2907	2689	2520	2320	
152	5749	95.2	95.0	19	1	0	2	921	1039	1378	1843	2425	2997	3302	3450	3436	3332	3114	2924	2728	2510	2344	2258	2259	2322	2580	2895	3160	3319	3383	3356	3229	3064	2858	2664	2513	2304	2169	2064	
152	5766	95.0	95.0	19	1	0	2	895	1044	1405	1828	2410	2947	3270	3413	3401	3251	3099	2924	2704	2496	2343	2216	2228	2333	2558	2830	3164	3298	3407	3348	3205	3047	2923	2669	2465	2321	2166	2042	
152	5829	59.9	60.1	19	1	1	2	1020	1262	1945	2976	4186	5240	5873	6023	5877	5564	5182	4700	4250	3828	3466	3195	3028	3075	3313	3642	4068	4246	4354	4270	4097	3848	3565	3239	2981	2734	2563	2400	
152	5846	59.9	60.0	19	1	1	2	999	1263	1913	2972	4143	5179	5851	6051	5831	5491	5090	4671	4258	3789	3471	3162	3029	3026	3265	3608	3971	4220	4302	4219	4042	3789	3512	3207	2968	2698	2519	2345	
152	5863	60.0	60.0	19	1	1	2	1011	1251	1916	2932	4137	5177	5804	5932	5767	5463	5058	4637	4192	3770	3430	3147	2991	3020	3255	3613	3966	4215	4285	4204	4031	3729	3477	3223	2925	2715	2480	2337	
152	5881	60.0	60.0	19	1	1	2	1027	1268	1910	2915	4119	5152	5769	5918	5766	5471	5046	4661	4172	3748	3425	3132	2996	3016	3226	3584	3961	4191	4287	4161	3958	3764	3492	3223	2864	2698	2508	2328	
152	5898	60.0	60.0	19	1	1	2	1018	1266	1909	2940	4135	5133	5722	5906	5756	5448	5042	4606	4177	3746	3428	3161	2976	3010	3227	3560	3961	4196	4276	4179	4000	3775	3482	3186	2928	2682	2502	2328	
152	5915	60.0	60.0	19	1	1	2	996	1246	1910	2901	4104	5152	5761	5889	5743	5406	5021	4581	4165	3728	3392	3127	2972	3012	3233	3575	3947	4142	4250	4149	4021	3693	3480	3221	2928	2708	2521	2334	
152	5932	60.0	60.0	19	1	1	2	1007	1270	1899	2938	4106	5170	5775	5896	5727	5430	5011	4585	4164	3745	3408	3138	2983	2981	3264	3578	3921	4138	4284	4186	3958	3747	3498	3188	2909	2712	2536	2339	
152	5995	95.0	95.0	20	1	0	2	917	1054	1372	1841	2415	2983	3295	3448	3417	3289	3100	2945	2708	2476	2371	2245	2229	2332	2572	2849	3175	3314	3390	3315	3184	3021	2874	2664	2462	2298	2189	2049	
152	6012	95.0	95.0	20	1	0	2	936	1050	1372	1852	2407	2939	3290	3413	3380	3299	3088	2947	2720	2508	2340	2254	2247	2350	2558	2844	3133	3362	3409	3354	3206	3020	2860	2638	2469	2310	2197	2038	
152	6075	59.8	60.1	20	1	1	2	1016	1285	1923	2986	4170	5271	5875	6054	5858	5515	5164	4687	4281	3845	3473	3211	3022	3084	3283	3653	4028	4293	4367	4240	4052	3790	3522	3275	2958	2737	2574	2397	
152	6092	59.9	60.0	20	1	1	2	1004	1249	1904	2953	4168	5195	5816	5954	5799	5503	5107	4613	4200	3798	3448	3148	3025	3017	3237	3647	4023	4214	4290	4248	4018	3781	3477	3222	2968	2726	2522	2338	
152	6109	60.0	60.0	20	1	1	2	1023	1256	1886	2919	4136	5173	5796	5933	5745	5436	5051	4627	4212	3769	3436	3138	3022	3007	3219	3603	3962	4171	4297	4195	4000	3780	3501	3206	2916	2706	2505	2334	
152	6127	59.9	60.0	20	1	1	2	1001	1258	1919	2932	4172	5201	5741	5872	5772	5428	5009	4616	4200	3750	3390	3158	2966	3043	3232	3557	3952	4208	4262	4202	3970	3765	3510	3215	2925	2717	2495	2326	
152	6144	60.0	60.0	20	1	1	2	1000	1240	1908	2900	4108	5186	5731	5887	5743	5416	5003	4605	4126	3713	3394	3131	2992	2989	3217	3541	3928	4185	4279	4166	3963	3726	3460	3191	2909	2692	2505	2359	
152	6161	60.0	60.0	20	1	1	2	1007	1274	1903	2946	4105	5151	5724	5930	5762	5464	5029	4590	4152	3709	3383	3144	2973	3013	3223	3531	3925	4171	4246	4174	3973	3754	3457	3197	2914	2699	2518	2319	
152	6178	60.0	60.0	20	1	1	2	1010	1252	1913	2903	4118	5151	5712	5860	5699	5397	4995	4591	4141	3698	3388	3115	3023	3009	3232	3623	3881	4182	4201	4158	3945	3739	3467	3201	2901	2664	2491	2323	
152	6243	95.1	95.1	21	1	0	2	926	1064	1388	1847	2411	2971	3307	3416	3424	3296	3117	2934	2746	2481	2349	2262	2235	2344	2592	2847	3186	3311	3411	3343	3197	3049	2850	2661	2480	2297	2177	2035	
152	6260	95.0	95.0	21	1	0	2	934	1063	1367	1823	2418	2953	3268	3414	3417	3274	3107	2917	2701	2495	2317	2245	2221	2334	2569	2833	3132	3320	3387	3330	3196	3022	2849	2634	2478	2282	2146	2040	
152	6323	59.9	60.1	21	1	1	2	1010	1253	1911	2976	4193	5271	5852	6015	5882	5554	5111	4684	4287	3810	3478	3177	3033	3071	3288	3657	4016	4241	4365	4265	4043	3803	3525	3233	2992	2749	2549	2372	
152	6340	59.9	60.0	21	1	1	2	1011	1262	1926	2960	4120	5214	5788	5915	5807	5472	5108	4657	4218	3804	3454	3155	3015	3052	3271	3587	3982	4229	4295	4219	4061	3799	3535	3199	2949	2743	2507	2380	
152	6358	59.9	60.0	21	1	1	2	1007	1262	1886	2959	4127	5184	5765	5963	5813	5484	5057	4612	4195	3764	3416	3150	2987	3032	3221	3544	3958	4186	4301	4189	4018	3736	3528	3182	2919	2691	2495	2356	
152	6375	60.0	60.0	21	1	1	2	983	1230	1891	2934	4095	5155	5719	5912	5721	5438	5039	4605	4157	3737	3442	3148	2948	3048	3201	3571	3948	4177	4250	4176	3985	3735	3461	3191	2907	2706	2494	2346	
152	6392	60.0	60.0	21	1	1	2	1001	1253	1936	2941	4124	5148	5755	5916	5719	5399	5024	4596	4180	3774	3375	3117	2959	3012	3232	3595	3946	4179	4239	4157	3970	3773	3461	3199	2932	2689	2526	2316	
152	6409	60.0	60.0	21	1	1	2	1003	1267	1916	2919	4089	5156	5721	5851	5770	5411	5045	4631	4136	3729	3403	3145	2974	2993	3235	3586	3940	4154	4254	4135	3984	3752	3489	3214	2916	2689	2500	2314	
152	6427	60.0	60.0	21	1	1	2	1003	1265	1921	2900	4102	5126	5729	5847	5726	5389	4998	4600	4177	3745	3413	3146	2985	3004	3215	3570	3945	4185	4232	4156	3965	3719	3471	3199	2898	2655	2522	2334	
152	6491	95.1	95.1	22	1	0	2	929	1060	1381	1846	2441	2972	3319	3456	3437	3312	3116	2932	2715	2513	2338	2260	2233	2337	2565	2858	3154	3326	3417	3326	3201	3048	2857	2678	2466	2321	2158	2057	
152	6508	95.0	95.0	22	1	0	2	925	1057	1367	1833	2436	2935	3278	3406	3393	3281	3120	2892	2692	2477	2361	2248	2214	2353	2573	2861	3138	3347	3412	3326	3185	3028	2859	2660	2472	2299	2177	2040	
152	6571	59.8	60.1	22	1	1	2	1005	1263	1929	2956	4212	5251	5890	6040	5915	5547	5141	4735	4281	3790	3483	3212	3019	3052	3282	3638	3989	4272	4370	4279	4068	3751	3555	3290	2986	2742	2542	2383	
152	6588	59.9	60.0	22	1	1	2	997	1261	1926	2936	4102	5177	5805	5987	5765	5490	5075	4675	4206	3771	3443	3169	2986	3059	3236	3580	3978	4216	4296	4184	4008	3791	3492	3238	2954	2722	2493	2327	
152	6606	60.0	60.0	22	1	1	2	1008	1288	1900	2950	4128	5097	5728	5873	5752	5457	5045	4602	4138	3752	3385	3138	3004	3012	3244	3559	3951	4179	4289	4157	3946	3768	3483	3175	2914	2683	2520	2323	
152	6623	59.9	60.0	22	1	1	2	1015	1262	1891	2962	4131	5194	5723	5919	5766	5433	5044	4578	4203	3734	3409	3156	2998	3001	3223	3568	3938	4199	4264	4158	3949	3748	3480	3214	2921	2698	2524	2339	
152	6640	60.0	60.0	22	1	1	2	1002	1256	1895	2926	4084	5140	5724	5901	5782	5412	5055	4582	4177	3726	3429	3099	2969	3006	3239	3573	3944	4166	4225	4180	3982	3736	3452	3197	2914	2696	2490	2310	
152	6657	60.0	60.0	22	1	1	2	1003	1249	1915	2942	4095	5116	5740	5896	5741	5430	5026	4539	4185	3737	3413	3151	2981	3009	3208	3579	3924	4149	4257	4188	3992	3747	3466	3181	2890	2658	2489	2325	
152	6675	60.0	60.0	22	1	1	2	1023	1260	1888	2901	4075	5122	5707	5820	5689	5348	5045	4575	4161	3685	3384	3140	2957	2974	3229	3572	3927	4162	4228	4142	3939	3705	3499	3206	2915	2701	2511	2302	
152	6739	95.0	95.1	23	1	0	2	918	1045	1396	1842	2412	2962	3301	3435	3453	3338	3108	2915	2684	2470	2370	2250	2215	2334	2576	2844	3162	3357	3412	3347	3191	3035	2859	2661	2461	2311	2171	2048	
152	6756	95.0	95.0	23	1	0	2	946	1042	1351	1823	2396	2944	3262	3371	3380	3251	3110	2915	2690	2486	2356	2267	2214	2314	2539	2833	3161	3337	3349	3319	3159	3006	2803	2648	2422	2308	2140	2027	
152	6819	59.9	60.1	23	1	1	2	997	1256	1933	2971	4177	5200	5871	5997	5833	5526	5139	4704	4247	3810	3462	3209	3041	3060	3281	3640	4022	4264	4333	4267	4041	3805	3561	3232	2980	2720	2536	2388	
152	6836	60.0	60.0	23	1	1	2	1009	1250	1946	2929	4128	5170	5816	5943	5801	5480	5040	4607	4204	3769	3448	3171	3022	3030	3253	3567	3954	4169	4289	4221	4006	3745	3464	3204	2926	2695	2498	2363	
152	6854	60.0	60.0	23	1	1	2	1010	1257	1911	2916	4123	5161	5741	5902	5791	5456	5071	4596	4204	3757	3402	3122	2970	3036	3260	3559	3957	4197	4292	4217	3970	3759	3487	3203	2935	2688	2501	2325	
152	6871	60.0	60.0	23	1	1	2	1022	1240	1918	2948	4119	5160	5730	5874	5791	5427	5025	4601	4157	3770	3406	3140	2965	3023	3242	3568	3941	4205	4255	4177	3985	3736	3483	3185	2901	2706	2484	2344	
152	6888	60.0	60.0	23	1	1	2	998	1269	1889	2897	4096	5116	5736	5900	5706	5390	4990	4593	4201	3726	3383	3125	2973	3001	3189	3550	3942	4165	4274	4157	3973	3698	3446	3231	2876	2691	2488	2319	
152	6905	59.9	60.0	23	1	1	2	1000	1236	1891	2942	4090	5088	5773	5844	5716	5438	4965	4582	4184	3717	3404	3122	2988	2993	3246	3564	3908	4132	4245	4161	3953	3725	3461	3221	2920	2663	2494	2324	
152	6923	60.0	60.0	23	1	1	2	999	1257	1896	2892	4074	5095	5752	5874	5708	5404	5025	4586	4165	3723	3394	3093	2975	2979	3203	3543	3912	4136	4266	4148	3928	3726	3441	3199	2904	2652	2483	2308	
152	6985	95.2	95.0	24	1	0	2	934	1065	1375	1826	2450	2951	3304	3425	3412	3347	3133	2921	2717	2498	2350	2266	2228	2334	2586	2860	3183	3330	3416	3339	3234	3033	2861	2670	2456	2305	2172	2031	
152	7002	95.0	95.0	24	1	0	2	926	1042	1382	1822	2422	2940	3327	3412	3361	3287	3094	2924	2711	2532	2349	2262	2201	2311	2540	2852	3135	3306	3386	3331	3188	3036	2852	2659	2454	2315	2167	2023	
152	7064	59.7	60.2	24	1	1	2	1005	1250	1930	2961	4177	5206	5929	6009	5840	5521	5145	4719	4266	3783	3478	3120	3053	3096	3293	3633	4010	4252	4356	4249	4067	3835	3535	3262	2978	2763	2569	2358	
152	7082	59.9	60.0	24	1	1	2	1002	1259	1931	2920	4139	5180	5789	5919	5799	5469	5100	4613	4174	3760	3427	3144	3004	3020	3241	3590	3996	4182	4269	4155	3993	3753	3511	3235	2948	2689	2521	2367	
152	7099	60.0	60.0	24	1	1	2	990	1265	1914	2955	4140	5152	5788	5917	5761	5455	5069	4633	4220	3735	3422	3154	2976	3028	3252	3556	3925	4162	4265	4208	3978	3747	3505	3213	2928	2688	2491	2309	
152	7116	59.9	60.0	24	1	1	2	994	1260	1924	2943	4153	5174	5762	5894	5713	5423	5050	4604	4164	3738	3406	3141	3017	3020	3219	3548	3944	4128	4272	4176	3981	3717	3468	3214	2912	2669	2480	2339	
152	7133	59.9	60.0	24	1	1	2	1003	1267	1882	2954	4133	5169	5750	5887	5757	5447	5014	4603	4155	3727	3393	3098	3004	2999	3206	3547	3921	4131	4250	4174	3959	3701	3462	3171	2901	2683	2502	2331	
152	7151	60.0	60.0	24	1	1	2	998	1268	1880	2884	4099	5086	5730	5863	5693	5412	5008	4606	4131	3709	3408	3135	2977	2971	3213	3524	3904	4129	4231	4164	3948	3671	3457	3157	2913	2682	2481	2341	
152	7168	60.0	60.0	24	1	1	2	1000	1259	1898	2948	4085	5124	5699	5855	5735	5413	4996	4581	4154	3729	3417	3134	2961	3001	3211	3564	3935	4169	4256	4179	3960	3714	3457	3174	2906	2687	2492	2318	
152	7230	95.3	94.9	25	1	0	2	906	1053	1367	1835	2435	2972	3274	3422	3408	3303	3115	2914	2713	2478	2370	2242	2256	2348	2583	2842	3184	3319	3407	3354	3185	3064	2861	2659	2474	2315	2181	2025	
152	7248	95.0	95.0	25	1	0	2	911	1044	1365	1832	2417	2930	3276	3390	3368	3277	3105	2897	2690	2496	2338	2234	2210	2324	2555	2836	3143	3313	3392	3301	3199	3033	2885	2637	2440	2301	2158	2038	
152	7310	59.7	60.2	25	1	1	2	1004	1273	1945	2966	4203	5250	5868	6051	5871	5570	5140	4707	4233	3796	3456	3217	3010	3080	3320	3629	4011	4270	4368	4296	4107	3804	3587	3256	2996	2766	2538	2351	
152	7328	59.9	60.0	25	1	1	2	1004	1280	1924	2915	4149	5222	5818	5922	5790	5448	5069	4646	4226	3753	3402	3180	2990	3027	3268	3572	3954	4200	4257	4217	4008	3752	3505	3203	2942	2690	2496	2368	
152	7345	59.9	60.0	25	1	1	2	1011	1269	1911	2944	4101	5186	5789	5918	5749	5422	5054	4618	4188	3761	3397	3144	2967	2992	3260	3593	3989	4189	4286	4196	3977	3732	3496	3211	2931	2691	2494	2341	
152	7362	60.0	60.0	25	1	1	2	1007	1260	1902	2919	4129	5120	5751	5904	5773	5423	5055	4622	4160	3775	3439	3140	3012	2995	3228	3563	3928	4184	4261	4203	3976	3754	3498	3171	2925	2703	2505	2335	
152	7379	60.0	60.0	25	1	1	2	1013	1258	1908	2948	4113	5163	5737	5894	5718	5396	4944	4623	4175	3727	3416	3124	2990	3012	3193	3540	3936	4196	4280	4151	3990	3675	3474	3169	2914	2682	2499	2316	
152	7397	59.9	60.0	25	1	1	2	1004	1267	1900	2968	4117	5131	5727	5915	5683	5392	5034	4586	4166	3730	3420	3120	2950	3007	3210	3546	3922	4184	4229	4145	3942	3737	3473	3180	2903	2680	2513	2344	
152	7414	60.0	60.0	25	1	1	2	1009	1245	1916	2892	4080	5126	5690	5835	5687	5377	4976	4547	4086	3687	3371	3138	2948	2978	3202	3524	3903	4137	4241	4139	3936	3705	3455	3180	2900	2681	2473	2321	
152	7476	95.2	95.0	26	1	0	2	917	1056	1382	1852	2452	2967	3325	3418	3432	3295	3105	2926	2696	2480	2346	2279	2222	2326	2574	2836	3166	3306	3393	3293	3191	3025	2865	2646	2470	2284	2174	2020	
152	7494	95.0	95.0	26	1	0	2	925	1048	1377	1810	2411	2924	3262	3420	3371	3256	3060	2886	2694	2494	2326	2246	2211	2297	2547	2817	3130	3321	3391	3313	3176	2991	2836	2651	2498	2295	2197	2030	
152	7557	59.8	60.1	26	1	1	2	956	1295	1928	2974	4183	5203	5850	5976	5871	5520	5108	4669	4208	3781	3480	3209	3037	3074	3300	3600	4023	4234	4370	4266	4073	3837	3544	3269	2958	2737	2538	2367	
152	7574	59.9	60.0	26	1	1	2	1015	1265	1898	2961	4172	5190	5785	5929	5838	5486	5054	4658	4197	3786	3473	3169	3006	3029	3258	3622	3959	4162	4321	4183	3994	3745	3475	3196	2948	2724	2533	2335	
152	7591	60.0	60.0	26	1	1	2	1000	1252	1911	2936	4112	5146	5758	5872	5740	5455	5023	4623	4186	3728	3401	3123	2978	3015	3239	3582	3962	4186	4284	4184	3950	3750	3480	3182	2928	2683	2473	2304	
152	7608	59.9	60.0	26	1	1	2	1006	1252	1891	2901	4130	5136	5776	5869	5736	5412	4998	4607	4181	3715	3418	3146	3004	3021	3199	3544	3976	4173	4231	4176	3949	3730	3439	3157	2922	2703	2506	2334	
152	7626	60.0	60.0	26	1	1	2	1003	1268	1911	2912	4092	5083	5717	5832	5743	5425	4989	4566	4173	3725	3350	3141	2975	2982	3217	3533	3926	4173	4253	4149	3954	3734	3450	3183	2884	2692	2488	2351	
152	7643	60.0	60.0	26	1	1	2	1009	1243	1901	2908	4095	5125	5717	5865	5718	5364	4998	4533	4152	3691	3424	3142	2968	2991	3196	3573	3934	4140	4227	4177	3931	3713	3442	3163	2874	2667	2506	2320	
152	7660	60.0	60.0	26	1	1	2	993	1276	1895	2906	4050	5105	5709	5854	5706	5390	4982	4551	4113	3690	3349	3134	2961	2986	3223	3534	3942	4136	4221	4154	3940	3704	3459	3153	2933	2653	2480	2320	
152	7723	95.0	95.0	27	1	0	2	932	1055	1377	1835	2439	2932	3282	3398	3436	3262	3106	2912	2686	2506	2369	2230	2219	2345	2551	2824	3130	3327	3417	3327	3183	3034	2861	2649	2458	2311	2160	2036	
152	7740	95.0	95.0	27	1	0	2	916	1049	1359	1810	2397	2927	3272	3405	3384	3259	3069	2869	2693	2480	2316	2246	2203	2338	2538	2837	3161	3324	3377	3311	3186	3010	2834	2651	2450	2271	2176	2029	
152	7803	59.9	60.1	27	1	1	2	1012	1257	1934	2982	4134	5232	5864	6036	5897	5525	5156	4681	4210	3830	3484	3180	3029	3050	3304	3647	4033	4287	4382	4266	4038	3796	3534	3279	2977	2715	2547	2360	
152	7820	60.0	60.0	27	1	1	2	1007	1253	1927	2934	4151	5196	5838	5940	5837	5520	5043	4648	4209	3768	3436	3169	2996	3035	3263	3581	3957	4190	4318	4202	3995	3771	3516	3185	2916	2698	2521	2321	
152	7837	59.9	60.0	27	1	1	2	981	1278	1914	2944	4103	5154	5809	5881	5813	5437	5034	4640	4120	3756	3425	3137	2956	3031	3238	3522	3888	4176	4272	4145	3926	3770	3489	3203	2933	2694	2526	2321	
152	7854	60.0	60.0	27	1	1	2	1000	1253	1915	2936	4119	5098	5701	5854	5708	5405	4962	4587	4187	3728	3367	3139	2965	2992	3244	3535	3962	4158	4260	4155	3961	3728	3464	3165	2875	2694	2466	2310	
152	7872	60.0	60.0	27	1	1	2	1010	1245	1888	2916	4058	5135	5739	5856	5732	5387	5022	4585	4182	3758	3385	3169	2945	2989	3190	3536	3926	4179	4227	4130	3957	3721	3460	3218	2898	2704	2507	2341	
152	7889	60.0	60.0	27	1	1	2	1001	1253	1915	2907	4071	5146	5742	5810	5708	5403	4988	4578	4135	3705	3403	3105	2988	3019	3227	3583	3915	4150	4235	4168	3949	3708	3500	3181	2898	2686	2461	2293	
152	7906	60.0	60.0	27	1	1	2	1008	1269	1896	2868	4048	5131	5704	5831	5733	5354	5002	4559	4140	3713	3380	3108	2955	2970	3201	3533	3877	4142	4265	4159	3949	3721	3435	3140	2912	2630	2492	2298	
152	7971	95.1	95.1	28	1	0	2	924	1041	1383	1817	2421	2999	3275	3403	3400	3313	3134	2932	2714	2494	2361	2255	2216	2346	2557	2837	3116	3296	3414	3324	3163	3009	2853	2672	2455	2297	2160	2054	
152	7988	95.0	95.0	28	1	0	2	912	1052	1356	1860	2409	2929	3251	3436	3439	3286	3104	2925	2696	2478	2326	2260	2219	2356	2529	2825	3103	3301	3377	3306	3151	3012	2816	2646	2470	2290	2151	2021	
152	8051	59.8	60.1	28	1	1	2	1005	1276	1951	2980	4205	5264	5905	6020	5838	5508	5126	4718	4232	3799	3479	3201	3035	3043	3262	3639	3989	4268	4339	4249	4050	3806	3556	3271	2974	2739	2538	2357	
152	8068	60.0	60.0	28	1	1	2	1004	1261	1900	2916	4144	5201	5797	5962	5747	5509	5042	4675	4227	3764	3435	3166	2986	3043	3248	3543	3966	4188	4274	4186	3987	3766	3510	3218	2933	2696	2494	2331	
152	8085	60.0	60.0	28	1	1	2	1005	1250	1894	2956	4127	5164	5769	5970	5723	5456	5055	4610	4166	3733	3409	3137	2971	3002	3236	3588	3958	4184	4319	4155	3972	3720	3488	3168	2956	2696	2505	2332	
152	8102	60.0	60.0	28	1	1	2	1004	1232	1911	2959	4090	5155	5730	5849	5723	5400	4987	4562	4155	3728	3396	3147	2944	3006	3215	3580	3915	4185	4264	4141	3937	3709	3454	3186	2891	2699	2484	2327	
152	8120	60.0	60.0	28	1	1	2	1012	1260	1897	2909	4107	5140	5701	5836	5753	5402	5034	4564	4160	3754	3403	3153	2977	2977	3202	3555	3916	4139	4250	4137	3965	3702	3452	3168	2891	2661	2478	2312	
152	8137	60.0	60.0	28	1	1	2	993	1262	1904	2911	4095	5108	5737	5804	5662	5364	5024	4540	4137	3753	3393	3134	2968	2963	3195	3531	3933	4157	4265	4166	3963	3698	3454	3183	2923	2681	2479	2336	
152	8154	59.9	60.0	28	1	1	2	1007	1258	1909	2906	4080	5110	5683	5842	5667	5354	4986	4553	4138	3709	3386	3128	2968	3012	3218	3535	3883	4126	4244	4155	3959	3686	3473	3191	2910	2666	2487	2309	
152	8219	95.1	95.1	29	1	0	2	930	1048	1381	1812	2408	2944	3295	3397	3423	3262	3116	2909	2694	2496	2341	2240	2207	2328	2564	2838	3140	3310	3406	3301	3178	3051	2869	2645	2475	2269	2152	2056	
152	8236	95.0	95.0	29	1	0	2	920	1050	1353	1835	2412	2906	3280	3407	3391	3253	3097	2918	2712	2465	2345	2249	2211	2322	2554	2851	3131	3310	3368	3317	3178	2999	2831	2651	2453	2317	2169	1989	
152	8299	59.7	60.1	29	1	1	2	1009	1253	1930	2972	4179	5276	5852	5997	5871	5529	5103	4682	4246	3800	3464	3186	3029	3053	3302	3648	3990	4231	4369	4272	4081	3802	3526	3225	2989	2736	2552	2365	
152	8316	60.0	60.0	29	1	1	2	1001	1268	1900	2929	4111	5187	5736	5923	5807	5417	5069	4633	4206	3749	3408	3157	2989	2991	3236	3607	3963	4194	4268	4196	3983	3769	3479	3227	2924	2666	2507	2320	
152	8333	60.0	60.0	29	1	1	2	1005	1266	1908	2917	4111	5135	5769	5911	5761	5442	5026	4618	4184	3745	3409	3160	2991	2974	3221	3574	3944	4152	4249	4175	3959	3726	3492	3166	2906	2665	2532	2273	
152	8350	60.0	60.0	29	1	1	2	1006	1251	1936	2907	4115	5200	5756	5861	5733	5441	5009	4631	4174	3741	3416	3139	2966	3022	3232	3554	3948	4195	4303	4168	3942	3731	3444	3157	2932	2663	2500	2315	
152	8368	59.9	60.0	29	1	1	2	1016	1241	1909	2920	4055	5101	5730	5808	5718	5401	4995	4577	4157	3678	3403	3107	2972	3004	3214	3529	3939	4159	4226	4169	3952	3708	3456	3155	2918	2659	2480	2302	
152	8385	60.0	60.0	29	1	1	2	1004	1260	1887	2891	4054	5081	5675	5819	5733	5338	5002	4551	4137	3714	3410	3090	2991	2979	3248	3543	3901	4187	4257	4134	3955	3735	3454	3185	2915	2656	2474	2305	
152	8402	60.0	60.0	29	1	1	2	1020	1260	1903	2897	4087	5124	5712	5903	5717	5411	4985	4553	4167	3721	3407	3104	2950	2973	3192	3535	3894	4160	4253	4100	3965	3709	3473	3170	2904	2690	2499	2304	
152	8465	95.0	95.0	30	1	0	2	915	1049	1355	1834	2402	2939	3305	3451	3426	3292	3128	2930	2704	2496	2336	2257	2228	2323	2572	2839	3116	3325	3368	3358	3183	3058	2868	2658	2425	2298	2172	2028	
152	8482	95.0	95.0	30	1	0	2	925	1046	1385	1825	2399	2907	3295	3388	3419	3260	3077	2934	2698	2490	2323	2231	2180	2322	2540	2831	3149	3307	3402	3285	3202	3022	2843	2632	2447	2285	2158	2036	
152	8545	59.8	60.1	30	1	1	2	1014	1268	1932	2959	4220	5262	5867	5958	5896	5521	5148	4688	4236	3811	3494	3198	3016	3057	3292	3633	4017	4259	4353	4272	4098	3832	3582	3247	2989	2733	2558	2364	
152	8562	60.0	60.0	30	1	1	2	1005	1284	1918	2942	4140	5220	5774	5941	5825	5471	5038	4652	4208	3778	3474	3151	3000	3045	3241	3560	3954	4181	4294	4186	3997	3755	3486	3186	2910	2727	2491	2327	
152	8579	60.0	60.0	30	1	1	2	998	1255	1899	2919	4084	5158	5761	5906	5774	5476	5035	4617	4186	3755	3429	3147	3012	3002	3228	3559	3951	4195	4231	4217	3984	3800	3481	3202	2933	2683	2516	2316	
152	8597	60.0	60.0	30	1	1	2	1005	1252	1943	2928	4110	5179	5774	5889	5764	5445	5037	4603	4167	3715	3405	3170	2947	3023	3234	3593	3925	4164	4263	4178	3962	3746	3483	3217	2934	2692	2501	2317	
152	8614	59.9	60.0	30	1	1	2	1006	1251	1927	2924	4102	5176	5767	5833	5736	5434	5059	4586	4158	3750	3379	3116	2982	3042	3219	3533	3883	4154	4273	4198	3976	3751	3471	3199	2883	2664	2493	2285	
152	8631	59.9	60.0	30	1	1	2	1018	1262	1902	2888	4072	5100	5721	5847	5717	5406	5040	4609	4153	3750	3416	3130	2977	3015	3201	3534	3925	4149	4308	4161	3959	3706	3435	3216	2910	2668	2481	2312	
152	8648	59.9	60.0	30	1	1	2	1008	1253	1922	2889	4103	5079	5721	5827	5682	5377	4989	4581	4160	3729	3425	3125	2976	2995	3200	3542	3924	4124	4229	4131	3924	3704	3430	3184	2901	2662	2457	2284	
152	8713	95.1	95.1	31	1	0	2	922	1077	1378	1835	2444	2976	3300	3424	3405	3314	3099	2925	2713	2482	2362	2248	2228	2342	2553	2844	3144	3316	3406	3314	3182	3055	2852	2629	2489	2306	2155	2011	
152	8730	95.0	95.0	31	1	0	2	920	1055	1358	1837	2387	2909	3269	3399	3382	3271	3097	2888	2706	2474	2334	2221	2236	2323	2560	2850	3143	3282	3351	3314	3183	3008	2832	2658	2448	2290	2171	2038	
152	8793	59.8	60.1	31	1	1	2	1014	1255	1930	2990	4190	5268	5906	6031	5869	5551	5134	4740	4245	3822	3474	3191	3015	3080	3284	3622	3994	4279	4342	4285	4051	3834	3531	3292	2968	2737	2554	2385	
152	8810	59.9	60.0	31	1	1	2	998	1264	1909	2927	4162	5180	5835	5950	5806	5499	5112	4613	4180	3750	3459	3177	2976	3025	3257	3594	3956	4186	4307	4207	3994	3750	3487	3228	2929	2707	2489	2369	
152	8827	59.9	60.0	31	1	1	2	993	1253	1931	2929	4147	5201	5768	5955	5796	5481	5092	4601	4182	3773	3417	3142	2953	3029	3233	3543	3937	4170	4280	4169	3978	3746	3482	3197	2898	2692	2482	2336	
152	8845	60.0	60.0	31	1	1	2	1017	1270	1909	2955	4099	5144	5778	5886	5731	5414	5019	4579	4176	3751	3406	3147	2981	2997	3214	3538	3911	4162	4252	4176	3954	3720	3448	3213	2872	2696	2499	2320	
152	8862	59.9	60.0	31	1	1	2	1010	1254	1910	2925	4113	5149	5742	5920	5729	5440	5047	4576	4183	3734	3405	3133	2956	2999	3215	3534	3910	4165	4230	4145	3957	3767	3432	3162	2913	2698	2510	2332	
152	8879	60.0	60.0	31	1	1	2	1004	1256	1893	2914	4138	5148	5726	5906	5728	5416	4990	4618	4156	3712	3392	3171	2993	2986	3224	3547	3957	4146	4255	4110	3975	3692	3488	3157	2912	2659	2517	2333	
152	8896	60.0	60.0	31	1	1	2	1003	1268	1904	2911	4103	5113	5712	5837	5762	5402	5043	4549	4119	3736	3388	3114	2971	2966	3198	3553	3931	4161	4268	4158	3947	3724	3456	3149	2883	2680	2497	2312	
152	8959	95.3	95.0	32	1	0	2	932	1036	1362	1849	2446	2953	3316	3385	3449	3304	3124	2960	2704	2493	2366	2253	2228	2344	2569	2843	3142	3292	3391	3347	3164	3035	2883	2672	2440	2318	2158	2004	
152	8976	95.0	95.0	32	1	0	2	921	1051	1369	1854	2426	2960	3264	3433	3441	3319	3103	2903	2712	2486	2349	2251	2231	2320	2547	2828	3123	3310	3366	3308	3195	2990	2851	2684	2473	2306	2166	2034	
152	9039	59.7	60.1	32	1	1	2	1004	1250	1937	2970	4196	5274	5906	6018	5897	5554	5139	4679	4279	3832	3436	3193	3032	3088	3317	3634	4016	4285	4376	4263	4047	3804	3510	3212	2960	2709	2537	2385	
152	9056	59.9	60.0	32	1	1	2	1024	1259	1916	2966	4184	5230	5857	5971	5827	5472	5113	4673	4219	3782	3433	3195	3015	3044	3281	3599	3972	4179	4283	4220	4024	3759	3535	3182	2925	2696	2528	2330	
152	9073	59.9	60.0	32	1	1	2	1007	1272	1931	2918	4136	5171	5779	5934	5807	5493	5046	4630	4217	3734	3440	3140	2968	3012	3253	3576	3955	4204	4233	4190	3949	3721	3445	3196	2897	2738	2512	2317	
152	9091	59.9	60.0	32	1	1	2	987	1273	1919	2910	4119	5151	5770	5895	5730	5449	5037	4643	4164	3760	3421	3138	3017	3024	3244	3584	3943	4184	4250	4203	3934	3746	3448	3172	2921	2694	2505	2329	
152	9108	59.9	60.0	32	1	1	2	1000	1240	1924	2928	4109	5135	5783	5925	5745	5496	5024	4615	4148	3720	3410	3132	2979	3024	3237	3560	3946	4150	4268	4178	3959	3725	3469	3151	2894	2689	2498	2314	
152	9125	59.9	60.0	32	1	1	2	1007	1243	1930	2904	4124	5124	5767	5873	5783	5439	5009	4580	4159	3765	3392	3141	2967	3002	3187	3537	3920	4141	4227	4151	3915	3731	3484	3172	2910	2669	2464	2316	
152	9142	60.0	60.0	32	1	1	2	1003	1257	1918	2912	4108	5148	5740	5871	5703	5413	5000	4563	4122	3727	3399	3136	2974	2996	3184	3509	3910	4110	4234	4136	3923	3708	3423	3148	2895	2654	2491	2279	
152	9205	95.1	95.0	33	1	0	2	923	1063	1371	1845	2428	2981	3308	3396	3449	3320	3103	2943	2738	2478	2336	2271	2231	2325	2553	2827	3144	3298	3379	3317	3185	3041	2829	2646	2452	2296	2143	2048	
152	9222	95.0	95.0	33	1	0	2	919	1048	1364	1843	2403	2964	3292	3412	3408	3301	3116	2896	2694	2498	2312	2252	2245	2321	2542	2815	3132	3298	3361	3324	3128	3021	2803	2629	2464	2291	2170	2030	
152	9285	59.8	60.1	33	1	1	2	1014	1270	1948	2984	4218	5304	5922	6096	5947	5611	5205	4746	4254	3865	3506	3239	3068	3061	3301	3643	4025	4276	4363	4292	4091	3814	3557	3266	2976	2748	2554	2317	
152	9302	60.0	60.0	33	1	1	2	1008	1280	1925	2966	4180	5219	5834	5968	5860	5499	5109	4663	4152	3765	3465	3180	2997	3018	3244	3599	3976	4197	4289	4232	3985	3757	3485	3225	2936	2728	2509	2330	
152	9320	59.9	60.0	33	1	1	2	1013	1288	1913	2954	4142	5255	5827	5966	5832	5522	5087	4616	4250	3792	3424	3175	3078	3055	3234	3579	3957	4164	4298	4179	4033	3772	3518	3208	2920	2688	2509	2329	
152	9337	59.9	60.0	33	1	1	2	1002	1248	1928	2930	4176	5193	5807	5941	5747	5440	5083	4609	4196	3747	3446	3131	2999	2997	3250	3575	3942	4205	4236	4168	3977	3740	3492	3165	2926	2709	2475	2326	
152	9354	60.0	60.0	33	1	1	2	1003	1264	1913	2956	4112	5151	5760	5954	5784	5445	5099	4592	4207	3766	3410	3154	2963	3038	3218	3556	3925	4175	4261	4172	3988	3728	3489	3174	2898	2688	2482	2317	
152	9371	59.9	60.0	33	1	1	2	1000	1270	1893	2944	4105	5162	5731	5932	5774	5464	5063	4621	4212	3780	3417	3150	2973	3036	3246	3566	3964	4156	4250	4165	3977	3732	3476	3175	2908	2678	2481	2340	
152	9389	60.0	60.0	33	1	1	2	1008	1258	1891	2922	4105	5149	5795	5914	5728	5431	5065	4587	4152	3790	3432	3168	2983	3017	3194	3590	3922	4159	4211	4158	3939	3712	3461	3178	2871	2663	2480	2337	
152	9451	95.1	95.0	34	1	0	2	927	1046	1358	1872	2460	2993	3353	3479	3478	3377	3134	2938	2734	2527	2355	2250	2236	2355	2577	2835	3158	3306	3381	3279	3180	3052	2852	2663	2450	2287	2163	2025	
152	9468	95.0	95.0	34	1	0	2	931	1035	1363	1846	2444	2998	3320	3453	3438	3300	3144	2959	2730	2517	2360	2250	2250	2367	2568	2850	3168	3340	3399	3303	3222	3013	2844	2671	2458	2281	2164	2009	
152	9531	59.7	60.1	34	1	1	2	1004	1264	1945	3011	4228	5293	5978	6141	5962	5657	5235	4772	4306	3896	3534	3231	3089	3107	3248	3669	4027	4241	4374	4268	4104	3836	3561	3272	2964	2743	2559	2384	
152	9548	59.9	60.0	34	1	1	2	1015	1277	1920	2952	4192	5272	5905	6004	5910	5551	5108	4744	4261	3834	3497	3177	3014	3004	3286	3597	4013	4200	4284	4184	3978	3759	3536	3191	2940	2732	2514	2366	
152	9566	60.0	60.0	34	1	1	2	1007	1254	1942	3013	4196	5225	5878	6000	5878	5582	5072	4682	4243	3856	3503	3180	2982	3070	3276	3598	3947	4193	4281	4180	4000	3767	3487	3200	2897	2720	2513	2314	
152	9583	60.0	60.0	34	1	1	2	1012	1278	1932	2967	4179	5252	5842	6014	5814	5563	5109	4711	4234	3828	3455	3165	3016	3067	3265	3567	3964	4226	4263	4186	3978	3740	3476	3191	2905	2693	2481	2317	
152	9600	59.9	60.0	34	1	1	2	1000	1285	1923	2962	4182	5182	5862	5971	5850	5500	5092	4665	4255	3802	3408	3175	3020	2988	3257	3576	3965	4213	4253	4204	3960	3735	3461	3224	2912	2684	2493	2289	
152	9617	60.0	60.0	34	1	1	2	985	1241	1918	2969	4183	5195	5852	5972	5837	5518	5091	4722	4195	3807	3492	3180	3002	3024	3276	3577	3940	4178	4244	4160	3962	3765	3442	3175	2914	2706	2480	2324	
152	9635	60.0	60.0	34	1	1	2	1010	1242	1911	2929	4164	5225	5808	5949	5802	5487	5075	4631	4185	3770	3448	3165	3000	3055	3257	3585	3947	4171	4247	4152	3962	3743	3441	3188	2892	2681	2440	2329	
152	9699	95.2	95.1	35	1	0	2	920	1059	1384	1872	2463	3023	3393	3477	3444	3347	3195	2991	2757	2539	2387	2275	2274	2344	2596	2845	3149	3329	3387	3281	3165	3032	2847	2664	2470	2293	2160	2030	
152	9716	95.0	95.0	35	1	0	2	939	1054	1373	1844	2479	2984	3337	3472	3475	3372	3155	2965	2750	2529	2396	2268	2239	2333	2586	2851	3139	3327	3378	3319	3185	3046	2841	2664	2477	2303	2149	2002	
152	9779	59.8	60.1	35	1	1	2	999	1282	1961	3007	4315	5417	6090	6197	6060	5671	5272	4860	4359	3915	3560	3258	3098	3108	3328	3676	4032	4271	4355	4253	4041	3814	3552	3262	2967	2723	2538	2360	
152	9797	60.0	60.0	35	1	1	2	1018	1265	1942	3027	4256	5368	5968	6116	5991	5647	5235	4785	4327	3887	3489	3212	3072	3096	3284	3580	3992	4237	4320	4222	4018	3736	3540	3228	2930	2733	2519	2326	
152	9814	60.0	60.0	35	1	1	2	1013	1252	1936	3006	4259	5323	5944	6092	5936	5624	5257	4794	4331	3844	3525	3244	3058	3100	3312	3594	3985	4230	4319	4168	3997	3760	3511	3201	2950	2688	2509	2350	
152	9831	60.0	60.0	35	1	1	2	1008	1275	1959	3023	4239	5312	5966	6060	5931	5620	5198	4704	4336	3831	3503	3218	3043	3066	3307	3581	3966	4221	4314	4168	3965	3765	3513	3226	2938	2692	2489	2358	
152	9848	60.0	60.0	35	1	1	2	1014	1272	1933	2994	4225	5308	5936	6047	5894	5615	5210	4719	4292	3838	3515	3201	3024	3042	3259	3590	3921	4192	4284	4179	3951	3775	3480	3185	2923	2690	2516	2297	
152	9866	60.0	60.0	35	1	1	2	1026	1248	1930	3002	4212	5307	5953	6095	5904	5611	5178	4786	4283	3844	3543	3216	3039	3073	3295	3654	3944	4204	4264	4195	3972	3753	3472	3193	2925	2671	2515	2326	
152	9883	59.9	60.0	35	1	1	2	1012	1279	1947	3002	4220	5287	5928	6056	5915	5579	5200	4740	4295	3831	3464	3241	3058	3043	3292	3589	3960	4171	4283	4143	3963	3709	3471	3180	2909	2689	2461	2338	
152	9947	95.1	95.1	36	1	0	2	924	1067	1401	1875	2480	3070	3438	3587	3554	3406	3232	3050	2832	2569	2404	2302	2279	2346	2591	2874	3224	3318	3399	3353	3168	3020	2859	2636	2474	2296	2193	2052	
152	9965	95.0	95.0	36	1	0	2	914	1054	1380	1909	2483	3043	3420	3546	3488	3430	3239	3006	2823	2541	2410	2278	2260	2356	2592	2840	3144	3341	3386	3336	3185	3018	2862	2692	2488	2298	2152	2056	
152	10027	59.8	60.1	36	1	1	2	1024	1285	2014	3099	4398	5549	6230	6383	6237	5914	5463	4981	4481	3984	3672	3356	3161	3174	3393	3717	4064	4303	4360	4290	4051	3864	3565	3265	2995	2755	2562	2381	
152	10045	60.0	60.0	36	1	1	2	1013	1291	1989	3082	4369	5547	6181	6329	6167	5800	5396	4934	4484	4001	3621	3342	3143	3164	3361	3657	4047	4267	4373	4258	4064	3785	3493	3302	2988	2733	2533	2383	
152	10062	60.0	60.0	36	1	1	2	1021	1299	1998	3078	4367	5533	6179	6282	6188	5806	5348	4897	4450	4002	3614	3291	3131	3117	3299	3638	4052	4256	4381	4241	4032	3786	3513	3246	2946	2687	2526	2331	
152	10079	60.0	60.0	36	1	1	2	1015	1292	1953	3057	4362	5451	6107	6306	6135	5792	5345	4917	4442	3969	3614	3299	3093	3118	3336	3634	4000	4217	4305	4214	4017	3788	3523	3206	2915	2712	2544	2322	
152	10096	60.0	60.0	36	1	1	2	1023	1269	1977	3072	4353	5486	6109	6319	6168	5779	5328	4858	4433	3969	3632	3270	3109	3131	3358	3606	4031	4192	4356	4229	4031	3753	3504	3232	2925	2703	2511	2336	
152	10114	59.9	60.0	36	1	1	2	1023	1292	1996	3045	4348	5468	6123	6275	6121	5761	5344	4888	4412	3960	3608	3299	3108	3109	3290	3638	3948	4221	4316	4208	3999	3780	3515	3194	2922	2704	2506	2345	
152	10131	60.0	60.0	36	1	1	2	1011	1292	1986	3080	4337	5471	6130	6232	6084	5767	5329	4874	4427	3945	3588	3284	3090	3090	3320	3644	3995	4187	4294	4205	3969	3729	3495	3160	2929	2692	2493	2340	
152	10193	95.1	95.0	37	1	0	2	925	1087	1430	1947	2594	3175	3564	3714	3700	3602	3362	3142	2952	2685	2502	2356	2337	2419	2643	2920	3198	3352	3474	3311	3160	3066	2904	2675	2512	2323	2209	2042	
152	10211	95.0	95.0	37	1	0	2	931	1068	1410	1934	2593	3148	3586	3688	3642	3585	3375	3108	2874	2679	2497	2359	2323	2428	2644	2913	3181	3386	3420	3336	3229	3030	2885	2678	2502	2313	2168	2064	
152	10273	59.9	60.1	37	1	1	2	1044	1328	2045	3216	4616	5856	6530	6631	6550	6183	5695	5199	4647	4174	3814	3471	3251	3280	3468	3767	4168	4347	4523	4355	4098	3877	3610	3303	2993	2795	2590	2377	
152	10291	59.9	60.0	37	1	1	2	1031	1308	2064	3218	4614	5807	6492	6630	6517	6125	5651	5169	4661	4176	3752	3464	3237	3249	3454	3776	4123	4356	4396	4326	4092	3832	3584	3297	2982	2701	2542	2374	
152	10308	59.9	60.0	37	1	1	2	1020	1308	2049	3204	4569	5762	6413	6636	6479	6075	5627	5143	4652	4131	3747	3449	3215	3211	3423	3720	4095	4298	4359	4281	4033	3828	3539	3234	2968	2729	2565	2342	
152	10325	59.9	60.0	37	1	1	2	1004	1308	2051	3189	4584	5772	6432	6578	6455	6073	5626	5127	4615	4131	3777	3448	3210	3204	3401	3680	4067	4290	4397	4258	4065	3810	3541	3260	2973	2744	2559	2354	
152	10342	60.0	60.0	37	1	1	2	1032	1304	2053	3219	4548	5751	6399	6567	6450	6081	5607	5147	4632	4179	3720	3410	3218	3216	3416	3696	4109	4262	4360	4222	4049	3837	3534	3256	2951	2738	2487	2354	
152	10360	60.0	60.0	37	1	1	2	1032	1315	2061	3224	4541	5714	6439	6596	6419	6044	5598	5081	4610	4155	3743	3388	3189	3211	3422	3730	4084	4283	4335	4237	4054	3798	3515	3245	2957	2734	2511	2363	
152	10377	60.0	60.0	37	1	1	2	1001	1347	2056	3185	4559	5687	6373	6563	6425	6047	5623	5081	4614	4136	3712	3410	3223	3214	3395	3682	4078	4281	4389	4212	4049	3763	3508	3212	2925	2753	2511	2326	
152	10442	95.1	95.1	38	1	0	2	946	1081	1465	2020	2714	3361	3797	3936	3952	3786	3583	3333	3052	2798	2621	2494	2400	2488	2676	2977	3242	3407	3501	3416	3266	3122	2913	2700	2497	2361	2195	2082	
152	10459	95.0	95.0	38	1	0	2	936	1106	1455	2059	2726	3339	3749	3927	3878	3746	3583	3308	3055	2791	2583	2484	2411	2473	2709	2923	3235	3401	3475	3433	3243	3072	2901	2695	2491	2330	2166	2052	
152	10522	59.7	60.1	38	1	1	2	1039	1350	2146	3397	4907	6249	7018	7167	6997	6646	6119	5574	5022	4489	4037	3663	3410	3382	3604	3893	4274	4452	4516	4390	4180	3939	3638	3350	3075	2782	2620	2421	
152	10539	59.9	60.0	38	1	1	2	1047	1352	2153	3403	4900	6211	6920	7152	6960	6531	6099	5515	4981	4437	3992	3634	3400	3358	3538	3840	4210	4370	4429	4346	4131	3905	3614	3330	3020	2782	2576	2387	
152	10556	60.0	60.0	38	1	1	2	1038	1357	2162	3392	4890	6140	6882	7129	6936	6496	6051	5472	4977	4422	3976	3610	3377	3353	3524	3864	4163	4362	4446	4316	4125	3877	3580	3278	3003	2784	2565	2376	
152	10573	60.0	60.0	38	1	1	2	1046	1328	2135	3409	4835	6149	6916	7052	6893	6558	5994	5470	4962	4371	3965	3614	3333	3372	3553	3796	4135	4335	4414	4332	4074	3847	3562	3270	3008	2746	2577	2393	
152	10591	59.9	60.0	38	1	1	2	1042	1349	2148	3411	4826	6130	6909	7055	6930	6567	6040	5502	4984	4422	3984	3613	3393	3363	3506	3827	4225	4391	4424	4344	4071	3857	3540	3283	2970	2753	2549	2392	
152	10608	60.0	60.0	38	1	1	2	1035	1350	2151	3398	4849	6104	6949	7101	6928	6517	6019	5446	4938	4401	3976	3620	3387	3358	3528	3813	4164	4357	4428	4326	4107	3855	3591	3295	3010	2724	2573	2377	
152	10625	59.9	60.0	38	1	1	2	1039	1353	2141	3374	4800	6103	6868	7047	6888	6504	5937	5458	4921	4381	3984	3604	3351	3366	3507	3803	4109	4373	4420	4329	4079	3831	3557	3264	2975	2749	2572	2357	
152	10690	95.1	95.1	39	1	0	2	946	1116	1537	2164	2972	3683	4190	4315	4315	4159	3851	3596	3348	3007	2822	2626	2576	2623	2842	3062	3325	3479	3538	3449	3296	3124	2936	2762	2545	2353	2213	2088	
152	10707	95.0	95.0	39	1	0	2	948	1110	1534	2149	2934	3603	4138	4266	4260	4121	3860	3567	3277	2996	2822	2625	2559	2609	2765	3066	3307	3445	3550	3452	3321	3104	2912	2717	2502	2362	2232	2075	
152	10770	59.8	60.1	39	1	1	2	1076	1416	2261	3699	5303	6780	7579	7812	7628	7157	6632	6052	5436	4837	4351	3898	3631	3620	3731	4010	4382	4581	4618	4480	4281	4005	3728	3391	3079	2851	2642	2442	
152	10787	59.9	60.0	39	1	1	2	1080	1400	2305	3678	5300	6779	7586	7788	7640	7151	6602	6025	5441	4786	4294	3912	3603	3557	3715	4023	4308	4510	4583	4439	4219	3949	3659	3381	3087	2832	2622	2446	
152	10804	60.0	60.0	39	1	1	2	1073	1399	2288	3654	5299	6727	7557	7807	7602	7173	6562	5985	5413	4738	4283	3921	3645	3557	3701	3957	4309	4452	4557	4432	4220	3928	3679	3351	3033	2781	2625	2413	
152	10821	60.0	60.0	39	1	1	2	1062	1407	2272	3664	5303	6674	7501	7752	7585	7137	6579	6005	5383	4811	4317	3909	3597	3543	3718	3964	4299	4482	4548	4420	4190	3988	3649	3349	3044	2776	2621	2397	
152	10839	60.0	60.0	39	1	1	2	1060	1412	2272	3652	5276	6661	7566	7702	7481	7133	6558	5922	5329	4763	4272	3892	3580	3545	3688	3979	4325	4494	4536	4381	4167	3907	3656	3326	3044	2783	2576	2411	
152	10856	59.9	60.0	39	1	1	2	1069	1406	2288	3652	5272	6697	7532	7772	7559	7115	6573	5949	5352	4776	4320	3895	3578	3538	3715	3951	4298	4464	4550	4455	4152	3910	3647	3328	3036	2779	2618	2395	
152	10873	60.0	60.0	39	1	1	2	1076	1404	2289	3658	5271	6661	7542	7710	7549	7114	6544	5911	5399	4801	4292	3913	3598	3505	3688	3964	4263	4479	4497	4422	4177	3902	3622	3325	3023	2822	2578	2422	
152	10936	95.1	95.0	40	1	0	2	978	1160	1628	2353	3274	4086	4602	4779	4773	4585	4297	3985	3665	3331	3054	2861	2726	2770	2946	3202	3456	3575	3607	3532	3379	3217	2970	2788	2567	2399	2266	2086	
152	10953	95.0	95.0	40	1	0	2	944	1154	1642	2346	3229	4038	4562	4780	4751	4583	4271	3967	3608	3281	3032	2844	2728	2780	2897	3119	3411	3553	3621	3482	3369	3167	2988	2791	2570	2403	2264	2114	
152	11016	59.8	60.1	40	1	1	2	1084	1447	2402	3967	5735	7346	8276	8541	8329	7806	7218	6521	5888	5198	4694	4230	3901	3785	3914	4176	4506	4705	4714	4555	4351	4043	3773	3444	3145	2885	2701	2494	
152	11033	59.9	60.0	40	1	1	2	1095	1465	2409	3931	5739	7323	8304	8536	8351	7866	7266	6564	5895	5222	4655	4215	3876	3749	3873	4171	4454	4656	4697	4564	4314	4044	3707	3444	3165	2878	2653	2480	
152	11050	59.9	60.0	40	1	1	2	1096	1461	2441	3997	5754	7340	8309	8505	8364	7860	7218	6556	5928	5193	4670	4213	3872	3771	3902	4139	4456	4595	4653	4557	4262	4006	3695	3411	3154	2874	2640	2474	
152	11067	60.0	60.0	40	1	1	2	1110	1474	2440	3953	5753	7357	8290	8512	8319	7831	7211	6549	5880	5178	4800	4173	3888	3782	3901	4127	4413	4637	4652	4480	4257	4000	3718	3404	3086	2864	2663	2447	
152	11085	60.0	60.0	40	1	1	2	1095	1470	2436	3968	5724	7326	8301	8500	8281	7812	7221	6543	5873	5202	4665	4231	3848	3775	3947	4126	4456	4624	4665	4527	4248	3985	3739	3408	3114	2834	2657	2460	
152	11102	60.0	60.0	40	1	1	2	1088	1493	2435	3935	5739	7358	8319	8491	8285	7835	7213	6523	5877	5203	4656	4209	3852	3762	3958	4157	4465	4630	4645	4531	4277	3980	3701	3386	3108	2874	2673	2439	
152	11119	60.0	60.0	40	1	1	2	1088	1466	2411	3949	5696	7331	8257	8511	8266	7763	7202	6521	5870	5187	4682	4200	3870	3780	3904	4159	4486	4629	4639	4526	4258	3986	3727	3381	3096	2848	2637	2453	
