Well	Time (1/2 s)	Block Temp	Sample Temp	Repetition	PCR Stage	Extension	Scale	B1	B2	B3	B4	B5	B6	B7	B8	B9	B10	B11	B12	B13	B14	B15	B16	B17	B18	B19	B20	B21	B22	B23	B24	B25	B26	B27	B28	B29	B30	B31	B32
146	109	94.9	95.0	1	0	0	2	930	1050	1370	1857	2459	2992	3345	3502	3495	3352	3212	2968	2752	2532	2388	2266	2288	2373	2644	2914	3256	3426	3498	3470	3286	3154	2957	2694	2529	2372	2193	2067	
146	126	95.0	95.0	1	0	0	2	913	1042	1354	1857	2458	2981	3356	3438	3401	3330	3141	2923	2718	2527	2407	2273	2261	2384	2605	2913	3244	3416	3464	3421	3267	3111	2942	2731	2528	2362	2216	2074	
146	143	95.0	95.0	1	0	0	2	930	1047	1366	1860	2475	2970	3337	3439	3408	3334	3138	2940	2707	2512	2378	2296	2226	2380	2609	2920	3220	3396	3497	3409	3273	3107	2921	2698	2518	2377	2206	2071	
146	160	95.0	95.0	1	0	0	2	912	1034	1341	1849	2428	2964	3324	3441	3408	3285	3158	2914	2712	2525	2366	2270	2259	2373	2596	2912	3240	3413	3491	3421	3257	3123	2940	2709	2509	2367	2206	2069	
146	178	95.0	95.0	1	0	0	2	924	1037	1349	1843	2451	2987	3332	3449	3439	3302	3147	2937	2716	2511	2388	2270	2274	2384	2600	2942	3222	3411	3465	3431	3281	3119	2909	2738	2522	2353	2207	2077	
146	195	95.0	95.0	1	0	0	2	921	1053	1350	1846	2425	2985	3304	3424	3444	3290	3133	2938	2749	2507	2356	2275	2247	2374	2595	2889	3204	3438	3481	3427	3276	3107	2945	2735	2519	2352	2200	2094	
146	212	95.0	95.0	1	0	0	2	933	1048	1341	1849	2431	2968	3326	3417	3431	3334	3151	2935	2704	2516	2367	2265	2272	2345	2624	2940	3234	3384	3490	3395	3249	3109	2888	2730	2520	2349	2219	2059	
146	229	95.0	95.0	1	0	0	2	928	1033	1357	1852	2458	2965	3335	3445	3434	3366	3145	2925	2712	2532	2333	2268	2261	2364	2609	2924	3219	3411	3499	3433	3313	3098	2919	2726	2522	2367	2219	2081	
146	247	95.0	95.0	1	0	0	2	918	1038	1360	1861	2440	2991	3333	3449	3441	3317	3145	2919	2730	2535	2367	2283	2238	2372	2635	2940	3261	3415	3507	3428	3262	3103	2912	2714	2543	2372	2195	2093	
146	264	95.0	95.0	1	0	0	2	913	1048	1345	1840	2447	2960	3318	3425	3457	3296	3124	2917	2765	2479	2375	2252	2246	2393	2612	2941	3240	3426	3497	3438	3292	3086	2935	2742	2523	2337	2230	2061	
146	281	94.9	95.0	1	0	0	2	926	1051	1365	1831	2419	2975	3352	3471	3440	3318	3092	2943	2712	2509	2369	2276	2280	2377	2636	2918	3257	3436	3504	3394	3257	3102	2925	2712	2524	2357	2217	2094	
146	298	95.0	95.0	1	0	0	2	943	1063	1359	1861	2440	2987	3344	3458	3433	3304	3171	2939	2728	2519	2369	2273	2271	2382	2643	2962	3245	3420	3492	3448	3322	3107	2933	2747	2527	2362	2222	2072	
146	316	95.0	95.0	1	0	0	2	935	1047	1354	1845	2434	2992	3309	3444	3433	3313	3123	2930	2743	2533	2369	2260	2272	2379	2623	2934	3245	3457	3507	3472	3280	3116	2937	2721	2536	2334	2231	2065	
146	333	95.0	95.0	1	0	0	2	927	1053	1327	1872	2474	2992	3319	3417	3450	3341	3153	2927	2741	2551	2401	2290	2280	2385	2628	2939	3256	3449	3494	3418	3299	3122	2916	2735	2514	2386	2210	2077	
146	350	95.0	95.0	1	0	0	2	931	1045	1356	1857	2435	2964	3338	3468	3463	3332	3159	2938	2739	2507	2376	2272	2276	2397	2621	2928	3233	3434	3519	3443	3286	3122	2940	2731	2564	2366	2189	2080	
146	367	95.0	95.0	1	0	0	2	926	1049	1376	1857	2442	2986	3352	3460	3468	3338	3177	2927	2736	2533	2404	2315	2264	2367	2621	2960	3273	3450	3515	3451	3281	3126	2952	2711	2495	2347	2230	2103	
146	385	95.0	95.0	1	0	0	2	926	1049	1356	1844	2488	2988	3345	3417	3461	3341	3135	2957	2740	2524	2375	2298	2264	2384	2650	2943	3233	3444	3510	3444	3294	3160	2935	2757	2542	2376	2232	2076	
146	402	95.0	95.0	1	0	0	2	942	1061	1363	1889	2469	2956	3387	3475	3485	3326	3137	2961	2741	2534	2391	2275	2254	2388	2644	2938	3262	3434	3498	3447	3324	3113	2950	2748	2554	2384	2222	2100	
146	419	95.0	95.0	1	0	0	2	926	1046	1339	1895	2454	2991	3380	3469	3477	3300	3153	2927	2779	2513	2412	2300	2266	2347	2629	2951	3276	3449	3506	3441	3340	3138	2948	2757	2528	2372	2249	2086	
146	436	95.0	95.0	1	0	0	2	925	1059	1363	1859	2458	3042	3345	3465	3461	3337	3167	2912	2761	2525	2389	2295	2307	2380	2649	2957	3262	3445	3481	3418	3293	3131	2913	2715	2552	2378	2222	2088	
146	454	95.0	95.0	1	0	0	2	939	1055	1373	1848	2446	3004	3351	3458	3413	3329	3111	2973	2768	2562	2386	2291	2281	2384	2649	2947	3279	3428	3532	3429	3326	3153	2951	2767	2530	2387	2220	2080	
146	471	95.0	95.0	1	0	0	2	893	1054	1349	1868	2450	2989	3345	3484	3435	3344	3165	2969	2736	2561	2406	2271	2266	2408	2624	2931	3267	3468	3528	3468	3298	3152	2959	2744	2577	2372	2254	2087	
146	488	95.0	95.0	1	0	0	2	921	1046	1354	1856	2449	3019	3334	3460	3457	3330	3178	2972	2758	2541	2385	2295	2279	2381	2635	2964	3268	3460	3520	3454	3296	3152	2929	2760	2528	2397	2233	2078	
146	505	95.0	95.0	1	0	0	2	915	1047	1353	1860	2465	3026	3369	3488	3485	3356	3188	2958	2750	2540	2387	2283	2278	2384	2666	2988	3247	3424	3521	3490	3322	3119	2963	2726	2549	2378	2224	2091	
146	523	94.9	95.0	1	0	0	2	932	1063	1356	1887	2438	3022	3356	3514	3487	3336	3173	2978	2722	2563	2402	2320	2255	2405	2632	2946	3227	3447	3545	3477	3334	3153	2961	2773	2566	2400	2228	2098	
146	540	94.9	95.0	1	0	0	2	916	1045	1364	1874	2475	3020	3376	3458	3487	3346	3156	2946	2783	2547	2369	2286	2275	2405	2661	2938	3272	3467	3553	3440	3314	3136	2961	2733	2551	2393	2210	2097	
146	557	94.9	95.0	1	0	0	2	925	1058	1352	1887	2458	3020	3333	3483	3438	3320	3151	2931	2745	2546	2392	2288	2280	2368	2639	2935	3241	3434	3500	3445	3253	3161	2956	2735	2552	2376	2213	2070	
146	574	95.0	95.0	1	0	0	2	942	1063	1374	1863	2484	2993	3399	3498	3503	3355	3204	2954	2773	2552	2405	2289	2287	2395	2622	2985	3291	3496	3529	3471	3321	3129	2981	2754	2561	2374	2252	2081	
146	592	95.0	95.0	1	0	0	2	936	994	1376	1870	2471	3007	3344	3436	3498	3357	3188	2981	2744	2510	2363	2285	2300	2410	2641	2967	3296	3463	3540	3481	3280	3160	2971	2734	2567	2396	2258	2089	
146	609	94.9	95.0	1	0	0	2	925	1044	1359	1861	2504	2995	3370	3479	3482	3353	3158	2980	2740	2541	2425	2287	2256	2393	2633	2971	3274	3467	3499	3479	3326	3132	2953	2732	2566	2380	2213	2079	
146	626	95.0	95.0	1	0	0	2	923	1051	1363	1854	2469	3016	3382	3502	3454	3359	3183	2955	2751	2523	2388	2286	2276	2390	2643	2976	3261	3442	3519	3449	3322	3128	2957	2756	2518	2368	2226	2078	
146	643	95.0	95.0	1	0	0	2	933	1044	1353	1864	2472	3016	3377	3475	3469	3380	3161	2978	2774	2545	2403	2324	2269	2408	2662	2945	3264	3439	3520	3466	3305	3158	2965	2758	2548	2385	2213	2086	
146	661	95.0	95.0	1	0	0	2	934	1069	1351	1881	2445	2962	3347	3477	3495	3364	3200	2976	2760	2559	2400	2300	2290	2383	2668	2973	3281	3454	3519	3501	3336	3157	2940	2767	2577	2373	2251	2090	
146	678	94.9	95.0	1	0	0	2	926	1048	1368	1890	2504	3021	3395	3521	3493	3356	3174	2986	2750	2564	2406	2300	2291	2418	2639	2962	3264	3448	3543	3461	3334	3118	2965	2759	2584	2387	2235	2104	
146	695	94.9	95.0	1	0	0	2	926	1051	1341	1857	2486	3010	3376	3506	3496	3364	3207	2958	2754	2553	2398	2329	2270	2397	2681	2967	3308	3446	3549	3468	3337	3152	2954	2764	2556	2413	2219	2102	
146	712	95.0	95.0	1	0	0	2	936	1048	1355	1840	2474	3015	3342	3505	3494	3377	3202	2993	2791	2561	2407	2312	2289	2402	2681	2964	3274	3490	3532	3473	3311	3197	2979	2755	2544	2371	2238	2105	
146	730	94.9	95.0	1	0	0	2	939	1042	1366	1856	2494	3043	3375	3519	3460	3365	3199	2982	2776	2554	2409	2300	2261	2408	2687	2951	3313	3473	3543	3447	3318	3153	2952	2735	2550	2388	2266	2098	
146	747	95.0	95.0	1	0	0	2	926	1053	1345	1883	2486	3006	3404	3479	3478	3366	3142	2974	2761	2548	2400	2302	2310	2418	2637	2981	3231	3455	3528	3454	3323	3135	2949	2765	2566	2378	2218	2081	
146	764	94.9	95.0	1	0	0	2	927	1051	1361	1853	2457	3022	3374	3493	3491	3357	3175	2963	2751	2559	2413	2314	2277	2425	2620	2941	3288	3464	3535	3461	3334	3142	2965	2777	2580	2394	2247	2080	
146	781	95.0	95.0	1	0	0	2	930	1060	1377	1896	2457	3060	3397	3502	3480	3359	3206	3032	2767	2531	2393	2301	2312	2393	2670	2962	3281	3470	3546	3469	3342	3175	2968	2787	2547	2400	2229	2103	
146	799	95.0	95.0	1	0	0	2	947	1045	1362	1876	2462	3045	3379	3491	3490	3368	3183	3015	2763	2540	2411	2318	2286	2429	2657	2956	3278	3468	3494	3472	3291	3161	2954	2746	2555	2402	2225	2125	
146	816	94.9	95.0	1	0	0	2	925	1079	1352	1875	2454	3009	3372	3530	3482	3373	3169	2972	2765	2553	2412	2316	2305	2414	2660	2947	3289	3449	3520	3456	3349	3171	2970	2715	2547	2385	2240	2091	
146	833	95.0	95.0	1	0	0	2	930	1050	1359	1874	2503	3071	3398	3493	3502	3369	3185	2997	2769	2560	2419	2290	2301	2424	2662	2989	3308	3484	3555	3476	3323	3192	2962	2764	2556	2406	2209	2093	
146	850	95.0	95.0	1	0	0	2	936	1075	1362	1873	2489	3045	3342	3519	3508	3389	3199	2984	2772	2565	2440	2301	2289	2397	2679	2956	3318	3459	3544	3473	3319	3130	2972	2781	2532	2372	2228	2102	
146	868	95.0	95.0	1	0	0	2	917	1061	1356	1866	2489	3045	3366	3518	3500	3397	3166	2970	2773	2554	2408	2321	2294	2420	2663	2970	3277	3474	3530	3467	3349	3176	2974	2746	2558	2381	2256	2097	
146	885	95.0	95.0	1	0	0	2	924	1057	1379	1884	2488	3030	3397	3509	3497	3370	3173	2979	2773	2550	2386	2307	2303	2399	2662	2992	3296	3475	3588	3521	3347	3174	2973	2774	2561	2425	2256	2099	
146	902	95.0	95.0	1	0	0	2	936	1057	1361	1889	2463	3058	3419	3505	3527	3436	3196	2990	2777	2572	2437	2323	2306	2399	2660	2980	3331	3485	3558	3489	3334	3223	2984	2778	2582	2393	2260	2105	
146	919	94.9	95.0	1	0	0	2	907	1047	1363	1889	2484	3026	3428	3501	3510	3388	3201	2962	2784	2585	2414	2313	2299	2400	2653	2984	3288	3459	3575	3490	3352	3160	2949	2783	2543	2386	2239	2102	
146	937	94.9	95.0	1	0	0	2	917	1048	1384	1882	2456	3043	3391	3497	3498	3400	3219	3008	2763	2522	2387	2310	2294	2425	2635	2930	3317	3463	3538	3490	3335	3171	2932	2793	2560	2388	2231	2119	
146	954	95.0	95.0	1	0	0	2	935	1037	1360	1873	2474	3034	3423	3518	3490	3397	3192	3007	2733	2564	2417	2309	2314	2406	2644	2952	3263	3449	3516	3426	3317	3162	2967	2739	2580	2388	2269	2101	
146	971	95.0	95.0	1	0	0	2	922	1043	1369	1862	2474	3014	3381	3526	3467	3383	3179	2997	2788	2534	2383	2313	2276	2395	2671	2983	3283	3469	3518	3489	3300	3146	2976	2744	2569	2405	2240	2088	
146	988	95.0	95.0	1	0	0	2	923	1051	1365	1892	2493	3036	3405	3515	3538	3376	3220	3026	2781	2554	2422	2328	2304	2405	2668	2965	3300	3465	3551	3530	3372	3159	2974	2782	2561	2392	2253	2092	
146	1006	95.0	95.0	1	0	0	2	930	1045	1386	1872	2490	3046	3400	3488	3485	3374	3173	2993	2785	2546	2426	2286	2301	2408	2668	2986	3287	3529	3532	3482	3323	3180	3004	2781	2531	2380	2249	2123	
146	1023	95.0	95.0	1	0	0	2	917	1046	1367	1877	2471	3057	3368	3538	3479	3367	3200	3017	2779	2550	2402	2342	2294	2423	2669	2944	3302	3469	3555	3489	3319	3169	2962	2775	2564	2389	2221	2095	
146	1040	95.0	95.0	1	0	0	2	943	1057	1377	1871	2492	3039	3437	3559	3499	3405	3191	3014	2795	2580	2437	2299	2312	2439	2686	2988	3289	3512	3530	3486	3334	3184	2965	2796	2570	2421	2270	2125	
146	1057	95.0	95.0	1	0	0	2	934	1049	1384	1888	2502	3043	3445	3512	3516	3418	3227	3014	2791	2558	2398	2312	2321	2444	2653	2982	3287	3486	3566	3494	3357	3185	2943	2771	2562	2392	2259	2136	
146	1075	95.0	95.0	1	0	0	2	934	1068	1369	1881	2471	3030	3387	3550	3510	3370	3170	2993	2785	2564	2428	2321	2297	2404	2671	2976	3269	3498	3532	3471	3344	3149	2946	2779	2547	2389	2234	2102	
146	1092	95.0	95.0	1	0	0	2	932	1091	1372	1870	2495	3019	3385	3535	3470	3400	3208	2977	2796	2603	2425	2326	2306	2398	2651	2996	3270	3510	3565	3467	3310	3166	2971	2776	2564	2391	2210	2113	
146	1109	95.0	95.0	1	0	0	2	928	1065	1383	1885	2482	3028	3366	3503	3456	3382	3211	2984	2763	2573	2425	2291	2299	2382	2640	2959	3284	3447	3566	3484	3311	3168	2946	2760	2563	2389	2261	2108	
146	1126	95.0	95.0	1	0	0	2	937	1058	1361	1869	2502	3029	3383	3496	3502	3391	3197	3015	2802	2536	2404	2278	2288	2418	2668	2980	3258	3438	3551	3462	3350	3156	2951	2755	2576	2398	2241	2099	
146	1144	95.0	95.0	1	0	0	2	928	1062	1366	1881	2464	3038	3411	3521	3518	3404	3180	3016	2792	2589	2371	2338	2321	2401	2681	2985	3285	3474	3565	3465	3314	3148	2982	2764	2515	2406	2252	2059	
146	1161	95.0	95.0	1	0	0	2	931	1041	1375	1867	2507	3036	3419	3546	3507	3424	3224	2983	2762	2539	2432	2321	2291	2407	2667	2978	3263	3438	3549	3485	3313	3167	2972	2779	2581	2380	2248	2102	
146	1178	95.0	95.0	1	0	0	2	933	1054	1367	1873	2479	3051	3412	3522	3572	3405	3227	3003	2772	2569	2434	2314	2315	2408	2642	2964	3288	3464	3539	3463	3356	3138	2968	2777	2567	2369	2249	2115	
146	1195	95.0	95.0	1	0	0	2	930	992	1356	1895	2505	3029	3398	3530	3496	3396	3199	2993	2785	2574	2405	2324	2298	2417	2652	2949	3267	3479	3509	3502	3344	3189	2988	2780	2572	2399	2243	2087	
146	1213	95.0	95.0	1	0	0	2	931	1054	1368	1881	2488	3036	3410	3559	3526	3412	3187	2976	2774	2556	2413	2296	2311	2416	2687	2946	3260	3471	3572	3497	3328	3141	2963	2774	2572	2428	2246	2098	
146	1230	95.0	95.0	1	0	0	2	929	1062	1379	1881	2508	3056	3393	3544	3510	3380	3177	3013	2795	2556	2418	2308	2310	2435	2700	2977	3290	3453	3531	3503	3312	3184	2984	2769	2605	2396	2271	2095	
146	1247	95.0	95.0	1	0	0	2	929	1053	1375	1863	2486	3065	3431	3584	3537	3384	3212	3002	2791	2551	2446	2320	2340	2420	2649	2962	3281	3486	3579	3485	3327	3188	2966	2806	2597	2396	2294	2113	
146	1264	95.0	95.0	1	0	0	2	929	999	1371	1886	2503	3040	3398	3556	3511	3397	3176	2973	2806	2587	2400	2297	2293	2444	2645	2940	3282	3440	3542	3465	3328	3176	2947	2775	2561	2415	2251	2065	
146	1282	94.9	95.0	1	0	0	2	926	1054	1369	1881	2487	3047	3401	3528	3516	3384	3197	2984	2802	2571	2409	2316	2276	2401	2643	2969	3277	3444	3558	3474	3366	3158	2977	2780	2549	2402	2262	2109	
146	1326	95.0	95.0	1	1	0	2	939	1077	1374	1888	2497	3043	3410	3548	3524	3391	3224	3014	2783	2560	2429	2313	2318	2450	2626	3002	3278	3477	3557	3491	3344	3198	2903	2744	2549	2392	2277	2098	
146	1392	60.0	60.0	1	1	1	2	1015	1264	1905	2979	4234	5339	5900	6061	5936	5596	5170	4738	4321	3868	3498	3220	3030	3086	3315	3673	4041	4325	4390	4289	4111	3846	3566	3267	3002	2758	2571	2379	
146	1410	59.9	60.0	1	1	1	2	1018	1274	1963	3037	4236	5324	5953	6083	5953	5622	5194	4745	4309	3848	3503	3245	3040	3078	3344	3668	4052	4304	4422	4302	4119	3831	3598	3289	3013	2785	2558	2391	
146	1427	60.0	60.0	1	1	1	2	1022	1283	1964	3053	4257	5328	5979	6106	5961	5632	5200	4776	4287	3845	3508	3255	3066	3111	3345	3701	4101	4309	4406	4315	4091	3880	3618	3278	3012	2792	2551	2383	
146	1444	60.0	60.0	1	1	1	2	1018	1297	1945	2987	4267	5295	5944	6134	5935	5625	5192	4738	4287	3850	3525	3226	3073	3101	3315	3661	4065	4303	4399	4293	4120	3859	3578	3278	2971	2747	2568	2361	
146	1461	60.0	60.0	1	1	1	2	1014	1266	1928	3041	4234	5329	5982	6112	5968	5580	5168	4748	4295	3860	3520	3235	3041	3124	3337	3689	4076	4318	4371	4294	4081	3867	3590	3307	2996	2757	2557	2409	
146	1479	59.9	60.0	1	1	1	2	1029	1262	1953	3026	4245	5344	5960	6079	5967	5631	5156	4729	4288	3842	3507	3226	3063	3122	3334	3664	4090	4344	4385	4309	4078	3842	3561	3270	2983	2780	2575	2392	
146	1496	60.0	60.0	1	1	1	2	1054	1271	1953	3001	4262	5329	5951	6048	5878	5596	5167	4736	4290	3868	3540	3184	3040	3101	3297	3660	4032	4310	4397	4303	4104	3845	3541	3275	2991	2750	2554	2386	
146	1560	95.0	95.1	2	1	0	2	910	1051	1367	1885	2489	3033	3360	3484	3478	3343	3192	2961	2751	2547	2393	2277	2268	2376	2628	2897	3223	3421	3464	3453	3268	3097	2965	2715	2504	2345	2228	2064	
146	1641	60.0	60.1	2	1	1	2	1010	1262	1898	2957	4185	5196	5854	5980	5829	5453	5083	4646	4206	3819	3462	3185	3060	3078	3316	3638	4025	4242	4349	4270	4093	3831	3570	3252	2970	2734	2554	2368	
146	1658	60.0	60.0	2	1	1	2	1011	1247	1906	2953	4154	5239	5827	5978	5843	5518	5071	4646	4236	3817	3453	3184	3007	3065	3285	3600	4044	4272	4392	4250	4056	3822	3557	3245	2969	2731	2547	2364	
146	1675	59.9	60.0	2	1	1	2	1015	1270	1942	2961	4141	5270	5889	6048	5854	5534	5137	4711	4222	3760	3436	3202	3028	3064	3323	3648	4053	4294	4365	4289	4056	3831	3536	3269	2966	2734	2545	2330	
146	1692	59.9	60.0	2	1	1	2	1000	1251	1919	2976	4200	5281	5862	5982	5855	5549	5172	4687	4245	3847	3498	3184	3036	3068	3301	3665	4056	4308	4402	4287	4072	3823	3556	3260	2983	2769	2565	2390	
146	1710	60.0	60.0	2	1	1	2	1023	1261	1927	2961	4193	5264	5881	6029	5886	5539	5082	4704	4266	3827	3491	3187	3033	3059	3306	3685	4018	4309	4390	4289	4050	3772	3537	3265	2981	2713	2566	2360	
146	1727	59.9	60.0	2	1	1	2	1020	1272	1938	2968	4170	5220	5838	5973	5832	5483	5085	4655	4241	3792	3467	3169	3053	3067	3227	3654	4034	4273	4365	4237	4038	3810	3552	3235	2972	2763	2535	2391	
146	1744	60.0	60.0	2	1	1	2	1000	1266	1942	2968	4158	5200	5864	5954	5841	5492	5121	4677	4238	3767	3453	3201	3044	3056	3281	3622	4020	4299	4380	4245	4053	3799	3558	3249	3013	2720	2553	2339	
146	1807	95.0	95.1	3	1	0	2	929	1057	1374	1866	2464	2984	3418	3518	3486	3404	3182	2984	2775	2545	2348	2275	2298	2383	2661	2936	3233	3428	3510	3432	3280	3131	2922	2762	2508	2356	2243	2083	
146	1889	60.1	60.0	3	1	1	2	999	1254	1912	2981	4153	5233	5816	5983	5850	5532	5131	4639	4202	3754	3437	3186	3026	3063	3348	3657	4045	4264	4362	4280	4138	3816	3552	3274	2973	2754	2544	2373	
146	1906	59.9	60.0	3	1	1	2	1022	1246	1920	2950	4167	5267	5839	5993	5847	5479	5085	4676	4223	3768	3419	3187	3043	3057	3306	3650	4018	4261	4361	4261	4041	3832	3528	3245	2946	2727	2554	2340	
146	1923	59.9	60.0	3	1	1	2	1020	1290	1939	3010	4232	5264	5889	6058	5902	5530	5145	4691	4284	3849	3490	3214	3054	3081	3284	3659	4061	4300	4392	4326	4101	3854	3524	3292	2950	2764	2548	2363	
146	1940	59.9	60.0	3	1	1	2	1014	1276	1930	2974	4205	5250	5866	6015	5853	5549	5106	4729	4230	3794	3455	3188	3037	3064	3335	3659	4016	4264	4368	4223	4073	3788	3574	3256	2995	2752	2536	2356	
146	1958	60.0	60.0	3	1	1	2	1042	1263	1940	2962	4197	5252	5839	5974	5857	5544	5124	4663	4245	3798	3483	3190	3023	3016	3274	3628	4007	4277	4361	4262	4082	3804	3525	3267	2997	2718	2570	2359	
146	1975	59.9	60.0	3	1	1	2	1017	1261	1928	2940	4190	5276	5896	5972	5846	5538	5190	4662	4261	3797	3472	3223	3051	3048	3313	3644	4035	4302	4380	4252	4060	3805	3556	3275	2986	2747	2551	2371	
146	1992	60.0	60.0	3	1	1	2	1005	1275	1951	2983	4183	5277	5900	6027	5833	5517	5118	4687	4274	3797	3464	3171	3028	3057	3316	3637	3996	4267	4331	4225	4059	3840	3551	3247	2974	2759	2533	2348	
146	2055	95.0	95.1	4	1	0	2	927	1073	1353	1859	2446	3033	3400	3522	3466	3370	3176	2987	2785	2544	2384	2274	2252	2387	2637	2903	3235	3430	3490	3409	3283	3127	2942	2728	2492	2357	2225	2067	
146	2135	60.0	60.0	4	1	1	2	1015	1267	1893	2937	4133	5208	5780	5955	5856	5461	5093	4653	4198	3760	3423	3170	3033	3026	3269	3629	3994	4245	4345	4248	4057	3804	3497	3227	2973	2731	2508	2349	
146	2152	60.0	60.0	4	1	1	2	1023	1267	1900	2964	4158	5239	5832	5979	5845	5524	5111	4678	4214	3769	3446	3172	3022	3063	3284	3632	4026	4245	4335	4239	4047	3850	3528	3244	2984	2755	2536	2378	
146	2169	59.9	60.0	4	1	1	2	1009	1253	1916	2992	4197	5274	5870	6021	5865	5591	5168	4728	4285	3818	3451	3199	3025	3079	3328	3625	4019	4302	4364	4254	4059	3846	3548	3279	2989	2746	2539	2390	
146	2187	60.0	60.0	4	1	1	2	1019	1273	1912	3002	4171	5246	5814	5964	5892	5555	5044	4650	4235	3770	3437	3188	3017	3059	3288	3628	4013	4265	4355	4268	4041	3827	3531	3226	2965	2739	2525	2346	
146	2204	59.9	60.0	4	1	1	2	1012	1266	1925	2976	4181	5250	5854	6015	5801	5495	5072	4688	4235	3812	3425	3168	2979	3053	3284	3594	3988	4266	4317	4240	4018	3797	3533	3249	2941	2721	2541	2328	
146	2221	60.0	60.0	4	1	1	2	1016	1266	1926	3000	4207	5208	5868	5984	5863	5516	5088	4692	4191	3798	3437	3174	3037	3055	3278	3616	4002	4276	4351	4272	4033	3792	3505	3228	2961	2730	2537	2354	
146	2238	59.9	60.0	4	1	1	2	1018	1278	1914	2960	4192	5219	5806	5967	5861	5534	5104	4694	4247	3811	3437	3209	2997	3072	3261	3653	4008	4280	4365	4286	4037	3784	3510	3219	2967	2717	2551	2377	
146	2301	94.9	95.0	5	1	0	2	894	1057	1379	1855	2447	3023	3406	3486	3510	3376	3189	2987	2770	2554	2392	2308	2292	2385	2636	2909	3232	3421	3493	3421	3260	3128	2919	2728	2536	2366	2200	2072	
146	2381	60.0	60.1	5	1	1	2	1006	1280	1936	2977	4159	5205	5813	5976	5833	5470	5099	4713	4251	3794	3485	3181	3005	3048	3258	3632	3984	4282	4340	4232	4062	3801	3546	3248	2948	2728	2518	2354	
146	2398	59.9	60.0	5	1	1	2	1014	1258	1923	2978	4192	5233	5839	5995	5824	5502	5076	4667	4260	3801	3481	3167	3030	3062	3294	3608	3985	4277	4326	4264	4005	3805	3529	3228	2937	2719	2517	2391	
146	2415	59.9	60.0	5	1	1	2	1031	1274	1913	2968	4188	5260	5866	5984	5887	5496	5143	4704	4250	3833	3476	3213	3036	3066	3315	3629	4050	4262	4340	4241	4043	3839	3531	3291	2986	2763	2541	2354	
146	2433	60.0	60.0	5	1	1	2	1020	1267	1936	2942	4181	5231	5835	5945	5843	5505	5090	4636	4205	3768	3439	3204	2979	3055	3312	3620	4007	4247	4319	4263	4029	3794	3505	3223	2958	2727	2535	2363	
146	2450	59.9	60.0	5	1	1	2	1034	1270	1925	2970	4173	5242	5846	5949	5818	5500	5091	4697	4252	3783	3444	3198	3030	3050	3273	3581	3969	4241	4328	4224	4034	3823	3550	3231	2928	2715	2546	2375	
146	2467	60.0	60.0	5	1	1	2	968	1259	1919	2980	4201	5200	5869	5968	5790	5499	5099	4665	4214	3754	3416	3141	3049	3039	3264	3644	3983	4222	4348	4247	3991	3746	3524	3231	2981	2701	2543	2353	
146	2484	59.9	60.0	5	1	1	2	1005	1272	1909	2958	4197	5198	5773	5914	5795	5493	5092	4619	4206	3768	3402	3176	3037	3067	3269	3606	3984	4238	4372	4240	4011	3778	3555	3219	2948	2707	2533	2332	
146	2547	94.9	95.1	6	1	0	2	941	1047	1346	1843	2445	2984	3326	3445	3443	3334	3168	2973	2739	2530	2316	2271	2238	2352	2608	2896	3203	3377	3440	3372	3246	3067	2920	2694	2505	2330	2186	2031	
146	2627	60.0	60.1	6	1	1	2	1016	1257	1906	2915	4130	5167	5737	5903	5774	5426	5049	4620	4169	3752	3403	3139	2998	3015	3243	3584	3963	4190	4315	4232	4009	3788	3477	3253	2908	2714	2519	2361	
146	2644	59.9	60.0	6	1	1	2	1006	1277	1929	2966	4157	5173	5845	5909	5754	5449	5076	4607	4210	3740	3443	3177	2974	2989	3262	3579	3956	4228	4301	4188	3993	3740	3529	3221	2917	2701	2522	2310	
146	2661	60.0	60.0	6	1	1	2	1002	1246	1904	2952	4140	5165	5784	5891	5774	5459	5051	4616	4159	3739	3416	3159	2965	3036	3288	3606	3966	4208	4279	4209	3972	3775	3506	3197	2943	2740	2536	2345	
146	2679	59.9	60.0	6	1	1	2	1017	1246	1922	2934	4131	5162	5755	5933	5719	5435	5015	4575	4204	3711	3404	3100	2982	3002	3240	3573	3970	4206	4304	4154	3978	3749	3494	3196	2937	2706	2518	2323	
146	2696	59.9	60.0	6	1	1	2	1006	1246	1895	2944	4120	5175	5824	5909	5736	5446	5020	4604	4201	3773	3391	3149	2991	2996	3248	3571	3963	4208	4300	4186	4021	3746	3481	3153	2887	2705	2538	2344	
146	2713	60.0	60.0	6	1	1	2	1007	1283	1919	2933	4151	5175	5791	5893	5752	5472	5013	4605	4179	3752	3433	3122	2966	3016	3224	3578	3977	4189	4290	4177	4008	3761	3460	3169	2884	2677	2485	2323	
146	2730	59.9	60.0	6	1	1	2	986	1244	1879	2917	4114	5137	5725	5900	5747	5419	5014	4580	4201	3757	3360	3150	2984	3004	3233	3592	3941	4212	4271	4199	4012	3764	3481	3162	2923	2710	2502	2324	
146	2795	94.9	95.0	7	1	0	2	951	1041	1364	1835	2461	2994	3299	3472	3423	3337	3170	2908	2708	2526	2367	2259	2240	2356	2592	2849	3198	3321	3437	3349	3237	3057	2899	2663	2475	2317	2187	2037	
146	2875	60.0	60.1	7	1	1	2	1009	1247	1900	2908	4075	5147	5722	5882	5684	5395	4980	4563	4153	3706	3349	3112	2985	3028	3221	3569	3925	4155	4258	4194	3983	3725	3469	3187	2898	2680	2503	2312	
146	2892	59.9	60.0	7	1	1	2	1006	1256	1901	2946	4112	5172	5774	5928	5739	5451	5041	4600	4153	3736	3406	3137	2949	2997	3248	3555	4006	4188	4290	4189	3987	3720	3495	3164	2915	2671	2535	2320	
146	2910	59.9	60.0	7	1	1	2	1005	1266	1906	2912	4164	5158	5744	5904	5772	5427	5054	4632	4180	3752	3391	3147	3013	3023	3261	3579	3953	4186	4284	4168	4001	3717	3510	3212	2911	2720	2492	2368	
146	2927	60.0	60.0	7	1	1	2	997	1236	1902	2933	4098	5114	5758	5866	5798	5440	4993	4563	4154	3734	3416	3091	2969	3016	3248	3561	3936	4205	4208	4170	3986	3707	3489	3168	2921	2698	2486	2337	
146	2944	60.0	60.0	7	1	1	2	1022	1257	1911	2917	4116	5123	5698	5861	5726	5384	5027	4574	4142	3726	3392	3123	2968	2992	3242	3571	3931	4169	4228	4160	3948	3729	3448	3170	2911	2694	2487	2333	
146	2961	60.0	60.0	7	1	1	2	983	1270	1916	2948	4067	5164	5780	5882	5728	5389	4996	4607	4161	3724	3405	3134	2979	3014	3205	3585	3953	4182	4241	4176	3983	3724	3490	3212	2896	2685	2485	2330	
146	2979	60.0	60.0	7	1	1	2	995	1251	1880	2967	4085	5133	5731	5883	5713	5417	4945	4583	4134	3727	3395	3133	2966	3000	3243	3537	3966	4166	4252	4132	3990	3733	3512	3190	2904	2668	2497	2323	
146	3043	94.9	95.1	8	1	0	2	910	1040	1345	1840	2442	2963	3289	3428	3404	3290	3121	2891	2698	2500	2341	2267	2232	2333	2568	2836	3163	3333	3416	3338	3211	3044	2850	2665	2470	2306	2167	2010	
146	3123	60.0	60.0	8	1	1	2	999	1259	1893	2909	4080	5137	5668	5792	5687	5424	4981	4549	4115	3704	3418	3088	2944	2981	3210	3574	3929	4143	4261	4144	3944	3706	3485	3168	2878	2666	2501	2318	
146	3140	59.9	60.0	8	1	1	2	1012	1273	1913	2929	4147	5128	5750	5876	5732	5418	5007	4611	4156	3701	3404	3134	2972	3015	3252	3648	3938	4142	4286	4213	3999	3779	3471	3221	2914	2704	2519	2328	
146	3158	60.0	60.0	8	1	1	2	1006	1222	1891	2948	4104	5142	5762	5838	5762	5458	5004	4616	4190	3743	3400	3140	2988	3006	3236	3591	3935	4187	4271	4184	3934	3759	3502	3192	2931	2717	2469	2321	
146	3175	60.0	60.0	8	1	1	2	999	1278	1899	2909	4066	5119	5732	5861	5702	5418	5008	4573	4130	3738	3404	3112	2978	2990	3238	3546	3965	4179	4273	4156	3972	3746	3468	3190	2937	2708	2513	2351	
146	3192	59.9	60.0	8	1	1	2	1019	1245	1900	2948	4087	5099	5743	5842	5683	5365	4996	4568	4164	3672	3355	3115	2949	3017	3189	3545	3932	4168	4224	4170	3945	3688	3467	3180	2886	2672	2464	2309	
146	3209	59.9	60.0	8	1	1	2	1027	1246	1899	2905	4087	5176	5769	5845	5697	5407	5019	4604	4154	3737	3396	3133	2954	3002	3250	3526	3939	4146	4224	4160	3958	3748	3478	3181	2917	2657	2502	2301	
146	3227	60.0	60.0	8	1	1	2	1006	1261	1887	2900	4100	5125	5711	5827	5724	5360	5012	4607	4128	3764	3353	3143	2962	3014	3232	3537	3914	4162	4273	4163	3999	3742	3460	3197	2909	2680	2514	2299	
146	3289	95.0	95.0	9	1	0	2	915	1048	1338	1830	2428	2942	3336	3418	3429	3277	3100	2895	2708	2482	2376	2248	2225	2343	2559	2827	3141	3366	3383	3306	3216	3078	2856	2648	2467	2328	2193	2027	
146	3369	60.0	60.1	9	1	1	2	999	1238	1880	2874	4053	5054	5675	5819	5629	5330	4930	4500	4107	3649	3355	3116	2954	2961	3224	3500	3911	4145	4219	4134	3904	3684	3445	3172	2876	2658	2472	2300	
146	3386	59.9	60.0	9	1	1	2	1039	1253	1884	2876	4042	5084	5688	5825	5688	5336	4991	4550	4137	3664	3388	3112	2964	2984	3203	3551	3925	4115	4255	4113	3962	3696	3468	3158	2868	2660	2470	2310	
146	3404	59.9	60.0	9	1	1	2	1012	1240	1899	2909	4110	5135	5708	5805	5698	5376	4984	4526	4153	3711	3361	3113	2960	2980	3189	3535	3930	4131	4232	4135	3942	3707	3450	3176	2914	2671	2480	2315	
146	3421	60.0	60.0	9	1	1	2	1004	1251	1889	2889	4075	5092	5639	5798	5627	5300	4919	4524	4060	3690	3361	3066	2932	2973	3204	3547	3900	4121	4186	4143	3960	3700	3359	3171	2888	2659	2468	2293	
146	3438	59.9	60.0	9	1	1	2	1009	1239	1891	2897	4058	5072	5663	5784	5623	5311	4946	4532	4138	3679	3356	3078	2962	2953	3248	3541	3882	4145	4220	4139	3932	3718	3444	3111	2900	2652	2479	2277	
146	3455	60.0	60.0	9	1	1	2	1002	1254	1875	2913	4065	5077	5703	5803	5617	5344	4946	4444	4134	3685	3352	3074	2939	2974	3189	3509	3925	4122	4194	4125	3913	3714	3456	3126	2863	2671	2499	2298	
146	3473	59.9	60.0	9	1	1	2	1006	1266	1895	2873	4060	5079	5655	5821	5680	5341	4892	4558	4140	3682	3353	3116	2945	2989	3210	3526	3892	4125	4180	4118	3924	3708	3432	3136	2876	2681	2501	2324	
146	3535	95.0	95.0	10	1	0	2	920	1027	1354	1845	2436	2947	3291	3405	3429	3269	3091	2907	2671	2482	2325	2243	2219	2325	2537	2825	3132	3304	3352	3326	3207	2994	2830	2632	2479	2298	2149	2015	
146	3615	59.9	60.1	10	1	1	2	997	1256	1871	2861	4054	5050	5614	5788	5593	5335	4906	4513	4071	3644	3346	3082	2937	2993	3194	3510	3872	4127	4170	4147	3909	3678	3418	3135	2879	2655	2454	2303	
146	3633	59.9	60.0	10	1	1	2	994	1226	1874	2913	4039	5070	5660	5811	5648	5358	4957	4575	4128	3674	3373	3099	2898	2984	3194	3559	3905	4120	4213	4152	3895	3694	3436	3138	2848	2654	2468	2312	
146	3650	60.0	60.0	10	1	1	2	1016	1253	1887	2873	4070	5099	5688	5833	5643	5363	4952	4530	4145	3696	3324	3107	2954	2944	3189	3541	3926	4100	4230	4162	3931	3708	3438	3164	2898	2667	2480	2297	
146	3667	59.9	60.0	10	1	1	2	1010	1263	1873	2905	4061	5064	5653	5823	5696	5384	4990	4563	4127	3694	3378	3128	2921	2933	3178	3475	3924	4083	4242	4129	3933	3710	3426	3140	2872	2691	2480	2328	
146	3684	59.9	60.0	10	1	1	2	1007	1238	1894	2900	4059	5087	5661	5765	5659	5346	4922	4535	4137	3674	3359	3122	2930	3017	3206	3537	3866	4122	4244	4156	3923	3717	3422	3170	2865	2627	2475	2309	
146	3702	60.0	60.0	10	1	1	2	1005	1244	1853	2893	4011	5045	5600	5754	5625	5298	4956	4489	4115	3652	3342	3084	2945	2964	3158	3517	3878	4128	4194	4122	3929	3682	3430	3160	2884	2645	2457	2305	
146	3719	60.0	60.0	10	1	1	2	999	1246	1878	2878	4029	5084	5622	5769	5623	5301	4909	4515	4104	3701	3347	3116	2931	2963	3215	3521	3869	4097	4234	4128	3933	3658	3383	3171	2856	2642	2483	2294	
146	3781	94.9	95.0	11	1	0	2	926	1034	1334	1846	2398	2914	3268	3374	3363	3249	3077	2909	2665	2428	2305	2212	2252	2293	2543	2788	3118	3280	3377	3264	3157	2999	2805	2607	2444	2269	2144	2005	
146	3861	59.9	60.1	11	1	1	2	994	1219	1855	2848	4011	5036	5607	5759	5641	5273	4932	4497	4092	3657	3328	3070	2907	2973	3184	3537	3930	4135	4195	4113	3929	3689	3392	3118	2865	2640	2481	2322	
146	3879	59.9	60.0	11	1	1	2	999	1244	1878	2906	4069	5086	5679	5810	5625	5361	4968	4534	4091	3686	3359	3086	2970	2985	3204	3541	3901	4081	4199	4119	3912	3719	3447	3150	2901	2672	2490	2301	
146	3896	59.9	60.0	11	1	1	2	1001	1260	1887	2890	4049	5088	5622	5764	5632	5353	4928	4490	4110	3642	3348	3080	2953	2982	3169	3521	3861	4129	4186	4127	3941	3665	3430	3143	2852	2670	2441	2260	
146	3913	60.0	60.0	11	1	1	2	1007	1241	1879	2884	4042	5073	5632	5736	5619	5301	4940	4517	4075	3664	3342	3044	2934	2943	3175	3504	3884	4144	4189	4080	3892	3701	3387	3125	2878	2646	2465	2278	
146	3930	60.0	60.0	11	1	1	2	1010	1246	1874	2918	4051	5022	5621	5763	5595	5264	4872	4446	4120	3687	3351	3062	2921	2945	3200	3485	3872	4117	4164	4052	3925	3645	3386	3094	2860	2644	2470	2301	
146	3948	60.0	60.0	11	1	1	2	1012	1240	1861	2903	3998	5042	5616	5744	5642	5328	4913	4518	4083	3659	3344	3068	2909	2951	3168	3500	3884	4124	4180	4083	3903	3684	3395	3134	2880	2652	2462	2276	
146	3965	60.0	60.0	11	1	1	2	1008	1238	1883	2901	4021	4972	5635	5710	5578	5287	4939	4513	4068	3673	3324	3051	2934	2967	3152	3479	3829	4051	4165	4050	3881	3662	3361	3122	2863	2634	2461	2306	
146	4029	94.9	95.1	12	1	0	2	929	1031	1334	1837	2391	2920	3251	3384	3368	3254	3094	2873	2674	2473	2329	2225	2193	2307	2500	2818	3112	3258	3335	3272	3127	2988	2835	2618	2431	2285	2142	1995	
146	4109	60.0	60.1	12	1	1	2	992	1240	1849	2886	3992	4966	5540	5711	5548	5264	4863	4443	4094	3637	3315	3049	2905	2940	3196	3483	3881	4098	4166	4074	3886	3669	3402	3114	2834	2627	2492	2276	
146	4127	59.9	60.0	12	1	1	2	1011	1255	1851	2835	4013	5025	5610	5679	5550	5284	4869	4481	4065	3661	3299	3036	2904	2942	3182	3486	3814	4076	4132	4070	3899	3636	3384	3110	2859	2647	2465	2270	
146	4144	60.0	60.0	12	1	1	2	997	1252	1887	2890	3982	5026	5603	5730	5602	5274	4924	4494	4044	3656	3345	3073	2921	2950	3154	3488	3827	4060	4168	4107	3869	3633	3413	3121	2836	2632	2453	2304	
146	4161	60.0	60.0	12	1	1	2	1010	1248	1866	2838	4017	4961	5612	5723	5550	5259	4848	4448	4011	3639	3310	3047	2921	2953	3142	3495	3853	4069	4159	4050	3864	3681	3401	3109	2861	2620	2474	2287	
146	4178	59.9	60.0	12	1	1	2	995	1244	1880	2868	3972	4992	5567	5688	5560	5244	4808	4457	4046	3608	3289	3065	2906	2944	3138	3469	3824	4046	4123	4021	3860	3610	3385	3086	2818	2612	2458	2253	
146	4196	60.0	60.0	12	1	1	2	988	1230	1858	2858	3993	5072	5591	5714	5568	5272	4884	4430	4038	3646	3303	3066	2900	2952	3172	3471	3848	4088	4156	4050	3887	3639	3358	3147	2875	2643	2430	2282	
146	4213	60.0	60.0	12	1	1	2	998	1244	1844	2849	3979	5006	5561	5660	5546	5231	4816	4445	4009	3617	3289	3074	2909	2942	3138	3468	3834	4058	4139	4073	3852	3662	3381	3097	2819	2629	2442	2286	
146	4276	94.9	95.0	13	1	0	2	927	1046	1336	1814	2403	2917	3268	3393	3364	3269	3087	2894	2673	2463	2303	2217	2187	2289	2537	2806	3113	3266	3332	3304	3149	2990	2818	2620	2436	2275	2153	2020	
146	4356	60.0	60.0	13	1	1	2	1002	1234	1855	2840	3968	4989	5527	5642	5548	5214	4853	4432	4053	3633	3304	3028	2956	2933	3150	3469	3803	4039	4129	4061	3854	3642	3352	3110	2848	2620	2422	2260	
146	4373	59.9	60.0	13	1	1	2	999	1234	1864	2869	4003	4975	5582	5692	5534	5246	4893	4479	4031	3649	3319	3058	2918	2940	3173	3456	3861	4035	4153	4059	3867	3608	3338	3087	2835	2629	2450	2277	
146	4390	60.0	60.0	13	1	1	2	1000	1222	1875	2880	4010	5010	5584	5738	5565	5275	4876	4515	4067	3650	3356	3050	2914	2948	3184	3487	3834	4080	4190	4094	3885	3660	3421	3119	2874	2631	2460	2312	
146	4407	59.9	60.0	13	1	1	2	1003	1226	1883	2818	4022	4990	5540	5666	5561	5254	4860	4463	4027	3604	3268	3053	2912	2898	3140	3450	3804	4026	4117	4042	3862	3619	3336	3081	2837	2597	2456	2252	
146	4425	59.9	60.0	13	1	1	2	1007	1241	1868	2820	3977	4975	5514	5636	5501	5224	4837	4424	4026	3574	3299	3019	2878	2926	3133	3468	3819	4056	4136	4041	3881	3663	3360	3093	2856	2602	2420	2258	
146	4442	60.0	60.0	13	1	1	2	1005	1231	1879	2847	3994	4976	5553	5716	5581	5271	4809	4434	4014	3628	3301	3047	2873	2914	3125	3454	3798	4077	4195	4043	3863	3635	3373	3119	2853	2606	2433	2294	
146	4459	59.9	60.0	13	1	1	2	966	1245	1859	2843	3958	5005	5565	5722	5569	5220	4856	4454	4056	3597	3268	3032	2897	2921	3130	3508	3804	4055	4146	4034	3853	3649	3390	3097	2828	2623	2447	2250	
146	4522	94.9	95.0	14	1	0	2	928	1037	1341	1837	2374	2880	3219	3350	3312	3225	3069	2851	2637	2443	2299	2206	2167	2306	2509	2818	3068	3268	3320	3270	3162	2949	2773	2619	2398	2247	2136	2015	
146	4602	60.0	60.1	14	1	1	2	993	1228	1834	2833	3956	4961	5503	5665	5519	5214	4827	4433	4020	3587	3264	3019	2871	2900	3142	3429	3795	4040	4103	4046	3826	3613	3344	3091	2836	2592	2445	2265	
146	4619	59.9	60.0	14	1	1	2	1011	1243	1869	2834	3964	5006	5558	5709	5540	5241	4888	4424	4001	3625	3306	3042	2900	2935	3145	3453	3821	4067	4108	4060	3883	3645	3359	3117	2842	2629	2433	2269	
146	4636	59.9	60.0	14	1	1	2	996	1248	1849	2834	3957	4936	5551	5695	5489	5269	4835	4419	3979	3601	3289	3028	2895	2931	3165	3462	3809	4038	4125	4028	3832	3621	3363	3084	2824	2594	2433	2242	
146	4653	60.0	60.0	14	1	1	2	1020	1238	1874	2867	3975	4995	5560	5735	5526	5212	4841	4422	4031	3632	3289	3027	2922	2905	3135	3478	3816	4043	4117	4003	3836	3628	3368	3096	2838	2627	2424	2259	
146	4671	60.0	60.0	14	1	1	2	1004	1228	1889	2843	3990	4936	5513	5592	5548	5223	4807	4401	3968	3628	3280	3047	2892	2941	3132	3465	3779	4027	4141	4039	3806	3590	3345	3085	2842	2596	2404	2223	
146	4688	60.0	60.0	14	1	1	2	993	1254	1866	2865	4000	4937	5483	5620	5484	5231	4812	4362	3999	3595	3296	3029	2885	2922	3167	3418	3820	4014	4115	4010	3844	3617	3346	3069	2811	2608	2425	2244	
146	4705	60.0	60.0	14	1	1	2	981	1236	1837	2820	3941	4965	5533	5671	5525	5212	4852	4443	4035	3628	3283	3037	2868	2933	3147	3465	3798	4078	4136	4033	3864	3659	3399	3074	2801	2619	2437	2254	
146	4768	94.9	95.0	15	1	0	2	924	1047	1331	1838	2378	2922	3248	3341	3351	3218	3046	2843	2664	2441	2328	2200	2164	2300	2548	2782	3091	3284	3299	3268	3136	2966	2805	2605	2413	2269	2112	1996	
146	4848	60.0	60.1	15	1	1	2	1001	1228	1847	2850	3950	4974	5515	5635	5558	5187	4847	4447	4010	3631	3301	3047	2895	2906	3160	3463	3842	4049	4146	4046	3812	3633	3387	3095	2845	2624	2417	2267	
146	4865	60.0	60.0	15	1	1	2	1019	1215	1834	2881	3981	4943	5555	5680	5559	5272	4865	4460	4006	3604	3324	3048	2920	2967	3154	3455	3842	4048	4155	4104	3907	3631	3414	3094	2860	2595	2420	2280	
146	4882	60.0	60.0	15	1	1	2	997	1254	1861	2829	3956	5015	5597	5714	5565	5251	4859	4498	4031	3619	3299	3047	2903	2933	3131	3492	3818	4074	4152	4052	3891	3616	3357	3090	2828	2621	2468	2285	
146	4900	59.9	60.0	15	1	1	2	993	1236	1859	2820	3972	4958	5534	5670	5535	5231	4808	4431	4044	3599	3303	3038	2868	2932	3116	3482	3829	4063	4159	4021	3844	3590	3360	3058	2813	2622	2427	2256	
146	4917	59.9	60.0	15	1	1	2	993	1234	1867	2830	3980	5010	5558	5646	5503	5232	4848	4441	4008	3614	3304	3034	2882	2924	3132	3446	3830	4032	4108	4014	3880	3624	3376	3076	2850	2601	2431	2265	
146	4934	60.0	60.0	15	1	1	2	1018	1232	1840	2825	3965	4969	5543	5655	5530	5205	4817	4451	4012	3592	3304	3044	2873	2921	3144	3453	3804	4018	4128	4018	3847	3612	3382	3112	2815	2606	2433	2247	
146	4951	60.0	60.0	15	1	1	2	1004	1215	1853	2837	3970	4944	5522	5644	5502	5201	4807	4412	3999	3565	3264	3006	2874	2891	3100	3432	3796	3994	4117	4029	3848	3584	3345	3089	2816	2594	2436	2245	
146	5014	94.9	95.0	16	1	0	2	914	1050	1363	1821	2385	2889	3232	3318	3298	3206	3047	2864	2668	2453	2298	2233	2174	2297	2513	2780	3063	3249	3279	3275	3110	2962	2775	2627	2401	2249	2116	2009	
146	5094	60.0	60.1	16	1	1	2	994	1224	1844	2808	3952	4963	5503	5592	5487	5192	4821	4378	4020	3600	3268	3025	2847	2898	3111	3469	3805	4006	4108	4010	3834	3610	3356	3050	2848	2609	2405	2237	
146	5111	60.0	60.0	16	1	1	2	977	1243	1849	2857	3975	4973	5517	5660	5515	5206	4827	4391	4004	3615	3250	3068	2843	2906	3162	3444	3790	4022	4123	4009	3845	3631	3370	3116	2811	2602	2444	2260	
146	5128	59.9	60.0	16	1	1	2	1003	1235	1862	2826	3933	5011	5555	5670	5515	5304	4839	4413	4049	3598	3288	3025	2878	2925	3134	3460	3815	4030	4080	4026	3870	3623	3380	3121	2831	2612	2419	2265	
146	5146	60.0	60.0	16	1	1	2	1002	1243	1862	2839	3954	4929	5532	5625	5517	5189	4836	4405	4004	3593	3285	3039	2861	2882	3104	3465	3805	4009	4118	4011	3836	3645	3348	3088	2826	2600	2416	2261	
146	5163	60.0	60.0	16	1	1	2	1005	1251	1853	2827	3953	4982	5489	5634	5495	5172	4799	4396	3976	3597	3286	3015	2857	2893	3116	3424	3775	3987	4112	4000	3823	3589	3343	3083	2805	2616	2408	2253	
146	5180	60.0	60.0	16	1	1	2	1009	1249	1857	2807	3963	4929	5525	5604	5488	5181	4820	4400	3982	3581	3279	3003	2876	2870	3102	3467	3788	3994	4115	4028	3807	3588	3330	3096	2815	2611	2436	2248	
146	5197	60.0	60.0	16	1	1	2	987	1236	1864	2829	3944	4970	5573	5646	5539	5196	4809	4377	3998	3622	3263	3041	2865	2908	3169	3454	3779	4052	4118	4010	3807	3612	3355	3093	2835	2597	2410	2265	
146	5260	94.9	95.1	17	1	0	2	920	1035	1325	1804	2375	2856	3255	3357	3314	3200	3004	2863	2650	2427	2314	2205	2180	2281	2512	2780	3029	3235	3290	3261	3114	2971	2752	2610	2392	2272	2112	1989	
146	5340	60.0	60.0	17	1	1	2	1016	1223	1843	2850	3951	4939	5479	5652	5476	5206	4798	4442	4010	3596	3299	3024	2882	2885	3087	3435	3770	4019	4087	3993	3835	3609	3376	3089	2823	2618	2385	2252	
146	5357	59.9	60.0	17	1	1	2	994	1248	1854	2865	3964	4888	5448	5652	5512	5190	4787	4427	4001	3572	3254	3036	2889	2909	3149	3435	3776	4011	4091	4000	3811	3597	3358	3078	2792	2617	2421	2237	
146	5375	59.9	60.0	17	1	1	2	1011	1258	1803	2826	3946	4962	5547	5679	5544	5188	4816	4418	4022	3615	3278	3056	2901	2904	3135	3445	3810	4042	4123	4031	3859	3591	3357	3073	2828	2623	2432	2278	
146	5392	60.0	60.0	17	1	1	2	972	1238	1845	2844	3930	4918	5487	5612	5532	5164	4807	4429	3988	3573	3220	3035	2855	2899	3149	3443	3793	4041	4105	4013	3812	3612	3318	3100	2825	2621	2417	2303	
146	5409	60.0	60.0	17	1	1	2	995	1239	1844	2852	3924	4930	5485	5641	5493	5188	4792	4380	3970	3603	3274	3017	2858	2920	3125	3437	3811	3980	4067	4011	3829	3585	3335	3097	2811	2554	2435	2256	
146	5426	60.0	60.0	17	1	1	2	1010	1223	1838	2816	3944	4922	5489	5609	5510	5163	4786	4374	3987	3582	3259	3027	2865	2901	3113	3456	3812	4034	4073	3983	3827	3621	3354	3071	2787	2586	2428	2257	
146	5444	60.0	60.0	17	1	1	2	996	1262	1825	2811	3984	4965	5427	5622	5462	5161	4787	4378	3972	3561	3259	3021	2820	2896	3124	3400	3798	4010	4092	3992	3802	3606	3353	3055	2825	2602	2408	2242	
146	5506	94.9	95.0	18	1	0	2	911	1049	1323	1796	2353	2883	3220	3322	3334	3203	3042	2834	2655	2448	2303	2213	2188	2259	2533	2767	3065	3232	3300	3236	3126	2936	2757	2614	2440	2251	2104	1977	
146	5586	59.9	60.0	18	1	1	2	1003	1221	1841	2826	3952	4929	5498	5641	5521	5154	4814	4396	3978	3608	3282	2993	2866	2872	3133	3431	3812	4014	4093	4013	3815	3606	3340	3071	2800	2611	2410	2246	
146	5603	59.9	60.0	18	1	1	2	991	1243	1844	2801	3921	4947	5549	5611	5536	5204	4775	4416	3984	3602	3262	3025	2885	2917	3132	3414	3818	4012	4082	4027	3848	3628	3364	3068	2829	2605	2433	2260	
146	5621	60.0	60.0	18	1	1	2	1007	1239	1871	2802	3939	4935	5526	5660	5533	5174	4852	4423	4016	3584	3298	3021	2883	2903	3102	3459	3809	3978	4119	4014	3845	3591	3350	3066	2815	2594	2440	2261	
146	5638	59.9	60.0	18	1	1	2	1003	1236	1836	2835	3974	4900	5465	5586	5531	5176	4803	4382	3985	3596	3294	3030	2877	2913	3128	3459	3790	4044	4075	4025	3820	3615	3342	3065	2817	2584	2410	2228	
146	5655	60.0	60.0	18	1	1	2	1005	1240	1867	2818	3925	4930	5464	5639	5454	5159	4814	4403	3941	3573	3260	3060	2878	2880	3099	3410	3802	4005	4094	4018	3817	3582	3336	3077	2753	2614	2409	2239	
146	5672	60.0	60.0	18	1	1	2	995	1251	1859	2833	3967	4978	5525	5610	5516	5213	4825	4390	3983	3601	3266	3036	2874	2919	3124	3456	3797	4024	4152	4024	3834	3617	3348	3084	2845	2585	2433	2258	
146	5690	60.0	60.0	18	1	1	2	1016	1237	1846	2857	3962	4937	5509	5661	5523	5183	4819	4405	4020	3597	3263	3016	2882	2913	3111	3446	3799	3981	4108	4001	3829	3628	3340	3072	2839	2594	2387	2255	
146	5752	95.0	95.1	19	1	0	2	916	1029	1330	1816	2339	2896	3217	3335	3346	3220	3049	2847	2626	2426	2301	2200	2174	2303	2505	2804	3082	3252	3307	3236	3108	2931	2788	2600	2426	2261	2145	1996	
146	5832	60.0	60.1	19	1	1	2	994	1229	1867	2836	3910	4921	5485	5623	5466	5152	4820	4373	3983	3562	3253	3024	2881	2900	3063	3428	3777	3977	4085	4006	3801	3588	3376	3089	2803	2602	2419	2227	
146	5849	59.9	60.0	19	1	1	2	1020	1212	1861	2837	3944	4952	5495	5617	5568	5154	4785	4423	4017	3590	3284	3036	2869	2932	3125	3449	3820	4040	4092	4052	3860	3621	3361	3098	2815	2589	2465	2262	
146	5867	60.0	60.0	19	1	1	2	1007	1238	1840	2832	3972	4952	5524	5668	5474	5220	4816	4376	4007	3617	3292	3049	2877	2879	3126	3435	3808	3990	4105	4018	3809	3613	3323	3092	2796	2573	2447	2241	
146	5884	60.0	60.0	19	1	1	2	1002	1240	1831	2782	3964	4884	5467	5588	5466	5190	4798	4386	3982	3585	3277	2996	2835	2890	3085	3423	3758	3997	4085	3969	3814	3600	3336	3072	2787	2566	2399	2245	
146	5901	59.9	60.0	19	1	1	2	1014	1231	1841	2818	3989	4953	5499	5624	5507	5191	4798	4408	4024	3573	3260	3022	2881	2922	3138	3422	3796	4034	4083	4032	3812	3601	3318	3058	2790	2583	2408	2266	
146	5918	60.0	60.0	19	1	1	2	993	1241	1828	2797	3909	4913	5448	5615	5525	5172	4757	4376	3978	3574	3279	3017	2836	2858	3088	3381	3787	3991	4085	3993	3777	3628	3345	3062	2768	2584	2412	2231	
146	5936	60.0	60.0	19	1	1	2	1010	1227	1858	2790	3907	4907	5442	5594	5457	5148	4804	4390	4022	3585	3244	3032	2842	2880	3088	3423	3787	3970	4085	3975	3790	3587	3320	3052	2795	2560	2406	2238	
146	5998	94.9	95.0	20	1	0	2	925	1030	1329	1811	2383	2858	3231	3301	3299	3188	3036	2857	2629	2437	2292	2214	2150	2266	2502	2793	3076	3232	3283	3192	3112	2945	2772	2585	2396	2221	2125	1968	
146	6078	60.0	60.1	20	1	1	2	1029	1235	1822	2827	3925	4879	5466	5588	5475	5172	4790	4354	3964	3581	3275	2994	2852	2909	3089	3398	3759	3998	4086	4034	3788	3551	3320	3055	2828	2552	2440	2281	
146	6096	59.9	60.0	20	1	1	2	1000	1228	1858	2848	3959	4943	5528	5626	5504	5194	4785	4390	4000	3579	3299	3020	2887	2894	3120	3440	3792	4018	4111	4016	3800	3628	3306	3092	2815	2587	2417	2263	
146	6113	59.9	60.0	20	1	1	2	1010	1207	1857	2831	3989	4923	5519	5608	5492	5171	4816	4424	4004	3595	3279	3037	2869	2914	3102	3440	3800	4026	4111	4029	3834	3624	3342	3071	2772	2621	2427	2235	
146	6130	60.0	60.0	20	1	1	2	1013	1238	1873	2825	3925	4886	5500	5627	5513	5158	4791	4431	4044	3604	3287	3000	2843	2875	3094	3421	3780	3988	4133	3999	3809	3601	3345	3060	2813	2584	2439	2239	
146	6147	59.9	60.0	20	1	1	2	1003	1237	1858	2839	3935	4953	5469	5597	5446	5178	4783	4334	3969	3596	3300	2979	2868	2887	3139	3421	3788	4005	4088	4001	3756	3576	3341	3052	2812	2595	2398	2250	
146	6165	59.9	60.0	20	1	1	2	964	1229	1845	2812	3947	4914	5478	5547	5494	5206	4832	4376	3977	3574	3276	2976	2871	2907	3099	3416	3759	4001	4067	3986	3804	3590	3312	3071	2825	2586	2415	2247	
146	6182	60.0	60.0	20	1	1	2	997	1221	1856	2802	3940	4958	5478	5629	5468	5195	4808	4403	3982	3588	3263	2994	2877	2904	3124	3463	3776	4013	4063	3959	3842	3581	3365	3060	2799	2584	2409	2266	
146	6246	94.9	95.1	21	1	0	2	922	1043	1324	1816	2350	2871	3168	3315	3323	3171	3049	2842	2651	2419	2300	2173	2169	2271	2504	2758	3056	3235	3262	3216	3071	2940	2797	2580	2380	2235	2131	1989	
146	6326	60.0	60.1	21	1	1	2	993	1229	1829	2818	3904	4887	5462	5565	5428	5112	4772	4355	3989	3564	3204	3019	2843	2863	3080	3404	3747	3937	4079	4010	3825	3559	3316	3038	2803	2587	2414	2240	
146	6344	60.0	60.0	21	1	1	2	989	1237	1846	2843	3981	4933	5486	5644	5483	5177	4822	4396	3981	3592	3292	3012	2874	2906	3150	3452	3790	3996	4064	4009	3815	3619	3327	3096	2795	2614	2412	2261	
146	6361	59.9	60.0	21	1	1	2	1006	1226	1850	2840	3915	4935	5464	5636	5470	5169	4797	4393	4010	3589	3282	3032	2855	2914	3097	3443	3775	3996	4083	4021	3816	3576	3341	3091	2852	2585	2413	2234	
146	6378	60.0	60.0	21	1	1	2	992	1235	1843	2804	3925	4918	5486	5616	5496	5191	4791	4373	3970	3583	3243	3003	2861	2901	3131	3387	3793	3993	4072	3991	3784	3606	3317	3071	2801	2567	2427	2239	
146	6395	60.0	60.0	21	1	1	2	990	1246	1840	2799	3952	4931	5482	5620	5472	5182	4844	4406	3971	3590	3282	3012	2859	2903	3140	3418	3762	4009	4088	3974	3811	3598	3301	3069	2828	2579	2402	2244	
146	6413	59.9	60.0	21	1	1	2	989	1234	1840	2797	3923	4900	5465	5616	5466	5144	4755	4368	3980	3597	3245	2986	2826	2861	3090	3416	3783	4009	4102	4010	3797	3573	3321	3070	2829	2565	2433	2245	
146	6430	59.9	60.0	21	1	1	2	982	1252	1814	2812	3947	4879	5531	5603	5437	5174	4783	4351	3984	3574	3229	2992	2865	2897	3113	3419	3831	4012	4045	3976	3802	3558	3332	3056	2808	2581	2422	2221	
146	6494	95.0	95.1	22	1	0	2	926	1023	1322	1814	2372	2898	3205	3317	3310	3193	3033	2844	2623	2449	2276	2181	2136	2271	2521	2758	3030	3209	3285	3189	3112	2947	2765	2561	2403	2250	2102	1978	
146	6574	60.0	60.1	22	1	1	2	989	1221	1824	2787	3904	4885	5438	5570	5444	5135	4799	4365	3928	3577	3255	3020	2854	2910	3091	3388	3786	3998	4092	4020	3823	3593	3315	3095	2785	2569	2403	2234	
146	6592	59.9	60.0	22	1	1	2	995	1239	1855	2803	3984	4962	5520	5628	5507	5184	4828	4425	4004	3594	3272	3006	2870	2932	3116	3419	3796	3989	4081	4003	3813	3610	3354	3076	2823	2591	2454	2262	
146	6609	60.0	60.0	22	1	1	2	987	1232	1840	2807	3933	4928	5455	5646	5498	5185	4776	4404	3979	3611	3258	3009	2856	2912	3150	3440	3799	4010	4093	3976	3831	3615	3330	3076	2806	2575	2424	2244	
146	6626	59.9	60.0	22	1	1	2	993	1255	1835	2829	3922	4948	5503	5575	5478	5197	4785	4386	3994	3597	3244	3026	2849	2881	3089	3409	3788	4000	4093	4007	3825	3589	3329	3051	2803	2594	2410	2246	
146	6643	60.0	60.0	22	1	1	2	1002	1230	1820	2812	3903	4923	5461	5595	5434	5206	4767	4392	3977	3549	3271	3006	2876	2912	3131	3412	3786	3952	4078	3975	3786	3588	3338	3019	2781	2593	2401	2257	
146	6661	60.0	60.0	22	1	1	2	984	1226	1848	2805	3899	4901	5451	5629	5488	5169	4761	4406	3969	3569	3232	2996	2882	2869	3111	3416	3791	4001	4074	3983	3779	3579	3329	3040	2795	2604	2417	2252	
146	6678	60.0	60.0	22	1	1	2	941	1226	1834	2822	3960	4894	5455	5638	5462	5156	4732	4408	3979	3568	3302	2976	2862	2883	3121	3425	3762	3972	4082	3973	3807	3610	3325	3057	2794	2546	2408	2252	
146	6742	94.9	95.1	23	1	0	2	934	1024	1320	1819	2389	2875	3240	3314	3285	3197	3042	2836	2637	2401	2277	2205	2161	2280	2498	2754	3053	3262	3256	3215	3072	2881	2756	2568	2393	2233	2110	1966	
146	6823	60.1	60.1	23	1	1	2	996	1230	1834	2790	3895	4940	5436	5575	5450	5180	4763	4343	3975	3597	3243	3001	2868	2885	3081	3421	3793	3978	4071	3981	3816	3608	3306	3062	2785	2555	2410	2234	
146	6840	59.9	60.0	23	1	1	2	992	1262	1840	2838	3951	4956	5471	5572	5521	5188	4783	4392	3971	3609	3288	2992	2892	2891	3129	3428	3805	3985	4082	3994	3823	3581	3347	3058	2840	2575	2436	2244	
146	6857	59.9	60.0	23	1	1	2	995	1247	1847	2823	3928	4898	5507	5635	5474	5168	4813	4412	3955	3560	3242	3000	2850	2898	3132	3417	3786	3987	4082	4011	3829	3603	3348	3027	2790	2615	2415	2227	
146	6874	60.0	60.0	23	1	1	2	974	1225	1857	2801	3935	4947	5474	5618	5446	5178	4808	4387	3994	3588	3254	3010	2853	2906	3100	3445	3752	3979	4061	4002	3840	3599	3368	3064	2789	2567	2412	2253	
146	6892	60.0	60.0	23	1	1	2	1011	1236	1852	2799	3929	4923	5498	5612	5525	5164	4816	4396	3997	3600	3270	3003	2865	2869	3104	3421	3765	3984	4074	3994	3803	3610	3329	3052	2803	2582	2398	2256	
146	6909	59.9	60.0	23	1	1	2	985	1227	1846	2817	3900	4855	5452	5631	5434	5117	4778	4378	3986	3587	3237	2994	2828	2868	3081	3398	3736	3955	4039	3962	3788	3574	3329	3034	2801	2584	2410	2231	
146	6926	60.0	60.0	23	1	1	2	976	1224	1848	2801	3951	4925	5502	5545	5417	5172	4771	4355	3999	3535	3228	2995	2829	2869	3108	3406	3778	3983	4099	3968	3804	3572	3320	3021	2804	2588	2392	2244	
146	6989	94.9	95.1	24	1	0	2	926	1036	1307	1794	2343	2866	3232	3324	3286	3190	3050	2820	2618	2405	2268	2198	2183	2272	2487	2776	3057	3217	3274	3235	3080	2949	2746	2557	2397	2212	2129	2004	
146	7068	60.0	60.1	24	1	1	2	1000	1218	1842	2801	3924	4867	5485	5562	5451	5153	4792	4392	3965	3574	3222	2994	2862	2918	3090	3388	3721	4001	4079	3985	3771	3574	3315	3071	2830	2577	2393	2223	
146	7085	59.9	60.0	24	1	1	2	983	1238	1845	2797	3933	4914	5467	5638	5471	5175	4804	4413	3986	3545	3286	3021	2853	2892	3095	3408	3752	3959	4078	3997	3785	3601	3334	3052	2786	2577	2402	2262	
146	7102	60.0	60.0	24	1	1	2	1008	1231	1839	2833	3944	4941	5502	5571	5531	5182	4855	4376	4020	3608	3248	3016	2884	2904	3126	3407	3768	3995	4096	4024	3779	3576	3349	3054	2807	2581	2421	2267	
146	7120	59.9	60.0	24	1	1	2	992	1250	1848	2842	3931	4932	5458	5598	5449	5126	4790	4382	3927	3581	3271	2980	2866	2912	3102	3408	3762	3987	4129	4003	3781	3592	3347	3043	2818	2576	2418	2247	
146	7137	59.9	60.0	24	1	1	2	1002	1234	1838	2823	3907	4901	5496	5573	5480	5107	4792	4405	3994	3588	3254	3014	2874	2899	3089	3405	3788	4005	4090	3996	3786	3572	3318	3052	2782	2574	2406	2239	
146	7154	59.9	60.0	24	1	1	2	1008	1241	1842	2801	3913	4866	5434	5596	5472	5176	4761	4365	3965	3566	3252	3011	2856	2910	3094	3406	3789	4010	4054	3987	3794	3558	3314	3076	2811	2586	2374	2245	
146	7171	60.0	60.0	24	1	1	2	993	1238	1839	2804	3929	4901	5472	5605	5479	5160	4782	4403	3953	3576	3285	2975	2851	2910	3106	3451	3771	4070	4121	4026	3798	3589	3312	3065	2810	2598	2401	2257	
146	7234	95.0	95.0	25	1	0	2	929	1018	1328	1819	2340	2883	3210	3335	3282	3192	3036	2840	2654	2436	2275	2196	2174	2291	2484	2756	3056	3208	3292	3231	3092	2927	2779	2565	2394	2220	2120	1990	
146	7314	60.0	60.1	25	1	1	2	977	1226	1815	2787	3912	4893	5461	5599	5464	5148	4788	4362	3967	3569	3248	3005	2832	2892	3101	3384	3778	4002	4111	3970	3826	3571	3322	3044	2806	2574	2384	2256	
146	7331	59.9	60.0	25	1	1	2	988	1172	1855	2798	3924	4932	5509	5599	5456	5180	4775	4364	4008	3556	3279	2976	2840	2903	3123	3397	3779	3963	4068	3998	3799	3576	3341	3039	2840	2606	2405	2207	
146	7348	59.9	60.0	25	1	1	2	983	1239	1849	2828	3941	4948	5542	5580	5472	5183	4813	4360	3965	3558	3270	2996	2845	2908	3092	3421	3770	4011	4092	4042	3827	3589	3345	3057	2774	2589	2410	2253	
146	7366	60.0	60.0	25	1	1	2	998	1225	1844	2817	3915	4907	5471	5622	5464	5240	4803	4393	3997	3579	3262	3002	2864	2914	3099	3436	3770	4010	4080	3984	3806	3592	3352	3066	2788	2606	2417	2238	
146	7383	59.9	60.0	25	1	1	2	999	1231	1835	2798	3924	4937	5455	5607	5497	5209	4769	4388	3998	3591	3276	3012	2846	2879	3106	3382	3766	3967	4085	3970	3818	3583	3329	3052	2841	2554	2443	2214	
146	7400	60.0	60.0	25	1	1	2	995	1226	1848	2844	3920	4926	5451	5598	5453	5161	4762	4385	3967	3593	3280	3004	2844	2914	3113	3395	3790	3969	4081	4014	3788	3577	3327	3055	2792	2573	2379	2243	
146	7417	60.0	60.0	25	1	1	2	995	1227	1826	2829	3894	4867	5459	5608	5413	5147	4747	4377	3973	3491	3272	3018	2844	2904	3080	3419	3751	3998	4048	3987	3767	3580	3344	3041	2803	2617	2393	2201	
146	7480	95.0	95.0	26	1	0	2	913	1036	1324	1810	2378	2870	3206	3321	3325	3189	2994	2794	2642	2420	2286	2197	2182	2231	2466	2804	3052	3224	3264	3225	3080	2934	2792	2576	2390	2243	2124	1981	
146	7560	60.0	60.1	26	1	1	2	1005	1238	1853	2818	3905	4886	5432	5562	5423	5152	4751	4404	3952	3597	3248	2983	2860	2885	3079	3449	3769	3985	4104	3989	3779	3565	3351	3069	2792	2566	2398	2253	
146	7577	59.9	60.0	26	1	1	2	991	1215	1847	2808	3925	4904	5486	5570	5495	5196	4786	4377	4033	3576	3274	2962	2861	2883	3123	3432	3788	4022	4128	3995	3814	3626	3341	3080	2808	2572	2392	2233	
146	7594	59.9	60.0	26	1	1	2	999	1240	1855	2848	3985	4939	5485	5647	5540	5189	4856	4431	4030	3632	3304	3027	2873	2900	3104	3434	3842	4038	4114	4005	3839	3585	3331	3080	2826	2599	2429	2240	
146	7612	59.9	60.0	26	1	1	2	1007	1240	1862	2816	3949	4933	5461	5614	5513	5190	4794	4378	4004	3573	3273	3016	2863	2904	3159	3411	3803	3975	4098	4008	3818	3610	3315	3056	2808	2596	2396	2232	
146	7629	60.0	60.0	26	1	1	2	994	1226	1852	2807	3913	4912	5433	5599	5455	5144	4780	4351	3980	3572	3234	2998	2840	2900	3079	3407	3736	3965	4036	3993	3795	3554	3333	3063	2824	2574	2400	2239	
146	7646	60.0	60.0	26	1	1	2	992	1245	1861	2830	3948	4944	5462	5635	5488	5173	4779	4416	3972	3599	3264	3037	2857	2908	3105	3422	3760	4005	4064	3984	3821	3615	3353	3024	2787	2586	2423	2247	
146	7663	60.0	60.0	26	1	1	2	1003	1224	1828	2825	3932	4893	5452	5643	5497	5141	4789	4391	3976	3582	3268	3017	2837	2891	3125	3407	3784	4026	4102	4025	3793	3598	3348	3054	2805	2571	2418	2258	
146	7726	94.9	95.0	27	1	0	2	926	1030	1332	1798	2373	2858	3210	3339	3299	3183	3006	2836	2634	2429	2285	2154	2160	2292	2468	2765	3044	3245	3292	3200	3086	2915	2791	2591	2390	2226	2109	1993	
146	7806	60.0	60.1	27	1	1	2	988	1238	1838	2781	3954	4876	5457	5546	5427	5133	4760	4351	3965	3540	3254	3000	2853	2906	3058	3419	3797	3979	4073	4013	3806	3563	3315	3059	2798	2592	2407	2250	
146	7823	59.9	60.0	27	1	1	2	997	1239	1851	2832	3931	4926	5447	5596	5488	5163	4814	4378	3985	3580	3276	3019	2863	2854	3118	3436	3793	3999	4091	3991	3809	3590	3336	3094	2795	2602	2396	2247	
146	7841	59.9	60.0	27	1	1	2	996	1231	1825	2842	3917	4913	5489	5638	5443	5162	4781	4350	3997	3571	3274	3013	2887	2878	3101	3430	3753	3948	4084	3964	3790	3568	3346	3038	2789	2583	2401	2249	
146	7858	60.0	60.0	27	1	1	2	1005	1227	1847	2808	3928	4880	5493	5622	5465	5165	4793	4335	3957	3576	3250	3010	2896	2868	3123	3400	3790	4008	4036	4014	3816	3556	3320	3054	2786	2613	2396	2237	
146	7875	60.0	60.0	27	1	1	2	991	1242	1828	2829	3929	4927	5475	5600	5459	5167	4774	4376	3948	3569	3165	2985	2836	2880	3100	3406	3782	3942	4059	3970	3816	3524	3351	3031	2811	2566	2394	2243	
146	7892	59.9	60.0	27	1	1	2	992	1241	1860	2806	3940	4918	5463	5570	5453	5175	4707	4351	3993	3565	3207	3010	2824	2881	3088	3404	3752	4007	4083	3991	3808	3564	3328	3050	2789	2568	2416	2253	
146	7910	59.9	60.0	27	1	1	2	999	1210	1834	2831	3952	4923	5532	5634	5485	5176	4831	4389	4020	3581	3286	3022	2857	2901	3104	3431	3777	4009	4078	4014	3819	3553	3313	3071	2821	2621	2397	2247	
146	7974	95.0	95.1	28	1	0	2	910	1036	1321	1792	2339	2863	3211	3320	3305	3195	3051	2812	2630	2403	2270	2196	2150	2307	2516	2763	3069	3205	3248	3200	3077	2963	2763	2565	2375	2225	2105	1997	
146	8054	59.9	60.1	28	1	1	2	966	1236	1820	2817	3921	4898	5466	5553	5415	5140	4723	4353	3977	3571	3261	2985	2829	2881	3111	3408	3733	3974	4085	3985	3768	3550	3299	3032	2793	2559	2375	2258	
146	8071	59.9	60.0	28	1	1	2	998	1221	1856	2809	3933	4881	5481	5557	5456	5143	4788	4386	3971	3587	3233	3027	2855	2899	3087	3389	3775	3983	4082	3986	3789	3542	3325	3053	2807	2615	2412	2238	
146	8089	60.0	60.0	28	1	1	2	1003	1249	1834	2819	3949	4925	5495	5619	5504	5157	4795	4423	4002	3557	3248	3024	2857	2879	3090	3404	3777	3996	4075	4025	3791	3580	3313	3072	2813	2572	2392	2252	
146	8106	60.0	60.0	28	1	1	2	995	1232	1850	2808	3922	4917	5458	5564	5429	5177	4740	4377	3918	3548	3256	3001	2863	2870	3132	3405	3792	3974	4084	3997	3795	3611	3332	3080	2797	2586	2400	2229	
146	8123	60.0	60.0	28	1	1	2	998	1254	1861	2822	3932	4910	5462	5583	5445	5142	4759	4363	3961	3575	3249	3019	2871	2871	3086	3428	3750	4015	4079	3964	3769	3575	3306	3076	2782	2580	2408	2218	
146	8140	60.0	60.0	28	1	1	2	1002	1233	1841	2785	3915	4881	5477	5564	5363	5123	4732	4368	3943	3552	3236	2990	2859	2850	3092	3394	3782	3947	4106	3967	3790	3569	3306	3059	2792	2572	2383	2238	
146	8158	60.0	60.0	28	1	1	2	988	1230	1844	2801	3890	4874	5489	5577	5400	5124	4781	4371	3936	3561	3238	2996	2842	2886	3082	3402	3780	3977	4058	3972	3773	3556	3303	3029	2780	2595	2418	2225	
146	8222	94.9	95.1	29	1	0	2	920	1035	1310	1817	2350	2874	3177	3314	3281	3173	3017	2808	2643	2399	2289	2191	2163	2264	2486	2736	3044	3200	3285	3197	3061	2925	2773	2561	2397	2227	2112	1968	
146	8302	59.8	60.1	29	1	1	2	995	1238	1843	2803	3925	4881	5490	5627	5467	5138	4766	4346	3957	3566	3257	2986	2841	2908	3093	3426	3796	3976	4098	3966	3820	3593	3333	3066	2803	2573	2388	2229	
146	8319	59.9	60.0	29	1	1	2	1002	1211	1837	2811	3922	4916	5473	5594	5486	5167	4789	4360	3974	3572	3294	3033	2862	2896	3106	3416	3795	3998	4098	3998	3806	3589	3328	3049	2769	2614	2414	2220	
146	8337	59.9	60.0	29	1	1	2	995	1157	1850	2806	3946	4955	5465	5581	5466	5192	4786	4369	4014	3561	3246	3006	2873	2866	3116	3408	3780	4009	4088	4020	3782	3603	3347	3055	2811	2561	2386	2223	
146	8354	60.0	60.0	29	1	1	2	1003	1230	1825	2813	3911	4944	5495	5560	5440	5148	4760	4349	3963	3570	3233	2987	2844	2857	3073	3404	3798	3959	4045	3973	3776	3628	3308	3042	2790	2571	2402	2239	
146	8371	60.0	60.0	29	1	1	2	1004	1223	1856	2803	3929	4854	5480	5559	5449	5100	4765	4363	3947	3524	3274	2972	2867	2890	3080	3371	3739	3960	4063	3928	3749	3569	3290	3047	2771	2608	2393	2234	
146	8388	59.9	60.0	29	1	1	2	997	1228	1829	2789	3917	4872	5401	5547	5434	5141	4799	4356	3950	3531	3248	2964	2835	2893	3092	3392	3762	3927	4062	3967	3796	3569	3349	3045	2777	2568	2398	2246	
146	8406	59.9	60.0	29	1	1	2	975	1224	1858	2820	3925	4909	5423	5575	5442	5158	4748	4360	3990	3531	3222	3032	2873	2872	3086	3383	3794	3977	4032	3992	3791	3552	3317	3057	2786	2594	2414	2239	
146	8468	95.0	95.0	30	1	0	2	904	1029	1337	1831	2376	2826	3170	3325	3337	3163	3035	2824	2649	2422	2289	2200	2169	2279	2504	2758	3029	3237	3237	3212	3080	2948	2805	2595	2396	2225	2098	1999	
146	8548	59.9	60.1	30	1	1	2	979	1226	1842	2828	3922	4882	5460	5540	5439	5178	4771	4328	4004	3558	3253	2976	2860	2856	3082	3417	3802	3985	4009	3998	3790	3568	3325	3060	2791	2604	2437	2232	
146	8565	59.9	60.0	30	1	1	2	1008	1231	1849	2801	3928	4923	5460	5600	5466	5194	4822	4360	3997	3592	3274	3001	2857	2864	3104	3424	3778	3958	4084	3978	3804	3572	3348	3075	2804	2585	2406	2241	
146	8583	60.0	60.0	30	1	1	2	989	1216	1837	2796	3960	4929	5480	5614	5456	5166	4757	4345	3998	3566	3277	2983	2865	2891	3126	3385	3814	3997	4075	3940	3814	3544	3357	3072	2812	2547	2420	2237	
146	8600	60.0	60.0	30	1	1	2	995	1251	1841	2855	3945	4981	5505	5651	5457	5188	4793	4395	3969	3590	3283	2997	2875	2902	3117	3436	3756	3980	4096	4002	3807	3615	3333	3061	2805	2610	2409	2287	
146	8617	60.0	60.0	30	1	1	2	1000	1243	1820	2831	3906	4885	5463	5588	5458	5163	4753	4348	3946	3548	3268	2972	2827	2893	3099	3404	3779	3995	4056	3971	3774	3577	3331	3075	2775	2588	2392	2245	
146	8634	60.0	60.0	30	1	1	2	994	1225	1858	2819	3913	4936	5475	5610	5474	5167	4734	4377	3981	3576	3265	3025	2846	2879	3110	3442	3792	4005	4070	3975	3782	3584	3326	3045	2820	2572	2388	2268	
146	8652	60.0	60.0	30	1	1	2	1004	1237	1859	2825	3936	4877	5486	5588	5457	5156	4785	4391	3972	3552	3277	3013	2882	2917	3115	3429	3821	3981	4067	3966	3806	3576	3327	3053	2802	2589	2409	2246	
146	8716	95.0	95.1	31	1	0	2	934	1031	1315	1810	2379	2897	3203	3338	3338	3217	3046	2818	2644	2434	2308	2189	2184	2260	2487	2774	3041	3199	3291	3238	3106	2918	2797	2585	2421	2237	2096	1967	
146	8796	59.9	60.1	31	1	1	2	990	1221	1838	2791	3921	4860	5471	5552	5445	5127	4789	4327	3954	3538	3232	2969	2849	2901	3091	3394	3795	3970	4046	3937	3806	3553	3318	3043	2773	2591	2408	2239	
146	8814	59.9	60.0	31	1	1	2	1017	1254	1845	2843	3945	4926	5475	5644	5517	5166	4795	4405	3985	3573	3241	3040	2852	2862	3109	3409	3790	3982	4123	3984	3799	3593	3330	3070	2796	2571	2415	2254	
146	8831	59.9	60.0	31	1	1	2	988	1249	1867	2820	3983	4965	5527	5627	5499	5223	4827	4447	4024	3598	3275	3026	2893	2912	3126	3425	3779	4012	4086	4032	3810	3621	3344	3090	2840	2596	2444	2263	
146	8848	60.0	60.0	31	1	1	2	1000	1268	1827	2802	3935	4947	5488	5580	5492	5177	4784	4406	3975	3585	3238	2981	2866	2899	3118	3421	3769	4014	4093	4037	3804	3593	3361	3048	2820	2563	2410	2230	
146	8865	59.9	60.0	31	1	1	2	944	1255	1838	2800	3902	4907	5480	5619	5498	5154	4764	4374	4010	3552	3244	2993	2830	2860	3100	3399	3742	3969	4067	3964	3790	3553	3308	3060	2783	2590	2382	2180	
146	8883	59.9	60.0	31	1	1	2	992	1228	1835	2803	3947	4855	5449	5576	5481	5165	4745	4324	3963	3568	3233	2981	2848	2889	3089	3426	3755	3967	4064	3984	3804	3535	3319	3044	2785	2578	2373	2217	
146	8900	59.9	60.0	31	1	1	2	987	1237	1852	2818	3913	4899	5471	5572	5417	5160	4771	4347	3938	3548	3245	2981	2870	2892	3113	3401	3759	3978	4079	3997	3812	3588	3317	3074	2813	2571	2417	2237	
146	8962	95.1	95.1	32	1	0	2	899	1026	1317	1798	2342	2860	3174	3304	3308	3186	3035	2831	2592	2418	2290	2188	2191	2275	2484	2745	3051	3223	3249	3216	3072	2925	2751	2573	2368	2231	2085	1976	
146	9042	59.9	60.1	32	1	1	2	1004	1254	1870	2782	3913	4934	5403	5566	5481	5132	4755	4358	3959	3529	3253	2995	2842	2894	3081	3368	3801	3973	4040	3962	3786	3524	3289	3066	2797	2577	2411	2272	
146	9060	59.9	60.0	32	1	1	2	1006	1238	1842	2826	3955	4925	5514	5630	5493	5222	4816	4397	3987	3566	3292	3029	2870	2912	3119	3409	3764	4008	4097	4038	3781	3637	3352	3076	2820	2589	2406	2238	
146	9077	59.9	60.0	32	1	1	2	998	1247	1840	2827	3906	4900	5449	5569	5480	5163	4750	4383	4000	3568	3278	2992	2879	2896	3097	3415	3778	3979	4075	3984	3819	3547	3352	3016	2791	2613	2420	2238	
146	9094	60.0	60.0	32	1	1	2	989	1249	1849	2812	3916	4896	5494	5625	5470	5213	4792	4360	4003	3556	3259	3002	2854	2900	3104	3392	3768	3995	4068	3999	3800	3600	3340	3083	2811	2590	2382	2246	
146	9111	60.0	60.0	32	1	1	2	1002	1226	1836	2790	3918	4899	5425	5552	5463	5153	4783	4366	3952	3539	3260	2961	2861	2868	3075	3407	3757	3990	4070	3989	3794	3554	3297	3065	2783	2565	2462	2240	
146	9129	59.9	60.0	32	1	1	2	990	1228	1828	2827	3904	4904	5453	5581	5497	5184	4725	4379	3963	3590	3262	3010	2878	2864	3077	3408	3739	3972	4044	3988	3819	3568	3318	3077	2781	2613	2402	2236	
146	9146	60.0	60.0	32	1	1	2	986	1238	1860	2801	3894	4893	5469	5577	5442	5133	4758	4402	3993	3572	3298	2971	2855	2883	3116	3437	3780	3999	4067	3980	3814	3572	3306	3042	2807	2587	2406	2236	
146	9208	95.0	95.0	33	1	0	2	912	1031	1336	1804	2377	2867	3233	3351	3334	3194	3056	2824	2623	2422	2284	2202	2184	2278	2496	2776	3056	3203	3281	3201	3109	2915	2754	2579	2384	2220	2114	1981	
146	9289	60.0	60.1	33	1	1	2	985	1222	1862	2803	3915	4881	5437	5599	5437	5141	4788	4379	3973	3573	3258	3023	2858	2869	3073	3410	3762	3990	4039	3979	3802	3600	3311	3025	2793	2578	2387	2231	
146	9306	59.9	60.0	33	1	1	2	1000	1223	1860	2815	3932	4911	5437	5625	5478	5130	4749	4374	3968	3572	3252	3012	2860	2895	3083	3428	3741	3994	4073	3969	3802	3570	3320	3053	2804	2567	2427	2227	
146	9323	60.0	60.0	33	1	1	2	1002	1243	1866	2810	3933	4957	5465	5612	5502	5165	4837	4409	3961	3610	3270	3016	2863	2909	3092	3449	3813	4004	4102	4003	3800	3585	3366	3044	2821	2577	2405	2251	
146	9340	59.9	60.0	33	1	1	2	997	1232	1856	2819	3963	4948	5450	5609	5522	5184	4787	4398	3932	3583	3266	3007	2886	2896	3073	3414	3733	3979	4075	3989	3782	3594	3337	3063	2814	2592	2410	2257	
146	9358	60.0	60.0	33	1	1	2	991	1220	1833	2786	3911	4894	5426	5557	5463	5126	4778	4332	4007	3566	3241	2983	2854	2866	3094	3386	3785	3992	4086	3937	3823	3543	3309	3058	2778	2573	2394	2237	
146	9375	60.0	60.0	33	1	1	2	1002	1272	1832	2809	3911	4938	5469	5576	5482	5140	4822	4381	3967	3559	3255	3009	2828	2871	3092	3411	3807	4035	4088	3946	3763	3580	3318	3094	2809	2602	2410	2261	
146	9392	60.0	60.0	33	1	1	2	999	1238	1841	2789	3927	4877	5457	5572	5443	5152	4763	4362	3978	3567	3241	3010	2845	2874	3088	3431	3757	3977	4081	3979	3799	3585	3301	3055	2767	2598	2410	2236	
146	9455	94.9	95.0	34	1	0	2	913	1045	1369	1790	2359	2852	3207	3345	3317	3188	2992	2862	2637	2408	2283	2190	2184	2278	2486	2773	3035	3201	3297	3172	3078	2943	2779	2576	2411	2226	2115	1999	
146	9535	60.0	60.0	34	1	1	2	1009	1229	1862	2803	3918	4927	5480	5588	5478	5192	4794	4410	3965	3576	3238	3023	2881	2900	3093	3427	3809	4021	4057	3987	3815	3570	3334	3041	2810	2554	2414	2254	
146	9552	59.9	60.0	34	1	1	2	1003	1238	1876	2813	3953	4907	5478	5625	5530	5174	4801	4420	4036	3596	3288	2999	2867	2909	3098	3428	3801	4012	4068	4005	3791	3601	3345	3060	2809	2596	2403	2235	
146	9569	60.0	60.0	34	1	1	2	994	1238	1882	2841	3979	4946	5490	5671	5526	5214	4833	4384	4001	3593	3281	3013	2851	2900	3116	3439	3784	4037	4081	4037	3816	3576	3335	3080	2807	2579	2427	2249	
146	9586	59.9	60.0	34	1	1	2	989	1243	1864	2797	3904	4907	5447	5596	5461	5145	4791	4377	3945	3569	3257	2999	2870	2886	3119	3424	3798	3962	4102	3957	3800	3584	3321	3063	2800	2583	2402	2244	
146	9604	60.0	60.0	34	1	1	2	1006	1242	1852	2815	3941	4910	5437	5587	5497	5132	4765	4421	3992	3570	3269	2976	2840	2909	3084	3400	3776	3980	4072	4013	3796	3600	3330	3058	2790	2580	2406	2242	
146	9621	60.0	60.0	34	1	1	2	1018	1241	1853	2822	3906	4888	5416	5551	5434	5182	4737	4357	3960	3557	3238	3030	2840	2877	3098	3410	3764	3988	4063	3961	3808	3600	3326	3068	2779	2546	2392	2246	
146	9638	60.0	60.0	34	1	1	2	1001	1222	1845	2825	3906	4908	5476	5589	5456	5164	4788	4382	4003	3592	3281	2999	2860	2909	3098	3426	3776	3954	4085	3987	3800	3556	3369	3044	2780	2577	2405	2250	
146	9703	94.8	95.0	35	1	0	2	923	1067	1324	1800	2373	2868	3166	3309	3287	3181	3032	2836	2628	2420	2290	2204	2169	2251	2498	2749	3017	3210	3280	3232	3098	2920	2764	2560	2406	2248	2099	1965	
146	9783	60.0	60.1	35	1	1	2	1000	1230	1824	2804	3926	4915	5467	5555	5424	5149	4776	4375	3952	3573	3253	3023	2854	2876	3085	3406	3791	3948	4058	3976	3788	3554	3343	3053	2787	2571	2393	2220	
146	9800	59.9	60.0	35	1	1	2	993	1217	1842	2813	3970	4907	5486	5620	5522	5164	4818	4386	3987	3584	3252	3009	2855	2853	3134	3408	3805	4011	4082	3969	3809	3593	3339	3083	2820	2569	2415	2237	
146	9817	59.9	60.0	35	1	1	2	1011	1240	1847	2840	3964	4955	5465	5599	5476	5219	4806	4397	3999	3584	3276	3007	2876	2895	3107	3430	3818	4002	4123	3986	3823	3628	3311	3087	2827	2590	2393	2222	
146	9834	60.0	60.0	35	1	1	2	1000	1241	1832	2826	3951	4908	5509	5578	5452	5178	4758	4394	3957	3572	3236	3009	2853	2922	3122	3420	3746	4024	4008	4000	3774	3561	3310	3068	2806	2590	2392	2255	
146	9852	60.0	60.0	35	1	1	2	1000	1231	1833	2785	3970	4911	5491	5574	5411	5161	4810	4330	3974	3567	3222	3009	2864	2902	3095	3447	3759	3995	4054	3981	3786	3548	3327	3067	2807	2613	2388	2252	
146	9869	60.0	60.0	35	1	1	2	1004	1226	1840	2827	3930	4877	5440	5583	5434	5144	4781	4387	3955	3599	3236	3000	2867	2869	3094	3430	3754	3961	4062	3977	3785	3529	3337	3065	2802	2577	2377	2251	
146	9886	60.0	60.0	35	1	1	2	997	1244	1855	2809	3888	4904	5467	5629	5408	5123	4781	4406	3927	3566	3286	2997	2878	2870	3093	3422	3773	4008	4044	4008	3776	3541	3311	3044	2825	2577	2392	2234	
146	9951	94.9	95.0	36	1	0	2	925	1034	1321	1795	2376	2866	3232	3317	3317	3171	2998	2830	2612	2445	2229	2195	2187	2258	2479	2744	3052	3179	3278	3219	3051	2953	2740	2580	2401	2230	2111	1964	
146	10031	60.0	60.0	36	1	1	2	1014	1237	1865	2840	3920	4897	5456	5605	5488	5175	4784	4348	3985	3566	3263	3016	2882	2918	3090	3422	3790	3989	4066	4007	3808	3595	3318	3053	2786	2617	2424	2240	
146	10048	59.9	60.0	36	1	1	2	1007	1238	1845	2843	3974	4959	5523	5637	5515	5173	4773	4468	4032	3603	3279	3034	2872	2915	3130	3403	3802	4016	4083	3977	3838	3585	3350	3102	2848	2596	2429	2231	
146	10065	60.0	60.0	36	1	1	2	1022	1244	1845	2828	3941	4884	5531	5656	5485	5218	4795	4418	4015	3610	3302	3058	2852	2915	3096	3441	3743	3985	4101	4009	3839	3603	3340	3069	2812	2581	2406	2237	
146	10083	60.0	60.0	36	1	1	2	1000	1239	1909	2841	3923	4983	5436	5640	5527	5178	4802	4400	3977	3587	3275	3017	2897	2933	3114	3433	3767	4015	4092	4013	3826	3593	3352	3059	2808	2608	2389	2262	
146	10100	59.9	60.0	36	1	1	2	1003	1238	1850	2834	3930	4910	5497	5626	5457	5177	4817	4408	3980	3583	3276	3024	2873	2874	3090	3441	3763	4042	4057	3991	3780	3579	3353	3071	2848	2570	2398	2269	
146	10117	60.0	60.0	36	1	1	2	996	1246	1854	2824	3921	4924	5469	5645	5451	5176	4829	4405	4032	3580	3270	3007	2876	2896	3119	3419	3778	3979	4090	3971	3809	3562	3345	3091	2785	2610	2413	2270	
146	10134	60.0	60.0	36	1	1	2	1007	1249	1863	2797	3948	4916	5433	5577	5473	5161	4795	4353	3967	3556	3312	3019	2858	2910	3090	3393	3761	3986	4067	3971	3814	3542	3307	3055	2809	2595	2418	2240	
146	10197	94.9	95.0	37	1	0	2	920	1035	1334	1803	2368	2874	3207	3355	3310	3185	3055	2859	2639	2436	2289	2214	2209	2266	2533	2777	3075	3217	3272	3246	3109	2931	2754	2558	2400	2269	2099	1991	
146	10277	60.0	60.1	37	1	1	2	1000	1226	1859	2834	3910	4910	5474	5581	5494	5148	4767	4373	3999	3597	3269	3038	2844	2892	3114	3421	3748	3992	4068	3995	3787	3557	3297	3064	2782	2561	2412	2257	
146	10294	59.9	60.0	37	1	1	2	1011	1266	1839	2843	3973	4967	5512	5630	5508	5219	4817	4400	4012	3612	3272	3048	2867	2922	3109	3452	3769	4011	4133	4012	3806	3554	3363	3067	2801	2566	2442	2259	
146	10311	59.9	60.0	37	1	1	2	997	1252	1854	2840	3976	5016	5500	5620	5513	5169	4819	4423	3993	3624	3272	3062	2876	2904	3132	3421	3804	4041	4083	4009	3815	3605	3328	3089	2815	2601	2413	2261	
146	10329	59.9	60.0	37	1	1	2	1003	1247	1838	2817	3940	4931	5483	5634	5450	5201	4830	4425	4012	3574	3270	3053	2889	2912	3115	3381	3798	4011	4100	4004	3781	3598	3348	3033	2835	2600	2408	2279	
146	10346	60.0	60.0	37	1	1	2	1010	1258	1880	2810	3934	4882	5502	5611	5450	5150	4797	4411	3985	3556	3272	3015	2845	2872	3083	3439	3772	4002	4108	3998	3797	3557	3347	3021	2814	2593	2408	2232	
146	10363	60.0	60.0	37	1	1	2	992	1252	1844	2824	3947	4917	5468	5585	5495	5205	4778	4397	3998	3592	3251	3013	2826	2907	3121	3442	3809	3973	4088	3979	3784	3570	3337	3079	2766	2581	2425	2234	
146	10380	60.0	60.0	37	1	1	2	1015	1234	1851	2804	3937	4921	5458	5605	5469	5210	4763	4395	4007	3604	3257	3005	2852	2902	3100	3425	3781	3988	4043	4001	3795	3597	3321	3028	2799	2589	2405	2261	
146	10445	94.9	95.0	38	1	0	2	944	1086	1342	1816	2364	2881	3215	3344	3299	3225	3067	2829	2637	2446	2325	2206	2162	2259	2489	2758	3044	3194	3304	3208	3100	2938	2774	2583	2397	2284	2105	1994	
146	10525	60.0	60.0	38	1	1	2	1010	1238	1852	2823	3939	4912	5480	5612	5448	5141	4756	4366	3984	3538	3233	3012	2863	2892	3106	3405	3769	3983	4078	3988	3809	3592	3297	3073	2781	2572	2423	2227	
146	10542	60.0	60.0	38	1	1	2	1006	1253	1845	2811	3949	4945	5484	5618	5462	5210	4820	4431	3997	3572	3285	3040	2853	2917	3111	3416	3772	3984	4110	4015	3818	3595	3302	3067	2797	2617	2408	2280	
146	10560	59.9	60.0	38	1	1	2	1016	1249	1849	2837	3930	4957	5509	5624	5471	5194	4854	4404	4008	3570	3257	3043	2891	2902	3109	3462	3785	3979	4098	3981	3830	3593	3362	3066	2830	2580	2430	2221	
146	10577	60.0	60.0	38	1	1	2	1012	1255	1852	2864	3941	4946	5468	5624	5459	5190	4808	4383	4020	3591	3273	3023	2895	2887	3118	3392	3771	4004	4051	4005	3781	3561	3319	3053	2774	2584	2435	2249	
146	10594	60.0	60.0	38	1	1	2	1008	1240	1874	2839	3958	4928	5484	5644	5464	5136	4757	4393	3983	3572	3258	3001	2867	2869	3117	3406	3754	3953	4071	3978	3787	3553	3319	3039	2767	2567	2409	2217	
146	10611	59.9	60.0	38	1	1	2	1001	1235	1869	2798	3954	4941	5459	5597	5468	5148	4770	4426	3985	3548	3248	2967	2889	2899	3101	3436	3771	4022	4075	3990	3820	3547	3317	3022	2772	2615	2412	2252	
146	10629	60.0	60.0	38	1	1	2	1012	1257	1855	2838	3921	4896	5455	5583	5480	5208	4808	4371	4002	3591	3281	3019	2891	2890	3105	3444	3817	3982	4104	4020	3798	3558	3379	3064	2789	2573	2417	2247	
146	10693	94.9	95.1	39	1	0	2	921	1042	1346	1811	2388	2864	3230	3354	3324	3221	3072	2862	2661	2470	2281	2185	2158	2289	2504	2767	3037	3202	3309	3201	3076	2926	2808	2560	2412	2250	2117	1953	
146	10773	60.0	60.1	39	1	1	2	1028	1247	1858	2841	3924	4904	5503	5589	5496	5182	4764	4376	4001	3568	3289	3016	2834	2905	3096	3391	3754	3990	4065	4004	3810	3570	3360	3059	2775	2601	2401	2245	
146	10790	59.9	60.0	39	1	1	2	970	1253	1860	2861	3929	4925	5496	5592	5526	5200	4831	4380	4009	3589	3231	3023	2868	2894	3128	3461	3761	3994	4086	4012	3815	3622	3327	3037	2805	2585	2426	2258	
146	10808	59.9	60.0	39	1	1	2	1014	1264	1856	2799	3962	4980	5495	5675	5524	5175	4807	4448	4002	3586	3274	3044	2923	2891	3104	3422	3797	4013	4093	4005	3810	3578	3324	3071	2829	2582	2424	2238	
146	10825	60.0	60.0	39	1	1	2	1005	1236	1901	2826	3983	4946	5497	5593	5555	5219	4821	4424	4023	3566	3254	3024	2885	2872	3158	3436	3760	4022	4081	3971	3786	3604	3347	3050	2821	2600	2423	2253	
146	10842	60.0	60.0	39	1	1	2	1010	1247	1860	2843	3905	4950	5488	5591	5475	5196	4831	4406	3940	3572	3267	3049	2894	2919	3136	3451	3784	3989	4098	3972	3810	3580	3331	3084	2809	2566	2421	2252	
146	10859	60.0	60.0	39	1	1	2	997	1258	1850	2828	3947	4893	5485	5632	5441	5170	4803	4364	3986	3560	3253	3022	2838	2893	3104	3389	3785	3984	4072	3999	3773	3582	3321	3041	2768	2564	2384	2258	
146	10877	59.9	60.0	39	1	1	2	1010	1234	1868	2822	3928	4925	5456	5606	5501	5158	4796	4416	3988	3569	3264	3037	2873	2884	3091	3432	3760	4005	4069	3970	3798	3553	3299	3050	2819	2577	2366	2241	
146	10939	94.9	95.0	40	1	0	2	933	1047	1343	1819	2378	2907	3218	3340	3331	3229	3052	2853	2641	2461	2290	2208	2193	2286	2511	2793	3041	3235	3298	3214	3101	2933	2753	2589	2393	2239	2112	1996	
146	11019	59.9	60.1	40	1	1	2	1008	1237	1849	2792	3952	4896	5454	5604	5423	5148	4802	4358	3974	3591	3246	2995	2884	2904	3068	3414	3770	3945	4048	3996	3775	3583	3327	3036	2785	2608	2401	2250	
146	11036	59.9	60.0	40	1	1	2	1005	1246	1872	2841	3960	4956	5531	5652	5509	5167	4819	4406	4027	3614	3296	3034	2890	2937	3130	3461	3813	4015	4081	4032	3829	3590	3338	3078	2805	2588	2402	2245	
146	11054	60.0	60.0	40	1	1	2	1012	1263	1865	2856	3963	4946	5496	5666	5554	5210	4809	4413	4004	3607	3292	3017	2878	2920	3131	3432	3785	3969	4110	4002	3811	3606	3365	3083	2828	2597	2428	2245	
146	11071	59.9	60.0	40	1	1	2	1014	1245	1864	2853	3986	4938	5553	5688	5523	5203	4828	4404	4015	3626	3261	3022	2901	2936	3146	3395	3780	3997	4084	3991	3836	3578	3335	3063	2824	2578	2409	2244	
146	11088	59.9	60.0	40	1	1	2	1017	1274	1880	2874	3949	4928	5478	5654	5480	5203	4817	4381	4008	3564	3248	3025	2896	2904	3101	3444	3774	4024	4074	3986	3781	3579	3338	3066	2833	2605	2447	2267	
146	11105	60.0	60.0	40	1	1	2	1015	1271	1863	2855	3942	4945	5498	5580	5470	5157	4773	4417	3986	3561	3257	3006	2856	2870	3087	3391	3780	3997	4067	3962	3800	3558	3336	3061	2805	2581	2419	2224	
146	11123	59.9	60.0	40	1	1	2	1018	1249	1877	2841	3944	4927	5482	5648	5417	5194	4756	4370	3977	3593	3265	3020	2884	2863	3092	3430	3795	3954	4093	3972	3799	3584	3312	3079	2825	2579	2399	2275	
