Well	Time (1/2 s)	Block Temp	Sample Temp	Repetition	PCR Stage	Extension	Scale	B1	B2	B3	B4	B5	B6	B7	B8	B9	B10	B11	B12	B13	B14	B15	B16	B17	B18	B19	B20	B21	B22	B23	B24	B25	B26	B27	B28	B29	B30	B31	B32
145	109	94.9	95.0	1	0	0	2	912	1041	1324	1819	2383	2918	3263	3400	3374	3241	3104	2877	2691	2480	2338	2193	2214	2298	2549	2856	3146	3298	3413	3317	3169	3002	2824	2655	2455	2316	2173	2015	
145	126	95.0	95.0	1	0	0	2	918	1045	1348	1819	2379	2906	3224	3356	3310	3248	3074	2885	2676	2442	2301	2190	2213	2314	2549	2842	3138	3309	3341	3349	3159	2988	2865	2640	2466	2305	2140	2007	
145	144	95.0	95.0	1	0	0	2	925	1025	1328	1795	2408	2909	3248	3366	3347	3220	3062	2874	2672	2455	2339	2197	2211	2314	2538	2841	3105	3338	3361	3284	3162	3008	2795	2600	2466	2279	2141	2019	
145	161	95.0	95.0	1	0	0	2	942	1041	1325	1811	2372	2915	3229	3332	3365	3231	3032	2864	2656	2441	2298	2226	2207	2324	2533	2833	3116	3310	3361	3298	3164	3002	2804	2645	2447	2300	2153	2042	
145	178	95.0	95.0	1	0	0	2	908	1038	1306	1812	2354	2898	3224	3356	3335	3168	3029	2819	2657	2443	2290	2241	2191	2353	2550	2870	3155	3307	3397	3309	3178	2985	2819	2633	2420	2277	2134	2058	
145	195	95.0	95.0	1	0	0	2	922	1029	1322	1805	2372	2873	3221	3343	3374	3200	3055	2864	2655	2458	2317	2207	2192	2341	2537	2841	3116	3293	3350	3290	3165	3017	2827	2653	2451	2293	2146	2026	
145	213	95.0	95.0	1	0	0	2	942	1042	1331	1800	2377	2922	3240	3341	3318	3190	3020	2843	2691	2418	2303	2239	2204	2341	2550	2822	3148	3283	3368	3302	3173	3018	2816	2639	2443	2284	2153	2053	
145	230	95.0	95.0	1	0	0	2	916	1035	1332	1803	2376	2852	3216	3359	3301	3216	3010	2858	2656	2421	2321	2205	2192	2291	2537	2832	3142	3289	3346	3315	3164	3007	2854	2646	2444	2267	2146	2038	
145	247	95.0	95.0	1	0	0	2	935	1046	1334	1809	2398	2893	3245	3321	3320	3205	3024	2825	2666	2427	2317	2236	2210	2279	2569	2837	3138	3290	3390	3292	3164	3000	2828	2656	2452	2297	2153	2028	
145	264	95.0	95.0	1	0	0	2	912	1038	1329	1802	2395	2885	3185	3341	3288	3182	3073	2856	2634	2463	2327	2237	2186	2310	2546	2837	3125	3296	3374	3307	3130	3033	2841	2676	2431	2290	2159	2024	
145	282	94.9	95.0	1	0	0	2	917	1038	1321	1811	2345	2861	3211	3321	3327	3196	3059	2814	2675	2467	2288	2222	2188	2309	2535	2820	3154	3302	3368	3282	3148	3002	2826	2652	2440	2285	2140	2016	
145	299	95.0	95.0	1	0	0	2	925	1059	1333	1835	2394	2865	3257	3344	3336	3208	3052	2814	2658	2452	2302	2182	2194	2341	2564	2833	3162	3322	3374	3345	3157	3057	2867	2641	2442	2295	2158	2036	
145	316	95.0	95.0	1	0	0	2	932	1025	1352	1822	2394	2900	3238	3354	3304	3255	3052	2837	2630	2449	2355	2238	2220	2316	2531	2848	3111	3287	3362	3278	3185	3046	2856	2649	2435	2306	2137	2017	
145	333	95.0	95.0	1	0	0	2	924	1028	1321	1802	2336	2901	3245	3341	3340	3204	3057	2840	2667	2445	2296	2232	2176	2308	2542	2848	3117	3320	3369	3315	3191	3005	2825	2609	2464	2293	2166	1993	
145	351	95.0	95.0	1	0	0	2	930	1038	1330	1806	2374	2917	3205	3340	3348	3219	3085	2868	2690	2469	2304	2228	2217	2310	2523	2853	3127	3303	3376	3295	3173	3005	2813	2676	2468	2305	2144	2047	
145	368	95.0	95.0	1	0	0	2	925	1055	1335	1807	2408	2869	3226	3381	3344	3235	3043	2872	2658	2472	2322	2232	2215	2306	2555	2828	3157	3325	3378	3318	3187	3015	2841	2650	2474	2315	2152	2043	
145	385	95.0	95.0	1	0	0	2	926	1042	1343	1809	2402	2872	3217	3374	3322	3227	3077	2880	2680	2464	2313	2237	2204	2329	2510	2818	3124	3281	3396	3296	3192	3003	2852	2624	2446	2291	2170	2046	
145	402	95.0	95.0	1	0	0	2	924	1037	1341	1820	2381	2941	3234	3360	3322	3240	3021	2876	2676	2456	2340	2201	2204	2323	2569	2840	3136	3330	3349	3335	3181	3036	2836	2645	2461	2311	2157	2030	
145	420	95.0	95.0	1	0	0	2	914	1041	1329	1816	2386	2883	3248	3321	3324	3250	3089	2832	2647	2454	2329	2213	2215	2310	2563	2854	3137	3297	3398	3298	3171	3011	2857	2621	2423	2325	2144	2012	
145	437	95.0	95.0	1	0	0	2	941	1039	1321	1801	2396	2902	3223	3373	3328	3226	3065	2852	2660	2473	2303	2242	2217	2345	2548	2840	3159	3344	3392	3342	3189	3026	2868	2650	2441	2310	2173	2024	
145	454	95.0	95.0	1	0	0	2	919	1027	1331	1819	2378	2921	3254	3380	3352	3202	3042	2832	2671	2475	2324	2231	2197	2307	2539	2839	3124	3312	3387	3331	3188	3007	2838	2650	2474	2314	2180	2046	
145	471	95.0	95.0	1	0	0	2	910	1029	1340	1848	2410	2899	3256	3392	3362	3254	3063	2869	2666	2472	2317	2223	2232	2322	2598	2818	3151	3332	3421	3327	3206	3014	2821	2644	2452	2289	2189	2024	
145	489	95.0	95.0	1	0	0	2	920	1041	1344	1811	2395	2914	3272	3373	3364	3259	3050	2888	2685	2467	2339	2260	2197	2308	2543	2851	3141	3337	3363	3329	3174	3012	2880	2676	2478	2304	2180	2023	
145	506	95.0	95.0	1	0	0	2	872	1032	1331	1824	2384	2893	3240	3347	3360	3248	3055	2883	2640	2470	2321	2229	2199	2340	2556	2861	3176	3337	3382	3331	3184	3034	2854	2664	2470	2318	2157	2027	
145	523	94.9	95.0	1	0	0	2	927	1038	1324	1828	2373	2910	3248	3354	3356	3254	3078	2883	2668	2462	2329	2232	2211	2312	2581	2836	3178	3305	3388	3329	3202	3014	2876	2651	2486	2309	2187	2042	
145	540	94.9	95.0	1	0	0	2	925	1073	1323	1825	2387	2921	3252	3361	3370	3249	3064	2913	2690	2481	2315	2231	2224	2324	2578	2845	3123	3304	3400	3315	3201	3031	2850	2667	2454	2314	2152	2067	
145	558	94.9	95.0	1	0	0	2	919	1041	1330	1842	2381	2920	3262	3357	3339	3220	3088	2884	2668	2462	2306	2232	2229	2329	2541	2853	3133	3339	3402	3337	3201	3054	2822	2640	2484	2294	2177	2028	
145	575	95.0	95.0	1	0	0	2	926	1054	1337	1813	2397	2915	3226	3376	3363	3215	3132	2875	2650	2478	2351	2228	2238	2350	2560	2830	3141	3318	3351	3290	3195	3025	2844	2651	2482	2304	2181	2036	
145	592	95.0	95.0	1	0	0	2	918	1030	1337	1835	2430	2917	3274	3348	3335	3269	3070	2898	2669	2479	2335	2221	2230	2332	2564	2845	3148	3324	3409	3334	3196	3050	2877	2663	2460	2295	2164	2021	
145	609	94.9	95.0	1	0	0	2	922	1040	1321	1821	2423	2908	3215	3364	3374	3252	3051	2870	2649	2499	2329	2227	2215	2307	2569	2864	3145	3309	3380	3350	3204	3009	2825	2690	2464	2296	2179	2025	
145	627	95.0	95.0	1	0	0	2	928	1051	1348	1836	2396	2935	3222	3378	3371	3263	3074	2877	2685	2511	2344	2253	2209	2336	2614	2838	3174	3317	3405	3323	3251	3034	2837	2644	2477	2350	2148	2031	
145	644	95.0	95.0	1	0	0	2	919	1042	1337	1807	2401	2908	3243	3376	3362	3236	3090	2909	2667	2493	2345	2251	2206	2360	2596	2828	3163	3338	3405	3327	3203	3015	2848	2643	2500	2320	2173	2054	
145	661	95.0	95.0	1	0	0	2	920	1036	1328	1802	2388	2888	3252	3347	3385	3253	3082	2879	2682	2478	2315	2236	2228	2314	2548	2847	3162	3343	3409	3311	3179	3034	2855	2675	2493	2316	2156	2049	
145	678	94.9	95.0	1	0	0	2	923	1040	1342	1828	2385	2945	3226	3382	3353	3257	3096	2892	2680	2481	2352	2247	2200	2321	2577	2849	3157	3310	3412	3324	3197	3038	2844	2670	2489	2328	2161	2035	
145	696	94.9	95.0	1	0	0	2	928	1041	1338	1817	2396	2936	3289	3387	3380	3237	3086	2919	2681	2457	2355	2244	2249	2323	2573	2864	3178	3327	3389	3324	3200	3063	2835	2705	2472	2325	2185	2042	
145	713	94.9	95.0	1	0	0	2	937	1034	1332	1816	2404	2925	3288	3389	3396	3292	3093	2884	2693	2515	2332	2258	2207	2344	2572	2885	3170	3334	3442	3374	3220	3062	2900	2672	2486	2370	2161	2064	
145	730	94.9	95.0	1	0	0	2	893	1049	1344	1840	2407	2952	3291	3380	3361	3288	3091	2899	2694	2474	2341	2232	2223	2362	2573	2827	3161	3338	3405	3352	3231	3080	2879	2672	2461	2305	2174	2046	
145	747	95.0	95.0	1	0	0	2	908	1029	1332	1837	2419	2930	3252	3378	3375	3268	3085	2862	2680	2476	2325	2221	2220	2336	2569	2857	3149	3326	3384	3346	3202	3041	2870	2659	2488	2298	2182	2040	
145	765	95.0	95.0	1	0	0	2	928	1036	1308	1855	2368	2933	3241	3366	3352	3212	3079	2868	2709	2468	2311	2220	2220	2325	2565	2860	3162	3317	3401	3318	3174	3042	2853	2666	2465	2326	2186	2031	
145	782	95.0	95.0	1	0	0	2	907	1039	1352	1815	2411	2904	3229	3400	3400	3261	3090	2883	2676	2465	2309	2214	2211	2324	2570	2846	3136	3312	3408	3333	3169	3033	2833	2647	2465	2300	2173	2052	
145	799	95.0	95.0	1	0	0	2	932	1040	1337	1841	2405	2948	3247	3391	3400	3247	3078	2884	2707	2477	2327	2254	2228	2321	2570	2880	3166	3362	3390	3313	3198	3059	2864	2688	2461	2312	2192	2067	
145	816	94.9	95.0	1	0	0	2	926	1039	1386	1843	2408	2914	3259	3371	3407	3283	3095	2872	2690	2480	2338	2259	2246	2310	2583	2867	3175	3342	3382	3332	3189	3051	2857	2679	2486	2347	2155	2059	
145	834	95.0	95.0	1	0	0	2	933	1043	1349	1837	2394	2913	3302	3365	3368	3260	3095	2897	2691	2485	2323	2237	2233	2319	2581	2871	3138	3350	3429	3345	3209	3058	2869	2686	2501	2312	2187	2056	
145	851	95.0	95.0	1	0	0	2	916	1050	1335	1848	2403	2953	3280	3422	3398	3290	3123	2892	2698	2479	2358	2252	2238	2366	2578	2882	3179	3360	3418	3370	3247	3042	2899	2675	2488	2295	2181	2059	
145	868	95.0	95.0	1	0	0	2	925	1031	1340	1830	2391	2938	3257	3363	3398	3266	3073	2915	2687	2483	2319	2236	2214	2346	2525	2845	3174	3363	3407	3348	3214	3033	2862	2681	2466	2307	2191	2015	
145	885	95.0	95.0	1	0	0	2	929	1051	1336	1804	2414	2940	3303	3395	3354	3278	3127	2910	2690	2483	2320	2249	2238	2372	2566	2877	3166	3340	3442	3355	3219	3058	2900	2678	2485	2300	2179	2053	
145	903	95.0	95.0	1	0	0	2	943	1036	1340	1836	2397	2923	3261	3403	3403	3278	3106	2924	2712	2500	2333	2253	2260	2344	2581	2882	3185	3350	3396	3334	3241	3047	2889	2676	2487	2327	2174	2059	
145	920	94.9	95.0	1	0	0	2	965	1038	1365	1817	2380	2924	3247	3415	3406	3279	3108	2903	2673	2465	2345	2215	2234	2356	2595	2868	3175	3339	3417	3330	3223	3038	2870	2642	2477	2310	2202	2020	
145	937	94.9	95.0	1	0	0	2	908	1056	1329	1828	2419	2958	3300	3405	3408	3270	3063	2880	2684	2498	2321	2269	2227	2329	2618	2856	3184	3339	3439	3342	3209	3038	2874	2677	2481	2316	2176	2015	
145	954	95.0	95.0	1	0	0	2	933	1039	1334	1817	2400	2962	3273	3403	3385	3290	3111	2900	2665	2480	2359	2230	2236	2332	2614	2874	3137	3376	3425	3355	3227	3042	2845	2682	2477	2314	2160	2026	
145	972	95.0	95.0	1	0	0	2	938	1028	1317	1817	2392	2934	3260	3399	3387	3299	3081	2910	2698	2467	2320	2257	2233	2334	2598	2831	3180	3342	3411	3348	3186	3028	2870	2678	2517	2296	2165	1997	
145	989	95.0	95.0	1	0	0	2	927	1058	1312	1811	2414	2929	3298	3405	3424	3292	3087	2908	2702	2480	2356	2250	2221	2382	2576	2896	3146	3352	3396	3346	3179	3060	2863	2708	2515	2329	2177	2056	
145	1006	95.0	95.0	1	0	0	2	929	1056	1347	1839	2390	2933	3287	3397	3380	3265	3118	2894	2705	2505	2358	2257	2254	2356	2590	2851	3199	3373	3434	3383	3190	3072	2890	2707	2509	2352	2209	2047	
145	1023	95.0	95.0	1	0	0	2	926	1037	1332	1837	2410	2941	3294	3396	3411	3260	3111	2903	2716	2482	2355	2258	2259	2344	2573	2860	3165	3376	3428	3371	3222	3041	2912	2686	2468	2318	2171	2063	
145	1041	94.9	95.0	1	0	0	2	925	1049	1364	1842	2417	2945	3305	3431	3407	3297	3127	2920	2733	2483	2329	2268	2266	2347	2579	2898	3180	3367	3430	3342	3206	3022	2911	2669	2495	2319	2193	2060	
145	1058	95.0	95.0	1	0	0	2	938	1038	1350	1844	2400	2973	3315	3409	3395	3288	3122	2918	2689	2491	2352	2285	2252	2349	2573	2907	3193	3334	3432	3342	3226	3047	2857	2689	2472	2315	2163	2037	
145	1075	95.0	95.0	1	0	0	2	938	1049	1352	1823	2428	2931	3303	3432	3430	3284	3094	2901	2701	2503	2340	2271	2230	2338	2561	2885	3184	3386	3457	3347	3194	3045	2873	2710	2475	2313	2149	2049	
145	1092	95.0	95.0	1	0	0	2	919	1033	1330	1839	2424	2930	3314	3436	3394	3274	3089	2902	2718	2473	2367	2258	2248	2337	2576	2890	3192	3364	3408	3337	3223	3061	2854	2665	2467	2328	2163	2032	
145	1110	95.0	95.0	1	0	0	2	930	1048	1322	1823	2408	2926	3259	3439	3388	3285	3085	2911	2730	2461	2330	2229	2210	2378	2614	2889	3205	3375	3426	3355	3197	3032	2852	2652	2484	2321	2156	2043	
145	1127	95.0	95.0	1	0	0	2	925	1034	1331	1829	2409	2968	3290	3429	3400	3277	3095	2906	2688	2520	2358	2220	2227	2335	2588	2838	3160	3364	3408	3344	3220	3055	2871	2695	2486	2337	2185	2042	
145	1144	95.0	95.0	1	0	0	2	931	1047	1332	1820	2436	2944	3303	3434	3385	3312	3117	2909	2732	2504	2350	2271	2248	2333	2569	2866	3148	3338	3460	3339	3248	3068	2884	2671	2485	2337	2204	2059	
145	1161	95.0	95.0	1	0	0	2	932	1040	1345	1802	2412	2954	3289	3439	3417	3285	3116	2913	2686	2478	2361	2252	2238	2338	2576	2854	3190	3353	3404	3378	3215	3022	2878	2653	2480	2315	2173	2049	
145	1179	95.0	95.0	1	0	0	2	920	1038	1353	1820	2412	2949	3284	3418	3426	3288	3133	2878	2664	2505	2377	2257	2216	2339	2603	2888	3179	3339	3449	3381	3242	3054	2874	2690	2478	2320	2160	2047	
145	1196	95.0	95.0	1	0	0	2	918	1028	1349	1811	2427	2950	3290	3427	3408	3279	3101	2904	2702	2488	2367	2284	2245	2368	2586	2890	3160	3381	3423	3363	3190	3032	2920	2698	2459	2328	2164	2035	
145	1213	95.0	95.0	1	0	0	2	935	1049	1359	1825	2402	2986	3317	3422	3395	3277	3104	2929	2723	2492	2363	2251	2231	2330	2580	2896	3198	3367	3421	3321	3231	3047	2890	2669	2475	2330	2193	2050	
145	1230	95.0	95.0	1	0	0	2	913	1044	1342	1833	2438	2931	3263	3444	3412	3238	3126	2899	2744	2516	2363	2272	2255	2365	2589	2862	3168	3344	3424	3321	3220	3079	2882	2635	2494	2321	2160	2040	
145	1248	95.0	95.0	1	0	0	2	929	1044	1345	1826	2429	2985	3272	3407	3414	3264	3165	2924	2721	2507	2353	2222	2227	2330	2588	2880	3170	3374	3404	3387	3228	3054	2872	2652	2470	2327	2174	2069	
145	1265	95.0	95.0	1	0	0	2	936	1051	1333	1839	2437	2905	3285	3407	3409	3291	3068	2924	2697	2533	2355	2242	2259	2364	2620	2872	3180	3332	3438	3386	3174	3053	2870	2703	2480	2312	2171	2035	
145	1282	94.9	95.0	1	0	0	2	930	1033	1321	1832	2438	2956	3281	3441	3387	3306	3143	2916	2732	2488	2378	2242	2245	2352	2584	2873	3191	3349	3434	3362	3234	3055	2941	2682	2495	2334	2156	2049	
145	1326	95.0	95.0	1	1	0	2	933	1036	1302	1826	2396	2937	3266	3450	3402	3290	3142	2902	2730	2524	2351	2246	2256	2356	2597	2900	3178	3321	3424	3353	3208	3083	2882	2690	2495	2307	2192	2047	
145	1393	60.0	60.0	1	1	1	2	1009	1252	1876	2895	4055	5071	5670	5789	5628	5379	4967	4512	4108	3705	3361	3093	2968	2984	3205	3539	3911	4124	4198	4105	3940	3694	3417	3162	2876	2696	2467	2348	
145	1410	59.9	60.0	1	1	1	2	1020	1240	1875	2893	4083	5088	5730	5810	5738	5415	4963	4579	4155	3720	3398	3119	2957	2999	3227	3505	3916	4192	4261	4149	3968	3726	3446	3155	2885	2682	2522	2320	
145	1428	60.0	60.0	1	1	1	2	984	1257	1897	2898	4074	5134	5798	5855	5780	5395	5042	4585	4178	3709	3405	3164	2961	2996	3228	3559	3934	4160	4265	4164	3965	3714	3455	3167	2929	2701	2502	2368	
145	1445	60.0	60.0	1	1	1	2	1009	1257	1885	2908	4121	5127	5705	5878	5747	5456	5011	4584	4157	3776	3384	3152	2987	3020	3247	3572	3916	4173	4308	4146	3959	3709	3457	3195	2909	2691	2510	2328	
145	1462	60.0	60.0	1	1	1	2	1014	1248	1891	2901	4117	5158	5718	5890	5772	5449	5034	4599	4150	3716	3396	3163	3011	3000	3252	3549	3945	4149	4302	4193	3975	3727	3474	3180	2894	2689	2488	2333	
145	1479	59.9	60.0	1	1	1	2	993	1234	1924	2913	4122	5144	5707	5862	5704	5427	5016	4562	4144	3706	3390	3121	2999	3003	3266	3569	3951	4172	4254	4199	3927	3749	3472	3192	2899	2704	2508	2312	
145	1497	60.0	60.0	1	1	1	2	1018	1249	1916	2941	4128	5150	5729	5857	5705	5370	5002	4573	4188	3731	3418	3124	2996	2998	3202	3527	3956	4166	4274	4156	3963	3754	3415	3149	2882	2661	2476	2333	
145	1561	94.8	95.0	2	1	0	2	924	1030	1338	1855	2420	2961	3278	3411	3448	3248	3087	2924	2714	2496	2335	2253	2204	2316	2594	2892	3139	3319	3407	3315	3191	3020	2854	2652	2449	2300	2182	2021	
145	1641	60.0	60.1	2	1	1	2	1015	1238	1864	2852	4010	5017	5595	5773	5595	5333	4901	4516	4096	3673	3354	3080	2913	2981	3175	3514	3920	4120	4173	4141	3922	3669	3389	3148	2897	2650	2463	2316	
145	1658	60.0	60.0	2	1	1	2	999	1255	1863	2882	4032	5046	5623	5793	5638	5294	4903	4522	4133	3692	3327	3121	2920	2973	3194	3526	3932	4142	4208	4127	3909	3669	3458	3163	2883	2649	2496	2279	
145	1676	59.9	60.0	2	1	1	2	1017	1240	1862	2884	4065	5092	5616	5757	5663	5323	4933	4496	4128	3660	3375	3130	2970	2998	3193	3522	3931	4150	4237	4079	3941	3685	3449	3151	2893	2658	2493	2296	
145	1693	59.9	60.0	2	1	1	2	982	1228	1874	2867	4026	5051	5614	5733	5584	5313	4902	4522	4099	3645	3350	3079	2917	2964	3204	3526	3881	4166	4168	4122	3920	3702	3402	3149	2867	2652	2474	2282	
145	1710	60.0	60.0	2	1	1	2	1014	1269	1865	2854	4031	5066	5625	5796	5663	5290	4921	4504	4072	3685	3379	3113	2948	2962	3199	3505	3893	4121	4223	4102	3909	3684	3444	3136	2877	2666	2483	2331	
145	1727	59.9	60.0	2	1	1	2	1011	1271	1841	2892	3999	5028	5612	5768	5614	5335	4889	4472	4058	3688	3333	3084	2936	2960	3174	3526	3860	4074	4195	4079	3864	3677	3456	3163	2863	2637	2459	2280	
145	1745	60.0	60.0	2	1	1	2	1010	1279	1876	2858	4029	5029	5607	5736	5589	5325	4876	4512	4083	3669	3341	3076	2935	2974	3207	3512	3876	4098	4194	4088	3874	3701	3422	3109	2865	2640	2465	2308	
145	1807	95.0	95.1	3	1	0	2	928	1043	1360	1853	2409	2948	3324	3396	3419	3273	3096	2910	2713	2501	2354	2240	2218	2331	2555	2858	3093	3344	3388	3290	3201	3012	2875	2670	2482	2302	2145	2007	
145	1889	60.1	60.0	3	1	1	2	1014	1244	1875	2863	4022	5047	5575	5758	5609	5326	4944	4494	4104	3680	3373	3059	2934	2951	3200	3538	3892	4152	4240	4125	3922	3696	3433	3142	2869	2642	2477	2304	
145	1906	59.9	60.0	3	1	1	2	1014	1260	1868	2856	4053	5056	5599	5751	5599	5261	4897	4511	4124	3676	3330	3078	2944	2991	3202	3493	3867	4057	4212	4088	3852	3654	3397	3145	2884	2624	2465	2283	
145	1924	60.0	60.0	3	1	1	2	998	1261	1874	2875	4074	5050	5625	5798	5653	5379	4913	4455	4082	3690	3369	3084	2925	2983	3200	3487	3889	4129	4204	4100	3938	3696	3429	3147	2871	2659	2509	2290	
145	1941	60.0	60.0	3	1	1	2	1010	1254	1854	2896	4025	5043	5645	5772	5700	5345	4954	4552	4125	3710	3360	3099	2968	3019	3217	3547	3913	4123	4249	4155	3904	3734	3427	3156	2896	2658	2464	2311	
145	1958	60.0	60.0	3	1	1	2	1002	1232	1870	2862	4040	5063	5674	5777	5618	5321	4926	4554	4062	3683	3336	3087	2936	2988	3189	3500	3912	4118	4205	4153	3921	3691	3429	3171	2875	2672	2432	2276	
145	1975	59.9	60.0	3	1	1	2	1008	1252	1872	2923	4031	5057	5600	5777	5651	5340	4907	4516	4094	3688	3358	3112	2936	2986	3190	3540	3868	4077	4230	4126	3924	3639	3440	3127	2884	2627	2469	2296	
145	1993	60.0	60.0	3	1	1	2	1007	1238	1873	2884	4020	5037	5632	5742	5598	5296	4917	4505	4068	3660	3346	3079	2933	2945	3190	3536	3848	4078	4210	4107	3894	3665	3390	3111	2861	2632	2460	2279	
145	2055	95.0	95.1	4	1	0	2	913	1033	1323	1829	2397	2940	3249	3400	3385	3298	3062	2900	2705	2492	2320	2215	2204	2337	2541	2852	3136	3282	3393	3282	3231	3009	2850	2665	2458	2317	2150	2023	
145	2135	60.0	60.0	4	1	1	2	1004	1246	1842	2895	4023	5057	5594	5791	5638	5294	4946	4506	4088	3643	3340	3070	2976	3007	3198	3513	3844	4095	4212	4127	3901	3665	3384	3129	2839	2631	2475	2301	
145	2153	59.9	60.0	4	1	1	2	993	1236	1874	2882	3991	5058	5606	5763	5645	5320	4914	4496	4071	3668	3358	3115	2939	2969	3201	3511	3881	4080	4161	4078	3909	3639	3412	3114	2852	2659	2454	2310	
145	2170	59.9	60.0	4	1	1	2	1000	1269	1855	2893	4075	5104	5631	5833	5645	5328	4957	4554	4095	3671	3387	3085	2928	2965	3189	3568	3907	4128	4221	4083	3910	3671	3392	3150	2881	2672	2473	2275	
145	2187	60.0	60.0	4	1	1	2	1014	1247	1875	2892	4024	5042	5627	5728	5601	5322	4929	4495	4072	3638	3346	3075	2955	2937	3193	3526	3850	4118	4178	4110	3917	3696	3399	3135	2885	2642	2463	2295	
145	2204	59.9	60.0	4	1	1	2	1003	1248	1862	2882	4050	5088	5608	5756	5629	5305	4935	4534	4061	3670	3319	3070	2942	2972	3182	3545	3912	4113	4195	4100	3916	3648	3415	3167	2869	2650	2471	2308	
145	2222	60.0	60.0	4	1	1	2	1010	1234	1862	2863	4042	5077	5644	5814	5585	5303	4951	4482	4090	3687	3342	3077	2944	3014	3175	3493	3886	4106	4170	4119	3942	3684	3397	3122	2880	2673	2470	2293	
145	2239	60.0	60.0	4	1	1	2	1015	1272	1874	2888	4023	5069	5585	5735	5633	5289	4948	4554	4097	3657	3398	3057	2949	2980	3184	3543	3878	4099	4196	4092	3900	3683	3409	3128	2884	2640	2446	2300	
145	2301	94.9	95.0	5	1	0	2	928	1025	1348	1855	2398	2936	3274	3378	3370	3272	3132	2897	2672	2482	2315	2223	2238	2335	2548	2836	3130	3245	3373	3303	3142	2994	2844	2639	2451	2290	2168	2020	
145	2381	60.0	60.1	5	1	1	2	1000	1234	1839	2862	4003	4988	5618	5721	5573	5273	4863	4524	4086	3630	3316	3074	2922	2960	3156	3529	3872	4066	4173	4057	3865	3688	3388	3133	2845	2629	2434	2303	
145	2399	59.9	60.0	5	1	1	2	999	1254	1862	2881	4019	5013	5634	5767	5549	5264	4929	4516	4087	3662	3335	3093	2920	2953	3197	3498	3852	4074	4172	4070	3920	3642	3388	3121	2879	2653	2462	2273	
145	2416	59.9	60.0	5	1	1	2	1008	1235	1874	2850	4042	5044	5647	5813	5672	5293	4922	4500	4102	3639	3326	3082	2951	2958	3194	3509	3861	4095	4168	4104	3903	3669	3412	3149	2867	2660	2455	2281	
145	2433	60.0	60.0	5	1	1	2	1015	1239	1874	2847	4037	5034	5547	5748	5590	5299	4929	4496	4076	3682	3309	3078	2949	2967	3154	3485	3854	4083	4162	4088	3902	3665	3416	3132	2875	2660	2446	2295	
145	2450	59.9	60.0	5	1	1	2	1006	1246	1865	2875	4027	5037	5664	5756	5632	5303	4920	4500	4078	3687	3376	3084	2946	2942	3209	3504	3905	4112	4195	4106	3912	3642	3402	3153	2868	2651	2470	2338	
145	2468	60.0	60.0	5	1	1	2	1023	1234	1866	2850	4019	5016	5644	5773	5613	5272	4904	4476	4051	3666	3344	3102	2937	2936	3185	3486	3830	4080	4200	4082	3923	3645	3413	3128	2838	2637	2442	2265	
145	2485	60.0	60.0	5	1	1	2	998	1248	1866	2865	4012	5036	5576	5734	5652	5308	4924	4524	4088	3656	3333	3108	2956	2972	3174	3491	3856	4075	4145	4079	3872	3667	3381	3147	2831	2607	2454	2283	
145	2547	94.9	95.1	6	1	0	2	924	1026	1338	1808	2393	2924	3204	3401	3361	3245	3080	2894	2653	2495	2325	2193	2219	2314	2525	2838	3111	3295	3349	3267	3162	2966	2829	2658	2437	2265	2138	1995	
145	2628	60.0	60.1	6	1	1	2	1004	1238	1860	2848	3997	4981	5558	5693	5558	5252	4874	4476	4055	3669	3299	3054	2921	2915	3152	3453	3837	4068	4166	4047	3882	3644	3394	3117	2844	2618	2420	2262	
145	2645	60.0	60.0	6	1	1	2	1001	1251	1858	2885	4007	5043	5614	5748	5607	5265	4925	4517	4087	3689	3330	3094	2912	2969	3171	3473	3878	4100	4169	4098	3889	3658	3438	3128	2857	2621	2444	2273	
145	2662	60.0	60.0	6	1	1	2	1014	1253	1852	2876	4069	5063	5604	5763	5604	5288	4900	4506	4058	3659	3331	3094	2941	2942	3153	3516	3878	4065	4166	4090	3856	3668	3386	3128	2884	2640	2486	2272	
145	2679	59.9	60.0	6	1	1	2	992	1228	1876	2879	4036	5039	5654	5747	5599	5315	4925	4491	4080	3679	3368	3057	2949	2957	3175	3508	3889	4127	4195	4114	3912	3672	3424	3158	2875	2636	2444	2287	
145	2697	60.0	60.0	6	1	1	2	1004	1233	1860	2879	3994	5026	5574	5731	5555	5273	4884	4506	4059	3615	3338	3076	2908	2911	3176	3499	3827	4068	4150	4071	3861	3657	3400	3111	2850	2620	2451	2302	
145	2714	60.0	60.0	6	1	1	2	981	1233	1872	2867	4009	4982	5579	5736	5590	5281	4858	4494	4074	3623	3316	3051	2905	2955	3118	3446	3852	4060	4163	4064	3860	3625	3385	3118	2819	2645	2452	2293	
145	2731	60.0	60.0	6	1	1	2	990	1246	1859	2889	4029	4939	5582	5731	5576	5268	4895	4507	4096	3669	3294	3059	2912	2944	3180	3494	3848	4088	4163	4059	3903	3650	3393	3072	2846	2569	2441	2259	
145	2796	94.9	95.0	7	1	0	2	938	1048	1332	1818	2378	2908	3265	3360	3381	3281	3081	2887	2704	2475	2334	2244	2205	2327	2557	2822	3090	3310	3366	3262	3146	2986	2804	2630	2410	2259	2154	2014	
145	2876	60.0	60.1	7	1	1	2	1004	1253	1836	2832	3961	5019	5613	5689	5525	5256	4840	4468	4051	3608	3282	3029	2895	2933	3125	3471	3822	4064	4169	4030	3855	3658	3407	3123	2839	2582	2434	2279	
145	2893	59.9	60.0	7	1	1	2	994	1240	1874	2801	4028	5046	5622	5699	5587	5303	4920	4446	4094	3659	3328	3070	2947	2956	3153	3491	3872	4079	4167	4041	3899	3680	3414	3106	2856	2633	2458	2273	
145	2910	59.9	60.0	7	1	1	2	993	1240	1852	2869	4023	5014	5604	5731	5568	5240	4900	4474	4034	3662	3305	3068	2890	2936	3172	3488	3842	4071	4155	4067	3861	3629	3392	3115	2849	2650	2434	2249	
145	2927	60.0	60.0	7	1	1	2	997	1219	1866	2849	3983	5004	5575	5655	5536	5233	4847	4439	4045	3624	3313	3045	2886	2927	3129	3462	3826	4063	4115	4010	3853	3620	3392	3083	2840	2606	2426	2286	
145	2945	60.0	60.0	7	1	1	2	1000	1252	1861	2854	3981	4993	5535	5701	5516	5293	4846	4432	4061	3593	3298	3063	2881	2954	3147	3453	3796	4037	4087	4028	3863	3608	3346	3096	2852	2603	2429	2276	
145	2962	60.0	60.0	7	1	1	2	999	1266	1854	2847	3961	4993	5548	5679	5525	5218	4845	4456	4049	3615	3330	3051	2903	2959	3106	3463	3843	4082	4144	4054	3839	3629	3372	3112	2835	2610	2457	2272	
145	2979	60.0	60.0	7	1	1	2	992	1241	1864	2876	3997	4984	5574	5734	5523	5308	4844	4477	4036	3604	3304	3044	2904	2945	3128	3464	3828	4026	4156	4061	3846	3606	3374	3103	2872	2620	2441	2270	
145	3044	94.9	95.1	8	1	0	2	925	1043	1322	1805	2393	2864	3224	3362	3366	3196	3025	2874	2670	2440	2322	2205	2201	2282	2497	2804	3108	3268	3303	3256	3101	2962	2774	2615	2418	2269	2175	2000	
145	3124	60.0	60.0	8	1	1	2	987	1247	1848	2834	3927	4973	5545	5616	5519	5225	4819	4438	4030	3618	3322	3042	2878	2936	3126	3426	3792	4028	4122	4003	3794	3626	3366	3086	2801	2584	2414	2260	
145	3141	59.9	60.0	8	1	1	2	1009	1245	1839	2861	3970	4980	5505	5683	5551	5208	4852	4433	4033	3610	3302	3059	2933	2957	3150	3463	3813	4051	4145	4011	3840	3623	3381	3077	2774	2605	2439	2266	
145	3158	60.0	60.0	8	1	1	2	1008	1260	1872	2846	3981	5029	5557	5730	5569	5209	4877	4441	4067	3630	3292	3039	2886	2924	3155	3456	3832	4062	4121	4062	3870	3579	3353	3106	2822	2593	2451	2285	
145	3175	60.0	60.0	8	1	1	2	1023	1245	1860	2844	3982	4967	5572	5723	5548	5265	4904	4465	4036	3622	3295	3090	2868	2951	3157	3460	3878	4055	4132	4035	3807	3639	3398	3129	2860	2637	2432	2266	
145	3193	59.9	60.0	8	1	1	2	1010	1254	1867	2849	3989	4942	5563	5702	5536	5248	4874	4436	4027	3644	3340	3067	2886	2948	3153	3467	3822	4039	4131	4074	3835	3639	3374	3128	2813	2617	2419	2292	
145	3210	59.9	60.0	8	1	1	2	995	1244	1835	2822	3963	4915	5528	5607	5514	5189	4877	4410	4027	3579	3308	3004	2904	2912	3123	3456	3811	4017	4104	4077	3847	3594	3369	3070	2822	2619	2432	2246	
145	3227	60.0	60.0	8	1	1	2	1008	1230	1818	2821	3933	4903	5516	5620	5519	5210	4799	4418	4014	3608	3284	3049	2897	2908	3119	3434	3789	4056	4109	4029	3824	3595	3331	3085	2814	2594	2424	2258	
145	3290	94.9	95.0	9	1	0	2	923	1045	1328	1825	2388	2899	3197	3362	3329	3242	3073	2839	2669	2455	2336	2185	2191	2297	2523	2814	3128	3218	3310	3267	3145	2956	2786	2595	2430	2244	2157	1982	
145	3370	60.0	60.0	9	1	1	2	1000	1239	1840	2804	3948	4896	5502	5648	5498	5170	4797	4427	4001	3599	3291	3018	2854	2880	3139	3412	3773	4001	4087	3984	3782	3570	3347	3059	2822	2616	2387	2260	
145	3387	59.9	60.0	9	1	1	2	1006	1218	1814	2848	3963	4962	5494	5664	5537	5209	4884	4439	4034	3621	3327	3064	2923	2940	3145	3476	3823	4023	4137	4028	3817	3612	3351	3082	2843	2605	2470	2279	
145	3404	59.9	60.0	9	1	1	2	1004	1219	1876	2827	3980	5002	5530	5663	5520	5289	4885	4463	4054	3625	3287	3055	2904	2925	3120	3458	3808	4054	4150	4030	3858	3622	3411	3083	2872	2608	2412	2259	
145	3422	60.0	60.0	9	1	1	2	995	1235	1838	2827	3978	4964	5498	5672	5504	5178	4807	4389	3984	3604	3267	3027	2883	2859	3152	3439	3790	4032	4119	3987	3809	3642	3367	3089	2831	2590	2408	2244	
145	3439	59.9	60.0	9	1	1	2	996	1217	1863	2844	3987	4970	5582	5660	5544	5264	4834	4456	4076	3620	3293	3032	2900	2921	3149	3455	3835	4050	4158	4058	3862	3656	3363	3096	2849	2610	2457	2264	
145	3456	60.0	60.0	9	1	1	2	991	1228	1845	2833	3945	4937	5499	5618	5524	5189	4827	4388	3992	3608	3267	3025	2879	2905	3102	3426	3790	4027	4101	4027	3837	3558	3337	3072	2804	2587	2425	2288	
145	3473	59.9	60.0	9	1	1	2	1007	1240	1852	2861	3967	4936	5533	5649	5553	5218	4856	4455	3982	3618	3289	3045	2866	2956	3124	3442	3827	4049	4090	4000	3837	3621	3359	3095	2842	2625	2415	2244	
145	3536	94.9	95.0	10	1	0	2	936	1045	1327	1781	2371	2914	3162	3316	3307	3201	3072	2848	2606	2434	2308	2208	2183	2291	2498	2785	3117	3242	3314	3243	3078	2965	2777	2565	2352	2264	2110	1967	
145	3616	60.0	60.1	10	1	1	2	992	1241	1846	2799	3908	4875	5431	5568	5397	5152	4737	4361	3975	3528	3223	2999	2876	2894	3122	3402	3758	3985	4077	3936	3806	3566	3301	3036	2766	2568	2395	2239	
145	3633	59.9	60.0	10	1	1	2	992	1249	1820	2821	3947	4928	5469	5596	5424	5184	4846	4371	3993	3566	3245	3016	2839	2908	3098	3423	3747	4005	4090	4004	3806	3568	3301	3054	2824	2600	2421	2219	
145	3650	60.0	60.0	10	1	1	2	988	1233	1844	2800	3925	4892	5506	5569	5479	5197	4778	4397	4006	3596	3250	3017	2838	2882	3086	3450	3763	3991	4068	3972	3784	3621	3332	3075	2788	2600	2427	2247	
145	3668	59.9	60.0	10	1	1	2	1010	1239	1834	2810	3918	4862	5464	5613	5457	5125	4804	4378	3971	3579	3269	3016	2891	2908	3123	3414	3753	3992	4067	3973	3809	3599	3336	3042	2800	2581	2414	2215	
145	3685	59.9	60.0	10	1	1	2	1013	1228	1840	2790	3904	4868	5448	5552	5512	5164	4773	4338	3982	3579	3246	2991	2843	2878	3082	3427	3751	3966	4048	3994	3774	3566	3274	3031	2790	2593	2402	2247	
145	3702	60.0	60.0	10	1	1	2	998	1247	1830	2794	3923	4919	5430	5596	5414	5168	4766	4378	3975	3544	3265	2996	2865	2891	3117	3393	3781	3946	4062	3984	3780	3543	3320	3053	2811	2588	2408	2244	
145	3719	60.0	60.0	10	1	1	2	993	1222	1803	2794	3915	4909	5408	5596	5466	5124	4750	4329	3962	3549	3244	2977	2855	2865	3113	3382	3773	3987	4042	3966	3782	3565	3307	3039	2806	2581	2398	2231	
145	3782	94.9	95.0	11	1	0	2	910	1032	1318	1796	2361	2845	3199	3312	3317	3164	3024	2806	2609	2422	2271	2173	2177	2271	2494	2783	3052	3199	3277	3158	3062	2922	2757	2582	2404	2222	2123	1993	
145	3862	60.0	60.0	11	1	1	2	1002	1236	1813	2774	3903	4851	5425	5529	5400	5092	4724	4352	3953	3523	3234	2987	2884	2869	3079	3406	3728	3973	4062	3971	3784	3557	3296	3048	2780	2585	2411	2221	
145	3879	59.9	60.0	11	1	1	2	995	1243	1808	2819	3912	4903	5434	5551	5452	5125	4782	4367	3980	3551	3268	2987	2861	2916	3103	3414	3773	3943	4074	3972	3797	3572	3272	3054	2801	2604	2410	2249	
145	3896	59.9	60.0	11	1	1	2	992	1220	1842	2804	3916	4872	5483	5585	5408	5125	4748	4337	3961	3518	3238	3021	2859	2885	3062	3393	3761	3930	4053	3961	3787	3560	3298	3006	2787	2558	2387	2235	
145	3914	59.9	60.0	11	1	1	2	1009	1236	1821	2770	3917	4888	5445	5554	5408	5131	4750	4338	3968	3543	3262	2997	2814	2877	3072	3393	3755	3906	4019	3948	3762	3536	3302	3021	2775	2559	2404	2247	
145	3931	60.0	60.0	11	1	1	2	1006	1240	1828	2785	3893	4903	5380	5505	5410	5129	4769	4304	3927	3529	3231	2971	2845	2865	3087	3365	3753	3967	4013	3948	3768	3559	3306	3007	2756	2551	2400	2234	
145	3948	60.0	60.0	11	1	1	2	1025	1223	1835	2802	3923	4886	5441	5553	5412	5118	4740	4352	3955	3554	3229	3002	2831	2888	3080	3397	3710	3929	4018	3949	3780	3572	3288	3054	2773	2579	2385	2228	
145	3965	60.0	60.0	11	1	1	2	1001	1240	1834	2800	3943	4901	5408	5569	5400	5117	4760	4346	3966	3557	3264	3012	2860	2882	3091	3386	3730	3965	4085	3990	3763	3569	3299	3047	2805	2597	2367	2222	
145	4030	94.8	95.0	12	1	0	2	916	1008	1317	1797	2344	2859	3171	3282	3279	3167	3010	2783	2623	2429	2260	2181	2157	2238	2478	2758	3032	3162	3221	3191	3051	2885	2734	2563	2409	2214	2083	1962	
145	4110	60.0	60.1	12	1	1	2	1038	1225	1818	2768	3905	4906	5431	5551	5418	5108	4736	4358	3951	3542	3242	2967	2844	2883	3082	3400	3752	3983	4039	3971	3752	3548	3305	3067	2758	2558	2405	2234	
145	4127	59.9	60.0	12	1	1	2	1014	1244	1852	2799	3905	4875	5480	5554	5440	5135	4771	4369	3949	3575	3240	2972	2842	2862	3090	3407	3745	4001	4028	3961	3789	3546	3277	3052	2793	2553	2369	2243	
145	4145	60.0	60.0	12	1	1	2	1015	1244	1833	2798	3893	4932	5466	5596	5432	5136	4753	4399	3968	3560	3242	2996	2807	2881	3076	3393	3756	4005	4057	3973	3830	3569	3342	3040	2777	2609	2394	2224	
145	4162	60.0	60.0	12	1	1	2	1006	1230	1841	2798	3934	4872	5426	5518	5425	5114	4808	4335	3950	3583	3265	2996	2853	2916	3086	3403	3727	3959	4021	3948	3789	3549	3309	3057	2771	2553	2400	2207	
145	4179	59.9	60.0	12	1	1	2	998	1226	1816	2793	3914	4856	5428	5564	5432	5135	4732	4346	3961	3528	3230	2998	2848	2851	3047	3371	3694	3969	4043	3998	3741	3551	3305	3022	2761	2551	2405	2238	
145	4196	60.0	60.0	12	1	1	2	1004	1238	1825	2800	3864	4850	5384	5554	5412	5108	4729	4340	3940	3521	3219	2989	2838	2862	3085	3393	3733	3940	4014	3982	3732	3537	3296	3007	2763	2564	2390	2240	
145	4214	60.0	60.0	12	1	1	2	990	1249	1827	2795	3898	4836	5384	5517	5399	5102	4751	4360	3900	3542	3247	2987	2844	2880	3059	3360	3688	3982	4010	3937	3734	3540	3294	3026	2807	2529	2408	2228	
145	4276	94.9	95.0	13	1	0	2	941	1023	1329	1802	2334	2867	3163	3292	3285	3180	3017	2806	2613	2432	2272	2203	2173	2266	2483	2759	3030	3187	3299	3199	3034	2936	2736	2560	2400	2233	2098	1976	
145	4356	60.0	60.0	13	1	1	2	994	1214	1828	2798	3871	4848	5365	5464	5401	5075	4708	4306	3946	3541	3202	2968	2837	2858	3067	3368	3722	3941	4005	3931	3740	3545	3269	2997	2781	2549	2407	2212	
145	4373	59.9	60.0	13	1	1	2	992	1219	1820	2766	3874	4860	5393	5509	5453	5084	4741	4323	3927	3526	3256	2982	2832	2846	3067	3372	3733	3926	4031	3921	3774	3535	3285	3049	2754	2616	2387	2254	
145	4391	60.0	60.0	13	1	1	2	983	1234	1809	2754	3886	4833	5354	5546	5424	5137	4727	4355	3908	3520	3229	2985	2853	2864	3071	3401	3732	3935	4027	3917	3740	3522	3302	3041	2754	2553	2377	2213	
145	4408	59.9	60.0	13	1	1	2	1055	1241	1831	2756	3881	4835	5438	5530	5375	5102	4757	4327	3938	3538	3236	2972	2838	2861	3076	3347	3727	3943	4022	3926	3749	3534	3289	3045	2768	2589	2395	2227	
145	4425	59.9	60.0	13	1	1	2	999	1228	1814	2782	3887	4839	5395	5526	5377	5126	4710	4337	3915	3522	3211	2977	2820	2865	3095	3345	3722	3938	4034	3930	3767	3518	3302	3049	2784	2567	2357	2208	
145	4442	60.0	60.0	13	1	1	2	1000	1218	1818	2769	3873	4830	5390	5543	5402	5091	4723	4305	3926	3525	3247	2966	2813	2877	3054	3377	3734	3938	3993	3922	3704	3574	3291	2986	2786	2568	2366	2208	
145	4460	59.9	60.0	13	1	1	2	986	1242	1807	2790	3887	4842	5389	5517	5377	5121	4751	4332	3924	3544	3211	2967	2815	2840	3083	3398	3730	3950	4015	3922	3767	3523	3296	2991	2764	2551	2374	2237	
145	4522	94.9	95.0	14	1	0	2	901	1035	1329	1756	2354	2836	3178	3265	3262	3152	2976	2787	2578	2389	2275	2146	2144	2285	2456	2723	3022	3161	3261	3173	3046	2883	2748	2547	2369	2231	2120	1956	
145	4602	60.0	60.1	14	1	1	2	1004	1213	1804	2776	3851	4829	5380	5512	5405	5031	4677	4277	3922	3528	3200	2977	2818	2841	3032	3369	3745	3910	4056	3906	3789	3540	3274	2995	2784	2551	2383	2211	
145	4620	59.9	60.0	14	1	1	2	988	1232	1821	2726	3875	4846	5370	5513	5352	5087	4714	4315	3941	3512	3226	2963	2821	2857	3072	3366	3747	3927	4018	3942	3777	3547	3288	3005	2759	2553	2386	2214	
145	4637	59.9	60.0	14	1	1	2	993	1230	1828	2786	3871	4872	5387	5532	5384	5116	4720	4339	3899	3531	3231	2965	2830	2859	3078	3413	3708	3930	4028	3925	3738	3556	3261	3026	2775	2554	2391	2200	
145	4654	60.0	60.0	14	1	1	2	995	1222	1827	2766	3868	4822	5398	5466	5430	5108	4700	4286	3932	3530	3226	2949	2808	2847	3047	3384	3720	3906	4006	3932	3753	3524	3295	3062	2767	2576	2360	2195	
145	4671	60.0	60.0	14	1	1	2	997	1226	1812	2763	3882	4894	5360	5513	5392	5065	4717	4315	3912	3508	3258	2938	2826	2856	3062	3368	3716	3955	4001	3902	3731	3516	3273	3026	2757	2555	2382	2236	
145	4689	60.0	60.0	14	1	1	2	986	1208	1805	2765	3887	4843	5374	5531	5406	5116	4779	4383	3932	3586	3224	2990	2840	2872	3049	3394	3720	3991	4010	3953	3775	3530	3312	3012	2798	2554	2406	2211	
145	4706	60.0	60.0	14	1	1	2	991	1235	1819	2778	3892	4833	5386	5520	5379	5063	4688	4329	3923	3526	3217	2969	2827	2848	3073	3350	3681	3914	4015	3930	3757	3514	3249	3007	2758	2548	2386	2223	
145	4768	94.9	95.0	15	1	0	2	921	1028	1300	1788	2301	2832	3154	3240	3229	3136	2973	2784	2582	2395	2261	2164	2147	2255	2456	2731	3036	3164	3219	3177	3022	2899	2720	2535	2348	2214	2095	1958	
145	4848	60.0	60.1	15	1	1	2	991	1216	1816	2774	3886	4788	5366	5504	5398	5124	4730	4328	3936	3553	3203	2925	2828	2857	3044	3343	3737	3914	4014	3936	3747	3514	3281	3025	2756	2572	2366	2238	
145	4866	60.0	60.0	15	1	1	2	995	1211	1817	2767	3880	4849	5410	5528	5438	5117	4740	4338	3924	3538	3224	2986	2816	2882	3062	3363	3737	3917	4016	3952	3785	3470	3302	3046	2781	2563	2370	2205	
145	4883	60.0	60.0	15	1	1	2	997	1228	1826	2769	3888	4855	5374	5513	5407	5114	4706	4317	3902	3516	3216	2960	2827	2884	3073	3391	3722	3959	4049	3931	3710	3538	3280	3064	2766	2551	2397	2205	
145	4900	59.9	60.0	15	1	1	2	994	1237	1812	2774	3905	4827	5382	5507	5394	5112	4704	4336	3906	3517	3207	2968	2844	2872	3061	3364	3688	3903	4001	3918	3743	3521	3266	2962	2763	2556	2387	2202	
145	4917	59.9	60.0	15	1	1	2	989	1211	1820	2785	3871	4829	5338	5559	5345	5094	4694	4265	3920	3529	3240	3001	2791	2848	3014	3375	3751	3937	4009	3909	3717	3532	3291	3000	2754	2574	2384	2208	
145	4935	60.0	60.0	15	1	1	2	987	1215	1857	2776	3839	4803	5347	5481	5395	5057	4680	4224	3906	3531	3234	2979	2804	2854	3064	3354	3658	3896	3970	3917	3730	3501	3273	3048	2788	2514	2395	2185	
145	4952	60.0	60.0	15	1	1	2	1009	1217	1817	2794	3870	4818	5344	5503	5360	5052	4660	4304	3900	3487	3199	2976	2795	2852	3034	3345	3726	3909	3974	3904	3720	3498	3269	2992	2693	2535	2352	2247	
145	5014	94.9	95.0	16	1	0	2	920	1026	1350	1795	2313	2833	3132	3258	3229	3140	2993	2773	2588	2415	2267	2165	2133	2233	2459	2710	3008	3152	3232	3192	3064	2879	2718	2540	2375	2222	2076	1951	
145	5095	60.0	60.1	16	1	1	2	999	1234	1814	2782	3858	4801	5343	5491	5412	5093	4700	4312	3902	3526	3201	2974	2836	2838	3077	3344	3706	3911	4028	3905	3737	3552	3279	3012	2753	2555	2376	2215	
145	5112	60.0	60.0	16	1	1	2	999	1231	1817	2759	3826	4837	5367	5475	5371	5076	4678	4265	3885	3488	3200	2972	2817	2866	3072	3357	3716	3892	4021	3910	3743	3498	3257	3040	2743	2557	2364	2214	
145	5129	59.9	60.0	16	1	1	2	991	1234	1796	2777	3884	4849	5389	5480	5408	5041	4722	4291	3924	3541	3220	2958	2839	2880	3081	3358	3723	3953	4006	3956	3721	3520	3284	3023	2757	2534	2396	2207	
145	5146	60.0	60.0	16	1	1	2	1024	1233	1812	2728	3891	4841	5389	5454	5361	5077	4705	4348	3910	3546	3185	2959	2802	2853	3021	3372	3731	3903	3965	3917	3758	3494	3268	3008	2760	2566	2380	2226	
145	5164	59.9	60.0	16	1	1	2	996	1223	1820	2766	3847	4805	5378	5524	5368	5065	4685	4287	3936	3500	3196	2962	2808	2771	3055	3353	3724	3905	3991	3924	3723	3528	3276	3027	2732	2535	2363	2181	
145	5181	60.0	60.0	16	1	1	2	1001	1222	1810	2736	3868	4830	5352	5506	5379	5063	4709	4260	3946	3537	3212	2951	2813	2830	3044	3356	3695	3936	3992	3893	3724	3506	3243	2971	2765	2570	2371	2195	
145	5198	60.0	60.0	16	1	1	2	988	1234	1818	2754	3873	4784	5348	5506	5341	5102	4728	4290	3907	3489	3219	2934	2820	2878	3075	3391	3673	3923	4008	3894	3746	3493	3280	2995	2745	2535	2370	2186	
145	5260	94.9	95.1	17	1	0	2	923	1013	1313	1798	2320	2826	3219	3328	3258	3158	3013	2813	2601	2371	2272	2193	2140	2267	2481	2727	2994	3172	3236	3186	3035	2909	2678	2534	2329	2218	2100	1956	
145	5341	60.0	60.0	17	1	1	2	1000	1216	1787	2752	3829	4743	5335	5423	5327	5053	4671	4264	3862	3492	3198	2957	2788	2841	3048	3335	3742	3886	3988	3852	3717	3492	3232	2978	2749	2532	2361	2210	
145	5358	59.9	60.0	17	1	1	2	983	1192	1814	2780	3884	4851	5379	5555	5398	5079	4702	4346	3932	3506	3219	2966	2847	2849	3043	3357	3692	3957	4031	3924	3715	3512	3274	3007	2737	2548	2407	2212	
145	5375	59.9	60.0	17	1	1	2	998	1224	1813	2769	3869	4826	5368	5527	5401	5050	4697	4323	3921	3520	3223	2991	2855	2862	3065	3382	3736	3936	4050	3924	3730	3538	3278	2964	2757	2537	2361	2206	
145	5392	60.0	60.0	17	1	1	2	997	1206	1809	2758	3857	4811	5346	5464	5368	5058	4702	4281	3899	3479	3205	2948	2803	2840	3027	3353	3702	3893	3984	3940	3713	3513	3272	3012	2782	2525	2353	2191	
145	5410	60.0	60.0	17	1	1	2	992	1227	1845	2751	3868	4836	5378	5464	5353	5050	4702	4307	3898	3475	3181	2961	2806	2825	3037	3333	3712	3912	4001	3926	3754	3499	3266	3022	2779	2560	2371	2211	
145	5427	60.0	60.0	17	1	1	2	985	1230	1808	2791	3838	4807	5349	5466	5386	5054	4698	4300	3879	3457	3233	2932	2848	2831	3034	3328	3731	3875	4029	3895	3747	3502	3279	2988	2740	2517	2384	2210	
145	5444	60.0	60.0	17	1	1	2	990	1210	1832	2780	3851	4787	5401	5508	5347	5043	4718	4308	3903	3513	3162	2986	2793	2881	3055	3345	3710	3909	3981	3898	3741	3541	3278	2997	2759	2547	2381	2206	
145	5507	94.9	95.0	18	1	0	2	904	1021	1317	1768	2317	2833	3161	3225	3249	3112	2980	2795	2600	2410	2251	2153	2133	2242	2449	2707	3011	3158	3185	3144	3038	2897	2719	2524	2363	2195	2080	1928	
145	5587	59.9	60.0	18	1	1	2	1008	1216	1806	2762	3867	4802	5356	5448	5328	5073	4680	4256	3908	3525	3175	2933	2808	2842	3042	3348	3678	3923	3987	3917	3767	3508	3244	2998	2737	2536	2363	2219	
145	5604	59.9	60.0	18	1	1	2	984	1227	1815	2761	3857	4832	5396	5486	5393	5068	4718	4277	3915	3520	3210	2948	2792	2851	3081	3366	3724	3939	3982	3915	3753	3519	3281	2973	2810	2518	2354	2218	
145	5621	60.0	60.0	18	1	1	2	987	1219	1810	2755	3887	4844	5356	5502	5368	5054	4699	4306	3912	3503	3220	2975	2806	2834	3072	3359	3682	3926	4024	3931	3733	3507	3262	3020	2780	2528	2374	2204	
145	5638	59.9	60.0	18	1	1	2	986	1227	1808	2727	3837	4747	5319	5463	5301	5050	4659	4282	3869	3501	3218	2973	2789	2803	2989	3307	3694	3880	3977	3884	3674	3491	3242	3021	2743	2520	2372	2207	
145	5656	60.0	60.0	18	1	1	2	1000	1229	1800	2742	3825	4801	5352	5463	5278	5020	4651	4258	3913	3502	3193	2934	2833	2824	3050	3327	3682	3913	4001	3882	3689	3493	3248	2977	2747	2538	2348	2205	
145	5673	60.0	60.0	18	1	1	2	988	1234	1814	2753	3868	4808	5338	5457	5295	5031	4691	4296	3897	3512	3203	2961	2797	2827	3075	3341	3694	3871	3991	3903	3744	3518	3259	2993	2730	2524	2369	2187	
145	5690	60.0	60.0	18	1	1	2	1001	1216	1803	2746	3852	4814	5380	5466	5358	5040	4665	4326	3936	3536	3225	2953	2824	2850	3072	3357	3706	3915	3955	3905	3764	3514	3252	3000	2777	2543	2351	2196	
145	5753	94.9	95.1	19	1	0	2	925	1029	1301	1772	2329	2859	3148	3277	3253	3116	3002	2823	2586	2408	2244	2161	2158	2212	2445	2726	3004	3164	3173	3150	3027	2874	2698	2558	2338	2218	2076	1944	
145	5833	60.0	60.1	19	1	1	2	993	1207	1814	2748	3799	4757	5323	5446	5314	5046	4662	4263	3881	3501	3189	2945	2776	2801	3047	3335	3695	3902	3961	3900	3701	3473	3247	2979	2728	2560	2352	2206	
145	5850	60.0	60.0	19	1	1	2	1002	1207	1794	2758	3854	4817	5366	5479	5362	5064	4686	4330	3936	3534	3218	2976	2789	2858	3024	3331	3685	3924	4011	3902	3737	3514	3263	3026	2742	2530	2374	2209	
145	5867	60.0	60.0	19	1	1	2	999	1214	1812	2762	3873	4811	5343	5448	5362	5040	4708	4272	3909	3487	3201	2916	2810	2845	3041	3361	3696	3924	3964	3912	3728	3539	3254	3008	2752	2550	2370	2223	
145	5885	60.0	60.0	19	1	1	2	984	1204	1810	2752	3846	4794	5329	5433	5338	5008	4664	4284	3886	3479	3187	2936	2807	2800	3031	3373	3688	3922	3970	3890	3699	3490	3249	2984	2735	2525	2377	2212	
145	5902	59.9	60.0	19	1	1	2	990	1234	1815	2743	3816	4795	5325	5465	5335	5030	4633	4251	3887	3504	3208	2948	2811	2836	2996	3341	3660	3873	3976	3889	3701	3516	3236	2960	2744	2535	2338	2230	
145	5919	60.0	60.0	19	1	1	2	999	1247	1807	2743	3851	4805	5320	5432	5320	5024	4705	4273	3872	3495	3183	2936	2832	2834	3027	3345	3677	3880	3992	3915	3709	3462	3226	2960	2760	2536	2386	2182	
145	5936	60.0	60.0	19	1	1	2	988	1220	1782	2772	3824	4776	5305	5475	5359	5036	4685	4306	3879	3495	3193	2945	2768	2821	3038	3346	3677	3914	3967	3899	3693	3498	3257	2986	2754	2540	2361	2186	
145	5999	94.9	95.0	20	1	0	2	928	1030	1288	1769	2331	2815	3134	3261	3312	3126	2979	2840	2593	2385	2259	2156	2133	2238	2460	2722	3007	3134	3225	3145	3016	2871	2711	2531	2353	2195	2066	1956	
145	6079	60.0	60.0	20	1	1	2	985	1216	1810	2730	3835	4757	5324	5421	5350	5050	4656	4264	3883	3478	3149	2899	2791	2854	3034	3329	3704	3875	3986	3915	3690	3505	3232	2986	2745	2548	2379	2231	
145	6096	59.9	60.0	20	1	1	2	997	1208	1820	2765	3874	4823	5342	5468	5372	5069	4686	4319	3885	3556	3211	2968	2823	2837	3061	3336	3682	3914	3990	3888	3689	3511	3253	2996	2761	2527	2381	2203	
145	6113	59.9	60.0	20	1	1	2	998	1250	1797	2753	3815	4775	5361	5446	5329	5050	4688	4283	3857	3502	3192	2981	2806	2842	3042	3322	3653	3904	3982	3917	3704	3488	3289	2990	2745	2526	2378	2181	
145	6131	60.0	60.0	20	1	1	2	984	1257	1816	2759	3823	4800	5345	5498	5309	5057	4661	4268	3882	3492	3200	2983	2818	2830	3033	3326	3713	3898	3987	3884	3704	3521	3276	3029	2719	2530	2344	2198	
145	6148	59.9	60.0	20	1	1	2	1007	1216	1817	2755	3850	4827	5351	5466	5354	5043	4717	4310	3914	3478	3158	2968	2804	2819	3050	3336	3717	3881	3957	3892	3748	3477	3255	2994	2707	2526	2360	2236	
145	6165	59.9	60.0	20	1	1	2	992	1233	1800	2750	3823	4842	5317	5453	5303	5017	4716	4270	3908	3503	3198	2956	2820	2843	3073	3332	3670	3910	3968	3891	3713	3510	3237	2993	2755	2513	2358	2188	
145	6182	60.0	60.0	20	1	1	2	994	1212	1838	2765	3821	4788	5354	5453	5349	5026	4694	4298	3916	3483	3234	2952	2816	2854	3054	3312	3657	3892	3957	3850	3704	3514	3255	2983	2723	2541	2375	2204	
145	6247	94.9	95.0	21	1	0	2	909	1027	1302	1761	2320	2820	3128	3238	3213	3125	2978	2720	2556	2385	2256	2151	2147	2222	2445	2679	3003	3180	3197	3124	2994	2878	2730	2520	2352	2194	2055	1944	
145	6327	60.0	60.1	21	1	1	2	993	1218	1794	2744	3819	4784	5312	5412	5348	5010	4633	4291	3872	3457	3163	2943	2793	2827	3038	3358	3677	3887	3935	3868	3712	3486	3225	2990	2730	2539	2356	2188	
145	6344	60.0	60.0	21	1	1	2	978	1213	1798	2756	3860	4790	5319	5454	5324	5031	4675	4285	3883	3498	3195	2938	2800	2835	3015	3325	3645	3891	3992	3892	3718	3544	3254	2979	2732	2513	2376	2198	
145	6361	59.9	60.0	21	1	1	2	983	1218	1806	2734	3801	4790	5332	5481	5334	5005	4688	4319	3932	3545	3172	2944	2835	2823	3057	3364	3685	3918	4027	3914	3692	3534	3253	2988	2741	2526	2390	2200	
145	6379	60.0	60.0	21	1	1	2	989	1216	1831	2765	3849	4809	5351	5435	5364	5068	4696	4332	3908	3494	3198	2947	2787	2837	3048	3345	3703	3928	3985	3922	3714	3474	3245	3015	2785	2526	2351	2196	
145	6396	60.0	60.0	21	1	1	2	980	1228	1798	2705	3849	4784	5337	5477	5268	5050	4694	4295	3893	3481	3216	2961	2800	2829	3029	3344	3678	3880	3984	3914	3712	3516	3255	2965	2760	2514	2362	2210	
145	6413	59.9	60.0	21	1	1	2	976	1212	1825	2746	3894	4798	5316	5491	5342	5086	4695	4329	3915	3502	3170	2974	2783	2865	3021	3366	3696	3935	3978	3881	3728	3503	3242	3002	2732	2530	2376	2196	
145	6430	59.9	60.0	21	1	1	2	991	1260	1799	2751	3842	4758	5358	5458	5346	5006	4696	4281	3868	3483	3187	2970	2806	2855	3036	3352	3701	3881	3969	3889	3699	3483	3218	3023	2746	2534	2360	2218	
145	6495	94.9	95.1	22	1	0	2	913	1016	1313	1787	2303	2858	3134	3235	3252	3112	2977	2780	2585	2377	2249	2167	2144	2263	2450	2715	3006	3179	3162	3151	3051	2858	2711	2558	2355	2204	2092	1947	
145	6575	60.0	60.1	22	1	1	2	972	1203	1802	2786	3842	4813	5366	5469	5314	5019	4675	4273	3920	3481	3222	2940	2808	2825	3040	3333	3678	3892	3941	3956	3712	3520	3244	3012	2733	2527	2367	2200	
145	6592	59.9	60.0	22	1	1	2	992	1226	1818	2762	3892	4806	5394	5487	5355	5118	4731	4319	3920	3491	3221	2984	2831	2843	3049	3356	3715	3925	3992	3912	3727	3518	3286	3000	2774	2529	2383	2222	
145	6610	59.9	60.0	22	1	1	2	1032	1227	1808	2745	3840	4751	5337	5469	5318	5032	4662	4317	3873	3496	3179	2962	2804	2873	3037	3315	3693	3899	3981	3887	3690	3505	3259	3033	2737	2532	2350	2211	
145	6627	59.9	60.0	22	1	1	2	994	1220	1794	2732	3808	4772	5332	5424	5328	5026	4636	4260	3852	3480	3188	2934	2772	2818	3026	3287	3649	3882	3952	3893	3690	3502	3254	2982	2693	2537	2366	2206	
145	6644	60.0	60.0	22	1	1	2	995	1231	1805	2714	3822	4762	5283	5444	5331	5013	4666	4279	3850	3486	3188	2954	2798	2847	3023	3348	3656	3885	4013	3858	3712	3509	3233	2990	2748	2525	2343	2179	
145	6661	60.0	60.0	22	1	1	2	995	1216	1812	2752	3859	4801	5370	5457	5324	5022	4663	4272	3852	3499	3215	2969	2773	2834	3018	3314	3666	3899	3972	3886	3700	3498	3228	3002	2725	2499	2358	2204	
145	6679	60.0	60.0	22	1	1	2	1014	1227	1790	2715	3830	4774	5294	5428	5264	4987	4633	4246	3844	3457	3206	2889	2801	2807	2997	3342	3664	3865	3951	3868	3734	3441	3225	2986	2680	2518	2322	2183	
145	6743	94.9	95.0	23	1	0	2	926	1027	1324	1761	2318	2804	3156	3224	3245	3161	2944	2773	2602	2377	2261	2140	2148	2223	2431	2719	2968	3150	3220	3162	3008	2842	2697	2532	2351	2197	2063	1929	
145	6823	60.1	60.1	23	1	1	2	988	1209	1804	2712	3825	4744	5319	5411	5333	5035	4609	4270	3904	3470	3205	2949	2776	2825	3029	3337	3643	3851	3957	3929	3729	3539	3208	2998	2747	2536	2344	2176	
145	6840	59.9	60.0	23	1	1	2	974	1228	1807	2742	3852	4843	5328	5491	5326	5036	4663	4280	3890	3472	3187	2983	2840	2813	3082	3330	3693	3919	3980	3907	3702	3512	3286	2991	2731	2544	2341	2168	
145	6858	59.9	60.0	23	1	1	2	991	1223	1802	2745	3793	4764	5323	5493	5324	5021	4647	4285	3890	3463	3203	2940	2805	2835	3038	3366	3656	3858	3974	3906	3692	3496	3238	2950	2735	2534	2340	2198	
145	6875	60.0	60.0	23	1	1	2	999	1222	1815	2702	3833	4756	5295	5429	5306	5010	4638	4271	3833	3484	3209	2958	2766	2814	3042	3312	3679	3882	4001	3889	3698	3479	3216	2984	2700	2507	2333	2192	
145	6892	60.0	60.0	23	1	1	2	973	1218	1800	2746	3818	4766	5321	5433	5344	5026	4634	4247	3904	3472	3208	2916	2793	2812	3015	3318	3633	3868	3979	3885	3692	3504	3270	2993	2708	2559	2358	2192	
145	6909	59.9	60.0	23	1	1	2	999	1225	1792	2734	3833	4776	5288	5439	5317	5013	4640	4272	3855	3473	3186	2944	2830	2809	3017	3332	3684	3862	3895	3860	3686	3502	3247	2985	2735	2515	2334	2194	
145	6927	60.0	60.0	23	1	1	2	986	1227	1801	2735	3800	4784	5295	5453	5314	5036	4660	4271	3889	3485	3167	2953	2796	2823	3044	3343	3668	3874	3962	3885	3678	3463	3242	2988	2724	2512	2349	2206	
145	6989	94.9	95.1	24	1	0	2	911	1031	1308	1765	2287	2815	3106	3241	3216	3156	2963	2746	2559	2365	2254	2136	2122	2201	2425	2674	2963	3116	3188	3114	2999	2836	2681	2564	2348	2194	2052	1941	
145	7068	60.0	60.1	24	1	1	2	986	1220	1812	2735	3790	4766	5279	5428	5322	5024	4642	4266	3865	3508	3187	2944	2781	2848	3022	3364	3671	3917	3951	3889	3680	3481	3202	3012	2734	2533	2358	2193	
145	7086	59.9	60.0	24	1	1	2	993	1218	1814	2748	3833	4806	5352	5493	5347	5027	4677	4293	3885	3513	3209	2946	2807	2848	3058	3347	3677	3933	3978	3920	3719	3511	3255	2996	2730	2513	2360	2205	
145	7103	60.0	60.0	24	1	1	2	998	1230	1803	2766	3838	4809	5311	5423	5351	5048	4635	4295	3909	3495	3185	2993	2788	2813	3072	3342	3693	3903	3993	3897	3702	3489	3248	2976	2766	2526	2337	2187	
145	7120	59.9	60.0	24	1	1	2	1001	1231	1805	2775	3900	4828	5324	5449	5335	5073	4700	4299	3905	3525	3189	2966	2814	2869	3057	3356	3700	3913	3974	3930	3727	3481	3263	3012	2782	2528	2359	2181	
145	7137	59.9	60.0	24	1	1	2	992	1227	1813	2757	3847	4824	5339	5425	5334	5029	4702	4282	3899	3497	3190	2982	2807	2830	3046	3357	3662	3866	3973	3898	3692	3519	3234	2998	2735	2516	2364	2203	
145	7155	59.9	60.0	24	1	1	2	991	1215	1777	2756	3821	4772	5342	5448	5319	5045	4696	4261	3909	3456	3204	2930	2800	2829	3047	3314	3670	3894	3962	3888	3702	3509	3237	2993	2729	2532	2362	2193	
145	7172	60.0	60.0	24	1	1	2	993	1213	1801	2740	3828	4787	5327	5463	5347	5003	4683	4248	3888	3500	3183	2934	2785	2821	3023	3360	3684	3854	3968	3877	3687	3509	3243	2961	2737	2539	2344	2203	
145	7234	95.0	95.0	25	1	0	2	923	1013	1277	1755	2319	2778	3157	3255	3242	3103	2979	2784	2588	2393	2254	2139	2165	2228	2452	2704	2988	3101	3216	3136	3043	2877	2715	2509	2349	2171	2064	1943	
145	7314	60.0	60.1	25	1	1	2	1005	1211	1807	2719	3814	4776	5307	5404	5268	5013	4625	4268	3873	3486	3156	2926	2803	2829	3012	3372	3642	3897	3970	3865	3710	3478	3266	2975	2754	2505	2344	2215	
145	7332	59.9	60.0	25	1	1	2	988	1221	1810	2765	3852	4785	5368	5453	5312	5078	4687	4305	3900	3527	3196	2930	2820	2827	3029	3361	3680	3916	3962	3891	3736	3436	3259	3013	2742	2545	2354	2195	
145	7349	60.0	60.0	25	1	1	2	991	1221	1794	2770	3819	4784	5317	5412	5327	5036	4664	4267	3893	3517	3172	2971	2810	2836	3021	3336	3675	3894	3964	3896	3707	3526	3241	2996	2763	2553	2380	2222	
145	7366	60.0	60.0	25	1	1	2	1003	1215	1821	2803	3840	4766	5312	5403	5321	5031	4672	4259	3859	3471	3175	2948	2814	2840	3017	3310	3680	3922	3985	3902	3721	3467	3274	3025	2728	2547	2361	2184	
145	7383	59.9	60.0	25	1	1	2	987	1237	1805	2734	3855	4773	5346	5433	5291	5060	4692	4270	3879	3485	3188	2940	2793	2820	3041	3323	3668	3877	3968	3902	3662	3478	3222	2972	2721	2549	2352	2193	
145	7401	59.9	60.0	25	1	1	2	976	1230	1802	2724	3822	4780	5314	5436	5322	4976	4618	4277	3890	3476	3177	2939	2795	2838	3027	3313	3665	3868	3968	3893	3686	3454	3220	2983	2732	2519	2340	2209	
145	7418	60.0	60.0	25	1	1	2	1000	1217	1825	2733	3839	4817	5295	5396	5317	5023	4662	4308	3893	3481	3180	2937	2809	2828	3047	3323	3681	3848	3947	3868	3705	3475	3161	2977	2728	2512	2353	2205	
145	7480	95.0	95.0	26	1	0	2	915	1040	1306	1749	2328	2821	3134	3248	3224	3116	2944	2763	2586	2414	2227	2165	2121	2221	2421	2704	2967	3157	3208	3158	3017	2869	2740	2536	2335	2184	2068	1939	
145	7561	60.0	60.1	26	1	1	2	993	1220	1803	2696	3782	4766	5281	5412	5299	4983	4627	4274	3882	3457	3158	2909	2759	2827	2989	3302	3644	3914	3981	3870	3678	3474	3238	2957	2718	2518	2331	2190	
145	7578	59.9	60.0	26	1	1	2	987	1211	1794	2731	3777	4732	5275	5390	5320	5002	4633	4252	3850	3496	3139	2909	2768	2822	3000	3315	3655	3844	3947	3842	3680	3505	3201	2998	2731	2528	2343	2178	
145	7595	59.9	60.0	26	1	1	2	983	1211	1811	2733	3818	4780	5293	5406	5258	5023	4656	4256	3864	3494	3186	2904	2777	2857	3025	3332	3666	3894	3940	3903	3681	3478	3270	2989	2729	2534	2312	2167	
145	7612	59.9	60.0	26	1	1	2	994	1219	1778	2722	3823	4737	5272	5422	5290	4978	4598	4225	3863	3457	3182	2944	2772	2804	3001	3276	3624	3873	3918	3837	3639	3484	3220	2974	2687	2498	2330	2182	
145	7630	59.9	60.0	26	1	1	2	992	1222	1786	2715	3805	4752	5272	5402	5266	5034	4630	4282	3896	3485	3183	2922	2787	2826	3020	3296	3652	3856	3958	3903	3681	3475	3244	2999	2725	2524	2338	2191	
145	7647	59.9	60.0	26	1	1	2	992	1228	1790	2718	3807	4758	5277	5416	5289	4976	4634	4228	3860	3469	3187	2901	2791	2836	3003	3284	3667	3826	3943	3876	3666	3458	3221	2968	2728	2525	2362	2211	
145	7664	60.0	60.0	26	1	1	2	996	1228	1800	2693	3799	4716	5285	5391	5323	4954	4637	4226	3858	3434	3182	2924	2805	2828	3019	3309	3654	3857	3923	3854	3699	3460	3186	2953	2704	2506	2356	2200	
145	7726	94.9	95.0	27	1	0	2	910	1011	1309	1770	2285	2779	3106	3252	3209	3134	2988	2758	2578	2344	2226	2142	2117	2226	2426	2702	2968	3114	3202	3164	2996	2830	2717	2511	2356	2179	2076	1930	
145	7807	60.0	60.1	27	1	1	2	1000	1229	1801	2739	3820	4734	5291	5412	5314	4993	4632	4219	3830	3462	3176	2918	2789	2836	3024	3318	3690	3865	3960	3875	3657	3467	3236	2989	2742	2500	2349	2170	
145	7824	59.9	60.0	27	1	1	2	989	1243	1796	2730	3852	4774	5342	5407	5316	5023	4675	4278	3896	3503	3194	2932	2821	2849	3037	3341	3703	3873	3981	3878	3704	3502	3256	3014	2780	2533	2370	2184	
145	7841	59.9	60.0	27	1	1	2	980	1222	1818	2756	3805	4752	5272	5400	5325	5017	4628	4274	3834	3502	3172	2920	2764	2822	3035	3324	3644	3830	3976	3885	3690	3481	3261	2987	2735	2517	2339	2192	
145	7858	60.0	60.0	27	1	1	2	984	1223	1810	2712	3845	4757	5287	5442	5276	5004	4672	4280	3833	3454	3184	2962	2792	2824	3012	3336	3643	3903	3971	3901	3696	3470	3262	2960	2727	2518	2344	2185	
145	7876	60.0	60.0	27	1	1	2	991	1232	1792	2710	3819	4763	5338	5448	5335	4973	4674	4232	3875	3447	3180	2935	2786	2840	3035	3350	3704	3879	4003	3909	3684	3463	3245	2987	2755	2542	2339	2182	
145	7893	60.0	60.0	27	1	1	2	994	1215	1802	2742	3857	4761	5302	5425	5330	5060	4615	4253	3881	3457	3172	2931	2801	2810	3011	3322	3672	3876	3975	3859	3674	3482	3225	2982	2710	2522	2346	2186	
145	7910	59.9	60.0	27	1	1	2	1002	1219	1807	2738	3838	4750	5330	5460	5330	4990	4672	4282	3908	3498	3158	2935	2821	2795	3035	3338	3662	3904	3988	3837	3709	3477	3254	2998	2751	2498	2341	2187	
145	7975	94.8	95.0	28	1	0	2	911	1034	1308	1752	2296	2804	3115	3257	3244	3106	2956	2766	2572	2387	2223	2139	2148	2227	2433	2702	2976	3127	3157	3140	3000	2850	2688	2523	2349	2189	2051	1939	
145	8055	60.0	60.1	28	1	1	2	992	1213	1789	2740	3825	4778	5353	5435	5296	5031	4678	4295	3888	3457	3173	2917	2804	2828	3033	3306	3689	3897	3954	3904	3706	3496	3235	2976	2720	2525	2352	2187	
145	8072	59.9	60.0	28	1	1	2	986	1216	1806	2736	3822	4800	5310	5457	5312	4977	4645	4237	3895	3530	3178	2936	2790	2808	3028	3322	3674	3881	4011	3882	3684	3495	3233	2993	2724	2534	2358	2188	
145	8089	60.0	60.0	28	1	1	2	1005	1217	1815	2747	3821	4779	5319	5459	5312	5022	4650	4282	3852	3528	3195	2936	2789	2816	3029	3348	3648	3904	3981	3871	3685	3490	3263	3005	2727	2525	2354	2195	
145	8106	60.0	60.0	28	1	1	2	994	1235	1797	2776	3847	4790	5309	5464	5298	5008	4674	4280	3866	3474	3183	2934	2796	2828	3025	3346	3678	3902	4009	3848	3719	3500	3270	2993	2744	2517	2334	2173	
145	8124	60.0	60.0	28	1	1	2	998	1217	1842	2721	3868	4763	5318	5426	5313	4981	4687	4233	3863	3446	3159	2953	2770	2826	3025	3369	3678	3901	3970	3881	3672	3486	3238	2973	2717	2536	2359	2209	
145	8141	60.0	60.0	28	1	1	2	1001	1222	1801	2759	3812	4767	5313	5447	5319	5058	4646	4302	3886	3485	3188	2954	2832	2845	3016	3335	3691	3890	3960	3884	3719	3470	3221	2981	2746	2558	2350	2185	
145	8158	60.0	60.0	28	1	1	2	1006	1205	1825	2748	3821	4754	5299	5442	5331	5024	4675	4293	3895	3463	3146	2965	2796	2805	3016	3315	3692	3857	3970	3861	3724	3471	3204	3022	2709	2530	2350	2189	
145	8223	94.9	95.0	29	1	0	2	929	1009	1306	1766	2276	2807	3103	3223	3218	3125	2928	2769	2571	2374	2261	2144	2112	2232	2441	2693	2949	3120	3185	3133	2997	2825	2700	2490	2365	2172	2044	1950	
145	8303	60.0	60.0	29	1	1	2	995	1223	1776	2710	3815	4713	5260	5432	5269	4998	4619	4268	3857	3475	3166	2894	2818	2833	3019	3326	3654	3879	3970	3842	3627	3465	3251	2967	2737	2518	2320	2202	
145	8320	59.9	60.0	29	1	1	2	994	1215	1792	2750	3837	4761	5284	5374	5244	5007	4681	4261	3874	3484	3178	2911	2775	2811	3009	3319	3688	3860	3924	3813	3687	3442	3234	2962	2710	2512	2365	2197	
145	8337	59.9	60.0	29	1	1	2	1009	1210	1791	2752	3860	4772	5340	5418	5324	5034	4680	4283	3874	3477	3185	2951	2794	2814	3027	3332	3649	3893	4009	3884	3729	3475	3221	2974	2726	2523	2351	2223	
145	8354	60.0	60.0	29	1	1	2	1004	1230	1817	2742	3802	4765	5325	5430	5283	4979	4646	4258	3902	3497	3184	2923	2783	2832	2992	3341	3674	3860	3943	3849	3706	3482	3208	2991	2752	2507	2352	2176	
145	8372	60.0	60.0	29	1	1	2	993	1229	1786	2744	3842	4782	5310	5432	5325	5008	4660	4277	3868	3488	3166	2957	2808	2813	3018	3325	3663	3897	3940	3862	3710	3463	3248	3004	2747	2515	2365	2190	
145	8389	59.9	60.0	29	1	1	2	1006	1205	1819	2735	3802	4767	5293	5422	5283	5012	4632	4238	3862	3481	3179	2943	2798	2834	3033	3302	3701	3896	3971	3872	3651	3477	3254	2974	2722	2520	2363	2173	
145	8406	59.9	60.0	29	1	1	2	993	1197	1786	2722	3825	4799	5292	5463	5373	5040	4664	4263	3897	3493	3191	2939	2773	2813	3031	3333	3675	3895	3955	3845	3716	3484	3232	2955	2779	2534	2383	2171	
145	8469	95.0	95.0	30	1	0	2	938	1028	1308	1750	2332	2829	3124	3248	3211	3116	2927	2789	2572	2366	2242	2133	2127	2231	2433	2725	2965	3114	3207	3127	3019	2840	2702	2552	2328	2167	2068	1962	
145	8549	60.0	60.1	30	1	1	2	998	1233	1787	2740	3793	4762	5285	5470	5297	4992	4651	4241	3852	3465	3166	2933	2819	2812	3013	3325	3679	3854	3978	3869	3679	3498	3259	2977	2735	2540	2364	2188	
145	8566	59.9	60.0	30	1	1	2	995	1221	1818	2766	3832	4762	5347	5454	5360	5055	4637	4267	3867	3481	3187	2971	2791	2843	3032	3342	3685	3900	3980	3860	3729	3519	3220	3002	2745	2544	2340	2192	
145	8583	60.0	60.0	30	1	1	2	1004	1228	1792	2769	3848	4792	5344	5423	5297	5039	4633	4263	3881	3506	3153	2941	2802	2828	3039	3362	3650	3908	3988	3905	3702	3503	3264	2995	2718	2528	2351	2210	
145	8601	60.0	60.0	30	1	1	2	989	1211	1796	2722	3799	4750	5321	5457	5353	4986	4685	4249	3935	3450	3191	2905	2781	2805	3027	3312	3685	3886	3965	3859	3671	3467	3218	2994	2746	2514	2342	2164	
145	8618	60.0	60.0	30	1	1	2	996	1234	1792	2743	3882	4787	5358	5478	5330	5018	4658	4251	3885	3519	3182	2948	2810	2844	3023	3301	3678	3865	3995	3885	3697	3472	3232	2996	2745	2513	2379	2192	
145	8635	60.0	60.0	30	1	1	2	995	1212	1802	2737	3860	4794	5334	5443	5334	5030	4702	4272	3897	3492	3199	2927	2780	2840	3019	3322	3691	3899	3974	3848	3717	3476	3242	2985	2734	2532	2349	2195	
145	8652	60.0	60.0	30	1	1	2	1001	1218	1796	2758	3773	4765	5343	5452	5296	5053	4644	4253	3876	3521	3176	2935	2784	2826	3053	3321	3683	3863	3968	3898	3749	3459	3262	2972	2742	2518	2366	2199	
145	8717	94.8	95.0	31	1	0	2	909	1032	1305	1782	2326	2776	3134	3238	3226	3116	2959	2770	2553	2387	2237	2144	2137	2219	2452	2695	2978	3106	3182	3171	3003	2881	2694	2514	2337	2172	2072	1955	
145	8797	60.0	60.0	31	1	1	2	996	1210	1784	2743	3819	4753	5271	5409	5330	5008	4621	4223	3841	3477	3172	2926	2771	2802	3048	3322	3694	3868	3941	3870	3689	3520	3255	2965	2717	2526	2383	2145	
145	8814	59.9	60.0	31	1	1	2	993	1237	1800	2763	3894	4758	5357	5462	5360	5048	4711	4279	3913	3557	3193	2949	2784	2847	3056	3368	3712	3884	3967	3885	3718	3520	3278	2991	2733	2510	2368	2213	
145	8831	59.9	60.0	31	1	1	2	993	1233	1793	2742	3851	4785	5311	5409	5328	5069	4684	4274	3880	3479	3180	2926	2787	2788	3025	3317	3657	3880	3976	3913	3670	3501	3263	2990	2760	2524	2332	2190	
145	8849	59.9	60.0	31	1	1	2	986	1245	1824	2762	3812	4733	5346	5421	5307	5062	4648	4264	3877	3466	3189	2930	2781	2838	3018	3336	3650	3853	3958	3896	3661	3471	3261	3010	2732	2504	2360	2184	
145	8866	59.9	60.0	31	1	1	2	993	1222	1804	2747	3835	4762	5316	5455	5330	5049	4690	4272	3879	3495	3161	2937	2806	2873	3020	3365	3665	3812	3965	3890	3721	3501	3247	2959	2770	2495	2342	2195	
145	8883	59.9	60.0	31	1	1	2	1006	1225	1799	2734	3845	4763	5340	5450	5311	5019	4652	4264	3880	3488	3190	2936	2775	2881	2992	3332	3693	3846	3942	3883	3686	3476	3218	2963	2758	2513	2342	2185	
145	8900	59.9	60.0	31	1	1	2	971	1220	1791	2747	3808	4777	5304	5440	5312	5015	4646	4256	3874	3474	3168	2957	2808	2806	2996	3324	3664	3859	3908	3892	3708	3467	3197	2975	2714	2498	2352	2188	
145	8963	94.9	95.1	32	1	0	2	834	1041	1324	1786	2293	2806	3132	3262	3241	3098	2924	2757	2580	2389	2242	2125	2138	2203	2436	2719	2969	3122	3170	3139	2991	2857	2692	2531	2349	2198	2051	1946	
145	9043	60.0	60.0	32	1	1	2	994	1202	1804	2737	3823	4780	5319	5448	5323	4972	4651	4212	3877	3465	3161	2939	2772	2809	3055	3330	3665	3869	3967	3872	3683	3437	3211	3000	2746	2516	2338	2178	
145	9060	59.9	60.0	32	1	1	2	981	1224	1796	2782	3847	4816	5303	5422	5321	4984	4663	4307	3898	3514	3178	2949	2786	2825	3061	3348	3681	3885	3951	3892	3715	3478	3222	2952	2729	2494	2342	2213	
145	9077	59.9	60.0	32	1	1	2	1005	1214	1792	2752	3822	4779	5330	5413	5300	5008	4638	4266	3887	3481	3206	2968	2792	2827	3039	3326	3680	3899	3947	3862	3705	3492	3254	2958	2728	2533	2341	2202	
145	9095	60.0	60.0	32	1	1	2	1000	1212	1799	2735	3837	4769	5297	5438	5270	5013	4660	4258	3870	3460	3180	2958	2785	2834	3046	3321	3648	3876	3977	3876	3698	3510	3244	3008	2728	2498	2353	2208	
145	9112	60.0	60.0	32	1	1	2	986	1215	1817	2730	3824	4749	5272	5429	5300	4988	4632	4274	3882	3486	3194	2917	2758	2797	2976	3311	3636	3852	3941	3839	3707	3447	3210	2974	2726	2498	2336	2201	
145	9129	59.9	60.0	32	1	1	2	1009	1218	1790	2743	3794	4815	5315	5462	5284	4994	4616	4262	3884	3516	3152	2934	2794	2820	3021	3309	3679	3898	3960	3849	3678	3479	3220	2965	2733	2520	2355	2168	
145	9146	60.0	60.0	32	1	1	2	995	1221	1806	2743	3808	4798	5312	5437	5298	5004	4647	4249	3879	3480	3173	2933	2806	2840	3015	3327	3664	3861	3960	3890	3682	3493	3252	3018	2727	2546	2352	2178	
145	9209	94.9	95.0	33	1	0	2	923	1019	1293	1787	2315	2811	3136	3210	3195	3130	2962	2776	2547	2378	2229	2153	2100	2202	2425	2693	2966	3140	3174	3107	3018	2854	2664	2506	2333	2185	2058	1942	
145	9289	60.0	60.1	33	1	1	2	993	1218	1799	2713	3816	4836	5259	5467	5315	5041	4651	4256	3915	3493	3179	2929	2774	2819	3049	3276	3657	3922	3970	3865	3702	3482	3253	2987	2724	2557	2372	2209	
145	9306	59.9	60.0	33	1	1	2	997	1219	1831	2731	3861	4787	5324	5442	5347	5040	4704	4286	3858	3502	3208	2978	2815	2826	3045	3315	3708	3859	3963	3908	3698	3506	3265	2998	2716	2497	2333	2203	
145	9324	60.0	60.0	33	1	1	2	992	1217	1802	2771	3823	4807	5321	5456	5280	5058	4683	4287	3882	3446	3202	2952	2791	2849	2978	3316	3701	3902	3972	3883	3690	3477	3255	2974	2743	2509	2364	2200	
145	9341	59.9	60.0	33	1	1	2	1000	1226	1806	2764	3872	4810	5342	5500	5338	5044	4662	4319	3939	3490	3208	2956	2786	2863	3032	3339	3708	3896	3978	3898	3723	3508	3257	2975	2738	2535	2390	2196	
145	9358	60.0	60.0	33	1	1	2	995	1220	1816	2772	3843	4802	5300	5415	5329	5016	4631	4273	3847	3464	3212	2987	2779	2826	3044	3352	3683	3859	3959	3887	3679	3478	3253	2990	2725	2539	2346	2191	
145	9375	60.0	60.0	33	1	1	2	991	1217	1793	2764	3798	4773	5302	5469	5327	5012	4661	4231	3882	3500	3157	2936	2802	2794	3008	3336	3661	3860	3982	3888	3689	3491	3217	2992	2731	2560	2347	2187	
145	9393	60.0	60.0	33	1	1	2	993	1223	1802	2697	3830	4732	5284	5417	5253	4977	4639	4255	3839	3481	3166	2923	2786	2794	3019	3332	3664	3846	3953	3852	3658	3471	3230	2953	2717	2542	2372	2196	
145	9455	94.9	95.0	34	1	0	2	898	1014	1309	1773	2328	2841	3171	3239	3247	3131	2977	2773	2562	2377	2254	2162	2115	2215	2471	2709	2948	3131	3215	3149	2990	2902	2696	2527	2368	2192	2077	1929	
145	9535	60.0	60.0	34	1	1	2	989	1220	1806	2759	3862	4760	5298	5428	5326	5058	4690	4264	3901	3477	3206	2929	2795	2813	3028	3335	3677	3871	3993	3906	3714	3477	3249	3003	2741	2534	2349	2207	
145	9552	59.9	60.0	34	1	1	2	998	1217	1831	2766	3820	4822	5386	5506	5386	5053	4695	4287	3911	3489	3214	2952	2823	2848	3060	3347	3698	3911	3963	3900	3716	3496	3238	3033	2749	2512	2369	2206	
145	9570	59.9	60.0	34	1	1	2	999	1199	1818	2737	3852	4775	5325	5407	5342	5012	4668	4269	3876	3495	3208	2974	2820	2848	3007	3307	3687	3865	3968	3901	3712	3502	3255	3016	2734	2555	2357	2212	
145	9587	60.0	60.0	34	1	1	2	995	1227	1805	2768	3811	4765	5313	5413	5308	5038	4678	4273	3868	3514	3165	2944	2804	2832	3017	3323	3675	3872	3963	3845	3685	3518	3240	2983	2715	2529	2341	2182	
145	9604	60.0	60.0	34	1	1	2	994	1209	1814	2790	3841	4784	5310	5437	5314	5020	4631	4262	3891	3493	3185	2954	2781	2839	3001	3331	3693	3910	3966	3871	3752	3480	3200	3003	2736	2505	2365	2185	
145	9621	60.0	60.0	34	1	1	2	1001	1203	1799	2750	3828	4777	5299	5448	5316	5032	4638	4277	3904	3518	3187	2886	2765	2822	3013	3349	3632	3916	3975	3859	3700	3508	3246	2991	2735	2514	2379	2177	
145	9639	60.0	60.0	34	1	1	2	1001	1236	1806	2763	3816	4776	5344	5453	5329	5020	4674	4273	3871	3493	3197	2934	2793	2814	3048	3319	3662	3873	3980	3894	3669	3489	3236	3010	2748	2530	2357	2188	
145	9703	94.8	95.0	35	1	0	2	923	1071	1302	1763	2323	2809	3163	3237	3240	3162	2959	2772	2571	2396	2253	2147	2123	2243	2434	2699	2984	3142	3180	3129	2996	2853	2702	2537	2356	2189	2056	1939	
145	9783	60.0	60.1	35	1	1	2	1002	1223	1784	2704	3818	4780	5332	5465	5311	5033	4694	4277	3881	3520	3189	2976	2807	2806	3018	3336	3678	3904	3976	3873	3695	3455	3236	3000	2731	2528	2359	2172	
145	9801	59.9	60.0	35	1	1	2	1015	1231	1838	2741	3869	4818	5362	5458	5364	5048	4695	4287	3910	3500	3186	2984	2826	2835	3054	3349	3723	3876	4015	3895	3708	3544	3272	2981	2757	2550	2344	2206	
145	9818	59.9	60.0	35	1	1	2	997	1218	1804	2762	3858	4767	5328	5486	5338	4988	4658	4297	3876	3563	3191	2957	2814	2830	3053	3344	3688	3887	3956	3864	3662	3462	3214	2984	2756	2524	2376	2203	
145	9835	60.0	60.0	35	1	1	2	996	1214	1802	2770	3858	4792	5272	5446	5328	5024	4634	4234	3859	3499	3176	2932	2829	2860	2987	3346	3666	3891	3976	3901	3678	3460	3223	2968	2728	2562	2348	2184	
145	9852	60.0	60.0	35	1	1	2	993	1220	1809	2767	3804	4746	5306	5393	5285	5030	4645	4279	3879	3482	3161	2907	2732	2802	3028	3328	3669	3883	3956	3842	3707	3447	3235	2997	2708	2516	2381	2191	
145	9869	60.0	60.0	35	1	1	2	1013	1217	1840	2751	3847	4766	5284	5452	5331	5028	4662	4273	3864	3518	3221	2936	2791	2808	3016	3299	3665	3889	3953	3858	3730	3486	3239	2968	2736	2504	2354	2183	
145	9887	60.0	60.0	35	1	1	2	1002	1234	1825	2712	3856	4777	5299	5437	5290	5034	4674	4252	3904	3486	3223	2981	2810	2803	3018	3348	3684	3908	3958	3864	3685	3505	3241	2978	2744	2520	2344	2200	
145	9951	94.9	95.0	36	1	0	2	916	1030	1312	1754	2299	2810	3123	3241	3241	3103	2971	2762	2564	2412	2263	2140	2124	2236	2446	2669	2944	3123	3176	3130	2994	2852	2660	2487	2313	2205	2081	1933	
145	10031	60.0	60.0	36	1	1	2	1002	1225	1816	2754	3824	4759	5254	5461	5315	5030	4653	4252	3897	3489	3177	2932	2794	2810	3017	3328	3699	3900	3984	3905	3705	3500	3237	2986	2726	2500	2352	2178	
145	10049	59.9	60.0	36	1	1	2	1024	1230	1793	2775	3830	4788	5379	5444	5320	5053	4708	4314	3893	3516	3187	2961	2811	2821	2999	3329	3654	3892	3998	3893	3661	3489	3247	3019	2726	2517	2378	2200	
145	10066	59.9	60.0	36	1	1	2	995	1237	1811	2766	3856	4781	5363	5538	5362	5037	4690	4257	3913	3511	3168	2960	2803	2856	3034	3343	3702	3889	3979	3877	3718	3476	3231	3004	2754	2539	2357	2154	
145	10083	60.0	60.0	36	1	1	2	1016	1219	1823	2739	3836	4792	5310	5507	5337	5022	4709	4285	3930	3482	3206	2927	2811	2846	3018	3328	3673	3872	3990	3895	3693	3484	3280	2976	2727	2525	2358	2188	
145	10100	59.9	60.0	36	1	1	2	999	1230	1832	2712	3841	4778	5323	5443	5345	5020	4648	4280	3900	3513	3193	2950	2779	2841	3036	3344	3681	3851	3952	3893	3670	3489	3228	3000	2720	2505	2317	2192	
145	10118	60.0	60.0	36	1	1	2	990	1233	1813	2774	3883	4797	5322	5449	5326	5010	4627	4301	3868	3500	3198	2951	2841	2832	3027	3355	3667	3884	3957	3904	3674	3486	3243	2998	2720	2547	2348	2201	
145	10135	60.0	60.0	36	1	1	2	1019	1250	1812	2750	3789	4788	5292	5431	5279	5044	4654	4264	3900	3459	3201	2934	2791	2781	3016	3332	3691	3896	3944	3849	3688	3448	3210	2980	2732	2520	2347	2195	
145	10197	94.9	95.0	37	1	0	2	898	1025	1311	1760	2343	2798	3147	3246	3248	3135	2970	2767	2614	2396	2276	2161	2119	2224	2455	2678	2988	3127	3210	3144	3049	2877	2686	2486	2337	2192	2070	1961	
145	10277	60.0	60.1	37	1	1	2	1007	1217	1802	2746	3840	4816	5322	5426	5343	5053	4644	4264	3893	3492	3218	2980	2814	2822	3015	3350	3634	3872	3971	3900	3689	3432	3244	2964	2762	2534	2342	2211	
145	10295	60.0	60.0	37	1	1	2	1002	1229	1816	2788	3851	4842	5384	5500	5409	5066	4686	4306	3895	3548	3198	2969	2808	2841	3077	3343	3704	3910	3975	3929	3731	3513	3271	3007	2724	2527	2401	2196	
145	10312	59.9	60.0	37	1	1	2	1003	1222	1830	2748	3847	4780	5373	5481	5380	5053	4676	4303	3892	3520	3204	2931	2789	2860	3048	3396	3702	3891	3980	3917	3744	3472	3281	3004	2732	2541	2378	2201	
145	10329	59.9	60.0	37	1	1	2	1030	1215	1840	2754	3862	4825	5339	5464	5349	4987	4692	4326	3883	3528	3212	2972	2816	2829	3051	3333	3662	3897	3953	3895	3693	3457	3264	2965	2744	2547	2342	2207	
145	10346	60.0	60.0	37	1	1	2	1009	1240	1816	2770	3829	4790	5368	5451	5314	5003	4638	4314	3905	3484	3179	2964	2806	2841	3046	3314	3677	3945	3953	3894	3724	3482	3258	3007	2732	2505	2345	2193	
145	10364	60.0	60.0	37	1	1	2	1012	1237	1822	2746	3849	4821	5254	5460	5353	5035	4675	4284	3880	3485	3208	2928	2794	2856	3035	3355	3681	3891	3982	3884	3679	3472	3263	2986	2728	2518	2350	2189	
145	10381	60.0	60.0	37	1	1	2	1008	1227	1815	2751	3864	4864	5342	5479	5414	5073	4715	4316	3887	3503	3191	2976	2845	2826	3034	3381	3703	3938	3954	3908	3726	3495	3285	2993	2729	2536	2357	2203	
145	10445	94.9	95.0	38	1	0	2	917	1029	1339	1790	2345	2796	3129	3240	3212	3087	2931	2763	2572	2387	2190	2136	2124	2227	2438	2698	2999	3125	3187	3152	2994	2829	2682	2521	2329	2184	2054	1934	
145	10526	60.0	60.0	38	1	1	2	1004	1233	1827	2743	3826	4754	5343	5454	5351	5056	4663	4269	3908	3495	3195	2937	2803	2846	3067	3316	3665	3885	3997	3887	3693	3506	3228	2972	2720	2545	2347	2215	
145	10543	59.9	60.0	38	1	1	2	1007	1232	1806	2785	3837	4844	5400	5481	5376	5106	4700	4338	3915	3532	3181	2965	2847	2846	3049	3369	3715	3889	3985	3877	3725	3462	3246	2988	2747	2543	2353	2164	
145	10560	59.9	60.0	38	1	1	2	1024	1227	1818	2751	3842	4802	5350	5497	5356	5049	4667	4297	3940	3518	3210	2944	2812	2861	3050	3376	3707	3919	3970	3905	3703	3516	3267	2994	2749	2532	2371	2207	
145	10577	60.0	60.0	38	1	1	2	990	1235	1810	2787	3818	4761	5324	5461	5336	5014	4701	4226	3896	3505	3207	2955	2832	2820	3035	3361	3686	3847	3924	3903	3744	3491	3251	2973	2729	2539	2347	2218	
145	10595	60.0	60.0	38	1	1	2	1001	1244	1836	2764	3827	4756	5309	5470	5267	5018	4656	4243	3880	3484	3217	2967	2791	2793	3024	3361	3695	3868	3976	3899	3702	3458	3227	2970	2748	2552	2357	2184	
145	10612	59.9	60.0	38	1	1	2	1006	1246	1817	2752	3844	4787	5356	5468	5344	5051	4713	4285	3894	3492	3186	2934	2803	2837	3043	3384	3662	3866	3970	3880	3736	3472	3221	3018	2736	2556	2367	2213	
145	10629	60.0	60.0	38	1	1	2	1008	1238	1801	2769	3852	4833	5369	5448	5336	5003	4704	4259	3904	3488	3227	2963	2817	2869	3051	3330	3697	3880	3969	3885	3711	3479	3257	2980	2704	2532	2302	2166	
145	10694	94.9	95.1	39	1	0	2	924	1033	1329	1757	2320	2790	3151	3275	3207	3135	2955	2768	2584	2416	2252	2161	2126	2212	2438	2697	2979	3123	3179	3138	3005	2875	2673	2535	2347	2180	2069	1927	
145	10774	60.0	60.1	39	1	1	2	1006	1229	1814	2757	3838	4817	5284	5484	5338	5034	4682	4310	3891	3491	3193	2920	2777	2848	2989	3339	3656	3874	3986	3868	3725	3520	3236	2971	2761	2518	2356	2184	
145	10791	60.0	60.0	39	1	1	2	1008	1256	1834	2786	3856	4824	5344	5498	5388	5085	4716	4301	3921	3530	3206	2999	2814	2837	3044	3372	3679	3915	3974	3891	3727	3563	3274	2993	2748	2534	2370	2199	
145	10808	59.9	60.0	39	1	1	2	1021	1247	1815	2775	3866	4826	5348	5500	5356	5052	4697	4347	3937	3545	3210	2964	2847	2857	3050	3369	3706	3894	3987	3927	3738	3483	3229	3017	2766	2553	2381	2214	
145	10825	60.0	60.0	39	1	1	2	1012	1244	1845	2775	3859	4831	5324	5457	5351	5045	4656	4276	3917	3516	3200	2965	2816	2822	3060	3320	3690	3928	3940	3863	3703	3470	3231	3009	2740	2533	2382	2208	
145	10843	60.0	60.0	39	1	1	2	1016	1211	1808	2786	3856	4775	5347	5412	5336	5050	4686	4283	3924	3521	3198	2938	2795	2824	3032	3352	3672	3901	3980	3891	3697	3466	3257	2980	2734	2531	2346	2192	
145	10860	60.0	60.0	39	1	1	2	1007	1227	1820	2774	3856	4746	5323	5465	5369	5018	4653	4263	3889	3522	3189	2953	2789	2829	3014	3351	3657	3839	3968	3859	3692	3467	3267	2963	2737	2533	2365	2189	
145	10877	59.9	60.0	39	1	1	2	1007	1228	1842	2752	3854	4775	5372	5423	5320	5037	4675	4294	3887	3516	3193	2969	2829	2853	3044	3340	3681	3926	3975	3872	3718	3492	3236	3010	2720	2549	2359	2187	
145	10940	94.9	95.0	40	1	0	2	922	1048	1330	1780	2349	2830	3141	3276	3245	3142	2952	2823	2608	2405	2241	2164	2146	2248	2460	2693	2981	3112	3187	3158	3027	2878	2698	2512	2298	2193	2069	1972	
145	11020	60.0	60.1	40	1	1	2	1005	1254	1820	2759	3844	4767	5328	5447	5353	5029	4674	4313	3899	3493	3190	2971	2803	2860	3034	3327	3700	3868	3978	3883	3681	3521	3249	2987	2729	2544	2369	2180	
145	11037	59.9	60.0	40	1	1	2	1022	1259	1841	2787	3884	4880	5414	5493	5419	5115	4719	4354	3904	3540	3243	2995	2818	2891	3056	3355	3688	3902	3989	3905	3702	3514	3254	3014	2752	2527	2369	2198	
145	11054	60.0	60.0	40	1	1	2	1024	1254	1833	2759	3905	4808	5376	5488	5354	5072	4637	4305	3902	3527	3223	2932	2828	2858	3082	3360	3693	3937	3965	3892	3711	3507	3227	3007	2744	2515	2370	2204	
145	11071	59.9	60.0	40	1	1	2	1013	1243	1808	2792	3868	4830	5336	5494	5339	5068	4721	4309	3958	3552	3200	2973	2823	2858	3043	3367	3682	3938	3982	3909	3712	3486	3260	2982	2748	2545	2387	2204	
145	11089	59.9	60.0	40	1	1	2	1005	1238	1807	2783	3886	4816	5366	5496	5353	5048	4713	4288	3870	3526	3224	2959	2810	2829	3049	3341	3733	3907	3981	3884	3728	3507	3252	2968	2741	2552	2343	2200	
145	11106	60.0	60.0	40	1	1	2	1016	1244	1857	2805	3888	4817	5373	5488	5369	5064	4703	4296	3920	3522	3247	2963	2794	2870	3062	3371	3677	3871	3995	3905	3673	3493	3238	3004	2741	2540	2347	2189	
145	11123	59.9	60.0	40	1	1	2	1025	1268	1855	2808	3864	4842	5365	5497	5365	5083	4704	4322	3952	3492	3231	2944	2840	2856	3056	3352	3694	3910	3953	3914	3716	3517	3223	2999	2755	2518	2360	2225	
