Well	Time (1/2 s)	Block Temp	Sample Temp	Repetition	PCR Stage	Extension	Scale	B1	B2	B3	B4	B5	B6	B7	B8	B9	B10	B11	B12	B13	B14	B15	B16	B17	B18	B19	B20	B21	B22	B23	B24	B25	B26	B27	B28	B29	B30	B31	B32
31	106	95.1	95.1	1	0	0	2	953	1160	1620	2249	2975	3596	3900	4069	3993	3906	3644	3405	3104	2831	2683	2557	2531	2702	2990	3315	3666	3908	3945	3903	3762	3585	3339	3082	2910	2672	2529	2324	
31	123	95.0	95.0	1	0	0	2	944	1139	1604	2240	2913	3539	3884	4026	3969	3864	3604	3383	3104	2835	2676	2537	2557	2673	2928	3336	3630	3815	3950	3856	3775	3589	3324	3095	2863	2665	2516	2311	
31	140	95.0	95.0	1	0	0	2	933	1156	1577	2237	2883	3516	3845	4018	3965	3830	3572	3370	3082	2833	2648	2536	2555	2681	2965	3316	3688	3856	3932	3842	3762	3553	3327	3063	2880	2644	2477	2302	
31	157	95.0	95.0	1	0	0	2	946	1158	1590	2218	2909	3486	3812	3987	3977	3803	3564	3343	3088	2829	2636	2570	2498	2671	2958	3311	3629	3812	3916	3838	3730	3568	3314	3084	2866	2660	2509	2317	
31	175	95.0	95.0	1	0	0	2	935	1153	1577	2212	2932	3494	3865	4030	3953	3841	3579	3337	3080	2796	2630	2550	2540	2681	2968	3285	3632	3848	3942	3881	3748	3560	3330	3084	2886	2675	2484	2332	
31	192	95.0	95.0	1	0	0	2	928	1152	1595	2209	2910	3504	3821	4008	3951	3802	3617	3340	3067	2819	2663	2557	2518	2688	2967	3329	3645	3870	3956	3852	3789	3518	3329	3082	2861	2654	2476	2326	
31	209	94.9	95.0	1	0	0	2	932	1147	1578	2209	2906	3496	3851	3973	3939	3832	3596	3324	3013	2809	2655	2549	2528	2663	2961	3270	3629	3892	3962	3865	3742	3573	3298	3057	2884	2671	2484	2321	
31	226	95.0	95.0	1	0	0	2	936	1158	1578	2216	2895	3518	3854	3964	3973	3806	3640	3363	3064	2826	2648	2580	2537	2660	2943	3293	3623	3849	3954	3873	3771	3531	3285	3051	2842	2651	2495	2371	
31	244	95.0	95.0	1	0	0	2	930	1159	1591	2191	2910	3540	3838	4016	3963	3868	3606	3330	3062	2839	2633	2563	2518	2687	2941	3302	3658	3879	3930	3861	3766	3567	3333	3093	2899	2653	2486	2313	
31	261	95.0	95.0	1	0	0	2	941	1154	1629	2213	2955	3501	3864	4039	3952	3854	3595	3328	3091	2836	2633	2556	2544	2670	2981	3318	3651	3875	3963	3848	3804	3554	3329	3096	2911	2686	2478	2365	
31	278	95.0	95.0	1	0	0	2	931	1146	1586	2228	2934	3521	3852	3993	3937	3826	3617	3387	3067	2805	2668	2560	2532	2681	2947	3333	3653	3877	3969	3896	3779	3575	3297	3074	2885	2681	2496	2344	
31	295	95.0	95.0	1	0	0	2	936	1148	1596	2212	2933	3528	3856	4022	4003	3861	3601	3365	3080	2848	2646	2545	2520	2685	2960	3286	3661	3901	3936	3880	3790	3561	3314	3086	2900	2662	2492	2370	
31	313	95.0	95.0	1	0	0	2	958	1158	1591	2213	2926	3579	3871	4037	4010	3801	3571	3388	3100	2843	2654	2540	2541	2702	3002	3292	3664	3918	4009	3861	3781	3569	3366	3080	2865	2664	2484	2363	
31	330	94.9	95.0	1	0	0	2	940	1155	1590	2247	2934	3540	3885	4036	3967	3839	3598	3348	3096	2865	2686	2574	2539	2690	2988	3311	3675	3892	3941	3896	3783	3579	3336	3074	2882	2638	2492	2340	
31	347	94.9	95.0	1	0	0	2	930	1162	1557	2264	2917	3541	3850	4037	3972	3830	3630	3379	3089	2828	2673	2565	2563	2690	2962	3330	3682	3890	3989	3898	3770	3540	3357	3109	2906	2681	2501	2340	
31	364	94.9	95.0	1	0	0	2	929	1154	1611	2195	2931	3541	3872	4055	3944	3853	3611	3382	3113	2826	2662	2550	2559	2686	2991	3318	3693	3913	3974	3896	3775	3579	3362	3102	2897	2696	2500	2354	
31	382	95.0	95.0	1	0	0	2	948	1146	1589	2215	2949	3544	3842	4067	4001	3839	3615	3386	3077	2842	2677	2564	2573	2710	3007	3304	3672	3904	3968	3910	3798	3579	3363	3108	2908	2692	2530	2354	
31	399	94.9	95.0	1	0	0	2	927	1152	1577	2239	2927	3546	3888	4068	3966	3864	3639	3389	3102	2832	2650	2537	2527	2661	2983	3355	3696	3888	3995	3900	3786	3591	3404	3093	2883	2685	2543	2321	
31	416	95.0	95.0	1	0	0	2	943	1137	1580	2243	2959	3548	3883	4034	3984	3888	3593	3406	3085	2852	2660	2576	2552	2714	2988	3306	3665	3903	4028	3914	3784	3597	3362	3110	2907	2670	2519	2352	
31	433	94.9	95.0	1	0	0	2	948	1148	1601	2224	2982	3561	3881	4054	3987	3874	3617	3365	3135	2824	2700	2548	2543	2688	2989	3310	3662	3873	3973	3891	3779	3597	3362	3149	2874	2690	2492	2363	
31	451	95.0	95.0	1	0	0	2	942	1159	1600	2246	2912	3586	3874	4043	3958	3888	3624	3393	3101	2851	2669	2563	2559	2716	2997	3318	3692	3897	3985	3907	3823	3583	3372	3110	2873	2666	2510	2347	
31	468	95.0	95.0	1	0	0	2	943	1170	1585	2244	2930	3546	3885	4050	3960	3880	3645	3372	3133	2862	2680	2536	2546	2697	3015	3353	3670	3891	3940	3940	3812	3562	3344	3098	2897	2705	2530	2358	
31	485	95.0	95.0	1	0	0	2	953	1165	1584	2216	2924	3532	3901	4062	4009	3883	3632	3405	3115	2848	2661	2563	2589	2685	3001	3349	3675	3912	3986	3941	3813	3571	3353	3116	2893	2689	2528	2347	
31	502	94.9	95.0	1	0	0	2	947	1143	1596	2238	2943	3549	3904	4073	4014	3844	3641	3411	3133	2876	2659	2571	2543	2700	2983	3322	3656	3917	3955	3895	3791	3554	3367	3106	2875	2696	2531	2366	
31	520	95.0	95.0	1	0	0	2	931	1151	1587	2219	2951	3530	3912	4053	4000	3872	3624	3421	3093	2848	2668	2549	2540	2716	3002	3324	3690	3876	4002	3911	3807	3602	3346	3133	2900	2690	2494	2368	
31	537	95.0	95.0	1	0	0	2	940	1149	1591	2234	2946	3531	3892	4064	4004	3855	3658	3385	3095	2849	2665	2560	2558	2699	2984	3306	3692	3865	4013	3960	3797	3572	3373	3119	2903	2716	2517	2376	
31	554	95.0	95.0	1	0	0	2	949	1142	1598	2245	2930	3525	3897	4067	3996	3882	3628	3404	3115	2873	2707	2567	2574	2719	2999	3319	3709	3931	3979	3906	3789	3588	3354	3123	2931	2700	2545	2355	
31	571	94.9	95.0	1	0	0	2	940	1153	1592	2270	2982	3554	3927	4060	4026	3867	3678	3406	3096	2838	2685	2564	2558	2689	2969	3335	3690	3922	3991	3905	3817	3589	3405	3160	2913	2724	2500	2373	
31	589	95.0	95.0	1	0	0	2	947	1152	1595	2226	2944	3567	3921	4091	3995	3894	3673	3442	3136	2855	2682	2553	2559	2712	3015	3339	3712	3909	4025	3952	3864	3590	3372	3123	2892	2713	2519	2364	
31	606	95.0	95.0	1	0	0	2	938	1142	1607	2233	2954	3541	3905	4068	4010	3897	3652	3434	3130	2846	2708	2556	2567	2733	2987	3333	3680	3921	4008	3916	3822	3572	3373	3118	2905	2678	2552	2370	
31	623	95.0	95.0	1	0	0	2	946	1164	1577	2243	2964	3582	3912	4096	4009	3922	3656	3423	3170	2831	2672	2592	2588	2745	3004	3357	3703	3907	4003	3940	3833	3568	3365	3116	2928	2698	2545	2374	
31	640	95.0	95.0	1	0	0	2	934	1151	1585	2245	2957	3577	3879	4093	4049	3933	3684	3448	3129	2844	2682	2587	2549	2704	2988	3362	3680	3896	3988	3941	3862	3596	3373	3121	2924	2687	2533	2344	
31	658	95.0	95.0	1	0	0	2	968	1165	1598	2221	2987	3580	3905	4077	4042	3875	3688	3441	3118	2859	2684	2563	2548	2735	2978	3347	3684	3902	4019	3938	3805	3596	3382	3116	2904	2695	2544	2344	
31	675	94.9	95.0	1	0	0	2	939	1167	1592	2233	2987	3577	3909	4085	4093	3934	3682	3422	3143	2900	2710	2631	2575	2698	3044	3355	3704	3921	3990	3932	3830	3608	3374	3119	2937	2698	2518	2365	
31	692	95.0	95.0	1	0	0	2	951	1144	1598	2227	2950	3588	3924	4084	4017	3896	3694	3415	3113	2874	2664	2597	2567	2746	3013	3356	3683	3944	4007	3925	3856	3594	3378	3134	2931	2684	2525	2356	
31	709	95.0	95.0	1	0	0	2	942	1158	1598	2236	2950	3573	3924	4076	3997	3883	3625	3427	3105	2893	2702	2572	2534	2680	3022	3365	3719	3876	4018	3941	3829	3585	3400	3135	2946	2715	2515	2361	
31	727	95.0	95.0	1	0	0	2	946	1162	1574	2249	2949	3597	3945	4116	4040	3943	3672	3434	3124	2858	2726	2586	2578	2729	3018	3368	3720	3915	4023	3939	3850	3642	3381	3116	2913	2685	2535	2363	
31	744	95.0	95.0	1	0	0	2	948	1155	1613	2221	2956	3573	3954	4107	4054	3885	3676	3416	3155	2862	2683	2595	2551	2719	3014	3375	3724	3929	4010	3929	3822	3624	3415	3131	2911	2698	2557	2384	
31	761	95.0	95.0	1	0	0	2	953	1163	1596	2234	2961	3587	3901	4103	4062	3916	3675	3448	3129	2860	2696	2598	2588	2707	3016	3361	3695	3929	4037	3967	3830	3620	3386	3132	2912	2714	2511	2357	
31	778	94.9	95.0	1	0	0	2	940	1150	1606	2235	2964	3571	3957	4093	4054	3926	3689	3426	3120	2866	2696	2614	2583	2751	3043	3344	3688	3943	4055	3938	3825	3605	3366	3112	2933	2731	2520	2367	
31	796	95.0	95.0	1	0	0	2	962	1152	1603	2236	2973	3579	3907	4103	4035	3900	3698	3457	3149	2857	2686	2568	2582	2710	3019	3357	3686	3955	3988	3921	3820	3607	3380	3130	2923	2696	2532	2352	
31	813	94.9	95.0	1	0	0	2	936	1158	1608	2266	2953	3594	3936	4070	4058	3946	3649	3449	3117	2887	2710	2596	2563	2745	3047	3343	3713	3944	4049	3951	3835	3604	3374	3136	2907	2704	2533	2373	
31	830	95.0	95.0	1	0	0	2	944	1151	1611	2250	3001	3588	3927	4108	4057	3923	3678	3455	3150	2845	2720	2597	2601	2712	3002	3388	3735	3914	4002	3936	3820	3625	3396	3131	2930	2716	2511	2379	
31	847	95.0	95.0	1	0	0	2	961	1151	1615	2263	2928	3607	3941	4119	4076	3918	3700	3413	3139	2876	2719	2556	2592	2740	3042	3346	3660	3945	4042	3908	3820	3578	3402	3119	2882	2697	2551	2362	
31	865	95.0	95.0	1	0	0	2	963	1174	1600	2245	2960	3604	3957	4112	4066	3908	3676	3433	3136	2888	2694	2564	2604	2739	3010	3370	3683	3915	4042	3917	3825	3608	3393	3130	2916	2683	2520	2365	
31	882	94.9	95.0	1	0	0	2	949	1161	1608	2240	2997	3619	3955	4123	4049	3921	3672	3459	3110	2894	2735	2582	2589	2739	3018	3387	3715	3954	4042	3930	3833	3640	3388	3129	2916	2759	2530	2359	
31	899	95.0	95.0	1	0	0	2	948	1134	1628	2251	2954	3608	3942	4082	4039	3942	3729	3458	3144	2892	2702	2614	2573	2763	3022	3381	3722	3970	4021	3940	3860	3580	3383	3118	2941	2688	2509	2374	
31	916	95.0	95.0	1	0	0	2	940	1191	1618	2226	2984	3589	3953	4134	4085	3932	3689	3421	3115	2852	2710	2540	2565	2737	3025	3350	3704	3920	4007	3960	3866	3617	3381	3144	2880	2700	2530	2352	
31	934	95.0	95.0	1	0	0	2	947	1155	1601	2266	2989	3609	3934	4117	4038	3926	3690	3438	3152	2880	2686	2573	2563	2750	3028	3390	3730	3970	3995	3950	3869	3638	3354	3154	2918	2697	2522	2395	
31	951	94.9	95.0	1	0	0	2	976	1168	1594	2269	2977	3588	3932	4118	4079	3917	3673	3433	3168	2878	2729	2582	2570	2735	3034	3365	3729	3932	4086	3928	3869	3615	3380	3113	2917	2715	2512	2365	
31	968	95.0	95.0	1	0	0	2	947	1172	1601	2241	2954	3591	3927	4125	4029	3931	3658	3486	3152	2890	2728	2597	2610	2752	2998	3366	3680	3943	4027	3929	3839	3631	3413	3118	2945	2714	2539	2354	
31	985	95.0	95.0	1	0	0	2	953	1165	1625	2219	3002	3612	3961	4133	4058	3950	3656	3466	3150	2902	2727	2597	2617	2725	3020	3381	3740	3941	4015	3955	3855	3609	3419	3156	2937	2721	2545	2344	
31	1003	95.0	95.0	1	0	0	2	949	1182	1607	2253	2965	3583	3931	4146	4085	3940	3696	3443	3150	2892	2704	2603	2565	2726	2987	3361	3739	3944	4026	3935	3837	3633	3364	3139	2911	2704	2506	2376	
31	1020	95.0	95.0	1	0	0	2	961	1161	1611	2260	2974	3580	3948	4111	4041	3924	3689	3459	3152	2891	2712	2622	2606	2731	3023	3374	3720	3923	4054	3956	3845	3629	3385	3136	2916	2715	2537	2369	
31	1037	95.0	95.0	1	0	0	2	952	1166	1609	2256	3016	3614	3925	4114	4049	3969	3707	3431	3149	2904	2718	2608	2612	2783	3042	3384	3721	3946	4052	3966	3845	3646	3411	3155	2914	2723	2551	2344	
31	1054	95.0	95.0	1	0	0	2	939	1156	1584	2253	2984	3610	3924	4103	4078	3993	3676	3451	3163	2883	2718	2592	2602	2719	3024	3362	3733	3928	4007	3926	3875	3608	3380	3130	2910	2659	2542	2390	
31	1072	95.0	95.0	1	0	0	2	936	1158	1615	2252	2977	3618	3958	4137	4070	3951	3736	3446	3155	2868	2738	2583	2590	2738	2993	3369	3692	3933	4034	3944	3862	3616	3369	3137	2914	2705	2549	2385	
31	1089	94.9	95.0	1	0	0	2	944	1164	1601	2277	2966	3609	3941	4148	4059	3966	3711	3460	3156	2872	2718	2584	2573	2720	3010	3355	3716	3943	4030	3969	3888	3656	3369	3154	2910	2707	2555	2376	
31	1106	94.9	95.0	1	0	0	2	945	1162	1615	2269	2968	3616	3949	4136	4086	3954	3695	3424	3168	2917	2727	2579	2596	2729	3006	3387	3723	3944	4048	3960	3846	3637	3391	3163	2952	2698	2553	2364	
31	1123	95.0	95.0	1	0	0	2	948	1158	1607	2272	2951	3590	3965	4158	4062	3972	3713	3474	3164	2894	2723	2603	2606	2765	2996	3376	3740	3946	4078	3962	3872	3659	3399	3123	2913	2706	2564	2390	
31	1141	95.0	95.0	1	0	0	2	955	1121	1608	2242	2979	3564	3981	4128	4077	3978	3696	3452	3130	2888	2724	2588	2584	2728	3027	3376	3751	3974	4045	3982	3823	3612	3400	3135	2925	2713	2517	2405	
31	1158	95.0	95.0	1	0	0	2	959	1168	1600	2249	2989	3611	3994	4140	4136	3952	3721	3463	3177	2891	2728	2604	2567	2703	3013	3343	3737	3966	4033	3926	3865	3634	3384	3152	2931	2686	2519	2373	
31	1175	94.9	95.0	1	0	0	2	956	1144	1610	2275	2979	3572	3961	4140	4066	3977	3708	3444	3170	2892	2720	2600	2632	2713	3019	3395	3736	3955	4020	3928	3845	3608	3371	3174	2947	2736	2530	2362	
31	1192	95.0	95.0	1	0	0	2	923	1169	1600	2263	2982	3621	3970	4179	4065	3968	3723	3471	3169	2878	2759	2611	2577	2727	3004	3395	3709	3947	4072	3978	3840	3645	3404	3125	2919	2731	2570	2358	
31	1210	95.0	95.0	1	0	0	2	961	1157	1599	2254	2995	3607	3983	4122	4120	3925	3703	3465	3173	2900	2737	2589	2592	2721	3041	3387	3733	3972	4026	3956	3884	3651	3404	3122	2948	2729	2542	2352	
31	1227	95.0	95.0	1	0	0	2	928	1176	1612	2256	2965	3654	3970	4138	4081	3954	3713	3452	3162	2911	2711	2608	2592	2748	3021	3399	3672	3929	4079	3937	3883	3628	3364	3120	2928	2704	2550	2389	
31	1244	95.0	95.0	1	0	0	2	944	1166	1642	2280	2996	3624	3967	4137	4080	3991	3750	3486	3168	2889	2708	2595	2581	2713	3007	3359	3734	3955	4040	3954	3838	3655	3386	3137	2905	2745	2552	2385	
31	1261	94.9	95.0	1	0	0	2	948	1176	1600	2270	2989	3589	3995	4160	4080	3944	3702	3450	3183	2887	2741	2616	2572	2726	3035	3355	3727	3923	4054	3945	3825	3647	3396	3142	2926	2715	2565	2409	
31	1279	94.9	95.0	1	0	0	2	943	1161	1611	2279	3024	3594	3976	4139	4072	3947	3724	3467	3145	2914	2752	2602	2603	2739	3036	3373	3721	3956	4057	3937	3843	3597	3407	3131	2926	2740	2526	2367	
31	1323	95.0	95.0	1	1	0	2	949	1160	1616	2277	2995	3641	3928	4164	4104	3979	3655	3477	3160	2895	2759	2622	2597	2747	3027	3378	3728	3963	4038	3968	3864	3609	3386	3130	2932	2670	2562	2367	
31	1390	59.8	60.1	1	1	1	2	1052	1503	2460	3802	5307	6475	7100	7287	7035	6642	6107	5575	4993	4467	4030	3698	3544	3565	3872	4233	4681	5010	5080	4977	4809	4492	4132	3784	3465	3186	2942	2711	
31	1407	59.9	60.0	1	1	1	2	1064	1508	2462	3852	5329	6524	7053	7240	7045	6642	6141	5592	4984	4470	4006	3677	3507	3539	3848	4252	4709	4969	5088	4974	4801	4478	4139	3764	3471	3203	2959	2747	
31	1424	59.9	60.0	1	1	1	2	1054	1508	2445	3839	5293	6541	7117	7301	7043	6683	6130	5590	5010	4486	4062	3725	3491	3575	3895	4210	4677	5041	5059	4985	4771	4491	4173	3798	3455	3185	2917	2713	
31	1441	59.9	60.0	1	1	1	2	1053	1522	2468	3831	5321	6535	7121	7311	7076	6704	6120	5593	5002	4437	4079	3732	3514	3577	3887	4236	4709	5002	5102	5026	4830	4479	4153	3790	3513	3207	2945	2766	
31	1459	60.0	60.0	1	1	1	2	1044	1502	2482	3834	5362	6596	7139	7319	7103	6681	6157	5590	5018	4456	4077	3698	3518	3573	3835	4232	4666	4988	5084	4995	4832	4461	4167	3749	3491	3179	2972	2715	
31	1476	60.0	60.0	1	1	1	2	1063	1514	2486	3818	5328	6543	7086	7320	7103	6731	6126	5593	4988	4439	4025	3720	3513	3561	3852	4226	4639	4975	5082	4961	4771	4491	4157	3852	3471	3189	2935	2708	
31	1493	59.9	60.0	1	1	1	2	1063	1513	2485	3833	5365	6527	7139	7330	7049	6744	6150	5589	5041	4456	4082	3722	3506	3563	3859	4232	4685	4998	5061	4994	4788	4457	4180	3788	3482	3201	2963	2757	
31	1558	95.1	95.1	2	1	0	2	952	1141	1618	2295	3009	3637	3994	4191	4105	3966	3735	3482	3193	2932	2724	2629	2606	2751	3043	3349	3713	3955	4041	3982	3840	3641	3429	3130	2931	2713	2532	2391	
31	1575	95.0	95.0	2	1	0	2	954	1159	1619	2272	2952	3608	3936	4079	4079	3963	3711	3451	3137	2920	2727	2579	2589	2749	3014	3334	3747	3920	4012	3938	3866	3578	3408	3115	2928	2715	2508	2365	
31	1638	59.8	60.1	2	1	1	2	1049	1500	2422	3789	5284	6484	7064	7232	7024	6603	6083	5508	4969	4423	4028	3674	3504	3553	3838	4268	4659	4977	5056	4990	4781	4494	4126	3816	3463	3165	2930	2722	
31	1655	60.0	60.0	2	1	1	2	1046	1505	2476	3786	5234	6471	7042	7187	7001	6619	6100	5536	4984	4414	4031	3704	3508	3519	3836	4153	4643	4927	5066	4928	4804	4465	4109	3794	3500	3187	2930	2714	
31	1672	59.9	60.0	2	1	1	2	1063	1499	2461	3818	5262	6438	7026	7224	7035	6644	6040	5551	4944	4433	4005	3689	3504	3561	3829	4231	4639	4957	5048	4980	4838	4455	4158	3777	3456	3157	2948	2743	
31	1690	59.9	60.0	2	1	1	2	1056	1518	2442	3846	5310	6531	7090	7286	6998	6678	6135	5585	4968	4451	4056	3680	3534	3542	3800	4229	4650	5008	5071	4973	4802	4505	4118	3768	3503	3146	2947	2703	
31	1707	59.9	60.0	2	1	1	2	1064	1493	2489	3797	5324	6490	7126	7310	7042	6718	6151	5607	4964	4438	4061	3670	3511	3574	3835	4212	4674	4953	5070	4950	4818	4489	4136	3759	3489	3185	2931	2715	
31	1724	60.0	60.0	2	1	1	2	1057	1508	2488	3814	5334	6570	7085	7284	7036	6726	6131	5615	4975	4430	4060	3712	3492	3542	3849	4216	4713	4985	5070	4956	4768	4519	4154	3782	3454	3188	2966	2710	
31	1741	59.9	60.0	2	1	1	2	1055	1517	2458	3816	5283	6488	7129	7315	7038	6630	6067	5517	4925	4452	4006	3670	3529	3571	3848	4225	4633	4946	5094	4996	4764	4459	4165	3799	3455	3172	2954	2728	
31	1804	95.2	95.0	3	1	0	2	946	1152	1629	2268	3041	3621	4060	4146	4116	3953	3720	3460	3199	2936	2689	2577	2583	2725	3020	3389	3691	3935	4033	3946	3875	3639	3363	3102	2912	2737	2537	2347	
31	1821	95.0	95.0	3	1	0	2	946	1153	1602	2245	2986	3611	3944	4129	4106	3974	3690	3453	3155	2894	2721	2609	2575	2711	3001	3354	3669	3888	4024	3933	3801	3596	3352	3122	2908	2673	2529	2390	
31	1886	59.9	60.1	3	1	1	2	1083	1488	2442	3787	5267	6491	7012	7257	6981	6606	6085	5574	4990	4426	4038	3673	3498	3492	3835	4201	4706	4918	5076	4958	4807	4481	4117	3736	3449	3196	2882	2720	
31	1903	59.9	60.0	3	1	1	2	1051	1504	2470	3827	5296	6483	7049	7249	7001	6620	6096	5533	4970	4400	4027	3708	3489	3550	3807	4196	4620	4962	5090	4967	4772	4462	4124	3749	3466	3185	2935	2719	
31	1920	60.0	60.0	3	1	1	2	1058	1502	2465	3824	5336	6513	7046	7218	7039	6632	6100	5590	4963	4421	4024	3703	3529	3513	3828	4223	4648	4914	5036	4937	4770	4436	4104	3774	3489	3168	2926	2733	
31	1938	60.0	60.0	3	1	1	2	1064	1509	2479	3818	5310	6519	7071	7278	7032	6634	6145	5612	4976	4432	4014	3720	3536	3524	3812	4233	4643	4991	5087	4937	4814	4461	4120	3774	3472	3180	2942	2733	
31	1955	60.0	60.0	3	1	1	2	1061	1507	2474	3851	5288	6549	7128	7263	7083	6685	6159	5604	4999	4433	4037	3705	3497	3541	3836	4261	4662	4961	5076	4960	4824	4461	4148	3792	3487	3179	2921	2739	
31	1972	60.0	60.0	3	1	1	2	1060	1520	2464	3847	5277	6554	7098	7386	7053	6632	6100	5557	5002	4454	4018	3718	3522	3577	3838	4198	4681	4938	5080	4974	4804	4498	4111	3775	3492	3160	2957	2698	
31	1989	60.0	60.0	3	1	1	2	1043	1502	2479	3835	5271	6495	7053	7282	7061	6657	6142	5583	4992	4431	4062	3674	3481	3550	3830	4233	4627	4940	5090	4946	4773	4449	4127	3797	3452	3191	2928	2718	
31	2052	95.3	95.0	4	1	0	2	945	1161	1643	2277	3003	3608	3946	4144	4078	3982	3730	3468	3164	2892	2720	2613	2600	2716	3045	3340	3738	3916	4006	3933	3857	3585	3397	3112	2925	2668	2532	2346	
31	2069	95.0	95.0	4	1	0	2	947	1181	1609	2248	2976	3596	3960	4149	4110	3949	3686	3461	3167	2865	2688	2558	2566	2701	2998	3350	3686	3941	4002	3934	3806	3600	3376	3106	2890	2691	2537	2372	
31	2132	59.7	60.1	4	1	1	2	1060	1500	2472	3769	5220	6468	7035	7233	6977	6613	6063	5577	4967	4403	3991	3662	3467	3527	3838	4194	4641	4934	5035	4961	4784	4442	4115	3761	3438	3216	2917	2711	
31	2149	59.9	60.0	4	1	1	2	1059	1503	2478	3781	5219	6464	7036	7229	6973	6583	6114	5589	4976	4405	4016	3694	3475	3554	3809	4199	4631	4959	5013	4930	4755	4446	4134	3770	3484	3170	2926	2708	
31	2166	60.0	60.0	4	1	1	2	1044	1523	2444	3781	5285	6451	6989	7231	6956	6620	6125	5537	4998	4444	4025	3678	3500	3528	3811	4194	4648	4911	5064	4967	4794	4442	4118	3757	3457	3169	2924	2714	
31	2184	60.0	60.0	4	1	1	2	1062	1513	2445	3850	5279	6470	7040	7304	7042	6643	6118	5568	4995	4410	4054	3688	3497	3551	3812	4191	4631	4918	5071	4964	4778	4479	4144	3759	3476	3211	2934	2729	
31	2201	60.0	60.0	4	1	1	2	1049	1504	2498	3820	5293	6527	7101	7342	7008	6641	6156	5594	5017	4478	4019	3682	3519	3548	3840	4221	4647	4944	5076	4916	4783	4443	4118	3767	3447	3149	2942	2703	
31	2218	60.0	60.0	4	1	1	2	1058	1518	2467	3799	5295	6454	7057	7235	7023	6629	6111	5551	4966	4441	4026	3699	3501	3534	3807	4245	4660	4952	5050	4919	4814	4453	4133	3759	3436	3149	2910	2718	
31	2235	60.0	60.0	4	1	1	2	1046	1482	2442	3772	5251	6479	7024	7243	6956	6609	6101	5575	4940	4423	4026	3672	3497	3525	3793	4181	4646	4897	5059	4935	4774	4425	4109	3741	3454	3139	2901	2727	
31	2298	95.0	95.0	5	1	0	2	952	1151	1605	2272	2989	3629	3950	4128	4094	3966	3733	3485	3173	2886	2712	2599	2571	2711	3009	3366	3743	3904	4005	3904	3806	3586	3365	3130	2893	2664	2514	2363	
31	2315	95.0	95.0	5	1	0	2	944	1152	1618	2245	2962	3599	3962	4094	4047	3874	3668	3432	3148	2862	2666	2532	2568	2710	3004	3325	3665	3883	3971	3885	3784	3560	3336	3088	2854	2667	2497	2339	
31	2378	59.9	60.1	5	1	1	2	1060	1478	2439	3742	5214	6413	6949	7179	6934	6578	6038	5521	4932	4379	4000	3659	3465	3523	3793	4170	4616	4901	5026	4930	4734	4479	4086	3761	3422	3111	2922	2676	
31	2395	59.9	60.0	5	1	1	2	1042	1501	2453	3766	5264	6459	6964	7210	6928	6596	6088	5530	4916	4350	3978	3657	3487	3532	3790	4172	4616	4925	5030	4890	4745	4429	4105	3740	3422	3136	2910	2706	
31	2413	59.9	60.0	5	1	1	2	1061	1504	2425	3770	5278	6439	7070	7197	6977	6607	6043	5528	4961	4388	3990	3663	3456	3561	3774	4186	4622	4896	5054	4858	4728	4437	4103	3749	3429	3157	2861	2688	
31	2430	60.0	60.0	5	1	1	2	1049	1526	2441	3830	5248	6500	7062	7241	6986	6654	6052	5555	4964	4387	4013	3666	3481	3528	3779	4204	4663	4950	5011	4949	4784	4451	4093	3734	3432	3139	2936	2712	
31	2447	59.9	60.0	5	1	1	2	1080	1504	2438	3819	5288	6448	7037	7284	7006	6610	6115	5521	4937	4410	4031	3686	3504	3531	3773	4204	4636	4931	4988	4914	4720	4433	4148	3750	3438	3135	2900	2676	
31	2464	60.0	60.0	5	1	1	2	1075	1496	2452	3796	5235	6470	6990	7202	6949	6585	6061	5549	4912	4425	4052	3675	3476	3538	3784	4178	4599	4897	5005	4907	4733	4402	4108	3737	3425	3151	2897	2686	
31	2482	60.0	60.0	5	1	1	2	1067	1485	2474	3779	5236	6429	7024	7203	6945	6538	6067	5483	4916	4386	3973	3650	3478	3526	3781	4154	4615	4870	4959	4863	4700	4391	4059	3740	3407	3149	2928	2663	
31	2544	95.2	95.0	6	1	0	2	940	1160	1622	2240	2989	3596	3941	4117	4059	3924	3705	3442	3151	2907	2687	2555	2579	2735	2999	3307	3655	3932	4014	3883	3781	3570	3356	3109	2881	2682	2521	2350	
31	2561	95.0	95.0	6	1	0	2	948	1156	1596	2267	2976	3585	3950	4060	4048	3891	3675	3431	3131	2853	2651	2561	2576	2686	2990	3293	3655	3871	3964	3884	3771	3570	3324	3111	2893	2681	2500	2309	
31	2624	59.8	60.1	6	1	1	2	1063	1496	2428	3732	5225	6409	6961	7157	6933	6593	6026	5557	4949	4339	3984	3652	3512	3550	3791	4176	4599	4940	5013	4916	4743	4416	4100	3720	3444	3132	2931	2697	
31	2641	60.0	60.0	6	1	1	2	1062	1481	2440	3763	5233	6415	6992	7188	6927	6594	6012	5528	4920	4370	3989	3640	3479	3488	3791	4149	4587	4872	5040	4879	4720	4424	4079	3732	3438	3138	2930	2684	
31	2659	59.9	60.0	6	1	1	2	1062	1495	2454	3796	5287	6423	6994	7206	6963	6594	6043	5559	4911	4410	4000	3624	3473	3532	3811	4220	4617	4897	5035	4921	4757	4445	4104	3765	3414	3128	2920	2696	
31	2676	60.0	60.0	6	1	1	2	1063	1467	2469	3829	5305	6466	7096	7249	6997	6594	6079	5571	4937	4454	4006	3676	3481	3525	3835	4201	4608	4935	5015	4962	4776	4460	4100	3788	3492	3156	2901	2697	
31	2693	60.0	60.0	6	1	1	2	1044	1512	2438	3773	5295	6495	7050	7225	7010	6626	6063	5539	4946	4438	4049	3693	3505	3547	3790	4173	4641	4913	4976	4928	4794	4459	4144	3732	3453	3163	2952	2706	
31	2710	60.0	60.0	6	1	1	2	1069	1488	2452	3804	5250	6418	7003	7224	7002	6624	6035	5573	4956	4419	4016	3707	3479	3496	3789	4182	4614	4932	5033	4899	4751	4431	4088	3733	3432	3134	2897	2681	
31	2728	60.0	60.0	6	1	1	2	1056	1505	2467	3817	5240	6450	6991	7177	6959	6598	6112	5548	4952	4416	3988	3654	3482	3529	3836	4171	4671	4922	5003	4865	4737	4406	4108	3754	3458	3171	2931	2692	
31	2792	95.1	95.1	7	1	0	2	955	1163	1589	2245	2969	3598	3945	4092	4034	3919	3688	3447	3164	2866	2700	2582	2549	2702	2964	3297	3663	3865	3940	3852	3788	3564	3371	3076	2906	2655	2507	2320	
31	2809	95.0	95.0	7	1	0	2	935	1163	1618	2237	2927	3558	3912	4083	3970	3873	3641	3381	3098	2837	2687	2553	2542	2668	2953	3263	3622	3856	3910	3893	3772	3541	3315	3090	2839	2662	2487	2350	
31	2872	59.8	60.1	7	1	1	2	1049	1475	2421	3759	5217	6350	6929	7150	6918	6509	5962	5411	4889	4347	3937	3625	3449	3513	3739	4144	4602	4863	4948	4883	4693	4406	4077	3747	3411	3125	2855	2674	
31	2889	59.9	60.0	7	1	1	2	1055	1488	2427	3755	5202	6393	6969	7150	6954	6517	5964	5458	4932	4326	3955	3669	3443	3472	3737	4117	4602	4892	4938	4860	4709	4388	4105	3725	3410	3136	2894	2691	
31	2907	60.0	60.0	7	1	1	2	1055	1499	2451	3715	5178	6384	6975	7177	6977	6555	6051	5508	4943	4325	4003	3640	3453	3472	3794	4141	4591	4884	4983	4869	4764	4431	4087	3729	3441	3133	2913	2684	
31	2924	60.0	60.0	7	1	1	2	1061	1492	2427	3754	5255	6433	7008	7191	7001	6553	6074	5503	4923	4368	3938	3667	3473	3498	3767	4182	4606	4853	5014	4885	4696	4393	4081	3701	3412	3119	2877	2698	
31	2941	60.0	60.0	7	1	1	2	1049	1489	2456	3791	5240	6428	7036	7183	6907	6593	6038	5508	4957	4344	3998	3649	3483	3511	3745	4170	4582	4894	4994	4873	4730	4416	4085	3738	3452	3112	2885	2715	
31	2958	59.9	60.0	7	1	1	2	1049	1497	2437	3779	5206	6371	6982	7184	6893	6555	5970	5499	4936	4392	3988	3621	3480	3503	3777	4148	4575	4866	4990	4879	4755	4438	4097	3712	3422	3134	2917	2682	
31	2976	60.0	60.0	7	1	1	2	1056	1492	2451	3720	5220	6380	6955	7124	6911	6573	6029	5469	4884	4318	3996	3627	3459	3498	3755	4153	4565	4866	5001	4895	4715	4379	4067	3715	3435	3107	2884	2673	
31	3040	95.1	95.1	8	1	0	2	955	1158	1599	2215	2916	3534	3918	4075	4050	3860	3661	3411	3115	2849	2691	2566	2526	2667	2930	3275	3633	3843	3945	3878	3733	3560	3311	3053	2837	2677	2478	2323	
31	3057	95.0	95.0	8	1	0	2	937	1147	1589	2221	2931	3535	3869	4044	3969	3851	3632	3373	3132	2829	2662	2529	2500	2676	2926	3272	3590	3819	3917	3836	3743	3537	3301	3039	2840	2639	2470	2318	
31	3120	59.8	60.1	8	1	1	2	1046	1487	2403	3755	5163	6250	6855	7060	6771	6457	5906	5418	4791	4292	3897	3589	3400	3445	3702	4118	4500	4837	4930	4800	4657	4352	3995	3684	3370	3106	2873	2660	
31	3137	60.0	60.0	8	1	1	2	1049	1485	2397	3718	5138	6311	6859	7079	6790	6447	5939	5420	4869	4319	3938	3599	3428	3484	3748	4100	4527	4829	4909	4843	4669	4345	4054	3694	3383	3097	2892	2642	
31	3155	59.9	60.0	8	1	1	2	1049	1500	2397	3723	5212	6285	6828	7045	6853	6489	5952	5472	4862	4319	3912	3624	3445	3458	3786	4139	4577	4815	4940	4852	4664	4374	4061	3686	3388	3106	2891	2675	
31	3172	60.0	60.0	8	1	1	2	1038	1493	2411	3749	5199	6331	6881	7114	6853	6517	6031	5416	4887	4304	3925	3634	3434	3476	3753	4150	4575	4824	4950	4813	4669	4359	4045	3700	3370	3112	2909	2664	
31	3189	60.0	60.0	8	1	1	2	1051	1480	2400	3755	5168	6320	6936	7102	6858	6493	5940	5499	4894	4341	3934	3612	3443	3506	3750	4139	4559	4828	4971	4882	4700	4357	4028	3729	3399	3120	2845	2662	
31	3206	59.9	60.0	8	1	1	2	1068	1481	2434	3709	5238	6351	6918	7085	6821	6465	5938	5425	4831	4347	3929	3620	3414	3495	3718	4117	4506	4838	4901	4818	4669	4361	4008	3674	3386	3085	2868	2673	
31	3224	60.0	60.0	8	1	1	2	1065	1501	2390	3744	5199	6288	6862	7052	6786	6502	5921	5429	4891	4331	3936	3612	3429	3455	3740	4080	4519	4810	4926	4813	4639	4363	4027	3648	3365	3089	2879	2660	
31	3286	95.1	95.0	9	1	0	2	942	1146	1601	2220	2953	3549	3881	4040	4001	3867	3621	3369	3070	2823	2646	2551	2522	2677	2939	3306	3599	3836	3898	3827	3715	3509	3298	3058	2830	2656	2473	2312	
31	3304	95.0	95.0	9	1	0	2	940	1144	1594	2203	2901	3528	3842	3994	3941	3824	3576	3334	3063	2817	2649	2544	2505	2638	2925	3280	3609	3791	3910	3815	3730	3496	3275	3039	2841	2603	2465	2312	
31	3366	59.8	60.1	9	1	1	2	1056	1469	2407	3708	5148	6312	6834	7060	6788	6456	5943	5431	4853	4299	3901	3582	3432	3453	3721	4112	4516	4795	4942	4840	4654	4373	4003	3666	3398	3077	2915	2666	
31	3384	60.0	60.0	9	1	1	2	1042	1475	2416	3694	5149	6352	6882	7122	6822	6464	5921	5449	4810	4318	3929	3608	3429	3466	3740	4135	4519	4867	4981	4818	4701	4404	4034	3671	3390	3096	2862	2644	
31	3401	60.0	60.0	9	1	1	2	1061	1455	2428	3752	5207	6320	6891	7119	6843	6497	5948	5431	4860	4289	3912	3632	3418	3493	3741	4138	4515	4822	4937	4816	4672	4378	4035	3704	3391	3100	2842	2644	
31	3418	59.9	60.0	9	1	1	2	1057	1473	2410	3743	5207	6368	6901	7110	6851	6515	5987	5460	4862	4327	3944	3632	3427	3446	3741	4098	4537	4847	4932	4843	4727	4348	4051	3675	3401	3091	2860	2651	
31	3435	59.9	60.0	9	1	1	2	1048	1488	2435	3721	5210	6356	6937	7154	6910	6531	5953	5445	4898	4349	3929	3608	3440	3475	3788	4136	4535	4824	4932	4806	4676	4366	4063	3658	3402	3096	2897	2666	
31	3453	59.9	60.0	9	1	1	2	1048	1490	2408	3763	5178	6345	6872	7076	6856	6511	5984	5441	4811	4374	3950	3597	3461	3485	3745	4106	4520	4827	4931	4815	4653	4364	4032	3641	3358	3059	2849	2663	
31	3470	59.9	60.0	9	1	1	2	1033	1511	2400	3758	5135	6281	6800	7009	6792	6498	5977	5402	4835	4314	3877	3592	3389	3485	3750	4101	4544	4824	4929	4819	4649	4326	4020	3676	3393	3107	2865	2636	
31	3532	95.1	95.0	10	1	0	2	942	1152	1570	2234	2938	3539	3905	4033	4029	3894	3633	3363	3083	2821	2660	2527	2503	2627	2907	3249	3607	3824	3920	3855	3728	3491	3289	3041	2844	2634	2454	2302	
31	3550	94.9	95.0	10	1	0	2	928	1152	1592	2208	2892	3518	3860	3994	3932	3842	3560	3353	3102	2818	2627	2521	2545	2646	2943	3215	3529	3786	3872	3835	3720	3525	3260	3064	2812	2607	2442	2271	
31	3612	59.7	60.1	10	1	1	2	1041	1491	2387	3681	5071	6176	6806	6988	6717	6375	5820	5369	4791	4235	3866	3532	3365	3425	3673	4082	4471	4764	4844	4784	4598	4314	4000	3612	3341	3057	2864	2632	
31	3630	60.0	60.0	10	1	1	2	1049	1468	2403	3683	5082	6219	6777	7007	6737	6415	5846	5347	4814	4242	3870	3565	3408	3430	3708	4092	4490	4785	4905	4779	4654	4341	3999	3628	3359	3094	2837	2634	
31	3647	59.9	60.0	10	1	1	2	1056	1467	2447	3696	5106	6293	6842	6990	6775	6379	5958	5384	4805	4262	3870	3560	3406	3420	3692	4083	4494	4760	4877	4822	4604	4334	3986	3632	3317	3068	2848	2642	
31	3664	60.0	60.0	10	1	1	2	1061	1474	2400	3734	5145	6298	6846	7043	6819	6452	5879	5386	4826	4305	3886	3609	3386	3401	3705	4092	4492	4804	4880	4807	4596	4304	3983	3659	3349	3075	2841	2647	
31	3681	60.0	60.0	10	1	1	2	1041	1489	2406	3720	5139	6255	6835	7059	6821	6440	5933	5389	4792	4303	3896	3557	3419	3462	3684	4105	4489	4801	4915	4834	4653	4302	3987	3655	3361	3063	2855	2669	
31	3699	60.0	60.0	10	1	1	2	1055	1478	2392	3713	5095	6231	6832	7009	6799	6419	5855	5331	4799	4249	3875	3537	3398	3440	3684	4054	4480	4747	4852	4789	4615	4299	3976	3609	3356	3055	2821	2623	
31	3716	60.0	60.0	10	1	1	2	1061	1474	2401	3708	5115	6195	6827	7023	6674	6394	5871	5392	4820	4281	3845	3589	3393	3419	3670	4071	4494	4776	4908	4749	4591	4348	3986	3664	3328	3077	2843	2620	
31	3779	95.0	95.0	11	1	0	2	937	1148	1594	2196	2913	3514	3851	3984	3982	3844	3587	3325	3106	2856	2654	2531	2509	2660	2911	3215	3594	3807	3889	3809	3710	3494	3272	3042	2857	2594	2460	2282	
31	3796	95.0	95.0	11	1	0	2	940	1140	1561	2174	2885	3471	3826	3981	3939	3810	3578	3353	3060	2783	2640	2525	2486	2629	2917	3193	3542	3787	3826	3783	3654	3460	3275	2987	2797	2592	2430	2281	
31	3859	59.7	60.1	11	1	1	2	1040	1469	2400	3634	5010	6131	6671	6925	6669	6315	5820	5328	4734	4201	3850	3510	3385	3395	3654	4021	4450	4685	4840	4710	4572	4285	3970	3613	3327	3047	2801	2619	
31	3876	59.9	60.0	11	1	1	2	1043	1473	2374	3649	5036	6179	6702	6922	6666	6363	5828	5339	4737	4229	3910	3549	3367	3387	3665	4061	4472	4758	4820	4688	4564	4287	3926	3612	3308	3095	2845	2610	
31	3893	59.9	60.0	11	1	1	2	1046	1471	2406	3654	5081	6212	6728	6973	6740	6353	5843	5297	4791	4241	3856	3534	3388	3444	3692	4047	4457	4774	4852	4745	4604	4302	3985	3629	3319	3032	2807	2637	
31	3910	60.0	60.0	11	1	1	2	1046	1491	2416	3703	5081	6284	6809	7045	6745	6399	5884	5337	4806	4253	3900	3541	3369	3426	3709	4073	4515	4761	4850	4781	4580	4283	3972	3651	3308	3089	2861	2638	
31	3928	60.0	60.0	11	1	1	2	1043	1467	2386	3679	5096	6254	6803	6993	6746	6354	5832	5397	4776	4253	3854	3563	3420	3410	3657	4093	4483	4735	4866	4796	4601	4325	4035	3635	3298	3042	2824	2648	
31	3945	60.0	60.0	11	1	1	2	1046	1480	2387	3652	5108	6226	6808	6998	6706	6360	5840	5334	4799	4236	3867	3549	3404	3422	3678	4085	4438	4757	4875	4753	4607	4294	3958	3616	3343	3057	2840	2644	
31	3962	59.9	60.0	11	1	1	2	1035	1505	2405	3679	5074	6183	6727	6921	6656	6381	5831	5307	4737	4268	3828	3540	3367	3372	3683	4050	4449	4707	4844	4732	4580	4298	3975	3573	3340	3052	2827	2612	
31	4027	95.1	95.1	12	1	0	2	924	1149	1614	2213	2908	3467	3836	3991	3923	3809	3551	3343	3046	2777	2648	2504	2514	2634	2896	3238	3552	3778	3865	3780	3645	3481	3216	2993	2794	2596	2438	2277	
31	4044	95.0	95.0	12	1	0	2	950	1160	1576	2175	2874	3475	3810	3950	3929	3810	3584	3325	3028	2764	2621	2503	2464	2622	2867	3229	3546	3756	3853	3783	3656	3444	3247	2996	2783	2565	2429	2293	
31	4107	59.8	60.1	12	1	1	2	1044	1461	2382	3654	5037	6180	6751	6952	6677	6301	5804	5306	4748	4203	3874	3526	3380	3394	3670	4015	4422	4788	4814	4745	4565	4280	3965	3613	3305	3037	2829	2626	
31	4124	59.9	60.0	12	1	1	2	1056	1466	2397	3676	5026	6180	6721	6964	6711	6360	5830	5346	4774	4242	3873	3561	3377	3416	3668	4080	4468	4733	4906	4767	4615	4293	3972	3659	3347	3060	2811	2639	
31	4141	59.9	60.0	12	1	1	2	1026	1470	2400	3657	5062	6223	6750	6962	6758	6330	5846	5359	4789	4261	3876	3585	3381	3412	3659	4076	4474	4768	4870	4750	4632	4339	3994	3637	3344	3043	2829	2628	
31	4158	59.9	60.0	12	1	1	2	1041	1468	2404	3666	5140	6254	6853	7050	6725	6469	5896	5420	4794	4269	3892	3571	3385	3431	3709	4029	4483	4792	4847	4783	4616	4342	4025	3643	3348	3076	2808	2645	
31	4176	59.9	60.0	12	1	1	2	1056	1468	2424	3713	5142	6263	6797	7048	6792	6437	5885	5340	4816	4306	3886	3550	3399	3437	3684	4055	4454	4774	4854	4762	4614	4334	3976	3644	3363	3068	2843	2604	
31	4193	59.9	60.0	12	1	1	2	1039	1488	2401	3704	5137	6210	6780	6943	6734	6386	5870	5340	4776	4207	3885	3533	3398	3387	3640	4019	4456	4728	4873	4740	4560	4313	3937	3665	3315	3044	2815	2595	
31	4210	60.0	60.0	12	1	1	2	1039	1476	2378	3660	5076	6196	6726	6920	6738	6403	5862	5358	4777	4243	3881	3555	3369	3409	3643	4070	4437	4758	4856	4743	4598	4275	3961	3621	3313	3073	2845	2610	
31	4273	95.0	95.0	13	1	0	2	927	1116	1597	2198	2893	3518	3818	4012	3947	3800	3559	3346	3023	2801	2613	2520	2484	2615	2922	3232	3562	3761	3870	3812	3703	3469	3246	3011	2828	2598	2437	2271	
31	4290	95.0	95.0	13	1	0	2	938	1143	1555	2183	2875	3507	3793	3962	3921	3789	3535	3313	3021	2825	2604	2494	2507	2622	2897	3233	3552	3778	3810	3779	3656	3466	3250	2989	2787	2610	2420	2259	
31	4353	59.8	60.1	13	1	1	2	1034	1464	2345	3630	5017	6158	6751	6889	6620	6339	5816	5337	4752	4217	3852	3513	3338	3423	3657	4018	4435	4675	4788	4718	4582	4258	3960	3576	3321	3025	2808	2624	
31	4370	59.9	60.0	13	1	1	2	1031	1457	2354	3673	5084	6177	6750	6874	6676	6326	5785	5329	4742	4199	3850	3489	3385	3383	3646	4045	4452	4706	4881	4754	4595	4260	3953	3614	3336	3041	2802	2627	
31	4387	59.9	60.0	13	1	1	2	1050	1462	2359	3706	5094	6215	6798	6929	6736	6335	5849	5347	4795	4253	3855	3543	3365	3401	3677	4056	4453	4761	4871	4728	4569	4282	3972	3624	3312	3059	2848	2617	
31	4404	59.9	60.0	13	1	1	2	1043	1462	2392	3684	5042	6209	6798	7003	6745	6395	5856	5389	4784	4258	3891	3547	3366	3359	3703	4051	4456	4782	4835	4746	4614	4306	3978	3621	3342	3063	2829	2659	
31	4422	60.0	60.0	13	1	1	2	1047	1465	2395	3668	5088	6233	6785	6971	6730	6350	5861	5296	4772	4250	3858	3555	3354	3405	3670	3993	4449	4691	4880	4754	4549	4241	3948	3628	3351	3066	2832	2617	
31	4439	59.9	60.0	13	1	1	2	1040	1471	2369	3665	5063	6210	6757	6962	6658	6376	5833	5300	4768	4218	3887	3538	3353	3428	3698	4035	4439	4725	4819	4733	4577	4251	3934	3605	3329	3053	2810	2621	
31	4456	60.0	60.0	13	1	1	2	1056	1460	2368	3644	5024	6179	6722	6899	6716	6310	5790	5297	4733	4219	3825	3526	3327	3397	3711	4010	4421	4700	4804	4746	4562	4258	3948	3642	3329	3036	2811	2602	
31	4519	95.0	95.0	14	1	0	2	941	1134	1582	2202	2884	3475	3810	4016	3981	3804	3547	3326	3041	2812	2614	2502	2506	2582	2921	3181	3554	3758	3798	3743	3648	3468	3240	2991	2772	2622	2426	2281	
31	4536	95.0	95.0	14	1	0	2	932	1161	1585	2185	2856	3463	3750	3923	3901	3767	3582	3294	3014	2754	2605	2479	2488	2615	2887	3188	3481	3729	3801	3733	3620	3412	3209	2984	2753	2576	2426	2250	
31	4599	59.8	60.1	14	1	1	2	1058	1459	2356	3632	5016	6126	6680	6832	6613	6289	5815	5265	4744	4205	3832	3522	3349	3367	3643	4008	4417	4684	4805	4706	4593	4224	3964	3627	3282	3008	2780	2603	
31	4616	59.9	60.0	14	1	1	2	1035	1466	2350	3637	5041	6137	6685	6875	6637	6318	5789	5282	4722	4205	3844	3542	3340	3410	3660	4012	4461	4762	4823	4686	4562	4254	3946	3591	3306	3029	2797	2618	
31	4633	60.0	60.0	14	1	1	2	1043	1458	2378	3676	5045	6204	6744	6948	6682	6368	5839	5339	4748	4261	3868	3527	3356	3395	3684	4027	4448	4740	4861	4724	4564	4240	3944	3594	3314	3055	2818	2613	
31	4651	59.9	60.0	14	1	1	2	1032	1462	2388	3667	5053	6203	6750	6967	6729	6386	5824	5331	4832	4210	3882	3550	3387	3404	3679	4034	4378	4693	4852	4771	4579	4282	3961	3582	3335	3054	2787	2581	
31	4668	59.9	60.0	14	1	1	2	1036	1462	2388	3661	5057	6177	6763	6955	6693	6363	5872	5285	4788	4232	3895	3550	3370	3380	3668	4023	4420	4703	4852	4727	4582	4229	3937	3613	3323	3028	2839	2619	
31	4685	60.0	60.0	14	1	1	2	1065	1463	2387	3674	5054	6168	6734	6890	6601	6346	5838	5312	4726	4230	3835	3529	3360	3395	3633	4014	4402	4702	4786	4727	4550	4224	3927	3589	3346	3024	2807	2612	
31	4702	59.9	60.0	14	1	1	2	1026	1451	2381	3638	5071	6144	6745	6884	6685	6333	5802	5265	4689	4212	3832	3504	3370	3404	3648	4015	4445	4719	4799	4737	4544	4229	3952	3608	3281	3033	2811	2595	
31	4765	95.0	95.0	15	1	0	2	922	1137	1555	2204	2899	3456	3848	3965	3922	3784	3590	3327	3057	2829	2608	2497	2498	2619	2921	3199	3507	3750	3816	3763	3675	3448	3238	2983	2803	2605	2436	2294	
31	4782	95.0	95.0	15	1	0	2	946	1144	1557	2200	2859	3429	3779	3957	3860	3772	3562	3307	3016	2751	2607	2489	2478	2606	2836	3218	3509	3732	3805	3728	3594	3442	3217	2979	2789	2592	2416	2245	
31	4845	59.8	60.1	15	1	1	2	1024	1461	2334	3611	5023	6099	6648	6827	6644	6287	5744	5283	4745	4151	3836	3519	3368	3386	3661	3986	4444	4681	4794	4672	4550	4274	3902	3573	3290	3026	2814	2561	
31	4862	59.9	60.0	15	1	1	2	1041	1474	2370	3626	5022	6157	6650	6873	6644	6283	5790	5303	4720	4206	3832	3515	3343	3387	3596	4046	4444	4708	4809	4705	4573	4253	3935	3596	3297	3031	2800	2632	
31	4880	60.0	60.0	15	1	1	2	1045	1502	2370	3641	5077	6186	6693	6910	6646	6386	5850	5331	4748	4237	3833	3503	3375	3375	3647	4042	4452	4728	4824	4701	4554	4278	3944	3581	3299	3047	2833	2626	
31	4897	59.9	60.0	15	1	1	2	1037	1472	2385	3645	5084	6184	6768	6913	6683	6365	5795	5360	4765	4208	3885	3518	3372	3405	3652	4058	4414	4680	4824	4719	4552	4231	3948	3610	3314	3022	2816	2639	
31	4914	60.0	60.0	15	1	1	2	1036	1452	2369	3698	5055	6191	6764	6968	6728	6364	5846	5330	4770	4245	3869	3531	3356	3453	3653	4040	4415	4731	4815	4743	4562	4259	3960	3622	3305	3038	2845	2633	
31	4931	60.0	60.0	15	1	1	2	1035	1447	2397	3660	5068	6193	6729	6911	6687	6369	5810	5323	4722	4172	3846	3530	3364	3389	3671	4034	4420	4725	4854	4687	4566	4221	3920	3591	3313	3052	2818	2578	
31	4949	60.0	60.0	15	1	1	2	1032	1478	2350	3653	5066	6200	6700	6884	6652	6309	5813	5252	4715	4262	3808	3523	3348	3362	3642	4027	4403	4708	4822	4669	4569	4266	3943	3603	3322	3019	2795	2608	
31	5011	95.1	95.0	16	1	0	2	938	1141	1591	2167	2890	3465	3829	3954	3907	3817	3547	3307	3018	2767	2610	2498	2476	2625	2874	3238	3526	3729	3839	3758	3641	3426	3221	2980	2791	2586	2394	2259	
31	5028	95.0	95.0	16	1	0	2	945	1132	1562	2168	2831	3468	3805	3946	3896	3767	3527	3274	3029	2780	2580	2477	2484	2595	2912	3188	3491	3725	3786	3727	3614	3438	3214	2973	2809	2591	2382	2263	
31	5091	59.8	60.1	16	1	1	2	1033	1452	2332	3641	5003	6083	6640	6819	6622	6304	5717	5291	4653	4191	3797	3512	3345	3369	3613	4065	4391	4677	4768	4679	4589	4198	3932	3581	3306	3051	2809	2605	
31	5108	59.9	60.0	16	1	1	2	1037	1454	2345	3643	5025	6114	6687	6833	6649	6223	5737	5254	4715	4183	3807	3490	3322	3366	3647	4031	4400	4708	4794	4691	4548	4236	3924	3625	3292	3024	2821	2592	
31	5126	59.9	60.0	16	1	1	2	1048	1473	2356	3635	5063	6132	6736	6926	6619	6301	5846	5279	4713	4197	3824	3543	3354	3378	3624	4018	4430	4695	4808	4672	4558	4261	3923	3616	3316	3045	2833	2616	
31	5143	60.0	60.0	16	1	1	2	1036	1447	2378	3642	5030	6186	6727	6936	6654	6330	5809	5331	4776	4220	3859	3517	3349	3400	3662	4010	4442	4677	4833	4694	4541	4268	3936	3587	3310	3003	2791	2629	
31	5160	60.0	60.0	16	1	1	2	1034	1496	2352	3640	5023	6162	6719	6884	6707	6324	5800	5309	4735	4210	3852	3530	3353	3398	3645	3976	4397	4678	4814	4700	4537	4236	3954	3621	3328	3041	2777	2608	
31	5177	59.9	60.0	16	1	1	2	1038	1459	2357	3632	5036	6194	6679	6908	6603	6324	5779	5246	4745	4205	3831	3525	3348	3394	3676	4025	4424	4720	4754	4665	4574	4215	3922	3592	3315	3030	2769	2610	
31	5195	59.9	60.0	16	1	1	2	1040	1466	2360	3630	5053	6144	6673	6903	6637	6296	5796	5275	4737	4209	3850	3527	3315	3372	3628	4003	4398	4671	4764	4748	4554	4242	3907	3594	3295	3012	2783	2581	
31	5257	95.2	95.0	17	1	0	2	933	1160	1582	2188	2879	3523	3813	3970	3917	3820	3530	3301	2993	2800	2608	2497	2496	2616	2888	3207	3502	3725	3811	3746	3637	3438	3200	3028	2805	2577	2425	2293	
31	5274	95.0	95.0	17	1	0	2	909	1131	1562	2162	2852	3433	3746	3952	3883	3751	3569	3275	2992	2755	2598	2491	2452	2588	2838	3171	3510	3657	3792	3728	3638	3389	3190	2980	2741	2553	2439	2239	
31	5337	59.8	60.1	17	1	1	2	1033	1435	2360	3579	4954	6105	6630	6791	6624	6252	5757	5242	4682	4211	3803	3505	3315	3356	3624	3964	4408	4656	4768	4673	4523	4230	3908	3564	3266	2993	2823	2587	
31	5354	59.9	60.0	17	1	1	2	1032	1450	2368	3619	5032	6093	6645	6897	6625	6280	5760	5278	4721	4199	3830	3498	3302	3345	3650	3984	4395	4669	4816	4670	4568	4236	3945	3582	3307	3010	2774	2612	
31	5372	59.9	60.0	17	1	1	2	1040	1460	2370	3639	5018	6151	6671	6908	6651	6313	5754	5288	4726	4186	3846	3519	3344	3392	3647	3994	4351	4724	4808	4693	4576	4237	3902	3568	3324	3033	2832	2610	
31	5389	60.0	60.0	17	1	1	2	1040	1462	2389	3641	5032	6224	6761	6874	6709	6296	5842	5310	4755	4211	3832	3534	3386	3405	3662	4011	4438	4701	4831	4704	4555	4263	3943	3589	3273	3036	2798	2605	
31	5406	60.0	60.0	17	1	1	2	1041	1464	2373	3657	5006	6165	6737	6882	6672	6312	5807	5296	4713	4182	3836	3527	3344	3395	3612	4029	4393	4689	4793	4687	4523	4256	3920	3620	3298	3043	2788	2579	
31	5423	60.0	60.0	17	1	1	2	1033	1462	2364	3635	5044	6151	6692	6881	6651	6338	5778	5276	4709	4176	3821	3526	3331	3376	3617	3998	4400	4722	4794	4702	4506	4213	3902	3583	3307	3012	2814	2577	
31	5441	60.0	60.0	17	1	1	2	1038	1478	2370	3666	5016	6144	6690	6895	6661	6234	5802	5302	4725	4229	3845	3499	3353	3345	3640	3987	4391	4698	4774	4688	4526	4226	3903	3575	3262	3024	2809	2612	
31	5503	95.1	95.0	18	1	0	2	918	1143	1565	2197	2880	3447	3821	3968	3858	3816	3551	3293	3071	2788	2582	2503	2476	2613	2867	3202	3548	3708	3790	3744	3626	3409	3217	3000	2791	2597	2408	2262	
31	5520	95.0	95.0	18	1	0	2	943	1139	1578	2157	2845	3454	3782	3885	3880	3744	3524	3265	3037	2760	2596	2487	2445	2583	2869	3173	3540	3729	3760	3706	3618	3399	3203	2981	2767	2544	2393	2243	
31	5583	59.8	60.1	18	1	1	2	1063	1454	2346	3627	4964	6022	6588	6828	6580	6237	5751	5244	4703	4194	3783	3493	3331	3365	3615	3972	4370	4694	4791	4649	4514	4149	3919	3535	3261	3021	2771	2629	
31	5601	59.9	60.0	18	1	1	2	1056	1445	2336	3629	4992	6114	6623	6803	6592	6259	5757	5234	4688	4163	3815	3476	3306	3357	3596	3968	4404	4656	4772	4691	4563	4233	3921	3583	3320	3001	2782	2568	
31	5618	59.9	60.0	18	1	1	2	1046	1461	2368	3634	5019	6176	6700	6878	6639	6276	5791	5279	4733	4205	3849	3519	3341	3334	3638	3986	4382	4694	4746	4694	4556	4265	3918	3587	3299	3011	2795	2619	
31	5635	59.9	60.0	18	1	1	2	1050	1464	2369	3640	5018	6206	6669	6892	6635	6341	5802	5299	4688	4201	3827	3505	3344	3396	3640	4011	4437	4694	4779	4693	4505	4221	3923	3594	3294	3010	2810	2615	
31	5652	60.0	60.0	18	1	1	2	1013	1444	2362	3622	5089	6192	6678	6910	6697	6294	5758	5283	4691	4197	3841	3528	3367	3344	3638	4001	4364	4680	4797	4697	4546	4222	3915	3575	3299	3018	2803	2556	
31	5670	60.0	60.0	18	1	1	2	1036	1448	2357	3650	4987	6167	6673	6852	6638	6267	5758	5300	4667	4208	3841	3553	3306	3344	3579	3970	4423	4662	4775	4721	4523	4214	3934	3575	3288	3037	2767	2582	
31	5687	60.0	60.0	18	1	1	2	1040	1469	2397	3636	5011	6103	6627	6842	6626	6269	5782	5296	4732	4175	3835	3515	3305	3370	3631	4004	4369	4651	4801	4685	4525	4244	3917	3592	3272	3002	2789	2613	
31	5749	95.2	95.0	19	1	0	2	933	1150	1561	2194	2868	3486	3799	3916	3904	3768	3544	3294	3010	2762	2610	2517	2451	2567	2891	3195	3503	3752	3804	3741	3641	3409	3211	2977	2756	2570	2411	2247	
31	5767	95.0	95.0	19	1	0	2	940	1144	1569	2175	2855	3417	3757	3918	3832	3761	3505	3286	2996	2753	2618	2494	2460	2602	2848	3172	3473	3685	3793	3707	3615	3406	3174	2977	2757	2566	2405	2228	
31	5829	59.9	60.1	19	1	1	2	1034	1456	2349	3606	4970	6118	6612	6808	6554	6217	5772	5214	4684	4140	3767	3499	3318	3317	3584	3985	4386	4671	4715	4670	4501	4248	3929	3561	3283	2983	2772	2594	
31	5847	59.9	60.0	19	1	1	2	1034	1444	2348	3602	4985	6109	6612	6775	6585	6237	5788	5253	4662	4169	3815	3507	3323	3353	3616	3977	4385	4666	4779	4676	4493	4205	3915	3536	3290	2983	2766	2596	
31	5864	59.9	60.0	19	1	1	2	1039	1447	2346	3638	5015	6151	6661	6880	6574	6268	5778	5269	4691	4190	3838	3491	3335	3372	3610	3989	4401	4670	4760	4645	4550	4209	3886	3587	3270	3025	2818	2573	
31	5881	60.0	60.0	19	1	1	2	1008	1471	2373	3625	5043	6166	6693	6894	6667	6345	5793	5308	4720	4190	3858	3512	3353	3386	3607	3976	4415	4724	4771	4667	4522	4240	3937	3576	3311	2981	2798	2591	
31	5898	60.0	60.0	19	1	1	2	1055	1478	2372	3664	5030	6166	6726	6910	6617	6302	5787	5276	4683	4176	3836	3543	3366	3411	3612	3989	4410	4708	4764	4678	4529	4225	3910	3584	3276	3021	2799	2592	
31	5916	60.0	60.0	19	1	1	2	1023	1469	2368	3621	5017	6126	6702	6863	6627	6246	5733	5271	4695	4213	3819	3496	3321	3352	3593	3979	4404	4643	4746	4676	4562	4223	3929	3594	3248	3006	2774	2605	
31	5933	60.0	60.0	19	1	1	2	1024	1446	2356	3650	5060	6076	6673	6832	6614	6248	5746	5264	4692	4208	3763	3513	3295	3368	3606	4019	4412	4666	4765	4668	4517	4209	3898	3599	3293	3029	2788	2627	
31	5995	95.0	95.0	20	1	0	2	933	1163	1557	2158	2884	3451	3760	3947	3899	3771	3554	3298	3013	2777	2588	2478	2470	2614	2872	3201	3514	3692	3777	3686	3633	3403	3225	2986	2787	2579	2416	2236	
31	6013	95.0	95.0	20	1	0	2	938	1133	1570	2167	2826	3424	3730	3921	3848	3759	3507	3284	3013	2738	2583	2449	2448	2591	2867	3181	3491	3693	3757	3702	3610	3393	3202	2958	2747	2531	2409	2218	
31	6075	59.8	60.1	20	1	1	2	1046	1442	2356	3605	4939	6086	6577	6781	6537	6241	5697	5231	4673	4147	3790	3434	3298	3361	3593	3951	4375	4691	4776	4684	4498	4226	3891	3556	3264	3002	2762	2565	
31	6093	59.9	60.0	20	1	1	2	1041	1462	2331	3594	4992	6081	6646	6836	6601	6298	5768	5244	4649	4139	3804	3469	3292	3345	3590	4000	4408	4658	4816	4673	4497	4217	3904	3573	3300	2997	2790	2602	
31	6110	59.9	60.0	20	1	1	2	1031	1439	2349	3614	4983	6106	6634	6849	6672	6249	5742	5257	4728	4188	3792	3493	3325	3374	3630	3962	4371	4663	4779	4652	4517	4268	3919	3569	3283	3032	2791	2577	
31	6127	59.9	60.0	20	1	1	2	1042	1462	2354	3683	5014	6119	6661	6888	6611	6256	5771	5307	4702	4196	3784	3487	3344	3350	3604	3993	4382	4698	4793	4662	4507	4229	3921	3579	3295	3014	2776	2601	
31	6144	60.0	60.0	20	1	1	2	1037	1443	2357	3617	4995	6135	6668	6847	6684	6274	5798	5286	4680	4171	3829	3491	3322	3371	3604	4017	4375	4702	4757	4700	4513	4222	3897	3579	3289	3023	2788	2573	
31	6162	60.0	60.0	20	1	1	2	1032	1462	2352	3663	5048	6137	6648	6889	6589	6245	5745	5256	4720	4170	3835	3468	3331	3365	3616	4023	4411	4641	4781	4681	4511	4231	3895	3556	3287	3004	2760	2591	
31	6179	60.0	60.0	20	1	1	2	1034	1462	2337	3603	4951	6104	6574	6798	6604	6208	5748	5249	4695	4172	3811	3506	3290	3362	3609	3984	4376	4634	4764	4621	4530	4203	3910	3589	3256	2992	2774	2574	
31	6243	95.1	95.1	21	1	0	2	930	1151	1565	2162	2854	3438	3744	3926	3881	3779	3523	3290	2982	2758	2569	2473	2450	2606	2862	3147	3487	3704	3776	3630	3630	3410	3178	2939	2746	2542	2413	2218	
31	6261	95.0	95.0	21	1	0	2	927	1142	1535	2153	2846	3402	3747	3919	3857	3737	3496	3235	2988	2765	2566	2489	2424	2573	2829	3140	3472	3683	3753	3696	3588	3364	3149	2964	2754	2578	2381	2257	
31	6324	59.9	60.1	21	1	1	2	1025	1462	2344	3568	4990	6055	6624	6767	6525	6224	5701	5192	4696	4161	3848	3489	3312	3378	3614	3937	4358	4655	4742	4629	4519	4199	3905	3494	3286	3027	2779	2571	
31	6341	60.0	60.0	21	1	1	2	1043	1451	2362	3585	4957	6097	6607	6819	6589	6239	5737	5252	4664	4128	3810	3480	3295	3368	3609	3978	4367	4651	4758	4671	4531	4205	3895	3561	3221	3020	2786	2551	
31	6358	59.9	60.0	21	1	1	2	1032	1453	2349	3647	5003	6113	6650	6874	6613	6266	5730	5295	4647	4200	3827	3484	3298	3364	3576	3998	4357	4640	4832	4690	4506	4207	3941	3589	3285	3043	2801	2615	
31	6375	60.0	60.0	21	1	1	2	1024	1458	2389	3647	5045	6172	6691	6870	6641	6279	5758	5295	4707	4194	3800	3501	3333	3350	3607	3970	4363	4675	4771	4669	4539	4230	3914	3560	3261	3022	2771	2596	
31	6393	59.9	60.0	21	1	1	2	1025	1460	2372	3629	4987	6116	6647	6823	6570	6230	5773	5273	4712	4175	3799	3454	3307	3360	3607	3985	4389	4676	4765	4661	4539	4193	3881	3542	3266	3037	2793	2560	
31	6410	60.0	60.0	21	1	1	2	1049	1471	2333	3651	5013	6136	6630	6834	6592	6291	5758	5249	4698	4189	3814	3497	3311	3367	3608	3942	4398	4682	4730	4637	4520	4209	3876	3551	3284	3024	2775	2576	
31	6427	60.0	60.0	21	1	1	2	1033	1469	2378	3661	4999	6098	6645	6846	6584	6276	5753	5199	4707	4173	3801	3523	3318	3377	3603	4006	4365	4666	4783	4635	4477	4204	3894	3548	3300	2996	2765	2580	
31	6492	95.1	95.1	22	1	0	2	935	1152	1587	2183	2892	3431	3794	3911	3916	3767	3599	3304	3008	2777	2623	2483	2460	2600	2865	3192	3522	3713	3820	3707	3642	3415	3213	2941	2770	2594	2401	2221	
31	6509	95.0	95.0	22	1	0	2	935	1129	1591	2156	2858	3430	3737	3914	3879	3763	3539	3293	2996	2742	2617	2468	2484	2585	2832	3155	3458	3685	3774	3720	3604	3374	3160	2968	2751	2569	2390	2210	
31	6572	59.8	60.1	22	1	1	2	1036	1450	2337	3577	4925	6021	6614	6765	6524	6188	5654	5191	4715	4171	3784	3484	3288	3349	3590	3935	4364	4650	4745	4647	4500	4193	3897	3539	3266	3032	2772	2571	
31	6589	60.0	60.0	22	1	1	2	1027	1455	2330	3609	4939	6055	6641	6793	6574	6217	5708	5193	4721	4123	3769	3456	3280	3364	3623	3992	4332	4650	4713	4627	4510	4192	3881	3563	3274	2993	2772	2573	
31	6606	60.0	60.0	22	1	1	2	1017	1440	2365	3624	4983	6109	6664	6828	6577	6213	5711	5252	4717	4186	3811	3499	3317	3392	3638	3988	4374	4659	4768	4673	4528	4276	3909	3622	3292	3001	2792	2592	
31	6623	59.9	60.0	22	1	1	2	1037	1439	2365	3632	4987	6099	6697	6860	6628	6265	5736	5297	4711	4219	3821	3492	3339	3365	3631	3996	4345	4647	4760	4687	4505	4174	3895	3553	3254	2984	2768	2591	
31	6641	60.0	60.0	22	1	1	2	1033	1455	2356	3628	5022	6122	6680	6878	6558	6311	5735	5265	4715	4157	3817	3493	3343	3382	3598	3988	4349	4642	4731	4649	4484	4209	3883	3581	3260	3027	2810	2577	
31	6658	60.0	60.0	22	1	1	2	1039	1450	2356	3633	4977	6096	6649	6865	6581	6237	5771	5217	4664	4162	3802	3498	3311	3337	3599	4007	4394	4678	4772	4619	4469	4200	3899	3564	3294	2993	2772	2580	
31	6675	60.0	60.0	22	1	1	2	1026	1445	2369	3612	4939	6048	6633	6790	6567	6220	5709	5233	4657	4155	3808	3499	3324	3343	3608	3968	4341	4636	4791	4669	4538	4184	3889	3554	3277	2985	2775	2581	
31	6740	95.0	95.1	23	1	0	2	943	1154	1564	2172	2850	3416	3754	3883	3862	3746	3544	3276	3026	2752	2594	2452	2483	2572	2864	3170	3496	3717	3781	3706	3593	3401	3210	2931	2734	2558	2397	2220	
31	6757	95.0	95.0	23	1	0	2	942	1104	1573	2168	2854	3418	3733	3937	3878	3729	3512	3223	3002	2726	2610	2463	2473	2557	2841	3135	3468	3675	3744	3742	3599	3394	3161	2928	2754	2555	2404	2222	
31	6820	59.9	60.1	23	1	1	2	1030	1451	2340	3598	4929	6059	6579	6749	6537	6250	5728	5198	4621	4104	3768	3447	3305	3344	3616	3980	4348	4632	4724	4609	4488	4164	3889	3584	3267	2994	2753	2590	
31	6837	59.9	60.0	23	1	1	2	1034	1446	2333	3611	4987	6110	6576	6810	6564	6227	5712	5164	4689	4161	3792	3449	3285	3346	3624	3972	4370	4628	4714	4633	4521	4192	3913	3579	3262	2978	2774	2575	
31	6854	60.0	60.0	23	1	1	2	1032	1450	2353	3614	4981	6111	6678	6842	6581	6265	5759	5240	4694	4157	3811	3490	3302	3352	3636	3988	4374	4646	4769	4632	4500	4224	3921	3583	3272	2994	2758	2564	
31	6871	60.0	60.0	23	1	1	2	1043	1458	2370	3640	4985	6107	6686	6817	6664	6276	5731	5229	4724	4210	3818	3498	3319	3370	3607	3974	4409	4639	4766	4624	4537	4252	3939	3594	3284	3051	2770	2595	
31	6889	60.0	60.0	23	1	1	2	1038	1440	2378	3664	5020	6105	6667	6827	6637	6241	5736	5260	4707	4202	3814	3499	3319	3365	3599	3958	4400	4678	4705	4732	4573	4223	3919	3563	3306	2988	2793	2588	
31	6906	59.9	60.0	23	1	1	2	1043	1459	2339	3609	4976	6068	6644	6765	6608	6244	5692	5252	4625	4157	3756	3478	3284	3338	3613	3949	4374	4657	4749	4668	4536	4197	3911	3534	3238	3025	2753	2574	
31	6923	60.0	60.0	23	1	1	2	1035	1455	2349	3590	4972	6145	6582	6782	6506	6246	5691	5214	4689	4196	3807	3478	3307	3319	3581	3980	4387	4637	4751	4662	4458	4209	3867	3569	3265	2996	2797	2564	
31	6986	95.2	95.0	24	1	0	2	914	1138	1549	2184	2863	3410	3768	3947	3889	3754	3512	3278	3021	2717	2581	2474	2462	2589	2849	3137	3536	3704	3775	3731	3622	3423	3177	2990	2755	2560	2414	2220	
31	7003	95.0	95.0	24	1	0	2	922	1149	1571	2150	2832	3424	3746	3925	3841	3740	3500	3252	3016	2730	2561	2468	2448	2574	2860	3180	3413	3682	3793	3696	3601	3400	3176	2952	2739	2539	2383	2210	
31	7065	59.8	60.1	24	1	1	2	1044	1461	2309	3602	4924	6066	6608	6800	6571	6193	5673	5178	4613	4168	3782	3469	3292	3335	3548	3944	4339	4622	4748	4658	4508	4194	3867	3546	3271	2935	2759	2564	
31	7082	59.9	60.0	24	1	1	2	1014	1447	2341	3590	4946	6044	6582	6786	6550	6173	5656	5207	4635	4214	3777	3465	3316	3362	3592	3930	4371	4640	4752	4629	4527	4166	3901	3551	3236	3014	2788	2557	
31	7099	60.0	60.0	24	1	1	2	1041	1443	2381	3637	4989	6100	6645	6847	6556	6252	5726	5238	4641	4161	3818	3489	3322	3372	3597	3982	4381	4659	4738	4660	4478	4177	3937	3557	3293	3031	2780	2589	
31	7117	59.9	60.0	24	1	1	2	1039	1435	2353	3662	4964	6155	6709	6872	6607	6285	5761	5272	4723	4200	3816	3509	3311	3376	3595	3960	4381	4673	4777	4666	4501	4202	3908	3541	3270	2988	2769	2552	
31	7134	60.0	60.0	24	1	1	2	1028	1445	2358	3656	5000	6123	6627	6827	6655	6202	5701	5246	4697	4176	3800	3486	3334	3324	3618	3986	4365	4667	4788	4670	4529	4173	3874	3566	3256	3007	2766	2583	
31	7151	60.0	60.0	24	1	1	2	1035	1455	2384	3621	4950	6085	6608	6830	6556	6233	5723	5216	4674	4200	3766	3483	3277	3367	3600	3965	4353	4655	4755	4649	4500	4219	3932	3543	3253	3017	2780	2548	
31	7168	60.0	60.0	24	1	1	2	1034	1453	2365	3630	4957	6077	6606	6796	6580	6232	5746	5204	4681	4176	3800	3468	3292	3356	3595	3986	4367	4644	4745	4656	4513	4209	3898	3529	3240	3022	2724	2576	
31	7231	95.1	95.0	25	1	0	2	930	1137	1553	2158	2841	3422	3772	3948	3891	3726	3538	3299	3002	2751	2604	2458	2446	2593	2836	3136	3472	3688	3775	3724	3628	3371	3182	2952	2782	2560	2399	2245	
31	7248	95.0	95.0	25	1	0	2	937	1135	1560	2152	2864	3436	3756	3922	3844	3697	3518	3263	3007	2747	2584	2459	2467	2598	2866	3135	3498	3702	3751	3704	3581	3381	3201	2939	2716	2559	2404	2237	
31	7311	59.9	60.1	25	1	1	2	1034	1447	2328	3597	4956	6034	6587	6771	6545	6177	5712	5202	4665	4158	3786	3462	3331	3347	3593	3970	4340	4642	4719	4605	4484	4199	3887	3590	3211	2952	2763	2537	
31	7328	59.9	60.0	25	1	1	2	1028	1456	2300	3558	4963	6073	6590	6834	6533	6219	5759	5222	4662	4137	3794	3461	3284	3348	3585	3969	4374	4605	4712	4682	4493	4227	3862	3553	3278	2987	2768	2538	
31	7346	59.9	60.0	25	1	1	2	1034	1456	2375	3618	5011	6157	6656	6807	6617	6222	5736	5214	4689	4143	3786	3495	3319	3344	3592	3960	4363	4619	4739	4657	4554	4228	3873	3507	3277	2990	2776	2592	
31	7363	59.9	60.0	25	1	1	2	1041	1455	2394	3602	5012	6083	6667	6832	6634	6249	5756	5243	4743	4168	3777	3510	3337	3364	3627	3978	4370	4678	4756	4684	4515	4217	3931	3560	3279	2997	2779	2593	
31	7380	59.9	60.0	25	1	1	2	1047	1460	2368	3619	4998	6077	6636	6780	6613	6237	5736	5255	4679	4177	3798	3509	3294	3359	3584	3964	4338	4645	4712	4632	4501	4159	3874	3594	3282	2985	2804	2583	
31	7397	59.9	60.0	25	1	1	2	1044	1448	2321	3607	4937	6097	6608	6792	6582	6219	5730	5207	4652	4157	3788	3473	3300	3329	3594	3970	4366	4635	4722	4657	4410	4177	3930	3531	3247	3008	2740	2560	
31	7415	60.0	60.0	25	1	1	2	1037	1474	2352	3581	4944	6072	6580	6762	6551	6190	5691	5220	4666	4190	3782	3461	3257	3387	3579	3969	4361	4637	4705	4640	4524	4142	3864	3519	3252	3017	2750	2568	
31	7477	95.0	95.0	26	1	0	2	925	1155	1552	2196	2856	3439	3761	3946	3888	3775	3571	3265	3004	2707	2589	2483	2461	2671	2864	3163	3492	3711	3737	3724	3597	3377	3210	2953	2732	2567	2402	2236	
31	7494	95.0	95.0	26	1	0	2	914	1133	1552	2154	2868	3455	3728	3916	3843	3724	3505	3304	3010	2761	2587	2492	2476	2591	2831	3165	3503	3655	3736	3715	3610	3375	3214	2968	2740	2587	2377	2245	
31	7557	59.8	60.1	26	1	1	2	1029	1450	2319	3576	4949	6020	6545	6696	6510	6125	5682	5172	4620	4129	3783	3461	3282	3333	3567	3940	4324	4574	4724	4605	4433	4164	3860	3557	3258	2957	2749	2573	
31	7574	59.9	60.0	26	1	1	2	1049	1446	2362	3559	4903	5999	6550	6750	6585	6174	5676	5182	4626	4158	3741	3450	3281	3317	3590	3984	4346	4601	4726	4618	4490	4140	3888	3533	3254	2973	2772	2584	
31	7592	60.0	60.0	26	1	1	2	1034	1446	2352	3594	4944	6013	6584	6747	6551	6152	5684	5170	4670	4125	3758	3429	3317	3348	3584	3954	4306	4617	4733	4586	4511	4172	3895	3507	3271	2982	2771	2572	
31	7609	60.0	60.0	26	1	1	2	1027	1453	2347	3599	4993	6077	6627	6831	6618	6251	5698	5207	4660	4130	3806	3493	3294	3356	3592	3959	4354	4656	4703	4620	4513	4178	3920	3598	3262	2993	2759	2581	
31	7626	60.0	60.0	26	1	1	2	1051	1445	2338	3590	4927	6079	6615	6786	6532	6213	5743	5212	4690	4173	3777	3457	3330	3330	3602	3958	4359	4656	4738	4609	4494	4194	3861	3540	3259	2965	2782	2541	
31	7643	60.0	60.0	26	1	1	2	1028	1459	2352	3591	4985	6024	6561	6772	6531	6128	5646	5227	4675	4098	3800	3477	3286	3343	3555	3925	4328	4575	4709	4637	4454	4156	3874	3503	3245	2982	2731	2561	
31	7661	59.9	60.0	26	1	1	2	1037	1444	2354	3573	4926	6024	6572	6782	6576	6220	5709	5177	4695	4152	3758	3450	3299	3328	3605	3917	4382	4601	4710	4618	4469	4189	3850	3545	3253	2979	2741	2546	
31	7723	95.0	95.0	27	1	0	2	940	1125	1582	2183	2862	3442	3810	3951	3875	3743	3542	3286	3013	2742	2617	2477	2456	2581	2828	3141	3480	3696	3776	3684	3639	3423	3184	2976	2735	2567	2368	2251	
31	7740	95.0	95.0	27	1	0	2	929	1112	1564	2194	2838	3396	3738	3895	3850	3758	3496	3261	2992	2749	2569	2475	2447	2571	2825	3152	3461	3644	3768	3662	3592	3384	3170	2926	2748	2552	2370	2229	
31	7803	59.9	60.1	27	1	1	2	1038	1439	2325	3570	4911	6036	6553	6717	6489	6166	5663	5150	4627	4135	3753	3469	3284	3332	3544	3939	4327	4612	4722	4608	4471	4141	3878	3541	3234	2981	2808	2607	
31	7820	60.0	60.0	27	1	1	2	1029	1454	2363	3528	4933	6066	6614	6784	6499	6174	5708	5174	4666	4144	3756	3459	3299	3341	3588	3954	4336	4641	4717	4637	4510	4232	3893	3536	3269	2992	2760	2586	
31	7838	59.9	60.0	27	1	1	2	1036	1450	2359	3593	4970	6070	6624	6815	6598	6256	5762	5246	4651	4164	3804	3450	3308	3349	3612	3938	4376	4609	4736	4662	4507	4200	3845	3571	3275	2980	2775	2566	
31	7855	59.9	60.0	27	1	1	2	1045	1451	2364	3596	4989	6089	6669	6836	6590	6262	5736	5262	4672	4184	3835	3484	3286	3332	3632	3962	4397	4603	4756	4667	4499	4209	3878	3566	3267	2981	2761	2559	
31	7872	60.0	60.0	27	1	1	2	1047	1434	2334	3617	4977	6143	6634	6812	6560	6225	5749	5224	4656	4160	3784	3479	3301	3336	3589	3944	4376	4623	4722	4631	4509	4217	3902	3556	3242	3000	2771	2574	
31	7889	60.0	60.0	27	1	1	2	1042	1436	2335	3596	4968	6092	6620	6817	6548	6232	5708	5261	4666	4184	3734	3471	3300	3347	3583	3934	4334	4667	4762	4683	4495	4171	3838	3509	3235	2989	2753	2576	
31	7907	60.0	60.0	27	1	1	2	1032	1439	2341	3595	4930	6050	6604	6755	6541	6203	5704	5216	4612	4136	3758	3450	3279	3342	3582	3945	4324	4601	4717	4639	4470	4140	3869	3528	3261	2972	2764	2554	
31	7971	95.1	95.1	28	1	0	2	935	1154	1549	2172	2845	3464	3755	3932	3889	3752	3550	3290	2999	2763	2587	2477	2464	2589	2830	3157	3473	3709	3833	3664	3596	3376	3190	2944	2793	2558	2407	2249	
31	7988	95.0	95.0	28	1	0	2	923	1144	1566	2158	2825	3420	3705	3902	3847	3720	3505	3291	2948	2722	2566	2462	2463	2576	2836	3157	3444	3696	3760	3707	3576	3357	3202	2931	2780	2538	2389	2250	
31	8051	59.8	60.1	28	1	1	2	1040	1440	2324	3580	4915	6006	6598	6802	6505	6193	5676	5178	4654	4176	3771	3466	3249	3327	3599	3915	4362	4615	4754	4630	4486	4186	3892	3517	3282	2972	2761	2560	
31	8069	59.9	60.0	28	1	1	2	1030	1457	2329	3615	4955	6042	6524	6745	6505	6200	5699	5208	4625	4129	3774	3435	3276	3315	3593	3925	4323	4632	4688	4611	4464	4172	3864	3546	3293	2956	2772	2578	
31	8086	60.0	60.0	28	1	1	2	1021	1459	2337	3641	4978	6125	6653	6826	6607	6224	5675	5199	4680	4182	3842	3485	3304	3349	3595	3975	4358	4635	4739	4651	4527	4190	3886	3579	3240	2976	2764	2569	
31	8103	60.0	60.0	28	1	1	2	1044	1453	2372	3635	5032	6116	6657	6838	6627	6283	5767	5283	4683	4174	3816	3475	3329	3369	3621	3947	4395	4663	4773	4653	4495	4216	3887	3586	3268	2983	2784	2590	
31	8120	60.0	60.0	28	1	1	2	1024	1468	2339	3641	5002	6143	6631	6826	6589	6262	5727	5244	4715	4188	3796	3485	3288	3344	3578	3980	4361	4615	4737	4624	4482	4177	3882	3590	3291	3006	2755	2560	
31	8138	60.0	60.0	28	1	1	2	1025	1462	2337	3608	4980	6084	6597	6788	6617	6269	5739	5233	4700	4146	3803	3478	3310	3335	3601	3977	4358	4626	4777	4655	4476	4208	3886	3520	3264	2999	2764	2588	
31	8155	59.9	60.0	28	1	1	2	1030	1445	2339	3580	4969	6061	6647	6787	6556	6257	5671	5246	4645	4174	3772	3465	3304	3357	3576	3962	4348	4626	4734	4639	4472	4194	3892	3548	3269	3020	2762	2565	
31	8219	95.1	95.1	29	1	0	2	933	1131	1566	2167	2851	3410	3753	3962	3849	3815	3524	3280	2994	2735	2618	2480	2472	2597	2837	3172	3452	3669	3750	3688	3626	3393	3185	2949	2776	2549	2383	2206	
31	8237	95.0	95.0	29	1	0	2	930	1131	1570	2160	2860	3433	3714	3897	3861	3736	3493	3272	2973	2756	2574	2486	2453	2573	2817	3174	3477	3678	3752	3658	3572	3394	3174	2943	2724	2564	2385	2237	
31	8299	59.7	60.1	29	1	1	2	1036	1458	2335	3592	4952	6006	6588	6729	6549	6164	5682	5174	4672	4151	3781	3448	3277	3313	3575	3949	4324	4643	4720	4620	4490	4132	3861	3542	3245	2985	2772	2546	
31	8317	59.9	60.0	29	1	1	2	1028	1446	2329	3609	4923	6048	6584	6753	6523	6212	5637	5184	4635	4128	3773	3463	3284	3319	3599	3941	4376	4663	4740	4612	4476	4210	3889	3566	3249	2973	2821	2548	
31	8334	60.0	60.0	29	1	1	2	1043	1441	2361	3613	4959	6070	6638	6854	6608	6223	5767	5227	4689	4169	3796	3508	3326	3386	3593	3971	4348	4642	4743	4699	4493	4164	3908	3573	3249	3003	2744	2556	
31	8351	59.9	60.0	29	1	1	2	1049	1459	2367	3632	4997	6106	6615	6839	6593	6279	5712	5236	4740	4144	3797	3509	3346	3376	3595	4008	4362	4612	4752	4659	4510	4181	3916	3549	3281	2994	2752	2586	
31	8368	59.9	60.0	29	1	1	2	1042	1442	2393	3609	5000	6121	6672	6833	6575	6241	5736	5264	4714	4132	3828	3515	3320	3346	3591	3976	4384	4647	4731	4621	4494	4185	3912	3533	3257	2988	2778	2604	
31	8386	60.0	60.0	29	1	1	2	1037	1454	2331	3574	4938	6045	6612	6777	6573	6213	5695	5184	4684	4168	3777	3489	3284	3354	3604	3929	4365	4606	4723	4636	4452	4199	3869	3533	3240	2990	2788	2558	
31	8403	60.0	60.0	29	1	1	2	1036	1453	2346	3599	4966	6107	6623	6827	6562	6186	5736	5211	4646	4175	3807	3464	3306	3356	3598	3963	4310	4637	4707	4628	4480	4171	3880	3509	3236	3015	2746	2556	
31	8465	95.0	95.0	30	1	0	2	928	1124	1578	2195	2890	3446	3798	3951	3886	3762	3533	3263	3036	2783	2601	2501	2452	2581	2855	3176	3473	3678	3792	3662	3611	3380	3182	2975	2726	2575	2389	2226	
31	8483	95.0	95.0	30	1	0	2	923	1144	1568	2166	2850	3441	3744	3927	3886	3746	3480	3248	2974	2742	2561	2453	2461	2571	2853	3159	3469	3694	3764	3699	3618	3371	3181	2937	2729	2546	2393	2226	
31	8545	59.8	60.1	30	1	1	2	1052	1441	2332	3572	4950	5983	6526	6765	6520	6191	5730	5198	4653	4150	3762	3460	3286	3322	3564	3956	4380	4637	4742	4625	4468	4192	3867	3534	3268	2962	2775	2541	
31	8563	59.9	60.0	30	1	1	2	1038	1436	2338	3584	4946	5982	6612	6772	6576	6191	5713	5181	4660	4152	3759	3464	3278	3335	3607	3933	4360	4589	4728	4629	4475	4202	3871	3577	3248	2973	2773	2576	
31	8580	60.0	60.0	30	1	1	2	1040	1438	2331	3597	4961	6084	6691	6836	6583	6283	5768	5230	4654	4143	3773	3480	3296	3353	3577	3980	4359	4701	4772	4643	4511	4177	3894	3543	3260	2976	2768	2583	
31	8597	60.0	60.0	30	1	1	2	1037	1462	2353	3638	5029	6182	6665	6889	6600	6321	5793	5276	4726	4194	3844	3485	3329	3402	3646	3973	4358	4668	4741	4649	4482	4201	3912	3587	3253	2997	2782	2587	
31	8614	59.9	60.0	30	1	1	2	1039	1464	2344	3598	4972	6127	6687	6887	6624	6244	5735	5217	4696	4174	3794	3516	3292	3381	3635	3978	4318	4642	4716	4679	4483	4186	3863	3543	3256	2981	2757	2563	
31	8632	59.9	60.0	30	1	1	2	1036	1470	2353	3622	5023	6101	6659	6762	6572	6169	5677	5211	4653	4178	3768	3486	3312	3327	3609	3981	4381	4623	4724	4609	4513	4204	3892	3561	3250	3009	2769	2583	
31	8649	60.0	60.0	30	1	1	2	1030	1443	2352	3654	5021	6097	6629	6804	6590	6224	5697	5207	4695	4146	3787	3450	3306	3373	3589	3957	4349	4647	4764	4618	4446	4176	3846	3559	3240	3006	2770	2560	
31	8713	95.1	95.1	31	1	0	2	932	1149	1554	2191	2865	3462	3781	3959	3876	3779	3550	3266	3001	2798	2604	2472	2478	2577	2848	3190	3501	3716	3794	3711	3596	3416	3220	2970	2779	2539	2413	2230	
31	8731	95.0	95.0	31	1	0	2	936	1143	1560	2176	2871	3408	3738	3934	3884	3754	3529	3301	3031	2775	2570	2463	2442	2592	2839	3174	3463	3703	3772	3700	3589	3398	3163	2968	2744	2547	2373	2230	
31	8793	59.8	60.1	31	1	1	2	1047	1452	2339	3594	4916	6065	6589	6820	6547	6221	5719	5218	4667	4128	3775	3464	3283	3373	3573	3960	4343	4623	4747	4654	4475	4186	3884	3550	3229	2962	2765	2588	
31	8811	60.0	60.0	31	1	1	2	1039	1457	2338	3623	5014	6078	6649	6807	6551	6265	5774	5204	4696	4172	3803	3444	3315	3332	3595	3970	4370	4645	4765	4672	4472	4182	3869	3546	3248	2984	2769	2554	
31	8828	59.9	60.0	31	1	1	2	1048	1457	2338	3657	5039	6151	6659	6864	6657	6258	5787	5281	4749	4191	3813	3526	3313	3353	3613	3990	4377	4649	4783	4659	4482	4230	3934	3555	3228	2997	2775	2607	
31	8845	60.0	60.0	31	1	1	2	1027	1452	2378	3663	5045	6208	6709	6914	6684	6298	5806	5291	4744	4211	3809	3497	3330	3375	3626	4001	4411	4668	4804	4636	4522	4185	3902	3567	3257	2987	2759	2587	
31	8862	59.9	60.0	31	1	1	2	1038	1465	2372	3600	4993	6093	6685	6850	6610	6285	5730	5264	4697	4200	3790	3494	3321	3342	3613	3969	4384	4652	4736	4693	4515	4188	3869	3530	3257	2951	2758	2573	
31	8880	60.0	60.0	31	1	1	2	1035	1451	2353	3595	5020	6068	6656	6845	6555	6170	5723	5275	4678	4204	3799	3472	3311	3352	3608	3970	4353	4608	4693	4649	4516	4178	3880	3517	3264	2977	2782	2560	
31	8897	60.0	60.0	31	1	1	2	1034	1456	2389	3641	5000	6141	6667	6860	6588	6253	5779	5206	4692	4177	3808	3499	3307	3326	3600	3932	4369	4637	4749	4679	4498	4181	3872	3566	3233	3017	2781	2603	
31	8960	95.3	95.0	32	1	0	2	931	1132	1582	2181	2875	3477	3823	3972	3874	3824	3546	3330	3038	2773	2608	2493	2464	2583	2875	3161	3493	3675	3790	3700	3598	3398	3187	2962	2785	2544	2383	2244	
31	8977	95.0	95.0	32	1	0	2	936	1135	1568	2186	2856	3462	3772	3948	3870	3766	3520	3276	3023	2759	2587	2481	2454	2562	2832	3170	3485	3701	3787	3722	3583	3395	3206	2968	2725	2523	2385	2240	
31	9040	59.7	60.1	32	1	1	2	1034	1446	2364	3606	4992	6043	6633	6811	6595	6253	5755	5236	4657	4149	3817	3474	3273	3387	3569	3980	4380	4645	4742	4629	4459	4213	3911	3509	3248	2987	2763	2579	
31	9057	59.9	60.0	32	1	1	2	1048	1458	2398	3625	5000	6096	6697	6870	6595	6255	5791	5264	4730	4181	3825	3506	3301	3360	3617	3960	4374	4665	4748	4643	4470	4209	3881	3532	3249	3005	2753	2569	
31	9074	59.9	60.0	32	1	1	2	1040	1468	2360	3675	5022	6153	6740	6946	6663	6274	5799	5298	4729	4200	3861	3504	3348	3367	3630	3979	4394	4662	4760	4661	4523	4228	3940	3561	3266	3008	2778	2564	
31	9091	59.9	60.0	32	1	1	2	1042	1458	2402	3690	5094	6169	6774	6895	6710	6328	5865	5285	4761	4262	3846	3554	3380	3364	3651	3974	4389	4676	4781	4644	4557	4205	3910	3577	3286	2995	2777	2591	
31	9109	60.0	60.0	32	1	1	2	1049	1441	2374	3636	4992	6134	6750	6856	6618	6291	5834	5289	4750	4192	3786	3516	3307	3361	3612	4008	4353	4645	4736	4661	4514	4190	3874	3550	3246	2982	2774	2597	
31	9126	59.9	60.0	32	1	1	2	1036	1464	2352	3613	4999	6091	6690	6878	6693	6303	5775	5200	4734	4194	3776	3490	3290	3363	3605	3961	4376	4633	4735	4638	4462	4212	3880	3520	3256	3003	2749	2588	
31	9143	60.0	60.0	32	1	1	2	1039	1448	2373	3597	5020	6103	6653	6899	6603	6254	5753	5267	4687	4204	3825	3485	3337	3325	3600	3960	4361	4621	4764	4648	4456	4176	3881	3558	3304	3000	2750	2562	
31	9206	95.1	95.0	33	1	0	2	942	1136	1566	2206	2892	3521	3812	3982	3951	3769	3615	3303	3044	2772	2638	2522	2496	2613	2866	3193	3494	3678	3783	3700	3610	3401	3224	2966	2778	2574	2381	2258	
31	9223	95.0	95.0	33	1	0	2	939	1150	1580	2155	2836	3476	3805	3945	3931	3754	3529	3330	3037	2800	2606	2488	2473	2585	2860	3175	3480	3702	3748	3708	3606	3416	3190	2955	2778	2562	2410	2223	
31	9286	59.8	60.1	33	1	1	2	1060	1455	2361	3622	4997	6169	6714	6919	6654	6305	5804	5288	4739	4236	3821	3522	3309	3358	3590	3970	4380	4634	4757	4620	4492	4198	3899	3547	3249	2992	2780	2558	
31	9303	60.0	60.0	33	1	1	2	1050	1469	2377	3648	5039	6114	6758	6906	6650	6344	5814	5321	4728	4230	3855	3517	3360	3388	3617	3940	4331	4638	4811	4642	4483	4187	3900	3538	3245	2994	2796	2579	
31	9320	59.9	60.0	33	1	1	2	1055	1445	2370	3707	5060	6185	6748	6952	6701	6419	5852	5326	4802	4228	3888	3546	3372	3376	3651	4006	4361	4667	4771	4685	4507	4210	3882	3599	3271	2982	2791	2586	
31	9337	59.9	60.0	33	1	1	2	1039	1468	2411	3710	5108	6262	6856	7007	6825	6401	5910	5364	4785	4327	3871	3528	3355	3419	3673	3992	4413	4638	4780	4683	4559	4243	3909	3613	3266	3020	2768	2588	
31	9355	59.9	60.0	33	1	1	2	1046	1459	2386	3706	5090	6190	6768	6917	6748	6340	5870	5332	4758	4246	3849	3514	3322	3384	3620	4005	4342	4636	4726	4679	4463	4209	3905	3537	3284	3015	2778	2592	
31	9372	59.9	60.0	33	1	1	2	1034	1469	2386	3670	5014	6232	6708	6924	6638	6261	5790	5310	4752	4213	3841	3524	3326	3333	3611	3952	4358	4658	4716	4644	4520	4166	3878	3586	3272	3014	2770	2572	
31	9389	60.0	60.0	33	1	1	2	1044	1461	2356	3656	5046	6113	6761	6948	6694	6316	5789	5292	4764	4224	3850	3512	3352	3367	3635	3978	4369	4629	4762	4632	4507	4181	3921	3543	3241	2990	2791	2521	
31	9452	95.1	95.0	34	1	0	2	948	1147	1572	2211	2921	3552	3862	4073	3959	3856	3640	3361	3107	2815	2665	2514	2515	2635	2897	3218	3534	3670	3786	3724	3652	3447	3182	2963	2767	2602	2415	2257	
31	9469	95.0	95.0	34	1	0	2	940	1144	1584	2234	2896	3519	3870	4023	3972	3846	3597	3403	3065	2804	2647	2521	2505	2614	2902	3200	3498	3701	3791	3700	3608	3395	3188	2941	2741	2554	2392	2214	
31	9532	59.7	60.1	34	1	1	2	1044	1474	2396	3708	5098	6255	6845	7036	6739	6434	5896	5373	4821	4272	3870	3544	3388	3420	3675	4004	4385	4649	4756	4627	4481	4192	3920	3519	3285	3001	2771	2573	
31	9549	59.9	60.0	34	1	1	2	1046	1468	2419	3670	5137	6274	6840	7106	6800	6517	5924	5413	4848	4321	3917	3562	3403	3429	3657	4007	4435	4697	4800	4669	4505	4225	3928	3552	3263	2992	2770	2565	
31	9566	60.0	60.0	34	1	1	2	1056	1488	2414	3770	5157	6314	6949	7104	6846	6540	5974	5439	4873	4324	3940	3596	3394	3450	3660	4017	4391	4690	4763	4688	4510	4199	3910	3587	3294	3030	2776	2614	
31	9584	60.0	60.0	34	1	1	2	1043	1477	2413	3741	5176	6400	6941	7176	6920	6468	6011	5471	4866	4291	3938	3626	3417	3422	3672	4053	4421	4695	4791	4710	4556	4209	3931	3583	3294	3014	2779	2586	
31	9601	60.0	60.0	34	1	1	2	1046	1489	2412	3764	5222	6367	6886	7113	6874	6503	6006	5460	4845	4348	3921	3576	3398	3401	3641	4008	4412	4692	4813	4703	4522	4242	3896	3558	3283	3028	2779	2550	
31	9618	60.0	60.0	34	1	1	2	1049	1476	2419	3729	5197	6272	6865	7069	6803	6504	5964	5469	4867	4318	3942	3590	3408	3425	3660	4023	4395	4679	4782	4660	4520	4178	3884	3586	3278	2991	2774	2568	
31	9635	60.0	60.0	34	1	1	2	1038	1470	2400	3692	5141	6361	6910	7066	6846	6476	5936	5438	4806	4323	3907	3592	3401	3420	3659	4028	4374	4655	4789	4718	4553	4232	3888	3574	3288	3006	2769	2590	
31	9700	95.2	95.1	35	1	0	2	947	1153	1609	2252	3008	3607	3972	4163	4120	3931	3694	3439	3168	2892	2686	2569	2548	2666	2923	3227	3513	3754	3844	3764	3646	3415	3223	2982	2763	2599	2402	2254	
31	9717	95.0	95.0	35	1	0	2	930	1154	1597	2242	2983	3545	3931	4101	4045	3926	3691	3444	3108	2843	2665	2529	2526	2617	2897	3231	3524	3736	3807	3703	3617	3409	3208	2957	2782	2563	2396	2222	
31	9780	59.8	60.1	35	1	1	2	1050	1504	2428	3776	5290	6486	7052	7263	7002	6606	6122	5569	4932	4401	4018	3631	3454	3453	3704	4043	4451	4701	4788	4724	4585	4236	3962	3566	3310	2989	2747	2594	
31	9797	60.0	60.0	35	1	1	2	1065	1497	2456	3762	5277	6474	7051	7279	7064	6673	6132	5578	5001	4419	4011	3634	3459	3470	3690	4031	4446	4704	4790	4672	4558	4241	3911	3592	3272	3028	2793	2568	
31	9814	60.0	60.0	35	1	1	2	1058	1497	2487	3797	5321	6544	7160	7394	7064	6712	6156	5640	5025	4453	4067	3693	3493	3508	3770	4089	4425	4745	4819	4736	4550	4281	3954	3626	3327	3051	2809	2609	
31	9832	60.0	60.0	35	1	1	2	1056	1503	2491	3857	5362	6580	7152	7405	7103	6772	6183	5621	5061	4461	4035	3668	3506	3512	3747	4071	4476	4780	4793	4737	4573	4310	3959	3616	3309	3023	2847	2614	
31	9849	60.0	60.0	35	1	1	2	1034	1515	2482	3847	5359	6561	7179	7349	7110	6738	6165	5572	4994	4461	4026	3700	3444	3486	3726	4112	4454	4745	4825	4709	4557	4200	3928	3583	3293	3003	2798	2594	
31	9866	60.0	60.0	35	1	1	2	1041	1510	2459	3884	5344	6526	7111	7341	7063	6695	6150	5632	4994	4424	3984	3665	3485	3499	3755	4087	4477	4710	4844	4735	4547	4216	3943	3582	3318	3011	2782	2596	
31	9883	59.9	60.0	35	1	1	2	1052	1487	2452	3826	5275	6492	7103	7353	7068	6708	6144	5587	4979	4462	3998	3658	3452	3509	3716	4067	4436	4708	4810	4636	4546	4254	3948	3584	3312	3030	2809	2597	
31	9948	95.1	95.1	36	1	0	2	934	1166	1648	2350	3136	3730	4162	4332	4278	4104	3852	3600	3273	2994	2781	2630	2609	2720	2964	3257	3598	3770	3830	3786	3664	3436	3216	2998	2829	2607	2408	2290	
31	9965	95.0	95.0	36	1	0	2	942	1164	1650	2350	3098	3748	4108	4271	4268	4087	3814	3572	3267	2993	2768	2665	2591	2699	2940	3247	3549	3763	3816	3782	3660	3427	3251	2974	2775	2582	2422	2261	
31	10028	59.8	60.1	36	1	1	2	1077	1551	2550	3970	5510	6815	7398	7684	7409	7004	6456	5861	5175	4611	4169	3830	3601	3611	3793	4133	4517	4787	4865	4771	4596	4267	3972	3595	3307	3061	2805	2593	
31	10045	60.0	60.0	36	1	1	2	1054	1534	2550	3971	5557	6862	7469	7725	7430	7081	6494	5894	5245	4648	4220	3852	3593	3604	3812	4127	4511	4734	4879	4774	4566	4283	3952	3650	3341	3014	2832	2613	
31	10062	60.0	60.0	36	1	1	2	1064	1547	2576	4053	5546	6929	7536	7708	7478	7120	6536	5923	5266	4658	4238	3861	3612	3631	3823	4191	4557	4829	4895	4752	4626	4290	3979	3635	3355	3083	2847	2595	
31	10080	59.9	60.0	36	1	1	2	1059	1540	2572	4038	5660	6923	7590	7881	7557	7119	6544	5946	5342	4691	4280	3872	3649	3598	3848	4156	4536	4818	4882	4786	4634	4345	3986	3648	3331	3049	2817	2634	
31	10097	59.9	60.0	36	1	1	2	1087	1532	2541	4017	5593	6884	7501	7764	7492	7113	6498	5949	5285	4675	4219	3882	3596	3606	3846	4158	4554	4798	4845	4753	4574	4282	3945	3629	3329	3072	2833	2596	
31	10114	59.9	60.0	36	1	1	2	1063	1546	2543	4025	5626	6874	7570	7746	7504	7085	6549	5895	5252	4682	4201	3853	3626	3608	3838	4116	4506	4810	4900	4770	4641	4266	4005	3632	3312	3046	2844	2604	
31	10131	60.0	60.0	36	1	1	2	1059	1536	2554	4026	5544	6880	7441	7732	7444	7060	6505	5880	5246	4684	4205	3834	3609	3612	3845	4100	4520	4765	4855	4738	4581	4317	3995	3621	3287	3012	2819	2601	
31	10194	95.1	95.0	37	1	0	2	953	1207	1737	2482	3296	4041	4447	4663	4565	4409	4117	3848	3496	3163	2970	2810	2759	2807	3050	3333	3678	3842	3913	3808	3696	3478	3270	3020	2821	2620	2456	2256	
31	10211	95.0	95.0	37	1	0	2	954	1185	1715	2445	3282	3996	4419	4618	4542	4447	4121	3826	3467	3126	2918	2751	2710	2790	3065	3320	3612	3814	3889	3784	3698	3467	3252	3002	2810	2606	2437	2270	
31	10274	59.9	60.1	37	1	1	2	1078	1599	2672	4250	5960	7398	7999	8298	8034	7625	7009	6343	5630	5005	4473	4093	3834	3761	3953	4319	4634	4854	4955	4806	4700	4329	4035	3660	3374	3086	2838	2639	
31	10291	59.9	60.0	37	1	1	2	1078	1578	2703	4291	6016	7420	8170	8369	8077	7693	7021	6395	5659	5024	4501	4101	3832	3775	3966	4275	4663	4925	4964	4817	4690	4384	4018	3671	3376	3112	2896	2641	
31	10309	59.9	60.0	37	1	1	2	1074	1587	2719	4293	6060	7444	8151	8424	8201	7685	7092	6399	5762	4985	4554	4122	3855	3828	4011	4314	4676	4916	4982	4843	4700	4366	4041	3697	3379	3088	2867	2647	
31	10326	60.0	60.0	37	1	1	2	1072	1602	2725	4335	6076	7489	8192	8414	8170	7780	7100	6499	5728	5043	4545	4119	3841	3791	4009	4365	4655	4918	4982	4849	4685	4385	4071	3704	3388	3079	2872	2668	
31	10343	60.0	60.0	37	1	1	2	1087	1586	2734	4286	6077	7495	8198	8420	8099	7673	7010	6404	5658	4997	4522	4102	3834	3796	3983	4298	4667	4912	4966	4855	4672	4330	4044	3676	3375	3057	2864	2625	
31	10360	60.0	60.0	37	1	1	2	1090	1598	2725	4317	5997	7474	8137	8421	8122	7657	7048	6387	5685	5044	4551	4112	3808	3788	3990	4271	4655	4882	4988	4818	4661	4372	4022	3640	3392	3130	2869	2658	
31	10378	60.0	60.0	37	1	1	2	1072	1586	2697	4274	6037	7428	8121	8436	8081	7704	7037	6378	5655	5047	4469	4118	3844	3768	3944	4315	4632	4854	4912	4853	4664	4336	4040	3627	3390	3054	2841	2635	
31	10442	95.1	95.1	38	1	0	2	963	1247	1841	2672	3617	4409	4862	5126	5052	4896	4567	4162	3799	3448	3174	2935	2856	2960	3155	3441	3709	3879	3977	3872	3750	3541	3293	3054	2873	2640	2456	2307	
31	10459	95.0	95.0	38	1	0	2	951	1243	1812	2653	3590	4479	4861	5091	4988	4873	4559	4186	3832	3429	3184	2972	2874	2940	3173	3429	3747	3910	3953	3914	3758	3521	3315	3096	2840	2638	2454	2277	
31	10522	59.7	60.1	38	1	1	2	1075	1640	2864	4603	6459	8096	8815	9113	8809	8345	7586	6933	6142	5441	4912	4399	4064	3974	4162	4439	4771	4997	5038	4940	4744	4419	4100	3716	3446	3129	2896	2689	
31	10539	59.9	60.0	38	1	1	2	1108	1667	2858	4635	6528	8121	8913	9218	8862	8434	7703	7029	6193	5474	4925	4432	4101	4026	4177	4462	4784	5029	5095	4922	4799	4454	4064	3752	3462	3135	2896	2715	
31	10557	60.0	60.0	38	1	1	2	1089	1677	2883	4661	6601	8161	8965	9258	8963	8512	7723	7010	6240	5491	4912	4440	4123	4034	4209	4521	4832	5021	5127	4973	4776	4433	4120	3728	3450	3155	2926	2707	
31	10574	60.0	60.0	38	1	1	2	1114	1677	2887	4678	6622	8204	9028	9348	9028	8512	7749	7066	6255	5520	4958	4486	4161	4053	4213	4477	4805	5024	5100	4975	4772	4438	4164	3756	3455	3151	2913	2725	
31	10591	59.9	60.0	38	1	1	2	1121	1686	2910	4662	6553	8182	8992	9280	8943	8439	7785	7005	6200	5493	4936	4446	4162	4034	4211	4497	4829	5062	5074	4960	4787	4444	4108	3751	3446	3126	2913	2726	
31	10608	60.0	60.0	38	1	1	2	1100	1688	2893	4645	6561	8131	8949	9260	8922	8405	7755	7006	6256	5456	4939	4415	4116	4052	4161	4445	4793	5038	5076	4925	4734	4434	4101	3697	3461	3130	2910	2738	
31	10626	59.9	60.0	38	1	1	2	1124	1671	2914	4642	6588	8213	8948	9225	8970	8376	7734	6993	6180	5455	4929	4435	4129	4021	4162	4482	4814	5024	5114	4936	4760	4421	4069	3756	3451	3132	2908	2685	
31	10690	95.1	95.1	39	1	0	2	1008	1296	1951	2950	4013	4948	5471	5775	5674	5451	5082	4653	4224	3833	3505	3223	3127	3148	3302	3608	3896	4046	4078	3972	3834	3604	3373	3130	2907	2680	2526	2336	
31	10707	95.0	95.0	39	1	0	2	974	1295	1957	2920	3975	4961	5440	5701	5661	5430	5091	4633	4213	3754	3503	3232	3071	3092	3300	3592	3835	4014	4067	3968	3848	3593	3362	3125	2890	2693	2491	2334	
31	10770	59.8	60.1	39	1	1	2	1140	1765	3078	5005	7082	8904	9795	10134	9766	9173	8405	7632	6754	5925	5292	4768	4405	4286	4420	4656	4958	5169	5221	5053	4867	4549	4185	3782	3481	3184	2976	2706	
31	10787	59.9	60.0	39	1	1	2	1126	1706	3145	5037	7158	8903	9784	10155	9796	9239	8517	7649	6858	5954	5341	4802	4420	4298	4417	4714	5000	5197	5181	5047	4857	4558	4188	3829	3507	3228	2982	2728	
31	10805	60.0	60.0	39	1	1	2	1168	1749	3153	5088	7233	9042	9862	10218	9840	9389	8509	7751	6841	6005	5381	4798	4422	4347	4465	4710	4972	5216	5253	5095	4887	4567	4222	3856	3522	3209	2967	2750	
31	10822	60.0	60.0	39	1	1	2	1151	1743	3178	5072	7190	9042	9894	10197	9863	9381	8571	7779	6878	6021	5433	4836	4444	4311	4428	4651	5040	5212	5216	5088	4892	4524	4197	3874	3517	3220	2977	2728	
31	10839	60.0	60.0	39	1	1	2	1156	1775	3125	5091	7254	9007	9925	10243	9953	9348	8555	7759	6844	6036	5393	4802	4448	4348	4419	4697	5009	5187	5225	5071	4896	4523	4243	3856	3542	3229	2992	2738	
31	10856	59.9	60.0	39	1	1	2	1148	1750	3133	5048	7198	9025	9889	10277	9902	9338	8521	7766	6826	5992	5412	4832	4439	4321	4474	4704	4997	5204	5226	5068	4905	4549	4218	3825	3498	3170	2948	2759	
31	10874	60.0	60.0	39	1	1	2	1130	1766	3096	5030	7224	8956	9887	10195	9855	9270	8521	7711	6811	5974	5400	4817	4450	4301	4405	4685	4960	5170	5210	5051	4840	4547	4172	3828	3525	3158	2967	2723	
31	10936	95.1	95.0	40	1	0	2	1001	1378	2128	3203	4506	5588	6185	6502	6394	6149	5721	5272	4706	4241	3848	3569	3363	3404	3540	3785	4045	4209	4170	4063	3937	3697	3480	3195	2995	2773	2553	2406	
31	10954	95.0	95.0	40	1	0	2	1013	1360	2109	3227	4472	5580	6195	6504	6401	6134	5646	5208	4712	4165	3824	3508	3367	3358	3518	3752	4016	4164	4198	4084	3927	3696	3464	3158	2959	2755	2559	2356	
31	11016	59.8	60.1	40	1	1	2	1162	1844	3326	5391	7744	9659	10675	11051	10677	10089	9141	8284	7389	6438	5765	5139	4710	4542	4565	4830	5124	5301	5356	5171	4998	4636	4311	3898	3600	3276	2992	2795	
31	11034	59.9	60.0	40	1	1	2	1182	1842	3329	5440	7826	9769	10723	11123	10739	10169	9274	8469	7405	6486	5813	5197	4747	4602	4648	4877	5176	5370	5376	5214	4943	4608	4299	3881	3589	3289	2984	2774	
31	11051	59.9	60.0	40	1	1	2	1185	1876	3354	5484	7877	9908	10861	11243	10874	10256	9395	8473	7479	6532	5855	5197	4746	4560	4698	4922	5180	5380	5416	5229	5027	4658	4344	3919	3585	3292	3058	2748	
31	11068	60.0	60.0	40	1	1	2	1187	1853	3356	5456	7926	9793	10831	11244	10881	10183	9356	8458	7459	6554	5808	5248	4787	4598	4658	4898	5208	5341	5368	5254	5013	4607	4338	3911	3568	3292	3051	2783	
31	11085	60.0	60.0	40	1	1	2	1157	1852	3346	5457	7842	9861	10826	11220	10779	10240	9311	8442	7440	6548	5861	5212	4766	4584	4689	4885	5173	5361	5356	5197	4984	4642	4359	3936	3604	3263	3018	2807	
31	11103	60.0	60.0	40	1	1	2	1171	1868	3339	5477	7904	9810	10839	11221	10719	10246	9274	8448	7465	6509	5820	5216	4757	4574	4664	4858	5189	5352	5357	5185	4975	4647	4291	3889	3583	3287	3028	2780	
31	11120	60.0	60.0	40	1	1	2	1193	1861	3400	5431	7813	9848	10813	11200	10814	10173	9302	8396	7431	6507	5832	5232	4737	4608	4658	4880	5191	5354	5350	5229	4974	4650	4269	3903	3551	3287	3022	2769	
