Well	Time (1/2 s)	Block Temp	Sample Temp	Repetition	PCR Stage	Extension	Scale	B1	B2	B3	B4	B5	B6	B7	B8	B9	B10	B11	B12	B13	B14	B15	B16	B17	B18	B19	B20	B21	B22	B23	B24	B25	B26	B27	B28	B29	B30	B31	B32
130	104	95.3	95.0	1	0	0	2	937	1045	1389	1890	2521	3066	3451	3566	3542	3392	3222	3034	2796	2605	2464	2353	2294	2440	2673	3018	3306	3522	3577	3491	3369	3203	2962	2770	2565	2384	2256	2117	
130	121	95.0	95.0	1	0	0	2	954	1061	1414	1902	2516	3033	3428	3527	3530	3415	3222	3011	2773	2571	2418	2309	2282	2421	2665	3013	3315	3484	3564	3497	3392	3171	3020	2778	2605	2409	2276	2118	
130	139	95.0	95.0	1	0	0	2	939	1070	1378	1890	2513	3041	3393	3544	3561	3392	3231	3028	2821	2565	2430	2325	2328	2457	2692	3008	3315	3494	3596	3516	3363	3164	3034	2802	2583	2414	2266	2149	
130	156	95.0	95.0	1	0	0	2	936	1058	1417	1894	2526	3017	3443	3538	3557	3423	3234	3036	2826	2609	2414	2336	2331	2478	2698	3022	3290	3501	3607	3516	3393	3194	3001	2795	2598	2432	2304	2146	
130	173	94.9	95.0	1	0	0	2	941	1080	1359	1914	2523	3043	3453	3538	3572	3418	3248	3056	2806	2609	2446	2322	2363	2451	2706	3083	3332	3558	3591	3521	3382	3223	3050	2815	2602	2430	2287	2141	
130	190	95.0	95.0	1	0	0	2	970	1094	1388	1908	2517	3047	3448	3557	3550	3421	3233	3057	2821	2651	2449	2360	2342	2438	2699	3063	3327	3555	3616	3573	3389	3199	3068	2810	2605	2448	2285	2142	
130	208	94.9	95.0	1	0	0	2	928	1120	1405	1916	2512	3020	3407	3550	3554	3434	3254	3034	2794	2560	2452	2326	2292	2464	2702	3040	3302	3525	3557	3524	3362	3203	3016	2812	2602	2456	2288	2154	
130	225	95.0	95.0	1	0	0	2	934	1116	1396	1874	2520	3017	3426	3550	3547	3412	3231	3018	2800	2582	2445	2314	2349	2479	2710	3070	3308	3557	3593	3551	3322	3197	2988	2800	2618	2424	2289	2126	
130	242	95.0	95.0	1	0	0	2	930	1129	1399	1922	2521	3033	3462	3562	3542	3413	3270	3003	2817	2588	2447	2332	2330	2460	2701	3023	3342	3508	3629	3540	3388	3274	3046	2791	2605	2419	2308	2154	
130	259	95.0	95.0	1	0	0	2	954	1112	1420	1913	2519	3042	3482	3540	3552	3423	3265	3044	2814	2597	2463	2323	2324	2469	2712	3057	3281	3502	3622	3542	3405	3245	3067	2818	2644	2445	2289	2128	
130	277	95.0	95.0	1	0	0	2	939	1109	1400	1899	2512	3050	3433	3570	3535	3430	3233	3072	2820	2577	2466	2359	2317	2477	2696	3020	3342	3580	3612	3553	3394	3236	3054	2825	2623	2444	2265	2141	
130	294	95.0	95.0	1	0	0	2	930	1133	1404	1903	2535	3023	3455	3556	3561	3431	3248	3031	2811	2608	2455	2355	2306	2446	2704	3037	3327	3537	3596	3539	3383	3211	3014	2822	2623	2429	2305	2146	
130	311	95.0	95.0	1	0	0	2	935	1118	1399	1931	2539	3029	3481	3548	3567	3406	3234	3068	2852	2603	2445	2311	2333	2474	2711	3059	3322	3568	3620	3539	3433	3231	3030	2794	2628	2460	2284	2142	
130	328	94.9	95.0	1	0	0	2	952	1116	1409	1923	2511	3030	3433	3539	3529	3461	3253	3057	2824	2612	2425	2343	2328	2455	2639	3031	3314	3552	3598	3535	3400	3232	3045	2822	2654	2432	2306	2144	
130	346	95.0	95.0	1	0	0	2	940	1101	1412	1923	2526	3089	3438	3574	3572	3430	3259	3028	2853	2639	2429	2347	2342	2456	2715	3055	3353	3530	3612	3528	3392	3232	3067	2839	2641	2420	2306	2147	
130	363	94.9	95.0	1	0	0	2	945	1106	1460	1913	2541	3055	3428	3556	3558	3408	3248	3043	2825	2610	2460	2352	2350	2475	2670	3056	3333	3538	3599	3571	3379	3221	3039	2811	2636	2435	2287	2139	
130	380	95.0	95.0	1	0	0	2	947	1092	1409	1918	2532	3067	3440	3610	3539	3491	3252	3042	2840	2588	2429	2327	2346	2473	2735	3043	3344	3576	3594	3550	3404	3238	3065	2824	2608	2441	2312	2128	
130	397	95.0	95.0	1	0	0	2	948	1117	1408	1895	2544	3035	3473	3545	3530	3470	3282	3023	2830	2609	2456	2369	2325	2435	2701	3055	3342	3549	3629	3549	3400	3237	3060	2817	2633	2440	2329	2166	
130	415	95.0	95.0	1	0	0	2	927	1105	1398	1925	2550	3070	3440	3602	3559	3450	3271	3075	2826	2645	2443	2368	2330	2465	2725	3088	3349	3571	3604	3540	3388	3234	3076	2856	2635	2448	2308	2160	
130	432	95.0	95.0	1	0	0	2	928	1116	1422	1934	2531	3042	3438	3596	3545	3431	3254	3046	2852	2619	2458	2353	2362	2487	2729	3048	3352	3584	3600	3568	3404	3250	3060	2833	2703	2447	2289	2144	
130	449	95.0	95.0	1	0	0	2	936	1094	1416	1907	2546	3078	3490	3550	3584	3458	3284	3055	2854	2601	2454	2385	2364	2439	2697	3077	3358	3558	3581	3551	3414	3204	3036	2832	2638	2436	2317	2148	
130	466	95.0	95.0	1	0	0	2	925	1114	1390	1919	2557	3080	3487	3581	3548	3477	3289	3066	2872	2549	2462	2344	2344	2477	2713	3034	3361	3535	3611	3558	3406	3232	3049	2835	2651	2441	2320	2154	
130	484	94.9	95.0	1	0	0	2	933	1118	1442	1910	2542	3040	3486	3578	3587	3470	3287	3031	2836	2605	2469	2335	2341	2487	2694	3046	3342	3543	3606	3556	3417	3217	3065	2806	2634	2449	2302	2167	
130	501	94.9	95.0	1	0	0	2	951	1108	1426	1941	2553	3074	3452	3578	3579	3472	3265	3073	2827	2626	2457	2370	2323	2478	2698	3052	3313	3599	3653	3546	3422	3264	3074	2839	2647	2436	2301	2166	
130	518	94.9	95.0	1	0	0	2	938	1111	1423	1938	2549	3064	3480	3565	3579	3459	3234	3073	2816	2624	2452	2349	2363	2461	2743	3070	3352	3542	3660	3560	3435	3247	3055	2820	2675	2469	2315	2154	
130	535	95.0	95.0	1	0	0	2	923	1108	1413	1906	2545	3051	3478	3614	3579	3461	3300	3043	2836	2609	2473	2410	2352	2471	2731	3058	3322	3567	3635	3578	3440	3244	3059	2853	2656	2459	2281	2161	
130	553	95.0	95.0	1	0	0	2	939	1101	1422	1901	2535	3080	3480	3574	3568	3440	3244	3073	2841	2603	2469	2318	2317	2472	2731	3068	3344	3592	3607	3544	3420	3236	3060	2834	2618	2486	2331	2155	
130	570	94.9	95.0	1	0	0	2	928	1099	1435	1906	2566	3067	3444	3581	3604	3498	3285	3076	2820	2613	2442	2362	2333	2470	2707	3079	3318	3533	3601	3565	3412	3257	3062	2824	2644	2435	2319	2159	
130	587	95.0	95.0	1	0	0	2	913	1118	1421	1917	2516	3080	3438	3560	3610	3467	3308	3070	2836	2603	2473	2379	2341	2479	2719	3050	3337	3544	3625	3573	3442	3222	3043	2834	2655	2455	2308	2155	
130	604	95.0	95.0	1	0	0	2	938	1107	1422	1930	2548	3090	3480	3617	3558	3459	3294	3075	2814	2605	2461	2360	2338	2446	2746	3055	3339	3571	3624	3580	3407	3237	3079	2817	2639	2445	2328	2138	
130	622	95.0	95.0	1	0	0	2	928	1117	1429	1940	2528	3082	3471	3576	3578	3447	3249	3078	2836	2640	2466	2365	2360	2476	2741	3050	3303	3584	3612	3551	3410	3251	3036	2830	2659	2445	2312	2133	
130	639	95.0	95.0	1	0	0	2	929	1102	1431	1919	2541	3050	3484	3585	3622	3466	3282	3119	2846	2601	2449	2366	2356	2486	2712	3039	3331	3578	3644	3585	3465	3256	3056	2857	2663	2454	2311	2164	
130	656	94.9	95.0	1	0	0	2	952	1116	1415	1929	2564	3100	3503	3577	3597	3455	3284	3061	2844	2624	2477	2346	2321	2485	2703	3055	3345	3564	3620	3552	3457	3254	3076	2822	2647	2438	2306	2140	
130	673	95.0	95.0	1	0	0	2	946	1104	1416	1925	2547	3097	3493	3576	3615	3457	3311	3057	2861	2631	2450	2339	2336	2475	2725	3053	3359	3550	3601	3555	3433	3238	3054	2834	2651	2444	2305	2161	
130	691	95.0	95.0	1	0	0	2	927	1107	1416	1952	2546	3084	3468	3569	3580	3475	3266	3069	2818	2616	2443	2336	2332	2477	2711	3052	3320	3578	3575	3586	3442	3238	3077	2822	2678	2466	2336	2147	
130	708	95.0	95.0	1	0	0	2	939	1073	1433	1927	2549	3104	3473	3593	3625	3493	3273	3081	2855	2644	2487	2340	2328	2502	2709	3059	3345	3570	3639	3597	3406	3240	3051	2840	2671	2468	2317	2165	
130	725	94.9	95.0	1	0	0	2	927	1104	1403	1899	2537	3092	3487	3590	3640	3440	3286	3093	2852	2628	2459	2356	2344	2475	2755	2999	3347	3589	3635	3562	3397	3280	3045	2868	2665	2452	2306	2171	
130	742	95.0	95.0	1	0	0	2	936	1099	1422	1928	2532	3094	3514	3607	3587	3483	3285	3068	2859	2631	2489	2387	2345	2472	2746	3049	3333	3561	3631	3570	3436	3251	3061	2865	2668	2459	2305	2176	
130	760	95.0	95.0	1	0	0	2	927	1126	1429	1883	2541	3093	3480	3612	3636	3498	3284	3104	2861	2638	2476	2371	2383	2466	2729	3089	3357	3560	3648	3566	3448	3275	3093	2858	2652	2440	2319	2165	
130	777	94.9	95.0	1	0	0	2	939	1114	1413	1921	2593	3085	3514	3628	3583	3460	3307	3069	2831	2656	2485	2365	2308	2474	2702	3070	3355	3569	3632	3558	3406	3234	3068	2856	2655	2462	2328	2166	
130	794	95.0	95.0	1	0	0	2	940	1103	1431	1922	2552	3066	3517	3595	3593	3451	3297	3068	2835	2618	2479	2351	2360	2484	2752	3063	3341	3580	3624	3593	3436	3293	3039	2852	2651	2462	2321	2168	
130	811	94.9	95.0	1	0	0	2	940	1115	1416	1921	2545	3079	3482	3615	3614	3471	3299	3080	2828	2614	2450	2348	2358	2495	2750	3066	3347	3566	3635	3573	3452	3260	3108	2865	2699	2450	2305	2145	
130	829	95.0	95.0	1	0	0	2	943	1098	1436	1929	2578	3060	3502	3621	3594	3447	3301	3072	2863	2646	2449	2392	2348	2476	2710	3068	3328	3610	3650	3600	3400	3261	3062	2823	2655	2445	2337	2169	
130	846	95.0	95.0	1	0	0	2	925	1091	1419	1933	2541	3081	3510	3603	3614	3473	3317	3080	2829	2624	2512	2348	2353	2504	2751	3062	3398	3590	3627	3577	3439	3252	3075	2846	2667	2450	2336	2182	
130	863	95.0	95.0	1	0	0	2	946	1116	1412	1914	2552	3045	3472	3596	3618	3462	3313	3092	2899	2617	2470	2372	2352	2475	2725	3045	3376	3586	3627	3595	3440	3240	3065	2845	2650	2439	2320	2142	
130	880	94.9	95.0	1	0	0	2	926	1104	1441	1933	2545	3054	3500	3621	3658	3485	3305	3100	2855	2644	2440	2395	2353	2486	2747	3091	3355	3583	3609	3585	3426	3254	3042	2841	2658	2449	2309	2177	
130	898	95.0	95.0	1	0	0	2	937	1117	1421	1944	2560	3112	3522	3629	3624	3499	3305	3080	2856	2632	2463	2366	2341	2511	2746	3057	3339	3588	3629	3607	3425	3263	3100	2849	2659	2445	2322	2167	
130	915	95.0	95.0	1	0	0	2	935	1107	1426	1910	2551	3087	3472	3619	3612	3444	3292	3113	2852	2656	2483	2384	2371	2485	2726	3088	3339	3574	3645	3574	3431	3228	3083	2821	2656	2442	2317	2170	
130	932	95.0	95.0	1	0	0	2	939	1104	1431	1922	2550	3090	3484	3627	3639	3492	3313	3104	2884	2631	2459	2369	2390	2481	2737	3059	3350	3567	3665	3573	3429	3263	3082	2860	2664	2438	2329	2165	
130	949	95.0	95.0	1	0	0	2	948	1106	1424	1936	2557	3103	3489	3636	3627	3470	3303	3094	2866	2663	2511	2363	2352	2492	2737	3076	3359	3572	3653	3631	3429	3244	3079	2861	2663	2464	2293	2184	
130	967	95.0	95.0	1	0	0	2	955	1111	1423	1925	2565	3086	3499	3614	3644	3506	3321	3103	2866	2620	2509	2396	2387	2504	2745	3099	3337	3613	3646	3590	3440	3249	3077	2854	2661	2444	2310	2172	
130	984	95.0	95.0	1	0	0	2	939	1106	1422	1948	2569	3079	3501	3601	3595	3494	3315	3071	2872	2660	2509	2374	2344	2519	2750	3075	3388	3601	3657	3577	3420	3287	3068	2846	2664	2426	2314	2178	
130	1001	95.0	95.0	1	0	0	2	947	1107	1436	1925	2554	3123	3516	3619	3639	3484	3296	3103	2856	2627	2483	2363	2378	2489	2744	3070	3380	3602	3630	3580	3431	3283	3093	2860	2668	2463	2341	2159	
130	1018	95.0	95.0	1	0	0	2	947	1107	1410	1943	2553	3099	3510	3642	3625	3524	3309	3125	2873	2633	2477	2365	2346	2489	2724	3088	3345	3581	3643	3609	3426	3260	3069	2843	2637	2446	2303	2190	
130	1035	95.0	95.0	1	0	0	2	952	1123	1412	1935	2573	3134	3522	3616	3635	3449	3312	3078	2877	2633	2464	2363	2359	2515	2738	3056	3396	3586	3635	3600	3456	3271	3072	2832	2640	2439	2316	2174	
130	1053	95.0	95.0	1	0	0	2	944	1119	1407	1953	2557	3064	3523	3617	3686	3490	3327	3100	2888	2645	2489	2375	2355	2518	2713	3104	3323	3602	3664	3583	3441	3300	3104	2850	2681	2449	2319	2177	
130	1070	95.0	95.0	1	0	0	2	939	1137	1414	1923	2568	3076	3508	3609	3644	3525	3308	3088	2866	2659	2445	2368	2382	2506	2778	3054	3365	3606	3644	3618	3420	3298	3074	2880	2661	2443	2314	2147	
130	1087	95.0	95.0	1	0	0	2	948	1117	1425	1925	2558	3073	3484	3597	3647	3513	3300	3074	2861	2679	2454	2385	2375	2503	2717	3065	3364	3578	3655	3591	3419	3252	3085	2837	2655	2462	2306	2173	
130	1104	94.9	95.0	1	0	0	2	930	1118	1416	1935	2548	3093	3519	3627	3643	3506	3323	3100	2897	2655	2466	2372	2335	2468	2754	3081	3344	3585	3649	3571	3433	3259	3086	2866	2650	2447	2323	2165	
130	1122	95.0	95.0	1	0	0	2	932	1126	1416	1931	2550	3085	3510	3626	3629	3477	3301	3090	2863	2626	2489	2399	2351	2497	2750	3086	3352	3574	3650	3606	3468	3239	3091	2825	2654	2465	2315	2154	
130	1139	95.0	95.0	1	0	0	2	952	1106	1412	1915	2600	3096	3501	3624	3625	3471	3340	3116	2857	2643	2477	2399	2343	2492	2732	3097	3336	3557	3659	3625	3438	3242	3099	2834	2664	2490	2323	2152	
130	1156	95.0	95.0	1	0	0	2	934	1138	1430	1934	2591	3095	3492	3626	3651	3516	3297	3094	2895	2639	2463	2390	2351	2483	2763	3072	3354	3574	3629	3590	3415	3227	3045	2813	2655	2451	2327	2147	
130	1173	95.0	95.0	1	0	0	2	942	1127	1422	1917	2560	3074	3530	3663	3640	3484	3329	3068	2843	2646	2475	2358	2369	2483	2741	3084	3337	3549	3661	3612	3457	3268	3065	2863	2656	2456	2333	2157	
130	1191	95.0	95.0	1	0	0	2	948	1092	1426	1926	2582	3097	3518	3622	3648	3504	3298	3124	2907	2649	2510	2374	2364	2491	2704	3039	3343	3612	3672	3586	3416	3248	3065	2843	2645	2451	2324	2171	
130	1208	94.9	95.0	1	0	0	2	925	1129	1424	1935	2562	3096	3536	3601	3624	3500	3323	3095	2850	2628	2490	2349	2343	2486	2710	3064	3349	3614	3620	3585	3434	3249	3075	2834	2663	2442	2305	2170	
130	1225	95.0	95.0	1	0	0	2	948	1137	1437	1925	2587	3133	3525	3642	3615	3496	3314	3109	2913	2658	2484	2380	2358	2493	2752	3083	3353	3576	3623	3594	3452	3261	3065	2878	2692	2441	2302	2160	
130	1242	95.0	95.0	1	0	0	2	916	1114	1412	1956	2548	3064	3524	3583	3618	3482	3337	3073	2888	2652	2486	2384	2361	2477	2740	3085	3361	3599	3635	3580	3445	3260	3031	2841	2655	2446	2329	2157	
130	1260	95.0	95.0	1	0	0	2	943	1126	1424	1904	2566	3106	3535	3626	3612	3500	3304	3090	2813	2647	2477	2378	2373	2486	2737	3071	3370	3581	3674	3532	3451	3257	3099	2851	2660	2446	2305	2167	
130	1277	95.0	95.0	1	0	0	2	951	1110	1405	1917	2558	3125	3526	3617	3641	3506	3329	3094	2862	2674	2495	2372	2358	2525	2713	3076	3333	3611	3640	3561	3407	3219	3077	2852	2652	2468	2291	2153	
130	1294	95.0	95.0	1	0	0	2	937	1109	1417	1936	2586	3094	3503	3618	3656	3499	3326	3071	2870	2652	2472	2379	2356	2506	2756	3081	3348	3614	3625	3507	3439	3260	3080	2855	2639	2433	2307	2168	
130	1321	94.9	95.0	1	1	0	2	938	1101	1440	1942	2541	3078	3508	3657	3620	3527	3278	3092	2872	2645	2481	2390	2372	2481	2750	3071	3367	3576	3634	3587	3411	3249	3061	2850	2657	2424	2329	2184	
130	1388	59.7	60.2	1	1	1	2	1031	1291	2016	3130	4395	5432	6141	6251	6136	5765	5345	4925	4463	3983	3609	3310	3165	3216	3436	3798	4189	4460	4563	4450	4240	4001	3761	3364	3126	2861	2657	2486	
130	1405	59.9	60.0	1	1	1	2	1009	1300	2000	3101	4398	5448	6147	6223	6121	5778	5350	4851	4423	3961	3583	3312	3145	3208	3427	3794	4136	4454	4530	4384	4178	3981	3713	3426	3107	2836	2669	2473	
130	1422	60.0	60.0	1	1	1	2	1024	1316	2005	3086	4362	5407	6111	6241	6129	5765	5329	4869	4419	3953	3580	3311	3150	3201	3413	3813	4155	4470	4530	4392	4213	3983	3681	3411	3102	2824	2632	2465	
130	1440	60.0	60.0	1	1	1	2	1029	1305	2014	3081	4369	5355	6083	6240	6068	5768	5333	4874	4403	3965	3620	3292	3140	3218	3402	3800	4156	4420	4496	4461	4224	3993	3690	3381	3080	2840	2643	2424	
130	1457	60.0	60.0	1	1	1	2	1014	1311	1985	3053	4400	5444	6126	6224	6093	5731	5364	4865	4413	3979	3578	3300	3165	3211	3430	3819	4127	4438	4524	4454	4232	3996	3675	3406	3105	2813	2650	2445	
130	1474	60.0	60.0	1	1	1	2	1025	1293	2020	3107	4375	5386	6130	6259	6117	5758	5343	4932	4403	3946	3577	3325	3125	3193	3398	3788	4140	4450	4505	4472	4242	3974	3688	3392	3092	2819	2623	2470	
130	1491	60.0	60.0	1	1	1	2	1054	1318	1996	3073	4374	5389	6109	6234	6108	5756	5287	4875	4420	3950	3594	3297	3165	3185	3405	3785	4152	4448	4510	4412	4212	3991	3684	3355	3080	2812	2642	2445	
130	1556	95.3	95.0	2	1	0	2	932	1136	1413	1942	2580	3140	3564	3677	3621	3517	3366	3095	2877	2691	2508	2366	2386	2505	2719	3052	3357	3584	3619	3556	3412	3264	3064	2856	2696	2464	2291	2151	
130	1573	95.0	95.0	2	1	0	2	930	1139	1406	1925	2532	3092	3470	3582	3620	3477	3295	3086	2866	2618	2486	2346	2341	2457	2710	3053	3302	3551	3630	3552	3380	3228	3050	2821	2632	2439	2296	2128	
130	1636	59.7	60.2	2	1	1	2	1025	1305	1989	3065	4375	5396	6149	6265	6114	5789	5378	4918	4459	3969	3622	3328	3176	3202	3431	3805	4168	4431	4520	4469	4271	3984	3683	3405	3127	2850	2665	2476	
130	1653	59.9	60.0	2	1	1	2	1020	1299	2010	3107	4366	5425	6180	6285	6177	5784	5379	4907	4451	4003	3619	3316	3160	3204	3417	3822	4164	4478	4525	4413	4231	3992	3720	3388	3131	2852	2647	2453	
130	1671	60.0	60.0	2	1	1	2	1032	1295	1990	3063	4370	5389	6103	6266	6137	5803	5307	4890	4432	3962	3653	3325	3137	3212	3409	3821	4139	4456	4487	4454	4231	4013	3688	3364	3097	2850	2628	2449	
130	1688	60.0	60.0	2	1	1	2	1023	1279	1974	3083	4374	5429	6118	6240	6148	5802	5392	4926	4400	3969	3613	3316	3143	3139	3406	3782	4137	4443	4539	4432	4206	3997	3704	3394	3072	2805	2638	2480	
130	1705	60.0	60.0	2	1	1	2	1036	1296	1984	3050	4325	5365	6119	6224	6131	5749	5329	4896	4402	3965	3612	3317	3092	3204	3402	3764	4141	4400	4519	4429	4179	3942	3646	3379	3090	2854	2636	2471	
130	1722	59.9	60.0	2	1	1	2	1037	1316	1998	3085	4334	5342	6048	6211	6080	5694	5336	4873	4396	3942	3590	3291	3100	3192	3403	3739	4112	4400	4459	4357	4199	3950	3667	3364	3101	2808	2626	2459	
130	1740	59.9	60.0	2	1	1	2	1010	1301	2039	3078	4344	5317	6101	6170	6074	5706	5306	4863	4403	3946	3587	3286	3130	3182	3391	3750	4090	4435	4470	4438	4186	3932	3708	3355	3080	2839	2642	2442	
130	1802	95.4	94.9	3	1	0	2	934	1143	1428	1938	2574	3072	3550	3665	3653	3546	3300	3114	2890	2660	2489	2382	2348	2481	2731	3045	3333	3560	3618	3537	3429	3253	3042	2880	2636	2422	2308	2152	
130	1819	95.0	95.0	3	1	0	2	936	1137	1397	1941	2559	3076	3524	3629	3616	3475	3319	3068	2842	2614	2515	2374	2336	2466	2696	3052	3306	3560	3565	3538	3389	3192	3102	2828	2635	2437	2298	2153	
130	1884	59.7	60.2	3	1	1	2	1055	1307	2026	3125	4410	5399	6133	6269	6195	5813	5393	4962	4426	3988	3657	3350	3175	3216	3432	3824	4192	4471	4570	4469	4231	3989	3782	3430	3119	2881	2679	2502	
130	1901	59.9	60.0	3	1	1	2	1036	1266	2028	3091	4410	5457	6165	6297	6161	5819	5428	4914	4445	3990	3616	3316	3134	3194	3436	3838	4183	4485	4536	4467	4265	4004	3715	3406	3131	2881	2655	2451	
130	1919	60.0	60.0	3	1	1	2	1032	1311	2019	3096	4416	5408	6139	6261	6171	5849	5349	4948	4442	3962	3585	3322	3146	3213	3445	3797	4177	4488	4513	4464	4266	3996	3705	3395	3153	2842	2646	2451	
130	1936	59.9	60.0	3	1	1	2	1032	1296	2003	3099	4419	5441	6173	6289	6126	5829	5341	4893	4438	3979	3616	3343	3162	3190	3438	3767	4156	4424	4523	4493	4209	3978	3687	3397	3100	2823	2648	2454	
130	1953	60.0	60.0	3	1	1	2	1026	1300	2016	3063	4353	5371	6092	6216	6133	5815	5353	4837	4408	3992	3613	3300	3131	3175	3414	3799	4145	4409	4516	4460	4148	3967	3698	3391	3069	2827	2648	2425	
130	1970	60.0	60.0	3	1	1	2	1031	1298	2011	3057	4359	5443	6109	6194	6120	5737	5333	4870	4421	3941	3614	3310	3108	3199	3381	3788	4139	4444	4500	4398	4200	3977	3698	3344	3099	2847	2611	2444	
130	1988	60.0	60.0	3	1	1	2	1032	1291	2011	3071	4339	5350	6128	6155	6108	5728	5300	4897	4410	3952	3594	3293	3149	3166	3419	3760	4088	4423	4461	4401	4176	3965	3700	3341	3099	2828	2645	2473	
130	2050	95.3	94.9	4	1	0	2	935	1134	1409	1934	2584	3110	3545	3650	3668	3508	3345	3122	2851	2687	2486	2370	2347	2487	2722	3068	3326	3564	3617	3528	3424	3254	3060	2836	2623	2443	2296	2142	
130	2067	95.0	95.0	4	1	0	2	932	1126	1418	1942	2555	3062	3486	3620	3592	3502	3305	3083	2868	2634	2464	2340	2347	2474	2717	3056	3302	3534	3605	3535	3394	3218	3033	2815	2667	2401	2287	2143	
130	2130	59.7	60.2	4	1	1	2	1014	1302	1993	3084	4393	5392	6148	6266	6146	5817	5368	4857	4428	3971	3608	3351	3164	3196	3475	3813	4183	4478	4533	4488	4249	4008	3730	3443	3114	2870	2710	2472	
130	2148	59.9	60.0	4	1	1	2	1019	1302	2000	3095	4370	5432	6156	6233	6142	5793	5364	4889	4477	3996	3611	3329	3145	3209	3406	3778	4179	4440	4501	4437	4237	3957	3717	3394	3102	2848	2658	2446	
130	2165	59.9	60.0	4	1	1	2	1023	1318	2003	3109	4350	5412	6153	6207	6157	5773	5372	4875	4405	3971	3574	3313	3174	3190	3436	3808	4141	4430	4511	4405	4247	3948	3703	3370	3103	2837	2628	2471	
130	2182	59.9	60.0	4	1	1	2	1013	1284	1978	3082	4391	5372	6131	6261	6161	5761	5371	4904	4420	3958	3604	3308	3106	3192	3414	3773	4148	4398	4466	4436	4189	3981	3685	3395	3084	2815	2649	2436	
130	2199	59.9	60.0	4	1	1	2	1030	1279	1990	3077	4370	5380	6089	6193	6108	5725	5310	4884	4398	3937	3569	3312	3143	3158	3395	3781	4124	4413	4489	4384	4218	3955	3687	3378	3095	2838	2628	2433	
130	2217	60.0	60.0	4	1	1	2	1026	1295	1987	3062	4348	5354	6087	6199	6103	5710	5315	4859	4380	3957	3568	3307	3105	3149	3395	3792	4130	4377	4502	4422	4212	3923	3670	3322	3070	2834	2635	2457	
130	2234	59.9	60.0	4	1	1	2	1031	1308	1988	3056	4334	5382	6060	6197	6067	5701	5305	4830	4363	3920	3553	3316	3122	3187	3375	3774	4084	4388	4515	4383	4220	3938	3635	3321	3092	2787	2619	2465	
130	2296	95.2	95.0	5	1	0	2	937	1135	1397	1921	2555	3105	3526	3634	3659	3528	3288	3084	2853	2628	2484	2354	2367	2477	2697	3031	3317	3553	3564	3535	3367	3212	3039	2838	2632	2425	2302	2129	
130	2313	95.0	95.0	5	1	0	2	928	1101	1394	1931	2555	3048	3503	3591	3617	3445	3301	3088	2845	2648	2452	2350	2325	2460	2693	3043	3292	3524	3581	3546	3342	3234	3062	2824	2658	2440	2293	2156	
130	2376	59.7	60.2	5	1	1	2	1028	1292	1984	3076	4376	5402	6131	6264	6139	5820	5338	4868	4398	3958	3616	3326	3142	3188	3387	3793	4165	4461	4519	4428	4219	4000	3701	3404	3122	2856	2648	2468	
130	2394	59.9	60.0	5	1	1	2	1042	1289	1995	3084	4375	5402	6133	6233	6121	5726	5333	4886	4403	3940	3584	3327	3139	3153	3433	3782	4125	4395	4526	4408	4217	3975	3694	3342	3116	2813	2594	2416	
130	2411	60.0	60.0	5	1	1	2	999	1285	2003	3096	4333	5423	6073	6217	6091	5727	5337	4856	4415	3959	3585	3312	3104	3192	3416	3795	4163	4409	4471	4384	4192	3965	3674	3361	3103	2811	2623	2424	
130	2428	59.9	60.0	5	1	1	2	1022	1273	1997	3037	4353	5335	6023	6172	6050	5705	5306	4826	4379	3930	3566	3276	3104	3147	3416	3755	4062	4392	4474	4363	4190	3926	3649	3362	3079	2804	2595	2445	
130	2445	59.9	60.0	5	1	1	2	1043	1300	2013	3070	4300	5324	6046	6176	6079	5690	5300	4878	4370	3926	3558	3263	3087	3174	3360	3755	4110	4336	4475	4422	4194	3910	3694	3364	3097	2825	2635	2440	
130	2463	60.0	60.0	5	1	1	2	1028	1297	2015	3048	4373	5348	6051	6186	6065	5660	5270	4826	4347	3921	3604	3275	3085	3149	3390	3764	4090	4385	4473	4385	4196	3930	3667	3332	3081	2818	2625	2408	
130	2480	60.0	60.0	5	1	1	2	1007	1309	1970	3040	4320	5340	6011	6165	6033	5710	5246	4829	4350	3905	3581	3261	3095	3142	3373	3731	4079	4388	4485	4384	4165	3926	3622	3320	3096	2792	2634	2431	
130	2542	95.4	94.9	6	1	0	2	932	1109	1394	1926	2555	3107	3492	3605	3646	3491	3298	3093	2881	2626	2461	2358	2311	2473	2663	3019	3288	3505	3605	3542	3372	3212	3007	2820	2614	2433	2274	2142	
130	2560	95.0	95.0	6	1	0	2	947	1120	1389	1899	2548	3027	3460	3602	3562	3433	3268	3040	2845	2607	2450	2340	2313	2430	2684	3015	3281	3496	3528	3489	3375	3195	3005	2795	2604	2444	2263	2128	
130	2622	59.7	60.2	6	1	1	2	1070	1314	2004	3070	4374	5413	6140	6255	6116	5764	5366	4896	4451	3968	3579	3324	3093	3193	3412	3807	4176	4459	4557	4413	4249	3967	3680	3398	3139	2819	2660	2471	
130	2640	59.9	60.0	6	1	1	2	1031	1276	2021	3096	4371	5377	6108	6188	6119	5719	5314	4881	4416	3963	3572	3322	3190	3182	3403	3804	4130	4404	4489	4416	4220	3934	3668	3358	3088	2856	2616	2460	
130	2657	59.9	60.0	6	1	1	2	1026	1281	1988	3063	4334	5323	6141	6138	6048	5707	5252	4850	4398	3935	3590	3279	3128	3162	3388	3778	4068	4412	4421	4399	4181	3935	3666	3369	3067	2828	2620	2433	
130	2674	59.9	60.0	6	1	1	2	1027	1290	1999	3054	4335	5313	6038	6206	6069	5666	5292	4852	4361	3925	3569	3277	3114	3172	3405	3776	4096	4385	4433	4410	4135	3949	3667	3355	3072	2811	2634	2434	
130	2691	60.0	60.0	6	1	1	2	1012	1292	2003	3020	4335	5328	5997	6158	6024	5655	5269	4803	4367	3920	3564	3251	3135	3141	3369	3718	4085	4402	4472	4357	4135	3898	3664	3339	3050	2813	2613	2416	
130	2709	60.0	60.0	6	1	1	2	1024	1284	1966	3051	4305	5264	5999	6121	6001	5651	5240	4830	4352	3927	3556	3268	3067	3129	3327	3739	4044	4344	4494	4364	4142	3934	3627	3304	3032	2784	2597	2442	
130	2726	60.0	60.0	6	1	1	2	1027	1281	1964	3053	4311	5300	6028	6068	6064	5656	5219	4826	4351	3901	3554	3255	3094	3143	3344	3724	4068	4360	4441	4367	4124	3888	3659	3317	3067	2781	2629	2413	
130	2790	95.3	95.0	7	1	0	2	960	1109	1387	1932	2489	3083	3477	3581	3582	3477	3262	3080	2852	2635	2443	2338	2321	2466	2682	3040	3283	3543	3566	3523	3382	3193	3012	2808	2590	2394	2286	2126	
130	2808	95.0	95.0	7	1	0	2	937	1119	1391	1906	2532	3020	3466	3560	3535	3450	3237	3090	2807	2571	2451	2312	2306	2441	2675	2972	3265	3493	3536	3487	3335	3178	3003	2769	2592	2392	2265	2140	
130	2871	59.8	60.1	7	1	1	2	1024	1296	2023	3096	4354	5377	6133	6208	6120	5720	5338	4858	4420	3941	3603	3262	3107	3212	3400	3760	4137	4388	4488	4426	4216	3941	3678	3388	3061	2830	2649	2445	
130	2888	59.9	60.0	7	1	1	2	1025	1292	2011	3039	4289	5366	6085	6203	6065	5767	5331	4850	4422	3909	3567	3282	3118	3150	3374	3790	4131	4420	4500	4393	4165	3916	3677	3358	3089	2790	2622	2447	
130	2905	60.0	60.0	7	1	1	2	1022	1309	1992	3044	4301	5317	6017	6125	6032	5676	5276	4828	4342	3947	3540	3269	3111	3149	3382	3729	4098	4372	4452	4336	4165	3922	3643	3337	3017	2796	2611	2412	
130	2922	59.9	60.0	7	1	1	2	1037	1288	1961	3036	4263	5323	5994	6106	6045	5661	5224	4769	4323	3907	3508	3259	3052	3128	3363	3708	4051	4328	4400	4299	4139	3884	3639	3336	3039	2799	2569	2403	
130	2940	60.0	60.0	7	1	1	2	1014	1280	1975	3060	4306	5321	6006	6122	6028	5672	5227	4760	4350	3904	3534	3272	3071	3114	3330	3727	4063	4350	4443	4314	4158	3877	3625	3298	3055	2780	2600	2409	
130	2957	59.9	60.0	7	1	1	2	1022	1274	1979	3021	4275	5257	5987	6109	5974	5619	5204	4751	4342	3882	3508	3219	3099	3137	3371	3721	4070	4364	4419	4352	4108	3894	3616	3291	3048	2788	2609	2384	
130	2974	60.0	60.0	7	1	1	2	1006	1291	1975	3037	4272	5240	5986	6054	5976	5660	5228	4792	4295	3846	3509	3238	3075	3123	3314	3737	4068	4343	4386	4343	4113	3884	3616	3306	3045	2765	2594	2415	
130	3039	95.1	95.1	8	1	0	2	926	1117	1385	1884	2495	3046	3452	3572	3564	3440	3260	3057	2834	2607	2424	2313	2299	2438	2660	3014	3233	3489	3550	3470	3331	3166	2962	2754	2568	2389	2265	2120	
130	3056	95.0	95.0	8	1	0	2	930	1097	1408	1887	2522	3010	3403	3545	3556	3389	3223	3006	2798	2554	2423	2311	2290	2424	2632	2968	3224	3457	3528	3490	3341	3118	2959	2757	2561	2379	2248	2094	
130	3119	59.8	60.1	8	1	1	2	998	1295	1947	3041	4295	5313	6018	6116	6078	5685	5289	4830	4361	3906	3555	3264	3127	3141	3368	3763	4093	4402	4471	4360	4153	3942	3658	3345	3077	2805	2611	2419	
130	3136	59.9	60.0	8	1	1	2	1030	1290	1975	3056	4317	5291	6018	6090	5998	5656	5218	4825	4329	3925	3544	3230	3084	3113	3378	3728	4072	4356	4436	4336	4100	3928	3611	3331	3051	2770	2575	2405	
130	3153	60.0	60.0	8	1	1	2	1030	1292	1985	3011	4266	5330	5997	6095	5954	5607	5268	4731	4295	3872	3516	3249	3074	3125	3332	3733	4067	4336	4424	4319	4075	3904	3632	3332	3047	2769	2601	2426	
130	3170	60.0	60.0	8	1	1	2	1022	1285	1983	2968	4227	5253	5974	6102	5979	5647	5188	4798	4284	3867	3503	3235	3038	3120	3335	3710	4037	4318	4385	4319	4094	3867	3609	3309	3048	2762	2586	2396	
130	3188	60.0	60.0	8	1	1	2	1028	1276	1963	3021	4266	5255	5950	6041	5936	5601	5217	4760	4262	3869	3476	3209	3065	3124	3336	3685	4016	4307	4413	4305	4091	3862	3578	3282	2980	2742	2589	2392	
130	3205	59.9	60.0	8	1	1	2	1023	1282	1975	3001	4255	5245	5976	6031	5916	5594	5146	4742	4265	3821	3508	3213	3036	3102	3313	3716	4008	4279	4384	4309	4088	3849	3612	3295	3019	2762	2573	2396	
130	3222	60.0	60.0	8	1	1	2	1003	1271	1945	3007	4236	5202	5900	6046	5916	5565	5167	4724	4261	3844	3516	3212	3057	3107	3286	3720	4011	4275	4383	4270	4096	3861	3619	3252	3027	2757	2596	2376	
130	3285	95.2	95.0	9	1	0	2	932	1119	1378	1878	2502	3013	3479	3503	3563	3404	3229	3008	2820	2573	2419	2316	2314	2405	2684	2947	3237	3513	3532	3477	3321	3164	2987	2768	2593	2398	2253	2101	
130	3302	95.0	95.0	9	1	0	2	925	1106	1390	1878	2494	3028	3402	3547	3521	3394	3200	3001	2773	2576	2431	2322	2274	2383	2636	2925	3226	3424	3480	3439	3327	3153	2966	2754	2572	2380	2232	2107	
130	3365	59.7	60.2	9	1	1	2	1011	1289	1970	3055	4307	5303	6039	6173	6033	5683	5259	4824	4400	3924	3574	3285	3076	3139	3365	3747	4117	4361	4455	4410	4170	3906	3673	3336	3043	2807	2624	2426	
130	3382	60.0	60.0	9	1	1	2	1025	1308	1976	3024	4275	5304	6017	6121	5979	5657	5228	4782	4316	3871	3520	3234	3111	3138	3333	3734	4019	4324	4434	4338	4135	3923	3639	3294	3067	2778	2574	2427	
130	3399	59.9	60.0	9	1	1	2	1084	1301	1954	3060	4274	5228	5953	6086	5986	5625	5214	4792	4335	3863	3564	3226	3082	3129	3363	3746	4051	4311	4431	4351	4108	3887	3601	3325	3059	2763	2599	2425	
130	3416	59.9	60.0	9	1	1	2	1033	1283	1973	3017	4241	5276	5945	6012	5970	5585	5157	4787	4279	3866	3523	3225	3061	3084	3265	3675	4005	4342	4394	4295	4105	3896	3622	3287	3030	2777	2596	2379	
130	3434	59.9	60.0	9	1	1	2	1007	1290	1979	3005	4235	5254	5941	6060	5932	5573	5150	4730	4248	3832	3492	3223	3086	3094	3306	3677	4046	4316	4326	4264	4096	3886	3622	3299	3018	2754	2569	2387	
130	3451	60.0	60.0	9	1	1	2	1023	1294	1976	3021	4241	5214	5900	6005	5959	5566	5181	4725	4288	3864	3466	3227	3069	3096	3302	3690	4024	4323	4392	4344	4090	3844	3567	3274	3037	2746	2574	2396	
130	3468	60.0	60.0	9	1	1	2	1024	1278	1968	3013	4210	5192	5893	5993	5886	5591	5140	4761	4254	3845	3487	3210	3061	3083	3322	3643	3988	4279	4357	4301	4033	3817	3600	3286	3024	2750	2566	2388	
130	3531	95.3	95.0	10	1	0	2	923	1124	1392	1906	2508	3032	3415	3570	3583	3424	3213	3025	2787	2589	2430	2305	2288	2403	2649	3001	3247	3465	3474	3465	3341	3162	2969	2753	2584	2374	2246	2078	
130	3548	95.0	95.0	10	1	0	2	930	1098	1380	1882	2457	3003	3372	3503	3492	3412	3241	3006	2809	2559	2410	2297	2282	2403	2614	2952	3196	3435	3496	3430	3319	3116	2940	2736	2563	2362	2218	2094	
130	3611	59.7	60.3	10	1	1	2	1000	1297	1962	3016	4273	5258	6001	6100	5986	5615	5197	4771	4335	3926	3543	3254	3065	3142	3356	3711	4047	4330	4436	4367	4147	3906	3596	3276	3048	2781	2597	2417	
130	3628	59.9	60.0	10	1	1	2	1004	1273	1964	3031	4282	5282	5927	6047	5961	5610	5177	4746	4306	3827	3513	3228	3053	3112	3333	3695	4056	4284	4374	4328	4100	3873	3569	3281	3023	2764	2586	2392	
130	3645	60.0	60.0	10	1	1	2	1015	1269	1968	2994	4209	5239	5910	5977	5889	5563	5150	4704	4305	3825	3484	3219	3049	3102	3304	3680	4002	4301	4352	4302	4091	3844	3606	3293	3007	2761	2572	2403	
130	3663	59.9	60.0	10	1	1	2	1000	1275	1953	3018	4265	5202	5870	6007	5879	5535	5148	4713	4277	3840	3472	3180	3027	3088	3315	3666	4003	4284	4372	4282	4056	3841	3585	3287	2990	2748	2570	2380	
130	3680	60.0	60.0	10	1	1	2	1020	1271	1952	3002	4216	5193	5880	6017	5912	5537	5122	4709	4236	3836	3436	3203	3032	3098	3292	3652	4031	4266	4379	4294	4075	3868	3566	3250	2993	2736	2594	2358	
130	3697	60.0	60.0	10	1	1	2	1047	1287	1963	2972	4231	5164	5820	5976	5870	5485	5121	4676	4239	3785	3470	3178	3015	3107	3317	3641	3985	4285	4365	4269	4058	3809	3562	3264	2989	2748	2579	2360	
130	3714	59.9	60.0	10	1	1	2	1017	1272	1968	2954	4184	5163	5871	5936	5830	5513	5078	4680	4246	3825	3434	3196	3013	3073	3283	3647	3983	4265	4300	4252	4024	3802	3563	3270	3015	2713	2544	2381	
130	3777	95.1	95.0	11	1	0	2	932	1120	1381	1889	2511	3008	3415	3528	3520	3401	3182	3033	2786	2567	2435	2313	2273	2390	2669	2959	3214	3394	3475	3429	3320	3107	2949	2744	2552	2387	2222	2069	
130	3794	95.0	95.0	11	1	0	2	929	1097	1394	1846	2497	2981	3404	3460	3487	3371	3190	2992	2758	2546	2387	2284	2270	2409	2608	2944	3179	3409	3465	3439	3291	3078	2917	2715	2549	2364	2223	2056	
130	3857	59.7	60.3	11	1	1	2	1026	1274	1959	2981	4231	5264	5919	5998	5935	5578	5178	4743	4277	3842	3525	3239	3056	3122	3341	3677	3997	4309	4401	4265	4106	3867	3611	3277	3026	2767	2587	2400	
130	3874	60.0	60.0	11	1	1	2	1030	1311	1958	3006	4243	5152	5911	5979	5913	5560	5166	4708	4260	3800	3505	3201	3041	3072	3317	3692	3995	4310	4380	4273	4081	3844	3591	3269	2980	2761	2566	2376	
130	3891	59.9	60.0	11	1	1	2	1045	1278	1966	2967	4260	5178	5856	5959	5884	5534	5158	4729	4256	3816	3497	3178	3033	3105	3282	3670	4018	4260	4336	4260	4077	3818	3566	3270	2999	2718	2565	2351	
130	3909	60.0	60.0	11	1	1	2	1021	1279	1981	2976	4209	5146	5853	5974	5854	5533	5088	4673	4236	3812	3427	3165	2992	3103	3320	3672	3992	4288	4318	4278	4075	3800	3563	3243	2982	2735	2554	2371	
130	3926	60.0	60.0	11	1	1	2	1010	1273	1937	2950	4196	5182	5864	5973	5857	5546	5118	4661	4225	3781	3456	3181	3008	3073	3280	3644	3971	4230	4296	4246	4043	3812	3562	3240	2986	2733	2520	2343	
130	3943	60.0	60.0	11	1	1	2	1001	1263	1957	2983	4180	5118	5930	5970	5877	5498	5133	4677	4232	3785	3448	3173	3005	3054	3311	3664	3978	4261	4292	4272	4070	3842	3556	3229	2971	2695	2561	2373	
130	3960	60.0	60.0	11	1	1	2	1018	1270	1967	2980	4190	5142	5850	5960	5810	5470	5098	4668	4217	3805	3456	3146	3018	3080	3292	3644	3938	4238	4280	4223	4003	3835	3561	3264	2973	2703	2531	2371	
130	4025	95.3	95.0	12	1	0	2	924	1107	1376	1869	2464	2992	3407	3494	3452	3389	3199	3003	2777	2545	2392	2302	2269	2414	2625	2938	3202	3403	3449	3401	3283	3108	2966	2723	2529	2336	2212	2104	
130	4042	95.0	95.0	12	1	0	2	942	1087	1367	1875	2452	3002	3380	3456	3447	3332	3170	2958	2779	2559	2389	2288	2271	2382	2601	2900	3183	3403	3468	3370	3250	3105	2911	2703	2533	2374	2224	2073	
130	4105	59.8	60.2	12	1	1	2	1023	1268	1927	2981	4200	5250	5921	6058	5937	5591	5200	4714	4299	3849	3509	3231	3046	3097	3329	3718	4049	4303	4392	4327	4118	3866	3599	3268	3034	2753	2590	2415	
130	4122	59.9	60.0	12	1	1	2	1014	1275	1965	2958	4200	5126	5874	6015	5860	5552	5168	4700	4274	3811	3472	3216	3026	3081	3282	3709	4029	4286	4346	4281	4048	3813	3572	3315	2976	2734	2533	2343	
130	4139	59.9	60.0	12	1	1	2	1015	1284	1927	2976	4186	5214	5854	5984	5887	5518	5117	4639	4279	3815	3494	3165	3034	3066	3299	3638	3989	4275	4351	4252	4121	3802	3554	3257	2957	2702	2548	2375	
130	4157	60.0	60.0	12	1	1	2	1017	1284	1933	2993	4192	5129	5813	6005	5871	5537	5104	4674	4257	3798	3450	3166	2998	3072	3301	3605	3965	4228	4329	4229	4040	3757	3564	3208	2976	2736	2561	2355	
130	4174	60.0	60.0	12	1	1	2	1010	1257	1949	2953	4203	5187	5875	5940	5878	5484	5068	4677	4258	3807	3462	3167	3051	3053	3271	3635	3966	4248	4339	4254	4040	3822	3517	3210	2977	2736	2550	2350	
130	4191	60.0	60.0	12	1	1	2	1020	1278	1960	2917	4160	5150	5840	5880	5821	5479	5064	4678	4224	3803	3460	3154	3020	3043	3243	3643	3976	4245	4357	4214	4036	3803	3538	3292	2972	2736	2551	2376	
130	4208	60.0	60.0	12	1	1	2	1015	1271	1967	2973	4144	5136	5840	5946	5847	5440	5036	4656	4220	3804	3449	3176	3005	3047	3285	3612	3990	4222	4316	4218	4026	3815	3528	3255	2938	2735	2575	2373	
130	4271	95.2	95.0	13	1	0	2	934	1107	1381	1894	2484	2984	3421	3500	3470	3391	3185	3008	2762	2584	2399	2296	2291	2394	2621	2923	3206	3386	3447	3452	3276	3107	2947	2706	2552	2357	2230	2075	
130	4288	95.0	95.0	13	1	0	2	934	1077	1365	1878	2439	2968	3357	3487	3440	3352	3165	2953	2732	2556	2386	2272	2255	2348	2610	2920	3185	3357	3458	3386	3242	3069	2908	2724	2552	2347	2226	2077	
130	4351	59.7	60.2	13	1	1	2	1005	1268	1954	3002	4212	5218	5957	6026	5954	5564	5160	4733	4265	3837	3477	3228	3050	3125	3291	3698	4025	4279	4362	4361	4125	3851	3560	3286	3019	2751	2558	2384	
130	4368	59.9	60.0	13	1	1	2	1015	1292	1939	2974	4176	5173	5899	5967	5854	5508	5084	4673	4241	3795	3461	3181	3024	3105	3277	3652	3947	4254	4342	4232	4055	3801	3534	3245	2973	2720	2551	2351	
130	4386	59.9	60.0	13	1	1	2	1011	1267	1936	2946	4173	5165	5859	5977	5826	5485	5085	4724	4223	3813	3424	3205	3042	3056	3246	3628	3941	4202	4325	4200	4045	3793	3543	3264	2956	2712	2539	2362	
130	4403	60.0	60.0	13	1	1	2	1014	1266	1948	2943	4183	5173	5857	5933	5845	5494	5061	4641	4193	3810	3424	3170	3004	3088	3239	3617	3931	4276	4304	4200	4017	3803	3532	3241	2949	2723	2538	2371	
130	4420	60.0	60.0	13	1	1	2	1010	1267	1945	2949	4159	5095	5822	5946	5857	5447	5074	4651	4209	3774	3428	3161	3004	3053	3284	3625	3927	4226	4305	4233	4026	3801	3547	3220	2979	2712	2554	2355	
130	4437	59.9	60.0	13	1	1	2	1012	1265	1928	2967	4149	5156	5808	5930	5806	5473	5080	4656	4229	3767	3458	3125	2998	3040	3264	3623	3954	4226	4312	4242	4062	3790	3533	3238	2988	2741	2537	2371	
130	4455	60.0	60.0	13	1	1	2	1026	1272	1933	2981	4174	5158	5855	5953	5796	5410	5063	4635	4228	3781	3436	3167	3036	3088	3279	3591	3910	4208	4293	4193	4035	3817	3519	3200	2974	2723	2568	2367	
130	4517	95.3	95.0	14	1	0	2	924	1093	1364	1875	2492	2984	3365	3498	3503	3372	3202	2964	2740	2549	2360	2270	2236	2392	2614	2920	3165	3398	3471	3393	3256	3086	2902	2715	2539	2357	2196	2050	
130	4534	95.0	95.0	14	1	0	2	921	1078	1378	1825	2455	2944	3340	3479	3482	3311	3164	2972	2754	2532	2364	2273	2259	2388	2614	2918	3133	3343	3435	3370	3218	3077	2880	2728	2550	2321	2185	2071	
130	4597	59.7	60.2	14	1	1	2	1017	1261	1950	2959	4192	5204	5898	5987	5912	5472	5148	4731	4267	3858	3454	3252	3045	3086	3293	3662	4043	4261	4385	4269	4085	3854	3604	3293	2999	2751	2587	2378	
130	4614	59.9	60.0	14	1	1	2	1012	1265	1940	2958	4172	5127	5827	5944	5846	5480	5085	4640	4223	3784	3442	3144	3006	3047	3287	3642	3965	4207	4329	4203	4008	3793	3551	3238	2988	2692	2575	2366	
130	4632	60.0	60.0	14	1	1	2	1014	1288	1939	2939	4128	5093	5814	5913	5792	5481	5087	4624	4228	3796	3471	3152	3001	3031	3259	3633	3939	4212	4290	4192	4017	3773	3515	3218	2970	2698	2546	2349	
130	4649	60.0	60.0	14	1	1	2	1021	1271	1920	2943	4148	5190	5791	5886	5825	5452	5054	4598	4234	3780	3464	3163	2997	3037	3234	3635	3942	4222	4289	4223	4018	3776	3522	3227	2954	2697	2554	2360	
130	4666	59.9	60.0	14	1	1	2	1010	1278	1943	2945	4125	5113	5816	5928	5781	5484	5059	4633	4193	3761	3431	3133	3009	3032	3235	3620	3898	4194	4306	4223	4022	3783	3486	3217	2949	2693	2539	2337	
130	4683	60.0	60.0	14	1	1	2	1011	1277	1928	2929	4124	5114	5775	5884	5820	5426	5075	4603	4186	3744	3426	3150	2961	3015	3229	3553	3937	4193	4292	4233	4002	3766	3527	3207	2969	2708	2543	2365	
130	4701	59.9	60.0	14	1	1	2	1019	1254	1914	2921	4149	5040	5764	5898	5758	5422	5011	4620	4187	3784	3438	3155	2975	3009	3253	3567	3912	4189	4251	4205	4006	3758	3531	3219	2939	2716	2505	2339	
130	4763	95.2	95.0	15	1	0	2	934	1084	1374	1852	2476	2972	3388	3496	3479	3380	3174	2981	2753	2560	2381	2269	2277	2366	2609	2908	3168	3415	3442	3410	3273	3116	2922	2701	2545	2310	2185	2091	
130	4780	95.0	95.0	15	1	0	2	941	1086	1382	1862	2441	2932	3348	3454	3458	3313	3149	2940	2755	2537	2387	2255	2249	2358	2568	2905	3165	3373	3414	3379	3237	3070	2906	2720	2513	2320	2200	2070	
130	4843	59.7	60.2	15	1	1	2	1042	1284	1935	2984	4176	5164	5925	6020	5945	5558	5145	4740	4238	3812	3509	3189	3037	3080	3323	3658	3970	4277	4354	4266	4085	3843	3589	3278	2990	2772	2556	2387	
130	4861	60.0	60.0	15	1	1	2	1018	1263	1953	2959	4143	5144	5793	5903	5794	5450	5036	4658	4199	3795	3437	3161	2991	3044	3226	3608	3944	4195	4314	4248	3990	3788	3548	3218	2966	2727	2536	2371	
130	4878	59.9	60.0	15	1	1	2	1028	1264	1959	2935	4123	5094	5838	5893	5814	5474	5093	4664	4217	3758	3460	3147	3020	3044	3244	3666	3963	4241	4252	4178	4011	3770	3531	3241	2960	2723	2536	2338	
130	4895	60.0	60.0	15	1	1	2	1023	1253	1922	2956	4139	5108	5799	5901	5804	5457	5083	4625	4156	3741	3404	3160	3003	3025	3241	3622	3898	4208	4267	4248	4003	3756	3517	3227	2953	2715	2558	2323	
130	4912	59.9	60.0	15	1	1	2	1004	1275	1915	2958	4103	5089	5773	5849	5761	5460	5047	4619	4160	3752	3430	3141	3012	3022	3200	3581	3938	4185	4275	4172	3972	3794	3504	3204	2968	2715	2490	2336	
130	4930	60.0	60.0	15	1	1	2	1012	1268	1943	2943	4149	5082	5760	5866	5788	5429	5049	4599	4210	3752	3403	3111	3004	3048	3252	3616	3928	4200	4281	4167	4005	3741	3521	3205	2942	2708	2538	2372	
130	4947	60.0	60.0	15	1	1	2	1014	1269	1926	2944	4145	5088	5773	5867	5772	5445	5010	4627	4148	3749	3413	3150	2984	3024	3231	3617	3911	4214	4291	4187	3987	3768	3524	3222	2906	2723	2549	2366	
130	5009	95.2	95.0	16	1	0	2	919	1070	1388	1883	2443	2991	3388	3510	3504	3340	3232	2970	2777	2541	2383	2275	2265	2384	2624	2910	3174	3402	3451	3375	3263	3101	2929	2728	2519	2336	2178	2064	
130	5027	95.0	95.0	16	1	0	2	931	1086	1349	1851	2432	2954	3338	3469	3448	3329	3147	2946	2764	2516	2387	2290	2258	2358	2602	2868	3180	3354	3437	3387	3250	3064	2892	2679	2526	2313	2193	2055	
130	5089	59.7	60.2	16	1	1	2	1000	1273	1920	2942	4196	5174	5849	5983	5877	5564	5133	4711	4240	3849	3479	3196	3017	3116	3279	3635	4029	4295	4362	4277	4079	3821	3555	3252	3015	2722	2583	2384	
130	5107	59.9	60.0	16	1	1	2	1030	1276	1936	2916	4154	5087	5788	5917	5786	5481	5015	4662	4184	3765	3439	3150	3003	3013	3256	3576	3940	4249	4267	4242	4009	3763	3476	3203	2957	2729	2552	2325	
130	5124	60.0	60.0	16	1	1	2	993	1284	1941	2938	4128	5103	5785	5910	5765	5460	5010	4632	4202	3783	3410	3191	2965	3054	3236	3603	3913	4195	4289	4213	4039	3772	3507	3208	2960	2692	2548	2359	
130	5141	60.0	60.0	16	1	1	2	1023	1267	1936	2940	4145	5091	5747	5846	5750	5441	5023	4613	4179	3756	3433	3152	2988	3041	3253	3634	3936	4183	4254	4216	4005	3751	3522	3223	2950	2681	2498	2334	
130	5158	60.0	60.0	16	1	1	2	1004	1273	1925	2936	4119	5096	5706	5897	5787	5454	5048	4612	4196	3740	3410	3116	2979	3016	3220	3617	3948	4216	4282	4188	4012	3748	3504	3215	2913	2690	2527	2356	
130	5176	59.9	60.0	16	1	1	2	1011	1279	1920	2927	4104	5072	5768	5859	5815	5387	5038	4598	4198	3778	3412	3139	2995	3018	3230	3570	3921	4163	4224	4163	3941	3767	3515	3198	2938	2693	2498	2347	
130	5193	59.9	60.0	16	1	1	2	1015	1249	1926	2926	4138	5087	5783	5843	5712	5389	4990	4593	4176	3731	3396	3139	2984	3038	3256	3573	3909	4171	4244	4176	3987	3762	3527	3184	2934	2675	2537	2325	
130	5255	95.4	94.9	17	1	0	2	916	1068	1385	1838	2450	2987	3355	3483	3467	3328	3173	2965	2750	2495	2372	2285	2239	2374	2591	2913	3154	3368	3436	3373	3227	3127	2890	2701	2502	2334	2228	2078	
130	5273	95.0	95.0	17	1	0	2	909	1075	1379	1860	2444	2959	3332	3423	3434	3334	3133	2926	2699	2522	2353	2266	2218	2356	2608	2859	3164	3340	3423	3372	3226	3066	2872	2673	2508	2320	2203	2041	
130	5336	59.8	60.1	17	1	1	2	1012	1279	1931	2964	4185	5148	5791	5950	5806	5512	5107	4669	4235	3780	3433	3179	3007	3079	3265	3635	3966	4248	4368	4269	4070	3804	3525	3266	2980	2717	2536	2361	
130	5353	59.9	60.0	17	1	1	2	1016	1258	1924	2926	4116	5038	5737	5832	5754	5459	5018	4648	4185	3766	3427	3119	2992	3027	3240	3602	3958	4213	4295	4160	4017	3754	3489	3208	2939	2685	2545	2359	
130	5370	60.0	60.0	17	1	1	2	1020	1287	1930	2926	4143	5148	5785	5876	5775	5407	5034	4586	4170	3746	3381	3123	2948	3008	3256	3610	3905	4179	4264	4168	3985	3754	3537	3218	2953	2720	2533	2359	
130	5387	60.0	60.0	17	1	1	2	1029	1269	1944	2909	4140	5082	5774	5844	5729	5408	4984	4585	4118	3724	3377	3112	2983	3002	3203	3589	3904	4194	4296	4199	3987	3759	3491	3225	2932	2702	2520	2303	
130	5405	60.0	60.0	17	1	1	2	1009	1268	1916	2939	4140	5110	5725	5845	5762	5347	4986	4591	4157	3721	3390	3129	2984	2989	3245	3577	3932	4171	4284	4178	3930	3734	3523	3222	2940	2720	2515	2335	
130	5422	60.0	60.0	17	1	1	2	1008	1267	1932	2910	4108	5025	5708	5847	5676	5414	4996	4569	4201	3714	3411	3103	2982	2997	3208	3601	3904	4162	4239	4175	3989	3737	3493	3207	2916	2653	2508	2335	
130	5439	59.9	60.0	17	1	1	2	1012	1269	1942	2913	4130	5055	5740	5855	5710	5362	4962	4559	4140	3699	3404	3062	2985	2999	3213	3570	3889	4156	4236	4187	3944	3747	3502	3227	2964	2656	2474	2336	
130	5502	95.1	95.0	18	1	0	2	922	1081	1355	1872	2492	2951	3373	3497	3495	3344	3185	2961	2743	2569	2355	2292	2246	2376	2625	2921	3147	3365	3393	3376	3218	3077	2924	2684	2546	2316	2161	2072	
130	5519	95.0	95.0	18	1	0	2	928	1082	1391	1860	2448	2922	3353	3433	3439	3325	3145	2914	2709	2506	2334	2255	2242	2376	2589	2844	3166	3335	3380	3375	3212	3041	2873	2695	2500	2313	2194	2056	
130	5582	59.8	60.1	18	1	1	2	1016	1280	1926	2928	4180	5111	5807	5872	5829	5454	5081	4666	4189	3764	3474	3166	3038	3045	3240	3618	3935	4212	4323	4245	4028	3760	3548	3241	2994	2718	2545	2378	
130	5599	59.9	60.0	18	1	1	2	1027	1268	1970	2926	4122	5072	5742	5830	5786	5417	5062	4576	4158	3731	3410	3151	2974	3033	3237	3560	3916	4215	4252	4204	3981	3745	3514	3185	2958	2689	2519	2313	
130	5616	60.0	60.0	18	1	1	2	998	1256	1924	2926	4107	5108	5768	5884	5802	5382	5054	4580	4168	3734	3389	3104	2965	3037	3213	3583	3922	4199	4241	4188	3998	3774	3523	3194	2951	2719	2526	2341	
130	5633	60.0	60.0	18	1	1	2	1012	1247	1927	2933	4100	5111	5795	5810	5743	5432	5015	4607	4132	3726	3406	3111	2961	2993	3224	3580	3888	4189	4239	4201	3962	3733	3516	3185	2939	2714	2507	2346	
130	5651	60.0	60.0	18	1	1	2	1025	1257	1903	2928	4116	5026	5753	5789	5752	5420	4990	4616	4176	3737	3420	3138	2963	3001	3239	3569	3935	4188	4245	4153	3994	3760	3473	3210	2982	2696	2514	2335	
130	5668	60.0	60.0	18	1	1	2	1008	1273	1916	2928	4118	5069	5740	5825	5701	5396	5021	4561	4122	3749	3379	3111	2933	2989	3219	3578	3903	4142	4266	4139	3937	3748	3477	3174	2984	2691	2540	2346	
130	5685	60.0	60.0	18	1	1	2	1025	1269	1939	2897	4097	5049	5703	5844	5755	5355	4988	4568	4156	3775	3387	3089	2960	2961	3207	3597	3867	4132	4249	4187	3952	3778	3488	3201	2932	2700	2514	2341	
130	5748	95.2	95.0	19	1	0	2	915	1083	1377	1863	2445	2967	3339	3448	3492	3317	3147	2966	2753	2534	2393	2296	2262	2385	2596	2881	3169	3381	3424	3361	3224	3064	2892	2698	2535	2342	2164	2061	
130	5765	95.0	95.0	19	1	0	2	925	1076	1380	1820	2432	2963	3335	3437	3436	3321	3137	2936	2716	2506	2325	2278	2237	2337	2566	2868	3153	3371	3423	3365	3220	3067	2909	2680	2525	2303	2183	2042	
130	5828	59.7	60.2	19	1	1	2	1021	1280	1910	2960	4154	5098	5754	5887	5804	5398	5007	4646	4178	3743	3421	3129	2974	3007	3269	3593	3927	4229	4271	4194	4016	3756	3507	3214	2945	2695	2532	2353	
130	5845	59.9	60.0	19	1	1	2	1006	1268	1956	2944	4100	5078	5742	5876	5737	5440	5028	4587	4174	3706	3421	3128	2973	3026	3243	3596	3863	4140	4243	4186	3942	3710	3474	3227	2940	2675	2531	2286	
130	5862	60.0	60.0	19	1	1	2	1002	1262	1912	2912	4107	5091	5748	5776	5753	5407	5014	4576	4112	3735	3396	3114	2948	3012	3247	3583	3879	4197	4255	4182	3992	3726	3498	3149	2970	2675	2509	2323	
130	5879	59.9	60.0	19	1	1	2	1014	1267	1910	2920	4119	5051	5756	5849	5719	5405	4990	4589	4140	3754	3373	3105	2969	2989	3256	3564	3904	4162	4229	4145	3964	3767	3468	3203	2944	2721	2502	2335	
130	5897	60.0	60.0	19	1	1	2	1010	1274	1931	2916	4112	4995	5697	5805	5686	5384	5001	4565	4125	3717	3388	3116	2953	3023	3181	3564	3866	4181	4259	4147	3973	3720	3484	3201	2916	2652	2526	2338	
130	5914	60.0	60.0	19	1	1	2	1008	1259	1936	2924	4117	4990	5770	5822	5673	5377	4963	4569	4156	3694	3365	3121	2962	2984	3218	3604	3884	4172	4254	4197	3975	3730	3492	3180	2938	2683	2487	2268	
130	5931	60.0	60.0	19	1	1	2	1005	1243	1927	2921	4078	5040	5681	5807	5765	5363	5003	4567	4141	3715	3377	3122	2950	3003	3216	3580	3896	4153	4212	4163	3990	3732	3477	3200	2944	2696	2445	2349	
130	5994	95.2	95.0	20	1	0	2	920	1090	1362	1863	2443	2980	3348	3471	3469	3359	3145	2957	2748	2533	2380	2284	2274	2315	2600	2951	3156	3355	3417	3389	3220	3073	2903	2698	2511	2311	2201	2063	
130	6011	95.0	95.0	20	1	0	2	920	1066	1368	1830	2411	2955	3305	3439	3442	3299	3104	2963	2728	2495	2371	2253	2247	2358	2585	2850	3122	3317	3420	3326	3196	3050	2887	2665	2472	2311	2190	2058	
130	6074	59.7	60.2	20	1	1	2	1011	1260	1944	2878	4091	5034	5753	5802	5690	5383	5013	4607	4168	3716	3364	3130	2961	3008	3209	3590	3906	4179	4264	4175	4000	3756	3499	3204	2938	2694	2508	2369	
130	6091	59.9	60.0	20	1	1	2	1002	1275	1921	2871	4071	5003	5703	5799	5699	5399	4989	4578	4138	3698	3410	3081	2944	2998	3226	3573	3902	4149	4240	4132	3958	3733	3473	3172	2941	2662	2504	2332	
130	6108	60.0	60.0	20	1	1	2	1001	1288	1917	2913	4117	5042	5685	5769	5740	5397	5012	4586	4155	3678	3345	3109	2960	3015	3173	3560	3927	4138	4231	4183	3948	3755	3480	3191	2910	2640	2478	2334	
130	6126	59.9	60.0	20	1	1	2	1004	1250	1923	2917	4106	5061	5657	5839	5702	5392	5015	4563	4124	3704	3395	3131	2964	3022	3206	3588	3886	4169	4231	4151	3953	3724	3469	3189	2942	2684	2514	2350	
130	6143	60.0	60.0	20	1	1	2	1022	1250	1925	2880	4101	5025	5708	5817	5673	5337	4984	4578	4095	3701	3404	3107	2949	3000	3190	3597	3876	4148	4175	4164	3951	3720	3467	3167	2938	2658	2542	2328	
130	6160	60.0	60.0	20	1	1	2	1011	1254	1967	2892	4101	5042	5692	5856	5721	5340	5028	4566	4108	3729	3374	3068	2946	3009	3196	3565	3869	4135	4210	4164	3944	3702	3442	3197	2928	2672	2507	2324	
130	6177	59.9	60.0	20	1	1	2	1022	1259	1930	2912	4069	5001	5653	5804	5710	5366	4963	4568	4159	3699	3385	3123	2950	3011	3254	3553	3919	4155	4208	4153	3948	3719	3464	3181	2941	2693	2492	2323	
130	6242	95.3	95.0	21	1	0	2	925	1079	1384	1844	2438	2941	3330	3454	3461	3331	3147	2966	2737	2531	2366	2267	2251	2349	2569	2906	3134	3360	3402	3381	3230	3068	2882	2688	2508	2292	2189	2052	
130	6259	95.0	95.0	21	1	0	2	920	1069	1391	1835	2442	2932	3312	3425	3427	3321	3152	2937	2686	2502	2374	2240	2226	2370	2577	2865	3114	3342	3384	3344	3203	3048	2870	2659	2489	2314	2185	2024	
130	6322	59.8	60.2	21	1	1	2	999	1253	1906	2927	4090	5037	5698	5822	5720	5388	5027	4549	4152	3710	3383	3112	2952	3019	3224	3592	3876	4163	4256	4180	3963	3774	3492	3163	2945	2687	2537	2346	
130	6339	59.9	60.0	21	1	1	2	1004	1253	1916	2899	4068	5075	5701	5827	5692	5377	4984	4549	4131	3710	3402	3116	2960	2983	3206	3573	3891	4151	4240	4169	3935	3733	3496	3182	2912	2662	2496	2304	
130	6356	60.0	60.0	21	1	1	2	1029	1257	1903	2888	4074	5030	5645	5821	5694	5409	4985	4566	4107	3731	3382	3086	2925	2991	3237	3530	3884	4145	4229	4159	3954	3685	3477	3156	2924	2663	2496	2301	
130	6374	60.0	60.0	21	1	1	2	1012	1265	1949	2907	4078	5004	5701	5811	5688	5372	5005	4556	4133	3707	3411	3111	2946	3015	3224	3577	3886	4149	4186	4159	3967	3733	3456	3189	2884	2662	2513	2346	
130	6391	60.0	60.0	21	1	1	2	1034	1272	1936	2886	4074	5034	5718	5772	5684	5372	4980	4541	4142	3721	3360	3092	2943	2985	3211	3579	3857	4162	4210	4125	3923	3706	3493	3149	2932	2671	2509	2318	
130	6408	60.0	60.0	21	1	1	2	1016	1260	1922	2915	4122	5014	5691	5813	5672	5350	4964	4539	4133	3708	3390	3097	2953	2975	3211	3561	3859	4154	4210	4089	3968	3670	3478	3164	2899	2668	2542	2312	
130	6425	59.9	60.0	21	1	1	2	1013	1274	1897	2903	4099	5012	5682	5797	5731	5332	4929	4541	4109	3712	3375	3095	2935	3012	3196	3564	3869	4170	4215	4148	3939	3765	3456	3182	2919	2674	2500	2329	
130	6490	95.3	95.0	22	1	0	2	919	1091	1368	1876	2442	2953	3340	3436	3451	3323	3161	2953	2713	2522	2369	2260	2250	2350	2580	2900	3127	3358	3382	3397	3228	3039	2894	2660	2512	2324	2186	2063	
130	6507	95.0	95.0	22	1	0	2	927	1062	1380	1838	2436	2922	3308	3436	3452	3323	3144	2940	2668	2492	2363	2239	2216	2381	2546	2896	3109	3345	3396	3311	3197	3042	2858	2658	2528	2314	2170	2008	
130	6570	59.7	60.2	22	1	1	2	1010	1262	1946	2930	4082	5029	5676	5801	5666	5364	5004	4508	4104	3724	3371	3100	2945	3004	3208	3603	3905	4141	4218	4143	3950	3749	3521	3208	2948	2674	2509	2328	
130	6587	59.9	60.0	22	1	1	2	999	1263	1902	2932	4107	5059	5727	5812	5703	5359	4987	4572	4117	3737	3376	3084	2941	2998	3202	3580	3859	4118	4209	4126	3972	3745	3483	3174	2926	2671	2468	2342	
130	6604	60.0	60.0	22	1	1	2	1002	1276	1894	2894	4063	5007	5693	5825	5685	5363	4930	4545	4118	3703	3358	3113	2957	3004	3177	3543	3862	4144	4222	4157	3925	3728	3477	3161	2904	2666	2495	2306	
130	6622	59.9	60.0	22	1	1	2	1011	1259	1924	2953	4086	5014	5648	5792	5679	5329	4972	4553	4104	3721	3356	3107	2944	2999	3187	3519	3854	4159	4240	4097	3936	3720	3492	3162	2902	2680	2503	2338	
130	6639	60.0	60.0	22	1	1	2	999	1282	1928	2915	4110	5014	5672	5817	5668	5352	4955	4555	4111	3676	3373	3102	2930	2998	3205	3560	3895	4160	4249	4146	3920	3708	3440	3154	2926	2636	2481	2333	
130	6656	59.9	60.0	22	1	1	2	1007	1258	1942	2883	4064	5019	5696	5802	5688	5339	4985	4512	4144	3686	3364	3100	2956	2980	3202	3535	3854	4127	4212	4172	3980	3703	3458	3188	2938	2638	2497	2310	
130	6673	60.0	60.0	22	1	1	2	1000	1280	1925	2891	4080	5048	5687	5804	5666	5317	4969	4528	4142	3730	3374	3078	2925	2973	3162	3554	3843	4142	4201	4112	3927	3688	3481	3188	2903	2681	2519	2290	
130	6738	95.2	95.0	23	1	0	2	899	1061	1371	1849	2461	2934	3344	3482	3466	3320	3138	2946	2740	2536	2373	2274	2225	2376	2588	2873	3161	3363	3423	3357	3177	3023	2870	2701	2511	2301	2177	2064	
130	6755	95.0	95.0	23	1	0	2	926	1052	1368	1843	2433	2913	3313	3388	3413	3293	3132	2935	2729	2500	2373	2246	2221	2328	2562	2848	3118	3363	3447	3362	3194	3026	2873	2691	2508	2297	2180	2023	
130	6818	59.7	60.2	23	1	1	2	1006	1265	1924	2881	4079	5037	5702	5799	5695	5375	4988	4571	4101	3646	3383	3106	2959	3006	3218	3610	3864	4134	4249	4139	4017	3742	3475	3198	2921	2678	2492	2325	
130	6835	60.0	60.0	23	1	1	2	994	1256	1913	2897	4103	5016	5695	5827	5679	5334	4979	4537	4104	3742	3388	3114	2958	2993	3177	3572	3848	4132	4232	4163	3935	3697	3515	3149	2925	2671	2500	2303	
130	6853	60.0	60.0	23	1	1	2	1020	1275	1923	2914	4082	4995	5687	5743	5675	5382	4928	4533	4080	3689	3343	3064	2919	2989	3202	3557	3874	4144	4176	4159	3918	3741	3457	3173	2911	2653	2486	2294	
130	6870	60.0	60.0	23	1	1	2	1006	1263	1891	2840	4100	5009	5672	5805	5697	5322	4931	4546	4090	3695	3361	3057	2957	2979	3219	3538	3837	4125	4210	4147	3946	3722	3450	3182	2900	2663	2450	2330	
130	6887	60.0	60.0	23	1	1	2	1003	1280	1916	2888	4074	4999	5664	5813	5683	5334	4996	4552	4095	3702	3359	3109	2940	2996	3224	3609	3846	4126	4215	4152	3925	3720	3473	3154	2909	2640	2484	2324	
130	6904	60.0	60.0	23	1	1	2	1000	1248	1903	2926	4088	4995	5608	5785	5671	5351	5008	4559	4112	3673	3345	3084	2960	2988	3177	3559	3866	4139	4218	4137	3932	3733	3472	3158	2888	2665	2521	2300	
130	6922	60.0	60.0	23	1	1	2	1024	1292	1903	2898	4032	5004	5599	5730	5653	5330	4949	4556	4088	3709	3347	3065	2939	2995	3194	3534	3844	4115	4204	4162	3917	3680	3453	3169	2906	2632	2465	2285	
130	6984	95.4	94.9	24	1	0	2	924	1074	1391	1841	2438	2954	3347	3438	3439	3306	3147	2936	2722	2520	2358	2273	2236	2333	2598	2873	3126	3344	3409	3362	3222	3067	2904	2693	2519	2323	2193	2044	
130	7001	95.0	95.0	24	1	0	2	923	1079	1360	1861	2433	2919	3308	3423	3425	3265	3141	2967	2710	2498	2362	2243	2239	2378	2570	2858	3121	3343	3398	3361	3219	3043	2874	2648	2496	2301	2184	2069	
130	7063	59.7	60.2	24	1	1	2	1017	1260	1915	2877	4076	4992	5697	5742	5712	5328	4995	4552	4095	3685	3362	3106	2937	2988	3202	3605	3861	4157	4194	4155	3953	3721	3504	3201	2915	2682	2513	2317	
130	7081	59.9	60.0	24	1	1	2	1012	1273	1907	2918	4078	5027	5675	5817	5693	5379	4967	4573	4168	3709	3412	3134	2948	3004	3227	3545	3866	4159	4215	4142	3948	3709	3472	3187	2921	2688	2506	2326	
130	7098	60.0	60.0	24	1	1	2	1007	1268	1915	2864	4031	5055	5684	5795	5695	5336	4986	4570	4090	3708	3367	3103	2944	2986	3202	3540	3864	4156	4214	4138	3959	3708	3461	3182	2902	2666	2476	2351	
130	7115	60.0	60.0	24	1	1	2	1018	1259	1935	2897	4082	5002	5669	5762	5671	5353	4961	4548	4111	3673	3321	3102	2933	2963	3181	3531	3838	4112	4212	4106	3908	3699	3459	3163	2946	2667	2481	2311	
130	7132	59.9	60.0	24	1	1	2	1005	1255	1925	2897	4094	4987	5697	5780	5658	5294	4972	4519	4088	3696	3351	3051	2938	2992	3167	3506	3872	4111	4215	4103	3926	3719	3441	3142	2904	2639	2465	2323	
130	7150	60.0	60.0	24	1	1	2	1009	1264	1894	2905	4059	4964	5646	5754	5651	5319	4967	4528	4117	3690	3353	3060	2926	2987	3196	3546	3875	4089	4239	4117	3933	3652	3450	3190	2906	2717	2508	2325	
130	7167	60.0	60.0	24	1	1	2	1015	1269	1902	2888	4077	5029	5642	5741	5670	5306	4940	4557	4140	3696	3337	3087	2933	2982	3188	3549	3808	4134	4172	4115	3904	3693	3461	3154	2883	2663	2516	2305	
130	7229	95.3	94.9	25	1	0	2	927	1072	1381	1838	2471	2966	3368	3466	3464	3337	3136	2960	2742	2510	2343	2281	2222	2341	2572	2895	3122	3366	3420	3341	3248	3053	2883	2679	2506	2340	2209	2092	
130	7246	95.0	95.0	25	1	0	2	924	1082	1372	1824	2455	2945	3272	3417	3412	3273	3124	2891	2734	2492	2372	2248	2215	2342	2593	2852	3147	3313	3394	3399	3221	3038	2870	2666	2492	2284	2183	2066	
130	7309	59.7	60.2	25	1	1	2	1014	1250	1930	2877	4082	4982	5663	5765	5668	5329	4934	4574	4115	3719	3351	3076	2938	2994	3217	3542	3835	4134	4207	4156	3935	3698	3482	3165	2939	2659	2499	2310	
130	7327	59.9	60.0	25	1	1	2	1009	1260	1917	2901	4125	5056	5735	5775	5694	5381	5000	4553	4147	3733	3386	3104	2976	3025	3224	3535	3881	4166	4259	4093	3992	3712	3505	3202	2942	2672	2519	2330	
130	7344	59.9	60.0	25	1	1	2	1007	1245	1930	2897	4092	5016	5654	5761	5669	5364	4981	4561	4128	3682	3367	3097	2962	3030	3207	3549	3845	4135	4205	4110	3937	3734	3446	3179	2926	2649	2492	2319	
130	7361	60.0	60.0	25	1	1	2	992	1274	1908	2904	4058	4977	5759	5765	5718	5370	4951	4564	4109	3688	3345	3095	2914	2981	3172	3550	3897	4084	4200	4112	3925	3717	3475	3149	2898	2655	2506	2307	
130	7378	60.0	60.0	25	1	1	2	1014	1260	1901	2914	4077	5032	5652	5766	5684	5323	4935	4539	4111	3698	3320	3092	2969	2996	3177	3513	3807	4115	4192	4105	3921	3716	3440	3155	2927	2666	2507	2301	
130	7396	60.0	60.0	25	1	1	2	1012	1258	1887	2884	4012	5005	5640	5802	5628	5352	4929	4555	4096	3689	3354	3081	2927	2987	3175	3538	3869	4151	4207	4119	3922	3701	3418	3119	2927	2672	2496	2308	
130	7413	60.0	60.0	25	1	1	2	995	1257	1902	2881	4007	4933	5632	5756	5676	5324	4942	4553	4098	3657	3323	3093	2950	2969	3194	3543	3850	4101	4190	4127	3882	3687	3428	3133	2904	2641	2480	2317	
130	7475	95.2	95.0	26	1	0	2	920	1083	1371	1876	2468	2952	3338	3445	3414	3297	3120	2941	2735	2518	2358	2265	2255	2291	2600	2894	3138	3316	3404	3373	3194	3104	2847	2677	2504	2310	2177	2067	
130	7493	95.0	95.0	26	1	0	2	936	1054	1370	1842	2446	2920	3272	3422	3420	3330	3148	2918	2730	2504	2421	2236	2236	2361	2583	2902	3132	3310	3400	3317	3215	3033	2878	2658	2470	2345	2235	2019	
130	7555	59.8	60.2	26	1	1	2	1019	1261	1915	2921	4045	4964	5670	5757	5651	5293	5004	4540	4074	3660	3356	3052	2940	3011	3194	3565	3857	4139	4185	4109	3933	3673	3447	3170	2929	2668	2494	2315	
130	7573	59.9	60.0	26	1	1	2	1013	1264	1924	2903	4104	5042	5690	5786	5673	5355	4994	4538	4146	3686	3371	3118	2979	2985	3187	3570	3840	4168	4205	4145	3947	3718	3478	3151	2903	2685	2509	2312	
130	7590	60.0	60.0	26	1	1	2	1025	1266	1908	2900	4039	5028	5692	5732	5665	5340	4935	4531	4095	3679	3318	3069	2919	2964	3206	3527	3871	4109	4200	4114	3919	3670	3452	3152	2904	2654	2484	2303	
130	7607	59.9	60.0	26	1	1	2	1001	1234	1927	2904	4060	5008	5659	5730	5677	5350	4968	4523	4101	3662	3360	3100	2900	2980	3158	3556	3847	4140	4197	4092	3925	3666	3396	3203	2956	2677	2487	2313	
130	7624	60.0	60.0	26	1	1	2	1009	1247	1887	2911	4051	5014	5712	5770	5650	5351	4957	4535	4109	3683	3362	3067	2917	2984	3198	3553	3869	4170	4198	4138	3938	3662	3440	3145	2892	2653	2478	2324	
130	7642	60.0	60.0	26	1	1	2	1000	1254	1904	2874	4037	5009	5656	5717	5631	5326	4920	4527	4064	3672	3357	3085	2891	2964	3164	3529	3846	4104	4144	4064	3941	3715	3460	3158	2894	2647	2475	2285	
130	7659	60.0	60.0	26	1	1	2	998	1258	1877	2896	4042	4944	5663	5775	5616	5340	4904	4489	4085	3662	3353	3055	2939	2952	3164	3509	3845	4091	4157	4112	3918	3692	3421	3208	2875	2676	2463	2296	
130	7721	95.2	95.0	27	1	0	2	929	1071	1378	1871	2449	2968	3356	3480	3463	3316	3183	2959	2759	2551	2369	2272	2255	2405	2585	2908	3107	3328	3435	3357	3218	3071	2919	2677	2513	2316	2207	2083	
130	7739	95.0	95.0	27	1	0	2	960	1054	1365	1842	2442	2943	3316	3418	3413	3297	3141	2934	2698	2499	2353	2243	2233	2356	2559	2864	3156	3348	3367	3329	3186	3046	2864	2671	2504	2323	2188	2012	
130	7801	59.7	60.2	27	1	1	2	1000	1251	1891	2876	4075	4972	5680	5732	5697	5348	4920	4526	4076	3694	3353	3096	2976	2983	3186	3524	3831	4168	4192	4139	3891	3676	3477	3136	2912	2635	2496	2313	
130	7819	60.0	60.0	27	1	1	2	1008	1269	1885	2909	4071	5032	5725	5815	5713	5396	4970	4546	4135	3706	3378	3105	2949	2992	3202	3558	3889	4143	4256	4133	3937	3722	3518	3196	2938	2664	2490	2305	
130	7836	60.0	60.0	27	1	1	2	1020	1254	1916	2894	4060	5036	5705	5784	5679	5318	4934	4539	4116	3674	3389	3124	2938	2994	3220	3569	3880	4120	4216	4121	3969	3692	3438	3161	2924	2676	2492	2304	
130	7853	60.0	60.0	27	1	1	2	1004	1262	1919	2881	4054	5001	5699	5752	5643	5327	4933	4528	4063	3698	3342	3062	2957	2966	3206	3545	3872	4103	4176	4134	3903	3705	3433	3183	2916	2653	2472	2296	
130	7870	60.0	60.0	27	1	1	2	1012	1254	1905	2870	4072	5028	5688	5811	5655	5319	4946	4553	4104	3686	3348	3081	2903	2951	3212	3530	3849	4103	4189	4162	3904	3669	3427	3164	2906	2654	2485	2304	
130	7888	60.0	60.0	27	1	1	2	1041	1274	1928	2909	4051	4996	5673	5729	5642	5327	4973	4545	4125	3694	3371	3105	2943	2970	3185	3493	3869	4129	4179	4096	3944	3689	3466	3148	2897	2672	2489	2311	
130	7905	60.0	60.0	27	1	1	2	1011	1260	1942	2880	4059	5034	5655	5761	5650	5386	4984	4540	4100	3681	3350	3074	2927	2965	3203	3563	3837	4141	4217	4067	3938	3690	3451	3168	2891	2647	2475	2294	
130	7970	95.1	95.1	28	1	0	2	926	1082	1383	1848	2449	2919	3334	3434	3489	3312	3154	2956	2734	2485	2384	2260	2234	2353	2570	2875	3118	3348	3399	3352	3248	3047	2886	2694	2518	2302	2190	2048	
130	7987	95.0	95.0	28	1	0	2	944	1057	1362	1823	2415	2960	3323	3448	3404	3269	3109	2930	2722	2508	2363	2256	2239	2365	2581	2864	3117	3329	3396	3367	3178	3038	2920	2646	2493	2303	2194	2042	
130	8050	59.7	60.2	28	1	1	2	999	1275	1899	2871	4033	5017	5672	5764	5668	5325	4945	4556	4129	3704	3377	3085	2958	2973	3204	3543	3878	4122	4221	4153	3958	3683	3468	3164	2907	2651	2504	2323	
130	8067	60.0	60.0	28	1	1	2	1010	1256	1930	2901	4055	5080	5731	5831	5728	5340	5024	4578	4148	3681	3391	3117	2977	3026	3228	3573	3902	4156	4270	4158	3968	3720	3481	3191	2913	2675	2503	2302	
130	8084	59.9	60.0	28	1	1	2	1003	1254	1909	2906	4060	4994	5694	5799	5659	5364	4945	4537	4113	3684	3398	3092	2953	2995	3193	3547	3853	4161	4248	4119	3938	3692	3481	3171	2923	2633	2484	2340	
130	8101	60.0	60.0	28	1	1	2	1015	1255	1902	2898	4065	4977	5686	5743	5631	5338	4925	4561	4117	3701	3357	3092	2979	2991	3166	3493	3886	4114	4230	4110	3940	3700	3445	3164	2899	2659	2507	2307	
130	8119	60.0	60.0	28	1	1	2	999	1256	1899	2882	4096	5048	5715	5775	5677	5369	4956	4555	4032	3681	3380	3123	2930	3011	3188	3552	3825	4106	4195	4137	3910	3665	3482	3168	2915	2648	2486	2302	
130	8136	60.0	60.0	28	1	1	2	1007	1262	1921	2890	4052	4960	5697	5775	5650	5337	4977	4530	4095	3694	3348	3070	2920	2976	3205	3526	3846	4133	4171	4103	3914	3687	3464	3180	2880	2685	2482	2302	
130	8153	59.9	60.0	28	1	1	2	1010	1242	1908	2889	4061	5022	5662	5769	5626	5304	4895	4552	4067	3700	3336	3071	2933	2955	3181	3526	3874	4109	4182	4126	3968	3712	3432	3149	2889	2654	2499	2315	
130	8218	95.3	95.0	29	1	0	2	946	1080	1381	1858	2455	2948	3342	3400	3437	3322	3134	2989	2686	2505	2387	2262	2254	2357	2580	2884	3136	3350	3385	3367	3210	3054	2917	2679	2521	2328	2184	2081	
130	8235	95.0	95.0	29	1	0	2	919	1053	1362	1823	2423	2923	3325	3440	3378	3331	3153	2953	2716	2520	2316	2258	2220	2378	2577	2856	3110	3313	3410	3323	3183	3036	2904	2653	2520	2322	2156	2034	
130	8298	59.7	60.1	29	1	1	2	1004	1278	1883	2872	4075	4947	5632	5766	5639	5318	4904	4479	4084	3694	3343	3066	2918	2972	3179	3529	3836	4100	4192	4114	3910	3636	3417	3154	2914	2642	2500	2290	
130	8315	60.0	60.0	29	1	1	2	1017	1260	1888	2907	4105	5047	5716	5838	5723	5396	4994	4571	4158	3731	3333	3100	2968	3010	3213	3558	3835	4165	4249	4134	3963	3733	3456	3154	2919	2669	2487	2283	
130	8332	59.9	60.0	29	1	1	2	1006	1271	1924	2872	4096	4996	5661	5776	5676	5333	4980	4576	4082	3744	3353	3095	2954	2985	3223	3548	3882	4112	4213	4110	3929	3704	3464	3161	2941	2676	2502	2336	
130	8349	60.0	60.0	29	1	1	2	1004	1263	1914	2912	4063	4975	5700	5770	5676	5310	4948	4519	4085	3671	3325	3063	2932	2994	3178	3519	3845	4142	4198	4092	3915	3708	3437	3156	2930	2639	2491	2312	
130	8367	59.9	60.0	29	1	1	2	1012	1275	1930	2876	4075	5022	5640	5788	5684	5276	4958	4524	4116	3709	3393	3094	2945	2966	3217	3536	3894	4138	4177	4117	3916	3686	3473	3135	2916	2651	2497	2297	
130	8384	59.9	60.0	29	1	1	2	992	1265	1905	2910	4032	4994	5700	5781	5696	5337	4955	4527	4120	3674	3366	3096	2977	2992	3185	3550	3855	4141	4205	4093	3850	3699	3438	3174	2924	2677	2456	2335	
130	8401	60.0	60.0	29	1	1	2	1004	1271	1934	2916	4060	5008	5685	5761	5690	5344	4987	4520	4132	3678	3367	3076	2944	2950	3195	3556	3866	4116	4195	4060	3928	3682	3463	3173	2905	2647	2489	2324	
130	8464	95.3	95.0	30	1	0	2	925	1047	1357	1867	2449	2986	3363	3482	3459	3338	3159	2945	2768	2551	2382	2247	2230	2373	2589	2898	3142	3382	3410	3383	3211	3057	2908	2690	2505	2306	2177	2088	
130	8481	95.0	95.0	30	1	0	2	920	1065	1358	1850	2444	2926	3334	3459	3448	3293	3133	2954	2684	2474	2364	2257	2207	2349	2581	2896	3125	3321	3360	3330	3211	3033	2878	2671	2483	2313	2175	2058	
130	8544	59.7	60.2	30	1	1	2	1009	1255	1923	2891	4039	4992	5653	5744	5616	5301	4964	4480	4100	3662	3357	3121	2955	2995	3200	3562	3849	4088	4254	4120	3943	3671	3429	3151	2896	2690	2464	2331	
130	8561	60.0	60.0	30	1	1	2	1011	1257	1905	2948	4070	5069	5757	5823	5714	5397	4980	4602	4132	3731	3403	3121	2965	3035	3221	3556	3861	4146	4230	4161	3965	3749	3497	3183	2920	2648	2485	2308	
130	8578	60.0	60.0	30	1	1	2	1009	1277	1903	2884	4071	5027	5679	5770	5701	5348	4956	4528	4101	3673	3346	3088	2937	2968	3203	3553	3846	4126	4187	4136	3930	3724	3451	3172	2884	2640	2479	2314	
130	8595	60.0	60.0	30	1	1	2	1008	1272	1895	2899	4077	5006	5694	5787	5678	5329	4932	4548	4095	3668	3349	3109	2913	2975	3177	3475	3868	4168	4193	4118	3928	3723	3434	3165	2916	2655	2511	2324	
130	8613	59.9	60.0	30	1	1	2	1005	1258	1914	2892	4077	4983	5683	5733	5662	5375	4916	4536	4125	3707	3345	3119	2936	2987	3181	3520	3849	4070	4186	4131	3905	3711	3461	3130	2878	2652	2500	2309	
130	8630	60.0	60.0	30	1	1	2	1014	1264	1911	2863	4057	4976	5721	5781	5655	5342	4941	4518	4077	3671	3374	3091	2944	2972	3191	3562	3871	4098	4190	4111	3921	3680	3459	3168	2909	2656	2469	2324	
130	8647	59.9	60.0	30	1	1	2	989	1267	1935	2900	4083	4997	5657	5803	5605	5302	4940	4534	4081	3691	3337	3084	2942	2993	3177	3522	3828	4185	4161	4148	3945	3689	3424	3140	2939	2647	2473	2302	
130	8712	95.3	95.0	31	1	0	2	912	1080	1385	1862	2459	2973	3348	3456	3443	3350	3166	2953	2734	2486	2359	2266	2253	2360	2578	2877	3129	3349	3392	3334	3196	3066	2853	2671	2537	2306	2159	2063	
130	8729	95.0	95.0	31	1	0	2	923	1062	1364	1841	2460	2956	3334	3429	3431	3308	3120	2939	2693	2512	2350	2240	2239	2328	2559	2835	3126	3354	3383	3322	3232	3024	2840	2658	2490	2298	2169	2040	
130	8792	59.7	60.2	31	1	1	2	1008	1262	1912	2906	4029	5051	5650	5766	5681	5356	4977	4518	4105	3685	3354	3094	2957	2959	3246	3540	3839	4132	4212	4129	3923	3694	3460	3141	2897	2711	2483	2341	
130	8809	60.0	60.0	31	1	1	2	1006	1272	1928	2924	4110	5083	5786	5820	5732	5396	5001	4589	4156	3760	3400	3139	2968	3032	3197	3553	3901	4164	4224	4141	3924	3746	3483	3201	2918	2658	2495	2313	
130	8826	59.9	60.0	31	1	1	2	1008	1253	1911	2901	4066	5024	5683	5770	5670	5335	4944	4564	4162	3701	3358	3142	2952	2986	3190	3561	3888	4139	4202	4101	3927	3720	3474	3116	2905	2645	2484	2334	
130	8844	60.0	60.0	31	1	1	2	1006	1260	1966	2881	4044	4972	5698	5798	5643	5322	4961	4552	4109	3718	3328	3125	2917	2977	3184	3556	3881	4101	4221	4122	3926	3712	3445	3139	2902	2649	2480	2311	
130	8861	59.9	60.0	31	1	1	2	1010	1266	1920	2887	4068	5018	5654	5787	5668	5345	4980	4535	4145	3697	3366	3074	2915	2988	3197	3556	3859	4112	4156	4076	3905	3675	3465	3130	2938	2651	2463	2304	
130	8878	59.9	60.0	31	1	1	2	1017	1280	1917	2898	4069	4985	5686	5793	5655	5305	4952	4544	4102	3710	3369	3120	2933	2966	3177	3576	3868	4108	4200	4105	3918	3705	3448	3166	2897	2656	2506	2297	
130	8895	60.0	60.0	31	1	1	2	1005	1258	1913	2908	4084	5028	5678	5776	5683	5351	4975	4527	4083	3725	3345	3047	2949	2986	3199	3496	3834	4121	4171	4109	3917	3716	3462	3157	2893	2671	2483	2300	
130	8958	95.4	94.9	32	1	0	2	880	1058	1365	1847	2435	2957	3386	3450	3489	3320	3158	2961	2732	2520	2360	2262	2237	2370	2588	2883	3169	3346	3464	3361	3232	3058	2905	2684	2513	2317	2197	2067	
130	8975	95.0	95.0	32	1	0	2	966	1061	1382	1842	2442	2931	3320	3438	3478	3302	3132	2924	2734	2513	2360	2257	2191	2338	2563	2863	3132	3330	3368	3323	3181	3072	2884	2656	2521	2289	2195	2054	
130	9038	59.6	60.2	32	1	1	2	1005	1266	1901	2909	4058	5027	5684	5760	5672	5371	4974	4521	4090	3720	3392	3109	2922	2961	3198	3563	3869	4133	4189	4161	3948	3704	3452	3113	2914	2672	2477	2290	
130	9055	60.0	60.0	32	1	1	2	1017	1249	1939	2913	4114	5081	5743	5836	5738	5409	5039	4613	4160	3728	3427	3145	2952	2991	3228	3563	3853	4175	4255	4180	3947	3726	3497	3186	2937	2671	2517	2332	
130	9072	59.9	60.0	32	1	1	2	998	1277	1902	2925	4115	4986	5695	5781	5694	5355	4965	4514	4129	3693	3340	3083	2957	2980	3175	3537	3849	4122	4231	4128	3927	3705	3466	3157	2888	2654	2498	2317	
130	9090	60.0	60.0	32	1	1	2	1005	1264	1934	2922	4037	5017	5725	5811	5664	5330	4984	4530	4077	3707	3346	3131	2948	3004	3177	3542	3851	4118	4212	4126	3974	3711	3459	3150	2915	2638	2496	2311	
130	9107	59.9	60.0	32	1	1	2	1008	1270	1928	2902	4074	5034	5690	5787	5654	5339	4920	4562	4110	3670	3377	3073	2919	2973	3204	3529	3833	4125	4234	4102	3890	3691	3488	3167	2919	2671	2464	2291	
130	9124	60.0	60.0	32	1	1	2	1001	1273	1924	2902	4047	5011	5682	5744	5628	5351	4882	4542	4138	3672	3341	3093	2919	2973	3219	3523	3867	4118	4190	4108	3904	3660	3424	3168	2910	2672	2480	2320	
130	9141	60.0	60.0	32	1	1	2	1027	1264	1919	2893	4050	5010	5676	5804	5669	5326	4976	4551	4097	3663	3352	3087	2941	2995	3180	3537	3865	4058	4186	4106	3920	3731	3435	3196	2904	2643	2493	2285	
130	9204	95.2	95.0	33	1	0	2	916	1070	1329	1836	2449	2983	3376	3487	3462	3342	3164	2929	2736	2542	2387	2269	2265	2379	2598	2894	3119	3378	3403	3361	3218	3075	2893	2699	2493	2313	2174	2042	
130	9221	95.0	95.0	33	1	0	2	918	1052	1339	1852	2429	2917	3343	3455	3421	3303	3143	2947	2738	2520	2364	2271	2217	2332	2575	2837	3110	3319	3427	3299	3198	3028	2892	2653	2468	2300	2172	2048	
130	9284	59.7	60.2	33	1	1	2	1010	1281	1945	2925	4044	5016	5671	5822	5691	5383	4955	4587	4158	3717	3358	3092	2938	2996	3190	3527	3862	4094	4185	4150	3951	3724	3455	3162	2917	2641	2501	2329	
130	9301	60.0	60.0	33	1	1	2	1002	1255	1905	2911	4094	5095	5794	5881	5752	5455	4985	4639	4160	3730	3445	3149	3008	3024	3197	3525	3866	4186	4259	4174	3956	3737	3491	3164	2939	2653	2495	2337	
130	9318	60.0	60.0	33	1	1	2	1025	1268	1914	2922	4121	5019	5706	5829	5728	5377	5031	4575	4127	3737	3389	3112	2923	2996	3202	3528	3856	4149	4181	4120	3921	3739	3435	3146	2903	2652	2501	2310	
130	9336	60.0	60.0	33	1	1	2	1011	1267	1918	2914	4081	5039	5713	5821	5688	5366	4982	4600	4120	3713	3385	3096	2958	3004	3212	3559	3859	4142	4207	4113	3934	3724	3464	3173	2893	2658	2470	2306	
130	9353	60.0	60.0	33	1	1	2	1029	1263	1897	2882	4095	5082	5698	5813	5707	5361	4998	4566	4138	3704	3361	3136	2957	2998	3210	3549	3869	4129	4196	4120	3942	3691	3457	3182	2940	2681	2481	2337	
130	9370	60.0	60.0	33	1	1	2	1019	1265	1905	2899	4110	5062	5696	5798	5695	5369	4966	4553	4111	3687	3377	3092	2932	2958	3189	3552	3876	4115	4201	4149	3901	3675	3445	3153	2908	2648	2493	2281	
130	9387	60.0	60.0	33	1	1	2	1014	1282	1924	2910	4098	5035	5686	5802	5685	5412	4971	4576	4135	3707	3366	3098	2943	2959	3210	3589	3862	4150	4199	4148	3933	3692	3457	3173	2900	2630	2483	2312	
130	9450	95.2	95.0	34	1	0	2	926	1059	1391	1850	2503	2999	3409	3492	3504	3366	3169	2997	2776	2519	2396	2258	2246	2370	2593	2920	3140	3387	3425	3374	3238	3052	2872	2676	2498	2305	2185	2051	
130	9467	95.0	95.0	34	1	0	2	926	1059	1361	1857	2464	2935	3331	3474	3436	3320	3202	2978	2739	2506	2328	2260	2281	2330	2545	2868	3113	3336	3396	3360	3181	3053	2871	2656	2510	2317	2178	2058	
130	9530	59.6	60.3	34	1	1	2	1006	1243	1933	2905	4128	5036	5760	5864	5732	5362	4991	4575	4148	3739	3385	3138	2968	2989	3219	3574	3877	4146	4261	4102	3946	3695	3480	3184	2881	2663	2488	2321	
130	9547	59.9	60.0	34	1	1	2	1019	1273	1939	2942	4146	5125	5813	5959	5844	5503	5073	4658	4222	3768	3432	3136	3008	3003	3244	3589	3947	4181	4255	4133	3993	3735	3477	3218	2932	2690	2518	2323	
130	9565	59.9	60.0	34	1	1	2	1002	1274	1913	2949	4115	5061	5774	5871	5764	5436	5011	4573	4137	3746	3433	3110	2981	3005	3214	3555	3930	4137	4192	4142	3943	3703	3473	3152	2911	2664	2471	2315	
130	9582	59.9	60.0	34	1	1	2	1000	1242	1916	2914	4137	5070	5748	5829	5790	5416	5025	4620	4170	3749	3372	3136	2960	3007	3193	3545	3856	4120	4218	4141	3932	3715	3456	3153	2905	2672	2486	2338	
130	9599	59.9	60.0	34	1	1	2	1001	1267	1914	2918	4103	5099	5764	5873	5776	5403	5016	4624	4162	3702	3431	3127	2975	3003	3191	3549	3832	4145	4198	4165	3902	3744	3425	3159	2902	2700	2503	2323	
130	9616	60.0	60.0	34	1	1	2	1002	1256	1943	2922	4138	5043	5724	5837	5712	5395	5041	4627	4153	3742	3402	3123	2984	3009	3203	3577	3860	4108	4219	4112	3889	3733	3450	3158	2905	2643	2474	2308	
130	9634	60.0	60.0	34	1	1	2	1003	1268	1930	2931	4103	5052	5727	5810	5751	5374	5069	4578	4146	3693	3383	3132	2930	3025	3185	3558	3874	4141	4226	4103	3899	3709	3452	3193	2909	2674	2494	2301	
130	9698	95.3	95.0	35	1	0	2	929	1066	1395	1874	2475	3017	3409	3498	3504	3359	3219	2998	2812	2582	2380	2264	2249	2399	2560	2852	3131	3348	3439	3346	3223	3063	2887	2658	2499	2312	2177	2068	
130	9715	95.0	95.0	35	1	0	2	926	1068	1397	1853	2480	2988	3351	3499	3477	3366	3185	2923	2761	2553	2373	2269	2228	2358	2571	2888	3145	3315	3379	3370	3214	3061	2878	2673	2489	2306	2180	2031	
130	9778	59.6	60.2	35	1	1	2	1001	1272	1919	2916	4196	5135	5861	5922	5820	5469	5067	4627	4211	3797	3437	3167	2974	3032	3207	3578	3873	4142	4217	4138	3965	3705	3433	3170	2915	2649	2490	2325	
130	9795	60.0	60.0	35	1	1	2	1049	1278	1927	2996	4193	5212	5892	6068	5908	5547	5135	4703	4276	3824	3460	3212	2994	3046	3246	3607	3928	4197	4277	4165	3973	3741	3461	3173	2940	2690	2519	2367	
130	9813	60.0	60.0	35	1	1	2	1016	1269	1944	2947	4166	5118	5845	5974	5857	5506	5056	4664	4246	3771	3432	3185	3002	3026	3224	3604	3920	4129	4264	4141	3997	3721	3480	3186	2917	2680	2515	2328	
130	9830	59.9	60.0	35	1	1	2	1004	1259	1973	2938	4159	5115	5828	5911	5873	5540	5078	4680	4219	3806	3439	3155	2969	3050	3243	3573	3901	4182	4253	4132	3972	3719	3445	3201	2894	2660	2467	2337	
130	9847	60.0	60.0	35	1	1	2	1018	1281	1953	2973	4163	5120	5820	5939	5824	5493	5090	4670	4222	3789	3428	3156	2993	3016	3228	3575	3898	4158	4227	4144	3969	3708	3459	3210	2919	2638	2501	2295	
130	9864	60.0	60.0	35	1	1	2	1003	1282	1940	2958	4125	5124	5835	5999	5853	5487	5025	4666	4217	3758	3412	3168	2979	3010	3246	3571	3887	4151	4213	4127	3947	3774	3449	3150	2912	2656	2493	2290	
130	9882	59.9	60.0	35	1	1	2	1026	1269	1937	2934	4197	5101	5808	5910	5817	5445	5073	4649	4197	3781	3428	3141	2992	2994	3229	3577	3877	4133	4214	4123	3929	3706	3461	3173	2932	2669	2492	2292	
130	9946	95.3	95.0	36	1	0	2	926	1079	1388	1889	2516	3058	3444	3547	3628	3453	3241	3025	2789	2585	2425	2329	2287	2410	2625	2923	3160	3344	3403	3355	3225	3072	2906	2673	2528	2340	2193	2037	
130	9963	95.0	95.0	36	1	0	2	920	1081	1391	1885	2494	3002	3429	3515	3557	3425	3250	3008	2814	2578	2403	2308	2253	2386	2579	2897	3144	3335	3373	3299	3217	3058	2896	2700	2517	2305	2173	2022	
130	10026	59.7	60.2	36	1	1	2	1000	1259	1955	2966	4240	5205	5988	6077	5957	5614	5189	4710	4288	3875	3485	3195	3042	3061	3261	3614	3900	4192	4217	4180	3966	3736	3501	3196	2967	2693	2510	2333	
130	10044	59.9	60.0	36	1	1	2	1013	1276	1983	3020	4321	5311	5995	6130	6068	5641	5279	4841	4361	3869	3588	3216	3066	3110	3326	3652	3975	4224	4318	4239	3999	3792	3540	3208	2982	2730	2507	2347	
130	10061	60.0	60.0	36	1	1	2	1010	1276	1994	2996	4297	5261	5976	6152	6013	5684	5210	4775	4325	3881	3518	3219	3054	3109	3268	3613	3909	4196	4296	4151	3948	3745	3509	3220	2964	2719	2536	2320	
130	10078	60.0	60.0	36	1	1	2	1020	1283	1971	2988	4245	5312	5995	6055	5974	5655	5234	4781	4291	3820	3491	3207	3065	3082	3269	3642	3867	4192	4254	4146	4005	3737	3488	3176	2940	2693	2543	2338	
130	10095	60.0	60.0	36	1	1	2	1013	1282	1973	3015	4278	5280	5910	6062	5963	5636	5228	4748	4308	3855	3534	3250	3057	3113	3284	3569	3941	4184	4234	4176	3976	3737	3512	3184	2923	2715	2495	2321	
130	10113	59.9	60.0	36	1	1	2	1004	1271	1957	2983	4280	5234	5935	6107	6004	5593	5208	4750	4297	3852	3503	3207	3042	3091	3270	3588	3916	4170	4240	4194	3939	3700	3487	3184	2928	2669	2508	2324	
130	10130	60.0	60.0	36	1	1	2	1026	1275	1975	3011	4258	5219	5964	6093	5982	5589	5209	4760	4314	3854	3508	3229	2991	3051	3253	3617	3928	4170	4224	4152	3951	3693	3500	3188	2922	2686	2482	2320	
130	10192	95.3	95.0	37	1	0	2	933	1076	1416	1944	2583	3122	3531	3685	3696	3545	3345	3128	2899	2647	2475	2369	2311	2433	2653	2942	3206	3390	3446	3360	3234	3070	2900	2728	2533	2332	2202	2064	
130	10210	95.0	95.0	37	1	0	2	931	1085	1412	1931	2576	3101	3530	3644	3624	3507	3295	3105	2891	2647	2482	2354	2290	2417	2624	2910	3170	3327	3405	3392	3226	3046	2874	2687	2503	2338	2199	2041	
130	10272	59.7	60.2	37	1	1	2	1012	1280	1997	3048	4392	5421	6169	6282	6168	5797	5331	4929	4446	3936	3585	3297	3093	3120	3301	3691	3959	4209	4244	4202	3977	3784	3524	3200	2962	2722	2512	2353	
130	10290	59.9	60.0	37	1	1	2	1033	1307	2038	3134	4452	5515	6279	6429	6250	5941	5477	5022	4542	4029	3662	3390	3152	3175	3383	3699	4013	4245	4334	4245	4054	3784	3512	3222	2995	2756	2549	2341	
130	10307	60.0	60.0	37	1	1	2	1024	1303	2021	3108	4425	5443	6230	6334	6251	5859	5403	4973	4436	4021	3629	3305	3135	3157	3370	3647	3971	4210	4290	4172	4000	3789	3509	3183	2939	2723	2524	2357	
130	10324	59.9	60.0	37	1	1	2	1002	1307	2013	3138	4414	5516	6216	6351	6220	5867	5447	4945	4480	3996	3623	3263	3131	3136	3313	3676	3986	4248	4280	4168	4037	3772	3520	3178	2952	2704	2505	2348	
130	10341	60.0	60.0	37	1	1	2	1015	1309	2015	3116	4395	5457	6143	6356	6191	5814	5416	4968	4469	4019	3605	3312	3093	3147	3311	3674	3932	4223	4320	4230	3992	3762	3539	3172	2969	2698	2518	2341	
130	10359	60.0	60.0	37	1	1	2	1022	1312	2044	3084	4382	5441	6213	6301	6214	5794	5383	4947	4452	4006	3618	3279	3104	3112	3315	3652	3958	4231	4246	4213	3963	3719	3508	3200	2968	2691	2508	2326	
130	10376	60.0	60.0	37	1	1	2	1015	1292	2023	3115	4392	5438	6188	6330	6168	5885	5405	5011	4438	3988	3604	3301	3144	3148	3322	3651	3954	4208	4310	4179	3977	3775	3523	3218	2954	2669	2491	2360	
130	10440	95.3	95.0	38	1	0	2	938	1088	1437	1989	2686	3279	3746	3867	3859	3729	3499	3253	3006	2781	2565	2444	2407	2495	2667	2990	3220	3400	3453	3432	3242	3070	2933	2726	2526	2347	2194	2078	
130	10458	95.0	95.0	38	1	0	2	928	1099	1452	1980	2672	3256	3707	3822	3828	3660	3454	3196	2965	2732	2561	2389	2354	2461	2681	2956	3205	3405	3431	3340	3240	3069	2893	2719	2540	2362	2220	2055	
130	10521	59.7	60.1	38	1	1	2	1026	1327	2072	3240	4597	5734	6554	6654	6564	6172	5710	5202	4656	4189	3799	3447	3236	3232	3383	3747	4030	4306	4340	4228	4049	3785	3557	3232	2962	2711	2539	2364	
130	10538	59.9	60.0	38	1	1	2	1036	1316	2110	3292	4687	5877	6638	6824	6642	6296	5819	5303	4758	4294	3839	3530	3239	3237	3446	3769	4034	4327	4397	4317	4066	3835	3547	3255	3001	2726	2561	2399	
130	10555	59.9	60.0	38	1	1	2	1042	1328	2115	3285	4696	5813	6590	6758	6638	6259	5764	5299	4764	4203	3812	3474	3269	3263	3457	3777	4053	4329	4357	4266	4073	3841	3564	3247	3006	2721	2521	2384	
130	10572	60.0	60.0	38	1	1	2	1024	1333	2093	3238	4655	5780	6603	6705	6572	6251	5775	5258	4746	4238	3812	3453	3266	3280	3452	3746	4028	4278	4322	4248	4059	3804	3534	3239	2979	2717	2558	2354	
130	10590	59.9	60.0	38	1	1	2	1029	1349	2098	3282	4693	5800	6616	6741	6601	6228	5763	5191	4733	4213	3802	3508	3272	3245	3420	3721	4016	4279	4384	4261	4055	3804	3508	3252	2976	2723	2547	2365	
130	10607	60.0	60.0	38	1	1	2	1013	1330	2094	3258	4667	5785	6583	6741	6641	6270	5783	5249	4746	4230	3814	3490	3250	3254	3440	3758	4033	4323	4354	4278	4039	3831	3539	3253	2965	2702	2546	2378	
130	10624	60.0	60.0	38	1	1	2	1017	1327	2086	3249	4638	5800	6586	6735	6609	6267	5779	5254	4740	4221	3816	3421	3236	3231	3400	3750	4054	4295	4336	4228	4012	3798	3541	3201	2970	2757	2527	2334	
130	10689	95.1	95.1	39	1	0	2	935	1104	1510	2106	2891	3540	4086	4152	4191	4017	3787	3506	3221	2932	2726	2559	2505	2576	2783	3050	3283	3468	3501	3442	3307	3147	2973	2784	2537	2354	2223	2087	
130	10706	95.0	95.0	39	1	0	2	950	1107	1530	2104	2846	3538	4031	4120	4132	3952	3730	3500	3204	2947	2698	2565	2497	2550	2767	3004	3290	3479	3504	3453	3276	3117	2913	2724	2561	2354	2232	2091	
130	10769	59.8	60.1	39	1	1	2	1049	1367	2168	3418	4963	6165	7042	7216	7119	6670	6180	5613	5041	4477	4063	3681	3438	3396	3535	3901	4153	4395	4406	4285	4097	3835	3594	3282	3018	2730	2557	2386	
130	10786	59.9	60.0	39	1	1	2	1050	1365	2206	3513	5075	6320	7226	7390	7263	6885	6265	5735	5183	4595	4131	3693	3480	3498	3595	3908	4168	4445	4484	4392	4144	3906	3626	3301	3049	2781	2593	2397	
130	10803	59.9	60.0	39	1	1	2	1051	1373	2210	3493	5062	6247	7217	7386	7239	6815	6296	5694	5154	4582	4060	3745	3422	3449	3614	3894	4215	4384	4480	4351	4114	3891	3577	3280	3038	2756	2586	2372	
130	10820	60.0	60.0	39	1	1	2	1040	1376	2224	3503	5052	6225	7163	7305	7201	6763	6263	5635	5120	4558	4106	3729	3432	3435	3588	3914	4132	4401	4471	4301	4127	3849	3597	3270	3025	2773	2584	2374	
130	10837	60.0	60.0	39	1	1	2	1011	1379	2242	3468	5016	6301	7184	7298	7181	6733	6261	5649	5123	4583	4112	3719	3498	3449	3596	3922	4166	4405	4435	4351	4092	3852	3574	3302	3048	2733	2579	2379	
130	10855	59.9	60.0	39	1	1	2	1063	1375	2217	3496	5037	6275	7192	7340	7235	6776	6297	5719	5119	4578	4109	3736	3471	3411	3583	3882	4178	4373	4447	4358	4151	3884	3609	3278	3044	2773	2577	2372	
130	10872	60.0	60.0	39	1	1	2	1057	1354	2197	3496	5024	6258	7107	7314	7190	6775	6264	5680	5137	4557	4105	3728	3426	3426	3585	3884	4145	4412	4411	4332	4155	3863	3596	3289	3026	2753	2569	2398	
130	10935	95.1	95.0	40	1	0	2	962	1138	1569	2289	3168	3879	4460	4702	4614	4450	4188	3824	3539	3188	2955	2756	2641	2722	2877	3173	3397	3554	3598	3539	3379	3184	3034	2784	2618	2397	2219	2109	
130	10952	95.0	95.0	40	1	0	2	944	1132	1561	2282	3118	3874	4449	4569	4572	4411	4128	3824	3505	3201	2917	2775	2682	2709	2911	3117	3335	3553	3581	3493	3382	3164	2986	2790	2585	2457	2253	2094	
130	11015	59.7	60.2	40	1	1	2	1049	1419	2308	3705	5374	6796	7765	7941	7860	7350	6759	6151	5554	4886	4419	3952	3676	3636	3731	4023	4297	4547	4507	4415	4196	3919	3692	3348	3060	2815	2613	2428	
130	11032	59.9	60.0	40	1	1	2	1064	1411	2356	3853	5546	6939	7956	8142	8048	7526	6917	6288	5617	5041	4454	4011	3723	3677	3817	4062	4356	4533	4579	4477	4266	4045	3709	3374	3120	2809	2628	2438	
130	11049	60.0	60.0	40	1	1	2	1056	1422	2356	3770	5535	6920	7958	8094	7919	7451	6856	6278	5625	4993	4470	4038	3745	3656	3786	4094	4302	4530	4568	4458	4200	3936	3659	3313	3103	2806	2637	2444	
130	11066	60.0	60.0	40	1	1	2	1063	1428	2352	3783	5508	6886	7927	8072	7941	7462	6917	6186	5634	5009	4460	4026	3689	3643	3744	4064	4274	4524	4520	4438	4191	3943	3695	3375	3100	2800	2608	2431	
130	11084	60.0	60.0	40	1	1	2	1041	1412	2370	3767	5502	6885	7969	8065	7942	7467	6892	6260	5591	5015	4440	4034	3706	3642	3757	4013	4324	4516	4551	4442	4194	3964	3715	3339	3064	2827	2617	2461	
130	11101	60.0	60.0	40	1	1	2	1066	1404	2355	3781	5475	6926	7925	8110	7920	7506	6874	6235	5649	4969	4427	4024	3733	3656	3779	4038	4299	4564	4560	4457	4204	3948	3703	3361	3116	2799	2620	2411	
130	11118	59.9	60.0	40	1	1	2	1053	1427	2336	3770	5483	6872	7926	8071	7922	7471	6848	6289	5625	4959	4433	4017	3708	3666	3779	4003	4309	4482	4522	4419	4176	3933	3666	3356	3097	2816	2621	2400	
