Well	Time (1/2 s)	Block Temp	Sample Temp	Repetition	PCR Stage	Extension	Scale	B1	B2	B3	B4	B5	B6	B7	B8	B9	B10	B11	B12	B13	B14	B15	B16	B17	B18	B19	B20	B21	B22	B23	B24	B25	B26	B27	B28	B29	B30	B31	B32
54	106	95.1	95.1	1	0	0	2	929	1074	1370	1816	2345	2791	3074	3147	3133	3015	2911	2697	2516	2304	2170	2101	2084	2204	2381	2642	2881	3070	3120	3032	2970	2823	2612	2463	2320	2195	2076	1941	
54	124	95.0	95.0	1	0	0	2	942	1084	1367	1805	2337	2784	3055	3112	3108	3001	2864	2674	2495	2316	2180	2098	2082	2180	2412	2649	2878	3026	3080	3076	2944	2824	2616	2467	2315	2188	2074	1960	
54	141	95.0	95.0	1	0	0	2	942	1059	1381	1824	2333	2730	3015	3105	3136	2969	2872	2657	2502	2307	2170	2100	2068	2196	2380	2657	2875	3039	3082	3074	2921	2829	2631	2478	2296	2153	2045	1929	
54	158	95.0	95.0	1	0	0	2	931	1054	1376	1810	2302	2767	3020	3124	3112	2970	2848	2647	2461	2301	2148	2088	2079	2193	2387	2660	2848	3074	3096	3070	2949	2815	2633	2471	2319	2167	2052	1911	
54	175	95.0	95.0	1	0	0	2	934	1066	1352	1821	2306	2744	3012	3095	3077	2969	2863	2660	2498	2320	2159	2087	2087	2171	2379	2640	2867	3025	3099	3046	2942	2863	2612	2481	2316	2165	2044	1916	
54	193	94.9	95.0	1	0	0	2	929	1080	1374	1802	2318	2745	2982	3114	3097	3002	2834	2638	2459	2287	2174	2090	2065	2175	2413	2623	2863	3050	3086	3028	2939	2835	2640	2462	2301	2167	2081	1964	
54	210	94.9	95.0	1	0	0	2	944	1063	1368	1817	2317	2752	2993	3117	3079	2988	2857	2647	2456	2323	2147	2080	2082	2178	2416	2635	2870	3040	3087	3062	2929	2801	2626	2482	2277	2182	2085	1951	
54	227	95.0	95.0	1	0	0	2	925	1071	1380	1825	2331	2752	3020	3107	3080	2980	2883	2639	2478	2292	2161	2089	2068	2177	2388	2622	2859	3043	3115	3042	2924	2833	2614	2462	2313	2192	2043	1936	
54	244	95.0	95.0	1	0	0	2	929	1053	1390	1773	2294	2706	3027	3101	3096	3020	2833	2651	2493	2310	2171	2093	2106	2212	2409	2660	2842	3006	3106	3063	2949	2803	2623	2459	2321	2176	2086	1917	
54	262	95.0	95.0	1	0	0	2	925	1075	1376	1829	2313	2754	3041	3123	3096	2967	2851	2663	2475	2316	2187	2097	2096	2198	2384	2626	2868	3080	3090	3062	2927	2848	2641	2468	2323	2172	2064	1959	
54	279	95.0	95.0	1	0	0	2	950	1108	1374	1800	2306	2749	3034	3112	3110	2991	2865	2668	2511	2312	2170	2122	2094	2184	2409	2618	2886	3035	3080	3041	2947	2796	2644	2497	2305	2209	2056	1920	
54	296	95.0	95.0	1	0	0	2	921	1058	1376	1794	2335	2753	3014	3161	3116	3002	2876	2681	2465	2303	2165	2090	2069	2200	2395	2666	2871	3047	3110	3062	2920	2796	2642	2504	2302	2175	2051	1946	
54	313	95.0	95.0	1	0	0	2	918	1081	1368	1808	2302	2762	3027	3138	3093	2992	2871	2645	2474	2305	2185	2048	2108	2206	2389	2632	2884	3038	3114	3043	2935	2823	2627	2467	2288	2176	2047	1949	
54	331	95.0	95.0	1	0	0	2	925	1072	1361	1820	2318	2766	3032	3133	3096	3001	2865	2658	2487	2319	2177	2089	2097	2176	2383	2651	2867	3032	3087	3070	2942	2829	2625	2456	2311	2175	2082	1937	
54	348	94.9	95.0	1	0	0	2	925	1077	1377	1800	2324	2752	3017	3123	3099	2998	2890	2693	2481	2333	2184	2084	2102	2172	2417	2626	2848	3041	3099	3053	2926	2839	2645	2487	2310	2169	2032	1938	
54	365	95.0	95.0	1	0	0	2	918	1071	1388	1824	2329	2745	3023	3143	3120	3000	2874	2673	2488	2328	2185	2098	2089	2182	2392	2626	2848	3023	3114	3049	2956	2830	2625	2433	2305	2186	2039	1950	
54	382	95.0	95.0	1	0	0	2	921	1076	1371	1814	2340	2759	3018	3094	3121	2980	2857	2669	2490	2290	2172	2098	2090	2179	2399	2641	2897	3052	3126	3035	2966	2831	2652	2471	2319	2178	2072	1940	
54	400	94.9	95.0	1	0	0	2	931	1084	1356	1804	2327	2775	3001	3109	3110	2993	2872	2681	2520	2283	2197	2103	2116	2200	2406	2632	2885	3024	3089	3074	2920	2814	2636	2476	2335	2177	2036	1945	
54	417	95.0	95.0	1	0	0	2	930	1076	1373	1830	2318	2779	3037	3154	3128	3024	2943	2683	2541	2339	2200	2093	2104	2216	2405	2655	2882	3068	3127	3110	2962	2814	2643	2473	2321	2211	2066	1969	
54	434	94.9	95.0	1	0	0	2	925	1071	1367	1814	2326	2750	3058	3164	3128	2988	2865	2651	2502	2334	2169	2115	2078	2205	2402	2647	2903	3068	3111	3051	2969	2827	2673	2482	2330	2184	2038	1953	
54	451	95.0	95.0	1	0	0	2	927	1090	1384	1821	2338	2735	3035	3156	3123	3003	2864	2661	2504	2302	2177	2107	2084	2195	2374	2599	2877	3044	3097	3045	2949	2812	2630	2469	2318	2217	2043	1969	
54	469	95.0	95.0	1	0	0	2	930	1067	1377	1806	2327	2735	3040	3135	3123	3005	2881	2670	2505	2320	2186	2089	2091	2185	2406	2678	2896	3050	3111	3050	2940	2837	2639	2527	2324	2217	2059	1947	
54	486	95.0	95.0	1	0	0	2	943	1071	1377	1818	2326	2753	3040	3128	3143	3007	2864	2678	2516	2328	2190	2095	2082	2212	2391	2658	2866	3074	3099	3056	2962	2831	2620	2478	2296	2172	2058	1946	
54	503	95.0	95.0	1	0	0	2	925	1078	1376	1830	2324	2778	3031	3147	3101	3006	2884	2679	2514	2311	2192	2100	2080	2228	2390	2631	2906	3042	3105	3045	2960	2844	2691	2492	2341	2179	2055	1947	
54	520	95.0	95.0	1	0	0	2	944	1071	1361	1826	2336	2794	3047	3163	3174	3029	2893	2685	2506	2327	2224	2076	2084	2204	2413	2629	2911	3072	3097	3098	2998	2825	2660	2501	2338	2188	2048	1962	
54	538	95.0	95.0	1	0	0	2	925	1084	1373	1806	2334	2771	3042	3138	3169	3003	2892	2682	2478	2312	2185	2101	2105	2188	2391	2663	2877	3050	3108	3048	2959	2851	2642	2499	2312	2168	2066	1958	
54	555	95.0	95.0	1	0	0	2	929	1073	1365	1819	2342	2778	3030	3157	3115	3013	2865	2695	2504	2324	2188	2082	2100	2200	2362	2675	2892	3067	3124	3069	2943	2840	2650	2493	2361	2190	2084	1964	
54	572	94.9	95.0	1	0	0	2	923	1067	1362	1805	2318	2758	3050	3142	3127	3000	2866	2696	2492	2337	2201	2172	2092	2185	2385	2650	2888	3075	3123	3049	2949	2810	2640	2480	2317	2186	2046	1938	
54	589	95.0	95.0	1	0	0	2	911	1051	1386	1823	2378	2778	3053	3147	3147	3044	2884	2696	2502	2324	2224	2119	2122	2214	2405	2648	2887	3043	3116	3076	2935	2839	2681	2469	2322	2186	2017	1975	
54	607	95.0	95.0	1	0	0	2	937	1084	1427	1822	2337	2764	3030	3157	3124	3029	2891	2683	2498	2333	2181	2106	2106	2201	2423	2689	2880	3072	3122	3059	2943	2822	2682	2488	2304	2182	2081	1956	
54	624	95.0	95.0	1	0	0	2	919	1054	1372	1849	2330	2777	3065	3193	3146	3019	2892	2690	2520	2327	2180	2120	2114	2218	2388	2659	2901	3047	3127	3056	2948	2844	2677	2507	2326	2201	2058	1953	
54	641	95.0	95.0	1	0	0	2	932	1064	1376	1813	2338	2782	3004	3176	3141	3031	2921	2691	2515	2349	2184	2085	2110	2198	2408	2664	2898	3038	3129	3052	2968	2829	2642	2488	2328	2180	2070	1947	
54	658	95.0	95.0	1	0	0	2	924	1065	1382	1821	2345	2762	3046	3159	3137	3058	2867	2680	2510	2292	2212	2114	2103	2202	2398	2650	2875	3068	3126	3078	2970	2854	2662	2519	2331	2194	2079	1961	
54	676	94.9	95.0	1	0	0	2	934	1064	1390	1808	2332	2796	3069	3163	3127	3025	2901	2659	2516	2348	2183	2110	2079	2195	2412	2667	2921	3084	3113	3054	2978	2844	2652	2514	2336	2192	2083	1966	
54	693	95.0	95.0	1	0	0	2	921	1082	1380	1811	2346	2764	3041	3163	3153	3027	2894	2655	2506	2319	2190	2102	2123	2215	2436	2672	2910	3066	3121	3052	2952	2847	2675	2484	2325	2191	2059	1925	
54	710	95.0	95.0	1	0	0	2	919	1070	1380	1807	2335	2771	3079	3197	3119	3036	2903	2681	2499	2312	2238	2124	2095	2199	2430	2656	2894	3053	3144	3079	2945	2846	2673	2486	2317	2204	2073	1926	
54	727	95.0	95.0	1	0	0	2	934	1072	1376	1826	2305	2767	3061	3162	3162	3021	2867	2688	2528	2329	2212	2119	2102	2209	2410	2639	2876	3070	3140	3044	2960	2824	2667	2456	2332	2194	2098	1965	
54	745	94.9	95.0	1	0	0	2	927	1077	1383	1824	2356	2786	3060	3134	3089	3030	2882	2700	2530	2337	2189	2104	2099	2220	2393	2666	2898	3072	3141	3073	2958	2838	2652	2492	2330	2177	2076	1954	
54	762	95.0	95.0	1	0	0	2	950	1066	1375	1832	2370	2794	3087	3174	3152	3023	2884	2684	2507	2324	2178	2107	2108	2222	2419	2675	2899	3068	3140	3076	2989	2836	2662	2503	2332	2200	2071	1971	
54	779	95.0	95.0	1	0	0	2	926	1071	1387	1832	2347	2774	3052	3151	3157	3011	2921	2697	2512	2345	2193	2135	2117	2212	2429	2614	2873	3101	3141	3068	2980	2848	2662	2496	2333	2213	2083	1951	
54	796	95.0	95.0	1	0	0	2	932	1073	1396	1832	2311	2790	3049	3172	3167	3009	2892	2676	2519	2328	2193	2106	2118	2194	2404	2663	2909	3087	3110	3100	2954	2830	2643	2514	2338	2202	2072	1952	
54	814	94.9	95.0	1	0	0	2	925	1066	1367	1800	2348	2783	3035	3173	3162	3028	2911	2697	2507	2332	2210	2103	2110	2230	2443	2638	2887	3085	3117	3083	2946	2825	2671	2547	2343	2182	2076	1961	
54	831	95.0	95.0	1	0	0	2	926	1054	1385	1822	2341	2796	3061	3160	3170	3050	2918	2698	2533	2353	2204	2111	2140	2219	2414	2666	2901	3071	3128	3093	2969	2891	2665	2481	2323	2208	2097	1941	
54	848	95.0	95.0	1	0	0	2	918	1081	1407	1818	2342	2802	3066	3163	3196	3051	2937	2702	2508	2321	2230	2094	2107	2249	2419	2656	2909	3084	3138	3091	2954	2836	2669	2493	2346	2198	2078	1942	
54	865	95.0	95.0	1	0	0	2	937	1076	1372	1835	2338	2770	3067	3193	3167	3036	2899	2700	2535	2331	2205	2117	2114	2221	2398	2637	2871	3066	3129	3102	2955	2831	2655	2515	2322	2208	2056	1963	
54	883	94.9	95.0	1	0	0	2	952	1080	1390	1816	2367	2780	3089	3191	3191	3080	2898	2692	2514	2359	2177	2148	2128	2220	2404	2658	2912	3082	3152	3096	2978	2844	2646	2528	2320	2194	2067	1952	
54	900	95.0	95.0	1	0	0	2	929	1083	1400	1833	2364	2797	3077	3202	3198	3068	2921	2700	2531	2348	2200	2112	2119	2251	2401	2664	2914	3073	3150	3087	2971	2854	2662	2511	2351	2198	2082	1981	
54	917	94.9	95.0	1	0	0	2	954	1078	1385	1819	2361	2802	3050	3185	3179	3055	2915	2699	2517	2364	2227	2122	2137	2210	2423	2693	2912	3090	3151	3126	2969	2861	2656	2490	2327	2204	2094	1947	
54	934	95.0	95.0	1	0	0	2	923	1056	1377	1851	2355	2794	3078	3160	3131	3035	2908	2707	2525	2359	2202	2105	2115	2231	2427	2678	2896	3071	3141	3109	2964	2900	2667	2494	2337	2182	2079	1955	
54	952	94.9	95.0	1	0	0	2	942	1062	1379	1828	2342	2824	3070	3171	3199	3040	2922	2705	2559	2333	2194	2104	2115	2189	2427	2700	2906	3074	3139	3110	2946	2847	2665	2481	2332	2205	2079	1961	
54	969	94.9	95.0	1	0	0	2	930	1073	1365	1822	2365	2795	3066	3177	3170	3035	2918	2708	2545	2347	2180	2112	2111	2205	2410	2673	2918	3057	3141	3092	2957	2848	2676	2497	2379	2233	2035	1965	
54	986	95.0	95.0	1	0	0	2	925	1073	1381	1845	2352	2798	3059	3215	3172	3065	2918	2729	2531	2346	2214	2114	2116	2233	2409	2687	2901	3080	3162	3105	3006	2864	2679	2498	2353	2205	2081	1974	
54	1003	95.0	95.0	1	0	0	2	946	1081	1371	1826	2339	2810	3105	3161	3141	3052	2927	2687	2530	2351	2221	2133	2116	2247	2425	2673	2905	3035	3147	3064	2997	2860	2654	2515	2337	2227	2062	1969	
54	1021	94.9	95.0	1	0	0	2	929	1062	1390	1842	2383	2819	3083	3205	3190	3069	2925	2705	2538	2342	2238	2127	2120	2210	2443	2643	2895	3077	3151	3076	2977	2847	2671	2523	2343	2195	2084	1964	
54	1038	95.0	95.0	1	0	0	2	936	1079	1374	1816	2362	2807	3067	3212	3205	3088	2923	2719	2556	2355	2213	2126	2150	2202	2428	2664	2928	3098	3134	3103	2971	2862	2674	2498	2382	2218	2095	1949	
54	1055	95.0	95.0	1	0	0	2	951	1068	1393	1854	2361	2813	3061	3226	3188	3092	2906	2732	2564	2336	2233	2161	2152	2232	2465	2674	2951	3066	3112	3118	2982	2871	2666	2511	2341	2196	2092	1972	
54	1072	95.0	95.0	1	0	0	2	928	1086	1374	1861	2365	2827	3100	3199	3197	3081	2935	2735	2539	2347	2218	2134	2125	2230	2446	2696	2923	3073	3148	3112	3006	2867	2679	2532	2346	2196	2115	1963	
54	1090	94.9	95.0	1	0	0	2	938	1084	1380	1841	2369	2797	3103	3189	3182	3051	2935	2749	2512	2368	2230	2122	2109	2220	2419	2673	2910	3085	3151	3114	2982	2858	2662	2525	2355	2206	2090	1967	
54	1107	95.0	95.0	1	0	0	2	932	1074	1378	1843	2380	2828	3092	3164	3200	3097	2922	2754	2522	2339	2211	2123	2144	2210	2437	2692	2924	3080	3135	3100	2999	2910	2676	2544	2341	2208	2084	1981	
54	1124	95.0	95.0	1	0	0	2	916	1082	1396	1849	2364	2823	3086	3217	3184	3089	2956	2727	2554	2375	2210	2088	2132	2246	2403	2662	2917	3080	3181	3116	2994	2879	2682	2511	2365	2212	2093	1965	
54	1141	95.0	95.0	1	0	0	2	938	1099	1388	1798	2368	2828	3093	3224	3204	3076	2935	2746	2546	2380	2223	2127	2118	2246	2441	2690	2921	3103	3192	3111	2966	2854	2707	2531	2357	2204	2094	1959	
54	1159	95.0	95.0	1	0	0	2	934	1061	1385	1838	2372	2814	3084	3202	3163	3093	2925	2753	2543	2356	2227	2111	2123	2241	2454	2673	2936	3110	3164	3147	3019	2862	2672	2508	2382	2221	2078	1980	
54	1176	94.9	95.0	1	0	0	2	943	1067	1388	1848	2379	2793	3111	3231	3207	3087	2935	2751	2517	2357	2252	2134	2144	2253	2445	2680	2947	3079	3148	3123	3008	2884	2698	2513	2346	2221	2098	1978	
54	1193	95.0	95.0	1	0	0	2	930	1071	1400	1821	2368	2816	3090	3185	3216	3068	2947	2736	2557	2375	2206	2134	2124	2242	2435	2685	2942	3118	3162	3116	3010	2874	2679	2517	2333	2178	2073	1968	
54	1210	95.0	95.0	1	0	0	2	903	1067	1389	1835	2356	2849	3070	3195	3173	3081	2923	2729	2531	2350	2216	2121	2104	2246	2421	2705	2896	3092	3161	3126	2996	2868	2694	2492	2358	2219	2086	2017	
54	1228	95.0	95.0	1	0	0	2	951	1075	1380	1841	2357	2837	3104	3198	3178	3094	2942	2760	2554	2396	2202	2150	2126	2251	2421	2662	2935	3097	3181	3093	2997	2848	2672	2518	2348	2206	2061	1985	
54	1245	95.0	95.0	1	0	0	2	931	1069	1386	1859	2375	2820	3101	3234	3214	3082	2972	2745	2567	2346	2219	2143	2137	2227	2465	2666	2920	3126	3163	3122	2970	2882	2678	2549	2331	2217	2086	1968	
54	1262	94.9	95.0	1	0	0	2	963	1089	1400	1878	2389	2804	3108	3226	3231	3123	2966	2741	2564	2381	2224	2126	2135	2246	2462	2680	2920	3139	3182	3117	3035	2885	2672	2511	2357	2219	2085	1985	
54	1279	94.9	95.0	1	0	0	2	946	1083	1400	1854	2349	2835	3090	3219	3200	3076	2928	2759	2557	2356	2214	2167	2122	2246	2426	2701	2936	3060	3139	3117	2990	2884	2702	2509	2374	2204	2088	1979	
54	1323	95.0	95.0	1	1	0	2	936	1083	1382	1832	2360	2816	3099	3215	3198	3079	2940	2737	2547	2380	2229	2133	2158	2245	2396	2695	2908	3108	3160	3122	2985	2867	2648	2549	2375	2228	2079	1980	
54	1390	59.8	60.1	1	1	1	2	1029	1316	2051	2921	3984	4820	5342	5472	5292	4956	4644	4253	3848	3496	3171	2929	2794	2860	2988	3300	3604	3810	3898	3831	3668	3490	3195	2955	2730	2537	2377	2205	
54	1407	59.9	60.0	1	1	1	2	1031	1336	2053	2899	3969	4864	5345	5446	5312	4979	4657	4245	3891	3463	3149	2930	2791	2846	3015	3320	3607	3805	3840	3821	3669	3495	3232	2952	2749	2540	2388	2242	
54	1425	60.0	60.0	1	1	1	2	1020	1306	2048	2925	4000	4832	5337	5429	5309	4961	4659	4235	3862	3493	3185	2933	2823	2821	3024	3345	3576	3830	3896	3864	3645	3502	3227	2987	2754	2536	2354	2213	
54	1442	59.9	60.0	1	1	1	2	1029	1330	2049	2898	3997	4878	5293	5434	5285	4996	4647	4274	3839	3486	3176	2923	2801	2815	3013	3278	3573	3823	3891	3843	3670	3457	3202	2969	2720	2534	2392	2202	
54	1459	60.0	60.0	1	1	1	2	1028	1317	2037	2904	3978	4872	5344	5444	5279	4973	4667	4245	3854	3509	3163	2933	2810	2842	3019	3301	3584	3856	3897	3813	3674	3483	3238	2973	2748	2518	2359	2222	
54	1476	60.0	60.0	1	1	1	2	1038	1344	2031	2914	3958	4862	5288	5451	5303	4959	4638	4246	3847	3504	3141	2944	2788	2810	3025	3314	3577	3828	3891	3813	3640	3469	3235	2984	2728	2517	2364	2225	
54	1494	59.9	60.0	1	1	1	2	1033	1331	2049	2926	3990	4844	5344	5416	5282	4938	4660	4216	3855	3472	3170	2942	2798	2810	3024	3334	3611	3801	3864	3801	3654	3508	3212	2975	2750	2555	2378	2220	
54	1558	95.1	95.1	2	1	0	2	939	1073	1408	1865	2364	2849	3134	3222	3188	3104	2936	2744	2529	2374	2208	2130	2120	2225	2419	2660	2902	3076	3140	3092	2988	2849	2682	2514	2338	2216	2083	1984	
54	1575	95.0	95.0	2	1	0	2	925	1076	1388	1842	2353	2814	3079	3229	3202	3073	2919	2704	2538	2357	2218	2141	2100	2213	2430	2663	2911	3086	3150	3081	2975	2831	2661	2535	2330	2185	2063	1964	
54	1638	59.8	60.1	2	1	1	2	1020	1324	2055	2901	3957	4841	5258	5391	5268	4963	4630	4205	3844	3452	3156	2878	2782	2821	2983	3282	3597	3784	3915	3821	3640	3477	3209	2953	2706	2529	2384	2223	
54	1656	60.0	60.0	2	1	1	2	1017	1337	2039	2893	3929	4800	5328	5405	5301	4970	4632	4233	3850	3473	3155	2905	2783	2813	3009	3292	3589	3848	3872	3827	3656	3484	3196	2948	2747	2545	2403	2242	
54	1673	60.0	60.0	2	1	1	2	1029	1335	2063	2876	4007	4887	5327	5450	5283	4993	4695	4291	3872	3475	3192	2903	2780	2867	2998	3294	3607	3814	3883	3848	3665	3471	3182	2968	2723	2510	2391	2246	
54	1690	59.9	60.0	2	1	1	2	1030	1331	2067	2918	4003	4903	5321	5433	5317	5008	4685	4222	3916	3493	3162	2919	2808	2832	3012	3311	3573	3824	3872	3815	3649	3451	3227	2970	2761	2559	2357	2217	
54	1707	59.9	60.0	2	1	1	2	1028	1323	2047	2930	3992	4843	5313	5403	5259	4990	4670	4208	3845	3448	3149	2946	2794	2823	2996	3289	3585	3811	3862	3829	3668	3453	3209	2963	2736	2531	2382	2218	
54	1725	60.0	60.0	2	1	1	2	1035	1324	2069	2891	3968	4858	5382	5426	5273	4969	4611	4221	3861	3483	3158	2912	2808	2800	3020	3276	3589	3810	3897	3822	3662	3471	3155	2987	2721	2579	2384	2223	
54	1742	60.0	60.0	2	1	1	2	1040	1326	2039	2917	3982	4842	5297	5439	5333	4970	4673	4228	3856	3465	3157	2932	2776	2794	2978	3296	3576	3742	3873	3848	3638	3467	3198	2941	2715	2538	2353	2219	
54	1804	95.2	95.0	3	1	0	2	936	1079	1375	1852	2394	2865	3087	3204	3211	3098	2961	2730	2559	2395	2216	2120	2151	2226	2423	2678	2928	3045	3131	3071	2967	2829	2672	2496	2341	2202	2065	1998	
54	1822	95.0	95.0	3	1	0	2	938	1070	1381	1849	2362	2807	3105	3172	3163	3055	2902	2717	2528	2354	2203	2129	2128	2241	2425	2670	2907	3071	3140	3088	2948	2856	2669	2499	2349	2198	2072	1948	
54	1886	59.9	60.1	3	1	1	2	1019	1330	2029	2892	3937	4764	5259	5418	5290	4947	4590	4230	3851	3451	3139	2881	2778	2817	2975	3285	3548	3765	3844	3789	3604	3452	3152	2956	2726	2520	2354	2251	
54	1904	59.9	60.0	3	1	1	2	1031	1330	2042	2890	3951	4834	5294	5416	5303	4970	4625	4205	3846	3470	3158	2915	2765	2817	2966	3313	3561	3804	3844	3792	3647	3476	3214	2948	2726	2538	2356	2212	
54	1921	60.0	60.0	3	1	1	2	1010	1335	2038	2918	3974	4825	5284	5465	5296	5005	4674	4253	3861	3479	3174	2904	2811	2826	3028	3308	3569	3849	3885	3790	3676	3455	3186	2979	2726	2537	2375	2209	
54	1938	60.0	60.0	3	1	1	2	1032	1321	2040	2913	4005	4826	5313	5429	5247	4977	4651	4199	3859	3451	3135	2922	2801	2790	3017	3308	3579	3784	3857	3832	3682	3483	3200	2962	2719	2515	2363	2225	
54	1955	60.0	60.0	3	1	1	2	1026	1321	2055	2915	3975	4882	5327	5444	5295	5003	4679	4242	3879	3512	3147	2920	2800	2852	2997	3312	3587	3796	3849	3800	3657	3468	3198	2999	2717	2540	2350	2209	
54	1973	60.0	60.0	3	1	1	2	1016	1325	2045	2877	3962	4813	5291	5385	5291	4965	4645	4256	3838	3464	3156	2920	2762	2823	3003	3274	3550	3827	3864	3761	3658	3456	3201	2943	2758	2512	2379	2230	
54	1990	60.0	60.0	3	1	1	2	1016	1348	2023	2931	3970	4834	5298	5416	5281	4955	4577	4217	3845	3476	3165	2900	2792	2816	3007	3245	3559	3824	3848	3815	3662	3463	3183	2962	2694	2525	2353	2205	
54	2053	95.0	95.1	4	1	0	2	941	1081	1402	1853	2364	2808	3110	3203	3162	3098	2927	2728	2547	2335	2231	2101	2121	2220	2426	2690	2881	3081	3104	3106	2962	2838	2662	2495	2344	2188	2049	1966	
54	2070	95.0	95.0	4	1	0	2	926	1070	1400	1830	2384	2824	3091	3174	3137	3058	2906	2701	2527	2323	2207	2105	2124	2243	2416	2649	2879	3065	3110	3082	2961	2831	2648	2470	2320	2169	2059	1950	
54	2133	59.9	60.1	4	1	1	2	1014	1322	2040	2934	3956	4822	5296	5376	5229	4918	4625	4197	3814	3449	3124	2920	2808	2809	2994	3310	3562	3772	3850	3804	3669	3472	3179	2973	2715	2532	2360	2214	
54	2150	59.9	60.0	4	1	1	2	1027	1323	2054	2897	3949	4806	5264	5406	5239	4975	4593	4182	3856	3424	3166	2896	2791	2800	3014	3301	3574	3762	3870	3805	3617	3475	3201	2929	2713	2523	2374	2230	
54	2167	60.0	60.0	4	1	1	2	1030	1323	2053	2905	3962	4863	5316	5394	5249	4988	4622	4241	3864	3472	3156	2908	2752	2821	2980	3272	3588	3829	3905	3845	3649	3470	3181	2957	2761	2516	2371	2230	
54	2184	60.0	60.0	4	1	1	2	1025	1364	2038	2899	3949	4813	5235	5378	5246	5014	4629	4219	3814	3450	3113	2879	2795	2809	3008	3253	3546	3777	3871	3812	3637	3472	3176	2942	2710	2542	2372	2198	
54	2202	60.0	60.0	4	1	1	2	1030	1325	2030	2894	3958	4864	5303	5410	5261	4982	4659	4237	3851	3480	3168	2897	2774	2840	2998	3350	3579	3774	3885	3807	3636	3443	3204	2913	2720	2505	2365	2239	
54	2219	60.0	60.0	4	1	1	2	1013	1326	2033	2906	3940	4839	5257	5430	5241	4961	4618	4189	3838	3445	3125	2909	2778	2776	2949	3258	3565	3797	3860	3779	3633	3465	3187	2981	2720	2529	2359	2207	
54	2236	60.0	60.0	4	1	1	2	1039	1338	2045	2911	3953	4791	5290	5434	5214	4943	4643	4214	3826	3438	3149	2923	2767	2820	2990	3258	3561	3798	3870	3805	3609	3465	3222	2965	2732	2505	2344	2206	
54	2299	95.0	95.0	5	1	0	2	934	1079	1390	1852	2372	2821	3099	3226	3187	3081	2929	2729	2537	2346	2213	2126	2115	2205	2396	2674	2916	3042	3142	3040	3000	2838	2644	2485	2306	2187	2068	1941	
54	2316	95.0	95.0	5	1	0	2	919	1067	1390	1830	2337	2790	3056	3197	3133	3059	2922	2701	2519	2357	2216	2087	2107	2195	2376	2652	2865	3060	3090	3060	2942	2821	2628	2459	2318	2191	2058	1951	
54	2379	59.9	60.1	5	1	1	2	1014	1303	2001	2863	3940	4788	5236	5334	5182	4910	4569	4186	3788	3409	3138	2890	2766	2788	2981	3270	3587	3781	3836	3798	3611	3420	3187	2950	2699	2516	2350	2186	
54	2396	59.9	60.0	5	1	1	2	1068	1320	2036	2859	3939	4738	5222	5364	5214	4945	4573	4194	3818	3437	3138	2895	2745	2781	2981	3277	3520	3796	3848	3767	3632	3442	3188	2946	2678	2534	2358	2216	
54	2413	59.9	60.0	5	1	1	2	1018	1322	2061	2870	3935	4790	5272	5387	5229	4947	4608	4186	3811	3460	3108	2906	2751	2787	2961	3260	3540	3780	3883	3781	3626	3447	3171	2942	2719	2525	2334	2200	
54	2430	60.0	60.0	5	1	1	2	1026	1336	2039	2895	3947	4798	5240	5400	5237	4914	4609	4210	3848	3445	3140	2890	2762	2797	2980	3269	3548	3751	3869	3768	3625	3452	3183	2880	2720	2508	2357	2233	
54	2448	59.9	60.0	5	1	1	2	1030	1319	2017	2869	3921	4774	5230	5336	5228	4929	4620	4182	3819	3429	3117	2877	2771	2751	2976	3279	3536	3704	3798	3751	3608	3438	3147	2921	2705	2505	2353	2206	
54	2465	60.0	60.0	5	1	1	2	1018	1326	2035	2871	3933	4768	5229	5357	5225	4928	4591	4168	3820	3423	3120	2890	2763	2778	2970	3274	3550	3791	3863	3737	3597	3448	3152	2914	2721	2508	2346	2192	
54	2482	60.0	60.0	5	1	1	2	1036	1325	2029	2874	3923	4741	5244	5327	5251	4900	4594	4191	3814	3403	3145	2876	2738	2777	2985	3243	3551	3759	3821	3782	3583	3440	3155	2917	2673	2507	2316	2231	
54	2545	95.1	95.1	6	1	0	2	933	1067	1396	1839	2354	2785	3064	3191	3180	3064	2974	2722	2555	2336	2191	2124	2108	2205	2386	2630	2882	3055	3120	3070	2964	2877	2637	2526	2330	2180	2048	1931	
54	2562	95.0	95.0	6	1	0	2	938	1089	1382	1828	2358	2821	3046	3200	3160	3061	2910	2707	2527	2356	2211	2111	2085	2242	2386	2656	2883	3012	3114	3054	2955	2827	2623	2450	2310	2177	2051	1925	
54	2625	59.9	60.1	6	1	1	2	1006	1306	2037	2869	3909	4794	5219	5336	5207	4913	4583	4203	3778	3433	3129	2874	2752	2814	2976	3256	3525	3792	3844	3795	3609	3446	3152	2908	2723	2516	2325	2219	
54	2642	60.0	60.0	6	1	1	2	1046	1323	2028	2874	3914	4781	5239	5342	5238	4965	4561	4191	3808	3463	3124	2868	2769	2796	2980	3252	3543	3754	3852	3800	3631	3443	3190	2923	2710	2525	2342	2206	
54	2659	59.9	60.0	6	1	1	2	1012	1324	2058	2900	3914	4821	5224	5366	5241	4947	4601	4184	3809	3417	3121	2904	2764	2795	2989	3248	3541	3761	3827	3773	3618	3414	3177	2929	2695	2485	2360	2196	
54	2676	60.0	60.0	6	1	1	2	1028	1324	2049	2868	3933	4756	5259	5377	5232	4927	4604	4237	3824	3458	3141	2891	2756	2816	2971	3276	3514	3797	3820	3790	3599	3416	3157	2929	2693	2544	2369	2212	
54	2694	59.9	60.0	6	1	1	2	1013	1315	2026	2897	3944	4783	5271	5380	5275	4897	4612	4158	3839	3474	3139	2898	2770	2810	2958	3262	3573	3762	3834	3776	3628	3452	3194	2920	2711	2520	2352	2196	
54	2711	59.9	60.0	6	1	1	2	1017	1317	2026	2872	3906	4752	5209	5313	5197	4886	4591	4176	3804	3441	3104	2850	2756	2786	2956	3231	3504	3725	3815	3770	3598	3408	3168	2917	2703	2520	2349	2212	
54	2728	60.0	60.0	6	1	1	2	1022	1337	2049	2888	3909	4743	5244	5323	5179	4905	4549	4167	3787	3390	3107	2898	2753	2784	2982	3223	3569	3735	3804	3757	3592	3413	3161	2913	2728	2524	2340	2219	
54	2793	95.0	95.1	7	1	0	2	933	1074	1411	1835	2347	2784	3060	3182	3164	3065	2880	2734	2530	2306	2152	2111	2091	2213	2397	2635	2858	2996	3095	3046	2931	2791	2633	2466	2303	2172	2048	1945	
54	2810	95.0	95.0	7	1	0	2	926	1072	1374	1822	2368	2785	3070	3158	3154	3003	2926	2694	2519	2306	2179	2117	2103	2188	2370	2617	2837	2984	3088	3071	2933	2799	2629	2446	2303	2155	2048	1933	
54	2873	59.9	60.1	7	1	1	2	1049	1308	2037	2860	3869	4728	5159	5315	5163	4886	4526	4197	3777	3382	3097	2854	2756	2770	2944	3248	3546	3763	3815	3727	3582	3425	3154	2931	2669	2496	2328	2169	
54	2890	59.9	60.0	7	1	1	2	1023	1328	2005	2893	3928	4737	5178	5315	5199	4847	4563	4151	3781	3429	3144	2839	2745	2780	2958	3240	3456	3733	3812	3765	3553	3421	3179	2930	2692	2485	2359	2182	
54	2907	60.0	60.0	7	1	1	2	1006	1329	2017	2871	3948	4728	5259	5331	5207	4929	4644	4164	3827	3411	3092	2868	2753	2783	2985	3247	3513	3748	3804	3786	3621	3454	3150	2923	2679	2510	2339	2200	
54	2925	60.0	60.0	7	1	1	2	1009	1311	2034	2899	3899	4742	5192	5351	5178	4927	4583	4158	3778	3424	3069	2867	2756	2746	2941	3255	3518	3761	3843	3746	3593	3397	3127	2905	2714	2505	2334	2187	
54	2942	60.0	60.0	7	1	1	2	1033	1326	2048	2871	3905	4732	5158	5278	5173	4875	4538	4128	3791	3406	3112	2852	2739	2754	2955	3245	3486	3772	3776	3724	3571	3424	3128	2911	2680	2490	2332	2173	
54	2959	60.0	60.0	7	1	1	2	1023	1326	2037	2857	3915	4749	5200	5324	5162	4897	4531	4147	3790	3403	3100	2850	2736	2749	2957	3231	3511	3723	3802	3758	3607	3399	3096	2885	2694	2481	2331	2174	
54	2976	60.0	60.0	7	1	1	2	1030	1326	2041	2847	3905	4765	5183	5258	5190	4912	4519	4125	3800	3406	3053	2867	2734	2786	2964	3209	3486	3734	3817	3717	3553	3416	3160	2899	2682	2497	2326	2194	
54	3041	95.0	95.1	8	1	0	2	937	1048	1390	1838	2305	2781	3064	3115	3138	3032	2900	2702	2498	2325	2199	2120	2096	2190	2378	2606	2844	2989	3090	3017	2900	2808	2591	2480	2294	2162	2036	1926	
54	3058	95.0	95.0	8	1	0	2	929	1069	1400	1838	2326	2743	3031	3169	3112	3030	2872	2694	2509	2313	2207	2071	2086	2196	2370	2625	2835	3038	3073	3016	2885	2783	2606	2436	2282	2167	2039	1948	
54	3121	59.9	60.1	8	1	1	2	1019	1317	2016	2842	3836	4678	5095	5264	5082	4827	4507	4097	3751	3369	3069	2802	2696	2741	2917	3193	3466	3713	3765	3701	3537	3364	3109	2861	2651	2477	2316	2171	
54	3138	60.0	60.0	8	1	1	2	1002	1324	2006	2842	3886	4704	5155	5232	5103	4815	4515	4137	3746	3380	3088	2835	2727	2732	2945	3220	3496	3690	3770	3718	3553	3369	3130	2914	2634	2446	2313	2174	
54	3155	59.9	60.0	8	1	1	2	1023	1295	2002	2848	3894	4747	5180	5302	5183	4842	4505	4114	3766	3396	3074	2843	2720	2746	2921	3233	3501	3690	3791	3709	3562	3385	3139	2909	2672	2477	2319	2165	
54	3173	60.0	60.0	8	1	1	2	1021	1315	2022	2822	3881	4735	5162	5305	5165	4852	4522	4133	3729	3429	3102	2848	2742	2762	2953	3241	3509	3700	3784	3717	3545	3371	3157	2937	2653	2472	2320	2189	
54	3190	59.9	60.0	8	1	1	2	1030	1314	2054	2838	3877	4686	5160	5316	5132	4823	4495	4138	3780	3382	3077	2862	2707	2749	2920	3208	3482	3679	3792	3731	3518	3379	3137	2854	2670	2478	2332	2168	
54	3207	59.9	60.0	8	1	1	2	1021	1304	2028	2816	3863	4686	5180	5252	5122	4824	4530	4104	3722	3345	3080	2826	2688	2728	2933	3200	3476	3712	3766	3686	3541	3345	3130	2886	2650	2514	2321	2176	
54	3224	60.0	60.0	8	1	1	2	1015	1324	2010	2849	3904	4696	5153	5237	5135	4850	4452	4132	3751	3410	3081	2822	2706	2740	2912	3205	3497	3680	3754	3728	3554	3363	3113	2910	2676	2449	2307	2179	
54	3287	95.1	95.0	9	1	0	2	928	1062	1395	1832	2333	2791	3041	3121	3118	3005	2837	2694	2502	2317	2174	2098	2094	2180	2345	2568	2784	2975	3009	2998	2902	2772	2608	2441	2270	2142	2034	1917	
54	3304	95.0	95.0	9	1	0	2	933	1058	1353	1824	2301	2777	3016	3123	3090	2966	2833	2655	2480	2279	2156	2092	2088	2159	2370	2597	2828	2974	3048	2993	2888	2759	2580	2437	2260	2183	2009	1911	
54	3367	59.8	60.1	9	1	1	2	1020	1306	1986	2821	3851	4699	5158	5220	5106	4811	4511	4073	3738	3356	3097	2823	2688	2745	2912	3177	3479	3684	3782	3719	3509	3355	3121	2915	2674	2468	2314	2162	
54	3384	60.0	60.0	9	1	1	2	1019	1316	2029	2842	3861	4701	5145	5251	5146	4870	4503	4116	3776	3390	3093	2853	2735	2755	2916	3228	3514	3700	3787	3715	3548	3380	3130	2885	2644	2471	2314	2171	
54	3401	60.0	60.0	9	1	1	2	1012	1313	2024	2856	3880	4706	5158	5247	5112	4828	4505	4109	3740	3368	3074	2842	2706	2740	2914	3205	3502	3685	3799	3710	3548	3401	3112	2908	2668	2489	2307	2177	
54	3419	59.9	60.0	9	1	1	2	1018	1304	2039	2840	3876	4700	5163	5247	5124	4834	4520	4093	3766	3373	3079	2859	2716	2775	2912	3214	3480	3723	3783	3682	3552	3384	3157	2884	2673	2470	2300	2181	
54	3436	60.0	60.0	9	1	1	2	1012	1300	2015	2836	3896	4695	5156	5250	5146	4832	4513	4128	3745	3344	3071	2832	2728	2713	2909	3194	3475	3683	3781	3687	3584	3362	3096	2872	2646	2476	2324	2185	
54	3453	59.9	60.0	9	1	1	2	1024	1304	2036	2833	3877	4692	5144	5236	5119	4784	4477	4072	3735	3352	3086	2824	2681	2725	2922	3226	3484	3675	3784	3758	3527	3347	3116	2842	2668	2467	2323	2134	
54	3470	59.9	60.0	9	1	1	2	1001	1285	2014	2832	3838	4679	5116	5260	5096	4813	4475	4045	3729	3346	3062	2821	2688	2710	2911	3184	3456	3709	3740	3710	3520	3373	3128	2873	2657	2476	2310	2156	
54	3533	95.1	95.0	10	1	0	2	963	1060	1357	1821	2333	2766	3013	3134	3112	3030	2872	2673	2492	2316	2172	2092	2062	2171	2360	2638	2787	2974	3034	3000	2870	2769	2596	2404	2274	2122	2029	1912	
54	3550	94.9	95.0	10	1	0	2	928	1056	1379	1827	2318	2752	3010	3111	3100	3002	2857	2663	2469	2319	2179	2064	2074	2206	2362	2597	2802	2943	3072	3001	2891	2733	2595	2434	2248	2121	2016	1951	
54	3613	59.7	60.1	10	1	1	2	1010	1308	1978	2791	3783	4620	5029	5205	5073	4756	4459	4069	3696	3312	3025	2798	2686	2693	2899	3146	3483	3638	3706	3686	3525	3336	3089	2865	2654	2467	2299	2155	
54	3630	60.0	60.0	10	1	1	2	1010	1304	1989	2800	3809	4635	5022	5222	5062	4772	4472	4034	3723	3319	3071	2834	2683	2728	2890	3175	3441	3665	3735	3664	3517	3350	3088	2874	2644	2480	2292	2138	
54	3648	59.9	60.0	10	1	1	2	1012	1307	1997	2826	3863	4637	5114	5216	5086	4789	4476	4092	3722	3340	3045	2808	2665	2755	2912	3170	3514	3670	3771	3710	3524	3377	3091	2867	2636	2451	2325	2129	
54	3665	60.0	60.0	10	1	1	2	1021	1319	2019	2810	3834	4644	5068	5206	5050	4753	4442	4091	3720	3345	3025	2783	2698	2721	2887	3163	3457	3658	3752	3701	3492	3339	3102	2858	2640	2457	2277	2174	
54	3682	60.0	60.0	10	1	1	2	1010	1289	1987	2829	3817	4649	5093	5163	5055	4742	4436	4068	3691	3344	3033	2797	2670	2714	2884	3162	3438	3652	3732	3673	3497	3278	3089	2847	2615	2440	2286	2160	
54	3699	60.0	60.0	10	1	1	2	1015	1314	2006	2844	3824	4632	5076	5186	5047	4792	4434	4051	3724	3342	3055	2802	2701	2712	2860	3153	3434	3700	3742	3653	3505	3338	3087	2836	2646	2432	2258	2177	
54	3717	60.0	60.0	10	1	1	2	1025	1309	1993	2805	3801	4649	5056	5180	5073	4716	4453	4043	3724	3337	3034	2799	2664	2719	2897	3168	3448	3674	3726	3664	3541	3329	3058	2841	2618	2458	2297	2130	
54	3779	95.0	95.0	11	1	0	2	912	1057	1365	1814	2330	2754	3000	3105	3112	2990	2863	2668	2459	2292	2173	2069	2029	2155	2358	2581	2819	2973	3015	2984	2864	2739	2583	2443	2275	2150	2010	1891	
54	3796	95.0	95.0	11	1	0	2	927	1059	1393	1822	2279	2734	2987	3086	3078	2989	2808	2628	2461	2279	2163	2046	2062	2141	2336	2569	2759	2968	3020	2972	2879	2739	2580	2420	2239	2111	2031	1900	
54	3859	59.7	60.1	11	1	1	2	1015	1292	1987	2745	3787	4588	5068	5132	4995	4683	4410	4044	3664	3290	3004	2784	2647	2732	2868	3150	3425	3674	3722	3687	3484	3331	3077	2841	2606	2455	2292	2135	
54	3876	59.9	60.0	11	1	1	2	1025	1307	2005	2766	3798	4570	5088	5122	5016	4765	4441	4038	3670	3299	3000	2751	2680	2722	2860	3124	3416	3657	3694	3642	3475	3294	3076	2849	2642	2427	2305	2152	
54	3894	59.9	60.0	11	1	1	2	1012	1313	2011	2807	3799	4645	5124	5233	5076	4797	4462	4056	3690	3326	3007	2803	2682	2715	2913	3180	3408	3679	3714	3644	3507	3326	3090	2832	2627	2414	2272	2124	
54	3911	60.0	60.0	11	1	1	2	998	1297	2010	2824	3800	4592	5059	5190	5057	4781	4418	4025	3674	3321	3022	2801	2678	2711	2889	3162	3407	3633	3728	3643	3506	3302	3068	2839	2612	2452	2316	2129	
54	3928	60.0	60.0	11	1	1	2	1010	1288	1983	2798	3792	4552	5033	5173	5032	4723	4420	4030	3686	3318	3026	2825	2671	2729	2888	3174	3407	3679	3730	3648	3476	3350	3044	2841	2628	2466	2284	2140	
54	3945	60.0	60.0	11	1	1	2	1005	1284	1988	2791	3766	4598	5016	5182	5033	4745	4440	3999	3643	3301	3016	2765	2688	2691	2873	3133	3420	3624	3689	3644	3492	3333	3057	2806	2614	2419	2315	2132	
54	3963	59.9	60.0	11	1	1	2	1024	1313	2001	2795	3765	4580	5034	5126	5038	4771	4421	4028	3662	3335	3007	2802	2650	2686	2838	3136	3425	3606	3691	3638	3467	3315	3072	2825	2616	2454	2275	2130	
54	4027	95.1	95.1	12	1	0	2	923	1068	1360	1787	2289	2743	2978	3082	3103	2916	2848	2650	2498	2279	2140	2057	2086	2136	2353	2604	2816	2898	2998	2941	2851	2766	2576	2402	2257	2127	2000	1877	
54	4044	95.0	95.0	12	1	0	2	935	1059	1394	1773	2289	2700	2964	3053	3059	2924	2833	2614	2452	2270	2144	2048	2026	2128	2343	2588	2800	2925	3005	2956	2865	2729	2568	2388	2224	2109	1999	1893	
54	4107	59.8	60.1	12	1	1	2	1027	1294	1981	2773	3795	4604	5012	5164	5038	4759	4408	3987	3679	3291	3024	2785	2652	2712	2849	3131	3432	3648	3686	3657	3531	3318	3072	2826	2626	2417	2256	2136	
54	4124	59.9	60.0	12	1	1	2	1002	1300	1982	2786	3794	4624	5066	5186	5031	4748	4464	3999	3683	3316	3019	2780	2659	2700	2885	3123	3405	3649	3725	3645	3496	3293	3059	2856	2623	2417	2302	2149	
54	4142	59.9	60.0	12	1	1	2	1006	1301	1982	2842	3823	4624	5078	5195	5055	4803	4445	4049	3726	3364	3065	2798	2685	2705	2901	3157	3428	3670	3708	3690	3508	3344	3082	2865	2616	2457	2286	2143	
54	4159	59.9	60.0	12	1	1	2	1032	1284	1990	2771	3807	4627	5034	5157	5026	4739	4387	4010	3654	3306	3039	2800	2648	2650	2889	3148	3401	3611	3701	3668	3461	3336	3046	2816	2624	2445	2269	2127	
54	4176	59.9	60.0	12	1	1	2	1027	1303	2000	2802	3808	4591	5052	5138	5057	4717	4407	4008	3703	3305	3064	2790	2675	2716	2869	3128	3422	3616	3704	3631	3497	3310	3055	2852	2616	2398	2266	2147	
54	4193	59.9	60.0	12	1	1	2	1012	1284	1971	2787	3790	4593	5013	5157	5007	4728	4414	4047	3658	3322	3036	2813	2661	2698	2874	3115	3388	3675	3676	3641	3489	3282	3043	2821	2626	2428	2265	2117	
54	4211	60.0	60.0	12	1	1	2	1034	1298	1989	2799	3776	4577	5023	5167	4975	4726	4404	4008	3632	3273	3001	2776	2642	2693	2855	3124	3413	3618	3689	3626	3482	3289	3046	2826	2621	2423	2258	2140	
54	4273	95.0	95.0	13	1	0	2	914	1055	1372	1806	2300	2720	2980	3084	3088	2970	2840	2650	2469	2273	2154	2073	2045	2132	2352	2572	2784	2927	3017	2970	2854	2748	2557	2396	2224	2134	1993	1886	
54	4291	95.0	95.0	13	1	0	2	912	1054	1369	1797	2259	2705	2927	3041	3063	2940	2803	2612	2431	2299	2129	2054	2022	2112	2298	2571	2770	2934	2982	3000	2824	2724	2554	2384	2270	2117	2021	1892	
54	4353	59.8	60.1	13	1	1	2	1020	1278	1974	2763	3760	4592	4977	5130	4979	4665	4388	3985	3659	3308	3042	2781	2668	2681	2837	3136	3441	3600	3667	3636	3464	3311	3095	2812	2606	2442	2271	2142	
54	4371	59.9	60.0	13	1	1	2	1014	1286	2003	2771	3811	4594	5050	5174	5003	4735	4441	4038	3678	3334	3003	2784	2658	2716	2916	3156	3405	3651	3721	3652	3496	3324	3057	2808	2613	2433	2220	2144	
54	4388	60.0	60.0	13	1	1	2	1010	1292	2017	2794	3827	4577	5088	5137	5003	4740	4428	4058	3634	3307	3026	2800	2680	2728	2848	3141	3417	3650	3705	3640	3485	3296	3078	2818	2592	2426	2269	2139	
54	4405	59.9	60.0	13	1	1	2	1003	1300	2026	2770	3778	4600	5030	5142	5011	4768	4417	3999	3648	3294	3026	2811	2696	2696	2881	3141	3406	3607	3696	3621	3466	3320	3044	2754	2615	2423	2268	2125	
54	4422	60.0	60.0	13	1	1	2	1025	1290	1983	2797	3794	4590	5009	5093	5024	4671	4403	4018	3688	3315	3005	2767	2680	2668	2887	3101	3431	3591	3709	3592	3486	3321	3061	2807	2609	2416	2258	2142	
54	4440	59.9	60.0	13	1	1	2	1030	1288	1992	2773	3805	4599	4985	5108	5027	4687	4392	4013	3668	3285	3013	2779	2664	2666	2866	3109	3375	3587	3703	3600	3492	3294	3050	2838	2617	2430	2269	2137	
54	4457	60.0	60.0	13	1	1	2	989	1297	1986	2775	3771	4611	5038	5152	4954	4700	4397	3972	3664	3292	3006	2786	2687	2666	2877	3143	3396	3605	3709	3587	3465	3288	3050	2841	2640	2424	2234	2110	
54	4519	95.0	95.0	14	1	0	2	926	1043	1369	1779	2279	2708	2974	3073	3073	2945	2852	2631	2459	2276	2140	2060	2034	2117	2305	2562	2773	2920	2982	2956	2851	2724	2553	2399	2251	2083	1980	1889	
54	4537	95.0	95.0	14	1	0	2	927	1053	1352	1773	2234	2707	2969	3072	3056	2910	2801	2593	2401	2275	2107	2064	2029	2144	2300	2564	2774	2928	2975	2924	2838	2680	2541	2393	2232	2096	1980	1879	
54	4599	59.8	60.1	14	1	1	2	1015	1286	2001	2735	3773	4563	5011	5077	4979	4667	4394	4008	3635	3240	2976	2809	2645	2686	2845	3140	3381	3617	3651	3642	3452	3280	3052	2815	2594	2414	2252	2185	
54	4617	59.9	60.0	14	1	1	2	1004	1307	1997	2761	3780	4539	4999	5039	4944	4682	4351	3964	3669	3309	2998	2785	2637	2661	2844	3109	3396	3589	3657	3653	3467	3285	3041	2800	2590	2430	2245	2114	
54	4634	60.0	60.0	14	1	1	2	1004	1292	2006	2750	3785	4586	5023	5114	5000	4754	4374	4021	3647	3277	3013	2788	2651	2685	2857	3125	3412	3599	3663	3614	3458	3304	3042	2808	2605	2414	2263	2144	
54	4651	59.9	60.0	14	1	1	2	1015	1284	1973	2788	3736	4564	5017	5127	5007	4767	4405	4022	3666	3246	3018	2793	2671	2650	2856	3084	3388	3595	3708	3613	3494	3294	3024	2806	2572	2380	2251	2138	
54	4668	59.9	60.0	14	1	1	2	1013	1289	1992	2769	3774	4588	4996	5125	4981	4704	4381	4001	3640	3293	2996	2786	2642	2693	2868	3119	3402	3619	3681	3610	3478	3272	3027	2824	2587	2422	2257	2151	
54	4686	59.9	60.0	14	1	1	2	1023	1287	1985	2784	3772	4599	5016	5110	5009	4677	4390	4005	3640	3294	3008	2763	2673	2654	2875	3133	3384	3571	3693	3602	3460	3324	3008	2821	2604	2374	2245	2109	
54	4703	59.9	60.0	14	1	1	2	1012	1314	1977	2761	3749	4542	5023	5083	5017	4680	4386	4014	3637	3314	3008	2758	2663	2677	2862	3133	3368	3567	3700	3612	3463	3293	3028	2824	2573	2423	2255	2116	
54	4766	95.0	95.0	15	1	0	2	934	1063	1358	1800	2278	2745	2952	3091	3025	2931	2831	2621	2444	2276	2147	2052	2040	2120	2318	2521	2763	2945	2987	2926	2851	2710	2552	2407	2246	2113	2000	1879	
54	4783	95.0	95.0	15	1	0	2	938	1061	1357	1767	2237	2688	2959	3025	3029	2933	2770	2591	2408	2261	2128	2045	2038	2133	2312	2549	2775	2940	2972	2921	2791	2702	2523	2380	2222	2113	1985	1898	
54	4846	60.0	60.1	15	1	1	2	1000	1272	1975	2774	3750	4536	4998	5095	4963	4672	4356	3981	3617	3268	2966	2763	2656	2701	2846	3111	3378	3608	3675	3580	3420	3261	3054	2772	2577	2414	2256	2099	
54	4863	59.9	60.0	15	1	1	2	1006	1279	1989	2762	3773	4581	4981	5110	4977	4691	4375	3966	3668	3295	2994	2777	2631	2679	2888	3133	3394	3659	3673	3618	3477	3280	3027	2806	2583	2415	2261	2123	
54	4880	60.0	60.0	15	1	1	2	1003	1303	1993	2763	3746	4571	5014	5150	5007	4731	4411	4054	3652	3316	3018	2783	2648	2686	2838	3108	3397	3602	3655	3611	3486	3271	3032	2825	2593	2414	2261	2136	
54	4897	59.9	60.0	15	1	1	2	1006	1294	1997	2737	3768	4609	5031	5101	4961	4680	4372	3998	3643	3269	3032	2765	2637	2687	2845	3148	3389	3593	3683	3620	3456	3281	3044	2817	2623	2444	2253	2118	
54	4915	60.0	60.0	15	1	1	2	1010	1291	1987	2757	3788	4515	4979	5117	4936	4740	4412	4012	3655	3280	2978	2798	2635	2679	2884	3086	3375	3581	3675	3602	3466	3260	3045	2822	2599	2419	2251	2109	
54	4932	59.9	60.0	15	1	1	2	1014	1308	1982	2765	3741	4566	4996	5100	4964	4725	4379	4006	3637	3281	2981	2760	2630	2662	2807	3107	3395	3564	3633	3605	3467	3292	3024	2780	2609	2387	2279	2128	
54	4949	60.0	60.0	15	1	1	2	1016	1291	1947	2763	3730	4565	4970	5081	4946	4670	4427	3964	3632	3275	2987	2752	2635	2700	2868	3117	3387	3557	3636	3600	3465	3302	3017	2781	2580	2421	2239	2118	
54	5012	94.9	95.0	16	1	0	2	911	1055	1365	1811	2275	2691	2945	3076	3028	2964	2805	2604	2427	2262	2133	2062	2030	2119	2310	2500	2759	2915	2970	2932	2791	2718	2481	2384	2182	2108	1981	1880	
54	5029	95.0	95.0	16	1	0	2	929	1035	1353	1789	2259	2686	2928	3013	3042	2937	2786	2618	2448	2236	2138	2023	2022	2129	2289	2522	2727	2884	2940	2908	2816	2694	2527	2386	2227	2109	1996	1881	
54	5092	59.9	60.1	16	1	1	2	998	1312	1980	2701	3771	4514	4912	5019	4934	4664	4367	3977	3632	3304	2969	2732	2598	2687	2838	3070	3359	3572	3640	3578	3440	3273	3032	2815	2595	2402	2247	2102	
54	5109	59.9	60.0	16	1	1	2	1012	1297	1949	2739	3765	4543	4963	5084	4953	4700	4378	3989	3582	3284	2977	2776	2661	2684	2847	3094	3387	3596	3673	3622	3457	3303	3054	2808	2582	2425	2252	2106	
54	5126	59.9	60.0	16	1	1	2	1006	1308	1966	2794	3772	4573	5039	5127	4943	4668	4374	3976	3677	3276	3009	2779	2688	2683	2818	3132	3394	3597	3672	3597	3450	3333	3070	2846	2598	2415	2267	2132	
54	5143	60.0	60.0	16	1	1	2	1013	1284	1979	2753	3760	4561	5007	5071	4974	4689	4352	3989	3617	3263	3022	2738	2659	2700	2844	3116	3393	3579	3630	3640	3433	3276	3060	2805	2590	2415	2247	2125	
54	5161	60.0	60.0	16	1	1	2	1000	1284	1997	2742	3757	4571	5010	5086	4963	4667	4374	3986	3621	3250	3001	2758	2641	2673	2854	3114	3401	3552	3648	3619	3417	3292	3020	2780	2631	2406	2233	2125	
54	5178	60.0	60.0	16	1	1	2	1009	1274	1980	2727	3745	4515	4953	5082	4936	4640	4343	3975	3652	3282	2968	2752	2626	2682	2811	3093	3380	3560	3648	3568	3443	3254	3019	2775	2568	2402	2244	2106	
54	5195	59.9	60.0	16	1	1	2	1019	1301	1982	2750	3734	4550	4953	5068	4944	4633	4384	3967	3608	3298	2975	2761	2633	2681	2836	3101	3370	3586	3653	3598	3455	3283	3029	2824	2598	2411	2253	2118	
54	5258	95.0	95.1	17	1	0	2	917	1054	1362	1783	2250	2708	2949	3076	3063	2940	2828	2596	2432	2255	2132	2024	2049	2102	2272	2535	2744	2928	2962	2944	2847	2708	2524	2394	2231	2091	1986	1887	
54	5275	95.0	95.0	17	1	0	2	934	1053	1356	1769	2229	2682	2923	3031	3047	2904	2772	2584	2416	2242	2128	2044	2043	2109	2288	2523	2746	2865	2961	2909	2824	2689	2512	2376	2248	2089	1987	1895	
54	5338	60.0	60.1	17	1	1	2	1012	1275	1986	2678	3713	4491	4921	5029	4863	4621	4303	3924	3606	3271	2977	2748	2622	2670	2826	3126	3363	3566	3623	3589	3417	3256	2990	2786	2592	2396	2243	2134	
54	5355	59.9	60.0	17	1	1	2	1029	1285	1975	2735	3753	4541	4931	5058	4978	4684	4376	3986	3610	3287	2973	2768	2645	2646	2838	3092	3358	3548	3681	3616	3411	3295	3038	2834	2591	2396	2291	2109	
54	5372	59.9	60.0	17	1	1	2	1022	1294	2000	2746	3734	4575	4936	5042	4939	4679	4361	3954	3634	3273	2977	2742	2644	2679	2834	3097	3387	3592	3664	3605	3457	3274	3026	2781	2591	2406	2245	2131	
54	5390	59.9	60.0	17	1	1	2	1023	1272	1990	2748	3743	4574	4961	5053	4956	4640	4335	3949	3638	3270	3009	2751	2632	2683	2865	3099	3365	3579	3632	3595	3419	3279	3036	2824	2585	2407	2259	2103	
54	5407	60.0	60.0	17	1	1	2	1018	1321	1998	2744	3738	4571	4955	5065	4951	4666	4382	3982	3664	3264	2981	2755	2626	2666	2829	3075	3365	3579	3636	3575	3432	3234	3034	2761	2592	2409	2271	2123	
54	5424	60.0	60.0	17	1	1	2	1023	1295	1961	2747	3728	4535	4941	5022	4923	4652	4366	3951	3596	3276	2939	2750	2641	2650	2856	3109	3356	3565	3657	3592	3405	3234	3050	2793	2572	2388	2241	2123	
54	5441	60.0	60.0	17	1	1	2	1002	1304	1977	2768	3733	4516	4929	5070	4894	4654	4305	3945	3571	3277	2986	2728	2607	2646	2836	3065	3354	3573	3612	3583	3416	3222	3012	2762	2543	2402	2230	2116	
54	5504	95.0	95.0	18	1	0	2	930	1018	1348	1776	2268	2717	2946	3062	2985	2948	2783	2588	2419	2300	2137	2053	2019	2120	2289	2524	2744	2883	2967	2924	2801	2691	2516	2373	2204	2066	1989	1866	
54	5521	95.0	95.0	18	1	0	2	908	1049	1348	1779	2280	2660	2905	3020	3006	2884	2766	2587	2404	2245	2083	2010	2012	2128	2294	2525	2724	2884	2955	2900	2801	2680	2541	2374	2222	2074	1983	1874	
54	5584	59.9	60.1	18	1	1	2	1014	1269	1984	2762	3693	4491	4946	5057	4905	4633	4335	3928	3569	3274	2960	2753	2623	2658	2816	3081	3343	3564	3628	3556	3430	3266	2981	2791	2576	2392	2244	2106	
54	5601	59.9	60.0	18	1	1	2	988	1278	1992	2723	3724	4502	4959	5042	4923	4659	4333	3978	3634	3253	2967	2730	2627	2652	2812	3127	3349	3577	3652	3609	3421	3291	3053	2800	2576	2408	2245	2112	
54	5618	59.9	60.0	18	1	1	2	1012	1301	1973	2744	3728	4564	4979	5059	4990	4663	4343	3998	3637	3288	2992	2768	2641	2681	2845	3103	3387	3562	3664	3607	3425	3282	2992	2793	2592	2415	2237	2120	
54	5636	60.0	60.0	18	1	1	2	1008	1290	1951	2749	3730	4570	4969	5088	4940	4662	4353	3948	3606	3296	2990	2748	2642	2665	2826	3095	3392	3580	3615	3573	3413	3285	2994	2773	2569	2392	2258	2104	
54	5653	59.9	60.0	18	1	1	2	1013	1280	2002	2726	3745	4521	4900	5054	4902	4614	4372	3937	3620	3234	2974	2775	2654	2619	2823	3073	3341	3568	3632	3527	3461	3253	2975	2806	2596	2408	2235	2111	
54	5670	60.0	60.0	18	1	1	2	1004	1293	1964	2733	3766	4551	4929	5046	4912	4634	4316	3926	3607	3236	2989	2725	2627	2645	2808	3088	3348	3565	3661	3568	3414	3255	3019	2785	2588	2363	2268	2106	
54	5687	60.0	60.0	18	1	1	2	1016	1277	1994	2736	3682	4523	4904	5034	4915	4616	4324	3935	3610	3242	2972	2755	2636	2622	2803	3114	3357	3566	3638	3590	3383	3252	3007	2813	2571	2384	2226	2097	
54	5750	95.0	95.1	19	1	0	2	926	1033	1350	1771	2264	2688	2970	3041	3033	2929	2815	2614	2440	2238	2112	2029	2024	2112	2300	2522	2754	2901	2945	2926	2820	2678	2518	2365	2229	2096	1970	1864	
54	5767	95.0	95.0	19	1	0	2	931	1024	1349	1738	2253	2683	2918	3032	3033	2869	2747	2574	2422	2241	2108	1993	2018	2122	2312	2546	2734	2876	2950	2895	2796	2644	2510	2389	2220	2073	1971	1862	
54	5830	59.9	60.1	19	1	1	2	1004	1271	1961	2718	3676	4514	4922	5035	4909	4587	4310	3899	3584	3272	2978	2726	2611	2637	2819	3069	3366	3548	3600	3556	3398	3250	2986	2806	2568	2390	2250	2090	
54	5847	59.9	60.0	19	1	1	2	1022	1289	1986	2748	3704	4503	4967	5032	4910	4633	4372	3964	3608	3290	2978	2760	2618	2678	2852	3108	3387	3565	3664	3570	3448	3249	3031	2788	2556	2404	2260	2120	
54	5864	59.9	60.0	19	1	1	2	1038	1286	1991	2732	3751	4510	4984	5076	4918	4684	4369	3946	3595	3265	2999	2747	2634	2689	2848	3101	3349	3578	3643	3568	3433	3259	3019	2806	2605	2399	2268	2122	
54	5882	60.0	60.0	19	1	1	2	1002	1281	1977	2742	3758	4504	4973	5071	4955	4648	4348	3975	3587	3241	2975	2743	2667	2669	2817	3087	3338	3581	3651	3600	3389	3313	3026	2792	2565	2408	2223	2129	
54	5899	60.0	60.0	19	1	1	2	1009	1289	1991	2761	3712	4520	4915	5027	4980	4641	4328	3965	3581	3236	2963	2720	2631	2654	2847	3103	3337	3556	3634	3543	3437	3259	2989	2790	2577	2391	2253	2093	
54	5916	60.0	60.0	19	1	1	2	994	1284	1967	2733	3695	4511	4915	5056	4889	4638	4346	3970	3622	3226	2965	2730	2626	2629	2811	3067	3377	3562	3596	3574	3400	3212	3023	2751	2582	2396	2243	2120	
54	5933	60.0	60.0	19	1	1	2	999	1312	1976	2741	3679	4514	4900	4998	4899	4611	4289	3923	3583	3224	2967	2717	2602	2636	2818	3069	3349	3533	3598	3577	3396	3226	3000	2767	2538	2387	2267	2112	
54	5996	95.0	95.0	20	1	0	2	927	1050	1352	1795	2243	2671	2961	3004	3028	2910	2783	2585	2386	2242	2111	2035	2020	2095	2312	2512	2721	2902	2950	2888	2798	2680	2500	2357	2228	2132	1942	1864	
54	6013	95.0	95.0	20	1	0	2	917	1055	1356	1740	2240	2691	2893	3033	3021	2892	2747	2573	2412	2259	2121	2044	2050	2114	2288	2510	2734	2832	2960	2915	2782	2673	2529	2368	2232	2107	1961	1891	
54	6076	59.8	60.1	20	1	1	2	1005	1275	1946	2713	3691	4472	4854	4998	4932	4581	4297	3921	3555	3240	2952	2714	2642	2634	2832	3060	3326	3561	3605	3565	3419	3238	2986	2776	2536	2390	2226	2112	
54	6093	59.9	60.0	20	1	1	2	1013	1274	1969	2712	3683	4515	4942	5033	4933	4625	4328	3934	3592	3252	2945	2742	2603	2666	2829	3152	3339	3558	3646	3570	3442	3243	3039	2756	2582	2424	2278	2108	
54	6111	59.9	60.0	20	1	1	2	1011	1286	1970	2781	3727	4482	4947	5036	4938	4653	4325	3949	3604	3260	2971	2771	2619	2661	2816	3076	3377	3566	3632	3547	3414	3268	2992	2788	2569	2399	2260	2099	
54	6128	60.0	60.0	20	1	1	2	1007	1280	2005	2772	3710	4498	4948	5081	4942	4638	4300	3945	3600	3278	2959	2753	2591	2644	2840	3088	3389	3544	3605	3596	3406	3247	3009	2801	2571	2383	2284	2115	
54	6145	59.9	60.0	20	1	1	2	1002	1265	1975	2749	3720	4477	4882	5013	4880	4656	4316	3938	3584	3238	2951	2745	2606	2628	2795	3085	3356	3580	3631	3547	3416	3242	2981	2759	2545	2399	2238	2107	
54	6162	60.0	60.0	20	1	1	2	999	1257	1978	2741	3698	4488	4864	5063	4905	4607	4295	3958	3600	3268	2951	2730	2633	2672	2814	3082	3343	3565	3615	3579	3404	3259	2977	2796	2561	2362	2226	2102	
54	6180	60.0	60.0	20	1	1	2	962	1282	1984	2734	3735	4509	4909	5033	4935	4629	4331	3951	3600	3223	2922	2716	2614	2644	2806	3085	3317	3542	3613	3530	3425	3236	3014	2769	2577	2392	2247	2067	
54	6244	95.1	95.1	21	1	0	2	906	1050	1338	1776	2257	2684	2894	3029	3012	2902	2790	2576	2410	2248	2101	2061	2015	2112	2302	2493	2732	2911	2963	2875	2771	2676	2500	2362	2244	2067	1974	1854	
54	6261	95.0	95.0	21	1	0	2	946	1042	1326	1744	2218	2672	2924	3026	2983	2888	2747	2577	2400	2226	2134	2020	2000	2101	2298	2501	2732	2865	2961	2866	2809	2637	2506	2351	2221	2054	1973	1866	
54	6324	59.9	60.1	21	1	1	2	1001	1266	1940	2709	3713	4493	4897	4976	4889	4574	4273	3916	3574	3236	2947	2718	2635	2651	2804	3096	3333	3566	3629	3542	3409	3246	2993	2770	2554	2405	2251	2118	
54	6341	60.0	60.0	21	1	1	2	1007	1285	1979	2722	3715	4480	4927	5006	4883	4631	4317	3953	3591	3252	2936	2755	2592	2671	2796	3077	3349	3535	3625	3555	3419	3282	3004	2775	2558	2420	2245	2080	
54	6359	59.9	60.0	21	1	1	2	1013	1276	1959	2727	3709	4525	4956	5045	4928	4642	4375	3966	3579	3267	2968	2736	2617	2610	2839	3088	3354	3581	3629	3561	3426	3221	3009	2808	2574	2392	2259	2120	
54	6376	60.0	60.0	21	1	1	2	1011	1272	1977	2717	3726	4528	4938	5068	4948	4642	4331	3952	3604	3262	2957	2767	2633	2656	2837	3086	3350	3586	3629	3572	3385	3235	3004	2790	2570	2390	2244	2105	
54	6393	59.9	60.0	21	1	1	2	1005	1290	1991	2740	3698	4469	4915	5017	4924	4646	4288	3943	3567	3254	2932	2723	2608	2634	2810	3050	3343	3541	3611	3564	3428	3244	2977	2761	2565	2387	2211	2077	
54	6410	60.0	60.0	21	1	1	2	1009	1273	1961	2718	3687	4501	4903	5006	4907	4641	4263	3917	3549	3249	2936	2744	2584	2627	2804	3073	3310	3554	3593	3541	3404	3221	2984	2768	2565	2348	2232	2097	
54	6428	60.0	60.0	21	1	1	2	999	1286	1972	2727	3720	4493	4910	4968	4851	4584	4259	3924	3580	3219	2949	2733	2595	2631	2780	3067	3304	3539	3594	3544	3376	3195	3005	2757	2580	2378	2234	2096	
54	6492	95.1	95.1	22	1	0	2	920	1051	1358	1782	2254	2672	2939	2996	2997	2910	2754	2560	2413	2235	2110	1997	2014	2103	2313	2510	2714	2892	2947	2875	2779	2685	2516	2347	2188	2072	1964	1852	
54	6509	95.0	95.0	22	1	0	2	920	1050	1344	1758	2243	2670	2915	3011	3014	2887	2749	2556	2419	2233	2094	2003	2015	2102	2272	2489	2710	2903	2917	2878	2789	2649	2496	2367	2237	2091	1948	1869	
54	6572	59.8	60.1	22	1	1	2	999	1288	1977	2730	3657	4466	4897	4994	4865	4610	4312	3904	3599	3214	2967	2748	2645	2616	2800	3088	3344	3489	3627	3590	3440	3230	2992	2791	2587	2372	2217	2102	
54	6589	60.0	60.0	22	1	1	2	998	1273	1987	2748	3711	4493	4923	5021	4920	4636	4306	3945	3577	3233	2932	2726	2626	2669	2815	3094	3374	3554	3588	3570	3374	3230	2980	2780	2578	2373	2235	2126	
54	6607	60.0	60.0	22	1	1	2	1014	1266	1998	2735	3704	4531	4984	5062	4938	4645	4311	3940	3610	3231	2967	2779	2611	2656	2835	3083	3372	3559	3625	3584	3422	3257	3005	2781	2567	2379	2251	2114	
54	6624	60.0	60.0	22	1	1	2	1021	1270	2005	2729	3691	4525	4872	5028	4890	4587	4317	3904	3608	3221	2935	2729	2597	2647	2781	3038	3334	3529	3616	3553	3390	3215	3000	2778	2541	2389	2213	2102	
54	6641	60.0	60.0	22	1	1	2	1013	1277	1988	2722	3684	4510	4951	5031	4880	4592	4296	3922	3585	3233	2960	2735	2634	2668	2800	3048	3309	3524	3573	3531	3416	3240	3002	2770	2571	2381	2223	2101	
54	6658	60.0	60.0	22	1	1	2	973	1253	1957	2712	3707	4460	4919	5012	4853	4632	4287	3909	3549	3231	2965	2713	2599	2646	2788	3049	3285	3525	3574	3557	3401	3205	2970	2772	2547	2374	2209	2085	
54	6676	60.0	60.0	22	1	1	2	998	1282	1984	2720	3706	4457	4880	5021	4889	4578	4308	3915	3604	3237	2936	2712	2648	2633	2820	3064	3303	3530	3585	3545	3390	3214	2999	2779	2559	2365	2218	2103	
54	6740	95.0	95.1	23	1	0	2	931	1042	1343	1787	2219	2662	2947	3048	2997	2925	2772	2578	2419	2216	2100	2052	1984	2094	2299	2527	2719	2889	2896	2837	2813	2700	2503	2362	2198	2080	1968	1843	
54	6757	95.0	95.0	23	1	0	2	914	1063	1345	1797	2249	2635	2890	3002	3000	2897	2750	2578	2380	2231	2087	2010	2004	2120	2280	2484	2725	2854	2886	2877	2788	2674	2493	2353	2201	2054	1957	1869	
54	6820	59.9	60.1	23	1	1	2	1005	1288	1944	2712	3670	4424	4854	4943	4856	4600	4299	3888	3566	3232	2945	2727	2606	2618	2758	3054	3312	3540	3630	3559	3396	3256	2956	2766	2552	2358	2243	2077	
54	6838	59.9	60.0	23	1	1	2	997	1285	1977	2672	3682	4462	4886	5041	4860	4630	4315	3923	3574	3224	2956	2716	2612	2640	2802	3084	3374	3542	3585	3555	3390	3241	2979	2772	2570	2406	2222	2090	
54	6855	60.0	60.0	23	1	1	2	1011	1286	1955	2719	3706	4468	4916	5029	4880	4609	4329	3905	3598	3225	2990	2742	2624	2666	2812	3065	3290	3520	3645	3574	3418	3230	2985	2763	2593	2365	2213	2093	
54	6872	60.0	60.0	23	1	1	2	1002	1276	1959	2714	3688	4437	4890	4989	4903	4624	4300	3899	3573	3230	2938	2711	2623	2629	2779	3069	3295	3533	3578	3541	3390	3248	2951	2742	2592	2368	2206	2094	
54	6889	60.0	60.0	23	1	1	2	994	1278	1960	2717	3686	4425	4904	4966	4855	4636	4285	3906	3556	3187	2946	2702	2598	2641	2774	3017	3325	3558	3615	3551	3401	3228	2995	2745	2558	2379	2212	2131	
54	6907	60.0	60.0	23	1	1	2	1000	1273	1970	2711	3659	4464	4885	4955	4815	4582	4248	3895	3554	3221	2952	2708	2572	2612	2794	3031	3305	3490	3604	3503	3390	3186	2989	2767	2530	2374	2238	2101	
54	6924	60.0	60.0	23	1	1	2	1014	1290	1980	2706	3678	4486	4897	4997	4846	4563	4256	3915	3553	3220	2927	2714	2597	2647	2772	3031	3328	3516	3560	3530	3357	3198	2984	2752	2542	2361	2212	2100	
54	6986	95.2	95.0	24	1	0	2	918	1052	1348	1772	2239	2667	2933	3023	2996	2903	2757	2591	2420	2220	2100	2004	1999	2088	2283	2508	2730	2885	2906	2881	2800	2673	2494	2303	2197	2076	1952	1854	
54	7004	95.0	95.0	24	1	0	2	905	1042	1342	1788	2228	2637	2917	3036	2973	2905	2752	2572	2390	2228	2106	2015	2007	2110	2283	2509	2727	2859	2887	2910	2785	2682	2493	2351	2187	2094	1962	1863	
54	7066	59.8	60.1	24	1	1	2	996	1280	1949	2709	3681	4444	4871	4915	4817	4534	4262	3931	3557	3210	2904	2714	2616	2681	2797	3043	3296	3511	3607	3526	3391	3221	2970	2760	2524	2369	2219	2088	
54	7083	59.9	60.0	24	1	1	2	1000	1277	1957	2685	3656	4428	4906	4994	4846	4566	4286	3897	3501	3211	2940	2730	2603	2637	2801	3055	3317	3545	3582	3529	3397	3233	2990	2765	2575	2376	2211	2101	
54	7100	60.0	60.0	24	1	1	2	1005	1275	1980	2704	3704	4477	4926	5031	4893	4605	4301	3919	3586	3211	2941	2722	2613	2646	2798	3048	3337	3526	3630	3558	3379	3265	2983	2775	2544	2384	2237	2090	
54	7117	59.9	60.0	24	1	1	2	993	1293	1993	2719	3670	4446	4913	4968	4850	4618	4296	3963	3586	3238	2921	2721	2594	2611	2795	3073	3329	3535	3582	3578	3405	3249	2998	2759	2568	2383	2226	2112	
54	7135	60.0	60.0	24	1	1	2	1010	1283	1962	2740	3677	4497	4900	4994	4849	4621	4283	3937	3588	3220	2947	2719	2620	2646	2808	3054	3345	3524	3606	3543	3401	3224	2994	2777	2543	2390	2243	2103	
54	7152	60.0	60.0	24	1	1	2	1022	1287	1975	2702	3663	4516	4885	4982	4843	4592	4258	3914	3555	3208	2960	2731	2613	2627	2793	3085	3300	3517	3606	3524	3385	3233	2973	2732	2556	2370	2189	2123	
54	7169	60.0	60.0	24	1	1	2	1024	1269	1971	2705	3709	4446	4889	4990	4842	4584	4296	3903	3527	3224	2935	2739	2569	2624	2777	3081	3314	3565	3592	3519	3399	3205	2988	2744	2565	2365	2229	2071	
54	7232	95.1	95.0	25	1	0	2	917	1051	1350	1778	2239	2661	2936	3013	3018	2883	2743	2575	2407	2233	2108	2074	2018	2112	2272	2499	2713	2853	2919	2894	2790	2696	2522	2368	2215	2088	1967	1864	
54	7249	95.0	95.0	25	1	0	2	917	1045	1340	1763	2222	2642	2863	3003	2995	2888	2790	2569	2392	2207	2090	2017	1987	2125	2276	2499	2692	2845	2926	2890	2765	2645	2480	2349	2214	2088	1977	1852	
54	7312	59.9	60.1	25	1	1	2	1019	1275	1987	2701	3656	4428	4884	4938	4865	4563	4284	3894	3558	3234	2957	2707	2614	2620	2787	3042	3345	3494	3583	3538	3374	3219	2961	2756	2553	2385	2218	2109	
54	7329	59.9	60.0	25	1	1	2	1010	1285	1971	2690	3681	4496	4875	4978	4858	4603	4315	3886	3561	3192	2941	2725	2591	2632	2819	3056	3327	3513	3563	3547	3392	3229	3002	2769	2565	2366	2236	2095	
54	7346	59.9	60.0	25	1	1	2	1006	1264	1983	2703	3694	4506	4944	5051	4890	4625	4316	3946	3597	3226	2950	2739	2596	2635	2808	3069	3365	3568	3621	3535	3394	3237	3018	2768	2569	2378	2221	2117	
54	7363	59.9	60.0	25	1	1	2	1018	1275	1984	2726	3740	4497	4925	5015	4902	4601	4288	3895	3609	3237	2967	2744	2633	2623	2812	3097	3330	3546	3620	3530	3399	3222	2991	2752	2513	2383	2211	2103	
54	7381	59.9	60.0	25	1	1	2	1001	1276	1988	2710	3701	4485	4889	5034	4885	4582	4325	3918	3588	3232	2960	2738	2614	2636	2800	3075	3317	3562	3609	3563	3373	3244	2981	2757	2580	2396	2230	2099	
54	7398	59.9	60.0	25	1	1	2	1019	1285	1980	2750	3671	4481	4862	4970	4907	4588	4260	3905	3553	3237	2937	2684	2581	2606	2782	3056	3320	3529	3596	3526	3387	3234	2989	2784	2537	2379	2224	2087	
54	7415	60.0	60.0	25	1	1	2	1008	1284	1970	2676	3692	4490	4918	4983	4907	4565	4281	3892	3584	3235	2934	2706	2633	2630	2810	3077	3318	3529	3589	3542	3384	3224	3012	2746	2552	2394	2235	2098	
54	7478	95.0	95.0	26	1	0	2	928	1052	1342	1769	2269	2661	2921	3015	2964	2888	2752	2585	2421	2208	2119	2007	2017	2120	2276	2521	2725	2882	2931	2881	2791	2653	2514	2345	2171	2042	1971	1878	
54	7495	95.0	95.0	26	1	0	2	913	1054	1336	1780	2230	2641	2904	2960	2954	2877	2757	2547	2409	2239	2090	2019	2009	2094	2265	2500	2682	2852	2919	2865	2800	2653	2467	2332	2199	2066	1970	1839	
54	7558	59.8	60.1	26	1	1	2	997	1280	1958	2708	3635	4431	4849	4980	4840	4587	4274	3893	3552	3228	2909	2699	2607	2641	2786	3046	3277	3512	3608	3528	3362	3206	2972	2759	2521	2388	2216	2081	
54	7575	59.9	60.0	26	1	1	2	1010	1260	1971	2674	3692	4492	4895	4979	4876	4613	4262	3936	3575	3252	2940	2713	2629	2655	2825	3097	3334	3564	3610	3563	3379	3228	2992	2779	2561	2379	2239	2118	
54	7592	60.0	60.0	26	1	1	2	994	1279	1970	2689	3708	4490	4923	5029	4910	4639	4286	3909	3607	3221	2943	2735	2601	2626	2825	3095	3320	3541	3577	3513	3390	3238	2964	2758	2522	2404	2205	2106	
54	7609	60.0	60.0	26	1	1	2	1010	1270	1989	2719	3706	4465	4922	5024	4845	4606	4265	3903	3574	3206	2929	2773	2638	2635	2797	3072	3336	3567	3617	3557	3392	3215	2994	2766	2552	2397	2218	2114	
54	7627	60.0	60.0	26	1	1	2	987	1284	1966	2706	3702	4470	4865	4974	4904	4580	4294	3889	3593	3212	2954	2711	2607	2616	2781	3054	3316	3516	3567	3574	3370	3234	2975	2772	2540	2345	2248	2091	
54	7644	60.0	60.0	26	1	1	2	1016	1292	1972	2695	3693	4485	4873	4980	4899	4557	4278	3914	3586	3205	2913	2719	2602	2637	2779	3032	3284	3503	3581	3560	3384	3249	2979	2759	2553	2369	2216	2101	
54	7661	59.9	60.0	26	1	1	2	1003	1287	1962	2682	3667	4457	4866	5009	4814	4616	4276	3940	3562	3232	2932	2715	2594	2618	2789	3043	3343	3526	3616	3529	3342	3233	2962	2770	2549	2381	2228	2105	
54	7724	95.0	95.0	27	1	0	2	914	1071	1354	1769	2272	2673	2937	3008	3030	2912	2790	2582	2432	2248	2117	2009	2033	2117	2286	2515	2734	2876	2943	2905	2836	2664	2546	2386	2225	2088	1967	1865	
54	7741	94.9	95.0	27	1	0	2	922	1051	1332	1760	2229	2670	2955	3003	2994	2878	2757	2584	2399	2214	2092	2010	2017	2108	2278	2513	2724	2886	2869	2930	2763	2638	2535	2345	2219	2057	1951	1885	
54	7804	59.9	60.1	27	1	1	2	1005	1277	1980	2701	3681	4456	4878	4965	4829	4616	4331	3922	3554	3227	2948	2704	2595	2642	2799	3049	3331	3531	3610	3562	3415	3199	3000	2765	2560	2380	2210	2097	
54	7821	59.9	60.0	27	1	1	2	993	1277	1992	2743	3693	4483	4913	5019	4854	4595	4327	3913	3602	3250	2977	2695	2649	2643	2800	3066	3372	3548	3588	3565	3403	3254	2949	2769	2571	2394	2241	2125	
54	7838	59.9	60.0	27	1	1	2	1008	1300	1983	2732	3734	4496	4960	5083	4944	4636	4340	3959	3628	3254	2977	2737	2652	2624	2846	3075	3322	3569	3651	3555	3428	3264	3030	2785	2595	2391	2241	2091	
54	7855	59.9	60.0	27	1	1	2	999	1272	1964	2715	3724	4488	4917	5038	4916	4681	4307	3948	3596	3222	2953	2715	2596	2667	2827	3102	3343	3527	3623	3590	3384	3240	3002	2755	2584	2374	2255	2084	
54	7873	59.9	60.0	27	1	1	2	1012	1276	1969	2729	3710	4489	4918	5040	4871	4607	4372	3941	3574	3207	2962	2733	2606	2623	2799	3083	3319	3525	3617	3555	3389	3248	3012	2807	2556	2388	2226	2091	
54	7890	60.0	60.0	27	1	1	2	1003	1270	1971	2723	3709	4515	4887	5004	4891	4640	4271	3930	3600	3261	2958	2722	2599	2674	2791	3051	3330	3569	3602	3564	3381	3223	2983	2771	2566	2398	2217	2106	
54	7907	60.0	60.0	27	1	1	2	1006	1257	1960	2721	3715	4510	4905	5001	4906	4608	4307	3893	3599	3229	2957	2742	2591	2595	2775	3085	3339	3545	3609	3576	3395	3203	2972	2790	2543	2375	2234	2106	
54	7972	95.1	95.1	28	1	0	2	918	1060	1358	1793	2267	2664	2907	3015	2995	2905	2789	2576	2378	2244	2099	2014	2010	2103	2272	2504	2729	2905	2936	2912	2799	2702	2517	2348	2198	2084	1937	1836	
54	7989	95.0	95.0	28	1	0	2	934	1047	1350	1764	2251	2652	2913	3032	2996	2885	2747	2601	2404	2221	2110	2011	2030	2109	2260	2532	2708	2858	2938	2869	2778	2673	2481	2388	2178	2093	1963	1873	
54	8052	59.9	60.1	28	1	1	2	1015	1285	1974	2705	3701	4457	4842	4968	4872	4587	4264	3923	3578	3208	2958	2728	2620	2633	2794	3041	3305	3526	3604	3550	3381	3234	2972	2761	2537	2375	2223	2084	
54	8069	59.9	60.0	28	1	1	2	994	1276	1972	2721	3710	4472	4909	5010	4876	4579	4309	3931	3576	3233	2972	2733	2608	2631	2806	3084	3322	3543	3619	3569	3419	3249	2995	2804	2548	2395	2253	2102	
54	8086	60.0	60.0	28	1	1	2	1022	1292	1981	2748	3714	4521	4926	5049	4917	4677	4364	3948	3615	3242	2989	2762	2626	2655	2824	3073	3348	3537	3635	3593	3411	3272	3004	2827	2557	2387	2231	2102	
54	8104	60.0	60.0	28	1	1	2	1018	1276	1988	2704	3699	4492	4948	5018	4914	4674	4348	3942	3599	3248	2960	2729	2628	2665	2791	3099	3353	3551	3638	3513	3433	3240	3032	2758	2556	2382	2252	2093	
54	8121	60.0	60.0	28	1	1	2	1011	1299	1991	2733	3702	4499	4933	5019	4933	4616	4319	3937	3566	3200	2958	2716	2608	2652	2826	3094	3337	3556	3623	3528	3434	3241	3008	2774	2560	2389	2229	2097	
54	8138	60.0	60.0	28	1	1	2	1013	1259	1963	2732	3721	4489	4912	5010	4930	4569	4322	3954	3592	3224	2933	2688	2645	2608	2815	3070	3350	3539	3657	3540	3375	3219	2967	2786	2578	2396	2204	2092	
54	8155	59.9	60.0	28	1	1	2	1007	1283	1956	2700	3692	4505	4913	4984	4852	4620	4281	3905	3576	3249	2948	2740	2618	2642	2804	3082	3316	3504	3568	3532	3361	3235	2968	2764	2568	2374	2225	2092	
54	8220	95.1	95.1	29	1	0	2	925	1065	1343	1785	2247	2657	2935	3032	3014	2912	2791	2592	2422	2231	2117	2019	2029	2105	2274	2512	2714	2878	2969	2916	2780	2702	2489	2320	2206	2061	1979	1861	
54	8237	95.0	95.0	29	1	0	2	930	1074	1370	1762	2267	2649	2912	2992	3000	2919	2741	2602	2388	2244	2095	2013	2016	2085	2315	2504	2754	2862	2895	2892	2790	2700	2484	2355	2209	2069	1962	1868	
54	8300	59.7	60.1	29	1	1	2	998	1279	1982	2709	3688	4451	4850	4994	4877	4576	4295	3904	3592	3216	2916	2756	2619	2618	2810	3057	3352	3533	3597	3515	3402	3232	2980	2766	2559	2363	2232	2103	
54	8317	59.9	60.0	29	1	1	2	1016	1271	1979	2715	3700	4496	4862	5000	4884	4623	4282	3906	3577	3199	2941	2736	2598	2641	2796	3069	3358	3548	3607	3550	3402	3238	3003	2771	2554	2376	2213	2105	
54	8334	60.0	60.0	29	1	1	2	1013	1288	1991	2734	3751	4530	4907	5057	4956	4661	4396	3958	3647	3262	2976	2757	2620	2680	2818	3089	3380	3561	3667	3590	3406	3272	2999	2826	2559	2384	2248	2116	
54	8352	59.9	60.0	29	1	1	2	1008	1280	1995	2703	3735	4519	4867	5019	4911	4618	4320	3924	3624	3241	2941	2721	2624	2634	2809	3070	3346	3554	3617	3555	3418	3239	2997	2759	2529	2365	2213	2090	
54	8369	60.0	60.0	29	1	1	2	1002	1279	1963	2716	3696	4485	4905	5033	4850	4610	4328	3962	3577	3238	2969	2761	2631	2671	2800	3047	3310	3532	3632	3548	3402	3260	2995	2775	2554	2382	2209	2099	
54	8386	60.0	60.0	29	1	1	2	1024	1303	1976	2723	3703	4511	4909	5005	4883	4604	4319	3912	3568	3253	2938	2735	2629	2618	2797	3065	3345	3540	3613	3541	3416	3182	2996	2760	2565	2410	2242	2093	
54	8403	60.0	60.0	29	1	1	2	1003	1280	1958	2718	3694	4496	4946	4979	4888	4620	4324	3921	3596	3245	2939	2737	2609	2630	2835	3081	3360	3536	3607	3538	3423	3226	2976	2761	2557	2410	2234	2084	
54	8466	95.0	95.0	30	1	0	2	921	1063	1367	1753	2266	2661	2935	3025	2999	2930	2793	2588	2430	2242	2133	1993	2011	2114	2292	2522	2726	2877	2936	2904	2789	2679	2502	2374	2190	2080	1972	1853	
54	8483	95.0	95.0	30	1	0	2	914	1049	1336	1772	2258	2664	2908	2980	2982	2870	2771	2564	2438	2206	2088	2005	2006	2097	2276	2500	2709	2890	2921	2848	2773	2666	2487	2354	2208	2074	1985	1855	
54	8546	59.8	60.1	30	1	1	2	1008	1268	1979	2704	3692	4421	4896	4959	4867	4591	4277	3936	3575	3234	2941	2730	2613	2645	2799	3067	3286	3545	3607	3558	3397	3255	2986	2777	2551	2352	2211	2097	
54	8563	59.9	60.0	30	1	1	2	1001	1269	1979	2709	3681	4489	4875	5027	4879	4644	4291	3943	3600	3215	2927	2738	2594	2590	2818	3065	3320	3534	3626	3554	3405	3229	2991	2775	2568	2409	2197	2119	
54	8580	60.0	60.0	30	1	1	2	1003	1275	2002	2747	3714	4505	4985	5014	4921	4708	4352	3995	3619	3247	2965	2739	2649	2681	2808	3083	3342	3539	3657	3569	3427	3240	2980	2770	2600	2375	2228	2118	
54	8598	60.0	60.0	30	1	1	2	1012	1262	1971	2721	3697	4483	4934	5036	4887	4632	4310	3959	3605	3216	2951	2744	2631	2616	2810	3094	3349	3580	3608	3564	3403	3261	3002	2785	2592	2416	2246	2079	
54	8615	60.0	60.0	30	1	1	2	998	1276	1967	2746	3711	4492	4875	5024	4904	4606	4290	3952	3590	3241	2951	2732	2615	2607	2824	3034	3325	3535	3586	3541	3423	3225	3005	2783	2548	2382	2240	2099	
54	8632	59.9	60.0	30	1	1	2	997	1297	1982	2735	3668	4454	4910	4996	4877	4612	4284	3889	3572	3242	2946	2741	2604	2642	2784	3069	3355	3517	3637	3554	3410	3200	2988	2780	2558	2378	2231	2098	
54	8649	60.0	60.0	30	1	1	2	1002	1283	1959	2721	3722	4515	4864	4997	4868	4653	4281	3899	3571	3206	2945	2730	2611	2595	2797	3068	3313	3568	3615	3568	3400	3244	3000	2777	2587	2391	2228	2083	
54	8714	95.1	95.1	31	1	0	2	909	1045	1351	1770	2254	2675	2935	3029	3023	2935	2773	2595	2422	2251	2123	2036	2024	2117	2297	2528	2712	2884	2941	2886	2754	2675	2528	2355	2205	2072	1942	1868	
54	8731	95.0	95.0	31	1	0	2	917	1078	1330	1782	2250	2658	2879	3014	3012	2873	2764	2601	2448	2241	2098	2029	2027	2098	2282	2520	2716	2874	2921	2886	2762	2691	2480	2348	2212	2062	1952	1868	
54	8794	59.8	60.1	31	1	1	2	1004	1288	1995	2720	3677	4455	4894	4970	4844	4579	4266	3913	3546	3209	2954	2722	2603	2639	2811	3028	3332	3546	3592	3585	3386	3259	2997	2743	2571	2407	2247	2083	
54	8811	60.0	60.0	31	1	1	2	992	1296	1991	2746	3699	4486	4928	4993	4868	4639	4320	3940	3587	3265	2945	2736	2604	2640	2820	3060	3345	3545	3627	3577	3385	3280	3018	2813	2591	2394	2236	2121	
54	8829	60.0	60.0	31	1	1	2	1013	1271	1969	2760	3724	4482	5001	5026	4921	4688	4381	3965	3599	3288	2960	2752	2635	2645	2819	3078	3357	3576	3645	3551	3418	3281	2998	2784	2573	2379	2245	2108	
54	8846	60.0	60.0	31	1	1	2	1001	1298	1988	2721	3719	4486	4884	5053	4919	4649	4317	3909	3609	3214	2952	2742	2599	2662	2828	3055	3371	3551	3574	3558	3406	3239	2992	2771	2569	2373	2215	2110	
54	8863	60.0	60.0	31	1	1	2	985	1272	1976	2715	3678	4500	4911	5020	4911	4591	4322	3922	3554	3259	2968	2737	2604	2630	2790	3078	3318	3506	3621	3554	3404	3216	2987	2793	2568	2379	2229	2091	
54	8880	60.0	60.0	31	1	1	2	1013	1297	1970	2732	3754	4502	4907	5048	4833	4579	4294	3931	3606	3242	2938	2727	2594	2644	2813	3085	3336	3573	3619	3569	3410	3265	2976	2790	2556	2420	2236	2111	
54	8898	60.0	60.0	31	1	1	2	1002	1288	1982	2708	3702	4467	4911	5001	4904	4657	4280	3931	3581	3228	2984	2710	2586	2637	2779	3047	3314	3524	3617	3527	3421	3245	3000	2775	2575	2395	2213	2087	
54	8960	95.3	95.0	32	1	0	2	929	1062	1352	1751	2229	2666	2931	3025	3018	2906	2786	2585	2434	2228	2130	2023	2012	2114	2300	2521	2747	2901	2955	2877	2797	2693	2524	2353	2230	2075	1985	1856	
54	8977	95.0	95.0	32	1	0	2	906	1064	1344	1784	2246	2680	2928	3011	2980	2874	2763	2578	2394	2235	2086	2000	1997	2105	2284	2493	2708	2860	2921	2883	2773	2656	2479	2333	2189	2038	1953	1859	
54	9040	59.7	60.1	32	1	1	2	982	1279	1990	2715	3684	4473	4837	5003	4839	4577	4262	3909	3604	3217	2943	2680	2613	2646	2793	3059	3298	3534	3639	3557	3390	3237	2957	2768	2552	2378	2220	2111	
54	9057	59.9	60.0	32	1	1	2	1002	1292	1980	2723	3665	4476	4889	5019	4894	4660	4301	3906	3586	3227	2937	2731	2603	2674	2809	3081	3338	3526	3621	3547	3419	3263	2966	2780	2552	2391	2225	2079	
54	9075	60.0	60.0	32	1	1	2	1005	1276	1985	2705	3760	4524	4941	5022	4940	4605	4326	3929	3632	3264	2953	2748	2614	2651	2798	3075	3366	3531	3624	3549	3412	3251	3028	2793	2572	2408	2223	2080	
54	9092	59.9	60.0	32	1	1	2	1001	1270	1969	2736	3700	4498	4926	5014	4908	4619	4319	3932	3605	3224	2936	2731	2624	2652	2817	3076	3346	3522	3582	3537	3376	3218	2982	2785	2542	2376	2228	2093	
54	9109	60.0	60.0	32	1	1	2	1018	1287	1996	2729	3690	4466	4905	4998	4800	4628	4301	3926	3546	3213	2993	2720	2597	2633	2850	3096	3307	3552	3590	3555	3400	3259	2979	2776	2580	2366	2207	2085	
54	9126	59.9	60.0	32	1	1	2	1011	1294	1997	2722	3712	4471	4900	5000	4853	4600	4315	3930	3593	3219	2937	2745	2593	2619	2828	3070	3327	3502	3619	3587	3428	3260	3001	2765	2546	2397	2232	2098	
54	9144	59.9	60.0	32	1	1	2	1007	1292	1994	2708	3672	4448	4918	5000	4900	4623	4297	3902	3572	3238	2952	2716	2642	2658	2835	3076	3342	3506	3609	3542	3405	3217	2959	2771	2536	2382	2212	2112	
54	9206	95.1	95.0	33	1	0	2	926	1067	1378	1765	2254	2664	2927	3038	3003	2926	2787	2602	2434	2226	2104	2027	2031	2088	2286	2520	2741	2888	2951	2886	2802	2671	2479	2352	2208	2094	1967	1866	
54	9223	95.0	95.0	33	1	0	2	952	1068	1354	1768	2232	2673	2919	3010	3017	2901	2774	2581	2393	2226	2116	2022	2020	2092	2277	2500	2703	2886	2901	2917	2781	2687	2513	2380	2211	2085	1949	1868	
54	9286	59.8	60.1	33	1	1	2	1001	1260	1975	2716	3662	4450	4896	4985	4888	4606	4287	3933	3562	3233	2950	2704	2605	2629	2774	3055	3354	3524	3607	3499	3402	3225	2979	2738	2540	2378	2207	2095	
54	9303	60.0	60.0	33	1	1	2	1017	1282	1988	2705	3663	4475	4897	4963	4833	4632	4269	3906	3547	3199	2925	2718	2582	2614	2799	3076	3296	3532	3583	3536	3406	3219	2979	2745	2530	2369	2220	2095	
54	9321	59.9	60.0	33	1	1	2	1015	1274	1990	2726	3734	4520	4957	5018	4904	4645	4329	3982	3598	3251	2978	2752	2662	2648	2817	3081	3370	3542	3677	3544	3422	3223	3010	2774	2573	2376	2251	2082	
54	9338	59.9	60.0	33	1	1	2	1009	1284	1983	2721	3737	4508	4932	5060	4902	4663	4322	3955	3620	3247	2973	2756	2625	2662	2827	3093	3336	3551	3632	3540	3412	3251	2997	2770	2576	2409	2236	2126	
54	9355	59.9	60.0	33	1	1	2	1005	1283	2007	2709	3699	4520	4889	5094	4916	4602	4300	3923	3604	3249	2974	2745	2608	2664	2824	3087	3370	3556	3625	3533	3375	3226	2954	2791	2578	2366	2244	2097	
54	9372	59.9	60.0	33	1	1	2	1009	1280	1982	2708	3732	4506	4912	5040	4898	4601	4315	3968	3602	3217	2933	2712	2612	2640	2828	3059	3349	3540	3604	3527	3401	3228	3007	2795	2575	2370	2234	2082	
54	9390	59.9	60.0	33	1	1	2	1015	1275	1964	2743	3686	4513	4909	5038	4901	4585	4275	3913	3606	3219	2929	2736	2607	2632	2809	3051	3307	3551	3593	3542	3366	3250	2977	2766	2572	2381	2234	2110	
54	9452	95.1	95.0	34	1	0	2	914	1055	1389	1781	2268	2679	2923	3029	3033	2916	2780	2595	2422	2246	2126	2026	2009	2109	2291	2508	2734	2865	2928	2908	2819	2688	2490	2361	2180	2081	1960	1875	
54	9470	95.0	95.0	34	1	0	2	930	1049	1362	1755	2261	2639	2938	3030	3016	2918	2754	2577	2404	2256	2109	2008	1978	2094	2275	2529	2720	2835	2916	2916	2792	2691	2522	2342	2215	2080	1951	1864	
54	9532	59.7	60.1	34	1	1	2	996	1272	1986	2696	3621	4478	4871	5020	4825	4561	4282	3964	3612	3225	2933	2711	2592	2623	2814	3055	3325	3544	3591	3553	3375	3253	2985	2763	2553	2391	2212	2076	
54	9550	60.0	60.0	34	1	1	2	1005	1283	1981	2720	3718	4481	4914	5033	4908	4631	4300	3934	3605	3212	2975	2731	2632	2630	2833	3108	3307	3564	3642	3543	3406	3235	2998	2742	2577	2389	2239	2091	
54	9567	60.0	60.0	34	1	1	2	998	1283	1976	2706	3720	4509	4941	5019	4954	4649	4344	3943	3617	3232	2984	2766	2619	2688	2812	3071	3357	3545	3654	3585	3408	3247	2990	2749	2568	2379	2255	2101	
54	9584	60.0	60.0	34	1	1	2	1002	1276	1976	2734	3720	4492	4916	5025	4910	4603	4322	3936	3594	3229	2939	2758	2642	2635	2789	3076	3338	3560	3608	3571	3379	3242	3013	2771	2552	2385	2238	2105	
54	9601	60.0	60.0	34	1	1	2	1026	1276	1978	2728	3710	4495	4867	5014	4901	4570	4285	3927	3570	3231	2947	2703	2636	2652	2803	3066	3315	3516	3624	3589	3384	3244	2980	2775	2547	2381	2228	2105	
54	9619	60.0	60.0	34	1	1	2	1002	1266	1964	2695	3708	4472	4912	5000	4859	4611	4291	3932	3610	3213	2968	2737	2588	2658	2813	3097	3324	3527	3593	3552	3402	3212	2968	2765	2586	2392	2231	2103	
54	9636	60.0	60.0	34	1	1	2	1031	1277	1969	2692	3689	4489	4924	5005	4833	4580	4286	3923	3592	3222	2962	2690	2628	2651	2789	3067	3337	3529	3572	3578	3374	3237	3030	2735	2561	2388	2213	2095	
54	9700	95.2	95.1	35	1	0	2	945	1054	1396	1769	2252	2687	2943	2998	3017	2879	2789	2561	2442	2224	2092	2006	2015	2111	2285	2479	2742	2892	2941	2903	2789	2684	2490	2367	2209	2057	1967	1839	
54	9718	95.0	95.0	35	1	0	2	917	1062	1357	1757	2249	2695	2891	3026	2959	2885	2757	2578	2404	2233	2118	2053	2033	2093	2229	2511	2730	2898	2905	2903	2783	2661	2477	2360	2193	2071	1968	1884	
54	9780	59.8	60.1	35	1	1	2	1008	1273	1978	2696	3686	4489	4876	4996	4854	4607	4281	3918	3620	3206	2935	2719	2599	2623	2806	3037	3345	3522	3619	3550	3391	3238	2976	2774	2526	2373	2235	2072	
54	9798	60.0	60.0	35	1	1	2	1005	1271	1985	2723	3662	4503	4910	4981	4890	4630	4282	3907	3594	3253	2955	2704	2619	2644	2807	3056	3335	3547	3617	3555	3399	3234	2994	2765	2557	2376	2205	2110	
54	9815	60.0	60.0	35	1	1	2	1003	1284	1998	2744	3710	4531	4976	5073	4942	4636	4325	3959	3613	3250	2992	2753	2646	2655	2809	3103	3351	3551	3643	3594	3407	3236	3023	2786	2575	2413	2237	2100	
54	9832	60.0	60.0	35	1	1	2	1022	1301	1989	2724	3684	4500	4921	5023	4908	4582	4273	3944	3552	3206	2981	2712	2599	2626	2793	3046	3314	3532	3627	3544	3382	3232	2977	2763	2551	2385	2246	2077	
54	9849	60.0	60.0	35	1	1	2	1014	1273	1983	2704	3703	4493	4923	4980	4846	4596	4316	3936	3572	3214	2916	2743	2592	2661	2796	3072	3336	3485	3621	3548	3366	3214	2997	2795	2558	2361	2257	2069	
54	9867	60.0	60.0	35	1	1	2	1012	1273	1996	2739	3740	4462	4894	4972	4895	4571	4309	3920	3568	3209	2967	2684	2614	2644	2791	3052	3343	3539	3613	3544	3427	3242	2973	2765	2566	2372	2253	2070	
54	9884	59.9	60.0	35	1	1	2	1021	1279	1977	2698	3655	4495	4914	4982	4914	4594	4268	3936	3586	3228	2965	2703	2629	2625	2794	3041	3337	3556	3610	3541	3387	3227	3005	2756	2572	2386	2229	2099	
54	9948	95.1	95.1	36	1	0	2	918	1046	1350	1760	2273	2665	2886	3020	3010	2890	2768	2573	2408	2226	2099	2037	2000	2108	2284	2493	2695	2841	2924	2895	2793	2686	2486	2348	2207	2078	1956	1868	
54	9966	95.0	95.0	36	1	0	2	912	1038	1356	1770	2231	2675	2897	3019	3025	2894	2759	2570	2411	2244	2097	2002	2012	2089	2271	2535	2704	2860	2932	2910	2778	2681	2500	2336	2186	2054	1954	1888	
54	10029	59.9	60.1	36	1	1	2	1000	1281	1977	2706	3662	4419	4913	4977	4858	4592	4282	3875	3568	3231	2913	2735	2609	2663	2795	3056	3305	3555	3606	3524	3395	3215	2973	2776	2563	2356	2240	2111	
54	10046	60.0	60.0	36	1	1	2	1016	1256	1965	2706	3672	4464	4858	4991	4857	4578	4275	3914	3562	3229	2951	2744	2608	2611	2793	3058	3324	3558	3591	3551	3384	3226	2982	2752	2541	2397	2202	2120	
54	10063	60.0	60.0	36	1	1	2	998	1267	1950	2744	3726	4533	4943	5013	4896	4647	4302	3952	3615	3239	2963	2734	2667	2637	2818	3073	3349	3558	3625	3560	3426	3227	3015	2803	2569	2389	2245	2106	
54	10080	59.9	60.0	36	1	1	2	1023	1275	1963	2714	3730	4485	4854	4970	4864	4640	4364	3953	3581	3248	2926	2722	2611	2605	2838	3076	3353	3537	3612	3586	3380	3231	3005	2789	2531	2373	2230	2083	
54	10098	59.9	60.0	36	1	1	2	1004	1296	1968	2744	3684	4515	4924	5024	4897	4621	4326	3948	3589	3258	2956	2769	2606	2629	2799	3043	3345	3530	3624	3543	3446	3252	2979	2778	2558	2379	2237	2092	
54	10115	60.0	60.0	36	1	1	2	1003	1270	1968	2702	3695	4476	4839	4995	4892	4599	4277	3946	3580	3257	2926	2725	2610	2651	2759	3058	3333	3522	3614	3522	3406	3235	2964	2755	2538	2369	2207	2093	
54	10132	60.0	60.0	36	1	1	2	1009	1288	1960	2720	3715	4473	4881	5017	4862	4620	4326	3920	3571	3227	2937	2728	2609	2599	2825	3053	3329	3552	3629	3497	3399	3228	2994	2766	2535	2393	2199	2129	
54	10195	95.0	95.0	37	1	0	2	909	1074	1355	1767	2257	2688	2961	3007	3030	2922	2804	2596	2407	2258	2104	2061	1979	2116	2280	2523	2720	2888	2972	2880	2775	2691	2497	2359	2227	2079	1975	1854	
54	10212	95.0	95.0	37	1	0	2	919	1059	1349	1775	2251	2650	2905	3004	3058	2909	2718	2607	2403	2219	2100	2035	2026	2121	2278	2531	2726	2874	2927	2892	2785	2660	2477	2336	2161	2086	1956	1861	
54	10275	59.9	60.1	37	1	1	2	1003	1281	1953	2713	3670	4459	4881	4935	4852	4570	4235	3910	3540	3209	2926	2736	2606	2650	2812	3070	3335	3524	3594	3532	3414	3218	3000	2764	2554	2379	2209	2072	
54	10292	59.9	60.0	37	1	1	2	996	1284	1987	2735	3710	4513	4921	5001	4921	4628	4292	3949	3572	3228	2929	2726	2653	2630	2805	3070	3358	3489	3620	3569	3402	3254	3009	2780	2559	2389	2231	2116	
54	10309	59.9	60.0	37	1	1	2	1006	1303	2007	2745	3724	4511	4904	5062	4963	4668	4313	3964	3611	3275	2960	2752	2645	2659	2801	3081	3339	3558	3607	3565	3401	3218	2993	2775	2604	2389	2266	2082	
54	10326	60.0	60.0	37	1	1	2	1013	1292	1999	2716	3751	4488	4913	5059	4928	4625	4358	3921	3620	3245	2937	2726	2607	2655	2805	3086	3366	3533	3615	3544	3410	3252	2999	2782	2561	2417	2244	2111	
54	10344	60.0	60.0	37	1	1	2	1008	1272	1978	2724	3693	4486	4889	5073	4919	4608	4333	3958	3594	3224	2941	2707	2627	2650	2788	3040	3365	3543	3596	3528	3395	3238	3005	2776	2544	2385	2221	2094	
54	10361	60.0	60.0	37	1	1	2	1005	1310	1979	2727	3692	4476	4879	4977	4876	4587	4304	3913	3582	3204	2926	2689	2600	2651	2795	3054	3300	3505	3616	3540	3383	3211	2977	2761	2552	2358	2197	2078	
54	10378	60.0	60.0	37	1	1	2	1011	1282	1977	2711	3687	4498	4879	5008	4912	4630	4300	3909	3592	3216	2950	2707	2609	2645	2777	3071	3318	3518	3612	3551	3395	3229	3017	2769	2554	2358	2222	2110	
54	10443	94.9	95.1	38	1	0	2	918	1047	1360	1765	2253	2670	2903	3043	3003	2913	2791	2589	2396	2248	2108	2018	2017	2093	2280	2510	2726	2913	2938	2905	2786	2684	2487	2364	2181	2062	1973	1829	
54	10460	95.0	95.0	38	1	0	2	921	1049	1347	1756	2235	2657	2905	3056	2989	2893	2763	2566	2403	2206	2102	2014	1987	2087	2279	2517	2704	2893	2913	2905	2780	2674	2495	2361	2164	2061	1965	1850	
54	10523	59.9	60.1	38	1	1	2	1000	1264	1986	2703	3687	4413	4858	4963	4879	4601	4271	3888	3562	3213	2943	2722	2594	2634	2808	3050	3318	3510	3627	3534	3372	3258	3011	2778	2572	2389	2210	2108	
54	10540	59.9	60.0	38	1	1	2	1007	1268	1968	2708	3693	4370	4868	4963	4870	4608	4299	3901	3617	3222	2943	2702	2612	2623	2781	3052	3312	3533	3597	3542	3394	3210	2959	2770	2544	2376	2198	2094	
54	10557	60.0	60.0	38	1	1	2	1009	1293	1966	2735	3745	4512	4918	5024	4933	4654	4314	3975	3617	3258	2990	2758	2634	2624	2790	3132	3317	3575	3610	3548	3413	3250	2991	2772	2556	2409	2269	2083	
54	10575	60.0	60.0	38	1	1	2	998	1279	1997	2731	3709	4484	4927	4987	4903	4600	4315	3930	3578	3272	2947	2733	2591	2616	2808	3092	3345	3551	3602	3520	3379	3247	2987	2741	2561	2384	2210	2082	
54	10592	59.9	60.0	38	1	1	2	995	1250	1976	2738	3699	4457	4892	5043	4897	4628	4312	3905	3570	3215	2928	2746	2594	2644	2801	3059	3301	3525	3621	3532	3354	3210	2972	2752	2539	2381	2224	2093	
54	10609	60.0	60.0	38	1	1	2	1000	1288	2002	2701	3660	4484	4899	4982	4925	4619	4279	3924	3554	3241	2935	2733	2596	2579	2819	3070	3353	3541	3608	3577	3388	3232	2971	2771	2518	2374	2213	2095	
54	10626	59.9	60.0	38	1	1	2	1018	1264	1974	2722	3672	4455	4860	5009	4863	4573	4271	3860	3550	3224	2962	2751	2618	2612	2801	3036	3338	3505	3604	3532	3378	3220	2966	2739	2564	2375	2215	2072	
54	10691	95.0	95.1	39	1	0	2	919	1031	1356	1765	2245	2665	2935	3027	3022	2915	2795	2552	2412	2228	2100	2010	2020	2104	2280	2501	2690	2894	2945	2890	2779	2684	2512	2365	2204	2110	1993	1852	
54	10708	95.0	95.0	39	1	0	2	931	1070	1325	1768	2249	2667	2932	3008	3030	2921	2751	2584	2389	2247	2108	2023	2021	2115	2265	2521	2715	2859	2896	2848	2795	2675	2519	2352	2204	2080	1931	1843	
54	10771	60.0	60.1	39	1	1	2	996	1284	1994	2718	3673	4459	4903	4990	4895	4588	4302	3933	3615	3236	2948	2719	2600	2624	2794	3067	3355	3530	3609	3553	3402	3189	3012	2770	2566	2405	2216	2088	
54	10788	59.9	60.0	39	1	1	2	1003	1285	1973	2712	3698	4469	4873	4978	4911	4556	4285	3901	3570	3254	2935	2740	2588	2624	2796	3055	3339	3536	3619	3532	3381	3224	3013	2776	2573	2381	2225	2098	
54	10805	60.0	60.0	39	1	1	2	1030	1294	1992	2722	3732	4496	4923	5026	4902	4653	4318	3961	3594	3222	2977	2761	2617	2644	2796	3048	3312	3555	3610	3580	3362	3247	2972	2768	2541	2392	2252	2104	
54	10823	60.0	60.0	39	1	1	2	1003	1278	1965	2728	3705	4492	4904	5000	4937	4580	4305	3906	3604	3237	2988	2742	2601	2638	2808	3075	3332	3552	3612	3551	3380	3244	2987	2784	2569	2372	2239	2093	
54	10840	60.0	60.0	39	1	1	2	1017	1274	1971	2735	3714	4502	4898	5041	4885	4589	4315	3929	3609	3192	2973	2725	2613	2646	2822	3028	3323	3535	3577	3541	3404	3231	2974	2810	2570	2383	2229	2073	
54	10857	60.0	60.0	39	1	1	2	996	1291	1961	2704	3724	4456	4897	5005	4863	4581	4318	3933	3587	3248	2952	2727	2592	2627	2794	3062	3334	3551	3560	3520	3391	3202	2990	2758	2576	2387	2232	2091	
54	10874	60.0	60.0	39	1	1	2	1009	1279	2010	2707	3725	4490	4912	5006	4901	4608	4318	3910	3583	3203	3000	2713	2619	2612	2811	3041	3342	3564	3625	3516	3406	3226	2998	2752	2540	2384	2219	2104	
54	10937	95.0	95.0	40	1	0	2	900	1072	1358	1772	2236	2677	2895	3062	3034	2902	2836	2608	2402	2272	2094	2019	2021	2110	2268	2502	2731	2898	2927	2917	2812	2672	2535	2362	2216	2073	1961	1855	
54	10954	95.0	95.0	40	1	0	2	921	1053	1348	1732	2243	2645	2908	3020	3016	2897	2770	2566	2390	2213	2130	2038	2007	2117	2263	2488	2716	2874	2913	2903	2795	2639	2527	2349	2209	2060	1971	1841	
54	11017	59.9	60.1	40	1	1	2	1007	1308	1961	2751	3649	4446	4914	4968	4864	4572	4297	3917	3577	3212	2945	2727	2610	2626	2810	3065	3308	3550	3601	3533	3425	3216	2989	2753	2558	2369	2220	2088	
54	11034	59.9	60.0	40	1	1	2	1010	1267	1967	2731	3703	4498	4879	5014	4896	4627	4352	3912	3608	3191	2974	2734	2596	2651	2805	3074	3341	3544	3648	3524	3410	3215	3066	2767	2551	2369	2221	2095	
54	11051	59.9	60.0	40	1	1	2	989	1297	1977	2740	3715	4522	4949	5063	4970	4628	4360	3966	3594	3229	2963	2736	2614	2658	2812	3073	3356	3554	3647	3566	3377	3259	2999	2793	2584	2362	2248	2112	
54	11069	60.0	60.0	40	1	1	2	1021	1282	1998	2726	3731	4481	4889	5034	4891	4634	4334	3904	3609	3261	2959	2743	2632	2664	2813	3064	3338	3553	3598	3567	3387	3244	2973	2785	2526	2370	2223	2074	
54	11086	60.0	60.0	40	1	1	2	1008	1290	1980	2724	3702	4528	4861	4981	4888	4638	4282	3925	3584	3233	2921	2709	2640	2637	2814	3058	3339	3557	3641	3539	3363	3246	2984	2740	2555	2398	2236	2096	
54	11103	60.0	60.0	40	1	1	2	1002	1275	1979	2711	3690	4442	4890	5000	4882	4562	4307	3922	3598	3222	2932	2711	2595	2633	2810	3078	3356	3496	3576	3578	3384	3235	2988	2788	2558	2382	2228	2087	
54	11120	60.0	60.0	40	1	1	2	1017	1269	1973	2715	3684	4486	4876	4983	4907	4630	4264	3919	3528	3212	2947	2703	2607	2626	2809	3063	3327	3512	3584	3519	3401	3203	2954	2757	2568	2403	2223	2099	
