Well	Time (1/2 s)	Block Temp	Sample Temp	Repetition	PCR Stage	Extension	Scale	B1	B2	B3	B4	B5	B6	B7	B8	B9	B10	B11	B12	B13	B14	B15	B16	B17	B18	B19	B20	B21	B22	B23	B24	B25	B26	B27	B28	B29	B30	B31	B32
52	107	95.0	95.1	1	0	0	2	926	1053	1376	1828	2289	2752	2987	3091	3092	2970	2825	2664	2477	2303	2168	2071	2053	2175	2357	2600	2825	3008	3017	2996	2905	2769	2564	2456	2282	2165	2040	1919	
52	125	95.0	95.0	1	0	0	2	907	1064	1356	1804	2300	2711	2989	3052	3055	2957	2823	2657	2456	2291	2153	2082	2072	2166	2357	2602	2816	2967	3032	2956	2905	2751	2569	2429	2264	2147	2021	1922	
52	142	95.0	95.0	1	0	0	2	941	1053	1380	1725	2282	2696	2954	3072	3075	2938	2816	2633	2442	2278	2135	2075	2056	2128	2368	2617	2814	2984	3031	2999	2882	2783	2589	2469	2276	2137	2012	1884	
52	159	95.0	95.0	1	0	0	2	934	1065	1353	1775	2241	2696	2963	3040	3028	2936	2799	2603	2461	2282	2133	2061	2060	2135	2377	2607	2833	2969	3034	3010	2900	2769	2594	2394	2265	2118	2019	1916	
52	176	95.0	95.0	1	0	0	2	920	1068	1355	1795	2255	2706	2945	3032	3024	2935	2804	2622	2448	2261	2131	2058	2050	2180	2343	2575	2809	2955	3016	3003	2862	2720	2568	2413	2259	2124	2032	1897	
52	194	94.9	95.0	1	0	0	2	937	1059	1350	1779	2286	2684	2949	3036	3053	2911	2805	2611	2440	2263	2149	2064	2060	2162	2338	2615	2816	2945	3019	3007	2850	2732	2580	2409	2282	2118	2053	1916	
52	211	95.0	95.0	1	0	0	2	964	1046	1340	1784	2263	2703	2942	3061	3027	2925	2827	2610	2430	2280	2133	2058	2072	2159	2344	2582	2777	2934	3032	2992	2864	2732	2624	2413	2282	2139	2003	1901	
52	228	95.0	95.0	1	0	0	2	928	1060	1366	1782	2247	2704	2953	3031	3054	2958	2831	2641	2455	2242	2136	2071	2061	2152	2362	2578	2808	2964	3022	2981	2899	2769	2580	2430	2274	2139	2017	1915	
52	245	94.9	95.0	1	0	0	2	939	1068	1360	1766	2270	2681	2921	3079	3038	2965	2799	2636	2436	2272	2134	2035	2056	2148	2365	2585	2809	2960	3001	2969	2863	2744	2611	2411	2320	2144	2017	1930	
52	263	95.0	95.0	1	0	0	2	931	1050	1357	1776	2277	2720	2936	3027	3033	2940	2834	2609	2432	2247	2142	2057	2044	2164	2355	2599	2814	2984	3050	2997	2887	2795	2595	2426	2292	2116	1987	1901	
52	280	95.0	95.0	1	0	0	2	915	1069	1365	1768	2259	2704	2940	3074	3049	2933	2830	2635	2421	2287	2136	2075	2089	2173	2363	2592	2818	2974	3031	2993	2856	2775	2569	2416	2287	2153	2037	1943	
52	297	95.0	95.0	1	0	0	2	924	1067	1362	1778	2273	2716	2932	3083	3047	2938	2798	2604	2459	2280	2146	2075	2064	2211	2363	2573	2822	3001	3042	2977	2921	2760	2576	2426	2274	2140	1999	1922	
52	314	95.0	95.0	1	0	0	2	938	1060	1348	1778	2246	2695	2981	3068	3031	2942	2804	2615	2435	2272	2172	2089	2085	2172	2348	2603	2820	2994	3039	2973	2888	2769	2580	2431	2253	2149	2018	1919	
52	332	95.0	95.0	1	0	0	2	927	1063	1360	1773	2276	2700	2931	3075	3041	2939	2803	2602	2462	2265	2146	2055	2066	2162	2343	2581	2808	2957	3025	2993	2867	2787	2603	2417	2268	2114	2045	1905	
52	349	95.0	95.0	1	0	0	2	925	1054	1361	1782	2261	2697	2933	3055	3008	2909	2787	2642	2428	2277	2141	2065	2061	2136	2360	2611	2807	2959	3028	2971	2888	2741	2589	2437	2292	2140	2015	1924	
52	366	95.0	95.0	1	0	0	2	927	1062	1369	1776	2274	2717	2936	3047	3054	2943	2841	2614	2481	2289	2114	2048	2079	2178	2369	2593	2812	3023	3031	2983	2915	2778	2572	2438	2266	2142	2048	1930	
52	383	95.0	95.0	1	0	0	2	921	1065	1337	1779	2273	2676	2960	3076	3034	2957	2782	2617	2433	2256	2162	2048	2076	2150	2367	2604	2808	2957	3038	3000	2918	2758	2569	2451	2272	2124	2028	1894	
52	401	94.9	95.0	1	0	0	2	917	1053	1340	1793	2259	2703	2938	3089	3073	2944	2802	2638	2468	2268	2161	2088	2097	2167	2357	2596	2814	2986	3063	3002	2902	2773	2600	2416	2273	2114	2065	1915	
52	418	95.0	95.0	1	0	0	2	931	1046	1361	1779	2277	2692	2958	3054	3074	2952	2834	2658	2458	2285	2158	2055	2063	2171	2329	2635	2823	3011	3053	2981	2896	2779	2596	2440	2286	2174	2011	1922	
52	435	95.0	95.0	1	0	0	2	910	1063	1359	1785	2259	2701	2952	3072	3061	2981	2794	2647	2427	2284	2139	2062	2054	2184	2340	2590	2822	2987	3035	2996	2894	2738	2563	2414	2272	2133	2039	1915	
52	452	95.0	95.0	1	0	0	2	926	1064	1392	1796	2287	2709	2964	3092	3042	2954	2828	2633	2484	2286	2147	2090	2062	2178	2384	2621	2818	3016	3021	3030	2911	2776	2627	2480	2289	2134	2042	1909	
52	470	95.0	95.0	1	0	0	2	928	1060	1366	1791	2271	2706	2953	3053	3044	2936	2830	2646	2447	2258	2155	2053	2072	2182	2377	2585	2857	3019	3058	3014	2851	2818	2605	2459	2281	2177	2052	1954	
52	487	95.0	95.0	1	0	0	2	916	1043	1335	1795	2280	2727	2988	3100	3079	2962	2832	2657	2458	2298	2156	2076	2069	2170	2379	2594	2844	2995	3059	3028	2910	2784	2597	2433	2269	2157	2016	1930	
52	504	95.0	95.0	1	0	0	2	942	1077	1379	1800	2311	2721	2974	3050	3075	2970	2840	2660	2469	2292	2167	2092	2060	2160	2364	2590	2830	3017	3055	3005	2905	2798	2573	2468	2292	2167	2040	1943	
52	521	94.9	95.0	1	0	0	2	935	1061	1373	1782	2291	2684	2956	3073	3062	2956	2825	2618	2470	2303	2141	2091	2057	2181	2376	2614	2838	2983	3054	3068	2896	2805	2608	2440	2308	2127	2059	1906	
52	539	94.9	95.0	1	0	0	2	930	1060	1361	1797	2259	2698	2966	3106	3058	2985	2835	2638	2472	2292	2168	2081	2082	2159	2396	2635	2843	3015	3050	3024	2890	2748	2608	2442	2282	2156	2037	1929	
52	556	95.0	95.0	1	0	0	2	923	1067	1367	1801	2288	2725	2952	3100	3053	2988	2854	2640	2486	2298	2165	2072	2062	2162	2348	2632	2834	3011	3091	2984	2897	2801	2606	2460	2292	2162	2041	1942	
52	573	94.9	95.0	1	0	0	2	934	1070	1363	1797	2296	2716	3005	3063	3099	2973	2818	2634	2442	2268	2168	2093	2096	2163	2384	2612	2870	2998	3058	3012	2892	2807	2597	2432	2293	2139	2058	1942	
52	590	95.0	95.0	1	0	0	2	929	1060	1371	1794	2284	2732	3008	3082	3083	2970	2821	2658	2496	2305	2173	2083	2071	2173	2383	2607	2832	2993	3086	3031	2889	2786	2606	2467	2303	2184	2046	1940	
52	608	95.0	95.0	1	0	0	2	921	1075	1386	1783	2323	2695	2995	3092	3084	3002	2832	2666	2458	2301	2157	2072	2059	2189	2368	2624	2845	3006	3037	3036	2901	2789	2607	2447	2273	2185	2041	1934	
52	625	95.0	95.0	1	0	0	2	926	1059	1350	1803	2287	2746	2963	3100	3095	2964	2842	2642	2485	2320	2151	2062	2060	2193	2379	2597	2837	3016	3056	3030	2900	2805	2607	2468	2301	2192	2036	1924	
52	642	95.0	95.0	1	0	0	2	928	1061	1364	1792	2295	2730	2995	3092	3117	2971	2831	2636	2466	2294	2160	2085	2096	2172	2373	2613	2881	3016	3081	3017	2910	2782	2609	2444	2286	2169	2046	1952	
52	659	95.0	95.0	1	0	0	2	925	1068	1358	1783	2304	2725	2974	3096	3152	2999	2830	2681	2484	2298	2161	2101	2091	2176	2393	2602	2863	3059	3072	3035	2912	2814	2611	2454	2285	2206	2037	1933	
52	677	94.9	95.0	1	0	0	2	927	1068	1376	1793	2332	2725	2988	3145	3100	2997	2867	2662	2463	2325	2173	2131	2066	2181	2367	2654	2845	3028	3079	3035	2919	2793	2633	2463	2318	2176	2048	1946	
52	694	95.0	95.0	1	0	0	2	929	1070	1363	1817	2305	2728	2993	3080	3071	2973	2854	2629	2466	2288	2178	2084	2086	2182	2349	2624	2873	2999	3101	3011	2894	2770	2588	2459	2304	2180	2026	1933	
52	711	95.0	95.0	1	0	0	2	928	1070	1375	1798	2278	2721	2997	3124	3090	3001	2853	2656	2480	2304	2173	2107	2074	2197	2365	2613	2837	3002	3066	3057	2915	2789	2626	2441	2291	2155	2035	1947	
52	728	95.0	95.0	1	0	0	2	932	1057	1352	1800	2273	2716	3010	3120	3094	3003	2846	2648	2468	2323	2181	2088	2044	2150	2374	2645	2861	3011	3067	3043	2902	2824	2626	2463	2316	2192	2044	1923	
52	746	94.9	95.0	1	0	0	2	937	1069	1365	1805	2296	2740	2983	3084	3117	2972	2879	2689	2496	2304	2143	2112	2088	2193	2394	2609	2873	3034	3061	3025	2918	2802	2619	2450	2310	2160	2028	1945	
52	763	94.9	95.0	1	0	0	2	930	1068	1339	1786	2315	2722	3031	3092	3124	2962	2888	2655	2491	2287	2163	2083	2104	2191	2381	2628	2895	3036	3066	3029	2922	2788	2610	2463	2302	2162	2040	1934	
52	780	95.0	95.0	1	0	0	2	929	1069	1393	1796	2313	2757	2999	3113	3113	2995	2819	2655	2503	2299	2172	2066	2104	2198	2362	2627	2853	3014	3083	3029	2916	2810	2621	2476	2298	2142	2050	1952	
52	797	94.9	95.0	1	0	0	2	922	1058	1356	1824	2303	2732	3027	3093	3095	2982	2842	2656	2474	2324	2157	2102	2106	2179	2382	2650	2857	3022	3055	3022	2899	2810	2597	2458	2281	2166	2038	1944	
52	815	94.9	95.0	1	0	0	2	924	1068	1369	1797	2301	2727	3022	3115	3090	2965	2848	2675	2488	2289	2183	2108	2078	2194	2357	2633	2825	3002	3060	3000	2890	2813	2584	2464	2287	2164	2051	1939	
52	832	95.0	95.0	1	0	0	2	935	1056	1350	1791	2315	2736	2987	3107	3107	2993	2861	2618	2473	2286	2170	2078	2064	2205	2388	2616	2813	3018	3072	3029	2921	2798	2603	2463	2306	2178	2035	1949	
52	849	95.0	95.0	1	0	0	2	933	1050	1349	1805	2298	2733	3012	3136	3099	3005	2865	2657	2494	2289	2180	2080	2085	2199	2375	2623	2864	3079	3058	3052	2953	2805	2617	2457	2336	2175	2056	1950	
52	866	95.0	95.0	1	0	0	2	933	1084	1380	1801	2311	2724	3035	3133	3106	2974	2871	2657	2481	2331	2159	2098	2056	2208	2375	2643	2828	3000	3077	3019	2940	2836	2603	2470	2317	2154	2037	1942	
52	884	94.9	95.0	1	0	0	2	922	1064	1372	1812	2319	2752	3022	3140	3104	2986	2884	2660	2501	2324	2182	2096	2084	2219	2392	2636	2854	3024	3093	3043	2927	2805	2607	2461	2302	2180	2085	1929	
52	901	95.0	95.0	1	0	0	2	940	1068	1374	1818	2298	2745	3025	3117	3117	2967	2854	2623	2498	2324	2194	2085	2099	2175	2391	2618	2858	3026	3065	3030	2943	2794	2622	2436	2310	2169	2065	1936	
52	918	94.9	95.0	1	0	0	2	941	1057	1366	1786	2312	2753	3053	3114	3094	3017	2879	2696	2503	2307	2167	2060	2084	2204	2389	2639	2876	3005	3066	3011	2920	2789	2616	2478	2292	2118	2037	1937	
52	935	95.0	95.0	1	0	0	2	923	1069	1351	1792	2308	2765	3012	3101	3098	3009	2861	2634	2496	2309	2182	2112	2079	2193	2394	2616	2852	3003	3080	3040	2932	2815	2625	2450	2326	2154	2055	1936	
52	953	95.0	95.0	1	0	0	2	929	1057	1352	1812	2316	2787	2995	3135	3112	3043	2836	2648	2498	2333	2207	2080	2123	2152	2411	2628	2864	3008	3065	3057	2958	2829	2593	2459	2337	2160	2066	1954	
52	970	94.9	95.0	1	0	0	2	905	1060	1364	1797	2284	2728	3017	3126	3124	3018	2894	2674	2484	2314	2168	2118	2107	2190	2399	2629	2855	3038	3086	3040	2917	2797	2612	2489	2289	2184	2084	1955	
52	987	95.0	95.0	1	0	0	2	924	1055	1367	1799	2338	2724	3037	3140	3128	3003	2885	2689	2484	2299	2176	2079	2088	2208	2436	2626	2883	2988	3092	3023	2938	2794	2602	2449	2290	2174	2074	1951	
52	1004	95.0	95.0	1	0	0	2	918	1056	1372	1819	2314	2760	3023	3132	3085	3015	2871	2693	2486	2312	2176	2113	2086	2185	2416	2631	2830	3040	3068	3018	2948	2825	2646	2472	2284	2157	2052	1939	
52	1022	94.9	95.0	1	0	0	2	922	1064	1380	1837	2307	2754	2974	3120	3097	3005	2863	2651	2488	2303	2195	2069	2099	2206	2376	2645	2847	3053	3079	3068	2930	2799	2644	2465	2293	2173	2061	1941	
52	1039	95.0	95.0	1	0	0	2	930	1075	1347	1809	2334	2770	3006	3140	3148	3010	2878	2697	2510	2331	2172	2117	2095	2189	2376	2651	2866	3051	3096	3063	2949	2846	2622	2489	2286	2201	2047	1980	
52	1056	95.0	95.0	1	0	0	2	933	1070	1374	1829	2293	2777	3011	3180	3110	3016	2870	2688	2497	2307	2192	2079	2089	2173	2395	2650	2893	3028	3094	3015	2920	2815	2618	2457	2303	2153	2060	1938	
52	1073	95.0	95.0	1	0	0	2	932	1075	1365	1808	2328	2765	3023	3126	3124	3035	2862	2675	2500	2326	2175	2122	2096	2194	2376	2635	2881	3030	3023	2998	2978	2828	2651	2461	2325	2146	2070	1938	
52	1091	95.0	95.0	1	0	0	2	919	1072	1357	1752	2305	2760	3001	3104	3102	2996	2867	2658	2497	2300	2165	2090	2104	2179	2415	2615	2853	3008	3083	3014	2912	2791	2636	2474	2333	2182	2043	1909	
52	1108	95.0	95.0	1	0	0	2	922	1057	1372	1800	2322	2788	3041	3117	3137	3001	2850	2656	2509	2315	2152	2109	2105	2190	2389	2669	2849	3076	3063	3035	2935	2820	2619	2520	2287	2153	2044	1950	
52	1125	95.0	95.0	1	0	0	2	929	1075	1362	1803	2314	2758	3023	3150	3115	3011	2877	2653	2511	2318	2171	2108	2113	2189	2403	2618	2892	3052	3097	3036	2901	2773	2608	2460	2301	2160	2043	1962	
52	1142	95.0	95.0	1	0	0	2	944	1077	1367	1804	2321	2769	3016	3124	3138	2991	2865	2671	2495	2356	2212	2105	2115	2188	2386	2632	2851	3046	3083	3046	2920	2780	2602	2454	2298	2164	2064	1948	
52	1160	95.0	95.0	1	0	0	2	938	1075	1374	1797	2345	2766	3027	3109	3140	3013	2853	2709	2510	2329	2164	2097	2098	2196	2406	2637	2840	3035	3064	3054	2899	2798	2615	2471	2325	2161	2043	1932	
52	1177	95.0	95.0	1	0	0	2	928	1063	1389	1804	2322	2743	3039	3131	3123	3005	2866	2702	2524	2328	2173	2115	2110	2229	2401	2634	2901	3031	3072	3070	2942	2825	2629	2469	2305	2180	2068	1937	
52	1194	95.0	95.0	1	0	0	2	916	1091	1362	1822	2327	2741	3024	3153	3147	3012	2872	2697	2490	2330	2178	2104	2104	2194	2394	2649	2883	3011	3108	3038	2946	2834	2616	2481	2320	2183	2068	1930	
52	1211	95.0	95.0	1	0	0	2	927	1081	1372	1829	2331	2765	3052	3107	3116	3042	2882	2678	2501	2310	2178	2080	2091	2218	2415	2643	2881	3059	3106	3056	2908	2852	2632	2466	2333	2153	2030	1947	
52	1229	95.0	95.0	1	0	0	2	946	1067	1370	1816	2316	2758	3022	3144	3113	3043	2869	2693	2494	2315	2196	2091	2100	2231	2408	2652	2871	3037	3074	3044	2925	2767	2626	2452	2313	2180	2055	1933	
52	1246	95.0	95.0	1	0	0	2	919	1064	1374	1839	2336	2771	3055	3147	3108	3018	2888	2702	2498	2316	2213	2099	2076	2196	2402	2636	2892	3005	3111	3034	2918	2806	2605	2473	2306	2175	2042	1955	
52	1263	95.0	95.0	1	0	0	2	928	1050	1378	1807	2334	2788	3037	3133	3119	3024	2895	2681	2516	2325	2220	2121	2106	2192	2373	2651	2847	3038	3088	3065	2951	2809	2652	2484	2284	2184	2066	1945	
52	1280	94.9	95.0	1	0	0	2	928	1035	1385	1791	2320	2729	3029	3150	3117	3004	2899	2694	2487	2335	2191	2128	2092	2193	2393	2628	2851	3013	3080	3041	2923	2813	2633	2485	2329	2189	2044	1965	
52	1324	95.0	95.0	1	1	0	2	938	1074	1388	1815	2325	2795	3049	3133	3137	3021	2879	2703	2500	2317	2178	2097	2084	2191	2398	2628	2884	3033	3066	3058	2927	2810	2576	2470	2325	2175	2048	1935	
52	1391	60.0	60.0	1	1	1	2	1057	1296	1921	2862	3873	4729	5132	5298	5161	4858	4537	4113	3759	3398	3126	2874	2754	2768	2956	3189	3512	3771	3779	3710	3584	3368	3170	2908	2647	2489	2336	2210	
52	1409	59.9	60.0	1	1	1	2	1018	1306	1940	2872	3851	4698	5185	5305	5126	4843	4534	4161	3770	3373	3075	2851	2746	2760	2955	3221	3497	3720	3778	3712	3556	3375	3117	2938	2656	2500	2342	2185	
52	1426	60.0	60.0	1	1	1	2	1033	1313	1958	2869	3881	4728	5172	5260	5149	4889	4523	4135	3799	3397	3089	2859	2732	2755	2972	3219	3530	3723	3794	3735	3587	3406	3140	2924	2673	2481	2323	2204	
52	1443	60.0	60.0	1	1	1	2	1034	1317	1940	2877	3882	4682	5162	5300	5135	4834	4537	4115	3795	3346	3127	2862	2747	2772	2968	3232	3523	3710	3791	3692	3570	3390	3142	2907	2707	2493	2318	2166	
52	1460	60.0	60.0	1	1	1	2	1024	1307	1961	2885	3899	4737	5179	5301	5167	4855	4527	4154	3777	3378	3144	2840	2747	2764	2956	3185	3502	3750	3767	3712	3560	3374	3194	2898	2686	2509	2319	2175	
52	1478	59.9	60.0	1	1	1	2	1020	1307	1952	2866	3875	4668	5149	5254	5115	4860	4475	4117	3762	3354	3106	2848	2730	2757	2969	3239	3483	3710	3799	3724	3575	3373	3139	2907	2658	2497	2344	2217	
52	1495	59.9	60.0	1	1	1	2	1060	1328	1943	2872	3901	4719	5168	5272	5145	4836	4538	4112	3766	3404	3116	2855	2724	2751	2946	3227	3538	3727	3797	3726	3549	3376	3149	2895	2708	2488	2304	2193	
52	1559	95.0	95.1	2	1	0	2	925	1068	1377	1826	2313	2744	3028	3144	3100	3005	2861	2670	2528	2321	2195	2077	2080	2180	2372	2641	2861	2970	3062	3052	2934	2777	2630	2445	2303	2168	2039	1950	
52	1577	95.0	95.0	2	1	0	2	928	1069	1364	1783	2331	2727	3005	3087	3085	2985	2890	2640	2495	2312	2140	2074	2104	2192	2384	2580	2856	3026	3056	3028	2920	2769	2583	2462	2279	2153	2033	1891	
52	1639	59.9	60.1	2	1	1	2	1022	1316	1948	2853	3830	4691	5105	5244	5115	4835	4490	4110	3753	3385	3053	2848	2706	2775	2969	3192	3491	3702	3775	3702	3540	3351	3149	2921	2620	2486	2316	2184	
52	1657	60.0	60.0	2	1	1	2	1017	1309	1936	2838	3847	4664	5148	5203	5125	4842	4494	4092	3709	3388	3064	2860	2735	2753	2946	3189	3457	3726	3764	3695	3556	3384	3126	2879	2657	2457	2302	2154	
52	1674	60.0	60.0	2	1	1	2	1019	1314	1914	2848	3851	4630	5142	5238	5120	4895	4517	4120	3746	3387	3089	2830	2733	2740	2938	3202	3470	3685	3762	3705	3527	3377	3088	2885	2659	2449	2302	2188	
52	1691	59.9	60.0	2	1	1	2	1010	1312	1928	2849	3895	4742	5183	5266	5122	4871	4543	4101	3781	3372	3081	2848	2739	2781	2952	3221	3470	3699	3778	3717	3550	3366	3131	2895	2639	2470	2328	2198	
52	1708	59.9	60.0	2	1	1	2	1019	1318	1939	2856	3829	4707	5198	5274	5157	4828	4546	4133	3786	3392	3121	2890	2722	2779	2927	3228	3457	3707	3747	3723	3568	3373	3131	2904	2664	2489	2304	2173	
52	1726	60.0	60.0	2	1	1	2	1022	1313	1936	2848	3851	4745	5151	5264	5153	4890	4516	4099	3756	3372	3064	2851	2736	2747	2942	3235	3515	3677	3784	3684	3552	3383	3106	2860	2630	2493	2301	2195	
52	1743	60.0	60.0	2	1	1	2	1048	1311	1941	2853	3854	4704	5167	5241	5122	4839	4510	4101	3753	3346	3081	2869	2742	2752	2923	3233	3486	3702	3798	3691	3525	3378	3100	2886	2668	2468	2299	2192	
52	1805	95.0	95.1	3	1	0	2	923	1076	1365	1808	2344	2720	3010	3144	3114	3031	2872	2660	2495	2334	2183	2092	2041	2186	2381	2615	2870	3006	3053	3000	2893	2788	2594	2464	2262	2161	2029	1924	
52	1823	95.0	95.0	3	1	0	2	924	1061	1357	1832	2312	2726	3012	3095	3072	2987	2844	2673	2461	2285	2153	2062	2088	2162	2391	2582	2811	2972	3043	3030	2886	2773	2593	2433	2300	2169	2010	1927	
52	1888	59.9	60.0	3	1	1	2	1008	1296	1937	2826	3811	4657	5135	5233	5112	4819	4521	4109	3716	3326	3076	2833	2708	2763	2941	3211	3452	3708	3772	3702	3571	3374	3125	2867	2654	2494	2308	2156	
52	1905	59.9	60.0	3	1	1	2	1021	1295	1955	2851	3874	4701	5150	5278	5152	4815	4512	4101	3735	3406	3086	2844	2697	2726	2944	3199	3499	3691	3762	3701	3566	3390	3124	2870	2664	2460	2333	2167	
52	1922	59.9	60.0	3	1	1	2	1018	1318	1944	2860	3880	4717	5135	5253	5124	4821	4511	4129	3723	3357	3048	2819	2731	2772	2959	3219	3492	3726	3774	3671	3526	3371	3111	2859	2660	2467	2337	2174	
52	1939	59.9	60.0	3	1	1	2	1025	1306	1938	2841	3942	4710	5148	5242	5143	4844	4530	4131	3738	3400	3060	2837	2738	2762	2945	3217	3482	3707	3771	3700	3564	3377	3077	2886	2680	2448	2302	2188	
52	1957	60.0	60.0	3	1	1	2	1020	1309	1972	2858	3843	4720	5122	5228	5110	4865	4540	4121	3758	3388	3085	2842	2731	2786	2960	3192	3500	3704	3762	3697	3532	3363	3101	2892	2673	2443	2307	2186	
52	1974	60.0	60.0	3	1	1	2	1021	1322	1968	2840	3858	4686	5148	5279	5084	4811	4494	4159	3745	3372	3073	2808	2708	2753	2913	3186	3485	3720	3779	3712	3541	3365	3086	2883	2672	2468	2315	2175	
52	1991	60.0	60.0	3	1	1	2	1026	1301	1957	2863	3859	4625	5136	5269	5090	4821	4506	4157	3707	3382	3057	2852	2721	2748	2909	3199	3473	3686	3764	3696	3543	3377	3080	2872	2660	2457	2319	2159	
52	2054	95.0	95.1	4	1	0	2	935	1079	1383	1820	2317	2767	2980	3129	3103	2990	2870	2643	2510	2295	2171	2097	2070	2166	2389	2603	2830	3012	3049	2995	2888	2761	2583	2451	2272	2131	2046	1920	
52	2071	95.0	95.0	4	1	0	2	938	1053	1367	1795	2292	2735	2978	3059	3098	3015	2838	2652	2472	2273	2171	2089	2089	2181	2380	2623	2808	3016	3065	2970	2878	2773	2602	2436	2264	2122	2023	1913	
52	2134	59.9	60.1	4	1	1	2	1018	1310	1925	2849	3851	4653	5084	5239	5086	4821	4471	4077	3766	3348	3059	2838	2725	2753	2914	3200	3482	3714	3732	3711	3539	3336	3100	2892	2651	2460	2307	2149	
52	2151	60.0	60.0	4	1	1	2	1019	1320	1913	2831	3811	4670	5096	5197	5060	4810	4471	4082	3724	3373	3067	2825	2710	2737	2919	3190	3461	3700	3716	3696	3522	3332	3091	2855	2620	2471	2308	2173	
52	2168	59.9	60.0	4	1	1	2	1016	1303	1946	2857	3892	4700	5168	5266	5106	4817	4528	4088	3732	3395	3088	2860	2695	2760	2948	3193	3486	3709	3763	3702	3567	3379	3098	2898	2660	2500	2302	2179	
52	2185	60.0	60.0	4	1	1	2	1024	1313	1946	2844	3877	4661	5132	5230	5165	4850	4496	4093	3747	3391	3072	2873	2732	2757	2950	3210	3467	3690	3769	3687	3524	3363	3129	2880	2696	2474	2317	2169	
52	2203	59.9	60.0	4	1	1	2	1008	1298	1945	2838	3876	4706	5188	5205	5145	4782	4452	4089	3744	3383	3069	2869	2691	2780	2938	3188	3486	3671	3770	3693	3530	3353	3075	2872	2634	2478	2317	2169	
52	2220	60.0	60.0	4	1	1	2	1027	1300	1942	2844	3852	4713	5118	5233	5139	4834	4470	4081	3739	3377	3066	2795	2728	2736	2938	3191	3520	3665	3752	3700	3535	3369	3107	2853	2651	2474	2339	2158	
52	2237	59.9	60.0	4	1	1	2	1024	1286	1950	2810	3796	4687	5084	5223	5112	4788	4502	4094	3723	3337	3081	2831	2723	2758	2917	3204	3509	3678	3722	3678	3494	3369	3082	2905	2654	2453	2312	2160	
52	2300	95.0	95.0	5	1	0	2	925	1063	1372	1823	2280	2728	3006	3103	3111	3004	2867	2649	2505	2307	2179	2101	2062	2185	2377	2601	2835	3007	3046	2990	2916	2752	2581	2437	2288	2126	2024	1957	
52	2317	95.0	95.0	5	1	1	2	923	1075	1351	1796	2289	2716	2971	3096	3072	2957	2847	2664	2483	2285	2133	2030	2058	2162	2356	2585	2837	2964	3057	2981	2883	2780	2578	2417	2247	2127	2036	1935	
52	2380	59.9	60.1	5	1	1	2	1009	1298	1930	2792	3789	4642	5071	5156	5023	4750	4463	4036	3703	3328	3044	2793	2733	2718	2924	3160	3417	3688	3724	3678	3517	3335	3109	2859	2659	2437	2306	2179	
52	2397	59.9	60.0	5	1	1	2	1023	1299	1975	2821	3808	4652	5079	5241	5069	4807	4453	4071	3702	3362	3053	2837	2696	2736	2917	3122	3511	3664	3735	3648	3516	3344	3070	2890	2608	2500	2292	2146	
52	2414	60.0	60.0	5	1	1	2	1024	1301	1956	2829	3839	4667	5088	5224	5100	4779	4484	4056	3766	3348	3056	2802	2703	2771	2912	3194	3440	3712	3752	3688	3525	3374	3072	2868	2635	2450	2332	2174	
52	2432	60.0	60.0	5	1	1	2	1033	1308	1964	2858	3865	4670	5102	5214	5057	4785	4479	4076	3712	3340	3065	2810	2724	2750	2945	3225	3471	3720	3755	3714	3544	3338	3121	2889	2687	2471	2295	2161	
52	2449	59.9	60.0	5	1	1	2	1030	1298	1949	2830	3836	4641	5102	5190	5046	4769	4483	4054	3710	3383	3096	2860	2686	2722	2920	3168	3433	3641	3726	3677	3526	3346	3082	2857	2638	2484	2310	2158	
52	2466	60.0	60.0	5	1	1	2	1018	1293	1954	2841	3844	4629	5083	5226	5079	4773	4479	4050	3743	3367	3061	2791	2731	2713	2926	3175	3462	3645	3717	3651	3495	3325	3082	2825	2650	2458	2304	2146	
52	2483	59.9	60.0	5	1	1	2	1005	1296	1927	2817	3798	4664	5091	5205	5070	4789	4450	4053	3703	3367	3086	2805	2690	2751	2906	3177	3440	3634	3726	3693	3512	3340	3075	2865	2642	2445	2274	2168	
52	2546	95.1	95.1	6	1	0	2	948	1063	1371	1793	2320	2758	2993	3092	3103	2980	2835	2632	2475	2331	2166	2082	2045	2174	2355	2598	2795	2992	3034	2977	2895	2770	2572	2416	2266	2134	2039	1925	
52	2563	95.0	95.0	6	1	1	2	944	1067	1351	1770	2277	2710	3003	3098	3080	2958	2823	2653	2460	2297	2168	2030	2047	2156	2344	2605	2804	2944	3019	2978	2842	2722	2576	2423	2271	2129	2007	1905	
52	2626	59.9	60.1	6	1	1	2	1027	1296	1915	2812	3829	4647	5049	5151	5067	4764	4476	4031	3714	3339	3036	2818	2708	2728	2909	3170	3412	3651	3738	3666	3523	3311	3092	2860	2623	2451	2285	2160	
52	2643	59.9	60.0	6	1	1	2	1002	1281	1926	2815	3837	4622	5084	5195	5117	4793	4487	4068	3717	3366	3049	2838	2723	2717	2908	3187	3479	3688	3743	3686	3500	3353	3099	2894	2636	2468	2314	2142	
52	2660	60.0	60.0	6	1	1	2	1022	1310	1928	2848	3863	4632	5094	5219	5056	4801	4445	4090	3728	3372	3057	2824	2699	2736	2906	3185	3474	3656	3738	3660	3531	3335	3096	2877	2638	2485	2303	2151	
52	2678	59.9	60.0	6	1	1	2	1022	1289	1944	2860	3892	4656	5098	5215	5138	4783	4491	4083	3730	3353	3087	2829	2745	2751	2930	3188	3472	3681	3748	3658	3519	3344	3107	2844	2646	2467	2303	2146	
52	2695	59.9	60.0	6	1	1	2	1007	1300	1940	2793	3858	4683	5062	5210	5064	4784	4464	4112	3706	3350	3038	2808	2722	2724	2901	3159	3456	3665	3759	3691	3533	3350	3089	2845	2650	2464	2270	2171	
52	2712	59.9	60.0	6	1	1	2	1012	1297	1932	2842	3849	4603	5033	5152	5028	4742	4412	4034	3684	3335	3057	2779	2686	2719	2887	3193	3453	3638	3702	3671	3507	3345	3071	2857	2634	2461	2298	2163	
52	2729	59.9	60.0	6	1	1	2	1019	1287	1931	2814	3798	4669	5115	5199	5038	4778	4448	4072	3706	3313	3070	2824	2708	2703	2889	3204	3423	3622	3716	3612	3494	3342	3091	2880	2628	2454	2310	2149	
52	2794	95.0	95.1	7	1	0	2	936	1054	1348	1783	2268	2743	2976	3101	3065	2989	2841	2635	2472	2276	2154	2090	2052	2192	2357	2591	2793	2965	3050	3003	2882	2731	2555	2412	2262	2151	2006	1894	
52	2811	95.0	95.0	7	1	1	2	928	1047	1342	1791	2306	2685	2999	3065	3066	2975	2822	2640	2470	2293	2160	2044	2049	2122	2328	2538	2778	2944	3012	2965	2859	2764	2588	2392	2270	2124	2034	1909	
52	2874	59.9	60.1	7	1	1	2	1009	1317	1907	2784	3817	4614	5063	5174	5012	4767	4452	4032	3684	3330	3026	2799	2679	2728	2878	3146	3439	3642	3720	3659	3520	3291	3078	2837	2645	2432	2289	2159	
52	2891	59.9	60.0	7	1	1	2	1013	1313	1897	2786	3788	4599	4994	5108	4994	4743	4368	4004	3668	3297	3029	2784	2661	2721	2880	3133	3419	3596	3691	3629	3510	3304	3044	2772	2619	2432	2291	2145	
52	2908	60.0	60.0	7	1	1	2	1023	1295	1899	2858	3806	4629	5026	5213	5007	4749	4428	4078	3712	3331	3016	2803	2723	2718	2876	3173	3424	3662	3693	3650	3501	3347	3080	2855	2622	2436	2288	2153	
52	2926	60.0	60.0	7	1	1	2	1017	1327	1925	2791	3796	4639	5067	5148	5039	4747	4442	4053	3688	3300	2994	2802	2681	2689	2924	3179	3450	3600	3721	3655	3481	3349	3073	2850	2629	2443	2259	2177	
52	2943	60.0	60.0	7	1	1	2	1022	1309	1931	2849	3822	4649	5078	5137	5022	4751	4393	4018	3672	3327	3011	2805	2683	2730	2854	3147	3436	3609	3695	3666	3493	3332	3082	2823	2610	2444	2288	2142	
52	2960	60.0	60.0	7	1	1	2	1023	1294	1916	2824	3814	4579	5075	5128	5054	4735	4448	4044	3690	3311	3037	2803	2655	2729	2874	3136	3427	3672	3718	3629	3457	3308	3079	2867	2585	2438	2280	2158	
52	2977	60.0	60.0	7	1	1	2	1014	1302	1908	2818	3793	4596	4976	5221	5001	4750	4408	4040	3661	3325	3014	2816	2677	2695	2880	3138	3444	3612	3744	3651	3468	3333	3041	2855	2622	2474	2276	2141	
52	3042	95.0	95.1	8	1	0	2	929	1049	1354	1795	2273	2705	2975	3086	3060	2959	2793	2606	2446	2288	2131	2053	2069	2147	2307	2555	2786	2946	3006	2954	2851	2742	2561	2401	2258	2130	2014	1900	
52	3059	95.0	95.0	8	1	1	2	922	1064	1358	1798	2279	2701	2981	3043	3033	2927	2791	2615	2422	2280	2135	2061	2044	2170	2329	2522	2776	2917	2969	2958	2852	2679	2557	2438	2258	2112	1989	1883	
52	3122	59.9	60.1	8	1	1	2	1012	1278	1907	2767	3738	4546	4950	5044	4941	4610	4340	4006	3633	3263	2969	2763	2648	2691	2850	3128	3385	3629	3671	3632	3422	3294	3045	2826	2594	2422	2264	2146	
52	3139	59.9	60.0	8	1	1	2	1022	1284	1919	2780	3756	4560	4954	5131	5000	4694	4379	3999	3648	3291	2998	2765	2652	2690	2849	3139	3409	3659	3689	3619	3423	3306	3075	2840	2628	2418	2271	2122	
52	3156	59.9	60.0	8	1	1	2	1006	1315	1923	2770	3772	4581	4979	5088	5008	4735	4379	4025	3680	3286	2991	2796	2653	2717	2884	3129	3420	3602	3709	3632	3491	3297	3039	2801	2592	2416	2248	2143	
52	3174	60.0	60.0	8	1	1	2	1019	1289	1901	2828	3794	4611	5023	5133	4981	4728	4428	4027	3669	3306	3028	2801	2657	2698	2862	3165	3424	3625	3633	3633	3470	3328	3026	2827	2620	2442	2267	2132	
52	3191	59.9	60.0	8	1	1	2	1013	1317	1922	2803	3798	4605	5014	5067	5020	4689	4424	3992	3639	3297	2996	2788	2695	2687	2853	3124	3380	3611	3661	3627	3484	3298	3041	2787	2588	2417	2247	2131	
52	3208	59.9	60.0	8	1	1	2	1022	1304	1903	2778	3734	4593	5030	5082	4990	4677	4350	3992	3637	3268	3024	2773	2674	2686	2866	3120	3369	3588	3648	3616	3448	3332	2989	2810	2610	2419	2268	2148	
52	3225	59.9	60.0	8	1	1	2	1016	1318	1920	2797	3774	4604	4963	5096	5008	4724	4402	4025	3667	3300	3010	2766	2656	2703	2859	3169	3403	3590	3654	3584	3446	3300	3053	2816	2620	2439	2260	2138	
52	3288	95.0	95.0	9	1	0	2	924	1039	1356	1776	2288	2704	2957	3064	3020	2972	2809	2624	2416	2269	2131	2057	2065	2173	2323	2548	2802	2953	2972	2903	2824	2721	2548	2373	2248	2124	1994	1907	
52	3305	95.0	95.0	9	1	1	2	930	1062	1348	1753	2258	2674	2936	3047	3026	2901	2786	2580	2416	2264	2132	2062	2045	2133	2324	2537	2769	2905	2930	2949	2839	2721	2539	2385	2242	2116	2006	1890	
52	3368	60.0	60.1	9	1	1	2	1002	1269	1887	2759	3736	4518	4966	5072	4970	4652	4323	3989	3655	3233	2973	2760	2655	2693	2885	3121	3420	3575	3637	3613	3435	3311	3032	2808	2623	2407	2281	2122	
52	3385	59.9	60.0	9	1	1	2	1020	1284	1898	2788	3791	4519	4984	5082	4984	4683	4360	4022	3638	3269	2998	2772	2635	2657	2868	3147	3375	3614	3688	3579	3522	3281	3042	2840	2610	2405	2276	2126	
52	3403	60.0	60.0	9	1	1	2	1018	1304	1906	2815	3782	4559	5004	5128	5017	4709	4395	3986	3643	3273	3001	2782	2676	2680	2896	3112	3404	3640	3668	3608	3464	3299	3050	2829	2604	2448	2305	2125	
52	3420	60.0	60.0	9	1	1	2	1029	1288	1901	2809	3809	4601	5048	5106	5005	4700	4415	4015	3672	3328	3013	2789	2671	2694	2850	3139	3429	3650	3712	3634	3487	3292	3020	2820	2615	2440	2265	2144	
52	3437	60.0	60.0	9	1	1	2	1010	1292	1902	2792	3770	4542	4994	5088	4952	4705	4385	4021	3624	3303	2991	2794	2670	2703	2846	3105	3377	3585	3713	3648	3475	3265	3030	2809	2591	2398	2271	2142	
52	3454	59.9	60.0	9	1	1	2	1013	1304	1896	2790	3743	4538	4948	5058	4962	4691	4368	3997	3616	3285	3045	2764	2664	2678	2836	3108	3414	3579	3663	3598	3405	3230	3018	2810	2615	2390	2283	2138	
52	3472	60.0	60.0	9	1	1	2	1009	1284	1887	2761	3781	4559	4987	5066	4950	4656	4386	3981	3619	3284	3012	2728	2650	2694	2859	3114	3376	3581	3656	3620	3474	3293	3040	2817	2597	2445	2257	2116	
52	3534	95.0	95.0	10	1	0	2	959	1056	1373	1763	2263	2688	2949	3038	3048	2944	2790	2600	2446	2237	2137	2074	2042	2134	2309	2552	2763	2924	2966	2917	2851	2710	2541	2368	2229	2119	2006	1869	
52	3551	94.9	95.0	10	1	0	2	927	1063	1346	1776	2249	2653	2906	3030	3016	2915	2799	2573	2405	2283	2116	2053	2026	2132	2307	2542	2744	2921	2982	2943	2777	2691	2520	2378	2207	2096	1980	1878	
52	3614	59.9	60.1	10	1	1	2	1004	1272	1910	2757	3701	4521	4917	5007	4860	4621	4344	3952	3612	3243	2970	2745	2632	2669	2810	3133	3360	3582	3645	3581	3413	3266	3034	2807	2592	2403	2252	2143	
52	3631	59.9	60.0	10	1	1	2	1013	1270	1886	2747	3741	4479	4941	5020	4897	4639	4389	3919	3610	3294	2989	2747	2646	2632	2815	3112	3347	3564	3658	3594	3441	3264	3022	2789	2569	2402	2267	2094	
52	3649	59.9	60.0	10	1	1	2	999	1281	1892	2750	3731	4533	4993	5050	4923	4642	4361	3965	3641	3246	3004	2778	2638	2689	2860	3087	3376	3577	3660	3567	3449	3293	3020	2821	2590	2393	2267	2131	
52	3666	59.9	60.0	10	1	1	2	1012	1286	1913	2772	3726	4532	4974	5059	4916	4656	4352	3936	3606	3269	2963	2736	2629	2658	2828	3106	3398	3551	3667	3528	3479	3289	3025	2798	2551	2394	2243	2130	
52	3683	60.0	60.0	10	1	1	2	999	1282	1915	2758	3741	4560	4924	5032	4926	4631	4314	3924	3637	3250	2987	2757	2651	2677	2835	3171	3383	3570	3635	3574	3417	3285	3007	2763	2604	2391	2255	2100	
52	3700	60.0	60.0	10	1	1	2	1029	1260	1880	2725	3740	4544	4941	5033	4915	4624	4317	3981	3600	3244	2958	2740	2610	2622	2832	3074	3351	3552	3624	3545	3421	3254	2995	2805	2547	2374	2235	2108	
52	3718	60.0	60.0	10	1	1	2	1016	1280	1889	2752	3681	4502	4901	5011	4901	4611	4327	3941	3593	3238	2955	2738	2605	2669	2825	3106	3325	3558	3629	3527	3413	3252	2998	2759	2560	2397	2254	2107	
52	3780	94.9	95.0	11	1	0	2	926	1055	1323	1764	2271	2660	2942	3051	3014	2913	2751	2612	2425	2238	2103	2052	2027	2103	2303	2537	2733	2873	2941	2929	2809	2693	2515	2360	2226	2096	1964	1857	
52	3798	95.0	95.0	11	1	1	2	934	1046	1356	1756	2248	2665	2927	3011	2989	2904	2735	2581	2421	2241	2108	2016	2024	2121	2304	2504	2721	2892	2933	2887	2800	2668	2504	2367	2215	2130	1992	1870	
52	3860	59.9	60.1	11	1	1	2	1027	1280	1884	2727	3716	4457	4868	4975	4873	4593	4270	3909	3575	3240	2944	2706	2626	2632	2835	3083	3348	3505	3596	3525	3375	3213	2977	2761	2546	2370	2260	2090	
52	3878	59.9	60.0	11	1	1	2	1012	1266	1866	2706	3690	4485	4919	4987	4890	4616	4312	3910	3564	3252	2936	2747	2621	2649	2832	3065	3343	3535	3615	3550	3401	3240	2987	2785	2568	2382	2226	2088	
52	3895	59.9	60.0	11	1	1	2	1016	1265	1866	2764	3699	4529	4913	5046	4884	4617	4321	3932	3602	3251	2977	2726	2632	2657	2859	3075	3355	3560	3639	3598	3432	3260	3001	2791	2586	2399	2270	2090	
52	3912	60.0	60.0	11	1	1	2	1014	1293	1903	2753	3707	4503	4895	5059	4912	4648	4296	3937	3581	3218	2976	2759	2631	2665	2791	3065	3335	3527	3643	3559	3389	3269	2989	2765	2569	2385	2272	2105	
52	3929	60.0	60.0	11	1	1	2	995	1304	1868	2770	3665	4503	4898	5014	4917	4593	4319	3905	3592	3239	2937	2701	2609	2619	2826	3101	3340	3555	3596	3536	3367	3247	2984	2766	2544	2408	2217	2100	
52	3947	60.0	60.0	11	1	1	2	996	1259	1881	2734	3722	4500	4902	5006	4896	4613	4314	3973	3589	3217	2939	2736	2628	2642	2806	3080	3318	3566	3657	3538	3391	3218	2991	2779	2557	2386	2227	2125	
52	3964	60.0	60.0	11	1	1	2	987	1274	1872	2741	3708	4471	4924	5011	4869	4643	4306	3914	3575	3263	2945	2769	2628	2647	2804	3090	3314	3561	3609	3517	3368	3215	2974	2818	2564	2396	2245	2097	
52	4028	94.9	95.1	12	1	0	2	936	1054	1367	1741	2260	2671	2918	3040	3010	2887	2754	2565	2431	2233	2098	2041	2008	2114	2279	2497	2725	2886	2919	2900	2807	2668	2521	2380	2184	2083	1972	1889	
52	4046	95.0	95.0	12	1	1	2	922	1053	1353	1759	2249	2666	2883	2976	3033	2892	2759	2596	2434	2218	2121	2011	2013	2124	2296	2505	2746	2885	2913	2892	2763	2668	2513	2329	2157	2101	1977	1844	
52	4108	60.0	60.1	12	1	1	2	1016	1280	1853	2736	3655	4478	4882	4945	4802	4570	4289	3880	3557	3234	2966	2716	2614	2633	2807	3082	3336	3526	3571	3534	3397	3244	2974	2796	2563	2374	2255	2105	
52	4126	59.9	60.0	12	1	1	2	1008	1271	1850	2707	3707	4449	4905	5015	4886	4568	4316	3938	3569	3209	2977	2751	2622	2635	2845	3068	3370	3540	3616	3529	3400	3210	3005	2779	2559	2394	2237	2086	
52	4143	60.0	60.0	12	1	1	2	1005	1284	1890	2774	3682	4503	4894	4969	4895	4597	4261	3925	3602	3223	2940	2710	2631	2669	2796	3094	3318	3522	3550	3566	3428	3227	2980	2781	2564	2399	2233	2094	
52	4160	60.0	60.0	12	1	1	2	1016	1273	1884	2732	3701	4513	4910	4979	4881	4610	4292	3944	3594	3286	2933	2706	2604	2637	2827	3078	3359	3544	3604	3519	3403	3217	3006	2775	2571	2369	2238	2101	
52	4177	59.9	60.0	12	1	1	2	993	1263	1895	2731	3676	4499	4903	4975	4881	4574	4311	3928	3596	3261	2950	2734	2598	2637	2821	3077	3357	3517	3597	3565	3372	3239	3005	2786	2581	2407	2225	2105	
52	4195	60.0	60.0	12	1	1	2	1013	1290	1880	2741	3687	4493	4883	5022	4843	4629	4290	3930	3577	3213	2935	2741	2620	2632	2834	3075	3355	3529	3573	3521	3400	3246	2980	2754	2566	2376	2215	2078	
52	4212	60.0	60.0	12	1	1	2	997	1259	1853	2737	3692	4486	4869	4970	4862	4605	4268	3935	3609	3216	2962	2726	2596	2602	2807	3048	3340	3504	3561	3540	3389	3206	3008	2754	2549	2354	2220	2103	
52	4274	95.0	95.0	13	1	0	2	919	1058	1340	1775	2212	2666	2911	3001	2999	2914	2739	2589	2405	2225	2109	2042	2040	2112	2276	2531	2721	2851	2909	2875	2776	2683	2491	2335	2211	2115	1969	1872	
52	4292	95.0	95.0	13	1	1	2	916	1054	1322	1774	2238	2630	2872	3021	2964	2871	2721	2557	2388	2226	2098	2031	1988	2089	2277	2490	2740	2882	2918	2864	2780	2670	2516	2349	2189	2072	1948	1851	
52	4354	59.9	60.1	13	1	1	2	1007	1280	1857	2707	3697	4426	4879	4939	4830	4544	4272	3888	3575	3215	2949	2750	2571	2636	2787	3035	3330	3506	3618	3517	3395	3212	2978	2732	2572	2369	2220	2068	
52	4372	59.9	60.0	13	1	1	2	1012	1264	1865	2723	3677	4499	4891	4955	4851	4591	4285	3913	3552	3230	2947	2726	2601	2620	2832	3080	3312	3533	3658	3529	3379	3198	2997	2785	2556	2397	2250	2101	
52	4389	60.0	60.0	13	1	1	2	1013	1311	1879	2734	3688	4448	4920	5010	4853	4561	4307	3913	3543	3226	2921	2704	2605	2669	2816	3082	3340	3514	3592	3506	3392	3242	3001	2770	2542	2391	2234	2072	
52	4406	59.9	60.0	13	1	1	2	1013	1283	1890	2723	3683	4480	4901	4985	4823	4600	4288	3909	3542	3232	2937	2726	2639	2648	2792	3062	3336	3532	3594	3522	3381	3256	2992	2764	2579	2390	2241	2062	
52	4423	60.0	60.0	13	1	1	2	995	1281	1869	2723	3704	4450	4892	4985	4884	4583	4263	3925	3540	3227	2963	2746	2624	2621	2806	3074	3352	3549	3620	3523	3371	3252	2995	2764	2540	2368	2246	2103	
52	4441	59.9	60.0	13	1	1	2	1011	1260	1878	2731	3686	4456	4883	4965	4852	4573	4262	3890	3555	3224	2956	2741	2599	2622	2790	3065	3304	3496	3599	3534	3382	3232	2969	2770	2541	2393	2230	2093	
52	4458	59.9	60.0	13	1	1	2	1008	1269	1892	2749	3653	4479	4840	4965	4821	4588	4265	3926	3549	3233	2946	2716	2595	2640	2796	3040	3313	3504	3586	3515	3376	3235	2971	2743	2558	2342	2232	2088	
52	4521	95.0	95.0	14	1	0	2	955	1045	1342	1771	2228	2664	2908	3012	3008	2903	2746	2555	2419	2233	2127	2017	2050	2100	2271	2498	2715	2855	2904	2869	2785	2662	2520	2352	2226	2072	1959	1851	
52	4538	95.0	95.0	14	1	1	2	905	1054	1335	1732	2203	2635	2903	2975	2967	2874	2752	2524	2376	2224	2114	2000	1990	2091	2289	2482	2696	2861	2902	2861	2761	2642	2483	2334	2170	2064	1921	1862	
52	4601	59.9	60.1	14	1	1	2	1000	1288	1866	2685	3656	4401	4830	4921	4796	4530	4229	3858	3556	3194	2923	2681	2585	2622	2805	3022	3305	3492	3547	3520	3325	3197	2964	2752	2557	2358	2209	2075	
52	4618	59.9	60.0	14	1	1	2	1006	1269	1876	2714	3616	4424	4862	4950	4807	4592	4224	3895	3556	3193	2951	2726	2620	2643	2783	3081	3298	3509	3553	3499	3365	3178	2937	2755	2538	2382	2220	2072	
52	4635	60.0	60.0	14	1	1	2	1001	1265	1854	2723	3657	4475	4877	4950	4840	4562	4313	3876	3581	3240	2905	2730	2600	2647	2797	3055	3325	3517	3553	3544	3370	3225	2982	2740	2573	2349	2184	2096	
52	4652	59.9	60.0	14	1	1	2	1014	1282	1850	2719	3647	4422	4829	4968	4832	4530	4278	3884	3563	3221	2931	2717	2612	2632	2800	3073	3307	3504	3553	3532	3369	3201	2944	2757	2537	2356	2227	2080	
52	4670	60.0	60.0	14	1	1	2	1012	1274	1859	2735	3676	4447	4885	4959	4847	4558	4305	3898	3549	3221	2919	2729	2622	2639	2813	3049	3298	3529	3566	3530	3389	3217	2973	2730	2552	2372	2203	2083	
52	4687	59.9	60.0	14	1	1	2	1014	1273	1865	2709	3671	4384	4800	4948	4755	4524	4230	3873	3551	3188	2920	2692	2588	2618	2759	3019	3313	3478	3574	3543	3356	3195	2986	2745	2528	2365	2204	2076	
52	4704	60.0	60.0	14	1	1	2	1008	1283	1875	2712	3674	4459	4854	4962	4819	4560	4191	3877	3567	3224	2929	2702	2574	2649	2778	3070	3340	3520	3569	3508	3362	3189	2970	2738	2529	2376	2213	2089	
52	4767	95.0	95.0	15	1	0	2	947	1047	1354	1748	2244	2656	2884	3007	3004	2877	2748	2578	2386	2239	2110	2038	1994	2119	2273	2495	2731	2860	2903	2866	2773	2646	2485	2330	2228	2087	1960	1875	
52	4784	95.0	95.0	15	1	1	2	924	1061	1319	1741	2229	2623	2901	2998	2971	2856	2738	2557	2366	2218	2089	2003	2012	2086	2262	2468	2701	2820	2910	2876	2765	2640	2459	2341	2221	2065	1942	1841	
52	4847	60.0	60.1	15	1	1	2	1019	1270	1846	2692	3614	4388	4797	4895	4761	4550	4233	3873	3558	3194	2933	2681	2571	2587	2785	3039	3295	3474	3526	3494	3368	3187	2943	2739	2550	2366	2209	2103	
52	4864	60.0	60.0	15	1	1	2	1009	1274	1852	2645	3640	4436	4820	4929	4818	4537	4262	3876	3532	3195	2941	2687	2600	2605	2778	3035	3284	3508	3603	3517	3332	3200	2947	2717	2535	2340	2220	2093	
52	4881	60.0	60.0	15	1	1	2	1023	1276	1864	2729	3646	4425	4847	4942	4846	4549	4282	3920	3555	3231	2897	2714	2591	2633	2806	3046	3323	3517	3572	3540	3363	3179	2967	2750	2533	2382	2205	2086	
52	4898	59.9	60.0	15	1	1	2	987	1256	1865	2721	3656	4467	4889	4974	4846	4558	4252	3904	3573	3208	2938	2702	2588	2614	2802	3066	3301	3528	3572	3545	3378	3192	2976	2764	2525	2352	2224	2081	
52	4916	59.9	60.0	15	1	1	2	1007	1268	1885	2748	3638	4448	4816	4993	4827	4596	4249	3910	3574	3180	2913	2730	2601	2610	2803	3053	3310	3476	3589	3529	3367	3199	2949	2762	2531	2376	2218	2111	
52	4933	59.9	60.0	15	1	1	2	1013	1256	1833	2705	3648	4385	4793	4965	4808	4531	4209	3855	3552	3211	2918	2666	2563	2590	2798	3038	3289	3500	3572	3511	3338	3178	2933	2747	2532	2357	2213	2072	
52	4950	60.0	60.0	15	1	1	2	1007	1282	1849	2727	3630	4419	4815	4944	4850	4515	4230	3851	3539	3198	2905	2694	2570	2622	2783	3030	3271	3495	3557	3505	3329	3200	2964	2727	2546	2353	2199	2064	
52	5013	94.9	95.0	16	1	0	2	920	1044	1345	1747	2236	2633	2923	2977	2977	2852	2749	2549	2396	2207	2094	1973	1996	2115	2250	2519	2698	2855	2903	2852	2752	2633	2502	2358	2168	2062	1956	1864	
52	5030	95.0	95.0	16	1	1	2	930	1053	1320	1759	2184	2642	2867	2936	2963	2851	2744	2567	2391	2177	2110	2023	1995	2089	2269	2485	2683	2831	2892	2841	2746	2673	2471	2313	2186	2075	1967	1853	
52	5093	59.9	60.1	16	1	1	2	1003	1273	1850	2659	3634	4400	4820	4870	4753	4526	4229	3800	3522	3136	2903	2670	2568	2612	2772	3011	3308	3451	3541	3485	3318	3195	2943	2726	2538	2356	2189	2108	
52	5110	60.0	60.0	16	1	1	2	999	1259	1848	2702	3623	4425	4827	4946	4760	4519	4264	3848	3511	3200	2871	2659	2583	2600	2776	3032	3283	3512	3536	3476	3338	3165	2960	2739	2543	2344	2193	2095	
52	5127	59.9	60.0	16	1	1	2	1000	1261	1886	2704	3638	4424	4850	4922	4824	4542	4250	3902	3521	3187	2900	2690	2596	2629	2807	3022	3301	3512	3568	3493	3334	3195	2979	2741	2548	2377	2210	2075	
52	5145	60.0	60.0	16	1	1	2	1005	1252	1860	2712	3617	4454	4863	4946	4827	4573	4258	3916	3568	3216	2958	2686	2602	2613	2779	3042	3311	3491	3553	3512	3378	3180	2932	2749	2533	2364	2206	2076	
52	5162	60.0	60.0	16	1	1	2	999	1261	1843	2713	3643	4436	4814	4902	4836	4566	4257	3854	3544	3192	2905	2702	2611	2614	2797	3093	3309	3495	3532	3497	3333	3228	2940	2746	2489	2381	2228	2045	
52	5179	60.0	60.0	16	1	1	2	990	1266	1841	2716	3651	4449	4792	4926	4791	4517	4265	3880	3534	3212	2922	2669	2588	2575	2758	3009	3278	3478	3550	3551	3321	3187	2981	2720	2536	2366	2220	2082	
52	5196	60.0	60.0	16	1	1	2	1005	1278	1850	2701	3653	4445	4804	4895	4810	4537	4246	3841	3521	3206	2946	2712	2589	2616	2747	3025	3311	3479	3558	3481	3337	3139	2930	2703	2514	2344	2196	2074	
52	5259	95.0	95.1	17	1	0	2	930	1040	1332	1728	2215	2619	2863	2996	2945	2875	2721	2535	2386	2195	2099	2029	1993	2082	2259	2473	2719	2833	2897	2843	2722	2641	2473	2344	2183	2056	1920	1842	
52	5276	95.0	95.0	17	1	1	2	930	1041	1330	1734	2213	2611	2867	2962	2951	2895	2758	2545	2389	2215	2084	1988	2003	2077	2252	2491	2696	2833	2885	2869	2742	2650	2452	2324	2208	2070	1944	1859	
52	5339	60.0	60.1	17	1	1	2	1001	1278	1835	2667	3626	4381	4811	4875	4769	4517	4221	3831	3512	3175	2893	2684	2573	2615	2804	3018	3289	3478	3527	3447	3346	3166	2973	2752	2537	2335	2210	2065	
52	5356	59.9	60.0	17	1	1	2	1011	1270	1841	2712	3640	4378	4777	4918	4740	4506	4213	3884	3524	3200	2908	2681	2560	2614	2779	3028	3294	3485	3592	3508	3334	3191	2944	2763	2538	2358	2202	2075	
52	5373	59.9	60.0	17	1	1	2	1002	1281	1860	2706	3628	4411	4763	4974	4818	4532	4229	3853	3512	3206	2955	2715	2597	2592	2758	3049	3268	3516	3547	3521	3318	3195	2948	2761	2525	2358	2168	2075	
52	5391	59.9	60.0	17	1	1	2	1004	1282	1830	2715	3646	4410	4799	4939	4825	4546	4198	3876	3566	3164	2944	2699	2587	2614	2787	3057	3304	3471	3582	3495	3363	3195	2950	2715	2539	2360	2224	2071	
52	5408	60.0	60.0	17	1	1	2	1008	1256	1868	2715	3657	4384	4820	4910	4803	4495	4225	3839	3498	3181	2919	2704	2569	2587	2796	3025	3310	3471	3550	3460	3342	3178	2926	2723	2498	2354	2208	2035	
52	5425	60.0	60.0	17	1	1	2	995	1277	1860	2693	3603	4375	4823	4908	4746	4488	4201	3867	3507	3181	2914	2701	2566	2610	2771	3042	3289	3470	3553	3469	3330	3169	2949	2699	2548	2342	2215	2057	
52	5442	59.9	60.0	17	1	1	2	1016	1262	1858	2704	3650	4388	4811	4938	4767	4499	4229	3852	3496	3190	2915	2678	2561	2598	2768	3022	3250	3475	3495	3530	3344	3172	2918	2721	2533	2347	2189	2076	
52	5505	95.0	95.0	18	1	0	2	922	1048	1322	1727	2193	2618	2879	2998	2960	2829	2712	2563	2408	2211	2094	2002	1996	2080	2259	2469	2704	2845	2908	2893	2740	2641	2493	2326	2199	2052	1957	1827	
52	5522	95.0	95.0	18	1	1	2	916	1036	1318	1726	2212	2606	2864	2959	2924	2866	2722	2538	2348	2203	2081	2006	1975	2083	2239	2457	2686	2834	2872	2855	2759	2629	2452	2287	2167	2056	1930	1858	
52	5585	59.9	60.1	18	1	1	2	1009	1263	1847	2666	3638	4367	4766	4879	4766	4521	4203	3851	3509	3139	2906	2689	2561	2572	2756	2988	3265	3485	3521	3465	3350	3194	2943	2735	2500	2331	2194	2067	
52	5602	59.9	60.0	18	1	1	2	1007	1258	1844	2685	3613	4394	4759	4907	4790	4481	4238	3885	3541	3178	2878	2712	2559	2603	2762	2999	3307	3490	3556	3464	3364	3201	2934	2735	2527	2370	2192	2091	
52	5619	59.9	60.0	18	1	1	2	1005	1273	1843	2702	3674	4409	4785	4919	4771	4543	4212	3846	3507	3171	2920	2690	2584	2612	2747	3002	3259	3496	3545	3512	3369	3188	2956	2730	2512	2326	2202	2079	
52	5637	60.0	60.0	18	1	1	2	1003	1282	1856	2704	3585	4378	4820	4876	4780	4486	4244	3865	3502	3149	2913	2686	2561	2598	2763	3035	3286	3485	3533	3439	3345	3194	2910	2723	2570	2361	2194	2082	
52	5654	59.9	60.0	18	1	1	2	1004	1282	1856	2669	3645	4402	4841	4874	4782	4520	4238	3849	3532	3155	2917	2711	2564	2624	2762	2996	3283	3493	3527	3496	3328	3234	2950	2733	2511	2348	2190	2066	
52	5671	60.0	60.0	18	1	1	2	1010	1269	1847	2698	3670	4392	4760	4872	4791	4512	4190	3848	3525	3210	2896	2681	2609	2618	2786	3036	3281	3478	3546	3484	3330	3190	2942	2717	2514	2344	2206	2083	
52	5688	59.9	60.0	18	1	1	2	1011	1265	1825	2687	3632	4387	4734	4872	4754	4478	4240	3825	3470	3180	2895	2676	2587	2586	2751	2996	3235	3465	3517	3519	3326	3140	2908	2737	2510	2357	2201	2072	
52	5751	95.0	95.1	19	1	0	2	917	1056	1333	1736	2207	2601	2884	2940	2943	2828	2734	2550	2384	2205	2107	2009	2010	2065	2277	2476	2671	2834	2878	2860	2708	2610	2463	2342	2153	2043	1937	1855	
52	5768	95.0	95.0	19	1	1	2	910	1037	1329	1730	2211	2612	2859	2970	2937	2824	2686	2527	2379	2178	2096	1996	1984	2069	2248	2483	2711	2853	2864	2852	2733	2628	2484	2337	2169	2051	1937	1836	
52	5831	60.0	60.1	19	1	1	2	990	1268	1828	2689	3618	4378	4746	4888	4778	4510	4229	3829	3416	3133	2914	2683	2549	2594	2769	3000	3294	3445	3542	3495	3315	3148	2932	2711	2495	2348	2195	2074	
52	5848	59.9	60.0	19	1	1	2	1004	1264	1829	2668	3617	4316	4780	4915	4754	4462	4209	3843	3525	3165	2902	2683	2568	2617	2760	2965	3262	3478	3532	3492	3353	3138	2917	2741	2563	2343	2205	2084	
52	5866	60.0	60.0	19	1	1	2	1005	1263	1849	2706	3617	4383	4788	4881	4806	4483	4191	3882	3529	3166	2881	2657	2603	2600	2770	3001	3263	3464	3544	3474	3360	3160	2918	2729	2516	2341	2219	2071	
52	5883	60.0	60.0	19	1	1	2	1003	1260	1852	2692	3638	4381	4804	4858	4796	4488	4204	3808	3511	3164	2898	2700	2545	2607	2722	3004	3293	3472	3540	3466	3319	3172	2949	2713	2528	2345	2207	2080	
52	5900	60.0	60.0	19	1	1	2	1005	1292	1844	2704	3630	4376	4792	4900	4754	4513	4219	3836	3521	3189	2900	2680	2604	2620	2761	3023	3280	3494	3568	3460	3313	3206	2941	2746	2558	2364	2200	2080	
52	5917	60.0	60.0	19	1	1	2	998	1278	1872	2708	3619	4433	4770	4897	4803	4500	4194	3860	3538	3163	2889	2672	2576	2588	2757	2991	3253	3465	3512	3455	3327	3184	2939	2699	2489	2353	2158	2077	
52	5935	60.0	60.0	19	1	1	2	997	1273	1840	2679	3615	4388	4756	4847	4746	4520	4196	3814	3500	3162	2930	2675	2615	2597	2756	3032	3281	3494	3552	3492	3299	3161	2972	2745	2526	2338	2184	2063	
52	5997	94.9	95.0	20	1	0	2	923	1053	1316	1747	2193	2601	2876	2966	2972	2860	2721	2552	2381	2237	2089	1986	1996	2090	2256	2473	2702	2820	2890	2823	2709	2623	2480	2354	2211	2038	1940	1844	
52	6014	95.0	95.0	20	1	1	2	909	1051	1327	1728	2220	2619	2867	2964	2961	2840	2728	2554	2358	2168	2085	1988	1994	2075	2240	2459	2658	2822	2879	2840	2748	2623	2440	2337	2169	2046	1934	1828	
52	6077	60.0	60.1	20	1	1	2	992	1274	1850	2696	3607	4340	4758	4838	4738	4446	4170	3862	3504	3150	2882	2653	2584	2601	2769	3002	3248	3443	3546	3478	3346	3159	2933	2698	2522	2336	2205	2076	
52	6094	59.9	60.0	20	1	1	2	1007	1264	1852	2691	3623	4351	4772	4841	4785	4529	4193	3814	3549	3169	2896	2661	2576	2637	2748	3014	3278	3464	3578	3486	3300	3144	2938	2756	2508	2379	2197	2057	
52	6112	59.9	60.0	20	1	1	2	996	1288	1850	2635	3593	4407	4795	4896	4769	4538	4187	3813	3509	3161	2925	2707	2549	2605	2737	3025	3260	3448	3542	3478	3305	3146	2966	2718	2521	2336	2223	2081	
52	6129	60.0	60.0	20	1	1	2	984	1261	1866	2699	3628	4408	4774	4927	4772	4487	4226	3832	3527	3193	2862	2706	2561	2575	2766	3009	3277	3441	3504	3469	3322	3152	2965	2730	2519	2336	2207	2040	
52	6146	59.9	60.0	20	1	1	2	1019	1265	1850	2646	3633	4367	4802	4903	4752	4491	4204	3857	3518	3188	2882	2677	2575	2597	2759	3006	3259	3449	3516	3465	3290	3127	2931	2698	2507	2315	2191	2065	
52	6163	60.0	60.0	20	1	1	2	1010	1251	1865	2689	3611	4362	4788	4893	4773	4515	4182	3825	3504	3167	2878	2687	2560	2606	2726	2996	3288	3462	3525	3464	3323	3154	2946	2707	2538	2341	2196	2072	
52	6181	60.0	60.0	20	1	1	2	997	1265	1837	2660	3641	4362	4736	4859	4757	4456	4146	3823	3480	3204	2921	2680	2555	2558	2738	3011	3260	3445	3507	3484	3260	3150	2935	2705	2465	2331	2197	2054	
52	6245	94.9	95.1	21	1	0	2	906	1045	1352	1728	2195	2608	2840	2951	2946	2833	2716	2520	2355	2181	2098	1978	1996	2063	2258	2492	2673	2812	2861	2844	2696	2607	2435	2303	2164	2039	1963	1842	
52	6262	95.0	95.0	21	1	1	2	915	1048	1326	1731	2191	2614	2865	2944	2948	2821	2695	2558	2355	2185	2087	1961	1996	2080	2243	2487	2671	2816	2862	2845	2739	2631	2438	2306	2167	2029	1940	1832	
52	6325	60.0	60.1	21	1	1	2	1013	1265	1816	2659	3584	4349	4735	4840	4718	4483	4161	3799	3499	3148	2864	2652	2546	2568	2746	3024	3237	3453	3522	3489	3299	3148	2938	2681	2490	2341	2207	2035	
52	6343	60.0	60.0	21	1	1	2	993	1267	1836	2659	3633	4391	4777	4842	4747	4479	4163	3826	3485	3162	2867	2670	2560	2589	2758	2998	3268	3467	3589	3485	3329	3148	2924	2742	2513	2338	2187	2055	
52	6360	59.9	60.0	21	1	1	2	1017	1274	1863	2685	3620	4355	4807	4882	4795	4499	4203	3836	3513	3171	2875	2657	2557	2582	2742	3001	3260	3432	3554	3464	3319	3153	2922	2720	2508	2332	2168	2065	
52	6377	60.0	60.0	21	1	1	2	1009	1256	1841	2692	3597	4401	4765	4867	4795	4489	4180	3773	3487	3138	2905	2663	2571	2604	2752	3014	3285	3483	3512	3472	3317	3150	2920	2718	2519	2315	2196	2065	
52	6394	59.9	60.0	21	1	1	2	1003	1269	1855	2677	3640	4380	4800	4868	4771	4527	4226	3840	3526	3154	2915	2694	2556	2605	2754	3004	3273	3474	3528	3503	3326	3140	2915	2691	2482	2340	2192	2060	
52	6412	60.0	60.0	21	1	1	2	996	1276	1829	2679	3584	4360	4766	4855	4716	4477	4205	3837	3527	3153	2886	2650	2518	2588	2751	2998	3265	3454	3528	3457	3249	3165	2904	2727	2539	2350	2171	2076	
52	6429	60.0	60.0	21	1	1	2	1002	1249	1844	2677	3598	4374	4806	4860	4752	4471	4183	3847	3514	3154	2901	2650	2554	2629	2733	2987	3278	3429	3542	3477	3349	3148	2910	2723	2501	2318	2225	2048	
52	6493	95.0	95.1	22	1	0	2	934	1059	1331	1722	2212	2625	2890	2955	2961	2844	2701	2562	2365	2217	2081	1991	1972	2072	2273	2466	2692	2852	2896	2847	2724	2640	2464	2304	2155	2043	1966	1852	
52	6511	95.0	95.0	22	1	1	2	917	1046	1344	1714	2168	2578	2866	2936	2939	2815	2711	2561	2369	2201	2101	1992	1991	2049	2249	2472	2638	2833	2847	2835	2752	2618	2444	2312	2162	2066	1949	1814	
52	6573	60.0	60.1	22	1	1	2	998	1244	1844	2668	3592	4324	4734	4805	4711	4502	4203	3809	3477	3126	2870	2661	2565	2576	2751	2964	3266	3396	3465	3426	3297	3171	2927	2719	2494	2346	2176	2061	
52	6591	59.9	60.0	22	1	1	2	997	1275	1847	2667	3593	4337	4791	4867	4765	4482	4212	3808	3481	3177	2880	2676	2550	2564	2749	2987	3250	3480	3519	3516	3333	3173	2942	2729	2517	2358	2194	2048	
52	6608	60.0	60.0	22	1	1	2	1009	1281	1826	2698	3648	4357	4784	4891	4799	4475	4170	3879	3539	3165	2883	2693	2565	2593	2756	3030	3277	3477	3503	3484	3331	3172	2913	2731	2532	2333	2215	2068	
52	6625	60.0	60.0	22	1	1	2	1008	1266	1835	2676	3612	4381	4768	4850	4749	4467	4167	3865	3500	3160	2879	2680	2569	2592	2771	3002	3218	3464	3514	3494	3282	3152	2898	2705	2509	2301	2178	2070	
52	6642	60.0	60.0	22	1	1	2	1009	1281	1825	2678	3591	4382	4805	4876	4757	4495	4209	3856	3488	3152	2910	2669	2564	2581	2728	2994	3246	3418	3510	3467	3321	3145	2910	2725	2513	2312	2204	2080	
52	6660	60.0	60.0	22	1	1	2	1010	1272	1840	2672	3613	4391	4755	4872	4759	4488	4153	3794	3471	3145	2876	2666	2556	2583	2721	2995	3221	3419	3497	3477	3293	3161	2943	2720	2520	2333	2193	2065	
52	6677	60.0	60.0	22	1	1	2	1002	1256	1856	2689	3602	4340	4763	4834	4767	4494	4201	3840	3495	3176	2856	2646	2547	2578	2737	3023	3268	3428	3515	3460	3330	3147	2926	2672	2497	2362	2176	2050	
52	6741	94.9	95.1	23	1	0	2	925	1038	1337	1765	2187	2641	2863	2926	2932	2840	2744	2532	2367	2198	2069	2003	2023	2101	2251	2491	2667	2848	2864	2848	2736	2619	2448	2299	2156	2036	1931	1844	
52	6759	95.0	95.0	23	1	1	2	926	1048	1328	1723	2200	2610	2833	2947	2942	2832	2686	2526	2394	2204	2073	1988	1994	2064	2242	2450	2636	2846	2868	2808	2724	2586	2423	2313	2159	2014	1928	1833	
52	6821	60.0	60.1	23	1	1	2	1001	1258	1836	2648	3565	4345	4760	4879	4726	4433	4165	3807	3477	3131	2873	2648	2530	2570	2750	2999	3234	3437	3500	3462	3334	3160	2906	2722	2528	2316	2199	2070	
52	6839	59.9	60.0	23	1	1	2	999	1236	1839	2646	3583	4339	4743	4817	4714	4454	4155	3787	3449	3123	2854	2638	2535	2585	2701	2987	3224	3436	3495	3432	3310	3147	2886	2703	2477	2333	2192	2053	
52	6856	60.0	60.0	23	1	1	2	1001	1265	1824	2657	3580	4380	4759	4823	4749	4486	4143	3797	3497	3152	2890	2670	2542	2577	2737	3007	3267	3467	3517	3464	3302	3171	2914	2696	2489	2343	2186	2064	
52	6873	60.0	60.0	23	1	1	2	1014	1264	1849	2663	3570	4388	4763	4861	4722	4498	4204	3820	3506	3104	2881	2667	2563	2567	2768	3004	3231	3437	3488	3449	3315	3150	2926	2697	2490	2352	2192	2051	
52	6890	60.0	60.0	23	1	1	2	989	1248	1820	2680	3605	4335	4738	4863	4701	4474	4206	3845	3466	3140	2873	2656	2531	2578	2732	2992	3240	3438	3512	3451	3296	3123	2903	2712	2496	2335	2202	2056	
52	6908	60.0	60.0	23	1	1	2	985	1274	1830	2686	3596	4387	4731	4823	4741	4469	4189	3804	3472	3169	2893	2656	2542	2577	2756	2998	3273	3442	3520	3466	3306	3160	2938	2724	2483	2323	2212	2051	
52	6925	60.0	60.0	23	1	1	2	996	1258	1856	2663	3581	4361	4704	4839	4694	4427	4153	3786	3474	3160	2887	2653	2539	2549	2724	2971	3244	3404	3480	3436	3290	3113	2911	2686	2504	2336	2192	2044	
52	6988	95.0	95.1	24	1	0	2	914	1043	1330	1734	2200	2614	2868	2953	2937	2836	2702	2550	2340	2222	2069	1996	1992	2067	2231	2462	2695	2830	2896	2848	2754	2620	2477	2302	2166	2038	1930	1835	
52	7005	95.0	95.0	24	1	1	2	927	1043	1317	1719	2168	2599	2864	2944	2909	2818	2694	2530	2365	2188	2048	1988	1976	2058	2253	2417	2644	2811	2852	2829	2722	2618	2448	2351	2160	2061	1935	1823	
52	7067	60.0	60.1	24	1	1	2	1014	1246	1809	2650	3565	4306	4733	4835	4699	4444	4161	3811	3464	3127	2873	2665	2540	2560	2756	2980	3243	3432	3510	3424	3273	3135	2918	2711	2508	2327	2158	2059	
52	7084	59.9	60.0	24	1	1	2	1003	1255	1848	2640	3607	4356	4715	4821	4726	4454	4160	3802	3494	3127	2850	2648	2584	2605	2741	2996	3210	3430	3503	3438	3310	3117	2893	2718	2486	2340	2175	2029	
52	7101	60.0	60.0	24	1	1	2	1007	1273	1848	2676	3627	4342	4718	4861	4739	4492	4208	3834	3501	3174	2884	2679	2542	2599	2740	2999	3257	3466	3506	3478	3308	3145	2921	2704	2501	2342	2183	2086	
52	7118	59.9	60.0	24	1	1	2	1002	1256	1840	2676	3579	4372	4739	4870	4750	4532	4209	3826	3474	3173	2896	2670	2563	2592	2723	2993	3238	3468	3487	3490	3307	3136	2879	2678	2493	2349	2198	2070	
52	7136	59.9	60.0	24	1	1	2	996	1262	1839	2674	3584	4349	4719	4808	4724	4468	4218	3825	3490	3181	2870	2667	2546	2584	2749	2984	3222	3459	3488	3443	3289	3180	2925	2676	2478	2322	2200	2050	
52	7153	59.9	60.0	24	1	1	2	1003	1266	1834	2664	3592	4352	4755	4838	4710	4460	4199	3804	3519	3156	2869	2687	2515	2551	2737	2978	3227	3401	3502	3466	3288	3161	2942	2683	2513	2324	2193	2054	
52	7170	60.0	60.0	24	1	1	2	990	1263	1820	2638	3575	4323	4730	4802	4723	4412	4161	3810	3471	3118	2867	2677	2520	2568	2747	2977	3219	3407	3502	3426	3307	3133	2939	2694	2490	2341	2155	2039	
52	7233	95.0	95.0	25	1	0	2	924	1050	1339	1764	2215	2624	2879	2942	2921	2853	2695	2534	2368	2195	2072	1994	1967	2109	2252	2466	2655	2812	2884	2823	2683	2615	2440	2290	2133	2059	1953	1848	
52	7250	95.0	95.0	25	1	0	2	907	1047	1338	1715	2209	2588	2865	2949	2936	2825	2690	2533	2344	2200	2084	1968	1968	2047	2251	2453	2634	2840	2872	2811	2713	2622	2475	2333	2180	2045	1942	1838	
52	7313	60.0	60.1	25	1	1	2	999	1246	1828	2688	3579	4314	4729	4837	4739	4463	4174	3791	3451	3134	2879	2664	2542	2561	2740	2997	3248	3443	3488	3420	3336	3131	2910	2698	2485	2315	2179	2074	
52	7330	59.9	60.0	25	1	1	2	1013	1252	1834	2680	3631	4314	4779	4892	4749	4453	4233	3784	3485	3158	2880	2660	2556	2604	2744	2996	3246	3458	3512	3422	3298	3136	2920	2727	2487	2357	2176	2076	
52	7347	59.9	60.0	25	1	1	2	1004	1263	1859	2691	3586	4387	4775	4881	4755	4521	4224	3806	3503	3170	2875	2667	2554	2571	2755	3005	3250	3455	3528	3469	3292	3148	2921	2715	2492	2336	2196	2048	
52	7364	59.9	60.0	25	1	1	2	997	1290	1839	2638	3649	4365	4789	4860	4732	4497	4217	3789	3495	3167	2883	2676	2530	2581	2753	3001	3265	3430	3515	3469	3314	3126	2903	2726	2514	2328	2194	2065	
52	7382	59.9	60.0	25	1	1	2	1013	1267	1857	2677	3629	4324	4741	4904	4691	4464	4194	3801	3452	3168	2872	2626	2551	2585	2753	2976	3238	3422	3501	3441	3295	3129	2919	2707	2536	2342	2202	2067	
52	7399	60.0	60.0	25	1	1	2	1003	1274	1843	2665	3599	4395	4748	4838	4716	4485	4191	3845	3434	3154	2881	2696	2534	2581	2746	2964	3231	3418	3516	3448	3317	3160	2909	2702	2510	2307	2134	2039	
52	7416	60.0	60.0	25	1	1	2	1006	1254	1846	2672	3588	4361	4726	4840	4702	4420	4180	3821	3483	3157	2857	2642	2525	2567	2737	3017	3237	3403	3493	3460	3284	3144	2919	2717	2520	2326	2179	2078	
52	7479	95.0	95.0	26	1	0	2	921	1061	1339	1743	2199	2631	2858	2951	2948	2832	2701	2549	2329	2188	2081	1985	1989	2076	2228	2459	2671	2839	2864	2827	2759	2608	2496	2318	2170	2063	1940	1811	
52	7496	95.0	95.0	26	1	0	2	909	1052	1343	1706	2203	2597	2821	2931	2933	2803	2693	2540	2346	2160	2064	1954	1971	2081	2257	2417	2673	2832	2844	2807	2696	2599	2467	2294	2142	2048	1929	1833	
52	7559	60.0	60.1	26	1	1	2	1012	1261	1847	2649	3576	4359	4728	4801	4701	4470	4168	3795	3465	3147	2870	2678	2539	2556	2748	2972	3234	3419	3499	3442	3317	3141	2921	2706	2498	2309	2182	2055	
52	7576	59.9	60.0	26	1	1	2	1006	1282	1841	2688	3595	4322	4735	4848	4727	4474	4165	3794	3482	3157	2883	2683	2546	2562	2740	3003	3233	3399	3512	3464	3314	3141	2854	2719	2494	2340	2191	2052	
52	7593	59.9	60.0	26	1	1	2	1004	1268	1848	2678	3592	4352	4780	4848	4773	4471	4189	3836	3495	3144	2915	2675	2560	2594	2747	3004	3226	3434	3539	3451	3290	3142	2895	2710	2522	2373	2185	2059	
52	7611	59.9	60.0	26	1	1	2	1010	1277	1852	2656	3587	4347	4786	4864	4771	4458	4207	3840	3532	3153	2889	2670	2581	2564	2748	3018	3259	3447	3533	3472	3327	3154	2923	2709	2511	2327	2185	2067	
52	7628	60.0	60.0	26	1	1	2	996	1254	1829	2678	3614	4361	4771	4869	4752	4471	4217	3799	3492	3170	2884	2657	2550	2604	2728	2999	3246	3450	3511	3467	3300	3152	2909	2708	2515	2314	2178	2068	
52	7645	60.0	60.0	26	1	1	2	1014	1274	1870	2681	3579	4338	4779	4845	4723	4468	4190	3846	3480	3165	2853	2679	2585	2564	2723	2973	3228	3461	3500	3475	3301	3157	2939	2714	2491	2357	2175	2076	
52	7662	59.9	60.0	26	1	1	2	1000	1264	1866	2662	3576	4329	4759	4833	4728	4478	4195	3804	3474	3158	2888	2654	2535	2578	2749	2977	3249	3421	3499	3457	3285	3145	2907	2727	2504	2340	2187	2060	
52	7725	94.9	95.0	27	1	0	2	903	1066	1323	1745	2192	2618	2860	2954	2964	2858	2755	2526	2376	2213	2076	2002	1977	2106	2232	2457	2683	2821	2879	2847	2743	2636	2453	2337	2147	2060	1928	1859	
52	7742	94.9	95.0	27	1	0	2	919	1054	1324	1736	2189	2613	2836	2930	2930	2840	2716	2544	2357	2210	2069	1993	1977	2066	2234	2461	2678	2806	2900	2809	2732	2604	2487	2296	2167	2029	1935	1838	
52	7805	60.0	60.1	27	1	1	2	998	1274	1829	2682	3583	4332	4757	4828	4732	4445	4156	3820	3442	3153	2886	2671	2521	2584	2753	3009	3233	3445	3581	3454	3327	3167	2917	2690	2507	2330	2205	2060	
52	7822	59.9	60.0	27	1	1	2	994	1283	1854	2678	3589	4340	4741	4888	4762	4492	4152	3845	3473	3134	2901	2708	2573	2583	2760	3013	3284	3461	3523	3419	3302	3145	2901	2712	2510	2317	2209	2079	
52	7839	59.9	60.0	27	1	1	2	1001	1268	1863	2700	3625	4374	4748	4908	4780	4532	4228	3870	3518	3197	2918	2698	2582	2605	2761	3006	3298	3445	3538	3507	3330	3174	2928	2717	2489	2344	2162	2078	
52	7857	60.0	60.0	27	1	1	2	1001	1271	1850	2670	3624	4374	4793	4900	4775	4506	4172	3815	3508	3158	2899	2672	2566	2581	2757	3000	3242	3497	3508	3484	3334	3196	2920	2719	2524	2337	2206	2066	
52	7874	60.0	60.0	27	1	1	2	1001	1255	1847	2656	3619	4377	4758	4893	4765	4477	4174	3804	3507	3122	2928	2686	2561	2581	2768	2977	3249	3473	3515	3497	3308	3163	2924	2676	2527	2349	2184	2031	
52	7891	59.9	60.0	27	1	1	2	995	1271	1856	2672	3594	4389	4776	4851	4733	4508	4215	3811	3476	3141	2880	2642	2580	2602	2727	2953	3237	3461	3525	3433	3294	3146	2915	2696	2527	2339	2188	2056	
52	7908	60.0	60.0	27	1	1	2	1011	1277	1859	2683	3603	4336	4754	4860	4756	4452	4197	3839	3469	3173	2888	2659	2556	2580	2714	2982	3251	3454	3508	3508	3283	3178	2928	2706	2510	2334	2182	2081	
52	7973	95.0	95.1	28	1	0	2	923	1047	1319	1743	2211	2575	2864	2936	2953	2854	2708	2552	2362	2212	2094	1996	2002	2058	2234	2442	2673	2843	2861	2844	2706	2627	2464	2311	2185	2046	1929	1827	
52	7990	95.0	95.0	28	1	0	2	917	1048	1336	1734	2206	2614	2842	2956	2949	2840	2698	2555	2362	2207	2062	1985	1957	2076	2239	2435	2702	2803	2867	2847	2722	2624	2451	2295	2163	2045	1932	1798	
52	8053	59.9	60.1	28	1	1	2	1021	1268	1872	2681	3600	4348	4763	4864	4711	4481	4182	3795	3501	3147	2900	2677	2580	2589	2760	3030	3255	3464	3533	3471	3307	3146	2928	2730	2497	2350	2215	2035	
52	8070	59.9	60.0	28	1	1	2	1020	1262	1860	2680	3594	4351	4741	4846	4747	4488	4195	3823	3505	3160	2875	2695	2557	2594	2758	2982	3292	3443	3545	3465	3291	3154	2926	2721	2513	2347	2193	2044	
52	8087	60.0	60.0	28	1	1	2	1008	1281	1861	2691	3605	4361	4763	4884	4785	4501	4197	3840	3505	3172	2886	2663	2563	2594	2766	3012	3258	3498	3533	3486	3323	3164	2971	2712	2555	2313	2224	2052	
52	8105	60.0	60.0	28	1	1	2	988	1265	1844	2702	3625	4401	4732	4913	4790	4540	4185	3839	3512	3152	2911	2664	2570	2584	2755	2989	3256	3470	3525	3459	3284	3162	2878	2708	2515	2313	2209	2066	
52	8122	60.0	60.0	28	1	1	2	994	1290	1823	2715	3562	4334	4736	4839	4725	4445	4165	3798	3472	3118	2891	2617	2588	2580	2751	2969	3260	3393	3520	3417	3314	3128	2902	2696	2494	2320	2173	2052	
52	8139	60.0	60.0	28	1	1	2	1008	1280	1841	2702	3604	4400	4759	4896	4775	4498	4189	3864	3501	3183	2888	2653	2527	2587	2732	3009	3267	3444	3520	3465	3312	3158	2937	2695	2491	2282	2164	2061	
52	8156	59.9	60.0	28	1	1	2	1001	1282	1859	2660	3604	4347	4770	4890	4752	4420	4189	3837	3499	3161	2918	2673	2570	2600	2733	2995	3242	3431	3484	3450	3297	3130	2915	2724	2485	2327	2190	2044	
52	8221	94.9	95.1	29	1	0	2	910	1042	1320	1733	2215	2618	2884	2969	2933	2844	2704	2527	2374	2221	2063	1995	2001	2059	2251	2464	2673	2828	2855	2849	2744	2611	2451	2297	2159	2070	1936	1847	
52	8238	95.0	95.0	29	1	0	2	928	1027	1343	1734	2200	2585	2836	2979	2948	2840	2715	2501	2371	2204	2066	2007	2003	2061	2222	2469	2661	2816	2896	2813	2740	2636	2459	2286	2184	2019	1943	1826	
52	8301	59.8	60.1	29	1	1	2	1005	1266	1836	2662	3601	4338	4708	4868	4691	4484	4116	3797	3457	3114	2878	2650	2555	2545	2759	2989	3258	3442	3508	3449	3276	3144	2911	2715	2492	2334	2195	2060	
52	8318	59.9	60.0	29	1	1	2	999	1268	1852	2644	3581	4356	4706	4851	4688	4451	4165	3801	3476	3135	2871	2652	2556	2565	2750	3001	3242	3440	3456	3463	3332	3163	2938	2706	2512	2311	2199	2041	
52	8335	60.0	60.0	29	1	1	2	1007	1269	1858	2690	3588	4347	4766	4849	4774	4470	4181	3781	3543	3175	2918	2693	2544	2606	2739	3001	3216	3460	3562	3449	3324	3186	2929	2725	2530	2332	2213	2054	
52	8353	60.0	60.0	29	1	1	2	998	1247	1852	2679	3609	4350	4802	4890	4769	4478	4198	3844	3504	3144	2878	2670	2564	2573	2740	2988	3262	3446	3526	3461	3291	3180	2904	2715	2481	2325	2159	2046	
52	8370	60.0	60.0	29	1	1	2	994	1284	1854	2655	3597	4383	4747	4861	4752	4478	4181	3802	3497	3157	2877	2677	2559	2595	2734	3017	3244	3434	3512	3444	3340	3147	2906	2705	2493	2317	2186	2074	
52	8387	59.9	60.0	29	1	1	2	1009	1266	1857	2693	3576	4379	4736	4843	4769	4470	4220	3814	3442	3151	2867	2680	2564	2607	2749	3006	3246	3469	3551	3449	3294	3140	2875	2652	2480	2338	2175	2034	
52	8404	60.0	60.0	29	1	1	2	1001	1217	1865	2692	3567	4359	4802	4904	4731	4485	4184	3775	3522	3145	2895	2660	2578	2589	2767	2981	3261	3413	3508	3444	3326	3188	2883	2727	2527	2339	2185	2074	
52	8467	95.0	95.0	30	1	0	2	931	1048	1345	1758	2198	2638	2865	2973	2962	2837	2729	2500	2372	2215	2090	2024	2002	2064	2232	2471	2675	2831	2903	2863	2769	2652	2482	2280	2169	2073	1953	1832	
52	8484	95.0	95.0	30	1	0	2	921	1056	1329	1735	2193	2619	2873	2947	2932	2815	2714	2530	2331	2208	2055	1990	2015	2071	2256	2450	2650	2840	2870	2842	2737	2621	2437	2324	2172	2058	1913	1825	
52	8547	59.9	60.1	30	1	1	2	1009	1257	1842	2669	3582	4349	4787	4824	4729	4456	4189	3786	3482	3089	2894	2669	2537	2592	2735	3000	3219	3463	3467	3457	3292	3149	2916	2693	2475	2330	2187	2059	
52	8564	59.9	60.0	30	1	1	2	983	1246	1849	2683	3585	4341	4747	4882	4735	4472	4195	3828	3490	3135	2872	2668	2576	2588	2743	2994	3266	3485	3509	3470	3311	3144	2908	2730	2503	2336	2178	2054	
52	8582	60.0	60.0	30	1	1	2	1012	1261	1839	2693	3625	4371	4787	4881	4765	4482	4194	3841	3503	3171	2879	2668	2574	2604	2733	3024	3236	3450	3541	3484	3302	3141	2916	2706	2479	2348	2192	2046	
52	8599	60.0	60.0	30	1	1	2	1009	1272	1868	2687	3570	4393	4788	4924	4738	4517	4177	3848	3468	3179	2892	2656	2553	2597	2746	2978	3249	3464	3512	3468	3318	3141	2921	2712	2489	2312	2188	2060	
52	8616	60.0	60.0	30	1	1	2	1008	1250	1858	2677	3630	4379	4748	4909	4764	4527	4222	3844	3493	3144	2880	2638	2564	2607	2740	3006	3253	3433	3529	3441	3312	3183	2911	2747	2498	2320	2208	2062	
52	8633	60.0	60.0	30	1	1	2	1005	1262	1836	2682	3598	4347	4711	4837	4777	4449	4206	3840	3480	3148	2873	2646	2595	2594	2727	2995	3246	3457	3527	3467	3294	3163	2873	2717	2494	2329	2214	2022	
52	8651	60.0	60.0	30	1	1	2	996	1279	1852	2676	3645	4358	4754	4871	4716	4460	4160	3790	3499	3160	2878	2678	2545	2588	2737	3010	3257	3466	3499	3434	3294	3160	2919	2722	2474	2334	2200	2073	
52	8715	95.0	95.1	31	1	0	2	909	1062	1329	1733	2219	2630	2849	2963	2966	2882	2724	2565	2368	2214	2061	2009	1990	2086	2255	2460	2672	2849	2879	2858	2724	2623	2436	2333	2181	2016	1925	1843	
52	8732	95.0	95.0	31	1	0	2	926	1032	1350	1722	2229	2601	2839	2933	2940	2825	2696	2518	2358	2187	2063	1989	1975	2030	2279	2464	2679	2832	2853	2804	2741	2621	2446	2314	2159	2043	1929	1817	
52	8795	59.9	60.1	31	1	1	2	999	1274	1830	2673	3546	4335	4733	4839	4753	4465	4170	3806	3507	3148	2875	2653	2568	2609	2743	2995	3237	3473	3495	3458	3326	3187	2912	2737	2503	2352	2178	2057	
52	8812	60.0	60.0	31	1	1	2	1000	1259	1856	2676	3591	4350	4781	4904	4752	4463	4220	3822	3516	3163	2881	2634	2558	2607	2748	2964	3257	3462	3514	3460	3313	3146	2920	2677	2494	2343	2203	2052	
52	8830	60.0	60.0	31	1	1	2	1000	1266	1870	2685	3637	4372	4814	4890	4783	4541	4237	3839	3534	3152	2900	2684	2561	2574	2743	3024	3290	3454	3527	3505	3329	3163	2933	2716	2556	2338	2174	2070	
52	8847	60.0	60.0	31	1	1	2	1010	1254	1850	2684	3596	4384	4780	4880	4777	4496	4220	3815	3502	3177	2871	2644	2565	2588	2743	3023	3241	3457	3530	3453	3324	3171	2956	2700	2528	2339	2194	2077	
52	8864	60.0	60.0	31	1	1	2	1001	1257	1869	2689	3635	4393	4767	4913	4756	4499	4232	3846	3524	3184	2878	2707	2574	2606	2797	3005	3294	3464	3489	3449	3327	3152	2941	2708	2507	2333	2181	2066	
52	8881	60.0	60.0	31	1	1	2	996	1273	1857	2661	3588	4345	4814	4886	4779	4500	4193	3823	3513	3171	2906	2699	2577	2591	2726	3002	3259	3454	3533	3471	3304	3125	2908	2677	2498	2332	2204	2043	
52	8899	59.9	60.0	31	1	1	2	993	1269	1852	2708	3580	4381	4763	4878	4735	4522	4166	3836	3499	3139	2867	2651	2571	2600	2754	3000	3258	3463	3515	3452	3289	3150	2955	2721	2497	2349	2194	2045	
52	8961	95.1	95.1	32	1	0	2	902	1045	1340	1734	2241	2627	2872	2965	2936	2861	2688	2513	2370	2210	2068	1991	1978	2089	2264	2470	2701	2796	2893	2859	2759	2690	2460	2322	2192	2039	1929	1857	
52	8978	95.0	95.0	32	1	0	2	929	1050	1328	1707	2195	2631	2848	2939	2923	2852	2708	2525	2365	2217	2082	1992	1975	2072	2268	2458	2676	2826	2852	2835	2718	2628	2456	2308	2195	2040	1971	1830	
52	9041	59.9	60.1	32	1	1	2	991	1259	1861	2664	3570	4339	4741	4824	4721	4441	4187	3804	3474	3138	2875	2666	2584	2576	2750	2966	3242	3433	3537	3445	3290	3160	2920	2690	2491	2324	2206	2045	
52	9059	59.9	60.0	32	1	1	2	995	1286	1823	2661	3594	4368	4760	4836	4732	4451	4143	3800	3453	3186	2898	2695	2532	2576	2741	2974	3214	3438	3499	3477	3304	3138	2932	2702	2516	2334	2175	2053	
52	9076	60.0	60.0	32	1	1	2	1012	1265	1861	2663	3585	4380	4796	4888	4821	4550	4233	3865	3500	3195	2886	2683	2580	2587	2756	3003	3277	3471	3530	3468	3356	3193	2916	2732	2497	2345	2188	2031	
52	9093	60.0	60.0	32	1	1	2	1007	1278	1845	2689	3621	4396	4830	4896	4758	4497	4215	3836	3515	3175	2861	2662	2569	2596	2737	3036	3264	3465	3532	3429	3322	3195	2936	2706	2527	2342	2186	2073	
52	9110	60.0	60.0	32	1	1	2	996	1290	1864	2652	3591	4378	4785	4873	4719	4441	4216	3841	3476	3136	2872	2675	2555	2572	2741	3028	3237	3450	3539	3447	3309	3143	2892	2710	2500	2320	2198	2033	
52	9128	60.0	60.0	32	1	1	2	1013	1265	1866	2704	3589	4366	4790	4889	4753	4487	4189	3827	3472	3180	2921	2682	2544	2582	2739	2983	3219	3476	3549	3500	3306	3158	2931	2692	2494	2341	2168	2056	
52	9145	59.9	60.0	32	1	1	2	1003	1268	1834	2708	3578	4326	4750	4838	4740	4476	4191	3818	3470	3143	2874	2657	2558	2572	2755	2977	3233	3426	3502	3457	3284	3137	2924	2702	2498	2317	2202	2068	
52	9207	95.0	95.0	33	1	0	2	921	1040	1345	1756	2210	2636	2858	2991	2957	2826	2765	2536	2363	2202	2062	2003	2002	2083	2267	2448	2657	2839	2884	2839	2748	2640	2443	2309	2180	2058	1936	1838	
52	9225	95.0	95.0	33	1	0	2	918	1055	1329	1741	2218	2608	2858	2946	2971	2808	2721	2501	2371	2193	2037	2006	1982	2098	2249	2472	2664	2838	2871	2802	2727	2620	2460	2307	2146	2031	1910	1834	
52	9287	60.0	60.1	33	1	1	2	999	1262	1835	2668	3592	4318	4745	4839	4708	4454	4154	3784	3497	3141	2870	2640	2526	2581	2746	2968	3236	3453	3545	3448	3288	3159	2926	2704	2478	2292	2178	2055	
52	9305	59.9	60.0	33	1	1	2	1008	1266	1835	2653	3594	4353	4779	4855	4741	4517	4197	3816	3502	3178	2886	2675	2547	2558	2743	3005	3240	3426	3534	3451	3291	3125	2958	2690	2523	2330	2180	2048	
52	9322	59.9	60.0	33	1	1	2	1010	1277	1860	2697	3638	4373	4765	4931	4778	4515	4196	3853	3504	3208	2934	2711	2578	2590	2783	3017	3254	3508	3549	3455	3342	3160	2912	2730	2534	2337	2219	2079	
52	9339	59.9	60.0	33	1	1	2	1001	1252	1866	2684	3597	4366	4784	4859	4768	4533	4220	3839	3533	3155	2902	2686	2576	2616	2749	3001	3250	3430	3520	3488	3260	3186	2917	2731	2502	2341	2180	2036	
52	9356	59.9	60.0	33	1	1	2	1008	1286	1855	2667	3613	4395	4771	4878	4768	4518	4190	3855	3490	3163	2880	2655	2529	2583	2723	2989	3250	3449	3544	3437	3306	3157	2944	2723	2509	2299	2200	2065	
52	9374	60.0	60.0	33	1	1	2	1013	1260	1860	2649	3592	4339	4799	4851	4762	4492	4203	3812	3522	3185	2919	2658	2534	2584	2772	3001	3281	3416	3515	3442	3300	3148	2954	2694	2524	2321	2090	2065	
52	9391	59.9	60.0	33	1	1	2	1001	1263	1854	2688	3617	4357	4747	4851	4760	4482	4193	3832	3514	3132	2879	2666	2553	2605	2754	3009	3256	3439	3497	3475	3304	3150	2876	2674	2491	2329	2206	2066	
52	9454	95.0	95.0	34	1	0	2	912	1055	1326	1775	2221	2605	2889	3007	2990	2878	2752	2555	2399	2195	2075	2003	2004	2095	2277	2495	2661	2770	2884	2842	2724	2618	2496	2300	2164	2037	1933	1853	
52	9471	95.0	95.0	34	1	0	2	930	1048	1327	1731	2239	2592	2855	2953	2946	2850	2765	2545	2382	2217	2087	1991	1978	2061	2222	2472	2692	2828	2879	2835	2732	2629	2443	2312	2165	2022	1940	1835	
52	9533	59.9	60.1	34	1	1	2	1004	1242	1787	2663	3600	4355	4747	4832	4699	4478	4180	3785	3458	3106	2870	2648	2572	2587	2761	3007	3246	3445	3522	3458	3317	3157	2903	2698	2486	2339	2205	2056	
52	9551	60.0	60.0	34	1	1	2	1010	1255	1852	2679	3601	4345	4747	4878	4734	4482	4150	3857	3504	3137	2896	2674	2542	2608	2753	2984	3223	3455	3535	3473	3318	3128	2945	2711	2500	2357	2196	2050	
52	9568	60.0	60.0	34	1	1	2	1012	1263	1877	2694	3646	4381	4800	4915	4775	4549	4224	3846	3512	3190	2904	2680	2599	2593	2788	2981	3286	3460	3535	3455	3334	3161	2958	2733	2497	2335	2164	2049	
52	9585	59.9	60.0	34	1	1	2	1007	1272	1841	2690	3617	4392	4783	4887	4771	4530	4249	3838	3514	3150	2916	2657	2548	2575	2765	2994	3263	3452	3545	3456	3318	3143	2932	2707	2520	2353	2191	2032	
52	9602	60.0	60.0	34	1	1	2	976	1260	1852	2691	3647	4416	4770	4890	4791	4505	4156	3820	3498	3156	2887	2663	2570	2609	2753	2991	3240	3479	3530	3438	3301	3157	2939	2730	2498	2350	2185	2058	
52	9620	60.0	60.0	34	1	1	2	1006	1268	1863	2660	3611	4369	4767	4864	4728	4475	4161	3806	3525	3152	2848	2663	2575	2569	2749	3015	3249	3477	3501	3407	3315	3154	2907	2715	2527	2320	2185	2057	
52	9637	60.0	60.0	34	1	1	2	1004	1278	1849	2705	3636	4364	4752	4863	4767	4505	4196	3812	3524	3128	2869	2681	2539	2583	2728	2992	3278	3428	3528	3477	3307	3121	2926	2728	2501	2337	2184	2054	
52	9701	95.0	95.1	35	1	0	2	922	1032	1330	1742	2197	2634	2867	2991	2952	2870	2742	2532	2381	2214	2066	1998	1987	2076	2239	2455	2694	2805	2865	2837	2763	2648	2450	2318	2164	2033	1937	1823	
52	9719	95.0	95.0	35	1	1	2	940	1046	1332	1736	2192	2582	2832	2960	2939	2813	2723	2535	2397	2180	2075	1968	1982	2068	2256	2436	2662	2820	2880	2822	2708	2645	2437	2294	2168	2044	1928	1832	
52	9782	59.9	60.1	35	1	1	2	983	1265	1862	2693	3568	4317	4757	4833	4754	4502	4148	3788	3457	3149	2877	2646	2529	2595	2745	2989	3255	3415	3520	3455	3304	3150	2926	2692	2498	2360	2200	2035	
52	9799	60.0	60.0	35	1	1	2	996	1270	1845	2655	3583	4340	4801	4854	4718	4498	4167	3811	3461	3150	2879	2672	2568	2595	2755	2988	3255	3440	3520	3442	3332	3146	2921	2704	2505	2344	2189	2052	
52	9816	59.9	60.0	35	1	1	2	1020	1285	1832	2705	3596	4351	4818	4899	4768	4498	4194	3856	3511	3170	2901	2675	2558	2577	2765	3000	3250	3504	3517	3481	3319	3161	2911	2719	2546	2359	2177	2054	
52	9833	60.0	60.0	35	1	1	2	1000	1273	1849	2685	3601	4369	4747	4865	4746	4511	4191	3804	3490	3162	2894	2678	2549	2589	2747	2994	3234	3449	3504	3472	3339	3140	2905	2737	2530	2354	2191	2064	
52	9851	60.0	60.0	35	1	1	2	1009	1268	1864	2690	3622	4341	4799	4878	4713	4451	4172	3813	3497	3177	2871	2680	2569	2565	2751	2997	3283	3464	3517	3462	3288	3150	2926	2693	2496	2329	2180	2069	
52	9868	60.0	60.0	35	1	1	2	1001	1276	1848	2664	3581	4365	4724	4843	4748	4502	4180	3795	3451	3144	2906	2691	2585	2576	2743	2999	3219	3449	3548	3441	3330	3140	2908	2693	2502	2328	2173	2046	
52	9885	59.9	60.0	35	1	1	2	1006	1264	1878	2680	3607	4331	4781	4805	4787	4466	4167	3805	3507	3154	2880	2648	2581	2573	2741	2988	3248	3442	3505	3460	3311	3142	2941	2703	2500	2325	2192	2045	
52	9950	95.0	95.1	36	1	0	2	926	1048	1348	1728	2206	2630	2855	2951	2966	2823	2729	2551	2397	2192	2092	1992	1975	2024	2260	2457	2653	2830	2879	2830	2724	2645	2459	2303	2160	2049	1938	1835	
52	9967	95.0	95.0	36	1	0	2	924	1047	1319	1739	2193	2603	2829	2948	2920	2822	2714	2523	2385	2195	2065	2001	1985	2064	2251	2452	2711	2809	2877	2846	2733	2590	2432	2313	2174	2055	1941	1823	
52	10030	59.9	60.1	36	1	1	2	1001	1275	1838	2681	3558	4323	4736	4833	4680	4426	4195	3813	3486	3140	2893	2672	2543	2576	2745	2995	3225	3458	3521	3434	3286	3155	2917	2731	2493	2338	2189	2065	
52	10047	59.9	60.0	36	1	1	2	1005	1290	1861	2676	3610	4332	4756	4842	4736	4479	4182	3840	3495	3112	2872	2639	2543	2565	2712	2996	3284	3460	3516	3470	3308	3160	2915	2718	2492	2345	2167	2035	
52	10064	60.0	60.0	36	1	1	2	1015	1259	1841	2701	3602	4344	4758	4854	4757	4471	4205	3873	3533	3183	2879	2665	2566	2605	2751	2978	3259	3469	3531	3452	3293	3152	2892	2722	2497	2346	2160	2056	
52	10081	59.9	60.0	36	1	1	2	1011	1262	1883	2675	3625	4381	4797	4876	4781	4523	4190	3855	3482	3199	2904	2717	2534	2606	2760	3008	3240	3464	3529	3451	3328	3183	2922	2710	2508	2326	2208	2045	
52	10099	59.9	60.0	36	1	1	2	1013	1282	1854	2689	3630	4367	4775	4882	4756	4489	4193	3826	3497	3150	2884	2657	2576	2614	2816	2982	3223	3435	3527	3466	3332	3165	2902	2736	2505	2330	2182	2049	
52	10116	60.0	60.0	36	1	1	2	1002	1283	1847	2708	3601	4385	4793	4839	4744	4488	4170	3861	3480	3182	2870	2672	2569	2589	2739	2999	3241	3440	3539	3429	3316	3183	2926	2703	2486	2337	2215	2085	
52	10133	60.0	60.0	36	1	1	2	1012	1276	1867	2700	3600	4334	4784	4860	4807	4470	4179	3818	3481	3165	2889	2639	2563	2589	2728	3011	3285	3449	3521	3460	3309	3148	2911	2728	2502	2338	2208	2066	
52	10196	95.0	95.0	37	1	0	2	924	1076	1350	1734	2228	2632	2854	2987	2969	2837	2737	2557	2400	2178	2067	1980	1990	2082	2286	2488	2715	2891	2863	2829	2728	2659	2466	2333	2195	2053	1933	1849	
52	10213	95.0	95.0	37	1	0	2	925	1037	1319	1725	2185	2592	2850	2955	2902	2825	2710	2555	2385	2202	2084	1994	2000	2084	2235	2473	2696	2812	2853	2828	2746	2652	2480	2307	2146	2042	1929	1802	
52	10276	59.9	60.1	37	1	1	2	1012	1283	1853	2651	3576	4312	4761	4851	4740	4481	4200	3839	3491	3148	2882	2668	2563	2597	2768	3019	3264	3441	3518	3459	3320	3148	2923	2721	2528	2336	2169	2077	
52	10293	59.9	60.0	37	1	1	2	1013	1246	1854	2681	3589	4353	4774	4867	4741	4499	4157	3841	3484	3180	2881	2673	2557	2591	2717	2997	3257	3447	3530	3474	3320	3164	2908	2700	2523	2328	2188	2042	
52	10310	59.9	60.0	37	1	1	2	1004	1269	1849	2700	3633	4408	4851	4889	4809	4492	4246	3818	3514	3189	2928	2706	2580	2640	2766	3048	3252	3482	3519	3490	3326	3149	2960	2709	2514	2345	2184	2065	
52	10327	60.0	60.0	37	1	1	2	1004	1259	1848	2680	3597	4370	4800	4821	4757	4466	4193	3843	3507	3167	2884	2659	2576	2576	2736	2987	3255	3469	3505	3453	3290	3144	2914	2702	2501	2319	2205	2072	
52	10345	60.0	60.0	37	1	1	2	1008	1263	1832	2670	3608	4386	4720	4861	4772	4476	4168	3824	3481	3165	2910	2696	2568	2578	2742	3022	3234	3459	3506	3432	3326	3122	2933	2715	2515	2348	2193	2087	
52	10362	60.0	60.0	37	1	1	2	1012	1264	1850	2670	3606	4365	4734	4876	4764	4512	4175	3842	3506	3182	2832	2680	2562	2590	2752	3017	3272	3426	3508	3430	3296	3150	2889	2678	2495	2341	2209	2053	
52	10379	60.0	60.0	37	1	1	2	1001	1273	1883	2666	3573	4349	4774	4847	4747	4438	4186	3804	3505	3131	2956	2656	2530	2592	2751	3014	3247	3451	3518	3473	3334	3131	2954	2703	2472	2342	2195	2060	
52	10444	94.9	95.1	38	1	0	2	900	1049	1334	1757	2229	2597	2858	2936	2930	2877	2728	2517	2370	2191	2089	2003	1988	2073	2217	2475	2659	2814	2859	2847	2734	2597	2461	2301	2181	2051	1929	1812	
52	10461	95.0	95.0	38	1	1	2	923	1041	1328	1756	2185	2577	2852	2916	2936	2832	2701	2525	2357	2184	2058	2003	1976	2078	2236	2446	2691	2815	2879	2794	2738	2619	2454	2304	2166	2028	1931	1840	
52	10524	59.9	60.1	38	1	1	2	990	1264	1827	2661	3581	4338	4663	4852	4708	4463	4168	3799	3442	3147	2865	2652	2552	2596	2731	2983	3252	3454	3498	3439	3302	3153	2914	2681	2496	2306	2195	2028	
52	10541	60.0	60.0	38	1	1	2	1013	1284	1861	2696	3601	4350	4790	4837	4799	4499	4165	3806	3527	3151	2923	2643	2557	2591	2737	2978	3233	3496	3533	3456	3358	3138	2900	2714	2496	2330	2205	2061	
52	10558	59.9	60.0	38	1	1	2	993	1279	1870	2705	3604	4358	4803	4909	4807	4533	4222	3822	3548	3179	2890	2649	2562	2617	2766	3007	3262	3429	3551	3428	3337	3171	2949	2731	2537	2336	2195	2041	
52	10576	60.0	60.0	38	1	1	2	1007	1270	1868	2664	3610	4389	4799	4882	4786	4492	4182	3844	3541	3197	2920	2712	2540	2613	2777	2991	3275	3485	3520	3446	3288	3187	2900	2723	2501	2321	2194	2085	
52	10593	60.0	60.0	38	1	1	2	1006	1266	1850	2703	3585	4391	4828	4878	4761	4493	4201	3855	3520	3165	2885	2670	2550	2602	2749	2986	3248	3448	3536	3467	3318	3160	2975	2703	2512	2334	2195	2080	
52	10610	60.0	60.0	38	1	1	2	996	1262	1850	2670	3630	4363	4751	4841	4790	4448	4172	3810	3465	3166	2895	2663	2533	2566	2755	2982	3206	3449	3543	3483	3336	3161	2921	2699	2520	2354	2195	2054	
52	10627	60.0	60.0	38	1	1	2	1008	1255	1864	2641	3559	4349	4718	4840	4762	4441	4190	3837	3479	3153	2901	2632	2563	2563	2748	3001	3259	3432	3490	3426	3292	3149	2877	2679	2500	2327	2207	2072	
52	10692	95.0	95.1	39	1	0	2	908	1030	1326	1750	2220	2629	2867	2947	2975	2844	2708	2544	2394	2222	2071	2026	1998	2052	2275	2454	2677	2836	2894	2840	2754	2625	2453	2316	2161	2060	1917	1829	
52	10709	95.0	95.0	39	1	0	2	932	1040	1342	1731	2234	2618	2859	2956	2928	2846	2711	2532	2351	2190	2071	1983	1974	2094	2228	2468	2669	2827	2890	2842	2732	2630	2431	2310	2164	2045	1924	1830	
52	10772	60.0	60.1	39	1	1	2	1006	1253	1841	2636	3575	4338	4721	4835	4732	4452	4143	3808	3455	3170	2879	2656	2572	2572	2741	3006	3223	3431	3491	3441	3301	3177	2914	2703	2504	2341	2175	2053	
52	10789	59.9	60.0	39	1	1	2	1018	1265	1848	2668	3597	4350	4779	4890	4719	4468	4176	3798	3494	3116	2871	2665	2561	2581	2735	3012	3240	3415	3493	3492	3309	3131	2898	2680	2489	2345	2174	2089	
52	10806	59.9	60.0	39	1	1	2	985	1273	1865	2670	3640	4409	4752	4857	4769	4470	4191	3876	3508	3205	2880	2671	2567	2609	2748	2995	3261	3469	3548	3422	3306	3190	2935	2724	2531	2349	2184	2057	
52	10824	60.0	60.0	39	1	1	2	1011	1276	1847	2695	3628	4401	4783	4901	4746	4497	4169	3808	3545	3173	2887	2673	2554	2590	2779	2992	3269	3457	3518	3447	3304	3144	2919	2745	2484	2317	2179	2052	
52	10841	60.0	60.0	39	1	1	2	1001	1249	1864	2679	3648	4354	4765	4841	4775	4510	4193	3781	3486	3156	2897	2671	2551	2604	2758	2963	3224	3452	3501	3460	3279	3144	2931	2715	2504	2327	2207	2042	
52	10858	60.0	60.0	39	1	1	2	997	1259	1833	2664	3636	4366	4763	4892	4754	4501	4184	3806	3497	3155	2872	2645	2550	2565	2744	3026	3254	3455	3516	3490	3316	3135	2926	2720	2489	2329	2181	2042	
52	10875	59.9	60.0	39	1	1	2	1016	1255	1851	2709	3612	4377	4764	4884	4755	4460	4221	3843	3463	3168	2876	2672	2570	2568	2730	2983	3262	3444	3498	3477	3329	3138	2921	2683	2481	2310	2175	2041	
52	10938	95.0	95.0	40	1	0	2	921	1046	1336	1762	2201	2629	2873	2967	2943	2849	2714	2520	2379	2196	2059	1990	1997	2073	2238	2468	2654	2860	2868	2841	2728	2636	2467	2299	2182	2030	1942	1839	
52	10955	95.0	95.0	40	1	0	2	907	1061	1338	1726	2197	2570	2870	2982	2923	2843	2693	2526	2363	2199	2087	2000	1965	2086	2236	2493	2682	2834	2883	2818	2718	2655	2467	2342	2162	2028	1932	1845	
52	11018	59.9	60.1	40	1	1	2	1006	1265	1843	2689	3604	4372	4740	4863	4729	4498	4186	3836	3477	3171	2886	2659	2554	2585	2757	2988	3255	3432	3518	3463	3324	3162	2924	2684	2519	2336	2206	2079	
52	11035	59.9	60.0	40	1	1	2	1007	1265	1851	2680	3598	4368	4773	4898	4731	4489	4228	3862	3489	3146	2873	2661	2489	2622	2740	3005	3238	3479	3522	3431	3344	3161	2936	2712	2489	2350	2184	2067	
52	11053	59.9	60.0	40	1	1	2	992	1267	1850	2694	3637	4333	4784	4863	4752	4520	4191	3842	3514	3184	2908	2690	2593	2546	2740	3013	3276	3495	3506	3465	3328	3189	2974	2752	2533	2360	2180	2057	
52	11070	59.9	60.0	40	1	1	2	1011	1269	1845	2678	3663	4373	4802	4871	4788	4467	4180	3827	3500	3184	2894	2692	2558	2589	2741	2997	3288	3473	3544	3474	3303	3139	2907	2730	2503	2321	2184	2066	
52	11087	60.0	60.0	40	1	1	2	1000	1272	1858	2657	3628	4353	4778	4865	4813	4471	4214	3811	3478	3174	2892	2682	2571	2588	2735	3020	3244	3446	3515	3466	3310	3161	2916	2733	2526	2335	2188	2066	
52	11104	60.0	60.0	40	1	1	2	994	1262	1859	2679	3608	4340	4777	4897	4754	4460	4209	3880	3544	3149	2873	2699	2569	2591	2782	3001	3266	3461	3520	3470	3324	3156	2931	2709	2500	2341	2189	2052	
52	11122	60.0	60.0	40	1	1	2	996	1256	1888	2674	3588	4379	4781	4831	4721	4477	4170	3801	3477	3171	2873	2665	2573	2560	2753	2998	3259	3394	3490	3432	3282	3180	2914	2720	2481	2332	2161	2064	
